#
1 1 -0.146667
2 2 -0.173333
3 3 0.066667
4 4 -0.013333
5 5 0.066667
6 6 -0.066667
7 7 0.200000
8 8 0.120000
9 9 0.200000
10 10 0.120000
11 11 0.120000
12 12 0.040000
13 13 -0.066667
14 14 -0.200000
15 15 -0.173333
16 16 0.146667
17 17 -0.066667
18 18 0.200000
19 19 -0.120000
20 20 -0.093333
21 21 -0.093333
22 22 -0.093333
23 23 -0.013333
24 24 0.120000
25 25 0.120000
26 26 0.173333
27 27 -0.013333
28 28 0.093333
29 29 -0.093333
30 30 -0.173333
31 31 -0.146667
32 32 -0.200000
33 33 -0.040000
34 34 -0.173333
35 35 0.040000
36 36 -0.013333
37 37 -0.040000
38 38 0.013333
39 39 -0.093333
40 40 -0.173333
41 41 -0.120000
42 42 -0.013333
43 43 -0.013333
44 44 0.040000
45 45 -0.146667
46 46 -0.146667
47 47 -0.200000
48 48 -0.120000
49 49 -0.120000
50 50 0.146667
51 51 0.093333
52 52 0.146667
53 53 -0.013333
54 54 0.146667
55 55 -0.066667
56 56 0.146667
57 57 -0.040000
58 58 -0.013333
59 59 0.040000
60 60 0.093333
61 61 0.040000
62 62 0.093333
63 63 0.066667
64 64 0.173333
65 65 -0.093333
66 66 -0.066667
67 67 -0.093333
68 68 -0.040000
69 69 0.093333
70 70 0.093333
71 71 -0.200000
72 72 -0.040000
73 73 0.200000
74 74 0.013333
75 75 0.040000
76 76 -0.146667
77 77 0.040000
78 78 0.066667
79 79 0.013333
80 80 0.040000
81 81 -0.173333
82 82 0.040000
83 83 -0.013333
84 84 -0.066667
85 85 -0.013333
86 86 -0.040000
87 87 -0.066667
88 88 0.200000
89 89 0.146667
90 90 -0.173333
91 91 -0.120000
92 92 -0.173333
93 93 -0.066667
94 94 0.173333
95 95 0.173333
96 96 -0.146667
97 97 0.120000
98 98 0.200000
99 99 -0.200000
100 100 -0.173333
101 101 0.200000
102 102 -0.146667
103 103 0.200000
104 104 0.093333
105 105 -0.066667
106 106 0.040000
107 107 0.040000
108 108 -0.066667
109 109 0.120000
110 110 -0.120000
111 111 -0.120000
112 112 0.173333
113 113 -0.173333
114 114 0.013333
115 115 0.120000
116 116 0.146667
117 117 -0.146667
118 118 -0.146667
119 119 0.120000
120 120 -0.173333
121 121 -0.066667
122 122 0.146667
123 123 -0.013333
124 124 -0.013333
125 125 0.200000
126 126 -0.120000
127 127 -0.173333
128 128 -0.040000
1 5 0.333333
1 6 1.000000
1 7 0.333333
1 8 1.000000
1 33 0.333333
2 5 0.466667
2 6 0.466667
2 7 -0.466667
2 8 0.200000
2 34 -0.466667
3 5 -0.333333
3 6 2.333333
3 7 -0.466667
3 8 -0.200000
3 35 1.000000
4 5 0.333333
4 6 0.333333
4 7 -0.466667
4 8 0.466667
4 36 -0.066667
5 13 1.000000
6 14 0.600000
7 15 -0.733333
8 16 -0.333333
9 13 -0.466667
9 14 -0.200000
9 15 0.066667
9 16 0.066667
9 41 -1.000000
10 13 -0.466667
10 14 -0.066667
10 15 3.000000
10 16 -0.733333
10 42 0.866667
11 13 1.000000
11 14 0.600000
11 15 -4.333333
11 16 1.000000
11 43 0.600000
12 13 1.000000
12 14 0.600000
12 15 0.066667
12 16 1.000000
12 44 -0.600000
13 21 0.600000
14 22 -0.866667
15 23 -0.466667
16 24 -0.866667
17 21 3.666667
17 22 -0.200000
17 23 -0.866667
17 24 0.066667
17 49 0.466667
18 21 0.066667
18 22 -0.200000
18 23 -0.066667
18 24 0.466667
18 50 -0.200000
19 21 1.000000
19 22 -0.866667
19 23 -0.600000
19 24 -0.066667
19 51 0.866667
20 21 0.600000
20 22 -0.333333
20 23 0.066667
20 24 -0.466667
20 52 -0.600000
21 29 -0.733333
22 30 0.466667
23 31 -0.200000
24 32 -0.600000
25 29 3.000000
25 30 0.866667
25 31 0.333333
25 32 -3.666667
25 57 -0.600000
26 29 0.200000
26 30 0.333333
26 31 -5.000000
26 32 2.333333
26 58 -4.333333
27 29 -0.600000
27 30 -0.333333
27 31 -0.066667
27 32 0.466667
27 59 -2.333333
28 29 3.666667
28 30 0.466667
28 31 0.066667
28 32 -0.866667
28 60 0.600000
33 37 -0.733333
33 38 0.200000
33 39 -0.866667
33 40 -0.200000
33 65 -0.733333
34 37 -4.333333
34 38 1.000000
34 39 -1.000000
34 40 1.666667
34 66 1.000000
35 37 -0.600000
35 38 4.333333
35 39 -0.466667
35 40 -0.333333
35 67 -0.333333
36 37 0.200000
36 38 0.733333
36 39 -0.866667
36 40 0.066667
36 68 0.600000
37 45 -0.866667
38 46 -0.733333
39 47 -0.866667
40 48 0.600000
41 45 -0.200000
41 46 0.466667
41 47 0.333333
41 48 0.066667
41 73 -0.466667
42 45 -0.200000
42 46 0.733333
42 47 -0.333333
42 48 0.333333
42 74 0.600000
43 45 0.066667
43 46 0.733333
43 47 -0.200000
43 48 0.200000
43 75 1.000000
44 45 -0.600000
44 46 0.200000
44 47 4.333333
44 48 -3.666667
44 76 0.200000
45 53 -0.600000
46 54 -0.333333
47 55 0.066667
48 56 -0.866667
49 53 0.200000
49 54 -0.466667
49 55 -0.866667
49 56 -0.333333
49 81 -0.733333
50 53 0.600000
50 54 0.066667
50 55 5.000000
50 56 0.333333
50 82 -0.866667
51 53 0.600000
51 54 -0.600000
51 55 0.866667
51 56 0.200000
51 83 1.000000
52 53 -0.866667
52 54 -0.200000
52 55 0.200000
52 56 0.466667
52 84 -0.733333
53 61 -0.466667
54 62 -0.733333
55 63 -0.733333
56 64 -1.000000
57 61 -1.000000
57 62 0.333333
57 63 0.066667
57 64 0.466667
57 89 0.600000
58 61 1.666667
58 62 -0.466667
58 63 -1.666667
58 64 -0.600000
58 90 -0.866667
59 61 0.733333
59 62 0.066667
59 63 -0.066667
59 64 -0.066667
59 91 0.600000
60 61 0.466667
60 62 0.200000
60 63 -0.600000
60 64 -0.866667
60 92 -0.333333
65 69 -0.866667
65 70 -0.466667
65 71 -2.333333
65 72 -0.733333
65 97 0.733333
66 69 -0.866667
66 70 0.733333
66 71 -0.200000
66 72 0.466667
66 98 -0.466667
67 69 -0.466667
67 70 -0.600000
67 71 -0.333333
67 72 -0.466667
67 99 0.333333
68 69 0.866667
68 70 -0.466667
68 71 0.200000
68 72 1.000000
68 100 3.000000
69 77 0.600000
70 78 -0.333333
71 79 0.333333
72 80 -0.866667
73 77 -1.000000
73 78 0.333333
73 79 0.866667
73 80 -0.733333
73 105 0.866667
74 77 -1.000000
74 78 -0.466667
74 79 -0.866667
74 80 -0.066667
74 106 0.733333
75 77 -0.600000
75 78 -4.333333
75 79 -0.066667
75 80 -0.733333
75 107 -0.333333
76 77 -0.066667
76 78 0.733333
76 79 -0.066667
76 80 -3.000000
76 108 0.733333
77 85 0.066667
78 86 -1.000000
79 87 -0.466667
80 88 -0.600000
81 85 0.600000
81 86 0.066667
81 87 -2.333333
81 88 -0.333333
81 113 0.066667
82 85 -1.000000
82 86 0.333333
82 87 0.466667
82 88 -0.600000
82 114 -4.333333
83 85 -0.733333
83 86 -0.200000
83 87 0.600000
83 88 -0.333333
83 115 0.066667
84 85 0.066667
84 86 -5.000000
84 87 -0.200000
84 88 0.333333
84 116 -0.066667
85 93 -0.466667
86 94 -1.000000
87 95 0.333333
88 96 -1.000000
89 93 0.200000
89 94 1.000000
89 95 0.600000
89 96 -1.000000
89 121 0.200000
90 93 0.066667
90 94 -0.733333
90 95 -0.600000
90 96 -0.600000
90 122 -1.000000
91 93 -1.000000
91 94 0.066667
91 95 -0.466667
91 96 -0.333333
91 123 1.000000
92 93 -0.600000
92 94 -3.666667
92 95 0.066667
92 96 0.866667
92 124 0.333333
97 101 0.200000
97 102 -0.466667
97 103 0.866667
97 104 -0.600000
98 101 -0.600000
98 102 0.066667
98 103 0.600000
98 104 -0.200000
99 101 0.733333
99 102 0.600000
99 103 0.066667
99 104 -0.333333
100 101 0.466667
100 102 4.333333
100 103 -0.466667
100 104 0.600000
101 109 0.333333
102 110 0.733333
103 111 0.200000
104 112 0.066667
105 109 0.866667
105 110 -0.866667
105 111 -1.000000
105 112 0.600000
106 109 -1.000000
106 110 0.066667
106 111 0.066667
106 112 0.866667
107 109 -0.600000
107 110 0.600000
107 111 0.866667
107 112 0.733333
108 109 -0.066667
108 110 -0.333333
108 111 -0.333333
108 112 -0.733333
109 117 -0.866667
110 118 0.466667
111 119 -0.333333
112 120 0.600000
113 117 1.000000
113 118 -0.333333
113 119 1.666667
113 120 0.200000
114 117 -0.733333
114 118 -0.066667
114 119 5.000000
114 120 0.733333
115 117 0.333333
115 118 -0.200000
115 119 0.600000
115 120 0.066667
116 117 0.466667
116 118 -0.333333
116 119 0.733333
116 120 -2.333333
117 125 -0.866667
118 126 -0.733333
119 127 1.000000
120 128 0.200000
121 125 -0.066667
121 126 -0.866667
121 127 1.000000
121 128 0.333333
122 125 -0.466667
122 126 1.000000
122 127 0.466667
122 128 -1.000000
123 125 -0.466667
123 126 -3.000000
123 127 -0.866667
123 128 0.733333
124 125 0.733333
124 126 0.333333
124 127 0.466667
124 128 -3.666667