#
1 1 -0.040000
2 2 0.120000
3 3 0.173333
4 4 -0.013333
5 5 -0.040000
6 6 -0.146667
7 7 -0.093333
8 8 -0.013333
9 9 -0.146667
10 10 -0.200000
11 11 0.040000
12 12 0.093333
13 13 -0.066667
14 14 -0.013333
15 15 -0.040000
16 16 -0.120000
17 17 0.173333
18 18 -0.146667
19 19 0.093333
20 20 0.066667
21 21 0.013333
22 22 0.146667
23 23 -0.093333
24 24 -0.013333
25 25 -0.013333
26 26 -0.013333
27 27 -0.120000
28 28 -0.040000
29 29 -0.066667
30 30 -0.066667
31 31 0.200000
32 32 0.040000
33 33 0.146667
34 34 0.066667
35 35 -0.173333
36 36 -0.040000
37 37 -0.200000
38 38 0.173333
39 39 0.066667
40 40 -0.066667
41 41 0.120000
42 42 0.093333
43 43 0.093333
44 44 0.173333
45 45 0.013333
46 46 -0.173333
47 47 -0.146667
48 48 -0.013333
49 49 -0.173333
50 50 0.040000
51 51 -0.120000
52 52 -0.173333
53 53 0.093333
54 54 -0.173333
55 55 -0.173333
56 56 -0.040000
57 57 -0.173333
58 58 0.146667
59 59 0.013333
60 60 -0.146667
61 61 0.146667
62 62 0.200000
63 63 -0.200000
64 64 -0.200000
65 65 0.173333
66 66 -0.146667
67 67 -0.173333
68 68 0.200000
69 69 -0.040000
70 70 0.120000
71 71 -0.040000
72 72 0.093333
73 73 0.200000
74 74 0.200000
75 75 0.146667
76 76 0.093333
77 77 0.173333
78 78 0.200000
79 79 -0.200000
80 80 -0.200000
81 81 -0.120000
82 82 0.013333
83 83 -0.093333
84 84 0.173333
85 85 0.093333
86 86 0.013333
87 87 0.066667
88 88 -0.146667
89 89 -0.013333
90 90 0.120000
91 91 0.040000
92 92 0.173333
93 93 -0.120000
94 94 -0.040000
95 95 -0.200000
96 96 -0.066667
97 97 0.173333
98 98 -0.013333
99 99 0.040000
100 100 0.146667
101 101 -0.093333
102 102 0.093333
103 103 -0.200000
104 104 -0.040000
105 105 -0.093333
106 106 -0.120000
107 107 -0.040000
108 108 -0.013333
109 109 -0.200000
110 110 -0.040000
111 111 0.013333
112 112 -0.093333
113 113 0.066667
114 114 -0.200000
115 115 -0.040000
116 116 0.066667
117 117 -0.040000
118 118 -0.040000
119 119 0.200000
120 120 0.200000
121 121 -0.120000
122 122 -0.066667
123 123 -0.040000
124 124 0.040000
125 125 -0.173333
126 126 -0.066667
127 127 0.120000
128 128 -0.200000
1 5 -0.466667
1 6 0.866667
1 7 0.733333
1 8 0.733333
1 33 -0.200000
2 5 0.333333
2 6 -0.066667
2 7 0.866667
2 8 1.000000
2 34 -0.200000
3 5 -0.733333
3 6 -0.866667
3 7 -0.733333
3 8 -0.200000
3 35 -0.733333
4 5 -0.600000
4 6 -4.333333
4 7 -2.333333
4 8 -0.600000
4 36 -0.333333
5 13 0.866667
6 14 -0.333333
7 15 0.733333
8 16 -0.333333
9 13 0.333333
9 14 0.200000
9 15 0.866667
9 16 -0.200000
9 41 0.600000
10 13 0.733333
10 14 -0.866667
10 15 2.333333
10 16 -0.600000
10 42 0.600000
11 13 -0.466667
11 14 0.866667
11 15 3.666667
11 16 -0.866667
11 43 -1.000000
12 13 0.466667
12 14 -0.600000
12 15 0.466667
12 16 0.866667
12 44 4.333333
13 21 -0.466667
14 22 -0.200000
15 23 -0.733333
16 24 -3.000000
17 21 3.666667
17 22 0.466667
17 23 -1.000000
17 24 0.333333
17 49 0.866667
18 21 0.333333
18 22 -0.066667
18 23 -0.200000
18 24 -0.466667
18 50 -0.200000
19 21 4.333333
19 22 2.333333
19 23 -0.200000
19 24 1.000000
19 51 -0.600000
20 21 -0.066667
20 22 -0.200000
20 23 -0.333333
20 24 0.333333
20 52 0.600000
21 29 -0.733333
22 30 -5.000000
23 31 0.200000
24 32 -0.066667
25 29 -0.200000
25 30 -3.666667
25 31 0.733333
25 32 -0.066667
25 57 -1.000000
26 29 1.000000
26 30 -0.600000
26 31 1.000000
26 32 0.866667
26 58 0.333333
27 29 0.200000
27 30 0.466667
27 31 0.200000
27 32 -1.000000
27 59 -0.600000
28 29 0.600000
28 30 -0.066667
28 31 0.866667
28 32 0.066667
28 60 0.333333
33 37 1.000000
33 38 0.066667
33 39 -0.333333
33 40 -0.333333
33 65 0.200000
34 37 0.733333
34 38 0.200000
34 39 0.733333
34 40 0.733333
34 66 -0.866667
35 37 -0.733333
35 38 0.600000
35 39 2.333333
35 40 -0.066667
35 67 -0.333333
36 37 0.333333
36 38 0.866667
36 39 -0.600000
36 40 -0.066667
36 68 -0.600000
37 45 -0.200000
38 46 0.466667
39 47 -0.733333
40 48 -0.200000
41 45 0.866667
41 46 -1.000000
41 47 -1.000000
41 48 -0.600000
41 73 0.866667
42 45 -0.333333
42 46 3.666667
42 47 0.866667
42 48 -0.866667
42 74 0.866667
43 45 0.333333
43 46 0.200000
43 47 0.200000
43 48 0.600000
43 75 -0.733333
44 45 -1.000000
44 46 -0.866667
44 47 -0.866667
44 48 -0.600000
44 76 -0.600000
45 53 0.066667
46 54 0.066667
47 55 -0.066667
48 56 2.333333
49 53 0.600000
49 54 0.066667
49 55 -0.600000
49 56 -0.333333
49 81 -0.466667
50 53 -0.866667
50 54 -0.733333
50 55 -1.000000
50 56 0.466667
50 82 -1.000000
51 53 -2.333333
51 54 -0.733333
51 55 1.000000
51 56 -1.000000
51 83 -1.000000
52 53 0.066667
52 54 -0.733333
52 55 1.000000
52 56 1.000000
52 84 -0.333333
53 61 0.466667
54 62 0.066667
55 63 -0.200000
56 64 0.466667
57 61 0.600000
57 62 -0.733333
57 63 0.333333
57 64 -0.333333
57 89 -1.000000
58 61 0.600000
58 62 1.666667
58 63 0.333333
58 64 -0.733333
58 90 -1.000000
59 61 -0.333333
59 62 -0.066667
59 63 -0.733333
59 64 0.866667
59 91 0.866667
60 61 -0.866667
60 62 0.600000
60 63 -0.200000
60 64 -0.333333
60 92 -3.666667
65 69 0.333333
65 70 -1.000000
65 71 0.600000
65 72 -0.200000
65 97 4.333333
66 69 0.466667
66 70 0.200000
66 71 0.333333
66 72 -0.333333
66 98 0.866667
67 69 0.333333
67 70 0.466667
67 71 -1.000000
67 72 -0.866667
67 99 0.200000
68 69 -0.333333
68 70 0.466667
68 71 -0.733333
68 72 -0.733333
68 100 0.200000
69 77 0.200000
70 78 -0.200000
71 79 0.600000
72 80 0.200000
73 77 0.466667
73 78 -1.000000
73 79 0.866667
73 80 0.066667
73 105 -0.733333
74 77 -0.733333
74 78 -0.466667
74 79 -0.200000
74 80 -0.866667
74 106 0.866667
75 77 0.333333
75 78 -4.333333
75 79 -0.866667
75 80 -0.866667
75 107 -0.333333
76 77 1.000000
76 78 0.466667
76 79 4.333333
76 80 0.066667
76 108 4.333333
77 85 -0.733333
78 86 -0.600000
79 87 0.600000
80 88 0.600000
81 85 -0.066667
81 86 -0.466667
81 87 -0.600000
81 88 -0.733333
81 113 0.866667
82 85 -0.333333
82 86 -0.733333
82 87 0.333333
82 88 0.600000
82 114 -0.466667
83 85 -0.200000
83 86 0.600000
83 87 0.600000
83 88 0.866667
83 115 -1.000000
84 85 0.333333
84 86 0.866667
84 87 0.200000
84 88 0.733333
84 116 5.000000
85 93 0.600000
86 94 -0.066667
87 95 0.866667
88 96 0.466667
89 93 0.733333
89 94 1.000000
89 95 0.466667
89 96 0.066667
89 121 0.066667
90 93 -3.666667
90 94 -0.200000
90 95 0.333333
90 96 0.600000
90 122 0.466667
91 93 0.466667
91 94 -0.200000
91 95 0.600000
91 96 -0.733333
91 123 -1.000000
92 93 0.866667
92 94 1.000000
92 95 -0.866667
92 96 -2.333333
92 124 -1.000000
97 101 -0.333333
97 102 0.733333
97 103 1.000000
97 104 0.333333
98 101 0.066667
98 102 0.200000
98 103 -1.000000
98 104 -0.466667
99 101 0.600000
99 102 1.000000
99 103 0.466667
99 104 -1.000000
100 101 2.333333
100 102 0.333333
100 103 -0.466667
100 104 -0.200000
101 109 -0.733333
102 110 0.733333
103 111 -1.000000
104 112 -0.600000
105 109 -0.600000
105 110 0.600000
105 111 -0.866667
105 112 3.000000
106 109 0.733333
106 110 -0.066667
106 111 -0.866667
106 112 1.000000
107 109 -0.200000
107 110 -0.466667
107 111 0.066667
107 112 0.333333
108 109 -0.866667
108 110 -0.333333
108 111 5.000000
108 112 -5.000000
109 117 -1.000000
110 118 -0.466667
111 119 0.200000
112 120 -0.600000
113 117 0.733333
113 118 0.866667
113 119 -0.333333
113 120 -0.600000
114 117 -0.200000
114 118 -0.600000
114 119 -4.333333
114 120 0.866667
115 117 0.333333
115 118 -0.733333
115 119 -0.466667
115 120 -0.600000
116 117 -1.000000
116 118 0.333333
116 119 0.600000
116 120 -0.200000
117 125 0.600000
118 126 0.733333
119 127 -2.333333
120 128 0.733333
121 125 0.866667
121 126 -5.000000
121 127 -0.600000
121 128 0.600000
122 125 0.066667
122 126 0.066667
122 127 0.066667
122 128 0.866667
123 125 0.600000
123 126 -0.466667
123 127 3.000000
123 128 0.466667
124 125 -0.066667
124 126 0.200000
124 127 -0.333333
124 128 -0.866667