#
1 1 -0.200000
2 2 0.146667
3 3 -0.066667
4 4 -0.093333
5 5 0.200000
6 6 -0.120000
7 7 -0.013333
8 8 -0.120000
9 9 0.120000
10 10 -0.146667
11 11 -0.173333
12 12 0.013333
13 13 -0.146667
14 14 0.173333
15 15 0.066667
16 16 0.120000
17 17 0.120000
18 18 0.200000
19 19 -0.146667
20 20 -0.040000
21 21 -0.040000
22 22 0.013333
23 23 -0.013333
24 24 -0.120000
25 25 0.146667
26 26 0.040000
27 27 -0.093333
28 28 -0.066667
29 29 -0.093333
30 30 -0.066667
31 31 -0.173333
32 32 -0.066667
33 33 -0.093333
34 34 -0.013333
35 35 -0.173333
36 36 -0.066667
37 37 -0.093333
38 38 -0.173333
39 39 0.146667
40 40 0.120000
41 41 0.093333
42 42 -0.066667
43 43 -0.173333
44 44 0.173333
45 45 -0.146667
46 46 0.093333
47 47 -0.200000
48 48 -0.093333
49 49 -0.173333
50 50 0.146667
51 51 -0.173333
52 52 -0.066667
53 53 -0.066667
54 54 0.146667
55 55 0.013333
56 56 -0.120000
57 57 0.120000
58 58 0.146667
59 59 -0.200000
60 60 -0.200000
61 61 -0.200000
62 62 -0.173333
63 63 -0.013333
64 64 0.013333
65 65 0.093333
66 66 0.040000
67 67 -0.066667
68 68 -0.040000
69 69 0.013333
70 70 0.093333
71 71 -0.013333
72 72 0.173333
73 73 0.066667
74 74 0.200000
75 75 0.013333
76 76 -0.093333
77 77 0.120000
78 78 -0.146667
79 79 0.200000
80 80 -0.040000
81 81 0.200000
82 82 -0.066667
83 83 -0.120000
84 84 0.013333
85 85 -0.040000
86 86 0.066667
87 87 -0.120000
88 88 -0.200000
89 89 -0.120000
90 90 0.173333
91 91 0.120000
92 92 0.146667
93 93 0.200000
94 94 0.173333
95 95 -0.120000
96 96 -0.200000
97 97 -0.066667
98 98 -0.120000
99 99 0.173333
100 100 0.173333
101 101 -0.040000
102 102 0.013333
103 103 0.173333
104 104 0.093333
105 105 0.093333
106 106 0.040000
107 107 0.200000
108 108 0.013333
109 109 0.093333
110 110 0.040000
111 111 0.066667
112 112 -0.040000
113 113 -0.040000
114 114 0.066667
115 115 -0.066667
116 116 -0.173333
117 117 -0.013333
118 118 -0.066667
119 119 0.120000
120 120 -0.146667
121 121 0.120000
122 122 0.146667
123 123 0.146667
124 124 -0.146667
125 125 -0.120000
126 126 -0.013333
127 127 0.066667
128 128 0.120000
1 5 0.200000
1 6 -0.066667
1 7 0.200000
1 8 -0.866667
1 33 -3.000000
2 5 1.000000
2 6 0.733333
2 7 -1.666667
2 8 -0.733333
2 34 -0.733333
3 5 -3.666667
3 6 0.066667
3 7 0.733333
3 8 0.466667
3 35 -0.733333
4 5 -0.866667
4 6 0.600000
4 7 0.066667
4 8 0.333333
4 36 1.666667
5 13 0.600000
6 14 -0.733333
7 15 -0.733333
8 16 -0.733333
9 13 -1.000000
9 14 1.000000
9 15 -0.333333
9 16 -0.600000
9 41 2.333333
10 13 -0.600000
10 14 -0.333333
10 15 -0.066667
10 16 -3.000000
10 42 -0.200000
11 13 -0.600000
11 14 0.066667
11 15 0.066667
11 16 0.866667
11 43 1.000000
12 13 -0.200000
12 14 0.200000
12 15 -4.333333
12 16 -0.866667
12 44 -0.066667
13 21 -2.333333
14 22 0.066667
15 23 0.333333
16 24 0.333333
17 21 0.600000
17 22 -0.733333
17 23 -0.200000
17 24 0.466667
17 49 0.200000
18 21 -0.733333
18 22 -0.333333
18 23 -0.733333
18 24 0.333333
18 50 0.200000
19 21 -0.600000
19 22 -0.333333
19 23 0.600000
19 24 -0.066667
19 51 0.333333
20 21 -1.000000
20 22 -3.000000
20 23 -0.333333
20 24 4.333333
20 52 0.866667
21 29 0.866667
22 30 0.333333
23 31 0.333333
24 32 -4.333333
25 29 -0.333333
25 30 -0.733333
25 31 0.066667
25 32 -1.000000
25 57 -1.000000
26 29 0.200000
26 30 -0.200000
26 31 -0.333333
26 32 0.066667
26 58 1.000000
27 29 -0.866667
27 30 0.733333
27 31 0.333333
27 32 0.600000
27 59 0.200000
28 29 -0.866667
28 30 -0.600000
28 31 1.000000
28 32 5.000000
28 60 0.200000
33 37 -0.866667
33 38 0.200000
33 39 -0.333333
33 40 1.000000
33 65 0.600000
34 37 -0.066667
34 38 0.600000
34 39 0.466667
34 40 1.000000
34 66 -0.866667
35 37 -0.733333
35 38 5.000000
35 39 -0.200000
35 40 0.600000
35 67 -3.666667
36 37 0.333333
36 38 -0.466667
36 39 -0.200000
36 40 0.333333
36 68 -0.600000
37 45 0.066667
38 46 2.333333
39 47 -0.466667
40 48 1.000000
41 45 1.000000
41 46 -0.866667
41 47 -0.066667
41 48 -0.333333
41 73 -3.000000
42 45 -0.466667
42 46 -0.333333
42 47 -0.866667
42 48 -0.866667
42 74 -0.733333
43 45 0.066667
43 46 1.666667
43 47 -0.333333
43 48 0.066667
43 75 3.666667
44 45 0.866667
44 46 -0.866667
44 47 -0.733333
44 48 0.866667
44 76 -0.866667
45 53 -0.333333
46 54 -0.733333
47 55 0.066667
48 56 -0.200000
49 53 0.066667
49 54 -0.733333
49 55 -0.733333
49 56 -0.333333
49 81 0.333333
50 53 0.066667
50 54 -0.866667
50 55 -1.000000
50 56 0.466667
50 82 -0.066667
51 53 -4.333333
51 54 0.466667
51 55 -0.200000
51 56 0.466667
51 83 0.866667
52 53 -1.000000
52 54 -0.333333
52 55 0.333333
52 56 0.866667
52 84 0.333333
53 61 0.200000
54 62 -0.333333
55 63 -0.466667
56 64 0.200000
57 61 0.733333
57 62 0.200000
57 63 0.733333
57 64 1.000000
57 89 0.600000
58 61 -0.733333
58 62 -0.466667
58 63 -0.733333
58 64 0.733333
58 90 1.000000
59 61 0.600000
59 62 0.066667
59 63 -0.333333
59 64 -1.000000
59 91 0.333333
60 61 -0.866667
60 62 0.600000
60 63 -0.333333
60 64 -0.066667
60 92 0.200000
65 69 -0.200000
65 70 0.333333
65 71 -0.733333
65 72 0.866667
65 97 -0.466667
66 69 0.733333
66 70 -0.333333
66 71 0.333333
66 72 -0.733333
66 98 -1.000000
67 69 -0.200000
67 70 -0.733333
67 71 -0.733333
67 72 4.333333
67 99 -0.066667
68 69 0.866667
68 70 -0.733333
68 71 1.000000
68 72 1.000000
68 100 -4.333333
69 77 0.200000
70 78 0.066667
71 79 -1.000000
72 80 -0.333333
73 77 -0.866667
73 78 1.000000
73 79 -0.333333
73 80 -0.733333
73 105 1.000000
74 77 -0.066667
74 78 3.000000
74 79 -0.333333
74 80 0.866667
74 106 -0.866667
75 77 0.466667
75 78 -0.333333
75 79 -0.866667
75 80 0.466667
75 107 -0.066667
76 77 0.600000
76 78 -0.466667
76 79 -0.066667
76 80 -0.866667
76 108 0.466667
77 85 -0.466667
78 86 0.066667
79 87 4.333333
80 88 0.600000
81 85 -0.200000
81 86 -0.200000
81 87 1.000000
81 88 0.066667
81 113 -1.000000
82 85 0.066667
82 86 -0.600000
82 87 0.733333
82 88 -0.466667
82 114 -0.600000
83 85 -0.066667
83 86 0.333333
83 87 -0.333333
83 88 0.600000
83 115 -2.333333
84 85 -1.000000
84 86 -0.866667
84 87 0.333333
84 88 0.066667
84 116 -0.466667
85 93 -0.733333
86 94 -0.866667
87 95 0.600000
88 96 1.000000
89 93 0.333333
89 94 -0.200000
89 95 0.333333
89 96 -0.733333
89 121 0.466667
90 93 0.466667
90 94 -0.200000
90 95 -0.066667
90 96 1.000000
90 122 -0.466667
91 93 1.000000
91 94 -0.600000
91 95 -0.866667
91 96 -0.200000
91 123 -0.866667
92 93 -0.466667
92 94 -0.066667
92 95 -0.200000
92 96 -3.666667
92 124 -0.866667
97 101 3.666667
97 102 -1.000000
97 103 0.333333
97 104 0.466667
98 101 0.733333
98 102 0.200000
98 103 -0.866667
98 104 -0.733333
99 101 0.866667
99 102 -0.733333
99 103 -0.600000
99 104 -0.200000
100 101 -0.733333
100 102 -0.600000
100 103 -0.333333
100 104 -0.333333
101 109 -0.200000
102 110 0.066667
103 111 -0.200000
104 112 -0.733333
105 109 -0.866667
105 110 0.066667
105 111 -0.600000
105 112 -1.000000
106 109 -0.600000
106 110 0.866667
106 111 0.866667
106 112 0.066667
107 109 -0.466667
107 110 -5.000000
107 111 -0.866667
107 112 0.066667
108 109 1.000000
108 110 0.600000
108 111 1.000000
108 112 -0.733333
109 117 0.066667
110 118 -0.600000
111 119 0.866667
112 120 -0.200000
113 117 0.200000
113 118 -0.066667
113 119 3.000000
113 120 0.333333
114 117 -0.866667
114 118 -5.000000
114 119 -0.600000
114 120 0.466667
115 117 0.733333
115 118 -0.333333
115 119 0.733333
115 120 -0.866667
116 117 1.000000
116 118 1.000000
116 119 0.600000
116 120 1.000000
117 125 -3.000000
118 126 0.333333
119 127 0.200000
120 128 1.000000
121 125 -0.200000
121 126 0.200000
121 127 0.333333
121 128 0.333333
122 125 -0.466667
122 126 0.066667
122 127 -0.066667
122 128 0.733333
123 125 -0.466667
123 126 0.333333
123 127 0.066667
123 128 0.600000
124 125 -0.066667
124 126 0.600000
124 127 0.333333
124 128 0.066667