#
1 1 0.093333
2 2 -0.200000
3 3 -0.066667
4 4 -0.146667
5 5 0.093333
6 6 -0.040000
7 7 -0.200000
8 8 0.173333
9 9 -0.093333
10 10 0.146667
11 11 -0.040000
12 12 0.173333
13 13 -0.013333
14 14 -0.040000
15 15 0.013333
16 16 0.013333
17 17 -0.146667
18 18 -0.066667
19 19 0.066667
20 20 0.173333
21 21 0.146667
22 22 0.200000
23 23 0.066667
24 24 0.200000
25 25 0.200000
26 26 -0.013333
27 27 0.146667
28 28 -0.093333
29 29 -0.200000
30 30 -0.200000
31 31 0.120000
32 32 -0.173333
33 33 -0.013333
34 34 0.040000
35 35 -0.093333
36 36 -0.013333
37 37 0.066667
38 38 -0.146667
39 39 0.173333
40 40 0.200000
41 41 0.200000
42 42 -0.040000
43 43 0.200000
44 44 -0.173333
45 45 -0.200000
46 46 0.040000
47 47 -0.120000
48 48 -0.120000
49 49 0.093333
50 50 -0.093333
51 51 -0.093333
52 52 -0.040000
53 53 0.200000
54 54 -0.013333
55 55 -0.200000
56 56 0.066667
57 57 -0.066667
58 58 0.013333
59 59 0.040000
60 60 0.066667
61 61 -0.066667
62 62 0.146667
63 63 -0.040000
64 64 0.066667
65 65 0.013333
66 66 0.066667
67 67 -0.120000
68 68 0.200000
69 69 0.013333
70 70 -0.146667
71 71 -0.040000
72 72 -0.200000
73 73 -0.200000
74 74 0.173333
75 75 0.040000
76 76 -0.200000
77 77 -0.120000
78 78 0.173333
79 79 0.093333
80 80 -0.040000
81 81 -0.200000
82 82 0.200000
83 83 0.173333
84 84 -0.120000
85 85 0.066667
86 86 -0.120000
87 87 0.146667
88 88 0.013333
89 89 0.120000
90 90 0.093333
91 91 0.120000
92 92 0.173333
93 93 0.173333
94 94 -0.040000
95 95 -0.093333
96 96 0.200000
97 97 -0.120000
98 98 0.146667
99 99 0.040000
100 100 0.120000
101 101 -0.066667
102 102 -0.173333
103 103 -0.173333
104 104 0.013333
105 105 -0.013333
106 106 -0.066667
107 107 -0.120000
108 108 0.200000
109 109 -0.200000
110 110 -0.066667
111 111 0.040000
112 112 -0.200000
113 113 -0.200000
114 114 -0.173333
115 115 -0.120000
116 116 0.040000
117 117 0.093333
118 118 -0.146667
119 119 0.040000
120 120 0.013333
121 121 0.093333
122 122 0.040000
123 123 -0.040000
124 124 -0.146667
125 125 0.013333
126 126 -0.066667
127 127 -0.120000
128 128 -0.173333
1 5 -1.666667
1 6 -1.000000
1 7 -0.866667
1 8 -0.466667
1 33 1.000000
2 5 -0.466667
2 6 -3.666667
2 7 0.200000
2 8 -0.333333
2 34 -1.666667
3 5 0.600000
3 6 0.600000
3 7 1.000000
3 8 0.066667
3 35 -0.733333
4 5 0.866667
4 6 3.000000
4 7 -0.333333
4 8 -1.000000
4 36 -1.000000
5 13 -0.200000
6 14 -0.866667
7 15 0.066667
8 16 0.866667
9 13 0.866667
9 14 -0.733333
9 15 0.733333
9 16 -0.200000
9 41 0.466667
10 13 0.733333
10 14 -0.200000
10 15 0.866667
10 16 -0.733333
10 42 -0.466667
11 13 0.733333
11 14 0.333333
11 15 -0.733333
11 16 -0.866667
11 43 -1.000000
12 13 -0.466667
12 14 -0.200000
12 15 -0.200000
12 16 -0.733333
12 44 0.466667
13 21 0.866667
14 22 1.000000
15 23 0.600000
16 24 1.000000
17 21 0.866667
17 22 -0.866667
17 23 0.200000
17 24 1.000000
17 49 -0.333333
18 21 -1.000000
18 22 1.000000
18 23 1.000000
18 24 0.466667
18 50 0.333333
19 21 -0.066667
19 22 0.466667
19 23 0.200000
19 24 -0.066667
19 51 -0.733333
20 21 1.000000
20 22 0.200000
20 23 0.066667
20 24 1.000000
20 52 0.866667
21 29 0.600000
22 30 -0.600000
23 31 -0.866667
24 32 1.000000
25 29 0.600000
25 30 -0.866667
25 31 0.333333
25 32 -0.066667
25 57 -0.733333
26 29 -1.000000
26 30 -0.600000
26 31 -0.866667
26 32 0.200000
26 58 0.600000
27 29 0.600000
27 30 -0.066667
27 31 0.733333
27 32 -0.066667
27 59 3.000000
28 29 -0.466667
28 30 -0.600000
28 31 -0.866667
28 32 0.200000
28 60 -0.200000
33 37 -0.200000
33 38 0.866667
33 39 0.600000
33 40 -0.333333
33 65 -1.000000
34 37 0.866667
34 38 1.666667
34 39 0.333333
34 40 -0.466667
34 66 0.333333
35 37 0.466667
35 38 0.200000
35 39 1.000000
35 40 0.333333
35 67 0.866667
36 37 0.066667
36 38 0.733333
36 39 -0.200000
36 40 0.866667
36 68 0.066667
37 45 0.733333
38 46 -0.733333
39 47 0.466667
40 48 0.333333
41 45 -0.466667
41 46 1.000000
41 47 -0.066667
41 48 1.000000
41 73 0.333333
42 45 0.466667
42 46 1.000000
42 47 -4.333333
42 48 -0.333333
42 74 0.333333
43 45 0.600000
43 46 0.200000
43 47 -0.333333
43 48 -0.866667
43 75 -0.733333
44 45 1.000000
44 46 0.866667
44 47 -0.066667
44 48 -0.733333
44 76 0.733333
45 53 0.733333
46 54 -0.733333
47 55 -1.000000
48 56 -0.600000
49 53 0.333333
49 54 3.666667
49 55 -0.866667
49 56 0.600000
49 81 -0.200000
50 53 0.866667
50 54 -1.000000
50 55 0.866667
50 56 -1.000000
50 82 -0.466667
51 53 1.666667
51 54 0.733333
51 55 1.000000
51 56 0.333333
51 83 0.866667
52 53 -3.000000
52 54 2.333333
52 55 -0.333333
52 56 0.600000
52 84 0.466667
53 61 -0.466667
54 62 3.666667
55 63 -0.733333
56 64 0.066667
57 61 -1.000000
57 62 0.200000
57 63 0.466667
57 64 0.200000
57 89 -0.600000
58 61 -0.866667
58 62 -0.333333
58 63 -1.000000
58 64 0.333333
58 90 -0.066667
59 61 4.333333
59 62 1.666667
59 63 -1.000000
59 64 0.866667
59 91 -1.666667
60 61 -0.466667
60 62 -0.333333
60 63 -0.333333
60 64 -0.866667
60 92 0.866667
65 69 1.000000
65 70 0.066667
65 71 -1.000000
65 72 -0.733333
65 97 -1.000000
66 69 -0.066667
66 70 -0.333333
66 71 0.200000
66 72 0.333333
66 98 0.333333
67 69 -1.666667
67 70 0.600000
67 71 -0.333333
67 72 1.000000
67 99 -0.333333
68 69 -0.733333
68 70 -1.000000
68 71 0.066667
68 72 0.066667
68 100 -0.733333
69 77 0.600000
70 78 -0.466667
71 79 5.000000
72 80 0.200000
73 77 -0.066667
73 78 -0.200000
73 79 0.466667
73 80 -0.600000
73 105 1.000000
74 77 -1.000000
74 78 -0.200000
74 79 -0.866667
74 80 -0.466667
74 106 -0.333333
75 77 -0.066667
75 78 -0.200000
75 79 0.200000
75 80 -0.466667
75 107 -0.866667
76 77 0.733333
76 78 0.200000
76 79 1.000000
76 80 -0.066667
76 108 0.333333
77 85 -0.200000
78 86 0.866667
79 87 -0.600000
80 88 0.866667
81 85 0.866667
81 86 0.200000
81 87 -0.333333
81 88 0.066667
81 113 0.066667
82 85 5.000000
82 86 -0.733333
82 87 0.733333
82 88 0.600000
82 114 0.333333
83 85 0.600000
83 86 -0.600000
83 87 0.600000
83 88 -1.000000
83 115 0.200000
84 85 0.866667
84 86 0.600000
84 87 1.000000
84 88 0.733333
84 116 -0.466667
85 93 -0.466667
86 94 -3.000000
87 95 0.333333
88 96 -0.333333
89 93 0.733333
89 94 -0.600000
89 95 0.866667
89 96 -0.600000
89 121 -0.333333
90 93 0.066667
90 94 0.066667
90 95 -0.600000
90 96 -0.200000
90 122 3.000000
91 93 -0.866667
91 94 -0.733333
91 95 1.000000
91 96 -0.200000
91 123 -0.200000
92 93 -0.866667
92 94 -0.466667
92 95 -0.866667
92 96 0.066667
92 124 -0.866667
97 101 1.000000
97 102 -0.600000
97 103 0.466667
97 104 -0.600000
98 101 -0.066667
98 102 -0.200000
98 103 0.866667
98 104 1.000000
99 101 0.600000
99 102 0.600000
99 103 -0.866667
99 104 0.733333
100 101 4.333333
100 102 -0.333333
100 103 0.466667
100 104 -0.066667
101 109 -0.600000
102 110 -1.000000
103 111 1.000000
104 112 -0.733333
105 109 0.466667
105 110 -0.466667
105 111 -0.466667
105 112 -0.333333
106 109 1.000000
106 110 1.000000
106 111 1.000000
106 112 -0.200000
107 109 0.866667
107 110 -0.200000
107 111 2.333333
107 112 0.600000
108 109 -1.000000
108 110 -0.733333
108 111 -0.600000
108 112 3.666667
109 117 -0.466667
110 118 -0.200000
111 119 0.333333
112 120 -0.333333
113 117 -0.200000
113 118 -0.200000
113 119 0.733333
113 120 0.600000
114 117 0.333333
114 118 0.333333
114 119 -0.066667
114 120 -0.733333
115 117 0.333333
115 118 0.733333
115 119 -0.600000
115 120 -0.200000
116 117 0.066667
116 118 0.866667
116 119 -0.733333
116 120 0.333333
117 125 -0.333333
118 126 0.600000
119 127 0.333333
120 128 -0.066667
121 125 -0.733333
121 126 0.733333
121 127 1.000000
121 128 0.333333
122 125 -0.466667
122 126 3.666667
122 127 3.000000
122 128 0.066667
123 125 0.733333
123 126 3.000000
123 127 0.200000
123 128 -0.066667
124 125 -0.733333
124 126 -0.466667
124 127 0.066667
124 128 -0.600000