#
1 1 0.066667
2 2 0.066667
3 3 0.146667
4 4 -0.093333
5 5 -0.173333
6 6 -0.200000
7 7 0.013333
8 8 0.093333
9 9 -0.173333
10 10 0.013333
11 11 0.146667
12 12 0.200000
13 13 0.120000
14 14 -0.066667
15 15 -0.146667
16 16 -0.146667
17 17 -0.173333
18 18 -0.013333
19 19 -0.013333
20 20 -0.066667
21 21 -0.093333
22 22 -0.093333
23 23 -0.040000
24 24 0.013333
25 25 -0.066667
26 26 0.066667
27 27 -0.146667
28 28 -0.120000
29 29 0.173333
30 30 -0.146667
31 31 0.173333
32 32 -0.013333
33 33 0.093333
34 34 0.146667
35 35 -0.040000
36 36 -0.146667
37 37 -0.120000
38 38 -0.120000
39 39 0.013333
40 40 -0.200000
41 41 0.066667
42 42 -0.013333
43 43 -0.120000
44 44 0.200000
45 45 -0.013333
46 46 0.146667
47 47 0.093333
48 48 -0.013333
49 49 0.146667
50 50 0.093333
51 51 -0.146667
52 52 0.200000
53 53 -0.120000
54 54 0.120000
55 55 0.013333
56 56 0.146667
57 57 0.093333
58 58 -0.066667
59 59 -0.040000
60 60 0.146667
61 61 0.040000
62 62 -0.040000
63 63 -0.173333
64 64 0.040000
65 65 0.200000
66 66 0.146667
67 67 -0.066667
68 68 -0.200000
69 69 -0.146667
70 70 0.013333
71 71 -0.120000
72 72 0.146667
73 73 -0.040000
74 74 -0.120000
75 75 0.173333
76 76 0.093333
77 77 -0.093333
78 78 0.066667
79 79 0.093333
80 80 0.146667
81 81 -0.093333
82 82 0.013333
83 83 -0.120000
84 84 0.013333
85 85 -0.066667
86 86 0.040000
87 87 0.013333
88 88 -0.093333
89 89 0.173333
90 90 -0.066667
91 91 -0.200000
92 92 0.093333
93 93 -0.040000
94 94 -0.120000
95 95 -0.200000
96 96 -0.146667
97 97 0.040000
98 98 0.093333
99 99 -0.066667
100 100 -0.093333
101 101 -0.040000
102 102 0.013333
103 103 -0.173333
104 104 0.173333
105 105 0.173333
106 106 0.200000
107 107 0.040000
108 108 0.200000
109 109 -0.093333
110 110 0.146667
111 111 -0.093333
112 112 0.040000
113 113 0.066667
114 114 0.040000
115 115 0.146667
116 116 0.093333
117 117 -0.120000
118 118 0.040000
119 119 0.066667
120 120 0.066667
121 121 0.173333
122 122 -0.200000
123 123 0.066667
124 124 -0.146667
125 125 0.093333
126 126 -0.040000
127 127 0.066667
128 128 0.146667
1 5 -0.866667
1 6 -0.200000
1 7 -0.066667
1 8 0.466667
1 33 -1.000000
2 5 -0.333333
2 6 0.200000
2 7 -0.733333
2 8 0.333333
2 34 0.200000
3 5 -0.333333
3 6 0.466667
3 7 -0.600000
3 8 0.066667
3 35 1.000000
4 5 -5.000000
4 6 3.666667
4 7 -0.733333
4 8 -0.866667
4 36 0.866667
5 13 -0.600000
6 14 -0.600000
7 15 -0.200000
8 16 -0.200000
9 13 0.066667
9 14 0.200000
9 15 -0.066667
9 16 -0.466667
9 41 -0.733333
10 13 -0.600000
10 14 0.066667
10 15 0.200000
10 16 4.333333
10 42 -0.866667
11 13 -4.333333
11 14 -0.333333
11 15 0.733333
11 16 -0.200000
11 43 -0.200000
12 13 1.000000
12 14 0.333333
12 15 -0.200000
12 16 0.866667
12 44 1.666667
13 21 -0.333333
14 22 0.733333
15 23 0.866667
16 24 -0.333333
17 21 1.000000
17 22 1.000000
17 23 -5.000000
17 24 1.000000
17 49 -2.333333
18 21 0.866667
18 22 -3.000000
18 23 0.866667
18 24 0.066667
18 50 0.866667
19 21 0.733333
19 22 0.600000
19 23 0.333333
19 24 -1.000000
19 51 -0.333333
20 21 0.333333
20 22 0.333333
20 23 0.466667
20 24 -0.866667
20 52 -0.466667
21 29 0.466667
22 30 1.000000
23 31 0.866667
24 32 -0.200000
25 29 0.066667
25 30 -0.466667
25 31 -0.600000
25 32 0.600000
25 57 -0.466667
26 29 -0.066667
26 30 -3.000000
26 31 -3.666667
26 32 0.333333
26 58 0.200000
27 29 0.733333
27 30 0.200000
27 31 0.866667
27 32 -0.333333
27 59 1.000000
28 29 -0.333333
28 30 0.333333
28 31 0.066667
28 32 -0.200000
28 60 -0.200000
33 37 0.200000
33 38 0.866667
33 39 -2.333333
33 40 -0.733333
33 65 0.466667
34 37 0.066667
34 38 -0.733333
34 39 -0.333333
34 40 -0.466667
34 66 -0.600000
35 37 0.866667
35 38 -0.866667
35 39 0.866667
35 40 0.733333
35 67 -1.000000
36 37 0.866667
36 38 -0.600000
36 39 0.200000
36 40 0.200000
36 68 -0.600000
37 45 0.600000
38 46 -0.866667
39 47 0.733333
40 48 0.066667
41 45 -0.200000
41 46 0.066667
41 47 -0.066667
41 48 -2.333333
41 73 1.000000
42 45 1.000000
42 46 -0.066667
42 47 -0.733333
42 48 1.000000
42 74 -0.200000
43 45 -0.200000
43 46 0.866667
43 47 -1.000000
43 48 0.733333
43 75 -0.066667
44 45 -0.333333
44 46 0.466667
44 47 0.600000
44 48 -0.866667
44 76 0.600000
45 53 0.733333
46 54 0.333333
47 55 -0.200000
48 56 2.333333
49 53 -0.066667
49 54 -0.600000
49 55 -0.466667
49 56 0.866667
49 81 -0.600000
50 53 5.000000
50 54 0.333333
50 55 0.466667
50 56 0.866667
50 82 0.466667
51 53 -0.466667
51 54 0.333333
51 55 0.600000
51 56 2.333333
51 83 -0.200000
52 53 -0.466667
52 54 -1.000000
52 55 0.466667
52 56 0.733333
52 84 -1.666667
53 61 0.733333
54 62 0.200000
55 63 0.200000
56 64 -1.000000
57 61 0.333333
57 62 -0.066667
57 63 -1.000000
57 64 0.600000
57 89 0.333333
58 61 -1.000000
58 62 0.333333
58 63 -0.866667
58 64 -1.000000
58 90 -0.733333
59 61 -0.733333
59 62 -0.466667
59 63 0.733333
59 64 0.333333
59 91 -0.333333
60 61 5.000000
60 62 -1.000000
60 63 0.466667
60 64 -0.333333
60 92 0.066667
65 69 1.000000
65 70 -0.466667
65 71 -0.866667
65 72 0.200000
65 97 1.000000
66 69 -0.066667
66 70 0.600000
66 71 0.866667
66 72 -0.333333
66 98 -0.466667
67 69 -0.200000
67 70 0.333333
67 71 0.333333
67 72 0.333333
67 99 -5.000000
68 69 0.866667
68 70 0.733333
68 71 0.333333
68 72 0.333333
68 100 -1.000000
69 77 -0.466667
70 78 0.333333
71 79 0.866667
72 80 1.000000
73 77 0.333333
73 78 -0.600000
73 79 0.733333
73 80 0.333333
73 105 0.466667
74 77 3.666667
74 78 -0.466667
74 79 -0.200000
74 80 0.333333
74 106 -0.733333
75 77 0.866667
75 78 -0.600000
75 79 -0.600000
75 80 -0.333333
75 107 -0.866667
76 77 -2.333333
76 78 0.600000
76 79 -1.000000
76 80 -0.733333
76 108 -0.200000
77 85 1.666667
78 86 0.200000
79 87 0.333333
80 88 0.066667
81 85 -0.333333
81 86 0.733333
81 87 0.066667
81 88 0.333333
81 113 0.333333
82 85 -0.866667
82 86 0.200000
82 87 -0.466667
82 88 0.200000
82 114 0.200000
83 85 -0.866667
83 86 -0.200000
83 87 0.600000
83 88 0.600000
83 115 -1.000000
84 85 0.600000
84 86 1.000000
84 87 -0.466667
84 88 -0.200000
84 116 0.333333
85 93 -0.333333
86 94 -0.733333
87 95 0.733333
88 96 -0.600000
89 93 -1.000000
89 94 0.733333
89 95 0.866667
89 96 -1.000000
89 121 0.066667
90 93 -5.000000
90 94 4.333333
90 95 -0.200000
90 96 -0.866667
90 122 -0.733333
91 93 0.600000
91 94 -0.600000
91 95 -0.333333
91 96 1.000000
91 123 0.600000
92 93 -0.066667
92 94 -4.333333
92 95 -1.000000
92 96 0.866667
92 124 0.866667
97 101 -0.600000
97 102 -0.333333
97 103 0.066667
97 104 0.466667
98 101 -0.200000
98 102 -0.066667
98 103 -0.333333
98 104 1.666667
99 101 -0.733333
99 102 3.000000
99 103 0.066667
99 104 0.866667
100 101 1.000000
100 102 1.000000
100 103 0.866667
100 104 -1.666667
101 109 0.733333
102 110 -0.866667
103 111 0.866667
104 112 0.866667
105 109 0.200000
105 110 -1.000000
105 111 0.333333
105 112 -0.200000
106 109 0.733333
106 110 0.200000
106 111 -0.866667
106 112 1.000000
107 109 -0.333333
107 110 -0.866667
107 111 2.333333
107 112 0.333333
108 109 -3.666667
108 110 1.000000
108 111 -1.000000
108 112 0.466667
109 117 0.866667
110 118 -2.333333
111 119 1.000000
112 120 -0.866667
113 117 1.000000
113 118 -0.333333
113 119 0.466667
113 120 -0.333333
114 117 -0.866667
114 118 -0.200000
114 119 -0.866667
114 120 0.600000
115 117 3.000000
115 118 2.333333
115 119 0.866667
115 120 -0.333333
116 117 0.466667
116 118 0.866667
116 119 1.000000
116 120 1.000000
117 125 0.200000
118 126 -0.600000
119 127 -0.733333
120 128 0.600000
121 125 -0.333333
121 126 -3.666667
121 127 0.733333
121 128 0.733333
122 125 -0.866667
122 126 -0.066667
122 127 0.733333
122 128 0.733333
123 125 0.466667
123 126 0.733333
123 127 -0.866667
123 128 0.333333
124 125 -0.333333
124 126 0.600000
124 127 -0.066667
124 128 -0.466667