#
1 1 0.066667
2 2 0.066667
3 3 -0.040000
4 4 -0.040000
5 5 0.173333
6 6 0.040000
7 7 -0.040000
8 8 0.040000
9 9 0.173333
10 10 -0.040000
11 11 0.146667
12 12 0.146667
13 13 0.146667
14 14 0.200000
15 15 -0.013333
16 16 -0.173333
17 17 0.093333
18 18 0.093333
19 19 -0.173333
20 20 0.173333
21 21 0.200000
22 22 0.200000
23 23 -0.093333
24 24 -0.146667
25 25 -0.093333
26 26 -0.093333
27 27 0.066667
28 28 0.120000
29 29 -0.040000
30 30 0.146667
31 31 0.173333
32 32 -0.066667
33 33 -0.093333
34 34 -0.093333
35 35 0.040000
36 36 -0.093333
37 37 0.040000
38 38 0.040000
39 39 -0.040000
40 40 0.200000
41 41 -0.146667
42 42 -0.066667
43 43 -0.093333
44 44 0.093333
45 45 -0.040000
46 46 -0.120000
47 47 -0.013333
48 48 0.093333
49 49 -0.120000
50 50 0.173333
51 51 -0.146667
52 52 0.173333
53 53 0.200000
54 54 0.173333
55 55 -0.013333
56 56 0.146667
57 57 -0.040000
58 58 -0.066667
59 59 0.013333
60 60 -0.200000
61 61 -0.200000
62 62 -0.093333
63 63 0.200000
64 64 -0.120000
65 65 0.066667
66 66 0.040000
67 67 -0.146667
68 68 0.200000
69 69 0.146667
70 70 -0.093333
71 71 -0.146667
72 72 0.066667
73 73 0.120000
74 74 0.173333
75 75 0.040000
76 76 -0.173333
77 77 0.066667
78 78 -0.146667
79 79 -0.146667
80 80 -0.173333
81 81 0.013333
82 82 0.013333
83 83 -0.173333
84 84 -0.040000
85 85 0.120000
86 86 -0.040000
87 87 -0.146667
88 88 -0.146667
89 89 0.093333
90 90 0.093333
91 91 -0.093333
92 92 -0.040000
93 93 0.200000
94 94 -0.120000
95 95 -0.173333
96 96 0.013333
97 97 -0.173333
98 98 0.066667
99 99 0.093333
100 100 0.146667
101 101 0.120000
102 102 0.093333
103 103 -0.093333
104 104 0.040000
105 105 0.066667
106 106 0.146667
107 107 0.066667
108 108 -0.066667
109 109 0.200000
110 110 -0.093333
111 111 0.120000
112 112 0.146667
113 113 0.066667
114 114 0.066667
115 115 -0.040000
116 116 0.093333
117 117 -0.066667
118 118 -0.146667
119 119 0.093333
120 120 -0.200000
121 121 0.200000
122 122 -0.200000
123 123 0.146667
124 124 -0.040000
125 125 0.093333
126 126 0.200000
127 127 0.173333
128 128 0.120000
1 5 0.066667
1 6 1.000000
1 7 -0.200000
1 8 -0.466667
1 33 0.866667
2 5 0.466667
2 6 1.000000
2 7 0.200000
2 8 -0.600000
2 34 0.200000
3 5 0.200000
3 6 -0.466667
3 7 -0.600000
3 8 -0.733333
3 35 0.866667
4 5 -1.666667
4 6 0.333333
4 7 0.066667
4 8 -0.200000
4 36 -1.666667
5 13 0.600000
6 14 0.600000
7 15 -3.666667
8 16 0.733333
9 13 0.866667
9 14 0.466667
9 15 0.866667
9 16 1.666667
9 41 -0.466667
10 13 -0.200000
10 14 -1.000000
10 15 -0.066667
10 16 0.200000
10 42 3.666667
11 13 1.000000
11 14 -0.600000
11 15 -0.466667
11 16 1.000000
11 43 0.200000
12 13 -2.333333
12 14 -0.600000
12 15 0.200000
12 16 0.200000
12 44 0.733333
13 21 -0.066667
14 22 -1.000000
15 23 -0.600000
16 24 0.600000
17 21 -0.066667
17 22 -1.000000
17 23 0.066667
17 24 1.000000
17 49 -0.066667
18 21 0.733333
18 22 0.066667
18 23 -0.600000
18 24 -0.466667
18 50 1.000000
19 21 0.466667
19 22 0.066667
19 23 0.333333
19 24 1.000000
19 51 0.333333
20 21 0.600000
20 22 0.866667
20 23 -1.000000
20 24 2.333333
20 52 1.000000
21 29 0.066667
22 30 0.866667
23 31 -1.000000
24 32 0.733333
25 29 0.200000
25 30 -0.733333
25 31 -0.333333
25 32 -0.333333
25 57 0.866667
26 29 1.000000
26 30 -0.200000
26 31 -0.200000
26 32 -0.600000
26 58 0.066667
27 29 -0.866667
27 30 0.600000
27 31 -0.333333
27 32 -1.666667
27 59 1.000000
28 29 0.333333
28 30 0.200000
28 31 -0.200000
28 32 1.666667
28 60 -0.200000
33 37 -1.666667
33 38 -0.733333
33 39 1.000000
33 40 -4.333333
33 65 -0.066667
34 37 0.600000
34 38 3.000000
34 39 -0.733333
34 40 -1.000000
34 66 0.333333
35 37 0.466667
35 38 0.333333
35 39 -0.466667
35 40 0.333333
35 67 2.333333
36 37 -0.066667
36 38 1.000000
36 39 -0.733333
36 40 -3.666667
36 68 0.733333
37 45 -0.066667
38 46 0.466667
39 47 -0.066667
40 48 0.733333
41 45 1.666667
41 46 0.600000
41 47 0.200000
41 48 0.200000
41 73 -0.066667
42 45 1.000000
42 46 1.000000
42 47 -4.333333
42 48 -0.733333
42 74 1.000000
43 45 -0.866667
43 46 -0.600000
43 47 0.333333
43 48 -1.000000
43 75 -0.466667
44 45 1.000000
44 46 0.866667
44 47 -0.200000
44 48 1.000000
44 76 -0.333333
45 53 0.333333
46 54 0.866667
47 55 -0.600000
48 56 0.600000
49 53 0.866667
49 54 -0.200000
49 55 0.733333
49 56 0.200000
49 81 -0.066667
50 53 0.066667
50 54 -0.733333
50 55 -0.733333
50 56 -0.066667
50 82 -0.200000
51 53 0.333333
51 54 -0.600000
51 55 0.333333
51 56 5.000000
51 83 4.333333
52 53 -0.333333
52 54 -0.466667
52 55 0.866667
52 56 0.866667
52 84 -0.733333
53 61 0.866667
54 62 0.466667
55 63 -0.200000
56 64 -0.866667
57 61 0.200000
57 62 -0.866667
57 63 0.333333
57 64 -0.600000
57 89 -0.200000
58 61 -0.466667
58 62 -1.000000
58 63 -2.333333
58 64 -0.733333
58 90 -1.000000
59 61 3.000000
59 62 -1.000000
59 63 -3.666667
59 64 -0.733333
59 91 -0.333333
60 61 0.066667
60 62 0.333333
60 63 -0.333333
60 64 -0.600000
60 92 0.866667
65 69 -0.866667
65 70 -3.000000
65 71 1.000000
65 72 0.066667
65 97 -0.866667
66 69 0.866667
66 70 -0.066667
66 71 -0.333333
66 72 -0.200000
66 98 -0.333333
67 69 0.066667
67 70 0.466667
67 71 0.733333
67 72 -0.466667
67 99 -0.466667
68 69 -1.000000
68 70 -0.866667
68 71 1.000000
68 72 1.666667
68 100 0.866667
69 77 -0.333333
70 78 -0.466667
71 79 0.866667
72 80 -0.733333
73 77 -0.600000
73 78 -0.866667
73 79 0.200000
73 80 -5.000000
73 105 0.333333
74 77 -1.000000
74 78 0.333333
74 79 -0.466667
74 80 0.600000
74 106 -0.733333
75 77 0.600000
75 78 1.000000
75 79 0.333333
75 80 0.733333
75 107 0.733333
76 77 0.333333
76 78 -0.600000
76 79 -0.200000
76 80 0.600000
76 108 1.000000
77 85 -0.466667
78 86 3.666667
79 87 -0.466667
80 88 1.666667
81 85 -0.600000
81 86 1.000000
81 87 -4.333333
81 88 -0.600000
81 113 -0.333333
82 85 -1.000000
82 86 0.333333
82 87 0.066667
82 88 -1.000000
82 114 -1.000000
83 85 0.333333
83 86 -0.466667
83 87 -1.000000
83 88 -0.200000
83 115 0.333333
84 85 0.733333
84 86 -0.866667
84 87 0.466667
84 88 0.600000
84 116 0.466667
85 93 1.000000
86 94 0.866667
87 95 0.600000
88 96 -1.000000
89 93 0.066667
89 94 -0.200000
89 95 1.000000
89 96 -1.000000
89 121 -0.600000
90 93 0.600000
90 94 -1.000000
90 95 0.333333
90 96 0.066667
90 122 -0.733333
91 93 0.466667
91 94 0.866667
91 95 0.066667
91 96 0.866667
91 123 0.333333
92 93 0.866667
92 94 0.600000
92 95 -0.333333
92 96 0.466667
92 124 -0.200000
97 101 0.333333
97 102 -4.333333
97 103 1.000000
97 104 1.000000
98 101 0.733333
98 102 -0.466667
98 103 0.466667
98 104 0.333333
99 101 -1.000000
99 102 -4.333333
99 103 -0.333333
99 104 0.466667
100 101 1.000000
100 102 0.200000
100 103 -0.333333
100 104 -0.600000
101 109 0.600000
102 110 -0.466667
103 111 0.066667
104 112 -0.733333
105 109 -0.466667
105 110 0.333333
105 111 -0.333333
105 112 0.733333
106 109 0.333333
106 110 0.866667
106 111 0.866667
106 112 -0.600000
107 109 0.466667
107 110 1.000000
107 111 0.066667
107 112 -0.866667
108 109 1.000000
108 110 -1.000000
108 111 -1.000000
108 112 0.733333
109 117 -1.000000
110 118 -0.066667
111 119 0.200000
112 120 -0.733333
113 117 -0.333333
113 118 -0.733333
113 119 -0.333333
113 120 -0.866667
114 117 -1.000000
114 118 0.333333
114 119 0.333333
114 120 0.866667
115 117 -0.333333
115 118 -0.866667
115 119 0.866667
115 120 -3.000000
116 117 0.200000
116 118 1.000000
116 119 0.333333
116 120 0.333333
117 125 -0.600000
118 126 -0.733333
119 127 0.733333
120 128 0.733333
121 125 1.000000
121 126 0.466667
121 127 -0.333333
121 128 3.000000
122 125 0.066667
122 126 -0.066667
122 127 -0.733333
122 128 -1.000000
123 125 -0.600000
123 126 -0.200000
123 127 -0.733333
123 128 -1.000000
124 125 -0.066667
124 126 -0.733333
124 127 -0.200000
124 128 0.866667