#
1 1 0.120000
2 2 0.173333
3 3 -0.146667
4 4 -0.013333
5 5 0.093333
6 6 0.093333
7 7 0.146667
8 8 -0.040000
9 9 -0.040000
10 10 -0.093333
11 11 0.013333
12 12 -0.146667
13 13 -0.120000
14 14 -0.013333
15 15 -0.066667
16 16 0.120000
17 17 -0.040000
18 18 0.093333
19 19 -0.120000
20 20 -0.146667
21 21 -0.066667
22 22 -0.066667
23 23 -0.040000
24 24 0.093333
25 25 -0.120000
26 26 -0.093333
27 27 0.146667
28 28 -0.200000
29 29 0.040000
30 30 -0.093333
31 31 -0.146667
32 32 0.013333
33 33 -0.173333
34 34 0.013333
35 35 -0.093333
36 36 0.013333
37 37 -0.066667
38 38 -0.040000
39 39 0.066667
40 40 0.040000
41 41 0.040000
42 42 -0.146667
43 43 -0.146667
44 44 0.120000
45 45 0.146667
46 46 0.120000
47 47 -0.093333
48 48 -0.200000
49 49 0.066667
50 50 -0.173333
51 51 0.173333
52 52 0.093333
53 53 -0.013333
54 54 -0.093333
55 55 0.093333
56 56 -0.200000
57 57 0.120000
58 58 -0.120000
59 59 -0.200000
60 60 0.120000
61 61 -0.066667
62 62 0.173333
63 63 0.173333
64 64 0.146667
65 65 0.013333
66 66 0.066667
67 67 0.146667
68 68 0.040000
69 69 0.093333
70 70 0.066667
71 71 -0.200000
72 72 -0.120000
73 73 0.040000
74 74 0.146667
75 75 -0.120000
76 76 0.200000
77 77 0.146667
78 78 -0.173333
79 79 -0.066667
80 80 -0.066667
81 81 -0.013333
82 82 0.013333
83 83 0.066667
84 84 0.066667
85 85 -0.173333
86 86 -0.146667
87 87 -0.093333
88 88 0.120000
89 89 0.066667
90 90 0.013333
91 91 -0.146667
92 92 0.066667
93 93 -0.200000
94 94 -0.013333
95 95 0.093333
96 96 -0.066667
97 97 0.013333
98 98 0.013333
99 99 0.200000
100 100 0.093333
101 101 -0.040000
102 102 0.040000
103 103 0.146667
104 104 0.120000
105 105 0.173333
106 106 -0.066667
107 107 0.066667
108 108 -0.066667
109 109 -0.093333
110 110 0.013333
111 111 -0.120000
112 112 0.013333
113 113 0.120000
114 114 0.173333
115 115 -0.093333
116 116 -0.146667
117 117 -0.066667
118 118 -0.040000
119 119 -0.120000
120 120 -0.120000
121 121 0.040000
122 122 -0.066667
123 123 0.093333
124 124 0.066667
125 125 -0.093333
126 126 -0.013333
127 127 -0.066667
128 128 -0.066667
1 5 4.333333
1 6 -0.733333
1 7 0.333333
1 8 -0.200000
1 33 -3.000000
2 5 0.733333
2 6 0.866667
2 7 -0.333333
2 8 -1.666667
2 34 1.000000
3 5 -1.000000
3 6 0.466667
3 7 0.733333
3 8 -0.066667
3 35 0.066667
4 5 0.066667
4 6 -0.600000
4 7 1.000000
4 8 0.333333
4 36 0.333333
5 13 -0.333333
6 14 -0.866667
7 15 -0.600000
8 16 -1.000000
9 13 0.200000
9 14 -0.200000
9 15 4.333333
9 16 -0.733333
9 41 0.333333
10 13 0.733333
10 14 0.733333
10 15 -0.466667
10 16 1.000000
10 42 -0.733333
11 13 -0.866667
11 14 -0.866667
11 15 -0.866667
11 16 -0.466667
11 43 1.000000
12 13 -0.733333
12 14 0.733333
12 15 -0.600000
12 16 0.733333
12 44 0.466667
13 21 -0.866667
14 22 -0.066667
15 23 0.066667
16 24 0.333333
17 21 -0.866667
17 22 -0.200000
17 23 -0.866667
17 24 0.733333
17 49 -0.733333
18 21 -0.866667
18 22 -0.066667
18 23 0.466667
18 24 0.066667
18 50 0.866667
19 21 -0.066667
19 22 0.866667
19 23 -0.866667
19 24 -0.333333
19 51 0.600000
20 21 1.000000
20 22 0.066667
20 23 -0.733333
20 24 0.333333
20 52 0.333333
21 29 1.000000
22 30 -0.466667
23 31 0.200000
24 32 -0.333333
25 29 -0.866667
25 30 -0.200000
25 31 -0.333333
25 32 2.333333
25 57 0.066667
26 29 -0.866667
26 30 -0.200000
26 31 0.733333
26 32 1.000000
26 58 -0.600000
27 29 -0.200000
27 30 -0.200000
27 31 0.466667
27 32 -1.000000
27 59 -0.733333
28 29 -0.866667
28 30 -0.333333
28 31 0.333333
28 32 0.066667
28 60 -0.866667
33 37 0.333333
33 38 5.000000
33 39 0.333333
33 40 0.333333
33 65 -1.666667
34 37 -0.733333
34 38 -0.600000
34 39 5.000000
34 40 -0.333333
34 66 0.066667
35 37 -0.733333
35 38 -1.000000
35 39 0.866667
35 40 0.866667
35 67 -0.866667
36 37 -0.733333
36 38 -0.200000
36 39 -0.866667
36 40 -0.733333
36 68 1.000000
37 45 0.733333
38 46 -0.066667
39 47 0.466667
40 48 0.466667
41 45 -0.600000
41 46 -3.666667
41 47 0.600000
41 48 0.200000
41 73 1.000000
42 45 0.200000
42 46 -0.866667
42 47 0.733333
42 48 -1.000000
42 74 -0.600000
43 45 0.200000
43 46 -0.333333
43 47 -0.866667
43 48 0.066667
43 75 -2.333333
44 45 0.200000
44 46 -0.600000
44 47 0.733333
44 48 -1.000000
44 76 1.000000
45 53 0.866667
46 54 0.066667
47 55 -0.733333
48 56 0.600000
49 53 -0.333333
49 54 0.333333
49 55 0.466667
49 56 -1.000000
49 81 -0.866667
50 53 -0.200000
50 54 0.466667
50 55 0.200000
50 56 0.200000
50 82 0.333333
51 53 0.466667
51 54 3.666667
51 55 -0.200000
51 56 0.466667
51 83 -1.666667
52 53 0.733333
52 54 -0.600000
52 55 0.866667
52 56 -0.066667
52 84 -0.066667
53 61 0.333333
54 62 -0.466667
55 63 0.200000
56 64 -0.600000
57 61 -0.333333
57 62 -0.333333
57 63 0.333333
57 64 -0.733333
57 89 -0.066667
58 61 -0.200000
58 62 0.333333
58 63 -1.000000
58 64 0.333333
58 90 -0.333333
59 61 0.600000
59 62 -1.000000
59 63 -1.000000
59 64 4.333333
59 91 -1.666667
60 61 0.066667
60 62 0.066667
60 63 0.333333
60 64 -2.333333
60 92 -0.466667
65 69 -0.600000
65 70 -1.000000
65 71 -1.000000
65 72 -0.866667
65 97 0.066667
66 69 -1.000000
66 70 0.333333
66 71 -0.600000
66 72 -3.666667
66 98 0.466667
67 69 -0.466667
67 70 -0.200000
67 71 -0.600000
67 72 -0.333333
67 99 0.866667
68 69 0.600000
68 70 -0.066667
68 71 -0.600000
68 72 -0.866667
68 100 0.466667
69 77 -0.866667
70 78 -0.066667
71 79 1.000000
72 80 0.333333
73 77 0.733333
73 78 0.066667
73 79 -0.733333
73 80 0.200000
73 105 -0.066667
74 77 -1.000000
74 78 -0.200000
74 79 -0.066667
74 80 0.200000
74 106 -1.000000
75 77 1.000000
75 78 -0.600000
75 79 0.333333
75 80 0.866667
75 107 0.066667
76 77 0.200000
76 78 0.733333
76 79 -0.733333
76 80 -0.600000
76 108 0.066667
77 85 -0.600000
78 86 -0.066667
79 87 -0.733333
80 88 -0.600000
81 85 -0.333333
81 86 0.866667
81 87 0.333333
81 88 -0.600000
81 113 0.866667
82 85 -0.466667
82 86 1.000000
82 87 0.066667
82 88 0.333333
82 114 0.466667
83 85 3.000000
83 86 0.200000
83 87 0.066667
83 88 0.866667
83 115 0.866667
84 85 0.333333
84 86 -0.466667
84 87 -0.066667
84 88 0.866667
84 116 0.333333
85 93 0.066667
86 94 -5.000000
87 95 0.333333
88 96 0.200000
89 93 -0.333333
89 94 -0.733333
89 95 0.200000
89 96 0.466667
89 121 0.200000
90 93 0.600000
90 94 -2.333333
90 95 5.000000
90 96 0.333333
90 122 -0.333333
91 93 -0.600000
91 94 0.466667
91 95 0.200000
91 96 0.333333
91 123 -0.200000
92 93 -1.000000
92 94 -0.866667
92 95 -0.866667
92 96 -1.000000
92 124 1.000000
97 101 -3.000000
97 102 -0.733333
97 103 -0.066667
97 104 -0.333333
98 101 -0.600000
98 102 1.000000
98 103 -3.666667
98 104 -0.733333
99 101 0.866667
99 102 0.866667
99 103 3.666667
99 104 0.066667
100 101 2.333333
100 102 2.333333
100 103 -0.600000
100 104 -0.733333
101 109 -0.733333
102 110 1.000000
103 111 0.333333
104 112 -0.200000
105 109 0.733333
105 110 -1.000000
105 111 0.733333
105 112 -0.733333
106 109 0.066667
106 110 -0.466667
106 111 0.466667
106 112 0.866667
107 109 0.333333
107 110 -0.066667
107 111 -0.733333
107 112 -0.733333
108 109 0.200000
108 110 -0.600000
108 111 -0.866667
108 112 -0.200000
109 117 -0.066667
110 118 -0.066667
111 119 -0.200000
112 120 -0.066667
113 117 -0.733333
113 118 3.000000
113 119 -0.066667
113 120 0.333333
114 117 -0.066667
114 118 0.466667
114 119 -0.733333
114 120 0.866667
115 117 -0.333333
115 118 0.733333
115 119 -0.200000
115 120 -0.333333
116 117 -0.866667
116 118 0.200000
116 119 -0.066667
116 120 0.200000
117 125 -0.066667
118 126 -0.600000
119 127 0.600000
120 128 0.600000
121 125 -0.333333
121 126 -1.000000
121 127 0.466667
121 128 -0.466667
122 125 1.000000
122 126 -1.000000
122 127 0.066667
122 128 0.600000
123 125 0.066667
123 126 3.000000
123 127 0.600000
123 128 -1.000000
124 125 1.000000
124 126 0.733333
124 127 -0.333333
124 128 -0.600000