#
1 1 0.066667
2 2 -0.013333
3 3 -0.040000
4 4 0.066667
5 5 0.066667
6 6 -0.093333
7 7 -0.200000
8 8 0.173333
9 9 -0.066667
10 10 0.173333
11 11 0.200000
12 12 0.093333
13 13 0.173333
14 14 0.013333
15 15 -0.120000
16 16 -0.040000
17 17 -0.120000
18 18 0.066667
19 19 -0.120000
20 20 0.173333
21 21 -0.093333
22 22 0.093333
23 23 -0.093333
24 24 -0.120000
25 25 0.093333
26 26 0.040000
27 27 0.040000
28 28 -0.066667
29 29 -0.146667
30 30 -0.146667
31 31 0.066667
32 32 0.013333
33 33 -0.013333
34 34 0.066667
35 35 0.173333
36 36 0.200000
37 37 0.200000
38 38 -0.120000
39 39 0.066667
40 40 0.040000
41 41 -0.013333
42 42 -0.040000
43 43 0.173333
44 44 -0.200000
45 45 -0.146667
46 46 -0.120000
47 47 0.120000
48 48 -0.146667
49 49 0.093333
50 50 0.200000
51 51 -0.066667
52 52 0.013333
53 53 -0.093333
54 54 -0.173333
55 55 -0.093333
56 56 -0.093333
57 57 0.173333
58 58 -0.040000
59 59 0.173333
60 60 0.093333
61 61 -0.173333
62 62 -0.093333
63 63 0.040000
64 64 0.040000
65 65 0.146667
66 66 0.200000
67 67 -0.200000
68 68 -0.173333
69 69 -0.040000
70 70 -0.040000
71 71 -0.093333
72 72 0.093333
73 73 -0.093333
74 74 -0.013333
75 75 -0.146667
76 76 -0.173333
77 77 0.200000
78 78 -0.146667
79 79 -0.173333
80 80 -0.066667
81 81 -0.013333
82 82 0.200000
83 83 0.093333
84 84 -0.173333
85 85 0.173333
86 86 -0.173333
87 87 -0.200000
88 88 -0.040000
89 89 -0.146667
90 90 -0.013333
91 91 -0.173333
92 92 0.173333
93 93 -0.013333
94 94 -0.120000
95 95 0.093333
96 96 0.093333
97 97 -0.173333
98 98 0.146667
99 99 0.013333
100 100 0.200000
101 101 -0.200000
102 102 -0.066667
103 103 -0.146667
104 104 0.120000
105 105 -0.093333
106 106 -0.200000
107 107 0.200000
108 108 0.040000
109 109 0.173333
110 110 0.120000
111 111 0.173333
112 112 0.013333
113 113 0.120000
114 114 -0.013333
115 115 -0.200000
116 116 0.093333
117 117 0.040000
118 118 -0.040000
119 119 -0.173333
120 120 -0.066667
121 121 -0.066667
122 122 0.066667
123 123 0.013333
124 124 -0.066667
125 125 -0.200000
126 126 -0.200000
127 127 -0.066667
128 128 0.040000
1 5 -0.333333
1 6 -0.066667
1 7 -0.066667
1 8 0.200000
1 33 -0.066667
2 5 0.200000
2 6 1.000000
2 7 -5.000000
2 8 -0.733333
2 34 1.000000
3 5 0.733333
3 6 -1.000000
3 7 0.333333
3 8 -0.466667
3 35 1.000000
4 5 -0.733333
4 6 -0.200000
4 7 0.066667
4 8 -3.666667
4 36 -0.466667
5 13 0.333333
6 14 0.466667
7 15 -0.200000
8 16 -0.600000
9 13 -0.466667
9 14 0.200000
9 15 0.333333
9 16 -0.866667
9 41 -0.600000
10 13 -1.000000
10 14 0.866667
10 15 -1.666667
10 16 0.466667
10 42 0.066667
11 13 0.866667
11 14 -1.000000
11 15 0.866667
11 16 -0.733333
11 43 0.866667
12 13 0.066667
12 14 -0.333333
12 15 -1.000000
12 16 0.600000
12 44 0.733333
13 21 -0.066667
14 22 -0.333333
15 23 0.066667
16 24 0.333333
17 21 -0.066667
17 22 0.200000
17 23 -4.333333
17 24 -1.000000
17 49 3.666667
18 21 0.466667
18 22 0.866667
18 23 1.000000
18 24 -0.466667
18 50 0.333333
19 21 0.466667
19 22 1.000000
19 23 0.466667
19 24 -0.600000
19 51 -4.333333
20 21 -0.466667
20 22 -0.866667
20 23 -1.000000
20 24 0.200000
20 52 -0.600000
21 29 -0.466667
22 30 -0.333333
23 31 0.466667
24 32 -0.466667
25 29 1.000000
25 30 -0.600000
25 31 -0.200000
25 32 -0.200000
25 57 -0.200000
26 29 0.066667
26 30 -0.733333
26 31 0.733333
26 32 0.200000
26 58 0.600000
27 29 -1.000000
27 30 -0.066667
27 31 -0.600000
27 32 -1.000000
27 59 0.600000
28 29 0.466667
28 30 -0.866667
28 31 -4.333333
28 32 0.600000
28 60 -0.466667
33 37 0.200000
33 38 -0.600000
33 39 1.000000
33 40 -1.000000
33 65 -0.200000
34 37 3.000000
34 38 -1.000000
34 39 -0.600000
34 40 -0.600000
34 66 -1.000000
35 37 0.733333
35 38 -0.466667
35 39 -0.333333
35 40 0.200000
35 67 -0.866667
36 37 0.466667
36 38 5.000000
36 39 0.066667
36 40 0.066667
36 68 1.000000
37 45 -0.600000
38 46 -0.466667
39 47 -0.600000
40 48 -0.333333
41 45 -0.066667
41 46 -0.466667
41 47 -0.733333
41 48 0.733333
41 73 2.333333
42 45 0.600000
42 46 0.200000
42 47 0.866667
42 48 0.066667
42 74 0.200000
43 45 0.733333
43 46 0.466667
43 47 0.333333
43 48 -0.066667
43 75 0.466667
44 45 0.733333
44 46 0.866667
44 47 -0.600000
44 48 0.066667
44 76 1.000000
45 53 -0.333333
46 54 0.466667
47 55 0.200000
48 56 -0.866667
49 53 0.866667
49 54 0.200000
49 55 0.600000
49 56 1.000000
49 81 0.466667
50 53 -1.000000
50 54 -0.466667
50 55 -4.333333
50 56 -0.600000
50 82 0.066667
51 53 -1.000000
51 54 0.200000
51 55 1.000000
51 56 -1.000000
51 83 0.200000
52 53 -0.733333
52 54 0.333333
52 55 -0.200000
52 56 0.733333
52 84 0.066667
53 61 -0.733333
54 62 -2.333333
55 63 -0.333333
56 64 -0.466667
57 61 -0.466667
57 62 1.000000
57 63 -0.733333
57 64 -0.333333
57 89 -0.200000
58 61 -0.066667
58 62 -0.066667
58 63 0.066667
58 64 4.333333
58 90 -0.733333
59 61 -0.600000
59 62 -3.000000
59 63 -0.866667
59 64 -1.000000
59 91 0.200000
60 61 0.200000
60 62 -0.333333
60 63 -0.466667
60 64 -1.000000
60 92 -0.866667
65 69 1.666667
65 70 -0.333333
65 71 1.000000
65 72 -3.666667
65 97 0.200000
66 69 3.666667
66 70 -0.333333
66 71 0.466667
66 72 1.000000
66 98 1.000000
67 69 -0.200000
67 70 -0.466667
67 71 0.733333
67 72 1.000000
67 99 -3.666667
68 69 -0.866667
68 70 0.066667
68 71 -0.600000
68 72 0.466667
68 100 0.466667
69 77 1.000000
70 78 -1.000000
71 79 -0.600000
72 80 1.000000
73 77 -0.066667
73 78 -0.200000
73 79 1.000000
73 80 1.000000
73 105 1.000000
74 77 -0.466667
74 78 -0.466667
74 79 -0.733333
74 80 0.600000
74 106 -0.333333
75 77 -0.066667
75 78 -0.333333
75 79 -0.333333
75 80 -0.600000
75 107 -1.000000
76 77 0.333333
76 78 0.200000
76 79 0.466667
76 80 -0.066667
76 108 -0.733333
77 85 1.000000
78 86 -0.333333
79 87 0.200000
80 88 0.200000
81 85 -0.866667
81 86 -0.733333
81 87 0.866667
81 88 0.600000
81 113 0.333333
82 85 -0.866667
82 86 -1.000000
82 87 5.000000
82 88 0.200000
82 114 0.733333
83 85 -1.000000
83 86 1.666667
83 87 3.000000
83 88 0.866667
83 115 -3.666667
84 85 0.733333
84 86 -0.733333
84 87 -0.066667
84 88 0.066667
84 116 -0.333333
85 93 1.666667
86 94 0.066667
87 95 0.333333
88 96 0.466667
89 93 -0.866667
89 94 -1.000000
89 95 -0.333333
89 96 0.333333
89 121 -0.333333
90 93 -0.200000
90 94 0.200000
90 95 -5.000000
90 96 -0.333333
90 122 -0.866667
91 93 0.466667
91 94 0.333333
91 95 0.200000
91 96 1.000000
91 123 1.000000
92 93 -0.200000
92 94 -0.333333
92 95 -0.066667
92 96 0.066667
92 124 -0.466667
97 101 1.000000
97 102 -0.466667
97 103 -0.200000
97 104 -0.333333
98 101 0.466667
98 102 0.066667
98 103 0.333333
98 104 -1.666667
99 101 0.200000
99 102 -0.600000
99 103 0.333333
99 104 0.466667
100 101 -0.333333
100 102 0.333333
100 103 -0.333333
100 104 -1.666667
101 109 -0.600000
102 110 -0.466667
103 111 -0.066667
104 112 -0.866667
105 109 -0.466667
105 110 0.200000
105 111 -0.333333
105 112 -0.600000
106 109 -0.600000
106 110 -0.066667
106 111 -0.733333
106 112 -0.066667
107 109 0.333333
107 110 0.466667
107 111 1.000000
107 112 -0.866667
108 109 -0.200000
108 110 0.333333
108 111 -0.333333
108 112 0.866667
109 117 0.733333
110 118 -0.200000
111 119 -0.333333
112 120 0.733333
113 117 1.000000
113 118 -0.866667
113 119 3.000000
113 120 0.066667
114 117 -0.200000
114 118 -4.333333
114 119 0.600000
114 120 -0.466667
115 117 -0.066667
115 118 -0.333333
115 119 1.000000
115 120 -0.200000
116 117 0.200000
116 118 -0.733333
116 119 0.200000
116 120 0.866667
117 125 1.000000
118 126 0.733333
119 127 0.466667
120 128 0.600000
121 125 -2.333333
121 126 -1.000000
121 127 -0.200000
121 128 1.000000
122 125 -0.466667
122 126 -0.733333
122 127 -1.000000
122 128 0.600000
123 125 0.866667
123 126 0.200000
123 127 -0.600000
123 128 0.600000
124 125 4.333333
124 126 2.333333
124 127 -1.666667
124 128 0.200000