#
1 1 -0.120000
2 2 -0.040000
3 3 -0.066667
4 4 -0.013333
5 5 -0.093333
6 6 0.093333
7 7 0.066667
8 8 -0.146667
9 9 0.200000
10 10 -0.200000
11 11 -0.093333
12 12 -0.120000
13 13 -0.013333
14 14 0.093333
15 15 0.093333
16 16 0.013333
17 17 -0.146667
18 18 0.146667
19 19 0.040000
20 20 0.066667
21 21 -0.066667
22 22 -0.013333
23 23 0.120000
24 24 0.146667
25 25 0.093333
26 26 0.173333
27 27 0.173333
28 28 0.146667
29 29 -0.146667
30 30 0.200000
31 31 0.200000
32 32 0.093333
33 33 0.200000
34 34 0.013333
35 35 0.120000
36 36 0.013333
37 37 -0.120000
38 38 -0.093333
39 39 -0.200000
40 40 0.066667
41 41 -0.066667
42 42 0.093333
43 43 0.093333
44 44 0.013333
45 45 0.146667
46 46 -0.146667
47 47 0.120000
48 48 0.120000
49 49 -0.146667
50 50 -0.066667
51 51 0.120000
52 52 -0.093333
53 53 0.093333
54 54 -0.200000
55 55 -0.173333
56 56 0.066667
57 57 -0.200000
58 58 0.173333
59 59 0.093333
60 60 0.066667
61 61 0.066667
62 62 -0.066667
63 63 -0.066667
64 64 0.173333
65 65 0.200000
66 66 -0.013333
67 67 -0.093333
68 68 -0.146667
69 69 0.066667
70 70 0.013333
71 71 0.066667
72 72 -0.173333
73 73 0.200000
74 74 0.093333
75 75 0.093333
76 76 0.093333
77 77 -0.093333
78 78 0.066667
79 79 -0.146667
80 80 0.173333
81 81 -0.146667
82 82 0.120000
83 83 0.173333
84 84 -0.120000
85 85 0.040000
86 86 0.066667
87 87 0.093333
88 88 -0.066667
89 89 -0.040000
90 90 0.146667
91 91 0.093333
92 92 -0.146667
93 93 -0.173333
94 94 -0.120000
95 95 0.093333
96 96 -0.066667
97 97 -0.200000
98 98 0.040000
99 99 -0.173333
100 100 -0.120000
101 101 0.173333
102 102 -0.120000
103 103 0.093333
104 104 -0.040000
105 105 0.066667
106 106 0.093333
107 107 -0.066667
108 108 0.013333
109 109 -0.200000
110 110 -0.066667
111 111 0.040000
112 112 0.066667
113 113 -0.120000
114 114 0.040000
115 115 0.200000
116 116 -0.173333
117 117 -0.013333
118 118 -0.093333
119 119 0.120000
120 120 -0.120000
121 121 0.040000
122 122 0.013333
123 123 -0.173333
124 124 -0.013333
125 125 0.173333
126 126 -0.093333
127 127 0.013333
128 128 0.200000
1 5 -1.000000
1 6 -0.733333
1 7 0.866667
1 8 -0.333333
1 33 -0.466667
2 5 0.466667
2 6 -0.066667
2 7 -0.866667
2 8 0.600000
2 34 0.733333
3 5 0.733333
3 6 -1.000000
3 7 -0.200000
3 8 -0.733333
3 35 0.200000
4 5 -3.000000
4 6 -0.333333
4 7 0.200000
4 8 -0.600000
4 36 -0.866667
5 13 -2.333333
6 14 -5.000000
7 15 -0.600000
8 16 0.600000
9 13 1.000000
9 14 0.600000
9 15 0.466667
9 16 0.600000
9 41 0.466667
10 13 -0.066667
10 14 0.600000
10 15 -0.066667
10 16 -1.000000
10 42 0.066667
11 13 -0.466667
11 14 0.333333
11 15 -0.200000
11 16 0.066667
11 43 0.333333
12 13 -0.733333
12 14 -0.600000
12 15 0.866667
12 16 0.200000
12 44 1.000000
13 21 0.066667
14 22 0.333333
15 23 -1.000000
16 24 0.466667
17 21 -1.666667
17 22 0.066667
17 23 -0.600000
17 24 0.333333
17 49 0.600000
18 21 -0.066667
18 22 -0.866667
18 23 0.466667
18 24 0.466667
18 50 0.866667
19 21 1.000000
19 22 0.866667
19 23 -0.333333
19 24 -0.066667
19 51 -2.333333
20 21 -0.466667
20 22 -0.733333
20 23 -1.000000
20 24 0.600000
20 52 -0.866667
21 29 -0.600000
22 30 -0.200000
23 31 0.333333
24 32 0.733333
25 29 -1.000000
25 30 0.466667
25 31 0.733333
25 32 0.200000
25 57 -0.466667
26 29 0.733333
26 30 -0.200000
26 31 0.333333
26 32 0.066667
26 58 -1.000000
27 29 -1.000000
27 30 -0.733333
27 31 -3.666667
27 32 -0.466667
27 59 1.000000
28 29 0.866667
28 30 0.466667
28 31 -0.733333
28 32 0.466667
28 60 -2.333333
33 37 0.200000
33 38 0.466667
33 39 -1.000000
33 40 0.733333
33 65 1.000000
34 37 -0.600000
34 38 1.666667
34 39 -2.333333
34 40 -0.200000
34 66 1.000000
35 37 -0.066667
35 38 0.200000
35 39 0.733333
35 40 0.466667
35 67 0.333333
36 37 0.866667
36 38 -0.466667
36 39 0.866667
36 40 0.066667
36 68 0.333333
37 45 -0.200000
38 46 0.733333
39 47 -0.066667
40 48 0.200000
41 45 -1.666667
41 46 0.600000
41 47 0.066667
41 48 0.866667
41 73 0.066667
42 45 -0.066667
42 46 -0.466667
42 47 -0.333333
42 48 -0.333333
42 74 0.333333
43 45 0.466667
43 46 -3.000000
43 47 0.733333
43 48 3.000000
43 75 0.466667
44 45 0.466667
44 46 -0.866667
44 47 0.600000
44 48 -1.000000
44 76 0.866667
45 53 0.600000
46 54 -1.000000
47 55 -0.733333
48 56 1.000000
49 53 1.000000
49 54 0.333333
49 55 0.733333
49 56 0.600000
49 81 -0.333333
50 53 0.600000
50 54 -0.066667
50 55 -0.333333
50 56 -0.333333
50 82 0.866667
51 53 0.600000
51 54 -0.066667
51 55 -0.866667
51 56 -0.333333
51 83 0.733333
52 53 0.333333
52 54 0.733333
52 55 0.466667
52 56 -0.466667
52 84 -0.200000
53 61 0.866667
54 62 -1.000000
55 63 -0.733333
56 64 0.333333
57 61 4.333333
57 62 0.066667
57 63 -0.066667
57 64 -0.600000
57 89 0.066667
58 61 0.733333
58 62 0.200000
58 63 0.333333
58 64 -0.066667
58 90 0.600000
59 61 0.733333
59 62 4.333333
59 63 1.000000
59 64 0.066667
59 91 0.200000
60 61 -0.333333
60 62 0.600000
60 63 -0.333333
60 64 -0.466667
60 92 0.200000
65 69 -0.333333
65 70 0.066667
65 71 0.200000
65 72 0.466667
65 97 0.600000
66 69 -2.333333
66 70 -0.866667
66 71 -0.066667
66 72 0.066667
66 98 -0.733333
67 69 2.333333
67 70 0.600000
67 71 -0.066667
67 72 -0.333333
67 99 -0.066667
68 69 -0.333333
68 70 0.200000
68 71 -0.866667
68 72 1.666667
68 100 0.466667
69 77 -1.000000
70 78 -0.466667
71 79 0.466667
72 80 0.866667
73 77 -3.666667
73 78 0.200000
73 79 0.066667
73 80 -0.333333
73 105 -1.666667
74 77 -0.200000
74 78 -0.733333
74 79 0.733333
74 80 0.733333
74 106 1.000000
75 77 -0.733333
75 78 1.000000
75 79 -0.600000
75 80 0.866667
75 107 0.200000
76 77 -0.066667
76 78 -0.333333
76 79 -0.733333
76 80 1.000000
76 108 0.733333
77 85 -0.066667
78 86 1.000000
79 87 -0.066667
80 88 1.000000
81 85 0.333333
81 86 0.200000
81 87 -3.666667
81 88 0.600000
81 113 -0.200000
82 85 -0.466667
82 86 0.200000
82 87 -0.466667
82 88 -0.200000
82 114 -1.000000
83 85 -1.000000
83 86 -0.733333
83 87 -1.666667
83 88 -0.466667
83 115 0.733333
84 85 0.200000
84 86 0.066667
84 87 0.866667
84 88 -0.200000
84 116 0.600000
85 93 1.000000
86 94 -0.733333
87 95 3.000000
88 96 -0.866667
89 93 -0.733333
89 94 0.866667
89 95 0.066667
89 96 -1.000000
89 121 -0.066667
90 93 0.733333
90 94 0.600000
90 95 0.466667
90 96 -0.866667
90 122 -0.600000
91 93 -0.866667
91 94 0.333333
91 95 -0.333333
91 96 -0.866667
91 123 1.000000
92 93 0.600000
92 94 -0.333333
92 95 0.200000
92 96 1.000000
92 124 0.466667
97 101 3.666667
97 102 0.333333
97 103 -3.666667
97 104 -1.000000
98 101 -0.066667
98 102 0.466667
98 103 -0.200000
98 104 -0.600000
99 101 -0.333333
99 102 0.733333
99 103 0.600000
99 104 0.866667
100 101 0.600000
100 102 0.600000
100 103 -0.733333
100 104 -1.000000
101 109 -4.333333
102 110 1.000000
103 111 -0.866667
104 112 0.066667
105 109 -1.666667
105 110 -0.600000
105 111 1.000000
105 112 0.200000
106 109 3.666667
106 110 -1.666667
106 111 0.200000
106 112 0.333333
107 109 -0.466667
107 110 1.000000
107 111 -0.866667
107 112 -0.066667
108 109 1.000000
108 110 0.200000
108 111 0.066667
108 112 -0.200000
109 117 -0.866667
110 118 -0.866667
111 119 0.466667
112 120 0.200000
113 117 0.200000
113 118 0.866667
113 119 -0.333333
113 120 -0.466667
114 117 -0.866667
114 118 -1.000000
114 119 0.333333
114 120 -0.733333
115 117 1.000000
115 118 -0.600000
115 119 0.733333
115 120 -1.000000
116 117 0.733333
116 118 0.333333
116 119 0.600000
116 120 0.200000
117 125 0.600000
118 126 -0.866667
119 127 0.466667
120 128 5.000000
121 125 1.000000
121 126 -0.600000
121 127 0.600000
121 128 -0.466667
122 125 1.000000
122 126 -0.066667
122 127 -0.866667
122 128 0.866667
123 125 1.000000
123 126 -1.000000
123 127 0.066667
123 128 0.733333
124 125 0.200000
124 126 -0.466667
124 127 -0.733333
124 128 3.000000