#
1 1 -0.040000
2 2 0.013333
3 3 -0.093333
4 4 0.066667
5 5 -0.040000
6 6 0.066667
7 7 0.040000
8 8 0.200000
9 9 0.120000
10 10 -0.120000
11 11 0.173333
12 12 0.013333
13 13 -0.200000
14 14 -0.040000
15 15 0.013333
16 16 -0.040000
17 17 -0.200000
18 18 -0.146667
19 19 0.200000
20 20 -0.093333
21 21 0.120000
22 22 0.013333
23 23 0.173333
24 24 0.013333
25 25 0.173333
26 26 0.013333
27 27 -0.013333
28 28 0.093333
29 29 -0.093333
30 30 -0.173333
31 31 0.200000
32 32 0.013333
33 33 -0.200000
34 34 -0.120000
35 35 0.040000
36 36 0.200000
37 37 0.040000
38 38 0.066667
39 39 0.146667
40 40 0.040000
41 41 0.040000
42 42 0.040000
43 43 0.066667
44 44 -0.200000
45 45 -0.093333
46 46 -0.146667
47 47 -0.066667
48 48 0.146667
49 49 -0.093333
50 50 -0.066667
51 51 0.146667
52 52 -0.173333
53 53 0.013333
54 54 -0.173333
55 55 -0.040000
56 56 -0.200000
57 57 -0.200000
58 58 -0.120000
59 59 0.066667
60 60 0.066667
61 61 -0.146667
62 62 -0.040000
63 63 -0.200000
64 64 -0.146667
65 65 0.040000
66 66 -0.146667
67 67 -0.093333
68 68 0.173333
69 69 -0.066667
70 70 -0.146667
71 71 -0.040000
72 72 -0.120000
73 73 -0.120000
74 74 0.120000
75 75 -0.120000
76 76 -0.013333
77 77 0.120000
78 78 -0.013333
79 79 0.093333
80 80 -0.146667
81 81 0.200000
82 82 0.200000
83 83 0.200000
84 84 -0.173333
85 85 0.093333
86 86 0.120000
87 87 -0.013333
88 88 -0.013333
89 89 -0.066667
90 90 0.040000
91 91 -0.173333
92 92 -0.173333
93 93 0.146667
94 94 -0.146667
95 95 0.173333
96 96 -0.173333
97 97 -0.200000
98 98 0.146667
99 99 -0.120000
100 100 -0.120000
101 101 0.093333
102 102 0.093333
103 103 -0.173333
104 104 0.200000
105 105 0.013333
106 106 -0.120000
107 107 0.066667
108 108 0.120000
109 109 0.066667
110 110 -0.013333
111 111 -0.146667
112 112 -0.093333
113 113 -0.066667
114 114 0.200000
115 115 0.093333
116 116 -0.120000
117 117 0.066667
118 118 0.066667
119 119 -0.146667
120 120 -0.173333
121 121 -0.146667
122 122 -0.146667
123 123 -0.093333
124 124 -0.146667
125 125 0.013333
126 126 -0.146667
127 127 -0.200000
128 128 0.040000
1 5 4.333333
1 6 4.333333
1 7 -0.200000
1 8 -0.466667
1 33 0.600000
2 5 0.733333
2 6 -0.466667
2 7 -0.200000
2 8 -0.066667
2 34 -0.200000
3 5 0.333333
3 6 -3.000000
3 7 0.600000
3 8 -0.333333
3 35 0.066667
4 5 -0.333333
4 6 -0.066667
4 7 1.000000
4 8 -0.066667
4 36 -0.733333
5 13 -4.333333
6 14 -0.466667
7 15 0.733333
8 16 0.466667
9 13 0.866667
9 14 -0.066667
9 15 -3.666667
9 16 0.066667
9 41 -1.000000
10 13 5.000000
10 14 0.733333
10 15 0.333333
10 16 0.200000
10 42 -0.600000
11 13 -3.000000
11 14 0.333333
11 15 -0.733333
11 16 0.200000
11 43 -0.866667
12 13 -0.866667
12 14 -0.866667
12 15 -0.333333
12 16 -0.333333
12 44 0.200000
13 21 0.600000
14 22 0.333333
15 23 1.000000
16 24 0.733333
17 21 -1.000000
17 22 -1.666667
17 23 0.466667
17 24 -3.000000
17 49 0.466667
18 21 -0.600000
18 22 -0.866667
18 23 -0.733333
18 24 -3.666667
18 50 1.000000
19 21 0.333333
19 22 0.600000
19 23 0.333333
19 24 -0.600000
19 51 0.200000
20 21 -0.200000
20 22 1.000000
20 23 -0.333333
20 24 -0.466667
20 52 0.733333
21 29 0.600000
22 30 -0.066667
23 31 0.066667
24 32 -0.333333
25 29 0.600000
25 30 -0.333333
25 31 -0.600000
25 32 -0.466667
25 57 -0.600000
26 29 -0.066667
26 30 -1.000000
26 31 0.600000
26 32 0.733333
26 58 0.200000
27 29 0.466667
27 30 0.866667
27 31 -0.733333
27 32 -1.000000
27 59 0.333333
28 29 -1.000000
28 30 5.000000
28 31 0.866667
28 32 -0.733333
28 60 -0.600000
33 37 -0.466667
33 38 -0.333333
33 39 -0.866667
33 40 -0.466667
33 65 0.200000
34 37 5.000000
34 38 -0.066667
34 39 0.866667
34 40 -0.333333
34 66 -0.600000
35 37 1.000000
35 38 1.000000
35 39 0.866667
35 40 0.066667
35 67 -0.600000
36 37 -0.333333
36 38 0.600000
36 39 -0.600000
36 40 -0.733333
36 68 0.866667
37 45 -0.333333
38 46 -0.333333
39 47 -1.000000
40 48 0.066667
41 45 -0.733333
41 46 0.733333
41 47 -0.466667
41 48 -0.733333
41 73 1.000000
42 45 1.000000
42 46 0.466667
42 47 -0.466667
42 48 0.200000
42 74 0.200000
43 45 0.333333
43 46 -0.466667
43 47 -1.666667
43 48 -0.466667
43 75 -0.066667
44 45 -0.600000
44 46 -0.333333
44 47 -0.600000
44 48 -0.466667
44 76 1.000000
45 53 0.466667
46 54 0.200000
47 55 0.066667
48 56 1.000000
49 53 -0.200000
49 54 2.333333
49 55 0.600000
49 56 0.733333
49 81 0.866667
50 53 0.600000
50 54 -0.866667
50 55 0.200000
50 56 1.000000
50 82 -0.200000
51 53 -0.333333
51 54 -0.866667
51 55 -0.200000
51 56 -0.200000
51 83 -0.466667
52 53 0.866667
52 54 3.000000
52 55 -0.066667
52 56 0.466667
52 84 -0.333333
53 61 0.200000
54 62 0.600000
55 63 0.466667
56 64 0.200000
57 61 1.000000
57 62 0.066667
57 63 0.066667
57 64 1.000000
57 89 0.466667
58 61 -0.466667
58 62 1.000000
58 63 0.600000
58 64 0.600000
58 90 0.466667
59 61 0.200000
59 62 -0.200000
59 63 -0.066667
59 64 -0.600000
59 91 0.333333
60 61 -0.866667
60 62 0.333333
60 63 1.000000
60 64 -0.333333
60 92 -1.000000
65 69 0.333333
65 70 1.000000
65 71 -0.733333
65 72 -0.333333
65 97 1.000000
66 69 -0.466667
66 70 0.333333
66 71 -0.733333
66 72 0.200000
66 98 -0.466667
67 69 -0.600000
67 70 0.333333
67 71 0.466667
67 72 -1.000000
67 99 -0.333333
68 69 -0.466667
68 70 -0.200000
68 71 0.333333
68 72 -0.733333
68 100 -0.200000
69 77 -0.333333
70 78 1.000000
71 79 0.333333
72 80 0.600000
73 77 -0.600000
73 78 -0.200000
73 79 0.600000
73 80 0.466667
73 105 -0.733333
74 77 0.866667
74 78 -0.466667
74 79 -0.200000
74 80 0.466667
74 106 -0.466667
75 77 0.733333
75 78 -1.000000
75 79 -1.666667
75 80 0.066667
75 107 -0.200000
76 77 0.333333
76 78 0.200000
76 79 0.600000
76 80 1.000000
76 108 0.066667
77 85 -0.066667
78 86 0.333333
79 87 0.200000
80 88 0.333333
81 85 -0.866667
81 86 0.600000
81 87 -0.600000
81 88 -3.666667
81 113 0.466667
82 85 -0.600000
82 86 -0.733333
82 87 -0.733333
82 88 0.200000
82 114 0.333333
83 85 -0.200000
83 86 -0.733333
83 87 0.466667
83 88 -0.200000
83 115 0.733333
84 85 0.066667
84 86 -0.866667
84 87 1.000000
84 88 0.066667
84 116 0.200000
85 93 -1.000000
86 94 0.866667
87 95 0.066667
88 96 0.600000
89 93 0.466667
89 94 0.066667
89 95 -1.000000
89 96 -0.066667
89 121 -0.600000
90 93 0.600000
90 94 0.466667
90 95 0.733333
90 96 -0.733333
90 122 0.200000
91 93 -0.466667
91 94 -0.066667
91 95 0.200000
91 96 -1.000000
91 123 4.333333
92 93 0.600000
92 94 -0.066667
92 95 -0.733333
92 96 -1.000000
92 124 -0.733333
97 101 -0.466667
97 102 -0.600000
97 103 0.866667
97 104 0.200000
98 101 -1.000000
98 102 -0.333333
98 103 -0.200000
98 104 -0.600000
99 101 -0.333333
99 102 0.466667
99 103 -0.200000
99 104 -1.000000
100 101 -0.066667
100 102 -0.066667
100 103 0.066667
100 104 -0.600000
101 109 0.466667
102 110 -0.066667
103 111 1.666667
104 112 -0.066667
105 109 -0.866667
105 110 -0.866667
105 111 -1.000000
105 112 -1.000000
106 109 -0.466667
106 110 0.333333
106 111 -0.333333
106 112 5.000000
107 109 0.866667
107 110 0.333333
107 111 -1.000000
107 112 4.333333
108 109 0.333333
108 110 -0.066667
108 111 0.733333
108 112 0.600000
109 117 -0.600000
110 118 0.333333
111 119 -0.466667
112 120 -0.866667
113 117 -0.200000
113 118 0.600000
113 119 0.333333
113 120 -0.466667
114 117 0.733333
114 118 -1.000000
114 119 -0.866667
114 120 -0.333333
115 117 -0.333333
115 118 -0.066667
115 119 0.066667
115 120 -1.666667
116 117 0.333333
116 118 1.000000
116 119 -0.866667
116 120 -3.000000
117 125 0.333333
118 126 -0.600000
119 127 -0.200000
120 128 -5.000000
121 125 0.333333
121 126 -0.866667
121 127 -1.000000
121 128 -0.066667
122 125 -0.600000
122 126 -1.000000
122 127 0.466667
122 128 -1.666667
123 125 -0.200000
123 126 1.000000
123 127 0.733333
123 128 -0.466667
124 125 -0.066667
124 126 2.333333
124 127 -0.466667
124 128 2.333333