#
1 1 0.146667
2 2 0.120000
3 3 -0.173333
4 4 -0.040000
5 5 0.066667
6 6 -0.093333
7 7 -0.200000
8 8 0.093333
9 9 -0.173333
10 10 0.173333
11 11 0.066667
12 12 -0.066667
13 13 -0.040000
14 14 -0.120000
15 15 -0.013333
16 16 0.200000
17 17 -0.093333
18 18 -0.120000
19 19 0.173333
20 20 0.066667
21 21 0.120000
22 22 -0.040000
23 23 -0.120000
24 24 -0.093333
25 25 0.093333
26 26 0.040000
27 27 -0.040000
28 28 0.173333
29 29 0.146667
30 30 -0.013333
31 31 -0.093333
32 32 0.173333
33 33 0.146667
34 34 -0.200000
35 35 -0.040000
36 36 -0.093333
37 37 -0.200000
38 38 0.040000
39 39 -0.120000
40 40 0.120000
41 41 -0.013333
42 42 0.120000
43 43 -0.040000
44 44 -0.200000
45 45 0.173333
46 46 -0.066667
47 47 0.066667
48 48 -0.146667
49 49 -0.013333
50 50 -0.146667
51 51 -0.093333
52 52 0.040000
53 53 0.013333
54 54 0.200000
55 55 0.173333
56 56 0.200000
57 57 0.120000
58 58 -0.013333
59 59 -0.200000
60 60 -0.093333
61 61 -0.066667
62 62 -0.200000
63 63 -0.120000
64 64 0.066667
65 65 0.120000
66 66 0.093333
67 67 0.120000
68 68 -0.093333
69 69 0.040000
70 70 -0.093333
71 71 -0.173333
72 72 -0.013333
73 73 -0.013333
74 74 0.066667
75 75 -0.013333
76 76 -0.013333
77 77 0.093333
78 78 -0.013333
79 79 0.066667
80 80 -0.200000
81 81 -0.040000
82 82 -0.173333
83 83 -0.173333
84 84 0.013333
85 85 -0.013333
86 86 0.093333
87 87 -0.040000
88 88 -0.040000
89 89 0.120000
90 90 0.173333
91 91 -0.200000
92 92 0.040000
93 93 0.173333
94 94 -0.146667
95 95 0.146667
96 96 0.200000
97 97 0.093333
98 98 -0.066667
99 99 0.066667
100 100 -0.120000
101 101 0.200000
102 102 -0.013333
103 103 0.200000
104 104 0.120000
105 105 0.066667
106 106 0.066667
107 107 0.200000
108 108 0.120000
109 109 0.040000
110 110 0.013333
111 111 0.066667
112 112 -0.066667
113 113 -0.173333
114 114 -0.173333
115 115 -0.066667
116 116 -0.173333
117 117 -0.066667
118 118 0.173333
119 119 -0.066667
120 120 0.146667
121 121 -0.120000
122 122 -0.173333
123 123 0.200000
124 124 -0.120000
125 125 -0.093333
126 126 -0.040000
127 127 0.200000
128 128 -0.013333
1 5 -1.000000
1 6 0.200000
1 7 -0.200000
1 8 -0.866667
1 33 -0.200000
2 5 0.600000
2 6 0.466667
2 7 -0.733333
2 8 -0.866667
2 34 0.066667
3 5 -1.000000
3 6 -0.200000
3 7 0.600000
3 8 -0.333333
3 35 0.600000
4 5 -0.200000
4 6 0.866667
4 7 2.333333
4 8 -1.000000
4 36 1.666667
5 13 0.333333
6 14 -0.200000
7 15 0.066667
8 16 -0.866667
9 13 -1.000000
9 14 0.466667
9 15 0.600000
9 16 1.666667
9 41 0.200000
10 13 -1.000000
10 14 -0.466667
10 15 -0.066667
10 16 -0.600000
10 42 -0.333333
11 13 -0.200000
11 14 0.733333
11 15 0.200000
11 16 0.466667
11 43 0.066667
12 13 0.466667
12 14 -0.066667
12 15 0.600000
12 16 -0.333333
12 44 1.000000
13 21 1.000000
14 22 0.466667
15 23 0.200000
16 24 0.066667
17 21 1.666667
17 22 -0.066667
17 23 -0.600000
17 24 -0.733333
17 49 0.733333
18 21 0.866667
18 22 -0.733333
18 23 -0.466667
18 24 0.066667
18 50 0.733333
19 21 -0.866667
19 22 0.066667
19 23 -0.866667
19 24 0.733333
19 51 0.066667
20 21 1.000000
20 22 -0.733333
20 23 -0.866667
20 24 0.733333
20 52 -0.200000
21 29 -0.200000
22 30 -0.066667
23 31 -0.866667
24 32 -0.466667
25 29 -0.600000
25 30 0.333333
25 31 -5.000000
25 32 -1.000000
25 57 -0.600000
26 29 -0.066667
26 30 0.333333
26 31 0.333333
26 32 0.333333
26 58 1.000000
27 29 -0.066667
27 30 -0.866667
27 31 -0.333333
27 32 -0.333333
27 59 0.600000
28 29 -0.866667
28 30 -0.066667
28 31 -0.333333
28 32 0.066667
28 60 -0.866667
33 37 -0.066667
33 38 0.466667
33 39 -0.733333
33 40 0.733333
33 65 -0.733333
34 37 -0.466667
34 38 0.866667
34 39 -2.333333
34 40 -0.866667
34 66 4.333333
35 37 0.066667
35 38 -0.466667
35 39 -0.333333
35 40 -0.466667
35 67 0.733333
36 37 0.066667
36 38 -0.866667
36 39 0.866667
36 40 -0.733333
36 68 0.466667
37 45 -0.866667
38 46 0.866667
39 47 0.866667
40 48 1.000000
41 45 1.000000
41 46 -1.000000
41 47 0.066667
41 48 0.866667
41 73 -0.200000
42 45 -0.066667
42 46 -0.866667
42 47 1.666667
42 48 -0.600000
42 74 0.333333
43 45 0.333333
43 46 0.600000
43 47 -0.866667
43 48 0.466667
43 75 0.200000
44 45 0.733333
44 46 0.200000
44 47 0.066667
44 48 -0.600000
44 76 0.866667
45 53 -4.333333
46 54 -1.000000
47 55 -0.333333
48 56 -1.000000
49 53 0.066667
49 54 0.866667
49 55 0.066667
49 56 1.000000
49 81 -0.600000
50 53 0.466667
50 54 -5.000000
50 55 -1.000000
50 56 0.866667
50 82 4.333333
51 53 0.066667
51 54 0.200000
51 55 -0.333333
51 56 -0.866667
51 83 -0.866667
52 53 3.000000
52 54 0.333333
52 55 -0.866667
52 56 0.333333
52 84 0.600000
53 61 -0.200000
54 62 0.066667
55 63 -2.333333
56 64 0.733333
57 61 0.200000
57 62 -0.333333
57 63 0.333333
57 64 0.733333
57 89 -0.866667
58 61 4.333333
58 62 1.000000
58 63 0.466667
58 64 -0.600000
58 90 -0.866667
59 61 0.733333
59 62 1.000000
59 63 -0.466667
59 64 -0.066667
59 91 0.866667
60 61 0.333333
60 62 -0.066667
60 63 0.866667
60 64 -0.066667
60 92 1.000000
65 69 -0.866667
65 70 0.466667
65 71 0.733333
65 72 0.733333
65 97 -1.000000
66 69 -1.666667
66 70 0.866667
66 71 0.600000
66 72 -0.866667
66 98 -0.066667
67 69 -0.066667
67 70 -0.333333
67 71 1.000000
67 72 0.333333
67 99 0.333333
68 69 -0.333333
68 70 0.866667
68 71 -1.000000
68 72 -0.866667
68 100 -0.333333
69 77 -0.200000
70 78 -1.666667
71 79 -0.066667
72 80 -0.600000
73 77 -0.200000
73 78 -0.466667
73 79 -0.600000
73 80 0.466667
73 105 -1.000000
74 77 -0.333333
74 78 0.466667
74 79 0.333333
74 80 1.000000
74 106 0.466667
75 77 -0.600000
75 78 -0.733333
75 79 0.733333
75 80 -1.000000
75 107 0.333333
76 77 -0.200000
76 78 0.600000
76 79 0.200000
76 80 -1.000000
76 108 -0.733333
77 85 -0.600000
78 86 1.000000
79 87 -1.000000
80 88 -0.066667
81 85 -0.066667
81 86 0.333333
81 87 0.066667
81 88 -0.733333
81 113 -0.333333
82 85 0.733333
82 86 -1.000000
82 87 -0.733333
82 88 1.000000
82 114 0.733333
83 85 1.000000
83 86 -3.000000
83 87 0.466667
83 88 -0.733333
83 115 -0.066667
84 85 -1.000000
84 86 0.200000
84 87 1.000000
84 88 -0.066667
84 116 0.333333
85 93 0.333333
86 94 0.466667
87 95 -1.000000
88 96 -1.000000
89 93 0.733333
89 94 3.666667
89 95 5.000000
89 96 -0.466667
89 121 0.733333
90 93 3.000000
90 94 0.600000
90 95 0.866667
90 96 0.333333
90 122 0.333333
91 93 1.000000
91 94 0.733333
91 95 4.333333
91 96 -2.333333
91 123 1.000000
92 93 -0.066667
92 94 -0.466667
92 95 0.333333
92 96 -0.600000
92 124 1.000000
97 101 -0.066667
97 102 0.600000
97 103 -0.066667
97 104 0.200000
98 101 -0.466667
98 102 0.066667
98 103 0.333333
98 104 -0.200000
99 101 1.000000
99 102 0.066667
99 103 -0.066667
99 104 -0.733333
100 101 0.066667
100 102 -0.333333
100 103 -5.000000
100 104 -0.333333
101 109 0.333333
102 110 0.600000
103 111 0.066667
104 112 5.000000
105 109 -0.066667
105 110 -0.333333
105 111 -0.200000
105 112 0.733333
106 109 0.333333
106 110 0.200000
106 111 0.333333
106 112 0.200000
107 109 0.066667
107 110 0.066667
107 111 -0.466667
107 112 -0.733333
108 109 -0.066667
108 110 0.066667
108 111 0.866667
108 112 -1.666667
109 117 -0.466667
110 118 0.600000
111 119 1.000000
112 120 0.333333
113 117 -0.333333
113 118 0.600000
113 119 2.333333
113 120 0.333333
114 117 -0.466667
114 118 0.333333
114 119 1.000000
114 120 -0.333333
115 117 0.066667
115 118 0.600000
115 119 -0.600000
115 120 0.333333
116 117 -0.333333
116 118 -5.000000
116 119 -1.000000
116 120 3.000000
117 125 -0.600000
118 126 -0.600000
119 127 -5.000000
120 128 0.866667
121 125 0.866667
121 126 0.866667
121 127 -0.200000
121 128 0.866667
122 125 -0.466667
122 126 -0.333333
122 127 0.866667
122 128 0.333333
123 125 -0.466667
123 126 -0.600000
123 127 -4.333333
123 128 0.066667
124 125 0.733333
124 126 -0.466667
124 127 -0.600000
124 128 0.333333