#
1 1 -0.013333
2 2 -0.173333
3 3 -0.040000
4 4 0.093333
5 5 -0.066667
6 6 0.146667
7 7 0.173333
8 8 -0.093333
9 9 0.013333
10 10 -0.013333
11 11 0.013333
12 12 -0.146667
13 13 0.040000
14 14 0.120000
15 15 0.093333
16 16 0.066667
17 17 -0.173333
18 18 0.093333
19 19 0.066667
20 20 -0.120000
21 21 0.040000
22 22 -0.066667
23 23 -0.093333
24 24 -0.040000
25 25 -0.120000
26 26 0.120000
27 27 -0.040000
28 28 -0.120000
29 29 0.200000
30 30 -0.120000
31 31 0.146667
32 32 -0.146667
33 33 -0.013333
34 34 0.093333
35 35 -0.173333
36 36 0.173333
37 37 0.120000
38 38 0.040000
39 39 -0.173333
40 40 -0.093333
41 41 0.173333
42 42 -0.146667
43 43 -0.146667
44 44 0.200000
45 45 -0.173333
46 46 0.146667
47 47 -0.173333
48 48 0.200000
49 49 -0.120000
50 50 0.013333
51 51 0.093333
52 52 0.173333
53 53 0.120000
54 54 -0.040000
55 55 -0.066667
56 56 0.120000
57 57 0.066667
58 58 0.200000
59 59 0.040000
60 60 -0.066667
61 61 0.173333
62 62 0.093333
63 63 -0.013333
64 64 0.173333
65 65 -0.093333
66 66 0.013333
67 67 -0.200000
68 68 -0.013333
69 69 0.093333
70 70 0.120000
71 71 -0.040000
72 72 0.120000
73 73 0.200000
74 74 -0.120000
75 75 -0.040000
76 76 -0.040000
77 77 -0.040000
78 78 -0.040000
79 79 -0.146667
80 80 -0.040000
81 81 -0.120000
82 82 0.093333
83 83 -0.200000
84 84 -0.120000
85 85 0.146667
86 86 -0.173333
87 87 -0.066667
88 88 0.013333
89 89 0.146667
90 90 -0.013333
91 91 0.173333
92 92 0.040000
93 93 0.173333
94 94 -0.093333
95 95 -0.120000
96 96 -0.146667
97 97 0.013333
98 98 -0.013333
99 99 0.066667
100 100 -0.013333
101 101 0.173333
102 102 0.120000
103 103 0.146667
104 104 0.146667
105 105 0.066667
106 106 -0.013333
107 107 0.146667
108 108 -0.200000
109 109 0.066667
110 110 -0.093333
111 111 -0.013333
112 112 0.200000
113 113 -0.173333
114 114 -0.093333
115 115 -0.120000
116 116 0.173333
117 117 0.093333
118 118 0.066667
119 119 0.013333
120 120 -0.173333
121 121 -0.173333
122 122 -0.173333
123 123 -0.013333
124 124 -0.120000
125 125 0.200000
126 126 -0.040000
127 127 0.146667
128 128 -0.173333
1 5 0.333333
1 6 -0.866667
1 7 0.600000
1 8 -0.200000
1 33 -0.866667
2 5 0.466667
2 6 1.000000
2 7 -0.600000
2 8 0.066667
2 34 -0.200000
3 5 0.466667
3 6 0.866667
3 7 -4.333333
3 8 1.666667
3 35 -1.000000
4 5 0.200000
4 6 -0.866667
4 7 0.466667
4 8 0.733333
4 36 1.000000
5 13 -1.000000
6 14 1.666667
7 15 3.666667
8 16 0.066667
9 13 0.066667
9 14 0.733333
9 15 1.000000
9 16 -1.000000
9 41 -0.333333
10 13 -0.866667
10 14 0.866667
10 15 -0.066667
10 16 -0.733333
10 42 0.066667
11 13 0.466667
11 14 0.333333
11 15 0.333333
11 16 -0.866667
11 43 1.000000
12 13 -5.000000
12 14 -0.333333
12 15 -0.600000
12 16 -0.466667
12 44 0.466667
13 21 0.333333
14 22 -0.600000
15 23 -0.200000
16 24 -0.333333
17 21 0.733333
17 22 1.000000
17 23 -0.466667
17 24 0.733333
17 49 -4.333333
18 21 0.733333
18 22 0.200000
18 23 0.333333
18 24 0.866667
18 50 3.000000
19 21 -1.666667
19 22 1.000000
19 23 1.000000
19 24 0.466667
19 51 -3.666667
20 21 0.466667
20 22 -0.333333
20 23 -0.866667
20 24 -4.333333
20 52 0.466667
21 29 0.600000
22 30 -0.466667
23 31 -0.733333
24 32 1.000000
25 29 -0.466667
25 30 0.466667
25 31 -0.066667
25 32 -1.000000
25 57 0.866667
26 29 0.866667
26 30 -0.733333
26 31 -0.333333
26 32 0.200000
26 58 -0.466667
27 29 -0.200000
27 30 -0.466667
27 31 0.733333
27 32 1.000000
27 59 -0.733333
28 29 -0.066667
28 30 0.066667
28 31 -2.333333
28 32 0.733333
28 60 1.000000
33 37 -0.333333
33 38 0.466667
33 39 0.600000
33 40 0.866667
33 65 -1.000000
34 37 -0.066667
34 38 -4.333333
34 39 0.466667
34 40 -0.600000
34 66 0.600000
35 37 1.000000
35 38 -0.466667
35 39 -0.466667
35 40 0.866667
35 67 0.333333
36 37 -3.000000
36 38 -0.200000
36 39 -0.466667
36 40 5.000000
36 68 3.000000
37 45 -0.066667
38 46 -0.066667
39 47 -0.733333
40 48 0.200000
41 45 -0.733333
41 46 -0.733333
41 47 0.600000
41 48 1.000000
41 73 0.733333
42 45 0.066667
42 46 0.066667
42 47 -0.466667
42 48 0.200000
42 74 0.600000
43 45 -0.866667
43 46 -0.200000
43 47 -0.866667
43 48 1.000000
43 75 0.333333
44 45 -1.000000
44 46 0.466667
44 47 0.733333
44 48 -0.200000
44 76 0.600000
45 53 -0.333333
46 54 0.866667
47 55 0.466667
48 56 0.733333
49 53 -3.666667
49 54 1.000000
49 55 0.066667
49 56 2.333333
49 81 0.600000
50 53 1.000000
50 54 0.333333
50 55 -0.200000
50 56 0.866667
50 82 -0.200000
51 53 1.000000
51 54 -0.200000
51 55 -0.733333
51 56 -0.200000
51 83 0.866667
52 53 -0.466667
52 54 -0.466667
52 55 -0.466667
52 56 0.333333
52 84 -1.000000
53 61 -1.000000
54 62 -0.200000
55 63 0.466667
56 64 4.333333
57 61 0.066667
57 62 -0.733333
57 63 0.466667
57 64 -0.200000
57 89 -1.000000
58 61 -1.000000
58 62 -0.200000
58 63 -0.200000
58 64 -0.200000
58 90 -0.466667
59 61 0.866667
59 62 1.000000
59 63 0.733333
59 64 0.733333
59 91 0.600000
60 61 0.333333
60 62 -1.000000
60 63 0.600000
60 64 4.333333
60 92 2.333333
65 69 0.866667
65 70 0.466667
65 71 0.200000
65 72 0.066667
65 97 0.466667
66 69 -0.333333
66 70 -0.333333
66 71 -0.066667
66 72 5.000000
66 98 -0.600000
67 69 -0.733333
67 70 5.000000
67 71 0.066667
67 72 0.066667
67 99 -0.200000
68 69 -0.333333
68 70 -0.866667
68 71 -0.200000
68 72 -0.733333
68 100 0.733333
69 77 0.200000
70 78 0.866667
71 79 -0.600000
72 80 0.200000
73 77 -0.200000
73 78 -0.200000
73 79 -0.466667
73 80 0.333333
73 105 0.733333
74 77 0.866667
74 78 0.333333
74 79 0.333333
74 80 0.866667
74 106 0.733333
75 77 0.333333
75 78 -0.866667
75 79 -0.066667
75 80 -0.200000
75 107 -0.200000
76 77 0.200000
76 78 0.733333
76 79 0.866667
76 80 -0.733333
76 108 0.466667
77 85 0.866667
78 86 2.333333
79 87 0.733333
80 88 -0.866667
81 85 0.200000
81 86 -0.866667
81 87 -0.466667
81 88 -0.733333
81 113 0.466667
82 85 0.733333
82 86 0.466667
82 87 0.333333
82 88 1.000000
82 114 -0.333333
83 85 0.466667
83 86 0.200000
83 87 -0.333333
83 88 3.666667
83 115 1.000000
84 85 0.333333
84 86 -0.466667
84 87 -0.333333
84 88 -1.000000
84 116 -0.600000
85 93 -0.733333
86 94 0.866667
87 95 -3.666667
88 96 -0.733333
89 93 0.600000
89 94 -0.066667
89 95 0.333333
89 96 -0.733333
89 121 -0.066667
90 93 -0.466667
90 94 4.333333
90 95 -0.066667
90 96 -0.200000
90 122 -3.666667
91 93 -1.000000
91 94 -0.866667
91 95 -2.333333
91 96 -0.733333
91 123 -0.200000
92 93 -0.333333
92 94 0.466667
92 95 -0.866667
92 96 0.733333
92 124 -0.333333
97 101 0.866667
97 102 1.000000
97 103 -0.066667
97 104 -0.733333
98 101 1.000000
98 102 0.200000
98 103 -0.466667
98 104 0.866667
99 101 -1.000000
99 102 0.333333
99 103 -0.600000
99 104 0.600000
100 101 -0.466667
100 102 -3.000000
100 103 -1.000000
100 104 -0.733333
101 109 -0.600000
102 110 -0.466667
103 111 -1.000000
104 112 -0.600000
105 109 0.733333
105 110 0.466667
105 111 0.466667
105 112 -0.733333
106 109 -1.000000
106 110 0.066667
106 111 0.466667
106 112 -0.333333
107 109 -0.333333
107 110 -0.600000
107 111 -1.000000
107 112 1.000000
108 109 0.066667
108 110 -0.333333
108 111 -0.733333
108 112 0.333333
109 117 0.466667
110 118 -0.733333
111 119 0.066667
112 120 1.000000
113 117 0.333333
113 118 0.200000
113 119 -0.200000
113 120 -0.733333
114 117 0.066667
114 118 0.600000
114 119 -0.733333
114 120 -0.066667
115 117 0.866667
115 118 1.000000
115 119 -0.066667
115 120 -0.333333
116 117 0.466667
116 118 0.866667
116 119 0.333333
116 120 0.866667
117 125 0.066667
118 126 0.866667
119 127 0.866667
120 128 0.066667
121 125 -0.600000
121 126 1.000000
121 127 -0.200000
121 128 0.333333
122 125 1.000000
122 126 -0.200000
122 127 -0.733333
122 128 0.200000
123 125 -0.466667
123 126 -0.733333
123 127 -3.666667
123 128 0.466667
124 125 -0.333333
124 126 0.600000
124 127 0.066667
124 128 3.666667