#
1 1 0.173333
2 2 -0.013333
3 3 0.146667
4 4 -0.093333
5 5 -0.173333
6 6 0.013333
7 7 0.173333
8 8 -0.146667
9 9 -0.146667
10 10 -0.066667
11 11 -0.146667
12 12 -0.200000
13 13 0.146667
14 14 0.146667
15 15 0.040000
16 16 0.200000
17 17 0.093333
18 18 -0.013333
19 19 -0.200000
20 20 -0.093333
21 21 0.173333
22 22 -0.093333
23 23 -0.200000
24 24 -0.066667
25 25 -0.013333
26 26 -0.146667
27 27 -0.120000
28 28 -0.200000
29 29 -0.173333
30 30 0.093333
31 31 0.173333
32 32 -0.173333
33 33 0.093333
34 34 -0.146667
35 35 0.120000
36 36 0.093333
37 37 0.040000
38 38 0.093333
39 39 -0.173333
40 40 0.093333
41 41 -0.040000
42 42 -0.200000
43 43 0.173333
44 44 -0.120000
45 45 -0.146667
46 46 0.013333
47 47 0.146667
48 48 0.200000
49 49 -0.013333
50 50 -0.066667
51 51 0.013333
52 52 0.146667
53 53 -0.093333
54 54 -0.173333
55 55 -0.200000
56 56 -0.066667
57 57 -0.040000
58 58 -0.093333
59 59 -0.120000
60 60 -0.040000
61 61 -0.200000
62 62 0.093333
63 63 0.146667
64 64 0.200000
65 65 -0.200000
66 66 0.173333
67 67 -0.173333
68 68 -0.040000
69 69 -0.146667
70 70 0.013333
71 71 0.066667
72 72 0.200000
73 73 0.066667
74 74 -0.200000
75 75 -0.120000
76 76 -0.120000
77 77 0.040000
78 78 -0.013333
79 79 -0.066667
80 80 0.066667
81 81 0.013333
82 82 -0.093333
83 83 0.200000
84 84 0.093333
85 85 0.200000
86 86 0.146667
87 87 -0.040000
88 88 -0.066667
89 89 0.120000
90 90 0.066667
91 91 -0.200000
92 92 0.040000
93 93 -0.200000
94 94 -0.200000
95 95 -0.120000
96 96 0.013333
97 97 -0.040000
98 98 0.066667
99 99 0.066667
100 100 0.173333
101 101 -0.173333
102 102 -0.040000
103 103 -0.200000
104 104 -0.040000
105 105 -0.120000
106 106 -0.093333
107 107 0.200000
108 108 0.120000
109 109 0.040000
110 110 0.200000
111 111 -0.066667
112 112 0.040000
113 113 -0.093333
114 114 0.146667
115 115 -0.200000
116 116 0.013333
117 117 0.120000
118 118 0.013333
119 119 0.040000
120 120 0.013333
121 121 0.200000
122 122 -0.040000
123 123 -0.146667
124 124 -0.173333
125 125 -0.173333
126 126 0.120000
127 127 -0.200000
128 128 0.013333
1 5 1.000000
1 6 1.000000
1 7 -0.333333
1 8 0.466667
1 33 0.333333
2 5 -0.066667
2 6 -1.000000
2 7 -0.866667
2 8 0.066667
2 34 -3.000000
3 5 -0.466667
3 6 -1.000000
3 7 -3.666667
3 8 -0.333333
3 35 -1.000000
4 5 0.066667
4 6 -0.466667
4 7 0.333333
4 8 0.466667
4 36 -0.333333
5 13 0.333333
6 14 3.666667
7 15 0.466667
8 16 -0.200000
9 13 1.000000
9 14 -0.733333
9 15 -0.866667
9 16 -1.000000
9 41 -0.466667
10 13 -0.200000
10 14 0.866667
10 15 0.466667
10 16 -0.600000
10 42 -0.333333
11 13 0.333333
11 14 0.333333
11 15 -0.600000
11 16 0.600000
11 43 0.200000
12 13 -0.066667
12 14 0.200000
12 15 -0.600000
12 16 5.000000
12 44 0.600000
13 21 -5.000000
14 22 1.000000
15 23 -0.200000
16 24 -3.000000
17 21 0.600000
17 22 -0.866667
17 23 0.200000
17 24 -0.600000
17 49 -0.333333
18 21 0.333333
18 22 0.466667
18 23 0.200000
18 24 -0.066667
18 50 0.866667
19 21 1.000000
19 22 0.200000
19 23 -0.333333
19 24 0.600000
19 51 0.866667
20 21 -0.600000
20 22 -2.333333
20 23 -0.333333
20 24 -0.333333
20 52 -0.733333
21 29 -0.333333
22 30 -1.666667
23 31 0.866667
24 32 -1.000000
25 29 0.466667
25 30 -1.000000
25 31 0.466667
25 32 0.333333
25 57 -0.200000
26 29 0.200000
26 30 -4.333333
26 31 0.866667
26 32 0.866667
26 58 -0.866667
27 29 0.600000
27 30 -0.733333
27 31 -0.600000
27 32 -0.600000
27 59 -0.733333
28 29 0.866667
28 30 -4.333333
28 31 -0.600000
28 32 5.000000
28 60 0.600000
33 37 -5.000000
33 38 -0.333333
33 39 0.733333
33 40 0.333333
33 65 0.333333
34 37 -0.066667
34 38 -2.333333
34 39 -0.200000
34 40 -0.866667
34 66 -0.866667
35 37 -0.600000
35 38 -0.466667
35 39 -0.466667
35 40 0.866667
35 67 -0.733333
36 37 0.333333
36 38 0.200000
36 39 0.466667
36 40 0.866667
36 68 -0.866667
37 45 -3.000000
38 46 -1.000000
39 47 0.733333
40 48 0.333333
41 45 -0.733333
41 46 -0.066667
41 47 0.066667
41 48 -0.866667
41 73 1.000000
42 45 0.066667
42 46 -0.866667
42 47 0.866667
42 48 0.866667
42 74 0.333333
43 45 -0.600000
43 46 -0.733333
43 47 -0.333333
43 48 -0.466667
43 75 -1.000000
44 45 0.600000
44 46 -5.000000
44 47 0.200000
44 48 -0.466667
44 76 -0.333333
45 53 -0.066667
46 54 -0.733333
47 55 -0.333333
48 56 0.466667
49 53 2.333333
49 54 -0.466667
49 55 -0.200000
49 56 0.466667
49 81 0.333333
50 53 0.333333
50 54 0.333333
50 55 -0.333333
50 56 0.866667
50 82 -0.733333
51 53 -0.066667
51 54 1.666667
51 55 -1.000000
51 56 0.333333
51 83 -0.066667
52 53 -0.466667
52 54 -0.333333
52 55 0.600000
52 56 -0.600000
52 84 -0.066667
53 61 -0.200000
54 62 0.866667
55 63 0.066667
56 64 0.466667
57 61 0.200000
57 62 -0.866667
57 63 -0.466667
57 64 0.333333
57 89 0.200000
58 61 -0.600000
58 62 0.333333
58 63 0.733333
58 64 -0.733333
58 90 -0.066667
59 61 0.866667
59 62 0.466667
59 63 0.466667
59 64 -0.733333
59 91 -2.333333
60 61 -0.466667
60 62 -0.600000
60 63 -0.066667
60 64 -0.333333
60 92 -0.333333
65 69 0.333333
65 70 0.866667
65 71 -0.066667
65 72 1.000000
65 97 -0.733333
66 69 -0.333333
66 70 0.333333
66 71 -0.333333
66 72 -0.333333
66 98 0.200000
67 69 -0.333333
67 70 3.666667
67 71 0.066667
67 72 0.600000
67 99 -0.600000
68 69 0.866667
68 70 0.733333
68 71 0.733333
68 72 -0.733333
68 100 0.333333
69 77 1.000000
70 78 1.000000
71 79 0.866667
72 80 -0.333333
73 77 -0.066667
73 78 0.600000
73 79 0.200000
73 80 -1.000000
73 105 -0.600000
74 77 0.200000
74 78 -0.466667
74 79 -0.466667
74 80 -0.466667
74 106 -0.066667
75 77 1.000000
75 78 0.733333
75 79 -0.200000
75 80 0.333333
75 107 -0.600000
76 77 -0.066667
76 78 0.866667
76 79 0.733333
76 80 -0.200000
76 108 0.866667
77 85 -0.733333
78 86 -1.000000
79 87 0.066667
80 88 0.466667
81 85 -0.733333
81 86 -0.733333
81 87 0.600000
81 88 0.333333
81 113 0.466667
82 85 -0.466667
82 86 -0.600000
82 87 -1.000000
82 88 -0.733333
82 114 0.466667
83 85 0.333333
83 86 -0.733333
83 87 0.866667
83 88 0.466667
83 115 -0.600000
84 85 0.066667
84 86 -0.466667
84 87 0.600000
84 88 -1.000000
84 116 -0.333333
85 93 -0.866667
86 94 0.200000
87 95 -0.200000
88 96 0.466667
89 93 0.733333
89 94 0.333333
89 95 -0.866667
89 96 0.866667
89 121 0.066667
90 93 -0.733333
90 94 -1.000000
90 95 0.066667
90 96 0.333333
90 122 0.466667
91 93 -0.600000
91 94 -4.333333
91 95 -0.200000
91 96 -0.866667
91 123 0.200000
92 93 0.333333
92 94 -0.066667
92 95 -0.066667
92 96 1.000000
92 124 0.333333
97 101 1.000000
97 102 1.000000
97 103 0.200000
97 104 -0.066667
98 101 1.000000
98 102 0.600000
98 103 0.333333
98 104 -0.066667
99 101 -0.333333
99 102 -0.866667
99 103 0.600000
99 104 -0.200000
100 101 -0.600000
100 102 -0.200000
100 103 -1.000000
100 104 -0.600000
101 109 0.066667
102 110 1.000000
103 111 0.333333
104 112 -0.733333
105 109 -1.000000
105 110 -0.466667
105 111 -0.733333
105 112 -0.733333
106 109 -1.000000
106 110 0.066667
106 111 0.066667
106 112 0.066667
107 109 0.866667
107 110 -0.333333
107 111 0.333333
107 112 -0.200000
108 109 -0.733333
108 110 0.200000
108 111 -0.066667
108 112 0.466667
109 117 -0.200000
110 118 -0.066667
111 119 -0.333333
112 120 0.733333
113 117 -1.000000
113 118 -0.200000
113 119 -0.733333
113 120 -0.333333
114 117 -0.733333
114 118 1.000000
114 119 0.066667
114 120 -0.066667
115 117 0.733333
115 118 -0.866667
115 119 0.733333
115 120 1.000000
116 117 0.866667
116 118 0.333333
116 119 0.866667
116 120 0.066667
117 125 1.000000
118 126 0.466667
119 127 -1.000000
120 128 -0.600000
121 125 0.733333
121 126 5.000000
121 127 4.333333
121 128 5.000000
122 125 0.066667
122 126 0.066667
122 127 -0.466667
122 128 -0.600000
123 125 0.866667
123 126 0.333333
123 127 -0.200000
123 128 1.000000
124 125 0.200000
124 126 -0.333333
124 127 1.000000
124 128 0.466667