#
1 1 -0.040000
2 2 0.146667
3 3 0.040000
4 4 0.120000
5 5 0.120000
6 6 -0.093333
7 7 -0.200000
8 8 -0.040000
9 9 0.200000
10 10 -0.066667
11 11 -0.040000
12 12 -0.093333
13 13 -0.173333
14 14 -0.040000
15 15 0.013333
16 16 0.146667
17 17 -0.146667
18 18 0.173333
19 19 -0.013333
20 20 -0.200000
21 21 0.146667
22 22 0.040000
23 23 -0.120000
24 24 -0.173333
25 25 -0.013333
26 26 0.040000
27 27 -0.093333
28 28 -0.040000
29 29 -0.066667
30 30 0.066667
31 31 0.173333
32 32 -0.093333
33 33 -0.173333
34 34 0.066667
35 35 0.120000
36 36 0.093333
37 37 -0.146667
38 38 -0.066667
39 39 0.093333
40 40 0.066667
41 41 0.120000
42 42 0.013333
43 43 0.200000
44 44 -0.013333
45 45 0.173333
46 46 -0.040000
47 47 0.066667
48 48 0.040000
49 49 0.200000
50 50 0.200000
51 51 0.173333
52 52 -0.173333
53 53 0.200000
54 54 -0.146667
55 55 -0.013333
56 56 0.066667
57 57 -0.200000
58 58 0.146667
59 59 -0.173333
60 60 -0.146667
61 61 -0.066667
62 62 0.120000
63 63 0.093333
64 64 0.040000
65 65 0.066667
66 66 -0.120000
67 67 -0.013333
68 68 0.200000
69 69 0.173333
70 70 -0.173333
71 71 0.013333
72 72 -0.173333
73 73 -0.040000
74 74 0.146667
75 75 0.093333
76 76 -0.040000
77 77 0.173333
78 78 -0.173333
79 79 -0.040000
80 80 -0.120000
81 81 -0.146667
82 82 -0.093333
83 83 0.093333
84 84 -0.146667
85 85 0.173333
86 86 -0.040000
87 87 0.146667
88 88 0.040000
89 89 0.120000
90 90 0.120000
91 91 0.066667
92 92 0.040000
93 93 -0.200000
94 94 -0.066667
95 95 -0.013333
96 96 -0.040000
97 97 0.120000
98 98 -0.093333
99 99 -0.066667
100 100 0.120000
101 101 0.013333
102 102 -0.040000
103 103 0.173333
104 104 0.066667
105 105 0.093333
106 106 0.093333
107 107 -0.066667
108 108 0.146667
109 109 -0.200000
110 110 0.093333
111 111 -0.173333
112 112 0.146667
113 113 -0.200000
114 114 -0.093333
115 115 -0.173333
116 116 -0.173333
117 117 0.066667
118 118 0.120000
119 119 -0.040000
120 120 -0.173333
121 121 -0.093333
122 122 -0.146667
123 123 0.200000
124 124 0.066667
125 125 0.093333
126 126 -0.066667
127 127 0.013333
128 128 -0.013333
1 5 0.866667
1 6 -0.733333
1 7 0.466667
1 8 0.333333
1 33 -0.600000
2 5 0.466667
2 6 -0.600000
2 7 -0.466667
2 8 0.600000
2 34 0.200000
3 5 -5.000000
3 6 -0.333333
3 7 0.333333
3 8 0.333333
3 35 0.066667
4 5 -0.466667
4 6 -0.600000
4 7 -0.733333
4 8 0.733333
4 36 -1.000000
5 13 0.866667
6 14 -0.333333
7 15 0.866667
8 16 1.000000
9 13 -1.666667
9 14 1.000000
9 15 0.600000
9 16 0.200000
9 41 -0.333333
10 13 3.666667
10 14 3.000000
10 15 -1.000000
10 16 0.866667
10 42 -0.333333
11 13 -1.000000
11 14 -0.200000
11 15 -0.866667
11 16 -0.600000
11 43 0.600000
12 13 -0.333333
12 14 0.733333
12 15 0.733333
12 16 -0.733333
12 44 -0.333333
13 21 0.866667
14 22 -1.666667
15 23 -1.000000
16 24 -0.600000
17 21 0.066667
17 22 0.200000
17 23 -0.866667
17 24 0.600000
17 49 0.866667
18 21 1.000000
18 22 -0.866667
18 23 1.000000
18 24 3.666667
18 50 -0.466667
19 21 -0.600000
19 22 -0.466667
19 23 0.333333
19 24 0.466667
19 51 1.000000
20 21 -0.733333
20 22 -0.333333
20 23 0.333333
20 24 -0.466667
20 52 -0.333333
21 29 -0.200000
22 30 0.066667
23 31 -0.200000
24 32 -1.666667
25 29 1.000000
25 30 3.000000
25 31 0.733333
25 32 -0.600000
25 57 0.733333
26 29 -0.200000
26 30 -0.066667
26 31 0.200000
26 32 1.000000
26 58 -0.466667
27 29 -0.866667
27 30 5.000000
27 31 -2.333333
27 32 1.000000
27 59 -1.000000
28 29 -0.200000
28 30 -0.600000
28 31 0.333333
28 32 0.600000
28 60 1.000000
33 37 0.466667
33 38 -2.333333
33 39 -0.333333
33 40 0.466667
33 65 0.333333
34 37 -0.866667
34 38 -3.000000
34 39 -1.000000
34 40 -1.000000
34 66 0.866667
35 37 -0.200000
35 38 -0.866667
35 39 0.600000
35 40 -0.466667
35 67 -0.866667
36 37 -1.000000
36 38 -0.333333
36 39 0.600000
36 40 -0.333333
36 68 -0.733333
37 45 -0.600000
38 46 -1.000000
39 47 -0.866667
40 48 -5.000000
41 45 1.000000
41 46 -0.733333
41 47 2.333333
41 48 0.733333
41 73 0.466667
42 45 -3.666667
42 46 -0.466667
42 47 -0.733333
42 48 -0.733333
42 74 0.333333
43 45 0.600000
43 46 1.000000
43 47 0.866667
43 48 3.666667
43 75 -0.333333
44 45 -0.466667
44 46 -0.333333
44 47 -0.333333
44 48 0.333333
44 76 -0.733333
45 53 0.733333
46 54 0.333333
47 55 -1.000000
48 56 -1.000000
49 53 -3.000000
49 54 -0.200000
49 55 -0.866667
49 56 -0.066667
49 81 -1.000000
50 53 -0.333333
50 54 0.733333
50 55 1.000000
50 56 0.333333
50 82 -5.000000
51 53 0.733333
51 54 -0.333333
51 55 -0.866667
51 56 0.866667
51 83 1.000000
52 53 -0.600000
52 54 1.000000
52 55 0.866667
52 56 0.200000
52 84 0.066667
53 61 0.333333
54 62 0.200000
55 63 0.866667
56 64 0.466667
57 61 0.066667
57 62 -0.600000
57 63 -0.466667
57 64 -0.066667
57 89 -0.866667
58 61 -0.733333
58 62 1.000000
58 63 -0.333333
58 64 -0.466667
58 90 -1.000000
59 61 -0.066667
59 62 0.600000
59 63 -0.466667
59 64 -0.200000
59 91 -0.466667
60 61 0.733333
60 62 0.466667
60 63 0.866667
60 64 -1.666667
60 92 0.600000
65 69 0.866667
65 70 -0.466667
65 71 -1.000000
65 72 -0.200000
65 97 0.600000
66 69 1.000000
66 70 5.000000
66 71 0.066667
66 72 0.733333
66 98 -0.200000
67 69 -0.733333
67 70 0.866667
67 71 0.466667
67 72 0.333333
67 99 1.000000
68 69 1.000000
68 70 0.733333
68 71 0.333333
68 72 0.200000
68 100 -0.200000
69 77 0.200000
70 78 -0.466667
71 79 -0.866667
72 80 0.333333
73 77 0.066667
73 78 -0.066667
73 79 0.733333
73 80 -0.600000
73 105 0.200000
74 77 -0.600000
74 78 0.733333
74 79 -0.466667
74 80 -0.333333
74 106 -3.000000
75 77 -0.600000
75 78 -0.200000
75 79 0.200000
75 80 -1.000000
75 107 0.600000
76 77 -0.200000
76 78 -0.066667
76 79 -3.666667
76 80 0.733333
76 108 0.066667
77 85 -0.333333
78 86 -0.733333
79 87 1.666667
80 88 -0.066667
81 85 1.000000
81 86 1.000000
81 87 5.000000
81 88 1.000000
81 113 0.733333
82 85 -0.200000
82 86 -0.200000
82 87 1.000000
82 88 0.466667
82 114 0.466667
83 85 -1.000000
83 86 -0.066667
83 87 1.000000
83 88 -0.866667
83 115 -0.600000
84 85 0.333333
84 86 0.733333
84 87 -2.333333
84 88 0.466667
84 116 -0.333333
85 93 0.066667
86 94 0.866667
87 95 0.333333
88 96 -0.200000
89 93 1.000000
89 94 -0.466667
89 95 -0.866667
89 96 -1.000000
89 121 5.000000
90 93 -0.200000
90 94 -0.333333
90 95 0.733333
90 96 -0.066667
90 122 -0.333333
91 93 -0.200000
91 94 0.466667
91 95 -1.000000
91 96 -0.466667
91 123 0.866667
92 93 5.000000
92 94 -0.733333
92 95 -0.733333
92 96 1.666667
92 124 0.466667
97 101 0.066667
97 102 -0.066667
97 103 0.066667
97 104 -0.333333
98 101 -0.866667
98 102 -0.466667
98 103 0.200000
98 104 -5.000000
99 101 -0.733333
99 102 -0.466667
99 103 -0.866667
99 104 0.733333
100 101 3.000000
100 102 -0.866667
100 103 0.866667
100 104 -0.466667
101 109 0.466667
102 110 0.466667
103 111 -0.600000
104 112 -0.600000
105 109 -0.600000
105 110 1.000000
105 111 0.466667
105 112 0.600000
106 109 -0.866667
106 110 -0.200000
106 111 0.466667
106 112 -0.600000
107 109 0.466667
107 110 0.466667
107 111 0.066667
107 112 -0.466667
108 109 -0.866667
108 110 -0.866667
108 111 1.000000
108 112 0.866667
109 117 -0.600000
110 118 -0.200000
111 119 -1.000000
112 120 -0.466667
113 117 -0.466667
113 118 0.733333
113 119 0.600000
113 120 0.466667
114 117 -1.000000
114 118 -0.200000
114 119 -1.666667
114 120 1.000000
115 117 -0.066667
115 118 0.066667
115 119 -1.000000
115 120 0.066667
116 117 0.866667
116 118 -1.000000
116 119 -0.733333
116 120 1.000000
117 125 -0.866667
118 126 -0.333333
119 127 0.200000
120 128 -0.600000
121 125 -0.866667
121 126 -0.866667
121 127 0.466667
121 128 0.066667
122 125 -1.000000
122 126 -1.000000
122 127 0.466667
122 128 0.600000
123 125 0.866667
123 126 0.600000
123 127 -0.466667
123 128 -0.733333
124 125 0.066667
124 126 -0.200000
124 127 -0.200000
124 128 -0.866667