#
1 1 0.066667
2 2 0.146667
3 3 -0.040000
4 4 -0.173333
5 5 -0.013333
6 6 -0.200000
7 7 -0.040000
8 8 -0.093333
9 9 -0.200000
10 10 0.200000
11 11 0.200000
12 12 -0.200000
13 13 0.146667
14 14 0.173333
15 15 -0.013333
16 16 -0.093333
17 17 -0.013333
18 18 0.013333
19 19 0.200000
20 20 -0.013333
21 21 0.120000
22 22 -0.120000
23 23 0.093333
24 24 0.120000
25 25 -0.040000
26 26 0.146667
27 27 -0.120000
28 28 -0.013333
29 29 -0.013333
30 30 0.146667
31 31 0.040000
32 32 0.173333
33 33 -0.066667
34 34 0.093333
35 35 -0.040000
36 36 0.093333
37 37 -0.013333
38 38 -0.013333
39 39 -0.200000
40 40 -0.200000
41 41 -0.173333
42 42 -0.120000
43 43 0.173333
44 44 0.093333
45 45 -0.173333
46 46 -0.120000
47 47 -0.200000
48 48 -0.200000
49 49 -0.013333
50 50 0.040000
51 51 0.040000
52 52 0.146667
53 53 0.040000
54 54 -0.146667
55 55 0.040000
56 56 -0.173333
57 57 0.013333
58 58 0.146667
59 59 0.146667
60 60 -0.200000
61 61 -0.013333
62 62 0.173333
63 63 0.173333
64 64 0.040000
65 65 0.093333
66 66 0.120000
67 67 -0.200000
68 68 0.146667
69 69 0.013333
70 70 -0.200000
71 71 0.013333
72 72 0.013333
73 73 0.173333
74 74 -0.146667
75 75 -0.066667
76 76 -0.013333
77 77 0.066667
78 78 -0.120000
79 79 -0.013333
80 80 0.066667
81 81 -0.040000
82 82 0.093333
83 83 -0.093333
84 84 0.120000
85 85 0.173333
86 86 -0.013333
87 87 0.093333
88 88 0.066667
89 89 -0.066667
90 90 -0.146667
91 91 0.146667
92 92 0.040000
93 93 -0.146667
94 94 0.173333
95 95 0.040000
96 96 0.066667
97 97 -0.013333
98 98 -0.066667
99 99 -0.120000
100 100 -0.200000
101 101 0.013333
102 102 -0.146667
103 103 -0.013333
104 104 0.146667
105 105 0.066667
106 106 -0.040000
107 107 0.066667
108 108 0.066667
109 109 0.066667
110 110 -0.146667
111 111 0.093333
112 112 -0.040000
113 113 -0.040000
114 114 0.146667
115 115 -0.013333
116 116 -0.066667
117 117 0.146667
118 118 0.200000
119 119 0.120000
120 120 0.013333
121 121 0.093333
122 122 -0.066667
123 123 0.013333
124 124 0.066667
125 125 0.040000
126 126 -0.040000
127 127 0.013333
128 128 0.093333
1 5 0.733333
1 6 0.333333
1 7 -3.000000
1 8 -4.333333
1 33 -0.066667
2 5 0.600000
2 6 -0.066667
2 7 0.466667
2 8 0.333333
2 34 0.066667
3 5 0.200000
3 6 0.200000
3 7 -1.000000
3 8 -0.333333
3 35 -0.200000
4 5 -0.866667
4 6 -0.866667
4 7 -0.466667
4 8 5.000000
4 36 -0.866667
5 13 0.466667
6 14 0.066667
7 15 0.866667
8 16 -0.066667
9 13 0.200000
9 14 0.333333
9 15 0.333333
9 16 0.466667
9 41 0.200000
10 13 -0.866667
10 14 -0.333333
10 15 0.066667
10 16 -0.866667
10 42 -0.466667
11 13 -0.466667
11 14 -0.866667
11 15 1.000000
11 16 4.333333
11 43 -0.333333
12 13 0.733333
12 14 -0.600000
12 15 -0.733333
12 16 1.000000
12 44 -0.066667
13 21 0.200000
14 22 0.466667
15 23 -0.333333
16 24 -0.600000
17 21 0.333333
17 22 -1.000000
17 23 0.066667
17 24 0.466667
17 49 0.866667
18 21 -0.866667
18 22 0.600000
18 23 -0.466667
18 24 -0.066667
18 50 -0.866667
19 21 -0.333333
19 22 -0.200000
19 23 0.600000
19 24 0.466667
19 51 -0.200000
20 21 -0.600000
20 22 0.200000
20 23 0.733333
20 24 -0.466667
20 52 0.733333
21 29 -0.600000
22 30 -0.866667
23 31 0.066667
24 32 0.600000
25 29 -1.000000
25 30 -0.866667
25 31 -1.000000
25 32 -0.866667
25 57 -0.333333
26 29 -1.000000
26 30 -0.466667
26 31 0.733333
26 32 -0.866667
26 58 -0.466667
27 29 -5.000000
27 30 0.200000
27 31 0.733333
27 32 0.066667
27 59 0.733333
28 29 -0.466667
28 30 -0.600000
28 31 0.466667
28 32 0.866667
28 60 1.000000
33 37 0.600000
33 38 0.733333
33 39 -0.466667
33 40 -0.866667
33 65 -0.733333
34 37 -0.066667
34 38 0.733333
34 39 -0.600000
34 40 0.333333
34 66 -0.333333
35 37 0.733333
35 38 -0.866667
35 39 -0.066667
35 40 -0.333333
35 67 0.066667
36 37 -0.466667
36 38 -0.066667
36 39 0.200000
36 40 5.000000
36 68 0.600000
37 45 -0.466667
38 46 0.066667
39 47 0.066667
40 48 0.066667
41 45 -0.333333
41 46 -0.733333
41 47 -0.866667
41 48 -0.866667
41 73 -0.466667
42 45 -0.600000
42 46 0.866667
42 47 1.000000
42 48 -0.866667
42 74 -0.733333
43 45 -0.466667
43 46 -0.066667
43 47 0.733333
43 48 -0.866667
43 75 -0.200000
44 45 3.666667
44 46 0.066667
44 47 0.466667
44 48 0.333333
44 76 -0.466667
45 53 -0.733333
46 54 0.066667
47 55 0.866667
48 56 -0.200000
49 53 -1.000000
49 54 -0.200000
49 55 0.466667
49 56 -0.333333
49 81 1.000000
50 53 0.066667
50 54 0.600000
50 55 0.333333
50 56 -0.466667
50 82 0.333333
51 53 0.600000
51 54 -0.066667
51 55 -0.600000
51 56 -0.733333
51 83 0.866667
52 53 0.200000
52 54 0.200000
52 55 -0.733333
52 56 0.200000
52 84 -0.733333
53 61 -0.200000
54 62 0.066667
55 63 -0.600000
56 64 -0.733333
57 61 -0.466667
57 62 1.000000
57 63 -0.333333
57 64 0.333333
57 89 0.733333
58 61 0.066667
58 62 -0.866667
58 63 -0.066667
58 64 -0.066667
58 90 -1.666667
59 61 -0.200000
59 62 1.000000
59 63 0.066667
59 64 0.866667
59 91 1.000000
60 61 -0.600000
60 62 -0.200000
60 63 -1.000000
60 64 4.333333
60 92 0.866667
65 69 -0.066667
65 70 -0.333333
65 71 0.600000
65 72 0.733333
65 97 0.866667
66 69 -0.333333
66 70 -0.333333
66 71 1.000000
66 72 -0.333333
66 98 0.200000
67 69 0.866667
67 70 -0.200000
67 71 -0.200000
67 72 -0.866667
67 99 -1.000000
68 69 -1.000000
68 70 0.466667
68 71 -1.000000
68 72 -3.000000
68 100 -0.200000
69 77 0.600000
70 78 -0.466667
71 79 0.866667
72 80 -0.466667
73 77 3.000000
73 78 -0.733333
73 79 0.866667
73 80 0.866667
73 105 -0.600000
74 77 0.733333
74 78 0.733333
74 79 -0.200000
74 80 5.000000
74 106 -0.333333
75 77 0.866667
75 78 0.066667
75 79 -0.466667
75 80 0.333333
75 107 1.000000
76 77 -1.000000
76 78 -3.666667
76 79 -0.200000
76 80 -1.000000
76 108 -0.866667
77 85 0.866667
78 86 -0.200000
79 87 0.200000
80 88 -0.066667
81 85 -1.000000
81 86 -0.066667
81 87 -1.000000
81 88 -1.000000
81 113 -4.333333
82 85 0.466667
82 86 0.200000
82 87 0.200000
82 88 -0.066667
82 114 0.200000
83 85 0.200000
83 86 -0.333333
83 87 0.733333
83 88 2.333333
83 115 0.866667
84 85 -1.000000
84 86 -0.600000
84 87 1.000000
84 88 -1.000000
84 116 0.733333
85 93 0.200000
86 94 0.066667
87 95 0.200000
88 96 -5.000000
89 93 -1.666667
89 94 0.333333
89 95 -0.733333
89 96 0.600000
89 121 0.333333
90 93 0.733333
90 94 -1.000000
90 95 1.000000
90 96 0.600000
90 122 0.600000
91 93 -3.000000
91 94 -0.333333
91 95 0.600000
91 96 0.200000
91 123 -0.733333
92 93 3.000000
92 94 0.600000
92 95 0.466667
92 96 -0.066667
92 124 0.333333
97 101 1.000000
97 102 0.333333
97 103 0.066667
97 104 -1.000000
98 101 -0.200000
98 102 0.200000
98 103 -0.866667
98 104 0.600000
99 101 -0.866667
99 102 -0.333333
99 103 -0.600000
99 104 -0.733333
100 101 -0.200000
100 102 0.200000
100 103 -0.200000
100 104 0.200000
101 109 1.000000
102 110 3.000000
103 111 0.066667
104 112 0.200000
105 109 0.733333
105 110 -0.466667
105 111 -0.600000
105 112 -0.733333
106 109 0.200000
106 110 -0.733333
106 111 0.200000
106 112 -0.866667
107 109 1.000000
107 110 1.000000
107 111 2.333333
107 112 -0.466667
108 109 -0.466667
108 110 -4.333333
108 111 -0.200000
108 112 -0.066667
109 117 0.466667
110 118 -0.333333
111 119 -0.333333
112 120 -0.066667
113 117 -0.066667
113 118 0.866667
113 119 -0.466667
113 120 -0.066667
114 117 -2.333333
114 118 0.466667
114 119 0.200000
114 120 0.466667
115 117 -0.466667
115 118 0.866667
115 119 -0.466667
115 120 -0.866667
116 117 5.000000
116 118 1.000000
116 119 0.066667
116 120 -0.733333
117 125 0.200000
118 126 -0.066667
119 127 0.333333
120 128 -3.000000
121 125 -0.333333
121 126 0.733333
121 127 -1.000000
121 128 -0.600000
122 125 0.066667
122 126 0.600000
122 127 0.200000
122 128 0.200000
123 125 0.466667
123 126 -0.733333
123 127 -0.066667
123 128 0.333333
124 125 -0.066667
124 126 -1.000000
124 127 0.466667
124 128 0.200000