#
1 1 -0.173333
2 2 -0.200000
3 3 0.013333
4 4 -0.093333
5 5 0.093333
6 6 0.066667
7 7 -0.040000
8 8 0.200000
9 9 -0.173333
10 10 -0.040000
11 11 0.066667
12 12 -0.173333
13 13 -0.093333
14 14 -0.040000
15 15 -0.040000
16 16 -0.066667
17 17 0.146667
18 18 -0.173333
19 19 -0.066667
20 20 -0.200000
21 21 0.173333
22 22 0.066667
23 23 0.120000
24 24 0.093333
25 25 -0.120000
26 26 -0.066667
27 27 -0.066667
28 28 0.200000
29 29 -0.120000
30 30 0.173333
31 31 -0.120000
32 32 0.093333
33 33 0.066667
34 34 0.173333
35 35 0.013333
36 36 0.120000
37 37 0.066667
38 38 -0.040000
39 39 -0.200000
40 40 0.013333
41 41 0.093333
42 42 0.200000
43 43 0.066667
44 44 -0.040000
45 45 -0.200000
46 46 -0.173333
47 47 -0.146667
48 48 0.093333
49 49 0.013333
50 50 0.200000
51 51 -0.093333
52 52 -0.146667
53 53 0.173333
54 54 -0.120000
55 55 -0.093333
56 56 -0.040000
57 57 -0.146667
58 58 0.040000
59 59 0.173333
60 60 -0.146667
61 61 -0.013333
62 62 -0.200000
63 63 0.200000
64 64 -0.173333
65 65 0.066667
66 66 0.120000
67 67 -0.200000
68 68 0.093333
69 69 -0.173333
70 70 0.066667
71 71 0.200000
72 72 0.066667
73 73 -0.146667
74 74 0.146667
75 75 -0.013333
76 76 -0.013333
77 77 0.013333
78 78 0.200000
79 79 0.066667
80 80 -0.093333
81 81 0.040000
82 82 -0.173333
83 83 -0.120000
84 84 0.146667
85 85 -0.173333
86 86 0.146667
87 87 0.066667
88 88 0.066667
89 89 0.040000
90 90 -0.066667
91 91 -0.040000
92 92 0.200000
93 93 -0.200000
94 94 -0.093333
95 95 -0.093333
96 96 0.146667
97 97 0.093333
98 98 0.120000
99 99 0.040000
100 100 -0.013333
101 101 -0.146667
102 102 -0.146667
103 103 0.120000
104 104 0.066667
105 105 0.040000
106 106 0.146667
107 107 0.120000
108 108 0.173333
109 109 0.040000
110 110 -0.040000
111 111 0.040000
112 112 -0.120000
113 113 -0.093333
114 114 -0.200000
115 115 -0.066667
116 116 -0.146667
117 117 -0.200000
118 118 0.120000
119 119 -0.173333
120 120 0.200000
121 121 -0.146667
122 122 -0.013333
123 123 0.013333
124 124 0.040000
125 125 0.013333
126 126 0.120000
127 127 0.146667
128 128 0.093333
1 5 0.466667
1 6 0.200000
1 7 -0.200000
1 8 -0.733333
1 33 -0.333333
2 5 -0.333333
2 6 0.200000
2 7 -0.866667
2 8 0.066667
2 34 -1.000000
3 5 -1.000000
3 6 0.466667
3 7 0.466667
3 8 -3.000000
3 35 0.866667
4 5 -0.733333
4 6 -0.066667
4 7 -0.600000
4 8 1.666667
4 36 -0.466667
5 13 0.733333
6 14 0.600000
7 15 0.200000
8 16 0.200000
9 13 0.066667
9 14 1.000000
9 15 -1.000000
9 16 0.733333
9 41 -0.333333
10 13 0.200000
10 14 -5.000000
10 15 0.200000
10 16 -0.733333
10 42 -3.000000
11 13 -0.466667
11 14 1.000000
11 15 -0.733333
11 16 -0.466667
11 43 1.000000
12 13 -0.600000
12 14 1.000000
12 15 0.333333
12 16 -0.733333
12 44 0.066667
13 21 0.466667
14 22 -0.600000
15 23 0.733333
16 24 -1.000000
17 21 -4.333333
17 22 0.066667
17 23 0.066667
17 24 0.333333
17 49 0.333333
18 21 0.733333
18 22 -0.066667
18 23 0.466667
18 24 0.466667
18 50 -0.333333
19 21 0.200000
19 22 -0.733333
19 23 0.466667
19 24 0.600000
19 51 -0.333333
20 21 -0.600000
20 22 -0.600000
20 23 -0.866667
20 24 0.066667
20 52 0.866667
21 29 -0.200000
22 30 0.200000
23 31 -1.666667
24 32 0.200000
25 29 -1.000000
25 30 0.733333
25 31 -0.600000
25 32 0.600000
25 57 0.600000
26 29 -0.200000
26 30 -0.333333
26 31 -0.466667
26 32 0.466667
26 58 0.333333
27 29 -0.866667
27 30 0.600000
27 31 -0.600000
27 32 0.866667
27 59 -1.000000
28 29 1.000000
28 30 1.000000
28 31 -0.066667
28 32 0.066667
28 60 -0.600000
33 37 -0.866667
33 38 0.733333
33 39 -0.066667
33 40 0.733333
33 65 0.200000
34 37 0.866667
34 38 0.200000
34 39 0.733333
34 40 0.333333
34 66 -0.733333
35 37 1.666667
35 38 0.066667
35 39 0.200000
35 40 -0.866667
35 67 1.000000
36 37 -0.200000
36 38 0.866667
36 39 -1.000000
36 40 -0.733333
36 68 1.000000
37 45 -0.466667
38 46 -1.000000
39 47 -0.866667
40 48 -0.866667
41 45 0.866667
41 46 0.600000
41 47 0.200000
41 48 -0.866667
41 73 -0.333333
42 45 0.600000
42 46 0.600000
42 47 0.066667
42 48 -5.000000
42 74 -1.000000
43 45 0.866667
43 46 0.333333
43 47 -0.333333
43 48 1.000000
43 75 0.733333
44 45 0.066667
44 46 0.866667
44 47 0.866667
44 48 -0.333333
44 76 -0.333333
45 53 -0.600000
46 54 0.333333
47 55 -0.333333
48 56 -1.000000
49 53 0.333333
49 54 -0.333333
49 55 0.200000
49 56 -0.733333
49 81 1.000000
50 53 0.333333
50 54 -0.600000
50 55 -0.733333
50 56 -1.000000
50 82 -0.066667
51 53 0.466667
51 54 0.200000
51 55 -0.733333
51 56 0.466667
51 83 -0.600000
52 53 1.000000
52 54 0.600000
52 55 -0.733333
52 56 0.866667
52 84 0.066667
53 61 -0.466667
54 62 0.600000
55 63 -1.000000
56 64 0.333333
57 61 1.000000
57 62 0.466667
57 63 -0.333333
57 64 0.066667
57 89 3.666667
58 61 -0.333333
58 62 -3.666667
58 63 0.600000
58 64 0.600000
58 90 0.200000
59 61 0.333333
59 62 0.200000
59 63 0.333333
59 64 0.066667
59 91 -0.733333
60 61 -0.733333
60 62 0.733333
60 63 0.333333
60 64 0.066667
60 92 1.000000
65 69 -0.066667
65 70 0.866667
65 71 0.333333
65 72 -0.200000
65 97 -1.000000
66 69 0.466667
66 70 1.666667
66 71 -0.466667
66 72 -0.733333
66 98 -0.866667
67 69 -1.000000
67 70 3.666667
67 71 -0.866667
67 72 0.733333
67 99 -0.333333
68 69 -0.466667
68 70 1.000000
68 71 -5.000000
68 72 -0.200000
68 100 -0.600000
69 77 0.866667
70 78 0.866667
71 79 0.733333
72 80 0.466667
73 77 0.200000
73 78 0.066667
73 79 -0.733333
73 80 -0.866667
73 105 -0.600000
74 77 0.866667
74 78 -1.000000
74 79 -0.733333
74 80 -0.200000
74 106 -0.466667
75 77 0.600000
75 78 -2.333333
75 79 -0.466667
75 80 -0.866667
75 107 0.866667
76 77 -0.600000
76 78 -0.333333
76 79 -5.000000
76 80 -0.066667
76 108 1.000000
77 85 -0.200000
78 86 0.066667
79 87 -0.200000
80 88 -0.333333
81 85 -0.466667
81 86 0.600000
81 87 0.333333
81 88 0.600000
81 113 -0.600000
82 85 0.600000
82 86 -0.200000
82 87 -1.000000
82 88 0.733333
82 114 0.600000
83 85 1.000000
83 86 2.333333
83 87 -3.666667
83 88 -0.200000
83 115 0.200000
84 85 0.333333
84 86 -0.733333
84 87 -0.866667
84 88 -0.866667
84 116 0.600000
85 93 0.733333
86 94 -0.600000
87 95 -0.466667
88 96 -0.333333
89 93 1.000000
89 94 0.200000
89 95 -0.333333
89 96 0.066667
89 121 -0.200000
90 93 -0.600000
90 94 1.000000
90 95 0.600000
90 96 -0.600000
90 122 0.733333
91 93 -0.466667
91 94 -0.600000
91 95 0.066667
91 96 -0.333333
91 123 -0.866667
92 93 -0.200000
92 94 -0.333333
92 95 -0.200000
92 96 -0.733333
92 124 0.866667
97 101 -0.200000
97 102 -3.666667
97 103 0.333333
97 104 0.066667
98 101 -3.000000
98 102 -1.000000
98 103 0.733333
98 104 -0.466667
99 101 -0.733333
99 102 -3.000000
99 103 -0.066667
99 104 0.733333
100 101 0.600000
100 102 -0.466667
100 103 -0.600000
100 104 0.066667
101 109 -0.733333
102 110 -2.333333
103 111 0.600000
104 112 -1.000000
105 109 0.866667
105 110 0.600000
105 111 0.200000
105 112 0.866667
106 109 0.866667
106 110 0.600000
106 111 1.000000
106 112 -0.600000
107 109 -1.000000
107 110 -0.866667
107 111 0.600000
107 112 -0.600000
108 109 0.466667
108 110 -0.066667
108 111 -1.000000
108 112 -0.866667
109 117 -1.000000
110 118 0.866667
111 119 -0.200000
112 120 -0.066667
113 117 -0.200000
113 118 -0.466667
113 119 0.866667
113 120 -1.000000
114 117 0.733333
114 118 -0.466667
114 119 0.733333
114 120 -0.600000
115 117 1.000000
115 118 0.200000
115 119 0.733333
115 120 0.733333
116 117 3.000000
116 118 5.000000
116 119 0.466667
116 120 -0.866667
117 125 -0.333333
118 126 -0.333333
119 127 0.333333
120 128 -0.466667
121 125 0.866667
121 126 -1.000000
121 127 0.066667
121 128 -0.600000
122 125 0.200000
122 126 -1.000000
122 127 0.066667
122 128 -1.000000
123 125 -0.866667
123 126 -0.066667
123 127 0.600000
123 128 0.333333
124 125 -0.466667
124 126 5.000000
124 127 1.000000
124 128 -0.600000