#
1 1 -0.173333
2 2 0.120000
3 3 0.200000
4 4 -0.146667
5 5 0.040000
6 6 0.120000
7 7 -0.173333
8 8 0.146667
9 9 -0.013333
10 10 0.120000
11 11 -0.066667
12 12 0.173333
13 13 -0.013333
14 14 0.200000
15 15 0.066667
16 16 0.093333
17 17 -0.040000
18 18 -0.120000
19 19 0.200000
20 20 -0.040000
21 21 -0.120000
22 22 -0.093333
23 23 0.066667
24 24 0.066667
25 25 -0.040000
26 26 0.146667
27 27 -0.066667
28 28 0.040000
29 29 -0.040000
30 30 0.093333
31 31 0.066667
32 32 0.013333
33 33 -0.013333
34 34 -0.013333
35 35 -0.146667
36 36 0.066667
37 37 0.040000
38 38 0.040000
39 39 0.120000
40 40 0.120000
41 41 -0.040000
42 42 0.040000
43 43 0.200000
44 44 -0.200000
45 45 -0.066667
46 46 -0.200000
47 47 0.093333
48 48 0.120000
49 49 -0.040000
50 50 -0.093333
51 51 0.066667
52 52 0.200000
53 53 -0.200000
54 54 0.093333
55 55 0.040000
56 56 0.173333
57 57 -0.093333
58 58 0.200000
59 59 -0.066667
60 60 -0.120000
61 61 -0.066667
62 62 0.040000
63 63 -0.200000
64 64 -0.013333
65 65 -0.200000
66 66 -0.093333
67 67 0.013333
68 68 -0.040000
69 69 -0.120000
70 70 0.013333
71 71 -0.040000
72 72 -0.120000
73 73 -0.146667
74 74 -0.066667
75 75 0.173333
76 76 0.120000
77 77 0.200000
78 78 -0.200000
79 79 0.173333
80 80 0.200000
81 81 -0.093333
82 82 -0.040000
83 83 -0.066667
84 84 0.093333
85 85 -0.120000
86 86 -0.013333
87 87 0.066667
88 88 0.173333
89 89 0.146667
90 90 0.146667
91 91 -0.120000
92 92 0.120000
93 93 0.120000
94 94 0.120000
95 95 0.040000
96 96 0.093333
97 97 -0.066667
98 98 -0.200000
99 99 0.013333
100 100 0.040000
101 101 -0.200000
102 102 0.040000
103 103 -0.040000
104 104 -0.093333
105 105 0.066667
106 106 0.120000
107 107 0.120000
108 108 0.200000
109 109 0.200000
110 110 0.040000
111 111 -0.120000
112 112 0.200000
113 113 0.040000
114 114 -0.066667
115 115 -0.146667
116 116 0.093333
117 117 -0.146667
118 118 0.146667
119 119 -0.200000
120 120 0.200000
121 121 -0.093333
122 122 0.146667
123 123 -0.040000
124 124 0.093333
125 125 -0.120000
126 126 -0.093333
127 127 -0.173333
128 128 -0.120000
1 5 -0.866667
1 6 -0.733333
1 7 -0.866667
1 8 1.000000
1 33 0.200000
2 5 -0.466667
2 6 -1.000000
2 7 -0.600000
2 8 -0.066667
2 34 0.866667
3 5 2.333333
3 6 0.200000
3 7 0.866667
3 8 -0.466667
3 35 0.333333
4 5 -0.200000
4 6 -0.866667
4 7 -0.333333
4 8 -0.600000
4 36 0.600000
5 13 0.066667
6 14 -0.066667
7 15 1.000000
8 16 0.466667
9 13 -0.733333
9 14 0.733333
9 15 0.866667
9 16 -0.466667
9 41 0.466667
10 13 3.000000
10 14 0.600000
10 15 1.000000
10 16 -0.466667
10 42 0.333333
11 13 -0.066667
11 14 0.733333
11 15 0.866667
11 16 0.200000
11 43 0.466667
12 13 -1.000000
12 14 2.333333
12 15 0.866667
12 16 -0.466667
12 44 2.333333
13 21 -1.000000
14 22 0.200000
15 23 0.733333
16 24 -0.866667
17 21 -0.733333
17 22 -0.600000
17 23 0.466667
17 24 0.066667
17 49 -1.000000
18 21 0.333333
18 22 -0.066667
18 23 0.866667
18 24 -0.866667
18 50 -1.000000
19 21 0.866667
19 22 4.333333
19 23 -0.466667
19 24 -0.200000
19 51 -0.066667
20 21 -0.066667
20 22 -0.466667
20 23 1.666667
20 24 -0.866667
20 52 0.866667
21 29 -0.066667
22 30 -0.866667
23 31 -0.066667
24 32 -1.666667
25 29 0.066667
25 30 -0.600000
25 31 0.466667
25 32 -0.066667
25 57 0.466667
26 29 -0.866667
26 30 -1.666667
26 31 -0.466667
26 32 -0.600000
26 58 0.600000
27 29 0.333333
27 30 1.000000
27 31 -0.600000
27 32 -0.466667
27 59 -0.333333
28 29 0.066667
28 30 -0.466667
28 31 0.066667
28 32 -1.000000
28 60 -0.600000
33 37 0.200000
33 38 0.600000
33 39 1.000000
33 40 3.000000
33 65 -0.466667
34 37 0.333333
34 38 -0.600000
34 39 0.466667
34 40 1.000000
34 66 -0.466667
35 37 -0.866667
35 38 0.200000
35 39 -0.733333
35 40 -0.733333
35 67 0.333333
36 37 0.333333
36 38 0.733333
36 39 -0.600000
36 40 -0.333333
36 68 -0.066667
37 45 0.333333
38 46 -3.666667
39 47 0.733333
40 48 0.866667
41 45 -0.600000
41 46 0.466667
41 47 -3.000000
41 48 -0.066667
41 73 1.000000
42 45 0.333333
42 46 -0.333333
42 47 -0.066667
42 48 -0.200000
42 74 0.866667
43 45 0.066667
43 46 0.333333
43 47 0.600000
43 48 -4.333333
43 75 0.600000
44 45 -4.333333
44 46 0.866667
44 47 0.733333
44 48 0.466667
44 76 -0.333333
45 53 -3.666667
46 54 0.066667
47 55 -0.200000
48 56 0.600000
49 53 -1.000000
49 54 -0.200000
49 55 -0.333333
49 56 -0.333333
49 81 -0.600000
50 53 0.333333
50 54 -0.333333
50 55 0.333333
50 56 0.333333
50 82 -0.600000
51 53 -1.000000
51 54 0.466667
51 55 0.200000
51 56 0.333333
51 83 0.066667
52 53 -0.466667
52 54 0.733333
52 55 0.466667
52 56 -0.733333
52 84 0.866667
53 61 -1.000000
54 62 -0.466667
55 63 -0.600000
56 64 0.733333
57 61 0.066667
57 62 0.066667
57 63 -1.666667
57 64 0.600000
57 89 -0.466667
58 61 0.333333
58 62 -0.733333
58 63 0.866667
58 64 0.333333
58 90 -0.733333
59 61 -1.666667
59 62 0.066667
59 63 -0.866667
59 64 4.333333
59 91 -0.466667
60 61 -1.000000
60 62 0.733333
60 63 -0.333333
60 64 0.066667
60 92 0.866667
65 69 -0.866667
65 70 0.466667
65 71 -0.333333
65 72 1.000000
65 97 4.333333
66 69 -0.600000
66 70 -0.866667
66 71 1.000000
66 72 -0.200000
66 98 0.466667
67 69 -0.066667
67 70 1.000000
67 71 0.600000
67 72 0.600000
67 99 1.000000
68 69 -0.333333
68 70 0.066667
68 71 3.000000
68 72 0.333333
68 100 -0.600000
69 77 0.600000
70 78 0.466667
71 79 0.600000
72 80 -0.200000
73 77 0.733333
73 78 -0.600000
73 79 1.000000
73 80 1.000000
73 105 0.333333
74 77 0.733333
74 78 0.066667
74 79 -0.333333
74 80 -0.466667
74 106 -0.466667
75 77 -0.866667
75 78 0.200000
75 79 -0.600000
75 80 1.000000
75 107 0.333333
76 77 0.200000
76 78 -0.600000
76 79 -1.000000
76 80 0.600000
76 108 1.000000
77 85 -0.466667
78 86 -0.733333
79 87 -0.333333
80 88 -0.333333
81 85 -0.466667
81 86 -0.866667
81 87 -1.666667
81 88 -0.333333
81 113 0.066667
82 85 -0.733333
82 86 -0.066667
82 87 -0.066667
82 88 0.733333
82 114 -3.000000
83 85 0.066667
83 86 -0.466667
83 87 -1.000000
83 88 0.200000
83 115 -5.000000
84 85 -0.733333
84 86 -0.866667
84 87 0.600000
84 88 0.600000
84 116 1.000000
85 93 1.000000
86 94 -0.466667
87 95 0.200000
88 96 -0.200000
89 93 0.200000
89 94 1.000000
89 95 0.333333
89 96 0.600000
89 121 -0.333333
90 93 0.333333
90 94 -0.066667
90 95 -1.000000
90 96 -0.466667
90 122 0.200000
91 93 -0.466667
91 94 0.866667
91 95 0.733333
91 96 0.200000
91 123 0.333333
92 93 -1.000000
92 94 1.000000
92 95 0.600000
92 96 0.733333
92 124 -0.600000
97 101 -0.466667
97 102 1.000000
97 103 0.200000
97 104 0.200000
98 101 -1.666667
98 102 -0.466667
98 103 -1.666667
98 104 -0.733333
99 101 -0.333333
99 102 0.733333
99 103 -0.066667
99 104 -0.066667
100 101 0.333333
100 102 -0.066667
100 103 0.066667
100 104 -0.866667
101 109 -0.466667
102 110 -0.733333
103 111 -0.466667
104 112 -1.000000
105 109 -0.866667
105 110 0.333333
105 111 0.466667
105 112 0.466667
106 109 1.000000
106 110 0.333333
106 111 -0.333333
106 112 4.333333
107 109 -0.733333
107 110 -0.333333
107 111 0.466667
107 112 0.200000
108 109 -0.466667
108 110 0.333333
108 111 -1.000000
108 112 -0.066667
109 117 -0.200000
110 118 0.466667
111 119 0.466667
112 120 0.200000
113 117 0.466667
113 118 -0.466667
113 119 -0.200000
113 120 -0.866667
114 117 0.200000
114 118 0.733333
114 119 -4.333333
114 120 0.600000
115 117 -0.600000
115 118 -0.200000
115 119 1.000000
115 120 0.333333
116 117 1.000000
116 118 -0.733333
116 119 -1.000000
116 120 2.333333
117 125 -1.000000
118 126 -0.466667
119 127 -0.466667
120 128 0.333333
121 125 1.000000
121 126 -0.466667
121 127 0.866667
121 128 -0.066667
122 125 -1.000000
122 126 -0.200000
122 127 0.333333
122 128 0.866667
123 125 -0.733333
123 126 0.333333
123 127 -0.600000
123 128 -0.200000
124 125 0.333333
124 126 0.866667
124 127 0.600000
124 128 0.600000