#
1 1 0.173333
2 2 0.013333
3 3 0.040000
4 4 0.120000
5 5 0.120000
6 6 0.013333
7 7 -0.066667
8 8 0.013333
9 9 -0.120000
10 10 0.040000
11 11 -0.013333
12 12 -0.040000
13 13 0.173333
14 14 -0.040000
15 15 -0.173333
16 16 -0.173333
17 17 -0.146667
18 18 -0.013333
19 19 0.040000
20 20 -0.146667
21 21 -0.146667
22 22 -0.146667
23 23 0.146667
24 24 0.146667
25 25 0.040000
26 26 0.093333
27 27 -0.173333
28 28 -0.040000
29 29 -0.013333
30 30 -0.146667
31 31 -0.120000
32 32 0.093333
33 33 0.013333
34 34 -0.146667
35 35 0.146667
36 36 -0.040000
37 37 -0.120000
38 38 0.093333
39 39 0.120000
40 40 -0.173333
41 41 -0.040000
42 42 0.013333
43 43 0.093333
44 44 0.013333
45 45 0.066667
46 46 -0.200000
47 47 -0.013333
48 48 0.013333
49 49 0.040000
50 50 0.040000
51 51 -0.093333
52 52 -0.200000
53 53 -0.040000
54 54 0.013333
55 55 0.040000
56 56 -0.120000
57 57 -0.173333
58 58 0.120000
59 59 -0.013333
60 60 -0.093333
61 61 -0.066667
62 62 0.093333
63 63 -0.066667
64 64 0.093333
65 65 -0.120000
66 66 0.040000
67 67 -0.093333
68 68 0.040000
69 69 0.146667
70 70 0.200000
71 71 -0.200000
72 72 -0.066667
73 73 0.040000
74 74 -0.173333
75 75 0.200000
76 76 -0.200000
77 77 -0.146667
78 78 -0.120000
79 79 -0.040000
80 80 0.093333
81 81 0.120000
82 82 -0.146667
83 83 -0.013333
84 84 -0.120000
85 85 0.146667
86 86 0.013333
87 87 -0.173333
88 88 0.120000
89 89 -0.066667
90 90 -0.093333
91 91 0.173333
92 92 0.040000
93 93 0.120000
94 94 -0.093333
95 95 0.093333
96 96 -0.013333
97 97 -0.093333
98 98 -0.093333
99 99 0.040000
100 100 0.093333
101 101 0.200000
102 102 0.146667
103 103 0.013333
104 104 0.146667
105 105 0.120000
106 106 0.146667
107 107 -0.146667
108 108 -0.013333
109 109 -0.066667
110 110 0.093333
111 111 0.066667
112 112 -0.066667
113 113 0.093333
114 114 0.093333
115 115 0.093333
116 116 -0.120000
117 117 0.093333
118 118 0.093333
119 119 -0.200000
120 120 -0.093333
121 121 -0.093333
122 122 -0.120000
123 123 -0.200000
124 124 -0.200000
125 125 -0.066667
126 126 -0.146667
127 127 0.146667
128 128 -0.066667
1 5 0.600000
1 6 0.200000
1 7 -0.333333
1 8 0.200000
1 33 -0.200000
2 5 0.733333
2 6 -0.733333
2 7 0.200000
2 8 0.866667
2 34 -0.466667
3 5 -0.333333
3 6 0.066667
3 7 -0.333333
3 8 0.600000
3 35 0.600000
4 5 0.466667
4 6 0.866667
4 7 -0.733333
4 8 3.666667
4 36 0.200000
5 13 -0.066667
6 14 0.600000
7 15 -0.066667
8 16 0.600000
9 13 -0.466667
9 14 0.733333
9 15 -0.333333
9 16 -0.466667
9 41 0.333333
10 13 0.866667
10 14 -1.000000
10 15 -0.200000
10 16 0.866667
10 42 0.600000
11 13 0.333333
11 14 0.066667
11 15 -0.333333
11 16 -0.866667
11 43 0.600000
12 13 5.000000
12 14 1.000000
12 15 0.066667
12 16 0.466667
12 44 0.466667
13 21 0.200000
14 22 -0.333333
15 23 0.333333
16 24 0.600000
17 21 -0.733333
17 22 -0.600000
17 23 0.066667
17 24 -0.466667
17 49 1.666667
18 21 0.066667
18 22 1.000000
18 23 -0.200000
18 24 0.333333
18 50 -0.866667
19 21 -0.600000
19 22 -0.200000
19 23 -0.733333
19 24 0.066667
19 51 -0.200000
20 21 -1.000000
20 22 0.200000
20 23 -1.000000
20 24 -0.733333
20 52 0.733333
21 29 0.466667
22 30 0.333333
23 31 -3.000000
24 32 -0.600000
25 29 0.733333
25 30 -2.333333
25 31 -3.000000
25 32 0.066667
25 57 3.666667
26 29 0.866667
26 30 1.000000
26 31 1.000000
26 32 -0.066667
26 58 -0.200000
27 29 0.200000
27 30 -0.333333
27 31 -2.333333
27 32 -0.866667
27 59 0.333333
28 29 0.600000
28 30 -0.200000
28 31 -2.333333
28 32 0.466667
28 60 -0.200000
33 37 -0.200000
33 38 -0.866667
33 39 0.600000
33 40 -0.866667
33 65 -0.733333
34 37 -0.333333
34 38 0.066667
34 39 -0.200000
34 40 -0.866667
34 66 -2.333333
35 37 -3.666667
35 38 -0.333333
35 39 -0.733333
35 40 -0.466667
35 67 0.200000
36 37 0.066667
36 38 0.333333
36 39 1.000000
36 40 -0.466667
36 68 0.200000
37 45 -0.066667
38 46 -0.333333
39 47 1.000000
40 48 0.733333
41 45 -0.866667
41 46 -0.466667
41 47 0.733333
41 48 0.066667
41 73 0.066667
42 45 -0.333333
42 46 -0.333333
42 47 0.200000
42 48 0.600000
42 74 -0.733333
43 45 -0.866667
43 46 0.333333
43 47 -1.000000
43 48 0.466667
43 75 0.066667
44 45 -0.600000
44 46 -0.066667
44 47 0.466667
44 48 -0.066667
44 76 0.200000
45 53 0.600000
46 54 0.066667
47 55 -3.666667
48 56 0.733333
49 53 -1.000000
49 54 -0.333333
49 55 0.733333
49 56 0.333333
49 81 -0.866667
50 53 1.000000
50 54 -0.066667
50 55 -0.733333
50 56 -0.600000
50 82 -0.333333
51 53 -0.733333
51 54 -0.466667
51 55 1.000000
51 56 -0.066667
51 83 0.066667
52 53 -3.666667
52 54 -1.000000
52 55 -0.200000
52 56 -0.066667
52 84 -1.000000
53 61 -1.000000
54 62 1.000000
55 63 0.866667
56 64 0.466667
57 61 0.066667
57 62 -0.333333
57 63 -0.200000
57 64 0.866667
57 89 0.466667
58 61 0.333333
58 62 -0.866667
58 63 -0.733333
58 64 -0.466667
58 90 0.200000
59 61 -0.333333
59 62 -0.866667
59 63 0.066667
59 64 -0.333333
59 91 0.733333
60 61 -0.866667
60 62 -0.333333
60 63 0.200000
60 64 0.600000
60 92 1.000000
65 69 -0.866667
65 70 0.866667
65 71 0.466667
65 72 0.733333
65 97 0.066667
66 69 -1.000000
66 70 0.200000
66 71 0.333333
66 72 0.466667
66 98 -0.333333
67 69 0.066667
67 70 0.600000
67 71 3.666667
67 72 0.333333
67 99 -0.866667
68 69 -0.200000
68 70 0.733333
68 71 0.866667
68 72 -0.600000
68 100 -0.466667
69 77 -0.733333
70 78 -0.733333
71 79 1.000000
72 80 -0.600000
73 77 1.000000
73 78 0.866667
73 79 0.866667
73 80 0.200000
73 105 -0.466667
74 77 0.733333
74 78 1.000000
74 79 -1.000000
74 80 0.466667
74 106 0.600000
75 77 -0.066667
75 78 -0.866667
75 79 0.333333
75 80 0.466667
75 107 0.733333
76 77 0.866667
76 78 0.066667
76 79 0.200000
76 80 -1.000000
76 108 0.200000
77 85 -0.333333
78 86 -0.733333
79 87 -0.733333
80 88 -0.333333
81 85 0.600000
81 86 0.200000
81 87 0.333333
81 88 -5.000000
81 113 0.200000
82 85 -0.866667
82 86 -4.333333
82 87 -0.600000
82 88 -0.066667
82 114 -1.000000
83 85 -0.200000
83 86 -3.000000
83 87 -0.200000
83 88 -0.600000
83 115 -0.600000
84 85 -0.466667
84 86 -1.000000
84 87 -0.066667
84 88 -0.066667
84 116 0.200000
85 93 -1.000000
86 94 -0.600000
87 95 -1.000000
88 96 0.866667
89 93 1.000000
89 94 0.333333
89 95 0.333333
89 96 -1.000000
89 121 -0.066667
90 93 0.333333
90 94 0.066667
90 95 0.200000
90 96 0.333333
90 122 1.000000
91 93 0.733333
91 94 0.066667
91 95 -0.733333
91 96 -0.600000
91 123 -1.000000
92 93 0.066667
92 94 -0.600000
92 95 0.733333
92 96 -0.200000
92 124 0.066667
97 101 -1.000000
97 102 0.866667
97 103 -1.000000
97 104 -1.000000
98 101 -0.866667
98 102 0.466667
98 103 -4.333333
98 104 0.866667
99 101 1.000000
99 102 0.866667
99 103 0.200000
99 104 1.000000
100 101 0.600000
100 102 -0.200000
100 103 1.000000
100 104 -0.466667
101 109 -0.200000
102 110 -0.733333
103 111 0.466667
104 112 -0.200000
105 109 -0.200000
105 110 -0.733333
105 111 4.333333
105 112 0.200000
106 109 0.200000
106 110 -0.600000
106 111 0.200000
106 112 -1.000000
107 109 -0.866667
107 110 0.600000
107 111 3.666667
107 112 0.333333
108 109 -0.200000
108 110 0.466667
108 111 0.733333
108 112 1.000000
109 117 0.600000
110 118 -5.000000
111 119 0.066667
112 120 0.466667
113 117 0.066667
113 118 -0.200000
113 119 0.600000
113 120 -1.000000
114 117 0.066667
114 118 -4.333333
114 119 0.600000
114 120 -0.200000
115 117 0.200000
115 118 -3.000000
115 119 0.600000
115 120 -0.333333
116 117 0.333333
116 118 0.733333
116 119 -0.866667
116 120 4.333333
117 125 0.866667
118 126 -0.066667
119 127 0.733333
120 128 1.000000
121 125 0.866667
121 126 -0.733333
121 127 0.866667
121 128 1.000000
122 125 -1.000000
122 126 1.000000
122 127 -0.866667
122 128 -0.200000
123 125 -1.000000
123 126 -0.066667
123 127 -0.200000
123 128 0.066667
124 125 0.733333
124 126 -0.866667
124 127 1.000000
124 128 -0.066667