#
1 1 -0.173333
2 2 0.066667
3 3 -0.093333
4 4 -0.066667
5 5 -0.146667
6 6 0.120000
7 7 0.066667
8 8 -0.200000
9 9 0.013333
10 10 -0.040000
11 11 0.040000
12 12 -0.120000
13 13 0.013333
14 14 -0.013333
15 15 -0.040000
16 16 0.040000
17 17 -0.173333
18 18 0.200000
19 19 -0.040000
20 20 0.066667
21 21 0.173333
22 22 0.173333
23 23 -0.066667
24 24 0.200000
25 25 0.146667
26 26 0.040000
27 27 0.040000
28 28 0.093333
29 29 -0.200000
30 30 0.200000
31 31 0.093333
32 32 0.040000
33 33 0.146667
34 34 -0.040000
35 35 -0.173333
36 36 -0.173333
37 37 0.013333
38 38 0.040000
39 39 0.200000
40 40 0.093333
41 41 0.146667
42 42 0.040000
43 43 -0.146667
44 44 -0.093333
45 45 -0.066667
46 46 0.040000
47 47 0.200000
48 48 0.200000
49 49 0.200000
50 50 -0.120000
51 51 -0.173333
52 52 -0.066667
53 53 -0.013333
54 54 -0.093333
55 55 -0.173333
56 56 -0.173333
57 57 0.093333
58 58 -0.173333
59 59 0.066667
60 60 -0.093333
61 61 0.200000
62 62 -0.200000
63 63 0.120000
64 64 0.120000
65 65 0.200000
66 66 -0.173333
67 67 0.200000
68 68 -0.066667
69 69 0.120000
70 70 -0.173333
71 71 -0.173333
72 72 -0.013333
73 73 -0.066667
74 74 0.093333
75 75 0.040000
76 76 0.093333
77 77 -0.200000
78 78 0.093333
79 79 0.040000
80 80 0.093333
81 81 -0.066667
82 82 -0.013333
83 83 0.040000
84 84 0.013333
85 85 -0.040000
86 86 0.120000
87 87 0.173333
88 88 -0.066667
89 89 -0.120000
90 90 -0.040000
91 91 0.173333
92 92 0.013333
93 93 -0.200000
94 94 0.066667
95 95 -0.146667
96 96 0.093333
97 97 0.120000
98 98 -0.200000
99 99 0.066667
100 100 -0.200000
101 101 0.173333
102 102 0.173333
103 103 0.040000
104 104 -0.093333
105 105 -0.013333
106 106 0.173333
107 107 0.120000
108 108 0.013333
109 109 -0.146667
110 110 0.173333
111 111 0.173333
112 112 0.146667
113 113 0.173333
114 114 0.013333
115 115 -0.013333
116 116 0.200000
117 117 0.146667
118 118 -0.040000
119 119 -0.120000
120 120 -0.013333
121 121 0.120000
122 122 0.066667
123 123 0.013333
124 124 -0.013333
125 125 -0.066667
126 126 0.093333
127 127 -0.200000
128 128 0.066667
1 5 1.666667
1 6 0.866667
1 7 0.466667
1 8 -0.466667
1 33 0.600000
2 5 0.200000
2 6 0.733333
2 7 -0.200000
2 8 1.000000
2 34 -3.666667
3 5 -0.733333
3 6 -0.600000
3 7 0.066667
3 8 -0.466667
3 35 -0.333333
4 5 0.600000
4 6 0.600000
4 7 -1.000000
4 8 0.733333
4 36 -0.066667
5 13 0.600000
6 14 -0.600000
7 15 1.000000
8 16 -0.066667
9 13 1.000000
9 14 -0.333333
9 15 -0.200000
9 16 -0.066667
9 41 -0.333333
10 13 1.000000
10 14 -0.333333
10 15 0.600000
10 16 0.600000
10 42 -0.333333
11 13 -0.333333
11 14 -1.000000
11 15 0.200000
11 16 -0.466667
11 43 0.733333
12 13 0.200000
12 14 0.600000
12 15 0.333333
12 16 0.600000
12 44 -0.066667
13 21 -0.866667
14 22 0.600000
15 23 0.866667
16 24 0.600000
17 21 0.333333
17 22 0.733333
17 23 1.000000
17 24 0.866667
17 49 0.066667
18 21 -0.466667
18 22 -0.600000
18 23 1.000000
18 24 -0.600000
18 50 1.000000
19 21 0.333333
19 22 0.866667
19 23 0.200000
19 24 -0.733333
19 51 -0.466667
20 21 0.466667
20 22 -3.000000
20 23 0.200000
20 24 1.000000
20 52 0.066667
21 29 1.000000
22 30 -0.200000
23 31 -5.000000
24 32 -0.466667
25 29 -0.733333
25 30 -0.333333
25 31 1.000000
25 32 0.866667
25 57 0.866667
26 29 0.200000
26 30 -1.000000
26 31 -5.000000
26 32 -0.733333
26 58 0.200000
27 29 -0.200000
27 30 -0.200000
27 31 0.466667
27 32 0.333333
27 59 -5.000000
28 29 0.200000
28 30 0.200000
28 31 -1.000000
28 32 -0.466667
28 60 -3.666667
33 37 0.866667
33 38 0.866667
33 39 0.866667
33 40 -0.866667
33 65 0.466667
34 37 -0.600000
34 38 0.333333
34 39 0.600000
34 40 -0.466667
34 66 0.200000
35 37 0.600000
35 38 -0.200000
35 39 1.666667
35 40 0.200000
35 67 -0.600000
36 37 -0.466667
36 38 -1.000000
36 39 -0.733333
36 40 0.733333
36 68 0.200000
37 45 -0.066667
38 46 0.066667
39 47 -0.733333
40 48 -1.000000
41 45 1.666667
41 46 0.333333
41 47 -0.466667
41 48 -0.600000
41 73 0.600000
42 45 0.466667
42 46 -0.333333
42 47 0.733333
42 48 -0.866667
42 74 0.066667
43 45 -3.666667
43 46 0.600000
43 47 0.333333
43 48 -0.200000
43 75 -0.466667
44 45 0.466667
44 46 -0.200000
44 47 -0.066667
44 48 0.333333
44 76 -0.866667
45 53 0.733333
46 54 0.733333
47 55 -0.200000
48 56 1.000000
49 53 -0.733333
49 54 0.733333
49 55 0.866667
49 56 -0.333333
49 81 -0.733333
50 53 -0.866667
50 54 0.200000
50 55 0.733333
50 56 3.000000
50 82 0.066667
51 53 -5.000000
51 54 -3.000000
51 55 -0.600000
51 56 -0.866667
51 83 1.000000
52 53 -1.000000
52 54 0.466667
52 55 0.200000
52 56 -0.066667
52 84 -0.600000
53 61 -0.466667
54 62 -0.333333
55 63 -0.333333
56 64 0.466667
57 61 -2.333333
57 62 -1.000000
57 63 -5.000000
57 64 2.333333
57 89 0.333333
58 61 0.600000
58 62 1.000000
58 63 -0.200000
58 64 -0.200000
58 90 -0.866667
59 61 0.200000
59 62 -0.600000
59 63 -0.200000
59 64 0.066667
59 91 0.600000
60 61 0.466667
60 62 0.733333
60 63 -4.333333
60 64 5.000000
60 92 0.466667
65 69 -0.866667
65 70 -0.733333
65 71 0.600000
65 72 0.866667
65 97 -0.733333
66 69 1.000000
66 70 0.733333
66 71 0.200000
66 72 -1.000000
66 98 -0.466667
67 69 0.333333
67 70 -0.866667
67 71 -0.066667
67 72 0.066667
67 99 0.466667
68 69 -1.000000
68 70 1.000000
68 71 3.666667
68 72 0.200000
68 100 5.000000
69 77 -0.466667
70 78 -0.600000
71 79 1.000000
72 80 0.600000
73 77 -0.333333
73 78 -0.466667
73 79 -0.466667
73 80 -0.333333
73 105 -0.333333
74 77 -0.600000
74 78 -0.733333
74 79 -0.866667
74 80 2.333333
74 106 -0.866667
75 77 1.000000
75 78 0.866667
75 79 -1.000000
75 80 0.600000
75 107 -0.333333
76 77 0.866667
76 78 -1.000000
76 79 0.600000
76 80 0.733333
76 108 -0.333333
77 85 0.066667
78 86 0.333333
79 87 -0.866667
80 88 0.866667
81 85 1.000000
81 86 -0.466667
81 87 0.333333
81 88 -0.200000
81 113 0.200000
82 85 0.733333
82 86 -0.466667
82 87 -0.333333
82 88 0.200000
82 114 -0.466667
83 85 -1.000000
83 86 0.066667
83 87 -0.466667
83 88 -0.466667
83 115 -1.000000
84 85 -0.866667
84 86 -0.866667
84 87 2.333333
84 88 1.666667
84 116 0.733333
85 93 -0.200000
86 94 -0.200000
87 95 0.466667
88 96 0.066667
89 93 -1.000000
89 94 -3.666667
89 95 -0.733333
89 96 -0.733333
89 121 1.000000
90 93 0.733333
90 94 0.733333
90 95 0.066667
90 96 -0.200000
90 122 0.866667
91 93 -0.333333
91 94 -0.066667
91 95 -0.333333
91 96 -0.733333
91 123 -0.200000
92 93 -0.333333
92 94 2.333333
92 95 -0.066667
92 96 -0.200000
92 124 0.066667
97 101 0.733333
97 102 -0.333333
97 103 -3.666667
97 104 0.333333
98 101 0.866667
98 102 -0.600000
98 103 -0.866667
98 104 -0.200000
99 101 -0.333333
99 102 -0.066667
99 103 -0.466667
99 104 -0.066667
100 101 0.733333
100 102 -0.733333
100 103 0.466667
100 104 -0.333333
101 109 1.000000
102 110 -0.600000
103 111 -0.466667
104 112 0.466667
105 109 1.000000
105 110 -0.200000
105 111 0.466667
105 112 -0.066667
106 109 1.000000
106 110 0.066667
106 111 -1.000000
106 112 -0.466667
107 109 -1.000000
107 110 0.600000
107 111 -0.066667
107 112 0.333333
108 109 1.666667
108 110 -0.733333
108 111 -0.200000
108 112 0.466667
109 117 -0.200000
110 118 -0.600000
111 119 4.333333
112 120 0.733333
113 117 1.000000
113 118 -0.066667
113 119 0.866667
113 120 0.866667
114 117 -0.600000
114 118 0.333333
114 119 -1.000000
114 120 -0.200000
115 117 0.600000
115 118 0.866667
115 119 -0.333333
115 120 -0.066667
116 117 -1.000000
116 118 -0.200000
116 119 0.600000
116 120 0.066667
117 125 -0.733333
118 126 0.066667
119 127 0.333333
120 128 1.000000
121 125 -0.466667
121 126 0.466667
121 127 -0.866667
121 128 0.200000
122 125 0.066667
122 126 0.600000
122 127 -0.466667
122 128 -0.066667
123 125 3.666667
123 126 -0.466667
123 127 0.600000
123 128 -3.666667
124 125 0.200000
124 126 0.466667
124 127 -0.733333
124 128 0.466667