#
1 1 0.173333
2 2 -0.013333
3 3 0.173333
4 4 -0.013333
5 5 -0.093333
6 6 0.040000
7 7 -0.173333
8 8 0.093333
9 9 -0.013333
10 10 0.040000
11 11 -0.040000
12 12 0.200000
13 13 0.120000
14 14 -0.200000
15 15 0.173333
16 16 0.066667
17 17 0.093333
18 18 0.200000
19 19 -0.200000
20 20 -0.093333
21 21 0.146667
22 22 -0.200000
23 23 -0.013333
24 24 0.200000
25 25 -0.093333
26 26 -0.093333
27 27 -0.040000
28 28 0.173333
29 29 -0.146667
30 30 -0.120000
31 31 -0.120000
32 32 0.200000
33 33 0.093333
34 34 -0.200000
35 35 -0.200000
36 36 0.040000
37 37 -0.146667
38 38 -0.066667
39 39 -0.200000
40 40 0.013333
41 41 -0.173333
42 42 0.040000
43 43 0.040000
44 44 0.200000
45 45 -0.146667
46 46 0.200000
47 47 0.200000
48 48 0.040000
49 49 0.146667
50 50 -0.120000
51 51 0.200000
52 52 -0.093333
53 53 0.013333
54 54 0.066667
55 55 -0.040000
56 56 0.013333
57 57 0.040000
58 58 -0.120000
59 59 0.040000
60 60 -0.120000
61 61 0.093333
62 62 -0.120000
63 63 0.200000
64 64 0.200000
65 65 -0.066667
66 66 -0.173333
67 67 0.013333
68 68 0.066667
69 69 -0.200000
70 70 0.066667
71 71 -0.120000
72 72 -0.200000
73 73 -0.120000
74 74 -0.040000
75 75 0.040000
76 76 -0.146667
77 77 -0.120000
78 78 0.146667
79 79 0.173333
80 80 0.120000
81 81 0.066667
82 82 0.066667
83 83 -0.066667
84 84 -0.093333
85 85 0.013333
86 86 -0.146667
87 87 -0.146667
88 88 0.173333
89 89 -0.066667
90 90 -0.146667
91 91 -0.040000
92 92 -0.120000
93 93 0.200000
94 94 -0.146667
95 95 -0.013333
96 96 0.093333
97 97 -0.173333
98 98 0.173333
99 99 -0.013333
100 100 -0.146667
101 101 0.120000
102 102 -0.013333
103 103 -0.120000
104 104 -0.093333
105 105 0.120000
106 106 -0.146667
107 107 -0.146667
108 108 -0.066667
109 109 -0.173333
110 110 0.146667
111 111 -0.040000
112 112 0.066667
113 113 -0.146667
114 114 0.200000
115 115 0.120000
116 116 0.200000
117 117 -0.040000
118 118 -0.173333
119 119 0.120000
120 120 -0.173333
121 121 0.120000
122 122 0.200000
123 123 -0.040000
124 124 0.173333
125 125 -0.120000
126 126 -0.173333
127 127 0.066667
128 128 0.200000
1 5 2.333333
1 6 -0.733333
1 7 -0.733333
1 8 -0.466667
1 33 0.333333
2 5 1.666667
2 6 -0.733333
2 7 0.200000
2 8 -1.000000
2 34 -0.733333
3 5 0.066667
3 6 -0.066667
3 7 0.066667
3 8 0.066667
3 35 0.333333
4 5 0.733333
4 6 -0.866667
4 7 -0.066667
4 8 1.000000
4 36 -0.466667
5 13 0.200000
6 14 0.200000
7 15 -0.333333
8 16 -0.466667
9 13 1.000000
9 14 1.000000
9 15 -0.333333
9 16 -0.733333
9 41 -0.066667
10 13 0.066667
10 14 0.733333
10 15 0.466667
10 16 -0.733333
10 42 -0.866667
11 13 0.600000
11 14 0.200000
11 15 -0.866667
11 16 0.333333
11 43 -1.000000
12 13 -0.733333
12 14 0.866667
12 15 -0.066667
12 16 0.733333
12 44 -0.333333
13 21 -5.000000
14 22 -0.600000
15 23 0.866667
16 24 -0.466667
17 21 0.466667
17 22 -1.666667
17 23 -0.200000
17 24 -5.000000
17 49 -1.666667
18 21 -0.600000
18 22 0.600000
18 23 0.333333
18 24 -0.333333
18 50 -5.000000
19 21 -0.466667
19 22 -0.600000
19 23 -1.000000
19 24 0.466667
19 51 -0.600000
20 21 0.200000
20 22 -0.600000
20 23 3.666667
20 24 -0.200000
20 52 -0.200000
21 29 0.333333
22 30 -1.000000
23 31 4.333333
24 32 -0.866667
25 29 -0.600000
25 30 -5.000000
25 31 -0.733333
25 32 -0.466667
25 57 -0.066667
26 29 -0.733333
26 30 -0.600000
26 31 -0.333333
26 32 0.333333
26 58 -0.600000
27 29 -0.866667
27 30 -0.866667
27 31 -0.200000
27 32 -0.466667
27 59 -0.600000
28 29 0.466667
28 30 -0.466667
28 31 -0.600000
28 32 -1.000000
28 60 0.733333
33 37 0.200000
33 38 -0.333333
33 39 1.000000
33 40 -0.066667
33 65 -0.066667
34 37 -1.000000
34 38 0.200000
34 39 -0.066667
34 40 1.000000
34 66 0.066667
35 37 -0.466667
35 38 -0.733333
35 39 -0.600000
35 40 -0.066667
35 67 -0.066667
36 37 -0.600000
36 38 -0.733333
36 39 1.666667
36 40 -0.866667
36 68 0.733333
37 45 -0.466667
38 46 0.066667
39 47 0.733333
40 48 -0.866667
41 45 -1.000000
41 46 0.066667
41 47 0.733333
41 48 -0.733333
41 73 0.866667
42 45 -0.066667
42 46 0.866667
42 47 0.066667
42 48 0.333333
42 74 0.600000
43 45 -0.066667
43 46 -0.333333
43 47 -0.600000
43 48 -0.466667
43 75 0.600000
44 45 1.000000
44 46 -0.466667
44 47 0.333333
44 48 0.733333
44 76 -0.733333
45 53 0.600000
46 54 0.333333
47 55 0.333333
48 56 -0.066667
49 53 0.333333
49 54 -0.866667
49 55 -0.600000
49 56 -0.600000
49 81 -0.466667
50 53 0.066667
50 54 0.066667
50 55 -0.733333
50 56 0.066667
50 82 -0.066667
51 53 0.066667
51 54 -1.666667
51 55 -0.466667
51 56 -0.866667
51 83 0.866667
52 53 -0.733333
52 54 -1.000000
52 55 -0.066667
52 56 -0.866667
52 84 0.866667
53 61 -0.200000
54 62 -0.600000
55 63 0.066667
56 64 0.466667
57 61 0.866667
57 62 0.866667
57 63 0.200000
57 64 -0.600000
57 89 0.466667
58 61 -0.466667
58 62 0.066667
58 63 0.600000
58 64 0.333333
58 90 -0.600000
59 61 1.000000
59 62 1.666667
59 63 0.200000
59 64 -0.200000
59 91 0.333333
60 61 0.733333
60 62 -5.000000
60 63 1.666667
60 64 0.600000
60 92 -1.000000
65 69 -1.000000
65 70 -0.600000
65 71 -0.066667
65 72 -0.466667
65 97 -0.733333
66 69 -1.000000
66 70 -0.333333
66 71 0.066667
66 72 3.000000
66 98 -0.600000
67 69 -1.000000
67 70 1.000000
67 71 -1.000000
67 72 -0.333333
67 99 0.466667
68 69 -0.866667
68 70 0.200000
68 71 1.000000
68 72 0.466667
68 100 -0.866667
69 77 3.000000
70 78 0.866667
71 79 0.466667
72 80 -0.866667
73 77 0.200000
73 78 -0.466667
73 79 1.000000
73 80 -0.333333
73 105 0.333333
74 77 0.066667
74 78 1.000000
74 79 -0.733333
74 80 0.066667
74 106 -0.333333
75 77 0.466667
75 78 5.000000
75 79 0.466667
75 80 -0.333333
75 107 0.066667
76 77 -0.466667
76 78 1.000000
76 79 -0.066667
76 80 0.333333
76 108 -0.200000
77 85 -0.200000
78 86 -1.666667
79 87 -0.733333
80 88 -1.000000
81 85 0.333333
81 86 0.733333
81 87 -0.600000
81 88 -4.333333
81 113 -1.000000
82 85 -0.333333
82 86 -0.866667
82 87 -0.066667
82 88 0.200000
82 114 0.600000
83 85 0.200000
83 86 -0.066667
83 87 1.000000
83 88 -0.466667
83 115 1.000000
84 85 -2.333333
84 86 3.666667
84 87 -0.866667
84 88 -0.600000
84 116 0.466667
85 93 -0.466667
86 94 0.733333
87 95 0.333333
88 96 -0.066667
89 93 -1.000000
89 94 -0.733333
89 95 0.600000
89 96 0.866667
89 121 0.333333
90 93 -0.066667
90 94 1.000000
90 95 1.000000
90 96 1.000000
90 122 0.733333
91 93 -0.600000
91 94 0.866667
91 95 0.466667
91 96 -0.466667
91 123 -0.733333
92 93 -0.333333
92 94 -0.466667
92 95 -4.333333
92 96 -1.000000
92 124 0.600000
97 101 -0.333333
97 102 1.000000
97 103 0.466667
97 104 -0.200000
98 101 -0.333333
98 102 -0.333333
98 103 4.333333
98 104 -0.066667
99 101 -0.200000
99 102 -0.066667
99 103 0.466667
99 104 0.066667
100 101 -0.333333
100 102 0.733333
100 103 -0.600000
100 104 -0.466667
101 109 0.200000
102 110 -0.733333
103 111 1.000000
104 112 0.733333
105 109 -0.333333
105 110 0.466667
105 111 -1.000000
105 112 0.333333
106 109 -1.000000
106 110 1.666667
106 111 -0.866667
106 112 0.466667
107 109 0.466667
107 110 -1.000000
107 111 -0.600000
107 112 0.600000
108 109 0.333333
108 110 0.200000
108 111 -0.333333
108 112 1.000000
109 117 0.600000
110 118 0.866667
111 119 0.066667
112 120 0.733333
113 117 -0.866667
113 118 5.000000
113 119 -1.000000
113 120 -0.866667
114 117 -1.000000
114 118 0.200000
114 119 0.733333
114 120 -0.200000
115 117 3.000000
115 118 -0.733333
115 119 -0.333333
115 120 0.733333
116 117 -0.066667
116 118 0.866667
116 119 -0.200000
116 120 0.066667
117 125 -0.200000
118 126 5.000000
119 127 0.066667
120 128 -2.333333
121 125 -0.200000
121 126 -0.600000
121 127 -0.200000
121 128 0.866667
122 125 -0.866667
122 126 1.000000
122 127 -0.866667
122 128 0.066667
123 125 0.333333
123 126 -1.000000
123 127 -0.066667
123 128 -0.200000
124 125 -0.200000
124 126 -0.333333
124 127 -0.466667
124 128 -0.733333