#
1 1 -0.013333
2 2 0.120000
3 3 -0.093333
4 4 -0.200000
5 5 -0.093333
6 6 -0.040000
7 7 -0.040000
8 8 0.200000
9 9 0.146667
10 10 0.200000
11 11 0.093333
12 12 0.040000
13 13 0.120000
14 14 0.173333
15 15 -0.173333
16 16 0.066667
17 17 0.146667
18 18 -0.146667
19 19 0.040000
20 20 -0.120000
21 21 -0.200000
22 22 -0.146667
23 23 0.200000
24 24 -0.146667
25 25 0.066667
26 26 0.120000
27 27 0.066667
28 28 0.146667
29 29 -0.066667
30 30 0.040000
31 31 -0.173333
32 32 0.200000
33 33 0.120000
34 34 0.066667
35 35 0.040000
36 36 -0.120000
37 37 -0.040000
38 38 -0.066667
39 39 -0.200000
40 40 -0.013333
41 41 -0.013333
42 42 0.040000
43 43 -0.013333
44 44 -0.013333
45 45 -0.013333
46 46 -0.146667
47 47 -0.200000
48 48 0.093333
49 49 -0.200000
50 50 -0.093333
51 51 0.093333
52 52 0.013333
53 53 0.120000
54 54 -0.013333
55 55 -0.093333
56 56 0.146667
57 57 0.146667
58 58 -0.120000
59 59 -0.120000
60 60 0.173333
61 61 -0.200000
62 62 0.040000
63 63 -0.146667
64 64 0.173333
65 65 0.120000
66 66 -0.066667
67 67 -0.093333
68 68 0.040000
69 69 -0.120000
70 70 -0.200000
71 71 0.066667
72 72 0.173333
73 73 -0.120000
74 74 -0.040000
75 75 -0.146667
76 76 0.040000
77 77 -0.066667
78 78 0.120000
79 79 0.040000
80 80 -0.013333
81 81 -0.040000
82 82 0.173333
83 83 0.066667
84 84 -0.040000
85 85 -0.066667
86 86 0.066667
87 87 0.066667
88 88 0.066667
89 89 0.120000
90 90 -0.066667
91 91 0.173333
92 92 0.120000
93 93 0.120000
94 94 -0.146667
95 95 0.146667
96 96 -0.040000
97 97 -0.066667
98 98 0.146667
99 99 -0.120000
100 100 0.040000
101 101 0.200000
102 102 -0.200000
103 103 0.040000
104 104 -0.093333
105 105 -0.146667
106 106 -0.173333
107 107 -0.040000
108 108 -0.066667
109 109 -0.013333
110 110 0.040000
111 111 -0.173333
112 112 0.013333
113 113 -0.173333
114 114 -0.040000
115 115 -0.040000
116 116 0.066667
117 117 0.173333
118 118 0.040000
119 119 0.173333
120 120 -0.146667
121 121 0.066667
122 122 -0.173333
123 123 -0.093333
124 124 -0.200000
125 125 0.120000
126 126 0.146667
127 127 -0.093333
128 128 0.093333
1 5 -0.333333
1 6 0.333333
1 7 0.333333
1 8 -0.866667
1 33 0.333333
2 5 0.066667
2 6 -2.333333
2 7 0.600000
2 8 1.000000
2 34 -0.333333
3 5 -2.333333
3 6 0.333333
3 7 0.466667
3 8 -0.466667
3 35 0.200000
4 5 -0.333333
4 6 -0.200000
4 7 -0.733333
4 8 5.000000
4 36 -0.866667
5 13 -0.733333
6 14 0.733333
7 15 4.333333
8 16 3.666667
9 13 -0.600000
9 14 -1.000000
9 15 -0.600000
9 16 -0.466667
9 41 -0.066667
10 13 -1.000000
10 14 -0.866667
10 15 -0.066667
10 16 0.466667
10 42 -0.333333
11 13 1.000000
11 14 -0.600000
11 15 0.066667
11 16 -0.600000
11 43 -1.000000
12 13 0.066667
12 14 2.333333
12 15 -1.000000
12 16 -0.333333
12 44 -0.466667
13 21 -0.200000
14 22 1.000000
15 23 -0.600000
16 24 1.000000
17 21 1.000000
17 22 -0.600000
17 23 0.866667
17 24 0.333333
17 49 -1.000000
18 21 0.733333
18 22 0.866667
18 23 -1.000000
18 24 0.600000
18 50 0.066667
19 21 -0.600000
19 22 -1.000000
19 23 -0.866667
19 24 -0.200000
19 51 -5.000000
20 21 -0.333333
20 22 -1.000000
20 23 0.200000
20 24 0.466667
20 52 0.200000
21 29 -0.466667
22 30 0.066667
23 31 -1.000000
24 32 1.000000
25 29 -0.866667
25 30 -0.466667
25 31 0.200000
25 32 -0.600000
25 57 -0.333333
26 29 -0.733333
26 30 -1.666667
26 31 3.000000
26 32 -3.000000
26 58 2.333333
27 29 0.333333
27 30 -0.466667
27 31 0.333333
27 32 0.333333
27 59 0.200000
28 29 -5.000000
28 30 1.000000
28 31 -0.733333
28 32 0.733333
28 60 -0.333333
33 37 -0.466667
33 38 0.600000
33 39 0.600000
33 40 0.866667
33 65 1.000000
34 37 0.600000
34 38 -1.000000
34 39 0.333333
34 40 -2.333333
34 66 1.000000
35 37 0.733333
35 38 1.000000
35 39 0.733333
35 40 -1.000000
35 67 0.066667
36 37 0.066667
36 38 -0.866667
36 39 -0.600000
36 40 1.000000
36 68 -0.333333
37 45 0.866667
38 46 0.733333
39 47 -0.333333
40 48 0.066667
41 45 0.600000
41 46 -0.066667
41 47 -0.066667
41 48 0.066667
41 73 -1.000000
42 45 -0.866667
42 46 0.066667
42 47 0.866667
42 48 0.866667
42 74 1.000000
43 45 -0.600000
43 46 0.866667
43 47 -0.733333
43 48 -1.000000
43 75 0.333333
44 45 -0.733333
44 46 0.866667
44 47 4.333333
44 48 -0.466667
44 76 0.466667
45 53 0.333333
46 54 -0.733333
47 55 -1.000000
48 56 0.466667
49 53 -0.066667
49 54 -0.600000
49 55 -0.733333
49 56 -0.333333
49 81 -0.200000
50 53 0.866667
50 54 0.466667
50 55 0.866667
50 56 0.866667
50 82 -0.600000
51 53 0.866667
51 54 1.000000
51 55 0.733333
51 56 -4.333333
51 83 -1.000000
52 53 0.333333
52 54 1.000000
52 55 0.066667
52 56 1.000000
52 84 0.333333
53 61 -0.866667
54 62 0.200000
55 63 0.733333
56 64 -1.000000
57 61 -0.333333
57 62 0.200000
57 63 -1.000000
57 64 -0.733333
57 89 0.600000
58 61 0.733333
58 62 0.866667
58 63 0.333333
58 64 0.866667
58 90 -1.000000
59 61 0.200000
59 62 -0.333333
59 63 -0.333333
59 64 -0.200000
59 91 0.200000
60 61 0.466667
60 62 -0.200000
60 63 1.000000
60 64 0.200000
60 92 0.466667
65 69 -0.600000
65 70 -0.466667
65 71 -4.333333
65 72 -0.866667
65 97 -1.000000
66 69 -0.600000
66 70 -0.866667
66 71 0.866667
66 72 0.600000
66 98 0.466667
67 69 -1.000000
67 70 0.466667
67 71 0.600000
67 72 -0.333333
67 99 0.600000
68 69 1.000000
68 70 -0.333333
68 71 -0.600000
68 72 -1.666667
68 100 0.866667
69 77 0.733333
70 78 -0.600000
71 79 -0.333333
72 80 0.333333
73 77 0.600000
73 78 -0.733333
73 79 -1.000000
73 80 0.600000
73 105 -1.000000
74 77 0.866667
74 78 0.866667
74 79 0.333333
74 80 -0.333333
74 106 -0.200000
75 77 -0.066667
75 78 -0.066667
75 79 -1.000000
75 80 0.600000
75 107 -1.000000
76 77 -0.866667
76 78 0.333333
76 79 0.333333
76 80 -0.733333
76 108 0.333333
77 85 -0.466667
78 86 -1.000000
79 87 -0.333333
80 88 -0.600000
81 85 0.866667
81 86 0.200000
81 87 -0.733333
81 88 -1.000000
81 113 1.000000
82 85 -0.466667
82 86 -0.866667
82 87 -0.866667
82 88 -0.066667
82 114 -0.066667
83 85 -0.866667
83 86 0.733333
83 87 -0.866667
83 88 -0.333333
83 115 -0.066667
84 85 0.866667
84 86 0.600000
84 87 -0.866667
84 88 1.000000
84 116 0.466667
85 93 1.000000
86 94 4.333333
87 95 0.466667
88 96 0.333333
89 93 -0.333333
89 94 5.000000
89 95 -0.200000
89 96 1.000000
89 121 1.000000
90 93 -0.333333
90 94 0.733333
90 95 0.866667
90 96 1.000000
90 122 -0.200000
91 93 -0.733333
91 94 0.600000
91 95 -1.000000
91 96 -3.000000
91 123 0.866667
92 93 0.200000
92 94 -0.333333
92 95 0.733333
92 96 2.333333
92 124 -0.200000
97 101 4.333333
97 102 1.666667
97 103 0.733333
97 104 0.466667
98 101 0.866667
98 102 0.866667
98 103 0.733333
98 104 -0.733333
99 101 -0.733333
99 102 -0.200000
99 103 -0.866667
99 104 0.600000
100 101 1.000000
100 102 -1.000000
100 103 0.600000
100 104 -1.666667
101 109 -0.600000
102 110 3.000000
103 111 0.200000
104 112 -0.866667
105 109 -0.600000
105 110 -0.466667
105 111 -0.200000
105 112 -0.466667
106 109 -0.066667
106 110 -0.600000
106 111 1.666667
106 112 -0.733333
107 109 0.200000
107 110 -1.000000
107 111 1.000000
107 112 -0.066667
108 109 -3.666667
108 110 0.333333
108 111 0.866667
108 112 -0.866667
109 117 0.466667
110 118 0.200000
111 119 0.600000
112 120 0.866667
113 117 0.733333
113 118 2.333333
113 119 -1.000000
113 120 0.733333
114 117 -0.200000
114 118 0.600000
114 119 -0.200000
114 120 -0.733333
115 117 -0.866667
115 118 -0.866667
115 119 -0.600000
115 120 -0.733333
116 117 0.200000
116 118 -1.000000
116 119 1.000000
116 120 0.466667
117 125 -0.866667
118 126 -0.066667
119 127 0.600000
120 128 0.066667
121 125 0.733333
121 126 4.333333
121 127 0.466667
121 128 0.733333
122 125 -0.066667
122 126 0.466667
122 127 0.866667
122 128 0.200000
123 125 0.866667
123 126 -0.600000
123 127 0.200000
123 128 0.600000
124 125 0.333333
124 126 0.333333
124 127 -0.333333
124 128 -0.466667