#
1 1 0.173333
2 2 -0.146667
3 3 0.120000
4 4 -0.173333
5 5 -0.013333
6 6 -0.066667
7 7 0.013333
8 8 -0.013333
9 9 -0.120000
10 10 -0.066667
11 11 0.093333
12 12 -0.173333
13 13 -0.013333
14 14 0.146667
15 15 0.093333
16 16 -0.146667
17 17 0.093333
18 18 -0.200000
19 19 0.120000
20 20 -0.040000
21 21 0.120000
22 22 0.146667
23 23 0.066667
24 24 0.146667
25 25 0.200000
26 26 -0.040000
27 27 -0.120000
28 28 0.146667
29 29 0.146667
30 30 -0.173333
31 31 -0.146667
32 32 -0.013333
33 33 0.200000
34 34 -0.146667
35 35 0.040000
36 36 0.146667
37 37 0.013333
38 38 0.040000
39 39 0.093333
40 40 0.120000
41 41 0.200000
42 42 -0.093333
43 43 0.013333
44 44 -0.093333
45 45 0.040000
46 46 0.066667
47 47 0.066667
48 48 0.093333
49 49 -0.013333
50 50 -0.146667
51 51 0.200000
52 52 -0.066667
53 53 -0.040000
54 54 -0.093333
55 55 0.013333
56 56 0.146667
57 57 -0.200000
58 58 -0.013333
59 59 0.120000
60 60 -0.013333
61 61 -0.200000
62 62 -0.173333
63 63 -0.013333
64 64 -0.066667
65 65 -0.120000
66 66 0.200000
67 67 0.173333
68 68 0.040000
69 69 0.173333
70 70 -0.040000
71 71 0.173333
72 72 0.040000
73 73 -0.173333
74 74 -0.173333
75 75 0.040000
76 76 0.200000
77 77 0.200000
78 78 0.146667
79 79 0.013333
80 80 0.146667
81 81 0.146667
82 82 -0.173333
83 83 0.093333
84 84 0.120000
85 85 0.146667
86 86 0.013333
87 87 0.173333
88 88 -0.013333
89 89 0.093333
90 90 0.200000
91 91 0.173333
92 92 -0.200000
93 93 -0.093333
94 94 0.120000
95 95 -0.040000
96 96 -0.173333
97 97 0.120000
98 98 0.200000
99 99 -0.120000
100 100 -0.146667
101 101 0.093333
102 102 0.200000
103 103 -0.146667
104 104 -0.173333
105 105 0.093333
106 106 -0.013333
107 107 -0.066667
108 108 -0.120000
109 109 -0.200000
110 110 0.066667
111 111 -0.200000
112 112 -0.040000
113 113 0.146667
114 114 0.013333
115 115 0.040000
116 116 -0.146667
117 117 -0.200000
118 118 0.093333
119 119 -0.040000
120 120 -0.066667
121 121 -0.013333
122 122 0.013333
123 123 -0.066667
124 124 -0.146667
125 125 -0.200000
126 126 0.173333
127 127 -0.013333
128 128 0.120000
1 5 1.000000
1 6 0.333333
1 7 0.600000
1 8 -0.333333
1 33 -0.200000
2 5 -0.066667
2 6 0.200000
2 7 1.000000
2 8 -0.333333
2 34 0.200000
3 5 0.066667
3 6 -0.866667
3 7 1.000000
3 8 -0.466667
3 35 -0.333333
4 5 -0.333333
4 6 -2.333333
4 7 0.600000
4 8 -0.733333
4 36 0.733333
5 13 -0.466667
6 14 -0.200000
7 15 0.600000
8 16 0.066667
9 13 0.600000
9 14 1.000000
9 15 0.066667
9 16 -0.200000
9 41 1.000000
10 13 0.333333
10 14 0.200000
10 15 -1.000000
10 16 -0.866667
10 42 -0.066667
11 13 4.333333
11 14 -0.066667
11 15 -0.866667
11 16 0.733333
11 43 0.066667
12 13 0.066667
12 14 -4.333333
12 15 -0.866667
12 16 1.666667
12 44 3.000000
13 21 -1.000000
14 22 -0.600000
15 23 -0.333333
16 24 1.000000
17 21 -1.000000
17 22 -0.066667
17 23 0.866667
17 24 1.000000
17 49 0.600000
18 21 0.866667
18 22 -0.333333
18 23 0.733333
18 24 -0.866667
18 50 0.733333
19 21 -1.000000
19 22 0.733333
19 23 0.466667
19 24 -1.000000
19 51 0.600000
20 21 0.600000
20 22 0.066667
20 23 0.066667
20 24 0.600000
20 52 -0.066667
21 29 1.666667
22 30 0.333333
23 31 -0.200000
24 32 0.200000
25 29 0.066667
25 30 -1.000000
25 31 -0.733333
25 32 0.333333
25 57 0.866667
26 29 1.000000
26 30 -0.733333
26 31 0.733333
26 32 -1.000000
26 58 0.066667
27 29 1.000000
27 30 -0.333333
27 31 -0.200000
27 32 0.200000
27 59 0.733333
28 29 0.866667
28 30 -0.333333
28 31 -0.200000
28 32 -0.200000
28 60 -0.866667
33 37 -0.866667
33 38 0.866667
33 39 0.466667
33 40 -0.200000
33 65 -0.066667
34 37 0.466667
34 38 1.000000
34 39 -1.000000
34 40 -0.466667
34 66 -1.000000
35 37 0.600000
35 38 5.000000
35 39 -5.000000
35 40 0.200000
35 67 -0.466667
36 37 -0.200000
36 38 -0.066667
36 39 -0.066667
36 40 0.733333
36 68 -0.066667
37 45 -0.066667
38 46 -0.466667
39 47 0.466667
40 48 -0.866667
41 45 -0.733333
41 46 -1.000000
41 47 0.333333
41 48 0.066667
41 73 -0.600000
42 45 0.600000
42 46 -0.333333
42 47 -0.200000
42 48 -0.466667
42 74 0.466667
43 45 0.200000
43 46 0.333333
43 47 0.600000
43 48 1.000000
43 75 0.333333
44 45 -0.866667
44 46 0.066667
44 47 -0.600000
44 48 -0.866667
44 76 0.866667
45 53 0.200000
46 54 0.066667
47 55 1.000000
48 56 0.200000
49 53 -0.866667
49 54 -0.066667
49 55 -0.733333
49 56 0.466667
49 81 0.200000
50 53 0.200000
50 54 0.733333
50 55 0.333333
50 56 0.466667
50 82 -0.333333
51 53 -0.466667
51 54 0.200000
51 55 -0.333333
51 56 -0.200000
51 83 0.600000
52 53 0.866667
52 54 0.200000
52 55 -0.866667
52 56 0.866667
52 84 -0.200000
53 61 0.333333
54 62 -1.000000
55 63 2.333333
56 64 0.866667
57 61 -0.466667
57 62 -0.466667
57 63 -0.333333
57 64 0.333333
57 89 0.333333
58 61 0.600000
58 62 0.600000
58 63 -0.466667
58 64 -0.200000
58 90 -0.200000
59 61 3.000000
59 62 0.733333
59 63 -0.333333
59 64 0.200000
59 91 -0.866667
60 61 0.866667
60 62 0.333333
60 63 1.000000
60 64 -1.000000
60 92 -0.333333
65 69 -0.866667
65 70 -0.733333
65 71 0.200000
65 72 0.066667
65 97 -1.000000
66 69 0.333333
66 70 -0.733333
66 71 -0.466667
66 72 -0.333333
66 98 0.733333
67 69 0.333333
67 70 0.733333
67 71 0.733333
67 72 -0.066667
67 99 -0.066667
68 69 -0.600000
68 70 0.466667
68 71 3.000000
68 72 0.333333
68 100 0.333333
69 77 -0.600000
70 78 0.600000
71 79 -0.066667
72 80 0.333333
73 77 0.600000
73 78 -1.000000
73 79 0.466667
73 80 -0.866667
73 105 0.733333
74 77 -0.466667
74 78 -0.733333
74 79 -0.066667
74 80 4.333333
74 106 -0.333333
75 77 0.066667
75 78 0.200000
75 79 -0.466667
75 80 -4.333333
75 107 -0.066667
76 77 -0.733333
76 78 0.733333
76 79 0.600000
76 80 -0.733333
76 108 0.333333
77 85 -0.733333
78 86 0.600000
79 87 -1.000000
80 88 0.866667
81 85 -0.066667
81 86 0.466667
81 87 -1.000000
81 88 -0.200000
81 113 2.333333
82 85 0.333333
82 86 0.733333
82 87 3.666667
82 88 -0.333333
82 114 -0.733333
83 85 -0.066667
83 86 0.466667
83 87 -0.333333
83 88 0.866667
83 115 3.000000
84 85 0.733333
84 86 0.466667
84 87 0.466667
84 88 0.733333
84 116 -0.866667
85 93 1.000000
86 94 -0.733333
87 95 -0.333333
88 96 -0.466667
89 93 0.066667
89 94 5.000000
89 95 -4.333333
89 96 0.733333
89 121 0.333333
90 93 0.200000
90 94 -0.466667
90 95 0.733333
90 96 0.733333
90 122 -0.733333
91 93 -1.000000
91 94 -0.866667
91 95 0.466667
91 96 0.066667
91 123 0.466667
92 93 0.066667
92 94 1.000000
92 95 0.333333
92 96 0.333333
92 124 -0.333333
97 101 0.733333
97 102 0.066667
97 103 -0.600000
97 104 0.200000
98 101 0.466667
98 102 -0.866667
98 103 -3.000000
98 104 0.466667
99 101 -0.466667
99 102 0.333333
99 103 5.000000
99 104 0.200000
100 101 0.466667
100 102 -2.333333
100 103 -0.066667
100 104 0.333333
101 109 0.200000
102 110 1.000000
103 111 0.066667
104 112 -0.866667
105 109 -0.333333
105 110 0.866667
105 111 -3.666667
105 112 0.866667
106 109 -0.200000
106 110 -1.000000
106 111 0.066667
106 112 0.733333
107 109 0.066667
107 110 0.466667
107 111 0.866667
107 112 -0.333333
108 109 -1.000000
108 110 -0.333333
108 111 -0.466667
108 112 0.733333
109 117 -0.333333
110 118 -0.600000
111 119 1.000000
112 120 -0.333333
113 117 0.866667
113 118 0.466667
113 119 0.066667
113 120 0.466667
114 117 0.333333
114 118 -0.066667
114 119 -1.000000
114 120 -0.333333
115 117 -0.066667
115 118 0.200000
115 119 0.066667
115 120 -0.066667
116 117 -0.866667
116 118 0.866667
116 119 -3.666667
116 120 3.666667
117 125 -0.733333
118 126 -0.333333
119 127 0.066667
120 128 0.866667
121 125 -0.733333
121 126 -1.000000
121 127 -0.733333
121 128 0.466667
122 125 0.733333
122 126 -0.733333
122 127 0.066667
122 128 -0.066667
123 125 3.666667
123 126 0.600000
123 127 0.733333
123 128 -0.200000
124 125 0.066667
124 126 0.066667
124 127 -0.866667
124 128 0.200000