#
1 1 -0.146667
2 2 0.013333
3 3 0.200000
4 4 -0.093333
5 5 0.013333
6 6 -0.120000
7 7 -0.120000
8 8 -0.146667
9 9 -0.093333
10 10 0.120000
11 11 -0.093333
12 12 -0.200000
13 13 -0.093333
14 14 0.200000
15 15 0.093333
16 16 -0.120000
17 17 0.066667
18 18 0.146667
19 19 0.093333
20 20 -0.146667
21 21 -0.200000
22 22 0.200000
23 23 0.146667
24 24 0.200000
25 25 0.120000
26 26 0.066667
27 27 -0.093333
28 28 -0.120000
29 29 0.120000
30 30 0.093333
31 31 0.040000
32 32 -0.120000
33 33 -0.173333
34 34 0.040000
35 35 0.066667
36 36 -0.093333
37 37 -0.040000
38 38 -0.040000
39 39 0.173333
40 40 -0.040000
41 41 -0.120000
42 42 0.040000
43 43 -0.120000
44 44 -0.120000
45 45 -0.120000
46 46 0.093333
47 47 -0.013333
48 48 -0.200000
49 49 -0.173333
50 50 0.200000
51 51 0.040000
52 52 -0.120000
53 53 -0.066667
54 54 -0.200000
55 55 -0.120000
56 56 0.146667
57 57 -0.120000
58 58 0.120000
59 59 -0.013333
60 60 -0.093333
61 61 0.040000
62 62 0.146667
63 63 0.013333
64 64 -0.066667
65 65 -0.200000
66 66 -0.173333
67 67 -0.040000
68 68 0.040000
69 69 0.093333
70 70 -0.146667
71 71 -0.093333
72 72 0.093333
73 73 0.173333
74 74 0.120000
75 75 0.173333
76 76 0.200000
77 77 0.013333
78 78 0.066667
79 79 0.146667
80 80 -0.013333
81 81 0.173333
82 82 0.200000
83 83 0.040000
84 84 0.040000
85 85 -0.040000
86 86 -0.013333
87 87 0.040000
88 88 -0.040000
89 89 0.120000
90 90 -0.013333
91 91 0.173333
92 92 0.173333
93 93 0.040000
94 94 -0.093333
95 95 -0.013333
96 96 0.093333
97 97 -0.173333
98 98 -0.146667
99 99 0.200000
100 100 0.066667
101 101 0.093333
102 102 0.066667
103 103 0.173333
104 104 -0.120000
105 105 -0.146667
106 106 -0.093333
107 107 0.120000
108 108 -0.173333
109 109 0.066667
110 110 0.200000
111 111 -0.040000
112 112 -0.066667
113 113 0.146667
114 114 0.040000
115 115 0.040000
116 116 0.093333
117 117 0.093333
118 118 0.013333
119 119 0.120000
120 120 0.093333
121 121 0.066667
122 122 -0.066667
123 123 0.066667
124 124 0.013333
125 125 -0.200000
126 126 0.200000
127 127 0.013333
128 128 0.200000
1 5 0.333333
1 6 -0.200000
1 7 0.466667
1 8 -0.466667
1 33 -0.733333
2 5 -0.200000
2 6 -1.000000
2 7 -0.200000
2 8 -0.333333
2 34 0.200000
3 5 -1.000000
3 6 0.733333
3 7 0.066667
3 8 0.466667
3 35 -1.000000
4 5 -0.866667
4 6 -0.600000
4 7 -0.733333
4 8 -0.066667
4 36 -0.333333
5 13 0.866667
6 14 0.333333
7 15 0.600000
8 16 -0.733333
9 13 0.600000
9 14 0.600000
9 15 0.733333
9 16 -0.600000
9 41 0.200000
10 13 -1.000000
10 14 0.333333
10 15 1.000000
10 16 -0.733333
10 42 1.000000
11 13 -0.466667
11 14 -0.600000
11 15 0.733333
11 16 -0.466667
11 43 -0.333333
12 13 1.000000
12 14 -4.333333
12 15 -0.466667
12 16 0.333333
12 44 -0.066667
13 21 -0.600000
14 22 -0.333333
15 23 0.200000
16 24 -0.333333
17 21 -0.333333
17 22 0.466667
17 23 -0.333333
17 24 -0.866667
17 49 0.466667
18 21 0.200000
18 22 2.333333
18 23 0.066667
18 24 -0.333333
18 50 0.600000
19 21 0.333333
19 22 -0.066667
19 23 0.333333
19 24 1.666667
19 51 0.333333
20 21 -0.733333
20 22 -0.333333
20 23 -0.066667
20 24 -0.200000
20 52 4.333333
21 29 0.466667
22 30 -1.000000
23 31 -1.000000
24 32 1.000000
25 29 -3.000000
25 30 0.466667
25 31 0.600000
25 32 -0.066667
25 57 0.866667
26 29 -0.866667
26 30 4.333333
26 31 -3.000000
26 32 -0.866667
26 58 -0.066667
27 29 0.066667
27 30 0.600000
27 31 -0.600000
27 32 -0.600000
27 59 -1.000000
28 29 -2.333333
28 30 -1.000000
28 31 0.066667
28 32 -0.333333
28 60 1.000000
33 37 -0.866667
33 38 -0.066667
33 39 -0.200000
33 40 0.200000
33 65 -0.333333
34 37 1.000000
34 38 0.733333
34 39 -0.600000
34 40 0.866667
34 66 -0.466667
35 37 -0.866667
35 38 0.333333
35 39 0.733333
35 40 0.733333
35 67 -0.333333
36 37 1.000000
36 38 2.333333
36 39 0.466667
36 40 0.866667
36 68 -0.733333
37 45 0.066667
38 46 3.666667
39 47 0.066667
40 48 0.466667
41 45 0.600000
41 46 3.000000
41 47 -0.066667
41 48 0.333333
41 73 0.733333
42 45 -0.866667
42 46 0.333333
42 47 0.866667
42 48 0.866667
42 74 -0.333333
43 45 0.866667
43 46 -0.200000
43 47 -0.333333
43 48 1.000000
43 75 -0.600000
44 45 0.333333
44 46 1.000000
44 47 0.333333
44 48 0.866667
44 76 -0.866667
45 53 0.333333
46 54 -0.066667
47 55 0.333333
48 56 0.733333
49 53 0.333333
49 54 -0.733333
49 55 0.866667
49 56 -0.600000
49 81 -0.333333
50 53 1.000000
50 54 0.466667
50 55 -0.066667
50 56 0.333333
50 82 -0.200000
51 53 1.000000
51 54 -1.000000
51 55 -0.200000
51 56 -0.733333
51 83 -0.066667
52 53 0.866667
52 54 -0.600000
52 55 -0.600000
52 56 -0.600000
52 84 -0.066667
53 61 4.333333
54 62 -0.733333
55 63 -0.333333
56 64 2.333333
57 61 -4.333333
57 62 -1.000000
57 63 -0.066667
57 64 0.066667
57 89 0.733333
58 61 2.333333
58 62 0.733333
58 63 0.333333
58 64 -0.200000
58 90 0.200000
59 61 1.000000
59 62 -0.733333
59 63 -0.066667
59 64 -0.333333
59 91 -0.600000
60 61 -2.333333
60 62 -0.066667
60 63 1.000000
60 64 0.600000
60 92 -0.600000
65 69 -0.200000
65 70 -1.666667
65 71 -0.066667
65 72 -0.466667
65 97 0.733333
66 69 -0.733333
66 70 0.733333
66 71 0.466667
66 72 -0.733333
66 98 -0.200000
67 69 -0.200000
67 70 -0.600000
67 71 -0.600000
67 72 0.733333
67 99 -0.466667
68 69 -0.733333
68 70 -0.200000
68 71 0.866667
68 72 -0.733333
68 100 -0.600000
69 77 0.466667
70 78 0.066667
71 79 0.200000
72 80 -0.733333
73 77 1.000000
73 78 0.866667
73 79 1.000000
73 80 -0.600000
73 105 0.733333
74 77 -0.066667
74 78 0.200000
74 79 0.466667
74 80 -0.333333
74 106 0.466667
75 77 0.600000
75 78 -0.466667
75 79 0.333333
75 80 0.066667
75 107 -4.333333
76 77 0.200000
76 78 0.866667
76 79 -0.733333
76 80 -0.066667
76 108 -0.866667
77 85 -0.200000
78 86 0.733333
79 87 -0.200000
80 88 -0.333333
81 85 0.466667
81 86 -1.000000
81 87 0.466667
81 88 3.666667
81 113 -0.733333
82 85 -0.866667
82 86 0.333333
82 87 -4.333333
82 88 0.600000
82 114 -0.600000
83 85 -0.466667
83 86 0.333333
83 87 0.600000
83 88 -2.333333
83 115 0.066667
84 85 -0.066667
84 86 -0.733333
84 87 -0.333333
84 88 0.333333
84 116 0.200000
85 93 -0.333333
86 94 0.200000
87 95 -0.733333
88 96 -0.600000
89 93 -0.733333
89 94 -0.733333
89 95 0.733333
89 96 -3.666667
89 121 -0.066667
90 93 -0.600000
90 94 0.333333
90 95 -0.733333
90 96 -0.200000
90 122 -0.333333
91 93 0.200000
91 94 0.066667
91 95 -0.333333
91 96 -1.000000
91 123 0.066667
92 93 -0.733333
92 94 -0.866667
92 95 0.866667
92 96 1.666667
92 124 -0.200000
97 101 0.866667
97 102 0.600000
97 103 -0.866667
97 104 -0.466667
98 101 0.866667
98 102 0.200000
98 103 -0.066667
98 104 0.866667
99 101 -0.066667
99 102 -0.600000
99 103 0.200000
99 104 5.000000
100 101 0.466667
100 102 0.600000
100 103 -0.866667
100 104 -1.666667
101 109 0.066667
102 110 -2.333333
103 111 0.866667
104 112 0.866667
105 109 -4.333333
105 110 0.600000
105 111 0.466667
105 112 0.200000
106 109 -0.733333
106 110 -2.333333
106 111 0.733333
106 112 -0.200000
107 109 0.733333
107 110 -0.333333
107 111 -0.333333
107 112 -0.733333
108 109 5.000000
108 110 -0.066667
108 111 0.333333
108 112 -3.000000
109 117 -0.733333
110 118 -0.733333
111 119 1.666667
112 120 0.866667
113 117 0.600000
113 118 -0.333333
113 119 -0.600000
113 120 -1.000000
114 117 -0.733333
114 118 -1.000000
114 119 0.600000
114 120 -0.466667
115 117 0.333333
115 118 0.733333
115 119 0.866667
115 120 0.333333
116 117 0.066667
116 118 -1.000000
116 119 -0.200000
116 120 -0.333333
117 125 0.600000
118 126 -0.600000
119 127 -0.066667
120 128 -0.600000
121 125 -2.333333
121 126 -0.066667
121 127 0.333333
121 128 -0.333333
122 125 -0.600000
122 126 1.000000
122 127 -0.733333
122 128 0.733333
123 125 0.200000
123 126 -0.466667
123 127 0.200000
123 128 0.333333
124 125 0.600000
124 126 0.466667
124 127 0.466667
124 128 -0.733333