001.txt : -210.933333 1 0 1 1 0 1 1 1 0 1 1 0 0 1 0 1 1 1 0 0 0 0 0 0 1 0 1 1 0 0 1 1 1 1 0 1 0 0 1 1 0 1 0 0 1 0 0 0 0 0 1 0 0 0 1 0 0 1 1 1 1 1 0 0 0 1 0 0 0 1 0 1 0 0 1 1 0 0 1 0 0 1 1 1 0 1 0 1 1 0 0 0 1 1 1 0 0 0 1 1 0 0 1 1 1 1 0 0 1 0 1 0 0 0 1 1 1 0 0 0 0 1 0 1 1 1 0 1
002.txt : -216.906667 0 0 0 1 1 0 1 1 0 1 0 0 0 1 0 1 1 0 0 1 0 0 0 0 0 1 0 0 1 0 0 0 0 0 0 1 1 0 0 0 0 0 0 0 1 0 0 1 1 0 0 1 1 1 1 1 1 0 0 1 1 0 1 0 0 0 1 0 1 1 1 1 0 0 0 1 1 0 0 0 0 0 1 1 0 0 0 0 0 0 1 0 0 0 0 0 1 1 0 0 0 0 1 0 1 0 1 1 0 0 1 0 1 0 0 0 1 0 0 1 1 0 1 1 1 0 1 0
003.txt : -226.426667 0 0 0 0 0 1 0 1 1 1 0 0 1 1 0 1 1 0 1 1 0 1 1 1 1 0 0 1 0 0 0 1 1 1 1 1 1 0 1 0 1 1 1 0 1 0 1 0 0 1 0 1 1 0 0 0 1 0 0 0 1 0 0 0 1 0 1 0 1 1 1 1 1 0 0 1 0 0 0 1 0 1 1 0 1 0 0 1 1 0 0 0 0 0 0 1 0 0 1 1 0 0 1 0 0 1 1 0 1 0 0 0 1 1 1 1 1 1 0 1 1 0 1 0 1 1 1 0
004.txt : -209.520000 1 0 0 0 1 1 0 1 0 1 0 0 1 1 0 1 0 1 1 1 0 1 0 0 1 1 1 0 1 0 1 1 0 1 0 1 0 1 1 0 1 1 0 1 1 1 0 0 1 1 1 1 1 0 0 0 1 0 0 0 1 0 0 1 1 0 0 0 0 1 1 1 0 1 1 0 1 1 1 0 1 1 1 0 0 0 1 0 0 0 1 1 1 0 1 0 1 1 1 0 0 0 0 1 1 0 1 1 0 1 0 0 1 1 0 0 1 1 0 0 0 0 1 0 1 1 0 1
005.txt : -210.186667 1 0 0 1 0 0 0 0 1 1 0 1 0 0 0 1 0 1 1 1 1 1 0 0 0 1 0 0 0 1 1 0 1 0 0 0 0 0 0 1 1 0 0 1 1 0 1 1 1 0 1 1 0 0 1 0 0 0 1 0 0 1 1 0 1 1 0 1 1 0 0 1 0 0 1 0 1 0 0 1 1 1 0 0 0 1 0 0 1 0 0 0 0 1 1 0 1 1 1 0 0 0 0 0 0 1 1 1 0 0 0 1 0 0 0 0 1 0 0 0 1 1 0 1 0 0 1 0
006.txt : -197.306667 0 0 0 0 0 0 0 0 1 0 1 1 1 0 1 0 1 1 1 0 0 1 1 1 0 1 0 1 1 0 0 1 0 0 0 0 0 0 0 1 0 0 0 1 1 1 1 0 0 1 1 1 1 1 1 0 1 0 1 0 1 1 1 1 0 0 1 0 0 0 0 0 1 1 1 0 0 0 1 0 0 0 1 1 0 0 0 1 1 1 1 1 0 1 1 1 0 1 1 0 0 1 1 1 1 1 0 1 0 1 1 0 1 0 0 0 0 1 1 1 1 1 1 0 0 1 1 0
007.txt : -214.880000 1 1 0 1 0 0 1 1 1 1 1 0 0 1 0 1 0 1 0 0 1 1 1 0 0 0 1 1 0 1 1 1 1 0 0 1 0 1 1 0 0 0 0 0 1 1 0 0 1 1 0 1 0 1 0 0 0 0 0 1 1 0 0 1 1 1 0 0 0 0 0 1 1 1 1 1 0 0 1 1 1 1 1 1 1 1 1 1 1 1 1 1 0 1 1 0 0 1 1 1 0 1 0 0 1 0 0 1 0 0 1 1 0 1 1 0 0 1 1 0 1 0 1 0 0 0 1 0
008.txt : -175.893333 1 0 0 1 1 1 1 0 0 1 0 0 1 0 0 0 1 0 1 0 1 1 0 0 1 0 0 1 0 1 0 1 1 0 1 0 1 0 1 0 0 0 1 1 0 1 1 1 0 0 1 0 1 1 1 1 1 1 1 0 1 1 0 0 0 0 1 1 0 1 1 0 0 1 1 0 0 0 0 1 1 1 1 1 1 0 1 1 0 0 1 0 1 1 0 1 1 1 0 1 1 1 0 1 1 1 0 1 0 0 0 1 1 0 0 1 0 1 0 0 1 0 0 1 0 1 0 1
009.txt : -206.480000 0 1 0 1 1 0 0 0 0 0 0 1 0 1 0 0 0 0 1 1 0 0 0 0 0 1 0 1 1 0 0 0 1 1 0 0 1 1 1 0 1 1 0 1 1 1 1 1 1 0 1 0 0 1 0 1 0 1 0 1 0 1 1 0 1 1 0 0 1 1 0 0 0 1 1 0 1 1 1 0 0 0 1 1 1 1 1 1 1 1 1 1 0 0 1 0 1 1 0 1 0 1 1 0 0 0 1 1 0 0 0 1 1 1 0 0 1 0 0 0 0 1 0 1 1 0 0 0
010.txt : -223.546667 0 0 1 1 1 1 1 1 1 1 1 1 0 1 0 1 0 0 0 1 1 1 0 1 1 1 0 1 0 1 0 0 0 1 1 1 1 0 0 0 0 1 1 0 1 0 0 0 1 0 0 0 0 0 1 1 1 1 0 0 0 0 0 1 0 1 1 1 1 0 1 1 1 0 0 1 0 0 0 0 1 0 0 0 0 1 1 1 0 1 1 0 1 1 0 0 1 0 0 0 1 1 0 0 1 1 0 0 1 0 1 0 0 0 0 1 1 0 0 0 1 1 1 0 0 1 0 0
011.txt : -211.386667 1 1 0 0 0 0 1 1 1 1 0 1 1 0 1 1 1 1 1 1 1 1 1 0 0 0 1 1 1 0 0 0 1 1 0 1 0 1 1 0 0 1 1 0 1 0 1 1 0 0 0 0 0 0 0 1 0 1 1 1 1 0 1 1 0 1 0 1 0 1 0 1 0 0 0 1 0 1 0 1 1 0 1 1 1 0 1 0 1 0 0 1 1 0 0 1 0 1 0 1 1 0 1 1 1 0 1 0 1 1 1 1 1 0 1 1 0 0 0 0 0 0 0 0 0 1 1 1
012.txt : -204.666667 0 0 1 0 1 1 1 0 1 1 1 0 0 1 1 0 1 0 1 0 0 1 0 0 0 0 0 0 1 1 0 1 1 0 1 1 0 0 0 1 0 1 0 0 0 1 1 1 0 0 1 1 1 0 0 1 0 1 1 1 1 1 0 0 0 0 1 0 0 0 0 1 1 1 0 0 1 0 0 1 0 1 1 0 1 0 1 0 0 0 1 0 0 0 0 1 0 0 1 0 1 0 0 1 0 1 1 0 1 0 1 0 0 1 1 0 1 1 1 0 1 0 0 0 1 1 0 1
013.txt : -193.226667 0 0 1 1 0 0 0 0 0 0 1 1 1 0 1 1 1 0 0 1 0 1 1 0 0 1 0 1 1 1 1 1 0 0 0 1 1 1 1 0 0 0 1 0 1 1 0 1 0 1 1 0 0 1 0 1 0 0 1 0 0 0 0 0 0 1 1 0 1 0 1 0 1 0 1 1 0 0 0 1 1 1 0 1 0 1 0 0 0 1 1 1 1 1 1 0 0 0 1 0 1 0 1 1 0 1 1 0 0 0 0 1 0 1 1 1 0 0 1 1 0 0 0 1 0 1 1 1
014.txt : -192.426667 0 1 1 1 0 1 0 1 1 0 0 1 1 1 0 0 1 1 1 0 1 0 1 0 1 0 1 0 0 1 1 0 1 1 0 1 1 0 0 0 1 1 0 1 1 1 1 0 0 0 0 1 0 1 1 1 0 1 1 0 0 0 0 0 1 1 1 1 1 1 1 1 1 0 1 1 0 0 1 1 1 0 0 1 0 1 0 1 1 0 1 0 0 1 0 0 1 1 0 1 1 0 1 0 1 1 1 0 1 1 0 1 1 0 1 1 0 1 1 1 0 1 1 1 0 0 1 0
015.txt : -192.320000 0 0 0 0 0 0 0 1 1 1 0 1 1 0 1 0 1 1 0 0 0 0 0 0 0 1 1 1 0 0 1 0 0 1 1 0 0 0 0 1 1 1 0 0 1 0 0 1 1 0 1 1 1 0 1 0 0 0 1 1 1 0 1 1 0 1 1 1 0 1 0 0 0 0 1 0 0 1 0 1 0 0 1 1 0 1 0 0 0 1 1 1 0 1 1 0 0 0 1 0 0 0 1 1 0 0 1 1 0 0 0 1 1 0 1 1 1 1 1 0 1 1 0 1 1 0 0 0
016.txt : -220.826667 0 0 0 0 0 1 0 0 0 1 0 1 0 0 1 0 0 1 0 0 1 1 0 0 0 0 1 1 0 0 0 1 0 0 1 1 0 1 0 0 0 1 1 0 0 1 1 0 0 0 0 0 1 0 1 1 0 0 0 1 0 1 0 1 1 0 1 1 0 0 1 0 1 1 0 0 0 1 0 0 0 1 1 0 1 1 0 0 0 0 1 1 0 1 1 0 0 0 1 1 0 0 0 1 0 1 0 1 1 0 1 0 1 0 1 1 0 0 0 0 1 1 0 0 1 1 0 0
017.txt : -208.240000 0 0 1 0 1 0 0 1 1 1 1 0 1 1 1 0 0 1 1 0 1 1 0 0 1 0 0 1 0 0 1 1 1 0 0 1 1 0 1 0 1 0 0 0 0 0 0 1 1 0 1 1 0 1 0 1 1 1 1 1 0 1 1 1 1 0 0 1 0 1 1 1 1 1 0 0 0 1 0 1 1 0 0 0 0 0 1 1 1 1 1 0 1 1 1 0 1 1 1 0 0 0 1 0 0 0 0 1 0 1 1 0 0 1 0 1 1 1 0 1 1 0 1 0 1 1 0 1
018.txt : -215.573333 1 1 0 0 0 0 1 1 1 1 1 0 1 0 0 1 1 1 0 1 0 0 0 0 0 0 1 1 1 1 1 0 0 1 1 1 0 0 1 1 1 1 0 1 1 1 0 1 0 1 1 0 1 0 0 0 1 1 1 1 0 1 1 1 0 0 0 0 1 0 0 0 1 0 0 1 0 0 1 1 1 0 1 0 0 0 0 1 1 1 1 1 1 0 1 1 1 1 0 0 0 1 0 0 0 1 1 0 1 1 1 1 1 1 0 1 0 1 1 0 0 1 0 0 0 1 1 0
019.txt : -190.160000 0 1 0 0 0 1 0 1 1 1 0 0 0 0 0 0 1 1 1 1 0 0 0 0 1 0 1 1 0 0 0 0 1 0 0 0 0 0 1 0 0 0 0 0 1 0 0 1 0 1 0 0 1 1 0 1 1 1 1 0 1 1 1 1 0 1 0 1 0 0 1 1 0 1 0 0 0 0 0 1 1 1 0 1 0 1 0 1 0 0 0 1 0 1 0 1 1 1 1 0 1 1 0 0 1 1 1 0 0 1 0 1 0 0 1 0 1 1 0 0 1 0 0 0 0 1 1 1
020.txt : -206.160000 0 1 0 1 1 0 0 0 0 1 0 1 1 0 0 1 1 1 1 1 1 0 0 1 0 0 0 1 0 0 1 1 0 1 0 0 0 1 1 0 1 0 1 1 0 1 1 0 1 0 0 1 0 0 1 1 1 1 0 0 0 0 1 1 0 0 1 1 1 0 0 0 1 1 1 1 0 0 1 0 1 0 0 0 1 1 0 1 1 1 0 0 0 1 0 0 1 1 0 1 1 0 0 1 1 1 1 0 1 1 1 1 0 0 1 1 1 0 0 0 0 0 1 1 1 0 1 1
021.txt : -201.600000 1 1 1 0 0 1 1 1 1 1 1 1 1 0 1 1 0 1 0 1 0 1 0 0 1 1 1 1 1 0 0 0 0 1 1 0 1 1 0 1 1 1 1 0 0 1 0 1 0 1 0 0 0 1 0 0 0 0 1 1 0 1 0 1 1 0 0 1 1 0 0 1 1 0 0 0 0 0 0 1 1 1 0 0 0 0 1 1 1 1 0 1 0 1 0 0 1 1 1 0 1 1 0 0 0 0 1 0 0 1 0 0 1 1 0 1 0 1 0 1 0 1 0 1 1 1 1 1
022.txt : -205.280000 1 0 0 1 0 1 0 0 1 0 1 0 1 1 0 0 0 1 1 0 0 1 1 0 1 1 1 0 1 0 1 1 1 0 1 0 0 0 1 0 0 1 0 0 0 0 1 1 1 1 1 1 0 1 1 0 0 1 0 1 0 1 1 1 1 1 1 0 0 1 0 1 0 1 1 0 1 1 1 0 1 1 0 0 0 0 1 0 1 1 1 1 0 0 1 0 0 1 0 1 0 1 1 1 0 0 0 1 0 0 1 1 0 1 0 0 1 0 0 1 0 1 0 0 1 0 1 0
023.txt : -190.640000 0 1 1 1 1 0 0 0 0 0 0 1 1 1 0 1 0 0 0 1 1 0 0 1 1 0 0 0 1 1 1 1 0 1 0 1 0 1 1 0 1 1 1 1 0 0 1 1 0 1 0 1 1 1 1 1 1 0 0 1 1 1 0 0 0 0 1 1 0 0 0 1 0 0 0 1 1 0 1 1 1 0 1 1 1 0 0 1 0 1 1 1 0 0 0 1 0 1 1 1 0 0 0 0 1 1 1 0 1 1 0 1 0 1 1 1 1 1 1 1 1 0 0 0 0 0 0 1
024.txt : -201.440000 0 0 0 0 0 0 1 1 1 1 1 0 1 1 1 0 0 1 1 0 1 0 1 1 0 0 0 1 1 0 0 1 1 1 0 0 0 0 0 1 0 0 0 0 0 1 1 0 0 1 0 0 0 0 0 1 1 0 0 1 1 0 1 0 1 1 0 0 0 0 1 1 1 0 0 0 1 0 0 1 1 1 0 1 1 0 1 0 0 0 0 1 0 0 0 0 0 0 0 1 1 1 1 0 0 0 1 0 1 0 0 1 0 0 0 0 1 1 0 0 1 1 0 0 0 1 1 1
025.txt : -223.440000 1 0 0 1 1 0 1 0 1 1 0 0 0 1 1 0 1 1 1 1 0 1 1 1 1 1 1 1 1 1 1 0 0 1 0 0 1 1 0 0 0 0 0 1 0 0 0 0 1 1 1 1 0 0 1 1 1 1 0 0 0 1 0 0 0 0 1 0 0 0 0 1 0 1 0 1 0 0 1 1 1 0 0 0 1 1 1 1 0 0 0 1 1 0 1 1 0 1 1 1 1 0 1 1 0 0 0 0 0 1 1 1 0 0 1 1 1 0 1 0 0 0 0 1 0 1 1 0
026.txt : -186.906667 0 1 0 0 1 1 1 0 0 0 0 0 0 1 1 1 1 0 1 1 1 0 1 0 1 1 0 0 0 0 1 0 0 1 1 0 0 1 1 1 1 1 0 0 1 1 1 1 1 1 0 0 0 0 1 1 1 1 0 0 0 0 0 0 1 0 1 1 0 1 0 1 1 0 0 1 0 0 1 0 1 0 0 0 1 1 0 0 0 0 1 0 0 1 1 1 1 1 1 0 1 1 1 1 1 1 0 0 1 0 0 0 0 0 0 0 1 0 1 0 0 1 1 1 1 1 0 0
027.txt : -204.960000 1 1 1 0 1 0 0 0 1 0 0 0 1 1 0 1 0 1 1 1 1 1 0 0 0 0 1 1 0 1 1 0 0 1 1 1 0 0 1 0 1 0 1 0 1 1 1 1 0 1 0 1 0 1 0 1 1 0 1 0 0 0 1 1 1 1 0 1 0 1 1 0 0 0 1 1 1 1 0 1 1 0 1 0 0 1 0 0 1 0 1 1 0 1 1 1 0 0 1 0 1 1 0 1 0 0 0 0 0 1 1 1 1 1 0 0 1 0 1 0 0 0 0 1 1 1 1 1
028.txt : -207.040000 0 0 1 1 1 1 1 1 1 0 1 0 0 0 1 0 0 1 0 0 0 0 1 1 1 1 1 0 1 1 1 1 1 0 0 1 1 1 0 1 1 1 0 1 0 0 1 0 1 0 1 1 0 1 0 0 0 0 0 0 1 0 0 0 0 1 1 0 0 0 1 1 1 0 1 0 0 0 0 1 0 0 0 1 0 1 0 0 0 0 1 1 1 0 1 0 1 1 1 0 1 1 0 0 0 0 0 1 0 1 1 0 1 0 1 0 0 1 1 1 1 0 0 1 0 1 0 0
029.txt : -192.640000 0 0 1 0 1 0 1 0 0 1 0 1 0 0 1 0 1 0 0 1 0 1 1 0 1 1 0 1 1 1 0 0 0 1 1 1 1 1 0 1 0 0 1 0 0 0 1 0 1 1 1 0 1 0 1 1 1 1 0 1 1 0 0 1 0 0 0 0 0 0 0 0 1 0 1 1 0 0 1 0 0 0 1 1 0 1 1 0 1 1 0 0 0 1 0 0 0 0 1 1 0 0 0 0 1 0 1 1 0 1 1 1 0 0 0 0 0 1 0 1 0 1 0 1 0 1 1 0
030.txt : -209.920000 1 1 0 1 0 1 0 0 1 1 1 0 0 0 1 0 0 1 1 0 1 1 1 1 0 1 0 0 0 1 1 1 0 0 0 1 0 0 1 0 1 1 1 1 1 0 1 0 1 1 1 1 0 1 1 0 0 1 0 1 0 0 0 1 0 0 0 1 1 1 1 1 0 0 0 0 1 1 1 0 0 1 0 0 0 1 0 1 1 0 0 1 1 1 0 1 0 0 0 0 0 0 0 1 0 1 1 1 1 0 1 1 0 0 0 0 1 0 1 1 1 1 0 0 1 1 1 1
031.txt : -193.280000 1 1 0 1 1 0 1 1 1 1 1 1 1 1 1 1 0 1 1 0 0 1 0 1 0 1 1 1 0 0 1 1 1 1 1 0 1 1 0 1 0 0 1 0 0 0 0 1 1 0 1 1 0 1 1 1 0 1 0 0 1 1 1 1 0 1 0 1 0 1 0 1 0 0 1 0 0 0 1 0 0 1 1 1 0 0 1 0 1 0 0 1 1 0 1 1 1 1 0 0 1 1 1 1 1 1 0 1 1 0 0 0 1 0 1 0 1 1 1 1 1 1 1 0 1 0 1 1
032.txt : -188.640000 0 0 0 0 1 0 1 0 1 1 1 1 0 0 1 0 1 0 1 1 0 0 1 0 1 0 1 0 0 0 0 0 0 0 0 1 1 1 1 0 0 0 0 1 1 1 1 1 0 0 1 0 0 0 0 0 1 1 1 1 1 0 0 0 1 1 0 0 0 1 0 0 0 0 1 0 1 1 1 0 0 1 1 1 1 0 0 1 0 1 0 1 1 0 1 0 1 1 0 0 0 1 0 1 0 1 0 1 0 0 0 0 1 0 0 0 1 0 0 1 0 0 1 1 1 1 0 1
033.txt : -198.400000 0 1 0 0 0 1 0 0 0 0 1 1 0 0 1 1 0 0 0 0 1 1 0 1 0 1 1 1 0 0 1 0 0 1 0 0 1 1 0 1 0 0 0 1 0 0 1 1 1 0 1 1 0 1 0 0 1 0 1 1 0 0 1 1 1 1 0 1 0 0 1 0 0 1 0 0 1 0 0 0 1 0 0 1 1 1 1 1 0 1 1 0 0 1 0 0 1 0 1 1 1 0 0 0 1 1 0 1 1 1 0 0 0 0 1 1 1 1 0 0 1 0 1 0 0 1 1 1
034.txt : -175.946667 1 0 0 0 0 1 1 1 0 0 1 1 1 0 0 0 0 1 1 0 0 1 1 1 0 1 0 1 1 1 1 0 0 1 0 1 1 1 1 0 0 1 1 1 1 1 1 0 0 0 0 0 0 1 0 0 1 1 0 0 0 0 0 0 1 0 0 1 1 1 0 1 1 0 0 1 1 0 1 0 0 1 0 1 0 1 1 1 0 0 0 0 0 1 0 0 0 0 0 0 0 0 0 1 0 0 0 1 0 1 0 0 0 0 0 1 0 0 1 1 0 0 1 0 1 1 0 1
035.txt : -187.600000 0 0 0 1 0 1 1 0 0 0 1 0 1 0 1 0 0 1 1 1 0 0 0 0 0 0 0 1 1 0 0 0 1 1 0 1 1 0 0 1 0 0 0 1 0 1 0 0 0 0 0 1 1 1 0 0 1 1 0 0 1 1 1 1 1 1 0 0 0 0 0 0 0 0 1 1 0 1 1 1 1 1 0 1 0 1 0 1 1 1 1 0 1 0 0 1 1 1 1 0 1 1 1 0 1 1 1 0 0 0 0 0 0 1 1 1 1 0 1 0 0 0 1 1 1 1 1 0
036.txt : -198.240000 0 0 0 1 1 0 1 0 1 1 0 0 1 1 0 1 1 1 1 1 0 1 1 0 0 1 0 0 0 0 1 0 1 1 1 1 0 1 0 1 1 0 1 0 1 1 1 0 1 0 0 0 0 1 1 1 0 1 0 0 1 1 0 1 0 0 0 1 0 1 1 0 0 0 0 0 1 1 1 0 1 0 1 1 0 1 1 1 0 0 1 1 1 0 1 0 1 0 1 1 1 0 0 0 1 0 0 0 0 1 1 1 1 0 0 0 1 0 1 1 1 0 0 0 0 0 1 1
037.txt : -207.306667 0 0 1 0 0 1 0 0 0 1 0 1 1 0 1 0 0 1 1 0 0 0 0 1 0 0 1 0 1 0 0 1 1 1 1 0 0 1 0 1 0 1 1 0 0 1 0 1 1 0 1 0 0 0 0 1 0 1 0 0 0 0 0 0 1 1 1 0 0 1 0 1 1 1 0 1 1 1 0 0 0 0 0 1 0 1 1 1 1 1 1 0 1 1 1 0 0 0 1 0 1 1 0 0 0 1 0 1 1 1 1 0 0 0 0 0 0 0 1 1 1 1 0 0 1 1 0 0
038.txt : -199.733333 0 1 1 1 0 1 1 1 0 1 1 0 0 1 1 0 1 1 1 0 0 1 1 1 1 1 1 1 1 1 0 0 0 1 1 0 1 0 1 0 0 0 1 1 0 1 0 1 1 1 1 0 0 1 1 0 1 1 0 0 0 1 0 0 1 1 1 0 1 0 0 1 1 1 1 0 0 1 0 1 0 0 0 1 1 1 0 0 0 0 1 1 0 1 0 1 0 0 1 0 0 1 0 1 0 1 1 0 1 1 1 0 0 1 0 0 1 1 1 0 0 0 1 0 1 0 0 1
039.txt : -196.746667 1 0 1 1 1 1 0 1 0 0 0 1 1 1 0 0 0 0 1 0 0 0 0 1 0 0 1 0 1 1 1 1 1 1 0 0 1 0 1 1 1 1 1 0 1 1 1 0 0 1 1 0 0 1 1 1 0 0 0 0 1 1 1 0 0 0 1 0 0 0 0 1 0 0 1 1 0 0 1 0 0 0 0 1 0 0 0 1 1 1 1 0 1 0 1 1 1 1 0 1 0 0 1 1 0 1 0 0 0 1 1 0 0 1 1 0 1 1 0 1 1 1 1 1 0 1 1 0
040.txt : -212.213333 0 1 0 1 0 1 1 1 0 1 0 1 1 1 0 1 1 0 0 0 0 1 1 1 1 0 0 0 1 1 0 1 1 0 0 0 1 1 1 0 1 0 1 0 1 0 1 1 0 0 1 1 1 1 0 1 1 0 0 0 0 0 0 1 0 0 1 0 0 0 0 1 1 0 1 1 1 0 1 0 0 1 0 1 1 0 0 1 0 1 0 0 1 0 0 1 0 0 1 0 1 1 1 1 1 0 0 0 0 0 0 0 1 0 1 0 1 1 0 1 0 0 0 0 1 0 0 1
041.txt : -197.813333 1 0 0 1 0 1 0 0 0 0 1 1 1 1 1 0 0 0 1 0 1 1 0 1 1 1 0 0 0 1 1 0 0 1 1 0 0 1 1 0 0 0 1 1 1 1 0 1 0 1 0 1 1 1 0 0 1 1 0 1 0 0 0 0 0 1 0 0 0 1 0 1 1 0 1 1 0 0 1 1 0 1 1 0 0 0 1 1 1 0 1 1 0 1 0 0 0 1 1 0 1 0 1 1 0 0 0 1 1 0 0 1 0 0 1 0 1 0 1 1 0 0 0 1 0 0 1 1
042.txt : -198.560000 0 0 0 1 0 0 1 1 0 0 1 0 1 1 1 0 0 1 1 0 0 0 0 1 0 1 1 0 0 1 1 1 1 1 0 0 0 0 1 1 0 1 0 0 1 0 0 0 1 0 0 1 1 0 0 0 1 0 0 0 1 1 0 1 1 1 0 1 1 0 0 1 0 1 1 1 0 0 1 1 0 0 0 0 0 0 1 1 0 1 0 0 1 1 1 1 1 1 1 0 0 1 0 0 1 0 0 1 1 1 0 0 1 0 1 0 0 0 1 0 0 0 1 1 1 1 0 0
043.txt : -209.733333 0 0 1 1 0 1 1 1 0 1 0 0 1 1 0 0 1 0 0 1 0 1 0 0 0 1 0 0 1 0 0 0 1 1 1 0 0 1 0 0 1 0 1 1 1 1 0 0 0 1 0 1 1 0 0 1 1 1 0 0 0 0 1 0 1 1 1 0 1 0 0 1 0 1 0 0 0 0 0 1 0 0 1 0 1 1 1 0 1 1 1 0 0 1 0 0 1 0 1 0 1 0 1 0 0 0 1 1 0 1 0 0 0 1 1 1 0 1 0 0 0 1 0 0 0 0 1 0
044.txt : -203.493333 1 1 1 1 1 1 1 1 1 1 0 1 0 0 1 1 0 0 1 1 1 1 1 1 1 1 1 1 1 0 0 1 0 0 0 1 1 0 1 1 1 1 1 0 1 0 1 1 0 1 0 0 1 0 0 1 1 1 0 1 1 1 0 0 0 0 0 1 1 0 0 1 0 0 0 0 1 1 0 0 1 0 1 1 1 0 0 1 0 1 0 1 0 0 0 0 1 1 0 0 1 0 0 1 1 1 1 1 1 1 0 1 0 1 1 1 1 1 1 1 1 1 1 0 1 1 1 1
045.txt : -214.613333 1 0 1 1 0 1 1 1 0 1 0 1 0 0 0 0 0 0 0 1 0 1 0 1 1 1 1 0 0 1 0 0 1 0 1 0 1 0 0 1 0 0 1 1 1 1 0 0 1 1 1 0 0 1 1 0 0 0 1 0 1 1 0 1 0 0 1 1 1 1 0 0 0 0 1 1 1 0 0 0 1 0 0 0 0 1 0 0 1 0 0 0 1 1 1 1 1 1 0 1 1 1 0 0 0 1 0 1 1 1 1 1 0 0 0 0 1 1 0 1 0 0 1 1 1 1 1 1
046.txt : -201.706667 0 0 1 0 1 1 0 0 1 1 1 0 1 0 1 1 0 1 0 1 1 1 0 0 1 1 0 1 1 0 1 1 0 1 1 1 0 0 1 1 1 1 0 1 0 1 0 1 1 0 0 1 1 0 1 1 0 0 1 1 1 1 0 1 0 1 0 1 1 1 1 0 0 0 0 0 0 0 0 1 1 0 1 1 0 1 0 1 0 0 1 0 0 1 0 0 0 0 0 0 0 1 0 0 1 1 0 1 1 1 1 0 1 1 0 1 1 0 1 1 0 0 0 1 1 0 1 1
047.txt : -222.240000 1 0 1 1 0 0 1 1 1 1 0 1 0 0 1 0 1 0 1 0 1 0 0 1 0 1 1 1 1 1 1 0 1 1 0 0 1 1 0 1 1 0 0 0 1 0 0 1 1 1 0 0 0 0 0 0 1 1 1 0 1 0 0 1 0 1 0 1 0 1 0 1 1 1 0 0 1 0 0 1 0 1 1 0 1 0 1 1 0 1 1 1 0 1 0 0 0 0 1 1 1 0 0 1 0 1 1 1 1 1 1 0 0 1 1 1 0 1 0 1 1 0 0 1 1 1 0 0
048.txt : -198.133333 1 1 0 0 0 0 1 1 0 1 0 0 0 0 0 0 1 1 0 1 1 1 1 1 1 0 1 0 0 1 1 1 0 1 1 0 0 0 0 0 0 1 0 0 0 0 0 0 0 0 1 0 1 1 1 1 1 1 0 0 0 0 0 0 0 0 1 1 1 1 0 1 1 0 0 1 1 0 0 0 1 1 0 0 1 0 1 1 0 0 1 0 1 1 0 0 1 0 0 0 0 1 0 0 1 0 0 0 1 1 1 1 1 0 1 1 1 0 1 1 1 1 0 0 0 1 1 1
049.txt : -225.360000 1 0 1 1 1 0 0 1 0 0 1 1 0 0 0 1 0 1 0 0 0 0 0 0 0 0 1 1 1 1 1 1 1 1 1 1 0 0 1 0 1 0 1 0 1 0 0 1 1 0 0 0 0 0 0 0 1 0 1 0 1 1 1 1 1 1 0 1 0 0 0 1 0 0 1 0 1 1 1 0 1 0 0 1 0 1 1 1 0 0 0 1 1 1 1 0 1 1 0 0 1 1 0 0 1 0 1 0 1 0 0 0 0 1 1 0 1 0 1 0 1 1 1 1 0 0 1 1
050.txt : -206.746667 0 0 0 0 0 1 1 0 1 0 1 1 1 0 0 0 1 1 0 1 0 1 1 1 1 1 1 1 1 1 1 1 0 0 1 1 1 1 0 1 0 0 1 0 1 0 1 0 0 0 1 0 1 0 0 1 1 0 0 1 1 1 0 0 0 1 0 1 1 0 1 1 0 0 0 1 0 0 1 1 0 1 1 0 0 1 1 0 0 0 0 0 1 1 1 0 0 1 0 0 1 1 0 0 0 1 1 1 0 0 0 1 0 0 1 1 0 1 1 0 1 0 1 1 0 1 1 0
051.txt : -200.373333 0 0 1 1 0 1 0 0 0 1 0 1 0 1 0 1 1 0 1 0 0 0 1 0 0 1 0 0 0 0 0 0 0 1 1 1 0 0 0 1 0 0 1 1 1 0 1 1 0 0 0 0 1 0 1 0 0 1 1 1 0 1 1 1 1 0 1 0 1 1 0 0 1 1 1 1 0 0 0 0 1 1 0 0 1 0 1 0 0 0 0 1 0 1 1 0 0 0 1 1 1 0 1 0 1 0 1 1 0 0 0 1 0 1 0 1 0 0 1 1 0 0 0 0 1 1 1 1
052.txt : -213.066667 1 1 1 0 1 0 1 0 1 0 0 1 0 1 1 1 1 1 0 1 0 0 1 0 0 1 0 0 0 1 0 1 0 1 1 1 1 0 1 1 0 1 1 1 0 1 0 0 0 0 1 1 1 1 0 0 1 0 1 0 0 0 1 0 0 0 0 1 0 0 1 0 1 0 0 1 0 1 1 0 1 1 1 1 0 1 0 0 1 0 0 0 1 1 1 0 0 1 0 1 0 0 0 1 1 0 1 1 0 0 0 1 0 1 0 0 0 0 0 1 0 0 1 0 1 1 1 0
053.txt : -207.866667 0 0 0 1 1 1 0 0 0 0 1 0 1 1 1 1 0 1 0 0 1 0 0 1 0 0 0 0 0 1 0 0 1 0 0 1 0 1 1 0 0 0 1 1 0 1 0 0 1 0 0 0 0 0 1 1 0 0 0 1 0 1 1 0 0 0 1 0 1 1 1 0 0 1 1 0 0 1 1 1 1 1 0 1 1 0 0 1 1 0 0 1 1 0 0 1 1 1 1 0 1 1 0 1 1 0 0 1 1 0 1 1 1 1 0 0 1 1 1 1 0 1 1 0 1 1 1 0
054.txt : -209.546667 1 1 1 1 1 0 1 0 1 1 0 1 0 1 1 0 0 1 1 1 1 1 1 0 1 0 0 1 1 0 1 0 1 0 1 0 1 0 0 1 1 1 1 1 0 0 0 0 0 1 0 0 1 1 1 1 0 0 1 0 0 1 0 1 0 1 0 0 1 1 0 0 1 0 1 0 1 1 1 0 0 0 1 1 1 0 1 0 1 1 0 0 0 0 1 1 1 1 0 1 1 0 1 1 1 1 0 1 1 0 0 1 0 1 0 1 0 0 1 1 1 1 0 1 0 0 1 0
055.txt : -204.453333 0 0 1 0 1 1 0 0 1 0 1 1 1 0 0 1 0 1 0 0 1 0 0 0 0 0 0 1 0 1 0 0 0 1 0 1 0 0 1 1 1 1 0 1 1 0 1 0 0 0 1 1 1 0 0 1 1 1 0 0 0 0 1 1 0 1 1 1 0 1 0 1 1 0 0 0 0 0 1 0 1 1 0 1 0 0 0 0 0 0 1 1 0 0 0 1 1 1 0 0 0 0 0 0 1 1 0 1 0 1 0 0 1 0 1 0 1 0 1 1 0 0 1 0 1 1 0 1
056.txt : -203.146667 1 1 0 1 1 1 1 0 1 1 1 1 0 1 0 0 0 0 0 1 1 0 0 0 0 1 0 1 0 1 0 1 0 1 1 1 0 0 1 1 0 1 1 0 0 0 1 1 1 1 0 0 1 0 0 0 1 1 1 0 1 0 0 1 0 1 0 0 0 1 1 1 1 0 0 1 0 0 0 0 1 1 0 1 1 1 1 0 0 0 1 1 1 0 1 0 1 1 0 0 1 1 1 0 0 0 0 0 0 0 1 1 1 0 0 0 0 0 0 1 0 0 0 1 0 0 0 1
057.txt : -215.200000 1 0 0 0 1 1 0 1 1 1 1 1 1 0 1 1 0 0 0 1 0 1 1 1 0 0 1 0 1 1 0 0 1 0 0 1 1 0 1 0 0 1 0 0 0 0 1 1 0 1 0 0 0 1 0 1 1 0 1 1 0 1 0 0 1 1 1 0 0 0 1 0 1 0 1 0 1 1 1 0 0 1 1 0 0 0 0 0 1 0 0 0 0 1 0 0 0 1 1 1 1 1 1 0 0 1 1 1 1 1 1 0 1 1 0 0 1 1 1 1 1 0 0 1 1 0 0 0
058.txt : -211.386667 1 1 0 1 0 0 1 1 0 0 0 1 1 1 0 0 1 0 0 0 0 1 0 0 0 1 1 0 1 1 1 0 0 1 1 1 1 1 1 1 1 0 1 1 1 0 0 1 1 1 1 1 0 1 1 0 1 0 0 0 0 1 1 1 1 0 1 1 0 0 1 1 1 1 1 1 1 1 1 0 0 1 1 0 1 0 1 1 1 1 1 0 0 1 0 0 0 1 1 1 1 0 0 0 1 0 1 0 1 1 1 0 0 0 0 1 1 0 0 1 1 1 0 0 1 1 0 0
059.txt : -196.320000 1 0 0 1 0 0 0 0 1 0 1 1 0 1 1 0 0 1 1 0 0 0 1 0 1 1 1 1 0 1 0 0 0 0 0 1 0 0 0 0 0 0 0 0 0 0 1 0 0 0 0 1 1 1 0 1 0 1 1 0 0 0 0 1 1 0 1 1 0 0 0 0 1 1 0 0 1 1 1 1 1 0 1 1 1 1 0 0 0 1 1 0 1 1 0 1 1 1 1 0 0 0 0 1 1 1 0 1 1 1 1 1 0 0 1 1 0 1 0 0 1 0 1 1 0 0 0 0
060.txt : -189.466667 1 1 1 1 0 0 1 1 0 0 0 0 0 1 0 1 1 0 1 0 0 1 0 1 1 0 0 0 1 1 0 1 1 1 0 1 0 1 0 0 1 1 0 0 1 0 0 0 1 1 1 0 0 1 0 1 1 1 0 0 1 0 1 0 0 0 0 1 1 0 1 0 1 0 0 0 1 0 0 0 0 1 1 1 0 0 0 1 1 1 0 0 0 0 1 1 0 0 1 1 0 0 0 1 0 1 0 0 0 0 1 0 0 0 1 1 1 0 1 0 0 0 0 0 0 1 0 1
061.txt : -205.333333 1 1 1 0 1 0 1 1 0 1 0 1 1 1 1 0 1 0 0 1 1 1 0 1 1 0 1 0 1 0 0 0 1 0 0 1 0 1 1 0 0 0 0 1 0 0 1 1 1 0 0 0 0 1 0 1 1 1 0 0 1 0 1 0 0 0 1 0 0 0 0 0 0 1 1 0 1 0 1 1 0 1 1 0 1 1 1 1 0 0 0 0 0 0 1 1 0 1 1 1 1 0 1 0 0 0 1 1 1 0 1 0 0 1 0 0 1 0 1 1 1 0 1 0 1 0 1 0
062.txt : -211.333333 0 0 1 0 1 0 0 1 0 1 0 0 0 0 1 0 1 0 0 1 1 0 1 1 1 0 1 0 0 0 1 1 0 0 0 0 0 0 0 0 1 0 1 0 0 0 0 0 0 0 1 0 0 1 1 0 0 1 1 1 1 0 0 1 1 0 0 0 1 1 1 1 1 0 1 0 0 1 0 1 0 0 0 1 0 1 1 1 0 1 1 0 1 0 0 1 0 0 1 0 1 0 1 0 0 0 0 0 0 1 1 0 1 1 1 1 1 1 1 0 1 1 0 0 1 1 0 0
063.txt : -205.066667 0 1 0 1 0 0 1 0 0 0 0 1 1 0 1 0 1 0 1 0 1 1 0 1 0 0 0 1 1 1 1 1 1 0 0 1 1 0 0 0 0 1 0 1 0 1 0 0 1 0 0 0 1 1 0 0 1 1 1 1 0 1 1 1 0 0 0 1 0 1 0 0 1 0 0 1 0 1 0 1 0 0 0 1 0 0 0 1 0 0 1 0 0 0 0 0 1 0 1 0 0 0 0 0 1 1 0 1 1 1 1 0 1 0 1 0 0 1 1 1 1 1 0 0 0 0 0 1
064.txt : -191.573333 0 0 0 1 0 1 0 0 1 0 1 0 0 1 0 0 0 1 1 0 1 0 0 0 1 1 0 0 1 1 0 0 0 0 0 1 0 0 1 1 0 1 0 0 0 1 1 0 1 0 1 0 0 1 1 0 1 1 0 1 1 0 1 1 1 1 0 0 1 1 0 0 1 0 1 1 1 0 1 1 0 1 0 0 0 1 0 1 1 0 0 1 0 1 1 0 1 1 0 0 1 0 1 0 1 1 1 0 1 0 0 1 0 0 1 1 1 0 0 1 1 0 0 0 1 0 1 1
065.txt : -195.786667 0 1 0 1 1 1 0 0 0 0 1 1 0 1 1 0 0 1 0 1 1 0 1 1 0 1 1 1 1 0 0 0 1 1 0 1 1 0 1 0 1 0 1 0 1 1 1 1 1 1 0 0 1 0 0 1 0 1 0 0 0 1 0 1 1 1 1 0 0 1 0 0 0 0 0 1 1 1 1 1 0 1 1 0 0 0 0 0 1 1 1 0 1 1 0 0 0 1 1 1 1 1 1 0 0 0 1 0 0 0 0 0 0 1 0 0 1 1 0 0 0 0 1 1 0 1 0 0
066.txt : -199.120000 1 0 1 1 1 0 0 0 1 0 0 1 1 1 1 1 1 0 0 0 1 1 0 1 0 1 1 1 0 0 1 1 0 1 0 0 1 1 1 0 0 0 0 0 0 0 1 0 0 1 1 1 0 1 0 1 1 1 1 1 1 1 1 1 0 1 1 0 0 0 0 1 0 1 1 0 1 0 1 1 1 1 1 0 1 0 0 1 1 1 1 1 0 0 1 1 1 1 0 1 1 0 1 1 1 1 0 1 0 0 0 0 1 1 1 0 0 0 1 1 1 0 1 0 0 0 0 1
067.txt : -208.320000 0 1 0 1 0 1 0 1 1 1 0 0 0 0 1 0 1 0 1 1 1 1 0 0 0 0 1 1 0 0 0 1 1 0 0 0 0 1 1 0 0 0 1 1 1 1 0 0 0 1 0 1 0 1 0 1 1 0 1 0 1 1 1 0 0 0 0 0 0 0 1 1 1 0 1 0 0 0 0 0 1 0 0 1 0 1 0 0 0 0 1 1 1 1 0 1 0 0 0 1 0 1 0 1 1 0 1 1 0 0 0 0 1 0 1 0 1 1 1 0 0 1 1 1 1 0 0 1
068.txt : -196.426667 1 0 1 0 0 0 0 1 1 0 1 1 1 0 1 0 0 1 1 0 0 0 0 0 0 0 0 0 0 1 0 1 1 0 0 0 1 1 1 0 0 0 0 0 1 1 1 0 0 0 1 1 1 0 1 0 0 1 0 0 1 1 1 1 1 1 1 1 1 0 1 1 0 0 0 0 1 0 0 0 1 0 0 0 1 1 0 0 1 0 0 1 0 1 1 0 1 1 1 0 1 1 0 1 0 0 1 1 1 1 1 1 1 1 1 1 0 0 0 1 1 1 0 0 0 1 1 1
069.txt : -206.933333 0 0 0 0 0 0 1 0 0 0 1 1 0 1 0 0 0 0 1 1 0 1 0 0 0 1 1 0 0 0 1 0 1 1 0 0 0 0 0 0 0 1 1 0 1 0 1 1 0 0 1 1 0 0 1 0 0 0 1 1 0 1 1 1 0 1 0 1 1 0 0 1 0 0 0 1 1 0 1 1 1 0 0 1 0 0 0 1 1 0 0 1 1 1 1 1 0 0 1 0 0 1 1 0 1 1 0 0 1 1 1 0 1 0 1 1 0 0 0 0 1 0 0 1 0 1 0 0
070.txt : -202.053333 0 0 1 1 0 0 0 0 0 0 1 0 0 0 0 1 1 0 0 1 1 1 0 0 1 0 0 0 0 1 1 1 0 0 1 0 1 0 1 0 0 1 0 1 0 1 0 1 1 0 0 1 0 0 0 0 0 0 0 1 1 1 0 0 1 0 1 0 1 0 1 1 1 0 0 1 0 0 1 1 1 0 0 0 1 1 0 0 0 0 0 0 0 0 0 0 1 0 0 0 0 0 1 1 1 0 0 1 1 1 0 0 1 1 1 0 0 1 0 0 1 0 1 1 0 0 1 1
071.txt : -190.853333 1 1 0 1 1 1 1 0 1 0 1 1 1 0 0 1 1 1 0 1 1 1 0 1 1 1 0 1 1 1 0 1 0 0 1 0 1 1 1 1 0 1 0 0 0 1 0 0 0 1 0 0 0 1 0 0 0 1 0 0 0 1 0 1 0 0 0 0 0 1 1 1 1 0 1 0 1 0 0 0 0 1 0 1 1 0 0 0 0 1 0 0 0 1 1 1 1 1 1 0 1 0 1 0 0 1 0 1 0 0 1 0 1 1 0 1 0 1 1 0 1 0 1 0 0 1 1 1
072.txt : -221.680000 1 1 0 1 0 1 1 0 1 1 0 0 0 1 1 0 1 1 0 0 1 0 1 1 0 1 0 0 0 1 1 0 0 1 0 1 1 0 0 1 0 1 0 1 1 0 0 1 0 0 0 0 1 1 0 1 1 1 0 0 0 0 1 1 1 0 1 1 0 1 1 1 0 0 1 1 0 0 1 0 0 1 0 0 1 1 0 1 1 0 0 0 0 1 1 0 1 1 1 0 0 0 1 0 0 1 0 0 0 0 0 0 1 1 1 1 1 0 1 0 1 0 0 1 1 1 0 0
073.txt : -203.200000 1 1 1 0 0 1 1 1 0 1 1 0 0 0 0 0 1 0 0 0 0 1 1 1 0 1 0 1 1 1 0 0 1 1 0 1 0 0 1 1 0 1 1 0 1 1 0 0 0 0 0 1 0 1 1 1 0 1 0 1 0 0 1 1 1 1 1 0 1 1 0 0 1 1 0 1 0 1 0 0 1 0 1 0 0 1 1 0 0 0 1 1 0 0 0 1 0 1 0 0 0 1 0 1 0 0 0 1 1 0 1 1 0 1 0 0 0 0 0 0 0 1 1 1 0 0 0 1
074.txt : -192.133333 1 0 0 1 1 1 0 0 0 0 0 0 1 1 0 1 1 1 0 0 1 0 0 0 1 0 1 0 1 1 1 0 1 0 1 0 1 0 1 0 1 1 0 0 1 0 0 0 0 0 1 1 1 1 1 0 1 1 0 1 1 1 1 0 1 0 1 0 0 1 0 1 0 1 0 1 1 0 1 0 1 0 0 0 1 0 1 0 1 1 0 0 1 0 1 0 0 0 1 0 0 0 1 0 1 1 0 0 0 0 0 0 1 1 1 0 0 1 0 0 0 1 0 0 0 0 0 0
075.txt : -202.720000 0 0 0 0 1 0 0 1 0 1 0 1 0 1 0 0 1 0 1 1 1 1 1 1 1 0 1 1 0 1 1 1 1 1 1 1 1 1 0 1 1 1 1 0 1 1 1 0 0 1 0 0 0 0 1 1 0 0 0 1 1 0 0 0 1 1 1 1 1 0 0 0 0 1 0 0 1 0 1 0 0 0 0 0 0 0 1 0 1 0 1 0 0 0 1 1 1 1 1 0 1 0 1 0 1 0 1 1 1 0 0 0 0 0 0 1 0 0 1 0 0 1 1 0 1 0 1 1
076.txt : -189.333333 1 0 1 1 0 0 1 1 0 0 1 0 0 1 1 1 0 1 1 1 1 1 1 1 0 0 0 0 0 0 1 1 1 1 0 1 1 0 0 1 0 0 0 0 1 0 0 1 0 0 0 0 1 1 1 1 0 1 0 0 0 0 1 0 0 1 1 0 1 0 0 1 1 1 1 1 1 1 0 0 0 0 0 0 1 0 0 1 1 1 0 1 1 1 0 1 1 0 1 1 1 0 0 0 0 1 1 0 1 0 0 1 1 1 0 0 1 0 0 0 1 1 0 1 0 1 0 1
077.txt : -208.000000 0 1 0 0 1 1 1 0 1 0 1 1 0 1 1 1 0 1 0 0 1 0 1 1 1 0 1 1 0 0 0 0 0 0 0 1 1 0 1 0 0 0 0 0 1 1 1 0 0 1 1 0 1 1 0 0 1 0 0 1 0 1 0 0 1 0 1 1 0 1 1 1 1 1 0 0 0 0 1 0 1 1 1 1 1 0 0 1 1 0 1 1 0 0 0 1 0 0 1 0 0 1 0 0 0 1 1 0 1 1 0 1 1 1 1 0 0 1 1 0 1 0 1 1 1 0 0 0
078.txt : -205.706667 1 0 0 0 0 1 1 1 1 1 0 1 1 0 1 1 0 1 1 0 1 0 1 0 1 0 1 0 1 0 0 0 0 0 0 1 1 0 1 1 0 0 0 0 1 1 0 0 1 0 1 0 1 1 0 0 1 0 1 1 1 0 1 1 1 0 0 0 0 1 1 1 1 0 1 1 0 1 0 0 1 1 0 0 1 0 0 0 1 0 1 1 0 1 0 0 1 1 0 0 0 0 1 1 0 1 1 1 1 1 1 0 0 1 0 1 1 1 1 0 0 1 1 0 1 1 0 1
079.txt : -207.253333 0 0 1 0 1 1 0 1 1 1 1 0 0 1 1 1 1 0 1 0 0 0 0 0 1 0 1 0 1 0 0 0 1 0 1 0 0 0 0 1 1 1 0 0 0 0 0 1 1 1 1 1 1 1 0 0 0 1 1 0 0 0 0 1 0 1 1 0 0 0 1 1 0 0 0 0 1 0 0 1 1 1 0 1 0 1 0 0 0 1 0 1 0 0 0 0 0 1 0 1 0 1 0 1 0 0 1 0 1 0 0 0 0 1 0 0 1 0 1 1 1 1 0 1 1 0 1 0
080.txt : -211.493333 1 1 0 1 0 1 1 0 1 0 1 0 1 1 0 0 1 1 0 1 1 1 0 1 0 1 0 0 0 0 0 1 0 0 0 0 1 1 0 1 0 1 1 1 1 0 1 1 1 1 0 1 1 0 0 0 1 1 0 1 0 1 1 0 1 1 0 0 0 0 1 0 0 1 1 1 0 1 1 1 1 1 0 0 1 1 0 1 1 0 1 0 0 0 0 1 1 1 1 1 1 1 0 1 1 1 1 0 0 1 0 0 1 0 0 0 1 0 1 1 1 1 0 1 0 1 0 1
081.txt : -201.813333 0 0 0 0 1 0 0 0 0 0 0 1 1 1 0 0 0 0 1 0 1 0 1 0 0 0 0 0 0 0 0 0 0 1 1 0 1 0 1 0 1 0 0 1 1 1 0 0 0 0 0 0 0 0 0 0 1 0 1 0 0 0 1 1 1 1 0 1 1 1 0 0 0 1 1 1 0 0 1 0 0 1 0 1 1 0 1 0 0 0 0 1 0 1 1 1 1 1 1 1 1 0 0 1 1 1 0 1 1 0 1 0 0 0 1 0 0 1 0 0 1 1 0 0 1 0 1 0
082.txt : -200.773333 0 1 0 1 0 1 0 0 1 1 0 0 0 0 0 0 1 0 1 0 1 1 0 0 1 1 0 1 1 1 0 1 1 1 0 0 1 0 0 0 1 1 1 0 1 1 0 1 0 1 1 1 0 0 1 1 1 0 1 0 0 1 1 0 0 1 1 1 0 1 0 1 0 1 0 1 1 1 1 0 1 1 1 1 0 0 1 0 1 0 1 0 1 0 0 1 1 1 0 0 0 0 1 1 1 0 1 1 0 0 0 0 1 1 0 1 0 0 1 0 1 0 1 0 1 1 0 1
083.txt : -209.306667 0 0 0 1 1 0 1 0 1 0 1 0 1 0 1 0 0 0 1 1 0 0 0 0 1 0 0 0 1 0 1 1 1 1 0 1 1 1 1 0 1 0 0 0 1 0 0 1 0 1 1 1 0 0 1 0 1 1 1 1 1 0 0 1 1 0 0 1 1 0 1 0 0 1 1 0 1 0 1 1 1 1 0 0 1 1 0 1 1 1 1 0 0 0 0 1 1 0 0 0 0 1 1 0 0 0 1 1 0 0 0 1 1 1 1 1 0 1 0 0 1 1 0 0 0 0 1 1
084.txt : -211.386667 0 1 0 1 0 1 1 0 0 0 1 1 0 0 0 1 1 0 0 1 0 1 0 0 1 1 1 0 0 1 0 1 1 0 0 1 1 0 1 0 1 0 1 0 0 1 1 1 1 0 0 0 1 1 1 0 1 0 1 0 1 1 1 1 0 1 1 0 1 0 0 0 1 1 1 0 0 0 1 0 0 0 0 1 0 0 0 0 0 0 1 0 1 1 1 1 1 1 0 1 0 0 0 1 1 1 1 1 1 1 0 1 1 0 0 0 0 0 1 0 1 1 1 0 0 0 0 0
085.txt : -224.266667 1 0 1 0 0 1 0 0 1 1 1 0 1 1 1 0 1 0 1 1 0 0 1 1 0 0 1 0 1 1 1 0 0 1 0 1 1 1 0 0 0 1 0 1 1 1 0 0 1 0 1 1 1 0 1 0 1 0 1 0 0 1 0 0 0 1 1 0 0 0 0 1 1 0 1 0 1 0 0 0 0 0 0 0 1 1 0 1 1 1 1 1 1 0 0 0 1 1 0 1 1 1 0 1 0 0 0 1 0 0 1 0 0 1 0 1 0 0 1 1 0 0 1 0 1 0 1 1
086.txt : -205.786667 1 1 0 0 1 0 1 0 0 0 0 1 1 0 0 0 0 1 1 1 0 1 1 0 1 0 1 0 1 1 1 1 1 1 0 0 1 0 1 0 0 1 0 0 0 1 0 1 0 0 0 1 1 0 1 1 0 0 0 0 0 0 0 0 1 0 0 0 0 1 1 1 1 1 0 0 0 1 1 1 1 1 1 0 0 1 0 0 0 1 1 1 0 0 1 1 1 1 1 1 1 1 0 0 1 1 0 0 1 0 1 1 0 0 0 1 0 1 0 0 0 0 1 1 1 1 0 1
087.txt : -207.173333 0 0 1 1 1 1 1 1 1 1 0 1 0 0 0 0 1 1 0 1 1 0 1 0 0 0 0 0 0 1 0 1 0 1 1 1 1 0 1 0 1 0 1 0 0 1 0 0 1 1 0 0 0 0 1 1 0 1 1 1 0 0 1 1 0 1 0 1 1 0 0 0 0 0 0 1 1 1 1 1 0 1 1 0 0 1 0 1 0 1 0 1 1 1 1 0 0 0 1 0 1 1 0 1 0 1 0 1 1 0 1 0 1 1 1 0 0 1 1 1 1 1 1 0 1 0 1 0
088.txt : -194.453333 1 1 1 0 0 1 1 0 1 0 0 1 0 1 0 1 0 0 0 1 0 1 0 0 0 1 0 1 0 0 0 1 0 1 1 0 1 1 0 0 1 0 1 0 1 1 0 1 1 1 0 0 1 0 1 0 0 1 0 1 0 0 0 0 0 1 1 1 1 0 1 0 0 1 1 1 0 1 1 1 1 1 1 1 1 0 1 1 0 0 0 0 1 1 0 1 0 1 0 1 0 1 0 1 1 0 0 1 0 1 1 1 1 1 1 1 1 0 0 0 1 0 1 0 0 1 0 1
089.txt : -180.906667 0 0 0 1 0 0 0 0 0 1 0 1 0 1 1 0 0 1 1 0 1 0 1 1 1 1 0 1 1 1 1 0 0 1 1 0 0 0 1 1 0 0 1 1 1 1 1 1 0 0 1 0 1 1 1 0 0 1 1 1 1 1 0 1 0 0 0 1 0 1 0 1 1 1 1 1 1 0 1 0 0 0 1 0 0 0 1 1 1 1 0 1 0 0 1 0 0 0 0 1 0 0 0 0 1 1 0 1 0 0 0 0 0 0 1 0 1 0 0 0 0 0 0 1 1 1 0 1
090.txt : -200.666667 1 1 0 1 1 0 0 0 1 1 0 1 1 0 1 1 1 0 0 0 0 1 1 0 1 0 1 1 1 0 1 1 1 0 1 0 1 0 0 1 1 1 1 0 1 1 1 1 0 1 1 1 1 0 0 1 1 0 0 1 1 1 0 1 1 1 0 0 0 0 0 0 1 1 0 0 1 0 1 1 0 0 1 0 0 1 0 0 0 0 1 0 0 1 1 0 0 0 0 0 0 0 1 0 0 0 1 0 0 0 0 0 0 1 0 0 0 0 0 0 1 1 1 1 0 0 0 1
091.txt : -215.333333 1 0 0 1 1 1 1 1 0 1 0 0 1 0 1 1 0 1 1 1 1 0 1 1 1 0 0 1 0 0 0 0 0 0 0 0 0 1 1 0 1 1 1 1 1 0 1 1 0 1 1 0 1 1 0 1 1 0 0 0 1 0 1 0 0 1 1 1 1 1 0 0 1 1 0 0 1 1 0 0 1 1 1 1 1 1 1 0 1 1 0 1 1 0 1 0 0 0 1 0 1 1 1 1 0 0 1 1 1 0 1 1 0 1 1 1 0 0 1 0 1 0 0 0 1 1 0 0
092.txt : -199.200000 0 0 0 1 0 0 1 1 1 0 1 0 0 1 0 0 1 0 0 0 1 1 1 0 1 0 1 0 1 0 0 1 1 0 1 0 1 1 1 1 1 1 1 0 0 0 1 0 1 1 1 1 1 0 0 0 0 0 0 0 0 0 0 1 0 1 1 1 0 1 0 0 1 1 1 0 1 1 0 0 0 0 0 0 0 0 0 1 1 0 0 1 0 0 1 0 0 0 1 0 1 1 1 0 1 0 1 0 1 0 0 0 0 0 0 1 1 1 0 1 1 1 0 0 1 0 0 0
093.txt : -210.133333 0 0 1 1 0 1 0 1 1 1 1 1 0 1 1 0 0 1 0 0 1 0 0 0 1 1 1 0 0 1 0 0 0 0 1 1 0 1 1 0 1 0 0 0 0 0 1 1 1 1 1 1 0 0 0 0 0 1 1 1 1 1 0 0 1 1 1 1 1 0 0 0 0 0 1 1 0 1 0 0 1 0 1 0 0 1 1 0 1 1 0 1 1 0 0 1 1 1 0 0 1 1 1 1 0 1 1 0 1 1 0 1 0 1 0 0 1 0 1 0 1 1 1 1 1 1 0 0
094.txt : -213.226667 0 0 0 1 0 1 0 0 1 0 1 0 0 0 1 0 1 1 0 0 1 0 1 1 1 1 0 1 1 1 0 0 1 0 1 1 0 0 0 1 0 0 0 0 0 0 0 0 0 1 0 0 1 1 0 1 0 1 1 1 1 1 1 0 0 0 0 0 0 0 0 1 0 1 1 0 1 0 1 0 0 1 1 0 0 0 0 1 1 1 1 1 0 0 0 1 1 1 0 1 0 1 0 0 1 1 1 1 0 1 0 0 0 0 1 1 0 1 0 0 0 1 1 1 0 1 0 1
095.txt : -194.080000 1 1 1 1 0 1 0 1 1 1 1 1 0 1 1 0 0 1 0 0 0 1 1 1 0 0 0 0 1 0 0 0 0 1 1 0 0 0 1 0 0 0 1 0 0 0 0 0 1 0 1 0 1 1 1 1 1 0 0 0 1 1 0 0 0 1 0 0 0 1 1 1 0 1 0 1 1 0 1 0 1 0 0 0 1 1 1 1 1 0 0 1 0 0 1 1 0 0 1 0 1 0 0 1 1 1 0 1 1 1 1 0 0 0 1 0 1 1 0 1 1 0 0 1 1 1 1 0
096.txt : -201.786667 0 1 1 1 0 0 0 0 0 1 0 1 1 1 0 0 0 0 1 1 0 1 0 1 0 0 0 1 1 0 0 0 0 0 1 0 1 1 0 0 1 0 1 1 1 1 1 1 1 1 1 1 1 1 1 0 1 0 1 0 0 1 0 1 1 0 1 0 0 1 1 0 0 1 1 1 0 1 1 0 1 1 0 1 0 1 1 1 1 1 0 1 1 1 1 0 1 0 0 0 1 1 0 0 0 1 0 1 1 1 0 0 0 1 0 1 1 1 1 0 1 0 0 1 1 0 1 1
097.txt : -200.666667 0 0 1 1 1 0 0 0 0 0 1 0 0 1 1 1 0 0 1 1 0 0 0 0 1 1 1 0 1 1 0 0 1 1 1 1 1 0 0 1 1 1 0 1 1 1 1 0 0 1 0 1 1 0 0 1 0 0 0 1 1 1 0 1 1 0 0 1 0 0 0 1 0 0 1 1 0 0 1 1 0 1 1 0 0 1 1 0 0 1 0 1 1 0 1 1 0 1 0 0 0 0 0 0 1 1 0 0 0 1 0 0 0 0 1 1 1 0 1 1 0 0 0 1 1 1 1 1
098.txt : -205.013333 0 1 0 1 0 1 1 1 1 1 1 0 1 0 0 1 1 1 0 1 1 0 1 1 1 1 1 1 1 0 1 1 0 1 0 1 0 0 1 0 0 0 1 0 0 1 1 1 0 0 0 0 1 0 1 0 0 1 1 0 0 0 1 1 0 1 0 1 1 0 0 1 1 1 1 0 0 1 0 1 0 0 1 0 0 0 0 1 1 0 1 0 0 1 0 1 1 1 0 1 0 0 1 1 0 0 1 1 0 0 1 1 0 0 1 0 0 0 0 0 1 1 0 0 1 0 1 0
099.txt : -200.906667 0 1 0 0 1 0 1 0 0 1 1 0 1 1 1 1 1 0 1 1 0 1 0 0 0 0 1 0 1 0 0 1 0 1 1 0 1 1 1 1 1 1 0 0 0 1 1 1 1 1 0 0 0 0 0 0 0 1 0 0 0 0 1 0 1 1 1 0 0 1 0 0 0 1 1 1 0 1 0 1 0 0 1 1 1 0 0 1 0 1 1 1 0 0 0 0 0 1 1 0 1 1 0 0 0 0 1 1 0 1 1 0 0 1 0 1 0 0 1 0 1 0 0 1 0 0 1 1
100.txt : -198.000000 0 1 1 1 0 1 0 1 0 1 1 1 1 0 0 0 0 0 1 1 0 1 1 1 0 0 0 0 0 0 0 1 0 1 0 1 1 1 0 1 1 0 1 0 1 0 1 0 0 1 0 0 0 1 0 1 1 1 1 1 1 0 0 1 0 0 1 0 1 1 1 0 1 1 0 1 1 1 0 0 0 1 1 1 0 0 1 1 0 1 0 1 0 1 0 0 1 1 1 0 0 0 1 0 0 0 1 1 0 1 1 1 0 1 0 1 0 0 1 1 0 1 1 0 1 1 1 1
