#
1 1 -0.013333
2 2 -0.040000
3 3 0.066667
4 4 0.120000
5 5 -0.200000
6 6 0.066667
7 7 0.040000
8 8 -0.120000
9 9 0.066667
10 10 0.066667
11 11 -0.066667
12 12 -0.040000
13 13 0.200000
14 14 0.040000
15 15 0.120000
16 16 -0.146667
17 17 -0.040000
18 18 0.146667
19 19 0.013333
20 20 0.040000
21 21 0.013333
22 22 0.173333
23 23 -0.200000
24 24 -0.066667
25 25 0.146667
26 26 -0.200000
27 27 0.066667
28 28 -0.200000
29 29 -0.200000
30 30 0.013333
31 31 0.173333
32 32 -0.066667
33 33 -0.200000
34 34 0.066667
35 35 -0.173333
36 36 -0.173333
37 37 0.146667
38 38 0.200000
39 39 0.200000
40 40 -0.040000
41 41 0.200000
42 42 -0.093333
43 43 0.146667
44 44 0.146667
45 45 0.013333
46 46 0.093333
47 47 -0.146667
48 48 -0.040000
49 49 0.040000
50 50 0.120000
51 51 0.146667
52 52 -0.093333
53 53 -0.200000
54 54 -0.013333
55 55 0.173333
56 56 -0.093333
57 57 -0.066667
58 58 -0.066667
59 59 0.013333
60 60 -0.093333
61 61 -0.146667
62 62 0.093333
63 63 -0.146667
64 64 -0.120000
65 65 0.013333
66 66 -0.120000
67 67 -0.066667
68 68 0.093333
69 69 0.120000
70 70 0.013333
71 71 0.013333
72 72 0.200000
73 73 0.066667
74 74 0.173333
75 75 -0.146667
76 76 -0.200000
77 77 -0.200000
78 78 -0.093333
79 79 0.013333
80 80 0.200000
81 81 0.013333
82 82 -0.040000
83 83 -0.013333
84 84 0.200000
85 85 0.093333
86 86 -0.066667
87 87 -0.013333
88 88 0.146667
89 89 0.146667
90 90 0.146667
91 91 0.066667
92 92 0.146667
93 93 -0.120000
94 94 0.066667
95 95 -0.120000
96 96 -0.093333
97 97 0.173333
98 98 -0.013333
99 99 -0.120000
100 100 0.146667
101 101 0.200000
102 102 0.093333
103 103 -0.200000
104 104 -0.173333
105 105 -0.146667
106 106 -0.013333
107 107 0.093333
108 108 0.040000
109 109 0.066667
110 110 0.173333
111 111 0.200000
112 112 0.040000
113 113 0.093333
114 114 -0.173333
115 115 0.040000
116 116 -0.066667
117 117 0.200000
118 118 -0.013333
119 119 0.040000
120 120 -0.066667
121 121 0.200000
122 122 0.200000
123 123 0.146667
124 124 -0.173333
125 125 -0.066667
126 126 -0.093333
127 127 -0.120000
128 128 -0.173333
129 129 -0.173333
130 130 -0.093333
131 131 0.146667
132 132 0.093333
133 133 0.200000
134 134 0.200000
135 135 0.146667
136 136 0.093333
137 137 0.120000
138 138 0.173333
139 139 -0.040000
140 140 0.120000
141 141 0.066667
142 142 -0.040000
143 143 0.040000
144 144 -0.173333
145 145 -0.040000
146 146 0.173333
147 147 -0.200000
148 148 -0.093333
149 149 -0.066667
150 150 -0.146667
151 151 0.066667
152 152 -0.093333
153 153 0.120000
154 154 0.120000
155 155 0.040000
156 156 0.120000
157 157 -0.013333
158 158 -0.040000
159 159 -0.173333
160 160 -0.013333
161 161 -0.040000
162 162 -0.040000
163 163 0.173333
164 164 -0.120000
165 165 0.200000
166 166 0.200000
167 167 0.040000
168 168 0.173333
169 169 0.066667
170 170 -0.040000
171 171 -0.093333
172 172 -0.146667
173 173 0.120000
174 174 0.146667
175 175 -0.093333
176 176 0.040000
177 177 0.200000
178 178 -0.093333
179 179 -0.040000
180 180 0.146667
181 181 -0.066667
182 182 0.173333
183 183 0.120000
184 184 -0.013333
185 185 -0.200000
186 186 -0.040000
187 187 -0.146667
188 188 -0.146667
189 189 -0.093333
190 190 0.146667
191 191 0.093333
192 192 -0.040000
193 193 -0.120000
194 194 0.013333
195 195 0.120000
196 196 0.120000
197 197 0.120000
198 198 -0.093333
199 199 -0.200000
200 200 -0.146667
201 201 -0.013333
202 202 -0.146667
203 203 0.200000
204 204 -0.146667
205 205 0.120000
206 206 -0.013333
207 207 -0.120000
208 208 0.093333
209 209 0.200000
210 210 -0.173333
211 211 0.093333
212 212 -0.173333
213 213 -0.200000
214 214 0.146667
215 215 -0.200000
216 216 -0.173333
217 217 0.013333
218 218 0.173333
219 219 0.120000
220 220 -0.040000
221 221 -0.066667
222 222 -0.013333
223 223 0.173333
224 224 0.200000
225 225 0.200000
226 226 0.013333
227 227 0.146667
228 228 0.146667
229 229 0.120000
230 230 -0.093333
231 231 0.013333
232 232 -0.066667
233 233 0.040000
234 234 0.200000
235 235 -0.093333
236 236 -0.040000
237 237 0.200000
238 238 -0.013333
239 239 -0.066667
240 240 -0.173333
241 241 -0.066667
242 242 -0.093333
243 243 -0.013333
244 244 -0.120000
245 245 -0.200000
246 246 0.200000
247 247 0.146667
248 248 0.013333
249 249 0.173333
250 250 -0.200000
251 251 -0.013333
252 252 -0.093333
253 253 -0.200000
254 254 -0.173333
255 255 -0.200000
256 256 0.146667
257 257 -0.066667
258 258 -0.200000
259 259 -0.093333
260 260 0.066667
261 261 0.066667
262 262 -0.066667
263 263 -0.066667
264 264 0.066667
265 265 0.200000
266 266 -0.013333
267 267 0.200000
268 268 0.120000
269 269 0.146667
270 270 0.040000
271 271 -0.013333
272 272 0.013333
273 273 -0.173333
274 274 0.040000
275 275 -0.173333
276 276 -0.120000
277 277 0.120000
278 278 -0.146667
279 279 0.040000
280 280 -0.013333
281 281 -0.120000
282 282 0.146667
283 283 0.066667
284 284 0.200000
285 285 0.093333
286 286 -0.040000
287 287 -0.013333
288 288 -0.200000
289 289 0.120000
290 290 -0.013333
291 291 -0.093333
292 292 0.040000
293 293 -0.173333
294 294 0.173333
295 295 0.146667
296 296 -0.013333
297 297 0.200000
298 298 -0.200000
299 299 -0.013333
300 300 -0.093333
301 301 0.013333
302 302 -0.146667
303 303 0.066667
304 304 -0.040000
305 305 0.093333
306 306 -0.013333
307 307 -0.146667
308 308 0.146667
309 309 0.093333
310 310 0.093333
311 311 0.040000
312 312 -0.146667
313 313 0.013333
314 314 -0.146667
315 315 0.093333
316 316 0.093333
317 317 -0.200000
318 318 0.173333
319 319 0.120000
320 320 0.200000
321 321 0.120000
322 322 -0.146667
323 323 -0.013333
324 324 -0.093333
325 325 -0.200000
326 326 0.173333
327 327 -0.173333
328 328 0.173333
329 329 -0.013333
330 330 0.066667
331 331 -0.040000
332 332 -0.146667
333 333 -0.120000
334 334 0.120000
335 335 -0.200000
336 336 -0.013333
337 337 -0.173333
338 338 0.066667
339 339 -0.120000
340 340 0.146667
341 341 -0.066667
342 342 -0.066667
343 343 0.173333
344 344 0.040000
345 345 -0.040000
346 346 -0.040000
347 347 -0.120000
348 348 -0.013333
349 349 0.200000
350 350 -0.093333
351 351 -0.173333
352 352 -0.040000
353 353 -0.093333
354 354 0.120000
355 355 -0.173333
356 356 -0.200000
357 357 -0.093333
358 358 0.200000
359 359 -0.200000
360 360 0.120000
361 361 -0.013333
362 362 -0.013333
363 363 0.120000
364 364 -0.146667
365 365 0.040000
366 366 -0.066667
367 367 0.200000
368 368 0.013333
369 369 -0.040000
370 370 0.066667
371 371 -0.173333
372 372 -0.066667
373 373 -0.093333
374 374 0.013333
375 375 -0.173333
376 376 -0.120000
377 377 0.040000
378 378 -0.066667
379 379 -0.173333
380 380 -0.120000
381 381 -0.173333
382 382 -0.013333
383 383 0.013333
384 384 -0.146667
385 385 0.200000
386 386 -0.066667
387 387 0.093333
388 388 0.013333
389 389 0.013333
390 390 -0.200000
391 391 0.173333
392 392 0.040000
393 393 -0.120000
394 394 0.120000
395 395 0.173333
396 396 -0.120000
397 397 -0.093333
398 398 -0.040000
399 399 -0.013333
400 400 -0.200000
401 401 0.066667
402 402 -0.013333
403 403 0.200000
404 404 -0.040000
405 405 -0.093333
406 406 0.120000
407 407 -0.173333
408 408 -0.040000
409 409 -0.173333
410 410 -0.066667
411 411 0.200000
412 412 0.040000
413 413 0.120000
414 414 0.013333
415 415 -0.200000
416 416 -0.093333
417 417 -0.066667
418 418 0.093333
419 419 -0.146667
420 420 -0.093333
421 421 -0.066667
422 422 -0.093333
423 423 0.013333
424 424 -0.200000
425 425 0.013333
426 426 0.093333
427 427 -0.040000
428 428 0.146667
429 429 0.066667
430 430 0.120000
431 431 -0.173333
432 432 -0.013333
433 433 -0.013333
434 434 -0.146667
435 435 -0.200000
436 436 -0.013333
437 437 -0.040000
438 438 0.146667
439 439 0.200000
440 440 -0.146667
441 441 -0.173333
442 442 -0.173333
443 443 0.200000
444 444 0.120000
445 445 -0.173333
446 446 -0.173333
447 447 0.146667
448 448 -0.173333
449 449 0.200000
450 450 0.040000
451 451 -0.093333
452 452 -0.066667
453 453 0.146667
454 454 0.173333
455 455 -0.066667
456 456 -0.146667
457 457 -0.013333
458 458 0.200000
459 459 -0.093333
460 460 -0.040000
461 461 0.200000
462 462 0.040000
463 463 0.173333
464 464 -0.066667
465 465 0.120000
466 466 0.066667
467 467 0.066667
468 468 -0.040000
469 469 -0.146667
470 470 0.093333
471 471 -0.146667
472 472 0.173333
473 473 -0.013333
474 474 0.173333
475 475 0.146667
476 476 -0.146667
477 477 0.040000
478 478 -0.200000
479 479 0.173333
480 480 0.146667
481 481 0.146667
482 482 -0.120000
483 483 -0.066667
484 484 -0.200000
485 485 -0.200000
486 486 -0.173333
487 487 -0.093333
488 488 -0.093333
489 489 0.146667
490 490 -0.173333
491 491 -0.066667
492 492 0.120000
493 493 0.093333
494 494 0.013333
495 495 0.093333
496 496 -0.013333
497 497 0.040000
498 498 -0.093333
499 499 -0.146667
500 500 -0.093333
501 501 0.013333
502 502 -0.013333
503 503 0.120000
504 504 -0.013333
505 505 0.146667
506 506 -0.120000
507 507 -0.200000
508 508 -0.013333
509 509 0.040000
510 510 -0.173333
511 511 -0.013333
512 512 -0.146667
1 5 0.600000
1 6 0.866667
1 7 -0.466667
1 8 0.600000
1 65 -0.066667
2 5 -4.333333
2 6 -0.333333
2 7 -1.000000
2 8 -1.666667
2 66 0.600000
3 5 0.866667
3 6 -0.866667
3 7 0.866667
3 8 0.200000
3 67 -1.000000
4 5 0.333333
4 6 0.733333
4 7 -0.733333
4 8 -0.333333
4 68 -0.200000
5 13 0.866667
6 14 0.466667
7 15 0.866667
8 16 -0.200000
9 13 -0.600000
9 14 -0.600000
9 15 0.866667
9 16 -0.066667
9 73 -0.600000
10 13 0.066667
10 14 0.466667
10 15 -1.000000
10 16 -0.466667
10 74 0.600000
11 13 -0.733333
11 14 -0.866667
11 15 0.600000
11 16 -0.333333
11 75 0.200000
12 13 1.000000
12 14 -0.466667
12 15 -0.466667
12 16 0.733333
12 76 0.866667
13 21 -0.333333
14 22 -0.333333
15 23 -0.066667
16 24 -0.600000
17 21 0.333333
17 22 -0.333333
17 23 0.466667
17 24 0.466667
17 81 -0.066667
18 21 -0.733333
18 22 0.466667
18 23 0.866667
18 24 0.600000
18 82 -0.066667
19 21 0.600000
19 22 -0.466667
19 23 0.200000
19 24 0.333333
19 83 0.600000
20 21 0.466667
20 22 0.866667
20 23 -0.866667
20 24 -0.466667
20 84 0.866667
21 29 0.600000
22 30 -1.000000
23 31 1.000000
24 32 -0.333333
25 29 -0.333333
25 30 0.200000
25 31 -0.200000
25 32 0.466667
25 89 -0.733333
26 29 -0.866667
26 30 0.466667
26 31 -0.733333
26 32 -0.466667
26 90 -0.333333
27 29 0.600000
27 30 1.666667
27 31 -1.000000
27 32 0.333333
27 91 0.333333
28 29 0.733333
28 30 3.000000
28 31 -0.333333
28 32 -1.000000
28 92 -0.466667
29 37 -0.600000
30 38 1.000000
31 39 1.666667
32 40 1.000000
33 37 0.066667
33 38 0.066667
33 39 -0.866667
33 40 -1.000000
33 97 -0.866667
34 37 0.600000
34 38 0.066667
34 39 0.600000
34 40 0.466667
34 98 0.600000
35 37 0.733333
35 38 0.200000
35 39 0.733333
35 40 -1.000000
35 99 1.000000
36 37 0.333333
36 38 -0.333333
36 39 -0.200000
36 40 -0.733333
36 100 0.600000
37 45 0.466667
38 46 -0.200000
39 47 0.066667
40 48 5.000000
41 45 0.066667
41 46 0.466667
41 47 -1.000000
41 48 0.066667
41 105 3.666667
42 45 -0.733333
42 46 -0.066667
42 47 -0.466667
42 48 -1.666667
42 106 -0.333333
43 45 -0.466667
43 46 0.733333
43 47 -0.066667
43 48 -1.000000
43 107 -0.333333
44 45 -0.600000
44 46 0.200000
44 47 -0.066667
44 48 -0.866667
44 108 -0.733333
45 53 -0.866667
46 54 -0.466667
47 55 0.733333
48 56 -1.000000
49 53 -0.733333
49 54 1.000000
49 55 -0.733333
49 56 -1.666667
49 113 4.333333
50 53 0.466667
50 54 0.600000
50 55 -1.000000
50 56 -1.000000
50 114 0.733333
51 53 0.066667
51 54 0.733333
51 55 -0.066667
51 56 0.600000
51 115 -0.466667
52 53 -0.733333
52 54 -1.666667
52 55 -0.333333
52 56 -0.333333
52 116 0.200000
53 61 -0.466667
54 62 0.200000
55 63 0.333333
56 64 5.000000
57 61 -0.600000
57 62 -0.200000
57 63 0.866667
57 64 -0.066667
57 121 0.066667
58 61 0.333333
58 62 0.333333
58 63 0.066667
58 64 -0.733333
58 122 -0.200000
59 61 -1.000000
59 62 1.000000
59 63 -0.466667
59 64 -0.066667
59 123 0.866667
60 61 -0.466667
60 62 -0.866667
60 63 -0.600000
60 64 1.000000
60 124 -5.000000
65 69 0.333333
65 70 0.333333
65 71 0.066667
65 72 0.866667
65 129 1.666667
66 69 0.066667
66 70 0.066667
66 71 0.466667
66 72 0.733333
66 130 0.066667
67 69 0.733333
67 70 0.733333
67 71 -3.666667
67 72 -0.200000
67 131 -0.466667
68 69 0.466667
68 70 -0.866667
68 71 1.000000
68 72 -0.866667
68 132 -0.200000
69 77 0.866667
70 78 0.066667
71 79 1.000000
72 80 -0.466667
73 77 -0.466667
73 78 0.066667
73 79 -0.866667
73 80 -0.333333
73 137 -0.733333
74 77 -1.666667
74 78 -0.333333
74 79 0.333333
74 80 0.600000
74 138 -0.600000
75 77 0.600000
75 78 -0.866667
75 79 -0.466667
75 80 -1.000000
75 139 -3.666667
76 77 0.600000
76 78 -0.466667
76 79 -0.200000
76 80 1.000000
76 140 0.066667
77 85 0.600000
78 86 -1.000000
79 87 0.200000
80 88 0.333333
81 85 -0.600000
81 86 1.000000
81 87 0.733333
81 88 -0.866667
81 145 0.866667
82 85 1.000000
82 86 0.733333
82 87 -0.866667
82 88 0.200000
82 146 -0.333333
83 85 0.600000
83 86 0.733333
83 87 -1.000000
83 88 0.733333
83 147 -0.333333
84 85 0.333333
84 86 0.200000
84 87 -0.866667
84 88 -0.866667
84 148 -1.000000
85 93 -0.333333
86 94 -0.733333
87 95 0.466667
88 96 -0.066667
89 93 3.000000
89 94 0.200000
89 95 0.333333
89 96 -0.466667
89 153 0.200000
90 93 0.066667
90 94 5.000000
90 95 -0.200000
90 96 0.466667
90 154 -0.333333
91 93 -0.866667
91 94 -0.866667
91 95 -0.200000
91 96 0.600000
91 155 0.066667
92 93 -0.600000
92 94 -0.066667
92 95 0.466667
92 96 0.733333
92 156 -1.000000
93 101 -0.333333
94 102 -0.466667
95 103 0.733333
96 104 -0.600000
97 101 -1.000000
97 102 0.066667
97 103 -0.866667
97 104 0.466667
97 161 0.200000
98 101 0.733333
98 102 0.066667
98 103 1.000000
98 104 -0.200000
98 162 1.000000
99 101 -1.000000
99 102 0.733333
99 103 -0.733333
99 104 -0.333333
99 163 0.333333
100 101 0.600000
100 102 1.000000
100 103 -0.866667
100 104 -1.000000
100 164 0.600000
101 109 -0.466667
102 110 0.066667
103 111 0.600000
104 112 0.733333
105 109 0.333333
105 110 -0.333333
105 111 0.600000
105 112 -0.066667
105 169 0.600000
106 109 0.600000
106 110 0.466667
106 111 -0.866667
106 112 0.466667
106 170 -0.333333
107 109 -0.333333
107 110 0.066667
107 111 -0.200000
107 112 0.200000
107 171 0.600000
108 109 0.733333
108 110 0.733333
108 111 -0.866667
108 112 -0.200000
108 172 -0.466667
109 117 0.866667
110 118 0.066667
111 119 -4.333333
112 120 0.333333
113 117 0.600000
113 118 4.333333
113 119 1.000000
113 120 -0.066667
113 177 5.000000
114 117 0.733333
114 118 -0.466667
114 119 -0.333333
114 120 -0.466667
114 178 0.200000
115 117 -0.333333
115 118 -4.333333
115 119 0.200000
115 120 -0.600000
115 179 0.466667
116 117 -0.733333
116 118 1.000000
116 119 -0.600000
116 120 0.600000
116 180 0.200000
117 125 -0.066667
118 126 -4.333333
119 127 -0.333333
120 128 -0.600000
121 125 0.466667
121 126 0.066667
121 127 0.466667
121 128 0.466667
121 185 0.466667
122 125 0.200000
122 126 0.866667
122 127 0.066667
122 128 -0.200000
122 186 0.200000
123 125 -0.733333
123 126 -5.000000
123 127 -0.066667
123 128 -0.866667
123 187 -0.466667
124 125 -0.333333
124 126 0.333333
124 127 0.866667
124 128 -0.066667
124 188 0.866667
129 133 -0.600000
129 134 -0.866667
129 135 -0.333333
129 136 -2.333333
129 193 -1.000000
130 133 1.000000
130 134 0.200000
130 135 0.200000
130 136 -0.200000
130 194 -0.600000
131 133 -0.066667
131 134 -3.666667
131 135 -1.000000
131 136 -0.733333
131 195 -1.000000
132 133 1.000000
132 134 0.866667
132 135 0.733333
132 136 0.600000
132 196 -0.333333
133 141 0.733333
134 142 0.733333
135 143 -0.600000
136 144 -0.466667
137 141 -0.733333
137 142 -0.866667
137 143 1.000000
137 144 0.733333
137 201 -0.200000
138 141 0.333333
138 142 -0.200000
138 143 -0.600000
138 144 -0.066667
138 202 0.866667
139 141 -1.000000
139 142 -5.000000
139 143 1.666667
139 144 -1.000000
139 203 1.000000
140 141 0.866667
140 142 -0.333333
140 143 -3.000000
140 144 5.000000
140 204 -0.066667
141 149 0.200000
142 150 1.000000
143 151 -3.666667
144 152 -0.066667
145 149 -0.066667
145 150 -0.466667
145 151 -0.866667
145 152 -0.733333
145 209 0.733333
146 149 -0.600000
146 150 0.600000
146 151 -1.000000
146 152 -0.866667
146 210 0.333333
147 149 -0.466667
147 150 0.333333
147 151 0.733333
147 152 1.000000
147 211 0.866667
148 149 1.000000
148 150 0.600000
148 151 0.200000
148 152 -0.066667
148 212 -0.333333
149 157 -1.666667
150 158 1.000000
151 159 1.000000
152 160 0.866667
153 157 -4.333333
153 158 4.333333
153 159 0.333333
153 160 0.066667
153 217 0.866667
154 157 -0.600000
154 158 0.866667
154 159 -0.733333
154 160 -0.066667
154 218 -0.866667
155 157 0.866667
155 158 -1.000000
155 159 -2.333333
155 160 0.333333
155 219 1.000000
156 157 0.333333
156 158 -2.333333
156 159 -0.333333
156 160 0.200000
156 220 -0.733333
157 165 0.466667
158 166 0.066667
159 167 -0.866667
160 168 5.000000
161 165 3.000000
161 166 0.733333
161 167 0.600000
161 168 0.066667
161 225 -0.733333
162 165 0.200000
162 166 0.600000
162 167 -1.000000
162 168 -0.333333
162 226 -0.066667
163 165 0.866667
163 166 0.866667
163 167 1.000000
163 168 0.333333
163 227 -0.600000
164 165 -0.866667
164 166 0.866667
164 167 -0.066667
164 168 -0.600000
164 228 -0.066667
165 173 -0.333333
166 174 -0.333333
167 175 -0.333333
168 176 1.666667
169 173 -0.066667
169 174 1.000000
169 175 -0.600000
169 176 0.466667
169 233 0.066667
170 173 -1.666667
170 174 -0.466667
170 175 -0.866667
170 176 -0.466667
170 234 -0.733333
171 173 -1.000000
171 174 0.466667
171 175 -0.733333
171 176 0.333333
171 235 1.000000
172 173 -0.066667
172 174 -0.200000
172 175 0.600000
172 176 -0.333333
172 236 -0.066667
173 181 0.200000
174 182 -0.466667
175 183 0.333333
176 184 -0.866667
177 181 0.466667
177 182 -1.000000
177 183 -0.200000
177 184 0.466667
177 241 -0.866667
178 181 0.066667
178 182 0.600000
178 183 -1.000000
178 184 -0.733333
178 242 -0.466667
179 181 0.466667
179 182 0.200000
179 183 -0.466667
179 184 1.000000
179 243 0.466667
180 181 0.866667
180 182 -0.466667
180 183 -0.333333
180 184 0.866667
180 244 0.733333
181 189 -0.066667
182 190 -0.866667
183 191 -0.333333
184 192 5.000000
185 189 0.333333
185 190 0.733333
185 191 0.733333
185 192 -4.333333
185 249 0.733333
186 189 -0.066667
186 190 0.600000
186 191 -0.200000
186 192 -3.000000
186 250 -1.000000
187 189 -0.466667
187 190 1.000000
187 191 0.600000
187 192 -0.200000
187 251 0.200000
188 189 0.866667
188 190 1.666667
188 191 0.866667
188 192 -3.000000
188 252 -0.600000
193 197 1.000000
193 198 -0.733333
193 199 -0.733333
193 200 1.000000
193 257 0.333333
194 197 -0.466667
194 198 -0.200000
194 199 -0.200000
194 200 -0.200000
194 258 -0.600000
195 197 -0.066667
195 198 0.733333
195 199 -0.866667
195 200 0.066667
195 259 0.600000
196 197 0.733333
196 198 -5.000000
196 199 -0.333333
196 200 0.600000
196 260 0.200000
197 205 1.000000
198 206 0.333333
199 207 0.733333
200 208 -0.866667
201 205 0.066667
201 206 -1.000000
201 207 0.600000
201 208 0.200000
201 265 0.333333
202 205 1.000000
202 206 0.600000
202 207 -0.200000
202 208 -0.200000
202 266 0.600000
203 205 -1.000000
203 206 -1.000000
203 207 0.466667
203 208 -0.466667
203 267 -0.733333
204 205 0.066667
204 206 -1.000000
204 207 -0.733333
204 208 -0.866667
204 268 -0.200000
205 213 -1.000000
206 214 0.866667
207 215 0.200000
208 216 0.066667
209 213 -0.066667
209 214 0.066667
209 215 0.600000
209 216 0.466667
209 273 -0.466667
210 213 0.200000
210 214 -0.600000
210 215 -0.733333
210 216 -0.333333
210 274 0.333333
211 213 0.466667
211 214 0.600000
211 215 0.600000
211 216 -0.333333
211 275 0.866667
212 213 0.600000
212 214 -0.333333
212 215 0.200000
212 216 -0.466667
212 276 -0.333333
213 221 -0.600000
214 222 0.066667
215 223 -1.000000
216 224 -0.066667
217 221 -0.466667
217 222 0.066667
217 223 -0.066667
217 224 0.066667
217 281 0.066667
218 221 -0.866667
218 222 1.000000
218 223 -0.200000
218 224 -0.466667
218 282 -0.866667
219 221 -1.000000
219 222 -0.466667
219 223 1.666667
219 224 -0.333333
219 283 -0.333333
220 221 -1.000000
220 222 -0.333333
220 223 -1.000000
220 224 1.000000
220 284 0.600000
221 229 3.666667
222 230 -2.333333
223 231 0.600000
224 232 -0.333333
225 229 0.200000
225 230 0.066667
225 231 -0.733333
225 232 0.866667
225 289 0.333333
226 229 -0.600000
226 230 0.333333
226 231 0.866667
226 232 -0.333333
226 290 1.000000
227 229 0.466667
227 230 -0.066667
227 231 0.733333
227 232 0.333333
227 291 -0.066667
228 229 0.600000
228 230 -0.066667
228 231 -0.600000
228 232 -0.200000
228 292 -0.866667
229 237 0.466667
230 238 -1.000000
231 239 0.333333
232 240 0.066667
233 237 -0.066667
233 238 0.066667
233 239 0.200000
233 240 0.333333
233 297 -0.600000
234 237 0.733333
234 238 -0.333333
234 239 -0.333333
234 240 0.066667
234 298 -0.466667
235 237 -0.333333
235 238 -0.466667
235 239 -0.733333
235 240 -0.733333
235 299 0.466667
236 237 0.066667
236 238 0.333333
236 239 0.600000
236 240 1.000000
236 300 0.600000
237 245 -0.733333
238 246 -0.866667
239 247 0.600000
240 248 1.000000
241 245 1.000000
241 246 -0.733333
241 247 -0.733333
241 248 0.333333
241 305 0.200000
242 245 -0.333333
242 246 -0.333333
242 247 -0.733333
242 248 -0.866667
242 306 -1.000000
243 245 -1.000000
243 246 -0.866667
243 247 0.200000
243 248 0.866667
243 307 -0.600000
244 245 0.200000
244 246 -0.333333
244 247 -0.200000
244 248 -0.066667
244 308 1.000000
245 253 1.000000
246 254 -0.600000
247 255 -0.333333
248 256 -1.000000
249 253 0.466667
249 254 -0.600000
249 255 0.866667
249 256 -0.333333
249 313 0.600000
250 253 0.333333
250 254 -0.200000
250 255 -0.866667
250 256 0.333333
250 314 3.000000
251 253 -0.066667
251 254 -0.333333
251 255 -1.000000
251 256 0.733333
251 315 0.866667
252 253 4.333333
252 254 -0.600000
252 255 -0.866667
252 256 0.733333
252 316 -0.733333
257 261 0.333333
257 262 -0.600000
257 263 0.866667
257 264 0.466667
257 321 0.333333
258 261 0.733333
258 262 -0.866667
258 263 0.600000
258 264 0.066667
258 322 -1.000000
259 261 1.000000
259 262 0.066667
259 263 0.733333
259 264 0.333333
259 323 -0.866667
260 261 -1.000000
260 262 1.000000
260 263 4.333333
260 264 5.000000
260 324 -0.866667
261 269 -0.066667
262 270 -0.866667
263 271 -1.000000
264 272 -0.466667
265 269 -0.333333
265 270 0.066667
265 271 0.466667
265 272 0.200000
265 329 -0.066667
266 269 0.466667
266 270 0.600000
266 271 1.000000
266 272 0.200000
266 330 0.733333
267 269 -0.733333
267 270 -0.333333
267 271 0.866667
267 272 -0.200000
267 331 0.733333
268 269 0.066667
268 270 3.666667
268 271 -2.333333
268 272 -0.200000
268 332 1.000000
269 277 0.466667
270 278 -0.066667
271 279 -0.333333
272 280 0.466667
273 277 0.600000
273 278 0.466667
273 279 0.466667
273 280 -0.866667
273 337 0.066667
274 277 0.066667
274 278 0.333333
274 279 0.333333
274 280 0.600000
274 338 -0.066667
275 277 -0.466667
275 278 -0.600000
275 279 3.000000
275 280 -0.600000
275 339 -0.466667
276 277 -4.333333
276 278 1.000000
276 279 3.000000
276 280 -3.000000
276 340 -0.466667
277 285 -0.600000
278 286 -0.066667
279 287 0.333333
280 288 1.000000
281 285 -0.200000
281 286 0.200000
281 287 -3.666667
281 288 0.333333
281 345 -0.733333
282 285 -0.733333
282 286 -0.333333
282 287 -0.733333
282 288 -0.733333
282 346 0.600000
283 285 -0.066667
283 286 -0.733333
283 287 0.200000
283 288 -0.066667
283 347 0.600000
284 285 -1.000000
284 286 1.000000
284 287 0.866667
284 288 0.866667
284 348 0.733333
285 293 -0.066667
286 294 0.066667
287 295 0.866667
288 296 -0.200000
289 293 -0.733333
289 294 0.200000
289 295 -0.333333
289 296 0.333333
289 353 -0.333333
290 293 0.333333
290 294 -0.866667
290 295 -0.066667
290 296 -0.333333
290 354 0.600000
291 293 -0.733333
291 294 -0.733333
291 295 -1.000000
291 296 -0.200000
291 355 0.866667
292 293 -0.733333
292 294 0.066667
292 295 -0.200000
292 296 -0.200000
292 356 -0.066667
293 301 -0.866667
294 302 -0.866667
295 303 0.066667
296 304 0.066667
297 301 0.333333
297 302 0.066667
297 303 0.733333
297 304 0.066667
297 361 0.733333
298 301 -0.866667
298 302 0.333333
298 303 -0.600000
298 304 0.733333
298 362 1.000000
299 301 -0.200000
299 302 3.000000
299 303 3.666667
299 304 -1.000000
299 363 -3.666667
300 301 -1.000000
300 302 -4.333333
300 303 -0.200000
300 304 2.333333
300 364 0.733333
301 309 0.333333
302 310 -3.000000
303 311 0.200000
304 312 -0.200000
305 309 0.066667
305 310 0.066667
305 311 0.066667
305 312 -0.600000
305 369 -0.066667
306 309 1.000000
306 310 0.066667
306 311 0.466667
306 312 0.333333
306 370 0.733333
307 309 0.600000
307 310 1.000000
307 311 -0.200000
307 312 -1.000000
307 371 5.000000
308 309 -0.333333
308 310 1.000000
308 311 -5.000000
308 312 -5.000000
308 372 -3.000000
309 317 0.200000
310 318 1.000000
311 319 1.000000
312 320 4.333333
313 317 0.733333
313 318 0.866667
313 319 -0.333333
313 320 -0.200000
313 377 0.066667
314 317 -0.200000
314 318 -0.866667
314 319 -4.333333
314 320 3.666667
314 378 1.666667
315 317 0.200000
315 318 -0.466667
315 319 3.666667
315 320 0.466667
315 379 -1.000000
316 317 -4.333333
316 318 -0.066667
316 319 -0.600000
316 320 1.000000
316 380 -1.000000
321 325 0.733333
321 326 -1.000000
321 327 -0.733333
321 328 0.733333
321 385 -0.066667
322 325 0.466667
322 326 -0.466667
322 327 0.733333
322 328 0.066667
322 386 -0.066667
323 325 0.066667
323 326 -0.066667
323 327 0.066667
323 328 0.866667
323 387 0.466667
324 325 -0.733333
324 326 0.066667
324 327 -0.600000
324 328 -1.000000
324 388 -0.600000
325 333 -0.733333
326 334 -1.000000
327 335 -0.200000
328 336 0.200000
329 333 -0.466667
329 334 -0.733333
329 335 0.200000
329 336 0.066667
329 393 0.200000
330 333 1.000000
330 334 0.333333
330 335 0.733333
330 336 0.866667
330 394 -0.733333
331 333 -1.000000
331 334 -0.200000
331 335 0.600000
331 336 1.000000
331 395 0.866667
332 333 0.600000
332 334 0.200000
332 335 -0.066667
332 336 -0.733333
332 396 0.200000
333 341 5.000000
334 342 -0.333333
335 343 -0.733333
336 344 -0.200000
337 341 -1.000000
337 342 -0.333333
337 343 -0.600000
337 344 0.733333
337 401 -0.600000
338 341 0.600000
338 342 0.866667
338 343 -0.200000
338 344 0.866667
338 402 1.000000
339 341 0.600000
339 342 -1.000000
339 343 -0.333333
339 344 -0.066667
339 403 0.600000
340 341 0.200000
340 342 -0.333333
340 343 -0.733333
340 344 0.733333
340 404 -1.000000
341 349 -0.066667
342 350 0.600000
343 351 1.000000
344 352 -0.066667
345 349 2.333333
345 350 -0.466667
345 351 -3.666667
345 352 0.466667
345 409 2.333333
346 349 -0.333333
346 350 0.200000
346 351 0.466667
346 352 0.333333
346 410 0.200000
347 349 3.666667
347 350 0.200000
347 351 3.666667
347 352 -3.000000
347 411 -0.866667
348 349 0.600000
348 350 -0.066667
348 351 3.666667
348 352 0.333333
348 412 -0.333333
349 357 1.000000
350 358 1.000000
351 359 3.000000
352 360 0.466667
353 357 0.466667
353 358 0.866667
353 359 0.733333
353 360 0.333333
353 417 0.066667
354 357 -0.200000
354 358 -1.000000
354 359 3.666667
354 360 -0.333333
354 418 -0.066667
355 357 -0.066667
355 358 0.733333
355 359 0.200000
355 360 0.733333
355 419 -0.066667
356 357 2.333333
356 358 -0.200000
356 359 0.466667
356 360 -0.733333
356 420 0.466667
357 365 -0.200000
358 366 0.866667
359 367 5.000000
360 368 -0.333333
361 365 0.600000
361 366 -0.866667
361 367 0.333333
361 368 0.733333
361 425 0.733333
362 365 0.733333
362 366 -0.466667
362 367 0.600000
362 368 0.733333
362 426 -0.600000
363 365 -3.666667
363 366 -0.600000
363 367 4.333333
363 368 -0.066667
363 427 -0.866667
364 365 0.466667
364 366 0.466667
364 367 -0.466667
364 368 0.466667
364 428 0.866667
365 373 0.333333
366 374 0.200000
367 375 5.000000
368 376 0.200000
369 373 0.200000
369 374 -1.000000
369 375 -0.333333
369 376 -0.200000
369 433 0.866667
370 373 -0.333333
370 374 0.600000
370 375 -3.666667
370 376 0.466667
370 434 -0.866667
371 373 -2.333333
371 374 -0.200000
371 375 1.000000
371 376 0.733333
371 435 0.866667
372 373 -3.000000
372 374 0.466667
372 375 0.600000
372 376 -0.466667
372 436 0.333333
373 381 1.000000
374 382 -0.066667
375 383 -0.066667
376 384 0.333333
377 381 1.666667
377 382 0.733333
377 383 -0.600000
377 384 -0.066667
377 441 -0.333333
378 381 0.866667
378 382 0.066667
378 383 0.200000
378 384 -0.066667
378 442 1.000000
379 381 -0.466667
379 382 0.600000
379 383 -1.000000
379 384 0.600000
379 443 3.666667
380 381 -0.733333
380 382 -0.466667
380 383 -0.733333
380 384 -0.066667
380 444 -0.733333
385 389 -0.600000
385 390 -1.000000
385 391 3.000000
385 392 0.600000
385 449 -0.866667
386 389 3.666667
386 390 1.000000
386 391 -0.600000
386 392 0.866667
386 450 0.866667
387 389 -0.866667
387 390 5.000000
387 391 -1.666667
387 392 -0.600000
387 451 2.333333
388 389 1.000000
388 390 -0.466667
388 391 0.333333
388 392 -0.200000
388 452 -0.333333
389 397 0.333333
390 398 -2.333333
391 399 0.466667
392 400 0.066667
393 397 -0.066667
393 398 -1.000000
393 399 0.066667
393 400 -0.866667
393 457 -0.466667
394 397 -0.466667
394 398 -0.600000
394 399 0.466667
394 400 -1.000000
394 458 0.466667
395 397 1.000000
395 398 0.333333
395 399 -0.200000
395 400 0.066667
395 459 0.866667
396 397 0.200000
396 398 1.000000
396 399 -0.466667
396 400 0.200000
396 460 1.000000
397 405 0.866667
398 406 0.333333
399 407 -0.200000
400 408 -0.600000
401 405 1.000000
401 406 0.066667
401 407 0.333333
401 408 -0.200000
401 465 -0.466667
402 405 3.666667
402 406 0.466667
402 407 -0.333333
402 408 0.733333
402 466 0.600000
403 405 4.333333
403 406 -0.200000
403 407 -0.066667
403 408 0.333333
403 467 -0.333333
404 405 -0.466667
404 406 -0.733333
404 407 -0.066667
404 408 -0.333333
404 468 0.333333
405 413 0.200000
406 414 0.466667
407 415 0.733333
408 416 0.733333
409 413 -0.066667
409 414 -0.333333
409 415 0.733333
409 416 1.000000
409 473 0.066667
410 413 0.200000
410 414 -0.866667
410 415 1.000000
410 416 -0.866667
410 474 -1.000000
411 413 -0.733333
411 414 0.866667
411 415 0.066667
411 416 0.333333
411 475 -0.866667
412 413 -0.200000
412 414 0.733333
412 415 0.200000
412 416 -0.066667
412 476 -0.066667
413 421 -0.333333
414 422 -0.733333
415 423 -0.466667
416 424 -0.866667
417 421 -0.200000
417 422 0.600000
417 423 -0.466667
417 424 -0.466667
417 481 0.866667
418 421 0.066667
418 422 0.600000
418 423 -1.000000
418 424 0.200000
418 482 0.866667
419 421 -0.466667
419 422 0.866667
419 423 0.333333
419 424 -1.000000
419 483 -0.466667
420 421 -0.866667
420 422 -0.866667
420 423 -1.000000
420 424 -0.333333
420 484 -0.466667
421 429 0.866667
422 430 -0.333333
423 431 -0.866667
424 432 0.066667
425 429 -0.333333
425 430 0.333333
425 431 -1.000000
425 432 -0.466667
425 489 -1.000000
426 429 -0.600000
426 430 -0.866667
426 431 1.000000
426 432 -0.200000
426 490 -1.000000
427 429 0.066667
427 430 0.333333
427 431 -0.600000
427 432 -0.866667
427 491 0.466667
428 429 -0.866667
428 430 -0.066667
428 431 0.866667
428 432 -0.733333
428 492 -0.333333
429 437 0.333333
430 438 -0.333333
431 439 0.733333
432 440 0.600000
433 437 -0.066667
433 438 -0.866667
433 439 -5.000000
433 440 -1.000000
433 497 -0.600000
434 437 0.733333
434 438 0.466667
434 439 -0.066667
434 440 0.466667
434 498 -1.000000
435 437 -0.200000
435 438 0.600000
435 439 -1.000000
435 440 -0.733333
435 499 -0.600000
436 437 1.000000
436 438 -0.733333
436 439 -0.066667
436 440 0.466667
436 500 -1.000000
437 445 1.000000
438 446 0.466667
439 447 -0.466667
440 448 0.600000
441 445 0.066667
441 446 0.600000
441 447 1.000000
441 448 0.733333
441 505 -0.200000
442 445 0.466667
442 446 0.733333
442 447 0.466667
442 448 0.066667
442 506 -0.600000
443 445 -0.733333
443 446 -0.866667
443 447 0.466667
443 448 0.066667
443 507 -0.733333
444 445 -0.200000
444 446 0.733333
444 447 -0.066667
444 448 0.600000
444 508 -1.000000
449 453 -0.466667
449 454 0.066667
449 455 -0.466667
449 456 -1.000000
450 453 0.466667
450 454 -0.466667
450 455 0.733333
450 456 -1.000000
451 453 -0.466667
451 454 1.000000
451 455 0.733333
451 456 0.200000
452 453 -4.333333
452 454 -0.333333
452 455 1.000000
452 456 -0.733333
453 461 -0.066667
454 462 -0.066667
455 463 0.600000
456 464 -0.200000
457 461 -0.866667
457 462 0.600000
457 463 0.333333
457 464 -0.066667
458 461 -0.466667
458 462 -0.600000
458 463 -0.200000
458 464 -0.733333
459 461 0.066667
459 462 0.733333
459 463 4.333333
459 464 -0.600000
460 461 -1.000000
460 462 -1.000000
460 463 -0.733333
460 464 0.866667
461 469 -0.733333
462 470 -0.733333
463 471 0.866667
464 472 -0.733333
465 469 0.733333
465 470 -0.733333
465 471 -0.733333
465 472 0.333333
466 469 0.600000
466 470 0.066667
466 471 1.000000
466 472 -0.066667
467 469 0.466667
467 470 0.466667
467 471 0.733333
467 472 0.066667
468 469 0.600000
468 470 -0.333333
468 471 0.866667
468 472 0.733333
469 477 0.600000
470 478 1.000000
471 479 -0.066667
472 480 0.866667
473 477 -0.066667
473 478 0.066667
473 479 -0.066667
473 480 0.333333
474 477 0.866667
474 478 -0.333333
474 479 -0.866667
474 480 -5.000000
475 477 0.733333
475 478 -0.866667
475 479 -0.466667
475 480 -0.333333
476 477 0.066667
476 478 -0.333333
476 479 -1.000000
476 480 0.200000
477 485 -0.333333
478 486 0.600000
479 487 -0.733333
480 488 0.733333
481 485 0.200000
481 486 0.866667
481 487 0.466667
481 488 0.200000
482 485 -0.066667
482 486 0.866667
482 487 5.000000
482 488 -0.200000
483 485 -0.066667
483 486 -1.000000
483 487 0.733333
483 488 -0.600000
484 485 -0.866667
484 486 -0.066667
484 487 0.333333
484 488 -0.866667
485 493 -0.733333
486 494 0.733333
487 495 -0.466667
488 496 0.466667
489 493 -1.000000
489 494 0.066667
489 495 -0.200000
489 496 -0.600000
490 493 0.733333
490 494 -0.466667
490 495 -0.333333
490 496 -0.866667
491 493 -0.600000
491 494 -4.333333
491 495 0.866667
491 496 -0.333333
492 493 -0.733333
492 494 -2.333333
492 495 -1.000000
492 496 1.000000
493 501 1.000000
494 502 -0.200000
495 503 -0.333333
496 504 0.466667
497 501 0.866667
497 502 -0.333333
497 503 1.000000
497 504 0.866667
498 501 0.600000
498 502 -0.066667
498 503 0.333333
498 504 1.000000
499 501 0.200000
499 502 0.600000
499 503 -3.000000
499 504 0.466667
500 501 0.733333
500 502 -0.733333
500 503 -1.000000
500 504 -0.066667
501 509 -0.066667
502 510 0.866667
503 511 0.333333
504 512 0.200000
505 509 0.466667
505 510 -0.333333
505 511 -1.000000
505 512 -0.066667
506 509 0.466667
506 510 -0.200000
506 511 -1.000000
506 512 0.466667
507 509 0.333333
507 510 0.733333
507 511 -1.000000
507 512 -0.466667
508 509 0.333333
508 510 0.200000
508 511 0.733333
508 512 1.000000