#
1 1 -0.013333
2 2 0.200000
3 3 -0.120000
4 4 -0.066667
5 5 -0.173333
6 6 0.013333
7 7 -0.146667
8 8 -0.093333
9 9 0.013333
10 10 0.173333
11 11 0.173333
12 12 0.200000
13 13 -0.200000
14 14 0.093333
15 15 0.120000
16 16 0.120000
17 17 -0.013333
18 18 0.040000
19 19 -0.173333
20 20 0.013333
21 21 -0.066667
22 22 -0.093333
23 23 -0.013333
24 24 0.146667
25 25 -0.146667
26 26 -0.066667
27 27 0.120000
28 28 0.066667
29 29 -0.093333
30 30 0.146667
31 31 -0.066667
32 32 0.040000
33 33 -0.146667
34 34 0.200000
35 35 -0.200000
36 36 -0.200000
37 37 0.200000
38 38 -0.173333
39 39 0.173333
40 40 0.120000
41 41 0.200000
42 42 0.040000
43 43 -0.173333
44 44 0.093333
45 45 0.066667
46 46 -0.013333
47 47 -0.066667
48 48 -0.200000
49 49 0.040000
50 50 0.040000
51 51 -0.200000
52 52 -0.200000
53 53 -0.093333
54 54 0.200000
55 55 0.173333
56 56 0.066667
57 57 0.120000
58 58 0.066667
59 59 0.146667
60 60 -0.146667
61 61 -0.120000
62 62 -0.200000
63 63 0.040000
64 64 -0.013333
65 65 0.040000
66 66 0.040000
67 67 -0.013333
68 68 -0.200000
69 69 -0.093333
70 70 0.120000
71 71 -0.146667
72 72 -0.146667
73 73 0.093333
74 74 -0.146667
75 75 0.200000
76 76 -0.066667
77 77 -0.173333
78 78 -0.173333
79 79 -0.173333
80 80 0.066667
81 81 0.040000
82 82 0.120000
83 83 -0.173333
84 84 -0.120000
85 85 -0.146667
86 86 0.013333
87 87 0.173333
88 88 -0.066667
89 89 0.120000
90 90 -0.040000
91 91 0.093333
92 92 -0.146667
93 93 0.093333
94 94 0.173333
95 95 0.040000
96 96 -0.146667
97 97 -0.146667
98 98 0.040000
99 99 0.093333
100 100 -0.173333
101 101 -0.200000
102 102 -0.040000
103 103 -0.173333
104 104 0.013333
105 105 0.146667
106 106 0.146667
107 107 0.040000
108 108 0.066667
109 109 0.066667
110 110 -0.040000
111 111 0.173333
112 112 0.093333
113 113 -0.040000
114 114 0.120000
115 115 0.120000
116 116 -0.066667
117 117 0.066667
118 118 0.200000
119 119 -0.013333
120 120 -0.146667
121 121 -0.200000
122 122 0.120000
123 123 -0.173333
124 124 0.040000
125 125 -0.040000
126 126 -0.013333
127 127 0.146667
128 128 -0.173333
129 129 0.013333
130 130 0.066667
131 131 -0.120000
132 132 0.146667
133 133 0.093333
134 134 0.093333
135 135 -0.120000
136 136 -0.040000
137 137 -0.173333
138 138 -0.173333
139 139 -0.040000
140 140 -0.066667
141 141 0.173333
142 142 -0.040000
143 143 0.120000
144 144 0.066667
145 145 -0.120000
146 146 0.173333
147 147 0.173333
148 148 -0.120000
149 149 0.173333
150 150 0.200000
151 151 0.146667
152 152 -0.120000
153 153 -0.120000
154 154 0.040000
155 155 -0.146667
156 156 -0.040000
157 157 0.200000
158 158 0.120000
159 159 -0.040000
160 160 -0.200000
161 161 0.066667
162 162 0.040000
163 163 -0.093333
164 164 0.040000
165 165 -0.013333
166 166 0.120000
167 167 -0.173333
168 168 -0.040000
169 169 0.040000
170 170 0.013333
171 171 -0.013333
172 172 -0.093333
173 173 -0.120000
174 174 -0.013333
175 175 0.093333
176 176 0.120000
177 177 -0.146667
178 178 -0.173333
179 179 0.066667
180 180 -0.066667
181 181 -0.093333
182 182 0.066667
183 183 0.066667
184 184 -0.040000
185 185 0.040000
186 186 0.066667
187 187 0.120000
188 188 0.200000
189 189 -0.173333
190 190 0.093333
191 191 -0.066667
192 192 -0.093333
193 193 -0.066667
194 194 -0.146667
195 195 -0.013333
196 196 -0.120000
197 197 0.013333
198 198 0.066667
199 199 0.066667
200 200 -0.013333
201 201 0.146667
202 202 -0.146667
203 203 -0.200000
204 204 0.093333
205 205 0.066667
206 206 0.066667
207 207 0.146667
208 208 -0.200000
209 209 -0.013333
210 210 -0.013333
211 211 -0.093333
212 212 0.093333
213 213 -0.013333
214 214 -0.200000
215 215 0.200000
216 216 -0.146667
217 217 0.173333
218 218 -0.093333
219 219 0.120000
220 220 0.093333
221 221 0.093333
222 222 -0.200000
223 223 0.040000
224 224 0.200000
225 225 -0.146667
226 226 -0.120000
227 227 0.040000
228 228 -0.093333
229 229 0.093333
230 230 -0.066667
231 231 -0.066667
232 232 0.013333
233 233 0.066667
234 234 -0.013333
235 235 0.120000
236 236 -0.066667
237 237 -0.146667
238 238 -0.040000
239 239 -0.146667
240 240 0.040000
241 241 0.200000
242 242 0.040000
243 243 -0.013333
244 244 0.200000
245 245 -0.013333
246 246 0.146667
247 247 0.093333
248 248 -0.173333
249 249 -0.200000
250 250 0.200000
251 251 -0.146667
252 252 0.146667
253 253 0.066667
254 254 0.013333
255 255 -0.200000
256 256 0.093333
257 257 0.200000
258 258 0.146667
259 259 0.066667
260 260 0.093333
261 261 -0.093333
262 262 -0.120000
263 263 0.040000
264 264 -0.066667
265 265 -0.093333
266 266 0.013333
267 267 -0.093333
268 268 0.173333
269 269 0.200000
270 270 0.066667
271 271 -0.093333
272 272 0.066667
273 273 -0.040000
274 274 -0.066667
275 275 0.040000
276 276 -0.173333
277 277 -0.066667
278 278 0.040000
279 279 -0.013333
280 280 0.120000
281 281 -0.093333
282 282 -0.200000
283 283 0.173333
284 284 0.040000
285 285 -0.120000
286 286 -0.040000
287 287 0.173333
288 288 0.146667
289 289 0.013333
290 290 0.040000
291 291 -0.200000
292 292 0.013333
293 293 -0.200000
294 294 0.066667
295 295 0.173333
296 296 0.200000
297 297 -0.173333
298 298 0.146667
299 299 0.146667
300 300 0.066667
301 301 -0.013333
302 302 -0.040000
303 303 0.120000
304 304 0.066667
305 305 0.200000
306 306 0.173333
307 307 0.120000
308 308 -0.120000
309 309 0.173333
310 310 0.093333
311 311 0.040000
312 312 -0.093333
313 313 0.173333
314 314 0.066667
315 315 -0.040000
316 316 -0.200000
317 317 -0.093333
318 318 0.200000
319 319 0.040000
320 320 -0.146667
321 321 0.013333
322 322 -0.040000
323 323 -0.066667
324 324 0.093333
325 325 0.040000
326 326 -0.013333
327 327 -0.200000
328 328 -0.173333
329 329 0.173333
330 330 0.120000
331 331 0.013333
332 332 -0.066667
333 333 -0.120000
334 334 0.120000
335 335 0.066667
336 336 -0.040000
337 337 -0.040000
338 338 -0.093333
339 339 -0.146667
340 340 0.200000
341 341 0.200000
342 342 0.120000
343 343 0.200000
344 344 0.093333
345 345 0.120000
346 346 0.120000
347 347 0.040000
348 348 -0.120000
349 349 0.093333
350 350 0.066667
351 351 0.013333
352 352 -0.173333
353 353 -0.146667
354 354 0.200000
355 355 -0.120000
356 356 -0.200000
357 357 0.200000
358 358 -0.200000
359 359 0.173333
360 360 0.066667
361 361 0.120000
362 362 -0.013333
363 363 -0.013333
364 364 0.013333
365 365 -0.013333
366 366 0.146667
367 367 0.066667
368 368 0.066667
369 369 0.146667
370 370 -0.013333
371 371 0.093333
372 372 -0.146667
373 373 -0.146667
374 374 -0.120000
375 375 -0.013333
376 376 0.040000
377 377 -0.013333
378 378 0.200000
379 379 0.013333
380 380 -0.066667
381 381 -0.200000
382 382 0.040000
383 383 0.200000
384 384 -0.040000
385 385 0.013333
386 386 0.013333
387 387 -0.173333
388 388 0.013333
389 389 0.066667
390 390 -0.013333
391 391 0.040000
392 392 -0.013333
393 393 0.200000
394 394 -0.120000
395 395 -0.013333
396 396 -0.120000
397 397 0.066667
398 398 0.093333
399 399 -0.200000
400 400 -0.120000
401 401 -0.093333
402 402 0.093333
403 403 0.146667
404 404 -0.066667
405 405 0.066667
406 406 0.066667
407 407 -0.200000
408 408 0.173333
409 409 0.066667
410 410 0.173333
411 411 0.013333
412 412 -0.173333
413 413 0.120000
414 414 -0.040000
415 415 0.066667
416 416 0.120000
417 417 -0.093333
418 418 0.146667
419 419 -0.200000
420 420 0.066667
421 421 -0.200000
422 422 -0.120000
423 423 0.173333
424 424 0.173333
425 425 -0.200000
426 426 -0.173333
427 427 -0.120000
428 428 0.013333
429 429 0.093333
430 430 -0.200000
431 431 -0.120000
432 432 0.066667
433 433 0.146667
434 434 0.146667
435 435 0.066667
436 436 -0.173333
437 437 -0.200000
438 438 0.066667
439 439 0.173333
440 440 0.173333
441 441 0.120000
442 442 -0.200000
443 443 0.013333
444 444 0.066667
445 445 -0.120000
446 446 -0.173333
447 447 -0.040000
448 448 0.066667
449 449 -0.146667
450 450 -0.013333
451 451 -0.066667
452 452 0.120000
453 453 0.013333
454 454 -0.093333
455 455 0.040000
456 456 -0.013333
457 457 0.093333
458 458 0.120000
459 459 -0.200000
460 460 0.040000
461 461 0.173333
462 462 0.146667
463 463 -0.173333
464 464 0.146667
465 465 0.173333
466 466 -0.066667
467 467 0.173333
468 468 -0.093333
469 469 0.066667
470 470 0.120000
471 471 0.013333
472 472 0.200000
473 473 -0.200000
474 474 -0.040000
475 475 0.066667
476 476 0.093333
477 477 0.173333
478 478 0.013333
479 479 0.146667
480 480 -0.013333
481 481 -0.146667
482 482 0.093333
483 483 -0.093333
484 484 -0.120000
485 485 -0.066667
486 486 -0.173333
487 487 -0.173333
488 488 -0.066667
489 489 -0.093333
490 490 0.040000
491 491 -0.120000
492 492 -0.013333
493 493 -0.013333
494 494 0.040000
495 495 -0.120000
496 496 -0.173333
497 497 0.146667
498 498 0.146667
499 499 -0.146667
500 500 -0.120000
501 501 -0.120000
502 502 0.120000
503 503 0.120000
504 504 0.040000
505 505 -0.040000
506 506 -0.146667
507 507 -0.066667
508 508 0.040000
509 509 -0.040000
510 510 -0.013333
511 511 -0.066667
512 512 -0.173333
1 5 -0.200000
1 6 -1.000000
1 7 0.733333
1 8 -0.333333
1 65 0.733333
2 5 -1.000000
2 6 -0.333333
2 7 0.200000
2 8 0.333333
2 66 -0.066667
3 5 0.200000
3 6 -0.066667
3 7 1.000000
3 8 0.200000
3 67 -0.733333
4 5 -1.000000
4 6 -0.200000
4 7 0.733333
4 8 -0.866667
4 68 0.600000
5 13 -0.466667
6 14 -0.066667
7 15 0.866667
8 16 -1.000000
9 13 -0.733333
9 14 0.733333
9 15 0.866667
9 16 0.333333
9 73 0.333333
10 13 -1.666667
10 14 0.866667
10 15 0.866667
10 16 -2.333333
10 74 0.333333
11 13 0.066667
11 14 0.866667
11 15 -0.466667
11 16 0.466667
11 75 4.333333
12 13 -0.200000
12 14 -0.600000
12 15 -0.866667
12 16 -1.000000
12 76 1.000000
13 21 -0.200000
14 22 0.866667
15 23 0.866667
16 24 -0.066667
17 21 -0.733333
17 22 0.200000
17 23 1.000000
17 24 0.866667
17 81 -0.466667
18 21 -0.866667
18 22 1.000000
18 23 0.600000
18 24 0.733333
18 82 -0.066667
19 21 0.466667
19 22 0.733333
19 23 1.000000
19 24 1.000000
19 83 1.000000
20 21 -1.000000
20 22 -0.200000
20 23 0.333333
20 24 -0.866667
20 84 -0.066667
21 29 -0.200000
22 30 0.333333
23 31 1.000000
24 32 0.066667
25 29 0.600000
25 30 -0.333333
25 31 1.000000
25 32 -0.200000
25 89 -0.333333
26 29 -0.200000
26 30 -5.000000
26 31 0.733333
26 32 -0.866667
26 90 0.466667
27 29 -1.000000
27 30 0.200000
27 31 -0.866667
27 32 -0.333333
27 91 0.466667
28 29 -0.466667
28 30 -1.666667
28 31 0.066667
28 32 -0.866667
28 92 -0.066667
29 37 -0.333333
30 38 0.733333
31 39 0.733333
32 40 0.200000
33 37 1.000000
33 38 0.866667
33 39 4.333333
33 40 -5.000000
33 97 -2.333333
34 37 0.066667
34 38 -0.600000
34 39 0.600000
34 40 0.600000
34 98 0.333333
35 37 -0.733333
35 38 -0.866667
35 39 -1.000000
35 40 -1.000000
35 99 0.200000
36 37 0.333333
36 38 -0.066667
36 39 -0.733333
36 40 -0.733333
36 100 0.733333
37 45 -0.733333
38 46 -0.200000
39 47 0.200000
40 48 1.000000
41 45 0.466667
41 46 3.666667
41 47 -0.466667
41 48 -5.000000
41 105 -0.600000
42 45 0.200000
42 46 0.600000
42 47 -0.333333
42 48 0.466667
42 106 -0.600000
43 45 0.466667
43 46 0.333333
43 47 1.000000
43 48 0.866667
43 107 0.333333
44 45 0.333333
44 46 0.066667
44 47 -0.600000
44 48 0.200000
44 108 -0.600000
45 53 -0.733333
46 54 0.866667
47 55 0.333333
48 56 -0.066667
49 53 -0.066667
49 54 -0.600000
49 55 0.066667
49 56 0.200000
49 113 0.200000
50 53 0.600000
50 54 1.000000
50 55 0.600000
50 56 -3.666667
50 114 0.733333
51 53 -0.600000
51 54 -0.866667
51 55 0.333333
51 56 -0.866667
51 115 0.466667
52 53 1.000000
52 54 -0.200000
52 55 -0.200000
52 56 -0.333333
52 116 1.000000
53 61 0.600000
54 62 -0.600000
55 63 0.066667
56 64 0.733333
57 61 0.733333
57 62 -0.066667
57 63 0.200000
57 64 0.866667
57 121 -0.333333
58 61 -0.733333
58 62 0.333333
58 63 0.733333
58 64 0.066667
58 122 -0.333333
59 61 -0.600000
59 62 -0.733333
59 63 0.466667
59 64 -0.200000
59 123 -0.200000
60 61 0.866667
60 62 -0.600000
60 63 -0.066667
60 64 -0.200000
60 124 -3.000000
65 69 -0.333333
65 70 0.866667
65 71 0.200000
65 72 5.000000
65 129 1.000000
66 69 -0.066667
66 70 0.866667
66 71 0.333333
66 72 1.000000
66 130 -0.733333
67 69 0.600000
67 70 -1.000000
67 71 0.733333
67 72 1.000000
67 131 0.333333
68 69 -0.066667
68 70 -1.000000
68 71 0.733333
68 72 0.333333
68 132 -0.200000
69 77 -1.000000
70 78 -5.000000
71 79 -0.066667
72 80 -0.600000
73 77 -0.466667
73 78 0.466667
73 79 1.000000
73 80 -0.200000
73 137 0.200000
74 77 0.866667
74 78 0.733333
74 79 1.000000
74 80 1.000000
74 138 0.866667
75 77 1.000000
75 78 -0.466667
75 79 0.066667
75 80 0.600000
75 139 4.333333
76 77 0.333333
76 78 -1.000000
76 79 -1.000000
76 80 -0.733333
76 140 -0.866667
77 85 -0.200000
78 86 -0.200000
79 87 0.866667
80 88 0.733333
81 85 -0.866667
81 86 0.600000
81 87 0.466667
81 88 -0.333333
81 145 -0.733333
82 85 0.466667
82 86 -0.866667
82 87 1.000000
82 88 -0.200000
82 146 -0.066667
83 85 -0.466667
83 86 0.866667
83 87 0.733333
83 88 -0.866667
83 147 -0.466667
84 85 0.333333
84 86 1.000000
84 87 -1.000000
84 88 -0.600000
84 148 0.333333
85 93 0.866667
86 94 -0.466667
87 95 -0.333333
88 96 0.600000
89 93 0.200000
89 94 0.200000
89 95 1.000000
89 96 -0.600000
89 153 -3.666667
90 93 0.866667
90 94 -0.866667
90 95 -0.333333
90 96 -1.000000
90 154 -0.600000
91 93 0.733333
91 94 -0.466667
91 95 -0.733333
91 96 -0.600000
91 155 0.200000
92 93 -0.600000
92 94 0.733333
92 95 -0.200000
92 96 1.000000
92 156 -0.066667
93 101 -0.866667
94 102 0.466667
95 103 0.733333
96 104 -0.733333
97 101 2.333333
97 102 0.066667
97 103 -0.600000
97 104 -0.333333
97 161 -0.866667
98 101 0.200000
98 102 0.200000
98 103 1.000000
98 104 -1.000000
98 162 -0.333333
99 101 0.066667
99 102 -0.866667
99 103 0.866667
99 104 0.866667
99 163 0.066667
100 101 0.866667
100 102 0.200000
100 103 -1.000000
100 104 1.000000
100 164 1.000000
101 109 -0.466667
102 110 0.066667
103 111 0.333333
104 112 -0.733333
105 109 -0.733333
105 110 -0.066667
105 111 0.600000
105 112 -0.466667
105 169 0.600000
106 109 0.200000
106 110 0.733333
106 111 -0.066667
106 112 0.733333
106 170 -0.200000
107 109 0.600000
107 110 0.600000
107 111 0.200000
107 112 0.733333
107 171 -0.066667
108 109 -0.066667
108 110 0.200000
108 111 -1.000000
108 112 0.466667
108 172 1.000000
109 117 0.200000
110 118 0.733333
111 119 0.066667
112 120 -0.466667
113 117 0.066667
113 118 0.600000
113 119 0.066667
113 120 -1.000000
113 177 0.466667
114 117 0.200000
114 118 -1.000000
114 119 0.600000
114 120 -0.066667
114 178 0.333333
115 117 -0.600000
115 118 -0.066667
115 119 -0.466667
115 120 -1.000000
115 179 1.000000
116 117 -0.466667
116 118 1.000000
116 119 -0.200000
116 120 -0.600000
116 180 -0.600000
117 125 0.200000
118 126 -0.466667
119 127 0.600000
120 128 0.866667
121 125 -0.866667
121 126 0.866667
121 127 -2.333333
121 128 3.000000
121 185 0.600000
122 125 -0.866667
122 126 -0.600000
122 127 1.000000
122 128 0.733333
122 186 -0.066667
123 125 1.000000
123 126 -0.066667
123 127 0.733333
123 128 0.200000
123 187 0.066667
124 125 0.333333
124 126 0.733333
124 127 1.000000
124 128 0.733333
124 188 -0.866667
129 133 -1.000000
129 134 -0.466667
129 135 -5.000000
129 136 0.333333
129 193 -1.000000
130 133 -1.000000
130 134 -0.066667
130 135 -0.466667
130 136 0.733333
130 194 -0.466667
131 133 -2.333333
131 134 -3.000000
131 135 4.333333
131 136 -0.466667
131 195 1.666667
132 133 -0.333333
132 134 0.200000
132 135 -0.466667
132 136 0.200000
132 196 0.466667
133 141 -0.333333
134 142 -0.333333
135 143 -0.333333
136 144 2.333333
137 141 -0.600000
137 142 -0.466667
137 143 0.333333
137 144 0.866667
137 201 -0.066667
138 141 -0.866667
138 142 0.333333
138 143 1.000000
138 144 0.733333
138 202 1.000000
139 141 1.000000
139 142 1.000000
139 143 -4.333333
139 144 -1.000000
139 203 -0.066667
140 141 3.666667
140 142 0.333333
140 143 1.000000
140 144 0.866667
140 204 0.333333
141 149 -2.333333
142 150 0.600000
143 151 -0.066667
144 152 0.466667
145 149 -0.866667
145 150 0.333333
145 151 0.600000
145 152 1.000000
145 209 -0.600000
146 149 -0.600000
146 150 0.600000
146 151 -0.866667
146 152 1.000000
146 210 -0.066667
147 149 -0.866667
147 150 -0.600000
147 151 1.000000
147 152 -0.466667
147 211 0.600000
148 149 0.733333
148 150 -0.600000
148 151 0.333333
148 152 0.333333
148 212 0.600000
149 157 -4.333333
150 158 -0.466667
151 159 0.866667
152 160 0.066667
153 157 -3.666667
153 158 -0.466667
153 159 -0.866667
153 160 -0.466667
153 217 1.000000
154 157 1.000000
154 158 -1.000000
154 159 0.866667
154 160 0.600000
154 218 -0.600000
155 157 -0.066667
155 158 -0.200000
155 159 1.000000
155 160 -0.600000
155 219 0.600000
156 157 0.600000
156 158 -0.733333
156 159 0.866667
156 160 0.066667
156 220 -0.733333
157 165 4.333333
158 166 -0.733333
159 167 0.333333
160 168 0.866667
161 165 -1.000000
161 166 -1.000000
161 167 0.866667
161 168 1.000000
161 225 -0.600000
162 165 -3.666667
162 166 -0.200000
162 167 0.733333
162 168 -0.600000
162 226 -0.066667
163 165 -1.000000
163 166 0.066667
163 167 0.866667
163 168 -1.000000
163 227 0.866667
164 165 0.466667
164 166 0.600000
164 167 0.066667
164 168 3.000000
164 228 -1.000000
165 173 1.000000
166 174 -0.866667
167 175 -1.000000
168 176 0.733333
169 173 0.333333
169 174 0.333333
169 175 -0.333333
169 176 0.866667
169 233 0.600000
170 173 0.466667
170 174 -0.466667
170 175 -1.000000
170 176 0.333333
170 234 0.200000
171 173 0.066667
171 174 0.200000
171 175 -0.600000
171 176 0.066667
171 235 0.466667
172 173 0.066667
172 174 -0.866667
172 175 -0.733333
172 176 0.866667
172 236 -0.733333
173 181 -0.733333
174 182 0.200000
175 183 1.000000
176 184 0.066667
177 181 -1.000000
177 182 -1.000000
177 183 -0.866667
177 184 -0.333333
177 241 1.000000
178 181 0.866667
178 182 0.333333
178 183 -0.333333
178 184 -0.600000
178 242 0.200000
179 181 0.200000
179 182 0.066667
179 183 0.600000
179 184 0.200000
179 243 0.733333
180 181 0.733333
180 182 0.466667
180 183 0.333333
180 184 -0.066667
180 244 -0.333333
181 189 -0.600000
182 190 -0.733333
183 191 0.200000
184 192 0.066667
185 189 0.600000
185 190 0.466667
185 191 0.333333
185 192 -0.200000
185 249 -0.466667
186 189 -2.333333
186 190 0.333333
186 191 0.600000
186 192 -3.000000
186 250 1.666667
187 189 -0.066667
187 190 -0.600000
187 191 -1.000000
187 192 0.333333
187 251 0.866667
188 189 0.066667
188 190 -0.066667
188 191 0.600000
188 192 -1.666667
188 252 -3.666667
193 197 0.600000
193 198 5.000000
193 199 0.200000
193 200 2.333333
193 257 -0.733333
194 197 0.200000
194 198 0.600000
194 199 -0.466667
194 200 0.200000
194 258 0.866667
195 197 0.866667
195 198 -1.000000
195 199 5.000000
195 200 -0.733333
195 259 4.333333
196 197 -0.200000
196 198 0.600000
196 199 -0.866667
196 200 -5.000000
196 260 -0.600000
197 205 0.066667
198 206 0.333333
199 207 -0.066667
200 208 -0.066667
201 205 -0.333333
201 206 -0.200000
201 207 0.733333
201 208 -0.733333
201 265 -0.600000
202 205 0.466667
202 206 1.000000
202 207 1.000000
202 208 0.333333
202 266 -0.066667
203 205 -1.000000
203 206 0.733333
203 207 -0.866667
203 208 -0.733333
203 267 -0.733333
204 205 0.866667
204 206 0.866667
204 207 0.066667
204 208 0.466667
204 268 0.600000
205 213 -0.066667
206 214 -0.600000
207 215 -0.733333
208 216 0.866667
209 213 -0.600000
209 214 0.333333
209 215 1.000000
209 216 -0.600000
209 273 -0.200000
210 213 -0.466667
210 214 0.066667
210 215 0.866667
210 216 1.000000
210 274 1.000000
211 213 -0.466667
211 214 0.600000
211 215 -0.466667
211 216 0.866667
211 275 0.066667
212 213 0.066667
212 214 1.000000
212 215 1.000000
212 216 -0.600000
212 276 -0.200000
213 221 1.000000
214 222 -0.066667
215 223 0.066667
216 224 0.066667
217 221 0.066667
217 222 0.333333
217 223 0.066667
217 224 1.000000
217 281 0.333333
218 221 0.333333
218 222 0.466667
218 223 -0.466667
218 224 0.333333
218 282 -1.666667
219 221 0.866667
219 222 -0.866667
219 223 -0.733333
219 224 -1.000000
219 283 0.733333
220 221 0.200000
220 222 0.200000
220 223 -0.866667
220 224 0.200000
220 284 1.000000
221 229 -0.733333
222 230 -0.466667
223 231 0.466667
224 232 0.600000
225 229 0.600000
225 230 -3.666667
225 231 -0.333333
225 232 -0.733333
225 289 0.866667
226 229 -0.066667
226 230 -0.866667
226 231 1.000000
226 232 -0.866667
226 290 -0.866667
227 229 0.600000
227 230 -0.333333
227 231 -0.866667
227 232 0.600000
227 291 1.000000
228 229 0.333333
228 230 0.466667
228 231 0.066667
228 232 0.733333
228 292 0.466667
229 237 -0.066667
230 238 0.333333
231 239 4.333333
232 240 -0.600000
233 237 -0.466667
233 238 -0.066667
233 239 0.600000
233 240 0.466667
233 297 -0.200000
234 237 -0.600000
234 238 -0.466667
234 239 -0.866667
234 240 -1.000000
234 298 -0.600000
235 237 -0.066667
235 238 -0.733333
235 239 0.466667
235 240 0.466667
235 299 0.200000
236 237 -0.733333
236 238 1.000000
236 239 0.600000
236 240 -0.066667
236 300 -1.000000
237 245 1.666667
238 246 -0.200000
239 247 -2.333333
240 248 -1.000000
241 245 -1.000000
241 246 0.200000
241 247 3.000000
241 248 1.000000
241 305 0.066667
242 245 0.066667
242 246 0.600000
242 247 2.333333
242 248 0.866667
242 306 0.200000
243 245 5.000000
243 246 1.000000
243 247 -3.000000
243 248 -1.666667
243 307 0.066667
244 245 0.733333
244 246 -0.066667
244 247 -0.600000
244 248 -0.066667
244 308 0.066667
245 253 -0.333333
246 254 0.466667
247 255 0.333333
248 256 0.866667
249 253 -0.866667
249 254 -0.200000
249 255 -0.333333
249 256 1.000000
249 313 0.733333
250 253 1.000000
250 254 0.466667
250 255 -0.466667
250 256 -0.733333
250 314 -0.866667
251 253 0.466667
251 254 -0.066667
251 255 0.333333
251 256 -0.600000
251 315 0.733333
252 253 0.600000
252 254 0.066667
252 255 -3.000000
252 256 -0.333333
252 316 -2.333333
257 261 0.600000
257 262 0.333333
257 263 -0.600000
257 264 1.000000
257 321 0.066667
258 261 0.866667
258 262 -0.600000
258 263 -0.066667
258 264 -0.200000
258 322 -0.200000
259 261 -3.666667
259 262 -0.333333
259 263 3.666667
259 264 -1.000000
259 323 -0.466667
260 261 0.066667
260 262 0.600000
260 263 0.333333
260 264 1.000000
260 324 0.466667
261 269 -0.200000
262 270 0.200000
263 271 0.733333
264 272 0.733333
265 269 -1.000000
265 270 1.000000
265 271 -0.066667
265 272 -0.866667
265 329 -0.600000
266 269 5.000000
266 270 -0.066667
266 271 0.866667
266 272 -0.733333
266 330 -0.733333
267 269 0.200000
267 270 -0.066667
267 271 -1.000000
267 272 -1.000000
267 331 0.066667
268 269 0.200000
268 270 0.466667
268 271 0.066667
268 272 -0.066667
268 332 0.333333
269 277 0.200000
270 278 -0.333333
271 279 -1.000000
272 280 -0.200000
273 277 0.733333
273 278 0.733333
273 279 0.200000
273 280 -0.466667
273 337 0.866667
274 277 0.866667
274 278 0.733333
274 279 -1.000000
274 280 -0.066667
274 338 -3.000000
275 277 0.466667
275 278 -0.466667
275 279 -0.600000
275 280 1.000000
275 339 -0.466667
276 277 -0.733333
276 278 0.066667
276 279 -0.466667
276 280 0.200000
276 340 0.466667
277 285 -0.600000
278 286 0.200000
279 287 0.066667
280 288 -0.333333
281 285 -0.733333
281 286 0.600000
281 287 -0.066667
281 288 -2.333333
281 345 1.000000
282 285 3.666667
282 286 0.200000
282 287 0.333333
282 288 -0.066667
282 346 -1.666667
283 285 -1.000000
283 286 0.066667
283 287 1.666667
283 288 -1.000000
283 347 0.066667
284 285 -3.666667
284 286 -1.000000
284 287 1.666667
284 288 -0.466667
284 348 -0.733333
285 293 1.000000
286 294 0.333333
287 295 0.333333
288 296 -0.333333
289 293 -0.066667
289 294 0.066667
289 295 -1.000000
289 296 0.466667
289 353 -0.600000
290 293 0.733333
290 294 -0.600000
290 295 -0.733333
290 296 -0.733333
290 354 -1.000000
291 293 0.600000
291 294 0.200000
291 295 0.200000
291 296 0.333333
291 355 -3.000000
292 293 0.466667
292 294 -1.000000
292 295 1.000000
292 296 -0.333333
292 356 -1.000000
293 301 -1.000000
294 302 0.466667
295 303 0.866667
296 304 -0.066667
297 301 -0.333333
297 302 1.000000
297 303 0.733333
297 304 -0.200000
297 361 -0.866667
298 301 0.866667
298 302 0.866667
298 303 -0.066667
298 304 -0.333333
298 362 0.200000
299 301 0.466667
299 302 1.000000
299 303 -0.600000
299 304 -0.466667
299 363 0.066667
300 301 0.733333
300 302 -0.733333
300 303 0.066667
300 304 -0.866667
300 364 -0.866667
301 309 -0.600000
302 310 -1.000000
303 311 1.000000
304 312 0.466667
305 309 0.066667
305 310 -0.733333
305 311 0.466667
305 312 -0.200000
305 369 0.333333
306 309 -1.000000
306 310 -0.333333
306 311 0.066667
306 312 0.333333
306 370 -0.066667
307 309 0.733333
307 310 -0.600000
307 311 -0.733333
307 312 0.200000
307 371 -0.466667
308 309 -0.333333
308 310 -0.333333
308 311 0.200000
308 312 0.066667
308 372 1.000000
309 317 -0.466667
310 318 -0.333333
311 319 -1.000000
312 320 0.600000
313 317 0.733333
313 318 0.333333
313 319 1.000000
313 320 -2.333333
313 377 -0.866667
314 317 -0.466667
314 318 -0.866667
314 319 0.333333
314 320 -0.333333
314 378 -0.466667
315 317 0.200000
315 318 1.000000
315 319 0.866667
315 320 -0.200000
315 379 1.000000
316 317 0.466667
316 318 -0.466667
316 319 1.000000
316 320 1.666667
316 380 -0.066667
321 325 -0.733333
321 326 0.600000
321 327 1.000000
321 328 -0.200000
321 385 -0.866667
322 325 0.600000
322 326 -1.000000
322 327 -0.333333
322 328 -0.866667
322 386 -0.866667
323 325 -4.333333
323 326 0.200000
323 327 -0.200000
323 328 -0.466667
323 387 -0.200000
324 325 0.466667
324 326 0.466667
324 327 -0.333333
324 328 -0.200000
324 388 1.000000
325 333 3.000000
326 334 -1.000000
327 335 0.066667
328 336 -0.066667
329 333 -0.600000
329 334 0.466667
329 335 0.600000
329 336 0.333333
329 393 0.066667
330 333 1.000000
330 334 -0.066667
330 335 -0.333333
330 336 -0.333333
330 394 -0.200000
331 333 0.466667
331 334 -0.466667
331 335 -0.466667
331 336 -0.600000
331 395 0.733333
332 333 -0.066667
332 334 0.333333
332 335 1.000000
332 336 0.866667
332 396 0.466667
333 341 -0.600000
334 342 -0.866667
335 343 -2.333333
336 344 0.733333
337 341 -0.866667
337 342 0.466667
337 343 -0.600000
337 344 -0.733333
337 401 -0.600000
338 341 -0.466667
338 342 0.600000
338 343 0.066667
338 344 -0.600000
338 402 -0.733333
339 341 0.466667
339 342 -0.733333
339 343 0.333333
339 344 -0.466667
339 403 0.866667
340 341 -0.600000
340 342 0.466667
340 343 0.733333
340 344 0.333333
340 404 0.333333
341 349 0.200000
342 350 -0.466667
343 351 -0.333333
344 352 0.733333
345 349 1.000000
345 350 -0.600000
345 351 3.000000
345 352 -0.466667
345 409 -0.466667
346 349 -0.066667
346 350 1.000000
346 351 -0.333333
346 352 1.000000
346 410 0.333333
347 349 -0.466667
347 350 -0.466667
347 351 -5.000000
347 352 0.200000
347 411 1.000000
348 349 -0.333333
348 350 0.600000
348 351 1.000000
348 352 1.000000
348 412 -0.333333
349 357 0.333333
350 358 0.866667
351 359 -2.333333
352 360 -0.333333
353 357 -0.466667
353 358 -0.600000
353 359 -0.866667
353 360 -0.600000
353 417 -1.000000
354 357 -0.733333
354 358 -4.333333
354 359 1.666667
354 360 0.200000
354 418 -0.866667
355 357 -0.866667
355 358 -0.333333
355 359 0.333333
355 360 -5.000000
355 419 -0.066667
356 357 -0.866667
356 358 0.066667
356 359 0.466667
356 360 -0.333333
356 420 0.200000
357 365 1.000000
358 366 0.866667
359 367 -1.000000
360 368 -2.333333
361 365 -0.333333
361 366 0.466667
361 367 0.733333
361 368 0.200000
361 425 -0.733333
362 365 0.733333
362 366 -1.000000
362 367 -0.066667
362 368 -0.466667
362 426 -0.466667
363 365 0.333333
363 366 0.333333
363 367 -0.333333
363 368 -5.000000
363 427 0.466667
364 365 0.333333
364 366 1.000000
364 367 -0.466667
364 368 -1.000000
364 428 -0.866667
365 373 -0.466667
366 374 0.600000
367 375 -0.466667
368 376 1.000000
369 373 -5.000000
369 374 0.733333
369 375 -0.866667
369 376 -1.666667
369 433 -0.466667
370 373 0.600000
370 374 0.466667
370 375 -0.466667
370 376 0.466667
370 434 0.733333
371 373 1.000000
371 374 -0.200000
371 375 0.200000
371 376 1.000000
371 435 0.866667
372 373 0.866667
372 374 -1.000000
372 375 -0.200000
372 376 2.333333
372 436 1.000000
373 381 0.600000
374 382 -1.000000
375 383 -0.200000
376 384 -0.600000
377 381 -0.866667
377 382 1.000000
377 383 1.666667
377 384 -0.600000
377 441 0.200000
378 381 -0.066667
378 382 0.466667
378 383 5.000000
378 384 0.200000
378 442 0.600000
379 381 -0.866667
379 382 -0.066667
379 383 0.866667
379 384 0.866667
379 443 0.733333
380 381 -0.466667
380 382 -0.200000
380 383 -0.200000
380 384 -0.333333
380 444 -0.600000
385 389 0.200000
385 390 0.733333
385 391 1.000000
385 392 -0.333333
385 449 -1.000000
386 389 0.333333
386 390 0.600000
386 391 0.466667
386 392 0.866667
386 450 0.733333
387 389 0.066667
387 390 -0.333333
387 391 -1.000000
387 392 0.466667
387 451 2.333333
388 389 0.866667
388 390 -1.000000
388 391 0.600000
388 392 -0.866667
388 452 0.466667
389 397 -0.333333
390 398 0.600000
391 399 -5.000000
392 400 -3.666667
393 397 0.333333
393 398 1.000000
393 399 -0.733333
393 400 0.600000
393 457 0.600000
394 397 -0.333333
394 398 0.866667
394 399 -0.733333
394 400 0.200000
394 458 0.200000
395 397 -0.466667
395 398 -0.200000
395 399 -0.866667
395 400 1.000000
395 459 -0.733333
396 397 0.600000
396 398 0.600000
396 399 0.600000
396 400 1.000000
396 460 1.000000
397 405 -1.000000
398 406 -0.733333
399 407 -0.066667
400 408 -0.066667
401 405 0.866667
401 406 -0.333333
401 407 -0.466667
401 408 -1.000000
401 465 0.466667
402 405 -0.066667
402 406 -0.066667
402 407 0.200000
402 408 0.733333
402 466 0.733333
403 405 1.000000
403 406 0.066667
403 407 0.866667
403 408 0.066667
403 467 -0.733333
404 405 -1.000000
404 406 -0.200000
404 407 1.000000
404 408 -0.333333
404 468 1.000000
405 413 -1.000000
406 414 -0.733333
407 415 -0.466667
408 416 -0.333333
409 413 -0.066667
409 414 3.666667
409 415 -0.600000
409 416 -0.066667
409 473 0.333333
410 413 -0.066667
410 414 0.200000
410 415 -0.333333
410 416 2.333333
410 474 0.200000
411 413 -0.733333
411 414 -0.866667
411 415 -0.733333
411 416 -5.000000
411 475 0.733333
412 413 1.000000
412 414 0.333333
412 415 0.466667
412 416 -0.333333
412 476 -0.600000
413 421 -1.000000
414 422 0.466667
415 423 -0.200000
416 424 0.733333
417 421 0.333333
417 422 0.333333
417 423 -0.200000
417 424 -0.466667
417 481 0.333333
418 421 0.333333
418 422 -0.600000
418 423 0.466667
418 424 1.000000
418 482 0.066667
419 421 0.066667
419 422 -0.200000
419 423 0.200000
419 424 -0.333333
419 483 4.333333
420 421 0.466667
420 422 -0.066667
420 423 1.000000
420 424 0.333333
420 484 -0.600000
421 429 -0.200000
422 430 -0.466667
423 431 0.333333
424 432 -0.066667
425 429 0.733333
425 430 0.333333
425 431 0.866667
425 432 0.600000
425 489 0.333333
426 429 -0.333333
426 430 -0.066667
426 431 0.733333
426 432 -0.333333
426 490 -0.600000
427 429 -0.733333
427 430 2.333333
427 431 -0.066667
427 432 0.466667
427 491 -0.866667
428 429 0.600000
428 430 0.600000
428 431 -0.733333
428 432 0.600000
428 492 -0.600000
429 437 0.733333
430 438 -0.200000
431 439 -0.333333
432 440 -1.000000
433 437 0.733333
433 438 -0.066667
433 439 -0.333333
433 440 3.666667
433 497 1.666667
434 437 -0.866667
434 438 0.200000
434 439 -0.333333
434 440 -0.866667
434 498 0.733333
435 437 0.466667
435 438 0.466667
435 439 0.466667
435 440 4.333333
435 499 1.000000
436 437 -0.866667
436 438 -0.200000
436 439 -0.066667
436 440 4.333333
436 500 4.333333
437 445 -0.333333
438 446 0.066667
439 447 -0.466667
440 448 2.333333
441 445 0.066667
441 446 -0.866667
441 447 1.000000
441 448 -0.866667
441 505 -0.066667
442 445 -0.466667
442 446 0.733333
442 447 0.733333
442 448 2.333333
442 506 -0.600000
443 445 0.600000
443 446 -0.333333
443 447 0.866667
443 448 -0.866667
443 507 -0.333333
444 445 0.600000
444 446 -5.000000
444 447 0.333333
444 448 -0.333333
444 508 -1.000000
449 453 0.066667
449 454 -0.866667
449 455 -0.466667
449 456 0.866667
450 453 0.733333
450 454 0.866667
450 455 0.733333
450 456 0.200000
451 453 0.200000
451 454 0.200000
451 455 -0.333333
451 456 0.066667
452 453 0.066667
452 454 0.066667
452 455 0.600000
452 456 0.600000
453 461 0.200000
454 462 -0.600000
455 463 0.733333
456 464 1.000000
457 461 0.733333
457 462 0.200000
457 463 -0.333333
457 464 -0.466667
458 461 0.200000
458 462 -0.866667
458 463 0.733333
458 464 0.466667
459 461 -0.200000
459 462 0.333333
459 463 -0.600000
459 464 0.066667
460 461 -0.733333
460 462 0.866667
460 463 -0.733333
460 464 0.200000
461 469 -0.066667
462 470 0.333333
463 471 -0.600000
464 472 -0.333333
465 469 -0.200000
465 470 -0.866667
465 471 -0.466667
465 472 0.733333
466 469 0.066667
466 470 0.733333
466 471 0.466667
466 472 0.466667
467 469 -0.333333
467 470 -0.866667
467 471 3.666667
467 472 -1.000000
468 469 -0.866667
468 470 -0.600000
468 471 0.466667
468 472 0.466667
469 477 0.466667
470 478 1.666667
471 479 0.333333
472 480 -0.466667
473 477 0.333333
473 478 0.600000
473 479 0.466667
473 480 0.066667
474 477 -0.466667
474 478 -0.866667
474 479 0.466667
474 480 -0.866667
475 477 0.333333
475 478 -0.200000
475 479 -0.466667
475 480 -0.866667
476 477 0.866667
476 478 1.000000
476 479 0.066667
476 480 -0.866667
477 485 -0.600000
478 486 1.000000
479 487 -0.066667
480 488 -1.000000
481 485 0.466667
481 486 1.666667
481 487 -1.000000
481 488 5.000000
482 485 -0.866667
482 486 0.733333
482 487 4.333333
482 488 0.066667
483 485 4.333333
483 486 0.600000
483 487 0.866667
483 488 -1.000000
484 485 -3.666667
484 486 -1.000000
484 487 0.866667
484 488 -0.600000
485 493 -0.333333
486 494 -0.333333
487 495 4.333333
488 496 0.866667
489 493 -0.466667
489 494 0.466667
489 495 -2.333333
489 496 -0.733333
490 493 0.866667
490 494 0.066667
490 495 -0.600000
490 496 0.733333
491 493 -0.733333
491 494 0.200000
491 495 1.000000
491 496 0.066667
492 493 -0.200000
492 494 -0.866667
492 495 -0.466667
492 496 0.600000
493 501 0.200000
494 502 -0.600000
495 503 -1.000000
496 504 0.466667
497 501 -0.200000
497 502 -0.333333
497 503 0.733333
497 504 -5.000000
498 501 -0.200000
498 502 0.333333
498 503 0.466667
498 504 -0.866667
499 501 -0.200000
499 502 0.200000
499 503 -0.600000
499 504 -0.200000
500 501 -0.333333
500 502 -0.066667
500 503 1.000000
500 504 -0.733333
501 509 -0.333333
502 510 -0.200000
503 511 -0.333333
504 512 0.733333
505 509 -0.866667
505 510 -0.600000
505 511 0.333333
505 512 0.066667
506 509 0.333333
506 510 0.200000
506 511 0.866667
506 512 0.200000
507 509 0.600000
507 510 -1.000000
507 511 -0.600000
507 512 -0.200000
508 509 -1.000000
508 510 1.000000
508 511 -1.000000
508 512 0.733333