#
1 1 -0.013333
2 2 -0.146667
3 3 -0.040000
4 4 0.066667
5 5 0.120000
6 6 -0.173333
7 7 0.120000
8 8 0.173333
9 9 0.066667
10 10 0.013333
11 11 0.173333
12 12 -0.200000
13 13 0.120000
14 14 -0.040000
15 15 0.066667
16 16 0.173333
17 17 -0.200000
18 18 0.093333
19 19 0.173333
20 20 -0.040000
21 21 0.173333
22 22 0.093333
23 23 -0.066667
24 24 0.120000
25 25 0.173333
26 26 -0.040000
27 27 0.040000
28 28 0.066667
29 29 -0.013333
30 30 0.120000
31 31 -0.120000
32 32 -0.093333
33 33 -0.146667
34 34 0.146667
35 35 0.146667
36 36 0.146667
37 37 0.093333
38 38 0.173333
39 39 -0.013333
40 40 0.146667
41 41 -0.040000
42 42 -0.120000
43 43 -0.120000
44 44 0.120000
45 45 -0.040000
46 46 0.013333
47 47 0.200000
48 48 -0.066667
49 49 -0.040000
50 50 0.066667
51 51 -0.093333
52 52 0.173333
53 53 0.173333
54 54 0.013333
55 55 0.146667
56 56 -0.146667
57 57 0.173333
58 58 -0.040000
59 59 -0.040000
60 60 0.093333
61 61 -0.040000
62 62 0.120000
63 63 0.120000
64 64 0.040000
65 65 -0.013333
66 66 0.040000
67 67 0.200000
68 68 0.120000
69 69 -0.200000
70 70 -0.200000
71 71 0.173333
72 72 -0.040000
73 73 -0.013333
74 74 -0.040000
75 75 -0.200000
76 76 -0.066667
77 77 -0.146667
78 78 -0.173333
79 79 0.013333
80 80 0.120000
81 81 -0.173333
82 82 -0.173333
83 83 -0.173333
84 84 -0.066667
85 85 0.173333
86 86 -0.120000
87 87 -0.066667
88 88 -0.200000
89 89 0.200000
90 90 -0.093333
91 91 -0.093333
92 92 -0.146667
93 93 0.120000
94 94 -0.040000
95 95 0.173333
96 96 0.146667
97 97 0.066667
98 98 0.066667
99 99 -0.200000
100 100 -0.200000
101 101 -0.173333
102 102 -0.200000
103 103 0.093333
104 104 -0.093333
105 105 0.013333
106 106 0.013333
107 107 0.146667
108 108 0.040000
109 109 -0.120000
110 110 0.120000
111 111 0.093333
112 112 -0.040000
113 113 0.093333
114 114 0.200000
115 115 0.173333
116 116 -0.173333
117 117 -0.013333
118 118 -0.066667
119 119 -0.013333
120 120 -0.200000
121 121 -0.013333
122 122 -0.173333
123 123 -0.173333
124 124 -0.146667
125 125 0.120000
126 126 -0.173333
127 127 0.120000
128 128 0.173333
129 129 0.146667
130 130 0.093333
131 131 -0.173333
132 132 0.013333
133 133 -0.093333
134 134 -0.093333
135 135 -0.093333
136 136 0.013333
137 137 0.200000
138 138 -0.093333
139 139 -0.120000
140 140 0.013333
141 141 0.146667
142 142 -0.066667
143 143 0.120000
144 144 0.120000
145 145 -0.120000
146 146 0.066667
147 147 0.200000
148 148 -0.173333
149 149 -0.093333
150 150 0.013333
151 151 0.013333
152 152 0.173333
153 153 -0.173333
154 154 0.120000
155 155 0.173333
156 156 0.040000
157 157 -0.040000
158 158 0.173333
159 159 -0.013333
160 160 0.146667
161 161 -0.120000
162 162 -0.093333
163 163 -0.146667
164 164 0.200000
165 165 -0.146667
166 166 0.066667
167 167 -0.066667
168 168 -0.120000
169 169 -0.146667
170 170 -0.146667
171 171 0.120000
172 172 -0.093333
173 173 0.120000
174 174 0.120000
175 175 -0.040000
176 176 0.093333
177 177 -0.093333
178 178 -0.120000
179 179 0.093333
180 180 -0.013333
181 181 -0.040000
182 182 -0.066667
183 183 -0.120000
184 184 0.146667
185 185 0.040000
186 186 -0.093333
187 187 -0.013333
188 188 0.200000
189 189 -0.173333
190 190 -0.066667
191 191 0.200000
192 192 -0.066667
193 193 -0.066667
194 194 -0.173333
195 195 -0.013333
196 196 -0.146667
197 197 -0.120000
198 198 -0.120000
199 199 -0.066667
200 200 0.040000
201 201 0.120000
202 202 -0.040000
203 203 -0.013333
204 204 0.013333
205 205 -0.200000
206 206 0.200000
207 207 -0.066667
208 208 0.013333
209 209 0.146667
210 210 -0.066667
211 211 -0.093333
212 212 -0.066667
213 213 0.013333
214 214 -0.040000
215 215 -0.173333
216 216 0.013333
217 217 0.040000
218 218 0.040000
219 219 0.040000
220 220 0.013333
221 221 0.200000
222 222 -0.066667
223 223 -0.120000
224 224 0.066667
225 225 -0.066667
226 226 -0.013333
227 227 -0.013333
228 228 0.200000
229 229 0.200000
230 230 0.120000
231 231 -0.013333
232 232 -0.066667
233 233 0.040000
234 234 0.200000
235 235 -0.040000
236 236 -0.013333
237 237 0.146667
238 238 0.013333
239 239 -0.013333
240 240 -0.066667
241 241 0.146667
242 242 -0.173333
243 243 0.200000
244 244 0.200000
245 245 0.093333
246 246 0.120000
247 247 0.200000
248 248 0.013333
249 249 0.173333
250 250 -0.200000
251 251 -0.200000
252 252 0.040000
253 253 -0.013333
254 254 -0.013333
255 255 -0.066667
256 256 -0.173333
257 257 -0.173333
258 258 0.093333
259 259 -0.040000
260 260 -0.040000
261 261 -0.040000
262 262 0.200000
263 263 0.013333
264 264 0.066667
265 265 0.093333
266 266 0.013333
267 267 -0.040000
268 268 -0.093333
269 269 0.093333
270 270 0.200000
271 271 0.013333
272 272 0.040000
273 273 0.040000
274 274 0.146667
275 275 -0.013333
276 276 0.120000
277 277 -0.066667
278 278 -0.173333
279 279 0.200000
280 280 -0.040000
281 281 0.173333
282 282 -0.146667
283 283 0.146667
284 284 -0.146667
285 285 -0.146667
286 286 -0.013333
287 287 0.013333
288 288 0.146667
289 289 0.146667
290 290 0.173333
291 291 -0.013333
292 292 0.013333
293 293 0.013333
294 294 0.173333
295 295 0.173333
296 296 -0.013333
297 297 -0.013333
298 298 0.146667
299 299 -0.040000
300 300 0.120000
301 301 -0.200000
302 302 -0.013333
303 303 0.093333
304 304 -0.120000
305 305 0.146667
306 306 0.120000
307 307 -0.120000
308 308 0.093333
309 309 0.173333
310 310 0.040000
311 311 0.200000
312 312 -0.173333
313 313 -0.093333
314 314 -0.200000
315 315 0.040000
316 316 -0.120000
317 317 -0.146667
318 318 0.146667
319 319 -0.120000
320 320 0.066667
321 321 0.093333
322 322 -0.200000
323 323 0.173333
324 324 0.173333
325 325 0.093333
326 326 0.120000
327 327 -0.200000
328 328 -0.013333
329 329 0.013333
330 330 0.173333
331 331 -0.200000
332 332 -0.146667
333 333 -0.200000
334 334 -0.093333
335 335 -0.093333
336 336 0.040000
337 337 0.120000
338 338 0.013333
339 339 0.200000
340 340 -0.146667
341 341 0.120000
342 342 -0.066667
343 343 0.040000
344 344 -0.173333
345 345 -0.173333
346 346 0.120000
347 347 -0.200000
348 348 -0.013333
349 349 -0.066667
350 350 0.200000
351 351 -0.013333
352 352 0.146667
353 353 0.066667
354 354 0.013333
355 355 -0.013333
356 356 0.120000
357 357 -0.146667
358 358 0.173333
359 359 0.013333
360 360 -0.146667
361 361 -0.066667
362 362 -0.120000
363 363 -0.066667
364 364 0.120000
365 365 -0.200000
366 366 0.146667
367 367 0.146667
368 368 -0.173333
369 369 0.173333
370 370 -0.013333
371 371 -0.013333
372 372 0.173333
373 373 0.120000
374 374 0.066667
375 375 -0.146667
376 376 0.066667
377 377 -0.066667
378 378 0.040000
379 379 0.013333
380 380 -0.040000
381 381 0.093333
382 382 0.093333
383 383 -0.173333
384 384 -0.120000
385 385 0.200000
386 386 0.200000
387 387 0.093333
388 388 0.013333
389 389 0.093333
390 390 -0.120000
391 391 0.173333
392 392 0.093333
393 393 -0.040000
394 394 -0.040000
395 395 -0.173333
396 396 0.093333
397 397 -0.173333
398 398 0.013333
399 399 -0.146667
400 400 0.093333
401 401 0.120000
402 402 0.146667
403 403 0.146667
404 404 0.146667
405 405 0.146667
406 406 0.066667
407 407 -0.013333
408 408 -0.013333
409 409 0.200000
410 410 -0.120000
411 411 0.146667
412 412 -0.120000
413 413 0.013333
414 414 -0.146667
415 415 0.146667
416 416 0.040000
417 417 0.013333
418 418 0.120000
419 419 -0.120000
420 420 -0.093333
421 421 0.093333
422 422 0.173333
423 423 -0.013333
424 424 0.120000
425 425 0.173333
426 426 0.120000
427 427 -0.173333
428 428 0.200000
429 429 -0.120000
430 430 0.040000
431 431 0.200000
432 432 -0.066667
433 433 0.173333
434 434 -0.040000
435 435 0.040000
436 436 0.093333
437 437 -0.066667
438 438 -0.200000
439 439 0.173333
440 440 0.146667
441 441 -0.200000
442 442 -0.093333
443 443 -0.093333
444 444 -0.040000
445 445 -0.013333
446 446 -0.040000
447 447 0.093333
448 448 0.093333
449 449 -0.146667
450 450 0.040000
451 451 -0.066667
452 452 -0.066667
453 453 0.200000
454 454 -0.200000
455 455 0.093333
456 456 0.146667
457 457 0.200000
458 458 -0.093333
459 459 0.040000
460 460 0.173333
461 461 -0.146667
462 462 0.066667
463 463 0.200000
464 464 -0.066667
465 465 -0.200000
466 466 0.200000
467 467 -0.040000
468 468 0.040000
469 469 0.066667
470 470 0.200000
471 471 0.066667
472 472 0.093333
473 473 0.093333
474 474 -0.173333
475 475 0.013333
476 476 0.173333
477 477 -0.040000
478 478 -0.120000
479 479 -0.040000
480 480 0.146667
481 481 -0.200000
482 482 -0.040000
483 483 -0.146667
484 484 0.040000
485 485 0.040000
486 486 -0.040000
487 487 0.173333
488 488 -0.120000
489 489 0.013333
490 490 -0.040000
491 491 0.093333
492 492 -0.040000
493 493 -0.093333
494 494 0.146667
495 495 -0.013333
496 496 -0.120000
497 497 -0.093333
498 498 0.093333
499 499 0.146667
500 500 -0.093333
501 501 0.120000
502 502 0.120000
503 503 0.040000
504 504 -0.146667
505 505 -0.093333
506 506 0.146667
507 507 -0.200000
508 508 -0.146667
509 509 0.013333
510 510 0.120000
511 511 -0.040000
512 512 0.146667
1 5 -1.000000
1 6 -1.000000
1 7 -0.333333
1 8 -0.866667
1 65 0.200000
2 5 0.733333
2 6 0.866667
2 7 1.000000
2 8 -0.466667
2 66 -0.466667
3 5 0.466667
3 6 0.733333
3 7 0.466667
3 8 0.200000
3 67 -0.733333
4 5 -1.000000
4 6 -0.733333
4 7 -0.466667
4 8 0.866667
4 68 -0.866667
5 13 4.333333
6 14 0.866667
7 15 0.733333
8 16 -0.466667
9 13 0.333333
9 14 -0.200000
9 15 -0.333333
9 16 -0.333333
9 73 -0.466667
10 13 1.666667
10 14 -0.466667
10 15 -0.466667
10 16 -0.866667
10 74 -4.333333
11 13 0.066667
11 14 -1.000000
11 15 -0.333333
11 16 -0.333333
11 75 0.333333
12 13 0.733333
12 14 0.600000
12 15 -0.866667
12 16 -0.333333
12 76 -0.600000
13 21 0.466667
14 22 1.000000
15 23 0.066667
16 24 -0.866667
17 21 -0.733333
17 22 0.866667
17 23 0.733333
17 24 -0.600000
17 81 3.666667
18 21 -1.000000
18 22 0.200000
18 23 0.066667
18 24 0.333333
18 82 0.066667
19 21 0.066667
19 22 0.866667
19 23 0.733333
19 24 0.466667
19 83 -0.733333
20 21 -0.200000
20 22 -0.733333
20 23 0.866667
20 24 0.600000
20 84 -0.733333
21 29 -0.333333
22 30 0.600000
23 31 0.466667
24 32 0.733333
25 29 0.600000
25 30 -0.333333
25 31 0.466667
25 32 0.600000
25 89 2.333333
26 29 0.866667
26 30 1.000000
26 31 -0.733333
26 32 0.333333
26 90 0.600000
27 29 -4.333333
27 30 -0.333333
27 31 0.466667
27 32 1.000000
27 91 1.666667
28 29 -0.333333
28 30 0.333333
28 31 -0.866667
28 32 -0.733333
28 92 -0.600000
29 37 0.866667
30 38 0.466667
31 39 0.600000
32 40 -1.000000
33 37 0.333333
33 38 -3.000000
33 39 0.866667
33 40 -5.000000
33 97 2.333333
34 37 0.600000
34 38 -0.066667
34 39 -1.000000
34 40 0.866667
34 98 0.600000
35 37 -0.466667
35 38 -0.733333
35 39 -0.866667
35 40 0.466667
35 99 -1.000000
36 37 0.466667
36 38 0.466667
36 39 1.000000
36 40 0.466667
36 100 -0.733333
37 45 0.866667
38 46 0.600000
39 47 -0.866667
40 48 0.200000
41 45 0.600000
41 46 -0.600000
41 47 -0.600000
41 48 -0.600000
41 105 0.466667
42 45 -3.666667
42 46 -0.066667
42 47 -0.466667
42 48 -1.000000
42 106 -1.666667
43 45 -0.733333
43 46 -1.000000
43 47 -0.333333
43 48 -0.066667
43 107 0.466667
44 45 1.000000
44 46 0.200000
44 47 -0.466667
44 48 -0.066667
44 108 1.000000
45 53 0.333333
46 54 -0.066667
47 55 -0.866667
48 56 0.066667
49 53 0.733333
49 54 0.600000
49 55 0.333333
49 56 -0.200000
49 113 0.733333
50 53 0.866667
50 54 0.466667
50 55 -0.066667
50 56 1.000000
50 114 0.466667
51 53 -0.466667
51 54 0.466667
51 55 -0.866667
51 56 0.600000
51 115 0.866667
52 53 1.000000
52 54 0.733333
52 55 0.866667
52 56 0.733333
52 116 0.333333
53 61 0.866667
54 62 -0.333333
55 63 0.200000
56 64 0.066667
57 61 0.066667
57 62 -0.600000
57 63 0.333333
57 64 -0.866667
57 121 -1.000000
58 61 0.600000
58 62 0.866667
58 63 -1.000000
58 64 0.600000
58 122 0.200000
59 61 1.000000
59 62 -0.066667
59 63 -1.000000
59 64 -0.333333
59 123 -0.866667
60 61 0.066667
60 62 -0.333333
60 63 -0.066667
60 64 -0.466667
60 124 -0.200000
65 69 -0.600000
65 70 -0.600000
65 71 -0.466667
65 72 -0.200000
65 129 -0.333333
66 69 -0.066667
66 70 0.200000
66 71 0.733333
66 72 1.000000
66 130 -0.066667
67 69 -0.466667
67 70 -0.466667
67 71 -1.000000
67 72 0.333333
67 131 0.733333
68 69 -0.866667
68 70 -0.600000
68 71 0.466667
68 72 -0.600000
68 132 0.466667
69 77 0.866667
70 78 -0.066667
71 79 0.200000
72 80 -0.200000
73 77 0.066667
73 78 0.466667
73 79 -0.600000
73 80 -1.000000
73 137 -0.333333
74 77 0.200000
74 78 0.866667
74 79 -1.000000
74 80 -1.000000
74 138 -1.000000
75 77 -0.200000
75 78 -0.200000
75 79 1.000000
75 80 -0.733333
75 139 0.733333
76 77 0.333333
76 78 0.066667
76 79 1.000000
76 80 0.333333
76 140 -0.200000
77 85 0.066667
78 86 0.200000
79 87 -0.733333
80 88 -0.733333
81 85 -0.066667
81 86 0.333333
81 87 3.000000
81 88 -5.000000
81 145 -0.600000
82 85 0.200000
82 86 -1.000000
82 87 -0.733333
82 88 0.200000
82 146 0.466667
83 85 1.000000
83 86 -0.866667
83 87 -0.600000
83 88 -2.333333
83 147 1.000000
84 85 1.000000
84 86 -0.066667
84 87 -0.333333
84 88 0.466667
84 148 0.200000
85 93 -0.733333
86 94 -4.333333
87 95 -0.600000
88 96 -0.600000
89 93 -0.200000
89 94 -3.666667
89 95 -0.066667
89 96 3.000000
89 153 -0.466667
90 93 -0.333333
90 94 -0.466667
90 95 0.733333
90 96 0.200000
90 154 -1.000000
91 93 0.733333
91 94 3.000000
91 95 0.600000
91 96 0.200000
91 155 0.200000
92 93 -0.733333
92 94 0.600000
92 95 0.333333
92 96 0.600000
92 156 0.333333
93 101 -0.200000
94 102 0.600000
95 103 -0.866667
96 104 -0.600000
97 101 -0.600000
97 102 -0.600000
97 103 0.600000
97 104 0.733333
97 161 -0.466667
98 101 0.200000
98 102 -1.000000
98 103 -0.600000
98 104 0.333333
98 162 -0.866667
99 101 -0.600000
99 102 -0.466667
99 103 -0.466667
99 104 -0.200000
99 163 1.000000
100 101 1.000000
100 102 5.000000
100 103 -1.000000
100 104 0.600000
100 164 -0.866667
101 109 -0.600000
102 110 0.466667
103 111 -0.466667
104 112 -0.333333
105 109 0.200000
105 110 -1.000000
105 111 0.733333
105 112 -0.466667
105 169 -1.000000
106 109 0.466667
106 110 -0.866667
106 111 0.600000
106 112 0.066667
106 170 1.000000
107 109 -0.066667
107 110 0.866667
107 111 0.066667
107 112 -0.066667
107 171 -0.733333
108 109 0.200000
108 110 -0.200000
108 111 -0.733333
108 112 0.333333
108 172 0.600000
109 117 -0.066667
110 118 -0.600000
111 119 0.733333
112 120 -0.733333
113 117 -0.200000
113 118 -0.066667
113 119 0.200000
113 120 0.066667
113 177 -0.466667
114 117 -0.066667
114 118 -0.733333
114 119 0.866667
114 120 -0.733333
114 178 -0.600000
115 117 -0.733333
115 118 0.866667
115 119 0.600000
115 120 -0.333333
115 179 0.333333
116 117 -0.333333
116 118 -0.733333
116 119 -1.666667
116 120 1.000000
116 180 -0.733333
117 125 0.466667
118 126 -0.733333
119 127 -0.466667
120 128 1.000000
121 125 -3.000000
121 126 1.000000
121 127 -0.466667
121 128 -0.866667
121 185 0.600000
122 125 0.333333
122 126 1.000000
122 127 0.066667
122 128 -0.466667
122 186 -0.733333
123 125 0.466667
123 126 -0.733333
123 127 -0.866667
123 128 0.866667
123 187 3.666667
124 125 -0.866667
124 126 0.333333
124 127 0.733333
124 128 -0.066667
124 188 1.000000
129 133 0.066667
129 134 0.200000
129 135 -0.866667
129 136 0.600000
129 193 0.333333
130 133 -0.333333
130 134 0.066667
130 135 0.733333
130 136 -1.000000
130 194 -0.333333
131 133 1.000000
131 134 -1.000000
131 135 0.066667
131 136 0.066667
131 195 -0.066667
132 133 1.000000
132 134 -1.000000
132 135 -0.466667
132 136 0.866667
132 196 0.333333
133 141 -1.000000
134 142 1.000000
135 143 0.600000
136 144 -1.000000
137 141 0.733333
137 142 -0.866667
137 143 -0.066667
137 144 -0.866667
137 201 0.466667
138 141 0.866667
138 142 -0.066667
138 143 0.600000
138 144 0.200000
138 202 0.600000
139 141 -0.200000
139 142 1.000000
139 143 -0.333333
139 144 0.733333
139 203 -0.066667
140 141 0.200000
140 142 0.200000
140 143 0.733333
140 144 0.600000
140 204 0.866667
141 149 -0.733333
142 150 -0.333333
143 151 -0.600000
144 152 -0.333333
145 149 -0.333333
145 150 -0.333333
145 151 -5.000000
145 152 0.466667
145 209 0.866667
146 149 -1.000000
146 150 5.000000
146 151 1.666667
146 152 3.000000
146 210 -1.000000
147 149 0.733333
147 150 5.000000
147 151 0.733333
147 152 -0.466667
147 211 5.000000
148 149 -2.333333
148 150 0.733333
148 151 -0.866667
148 152 -1.000000
148 212 0.333333
149 157 -0.600000
150 158 1.000000
151 159 0.866667
152 160 1.000000
153 157 -1.000000
153 158 -0.466667
153 159 -0.200000
153 160 -0.333333
153 217 -0.600000
154 157 -0.600000
154 158 0.066667
154 159 -0.333333
154 160 0.066667
154 218 0.066667
155 157 1.666667
155 158 -0.066667
155 159 -0.466667
155 160 0.066667
155 219 -1.000000
156 157 -0.866667
156 158 -0.066667
156 159 -0.066667
156 160 -0.600000
156 220 0.066667
157 165 0.333333
158 166 -3.666667
159 167 0.333333
160 168 -1.000000
161 165 0.600000
161 166 0.466667
161 167 -0.733333
161 168 -0.866667
161 225 0.466667
162 165 -0.866667
162 166 -0.466667
162 167 -0.866667
162 168 -0.466667
162 226 0.733333
163 165 -1.000000
163 166 -0.866667
163 167 -0.200000
163 168 -0.333333
163 227 0.466667
164 165 0.200000
164 166 -0.466667
164 167 0.600000
164 168 -0.333333
164 228 -0.600000
165 173 -0.733333
166 174 -1.000000
167 175 1.000000
168 176 -0.866667
169 173 0.600000
169 174 0.733333
169 175 0.466667
169 176 0.466667
169 233 -0.200000
170 173 -0.333333
170 174 -0.733333
170 175 0.866667
170 176 -1.000000
170 234 -0.733333
171 173 1.000000
171 174 -0.466667
171 175 -0.600000
171 176 -0.466667
171 235 1.000000
172 173 0.866667
172 174 -0.333333
172 175 -0.866667
172 176 0.466667
172 236 0.600000
173 181 0.200000
174 182 -0.466667
175 183 -1.000000
176 184 -0.733333
177 181 -0.466667
177 182 0.200000
177 183 -0.466667
177 184 -0.066667
177 241 0.733333
178 181 -0.866667
178 182 0.200000
178 183 0.333333
178 184 -0.866667
178 242 -0.200000
179 181 0.600000
179 182 0.200000
179 183 0.733333
179 184 -0.200000
179 243 -0.200000
180 181 0.333333
180 182 0.733333
180 183 -0.466667
180 184 0.333333
180 244 0.866667
181 189 -0.733333
182 190 0.866667
183 191 -0.200000
184 192 0.333333
185 189 0.333333
185 190 -0.466667
185 191 1.000000
185 192 0.200000
185 249 -0.200000
186 189 -0.866667
186 190 0.333333
186 191 0.866667
186 192 0.200000
186 250 -0.066667
187 189 0.733333
187 190 -0.466667
187 191 -0.466667
187 192 0.066667
187 251 0.200000
188 189 -0.466667
188 190 0.733333
188 191 -0.733333
188 192 0.466667
188 252 -1.666667
193 197 0.466667
193 198 -0.733333
193 199 -0.466667
193 200 0.333333
193 257 0.866667
194 197 -1.000000
194 198 -0.600000
194 199 0.200000
194 200 -0.200000
194 258 -0.200000
195 197 0.200000
195 198 5.000000
195 199 0.466667
195 200 0.066667
195 259 0.200000
196 197 0.466667
196 198 4.333333
196 199 -0.066667
196 200 -0.866667
196 260 -0.733333
197 205 -0.600000
198 206 -0.733333
199 207 0.066667
200 208 -0.333333
201 205 -0.066667
201 206 0.200000
201 207 -1.666667
201 208 0.866667
201 265 1.000000
202 205 -1.000000
202 206 -0.066667
202 207 0.733333
202 208 5.000000
202 266 0.866667
203 205 0.600000
203 206 -0.333333
203 207 0.600000
203 208 -0.466667
203 267 -0.066667
204 205 0.466667
204 206 -3.666667
204 207 2.333333
204 208 0.600000
204 268 0.866667
205 213 -0.333333
206 214 -0.200000
207 215 -0.066667
208 216 0.466667
209 213 -0.466667
209 214 1.000000
209 215 -0.466667
209 216 0.200000
209 273 0.733333
210 213 0.466667
210 214 -0.600000
210 215 -0.866667
210 216 -0.866667
210 274 -1.000000
211 213 1.000000
211 214 -0.333333
211 215 -0.466667
211 216 -0.066667
211 275 0.333333
212 213 1.000000
212 214 0.466667
212 215 1.666667
212 216 0.466667
212 276 -5.000000
213 221 0.333333
214 222 0.600000
215 223 0.866667
216 224 -0.200000
217 221 0.066667
217 222 0.600000
217 223 -0.200000
217 224 0.333333
217 281 -0.066667
218 221 0.333333
218 222 -1.000000
218 223 -1.000000
218 224 -0.200000
218 282 0.866667
219 221 0.866667
219 222 0.200000
219 223 -1.000000
219 224 -0.733333
219 283 0.733333
220 221 1.000000
220 222 -0.200000
220 223 -0.600000
220 224 -0.466667
220 284 -0.333333
221 229 -0.733333
222 230 -0.333333
223 231 1.000000
224 232 2.333333
225 229 0.600000
225 230 -0.200000
225 231 -1.000000
225 232 -0.066667
225 289 -0.066667
226 229 0.600000
226 230 -0.466667
226 231 0.866667
226 232 0.866667
226 290 -1.000000
227 229 -0.600000
227 230 -0.733333
227 231 -3.666667
227 232 0.866667
227 291 -1.000000
228 229 0.200000
228 230 0.333333
228 231 0.466667
228 232 -0.066667
228 292 0.866667
229 237 -0.333333
230 238 -0.333333
231 239 0.200000
232 240 -0.866667
233 237 -0.200000
233 238 -0.866667
233 239 -0.866667
233 240 -0.733333
233 297 -0.733333
234 237 0.866667
234 238 -5.000000
234 239 0.066667
234 240 -1.000000
234 298 -0.733333
235 237 1.000000
235 238 0.600000
235 239 0.733333
235 240 -0.466667
235 299 0.333333
236 237 0.733333
236 238 -0.600000
236 239 0.600000
236 240 0.066667
236 300 0.733333
237 245 0.333333
238 246 -0.066667
239 247 -0.600000
240 248 -0.466667
241 245 -0.200000
241 246 -0.866667
241 247 0.733333
241 248 -1.000000
241 305 -0.733333
242 245 -3.666667
242 246 3.666667
242 247 0.466667
242 248 0.333333
242 306 4.333333
243 245 0.333333
243 246 1.666667
243 247 3.666667
243 248 3.666667
243 307 -0.600000
244 245 -0.600000
244 246 -1.666667
244 247 0.200000
244 248 -1.000000
244 308 -0.066667
245 253 -0.066667
246 254 -5.000000
247 255 -1.000000
248 256 -1.000000
249 253 0.066667
249 254 -0.600000
249 255 -0.466667
249 256 -0.600000
249 313 -0.733333
250 253 -0.733333
250 254 -1.000000
250 255 -0.466667
250 256 0.066667
250 314 -0.200000
251 253 -0.733333
251 254 -1.000000
251 255 -0.466667
251 256 0.066667
251 315 -0.600000
252 253 -0.866667
252 254 -4.333333
252 255 0.600000
252 256 0.733333
252 316 -0.066667
257 261 -0.733333
257 262 -0.866667
257 263 0.066667
257 264 0.066667
257 321 -1.000000
258 261 0.733333
258 262 -0.066667
258 263 -0.200000
258 264 -0.466667
258 322 0.600000
259 261 0.733333
259 262 0.333333
259 263 1.000000
259 264 1.000000
259 323 0.733333
260 261 -0.333333
260 262 -0.733333
260 263 0.466667
260 264 -1.000000
260 324 -0.866667
261 269 0.333333
262 270 -1.000000
263 271 -1.000000
264 272 0.066667
265 269 0.733333
265 270 -0.466667
265 271 0.066667
265 272 -4.333333
265 329 -0.200000
266 269 0.200000
266 270 0.066667
266 271 0.866667
266 272 -0.333333
266 330 1.000000
267 269 -3.666667
267 270 -4.333333
267 271 -0.600000
267 272 0.466667
267 331 0.600000
268 269 0.733333
268 270 5.000000
268 271 -5.000000
268 272 4.333333
268 332 2.333333
269 277 -2.333333
270 278 -0.733333
271 279 -0.333333
272 280 -0.066667
273 277 0.600000
273 278 -1.000000
273 279 0.866667
273 280 0.200000
273 337 -0.466667
274 277 -0.333333
274 278 1.000000
274 279 0.333333
274 280 0.866667
274 338 -0.333333
275 277 1.666667
275 278 -0.466667
275 279 0.866667
275 280 -0.466667
275 339 0.600000
276 277 -1.000000
276 278 1.000000
276 279 0.200000
276 280 -0.600000
276 340 -0.600000
277 285 -0.866667
278 286 1.000000
279 287 -1.666667
280 288 -0.066667
281 285 -0.333333
281 286 0.600000
281 287 1.000000
281 288 5.000000
281 345 0.466667
282 285 0.733333
282 286 -0.066667
282 287 0.733333
282 288 -0.866667
282 346 0.466667
283 285 0.200000
283 286 0.600000
283 287 0.066667
283 288 0.200000
283 347 0.733333
284 285 3.666667
284 286 0.066667
284 287 -0.200000
284 288 0.866667
284 348 -1.000000
285 293 -0.466667
286 294 -1.000000
287 295 -4.333333
288 296 -0.200000
289 293 -0.333333
289 294 0.200000
289 295 5.000000
289 296 1.000000
289 353 0.866667
290 293 0.600000
290 294 -0.866667
290 295 0.866667
290 296 0.733333
290 354 -0.333333
291 293 -0.733333
291 294 -0.733333
291 295 0.066667
291 296 -0.733333
291 355 0.733333
292 293 -0.866667
292 294 -0.733333
292 295 -3.000000
292 296 -0.733333
292 356 -0.066667
293 301 1.000000
294 302 1.000000
295 303 -0.733333
296 304 0.200000
297 301 -3.666667
297 302 0.200000
297 303 3.000000
297 304 -0.333333
297 361 -0.066667
298 301 3.666667
298 302 -0.066667
298 303 3.666667
298 304 1.000000
298 362 -0.866667
299 301 1.666667
299 302 -0.466667
299 303 5.000000
299 304 0.333333
299 363 -0.600000
300 301 -0.866667
300 302 0.200000
300 303 -0.600000
300 304 -2.333333
300 364 -0.333333
301 309 -0.066667
302 310 0.200000
303 311 -2.333333
304 312 -4.333333
305 309 -0.333333
305 310 -0.600000
305 311 -4.333333
305 312 0.200000
305 369 0.466667
306 309 0.600000
306 310 -0.333333
306 311 -1.000000
306 312 0.066667
306 370 0.333333
307 309 -0.600000
307 310 3.000000
307 311 -0.733333
307 312 -0.066667
307 371 0.066667
308 309 1.666667
308 310 -5.000000
308 311 1.000000
308 312 -1.000000
308 372 0.733333
309 317 -1.000000
310 318 0.333333
311 319 4.333333
312 320 0.466667
313 317 0.066667
313 318 0.733333
313 319 -1.000000
313 320 1.000000
313 377 -0.733333
314 317 0.866667
314 318 -0.466667
314 319 -0.333333
314 320 -0.200000
314 378 -0.600000
315 317 0.866667
315 318 0.600000
315 319 0.200000
315 320 1.000000
315 379 0.200000
316 317 -0.600000
316 318 -0.600000
316 319 1.000000
316 320 0.466667
316 380 0.466667
321 325 -0.333333
321 326 -0.066667
321 327 0.733333
321 328 -0.200000
321 385 0.200000
322 325 -0.466667
322 326 -0.866667
322 327 -0.200000
322 328 -0.333333
322 386 -0.600000
323 325 -0.866667
323 326 0.200000
323 327 0.200000
323 328 -0.733333
323 387 0.600000
324 325 -1.666667
324 326 -0.066667
324 327 -0.866667
324 328 0.600000
324 388 -0.466667
325 333 0.733333
326 334 0.466667
327 335 -0.200000
328 336 0.333333
329 333 -0.733333
329 334 0.066667
329 335 -0.733333
329 336 -0.733333
329 393 0.600000
330 333 0.333333
330 334 -0.066667
330 335 0.200000
330 336 0.200000
330 394 -0.466667
331 333 0.733333
331 334 -0.866667
331 335 1.000000
331 336 -0.333333
331 395 -0.466667
332 333 0.200000
332 334 1.000000
332 335 -0.733333
332 336 -0.600000
332 396 0.200000
333 341 -0.600000
334 342 0.200000
335 343 -0.466667
336 344 1.000000
337 341 -0.466667
337 342 1.000000
337 343 -0.066667
337 344 -3.000000
337 401 0.866667
338 341 -0.466667
338 342 0.333333
338 343 -0.600000
338 344 -0.333333
338 402 -1.000000
339 341 0.466667
339 342 -0.333333
339 343 -0.866667
339 344 0.333333
339 403 -0.333333
340 341 -0.600000
340 342 -0.066667
340 343 0.466667
340 344 0.733333
340 404 -0.733333
341 349 -0.466667
342 350 -0.866667
343 351 0.600000
344 352 0.466667
345 349 0.333333
345 350 0.066667
345 351 -0.733333
345 352 -0.600000
345 409 -0.600000
346 349 1.000000
346 350 -0.866667
346 351 -0.066667
346 352 -0.466667
346 410 5.000000
347 349 0.200000
347 350 0.333333
347 351 0.200000
347 352 0.600000
347 411 0.200000
348 349 -0.066667
348 350 -0.333333
348 351 0.333333
348 352 -0.866667
348 412 0.200000
349 357 2.333333
350 358 -0.733333
351 359 -0.866667
352 360 0.333333
353 357 0.866667
353 358 0.066667
353 359 -0.600000
353 360 0.200000
353 417 0.333333
354 357 0.066667
354 358 0.866667
354 359 -4.333333
354 360 -1.000000
354 418 -0.066667
355 357 0.333333
355 358 -4.333333
355 359 -0.200000
355 360 0.600000
355 419 0.066667
356 357 0.066667
356 358 0.200000
356 359 -0.066667
356 360 -0.333333
356 420 0.866667
357 365 0.866667
358 366 -0.066667
359 367 -0.600000
360 368 0.733333
361 365 -0.866667
361 366 -0.066667
361 367 0.466667
361 368 0.066667
361 425 0.866667
362 365 0.200000
362 366 -1.000000
362 367 4.333333
362 368 -0.333333
362 426 0.733333
363 365 0.733333
363 366 -0.333333
363 367 0.733333
363 368 -0.066667
363 427 -0.466667
364 365 0.333333
364 366 -0.733333
364 367 0.466667
364 368 -0.466667
364 428 -0.600000
365 373 0.200000
366 374 -0.733333
367 375 0.066667
368 376 0.733333
369 373 0.600000
369 374 1.000000
369 375 0.600000
369 376 -0.600000
369 433 -0.600000
370 373 -1.666667
370 374 -5.000000
370 375 -0.200000
370 376 -1.000000
370 434 0.200000
371 373 0.200000
371 374 0.200000
371 375 -0.333333
371 376 -1.000000
371 435 0.866667
372 373 -0.866667
372 374 0.066667
372 375 0.466667
372 376 0.600000
372 436 0.200000
373 381 0.333333
374 382 -5.000000
375 383 0.466667
376 384 -0.333333
377 381 5.000000
377 382 4.333333
377 383 -0.333333
377 384 -0.866667
377 441 -0.733333
378 381 -0.600000
378 382 -3.000000
378 383 -1.000000
378 384 0.733333
378 442 0.200000
379 381 -0.733333
379 382 -0.066667
379 383 0.066667
379 384 0.466667
379 443 0.600000
380 381 0.733333
380 382 -0.066667
380 383 -0.733333
380 384 0.066667
380 444 0.466667
385 389 -0.866667
385 390 0.066667
385 391 1.000000
385 392 -0.333333
385 449 0.466667
386 389 0.600000
386 390 0.066667
386 391 1.000000
386 392 -0.866667
386 450 -1.000000
387 389 -0.866667
387 390 -0.200000
387 391 0.733333
387 392 0.600000
387 451 0.200000
388 389 -0.066667
388 390 0.866667
388 391 -0.200000
388 392 -0.466667
388 452 0.333333
389 397 0.333333
390 398 -0.333333
391 399 0.600000
392 400 1.000000
393 397 -0.200000
393 398 0.866667
393 399 1.000000
393 400 -0.066667
393 457 0.466667
394 397 -0.333333
394 398 -0.600000
394 399 -0.333333
394 400 0.466667
394 458 -0.200000
395 397 -0.733333
395 398 -1.666667
395 399 4.333333
395 400 0.333333
395 459 -0.600000
396 397 -0.466667
396 398 -0.733333
396 399 -0.066667
396 400 -1.000000
396 460 0.200000
397 405 -0.066667
398 406 -4.333333
399 407 0.333333
400 408 0.733333
401 405 -0.733333
401 406 -0.466667
401 407 -0.866667
401 408 -3.000000
401 465 0.333333
402 405 1.000000
402 406 -0.466667
402 407 0.200000
402 408 0.600000
402 466 -1.000000
403 405 -0.066667
403 406 -0.866667
403 407 -0.866667
403 408 -0.066667
403 467 0.066667
404 405 -0.466667
404 406 -0.066667
404 407 0.066667
404 408 -0.066667
404 468 2.333333
405 413 0.733333
406 414 0.866667
407 415 -0.066667
408 416 -0.066667
409 413 0.200000
409 414 0.333333
409 415 -0.066667
409 416 -0.066667
409 473 0.333333
410 413 1.000000
410 414 0.066667
410 415 0.066667
410 416 0.333333
410 474 -0.333333
411 413 -0.466667
411 414 -0.066667
411 415 -0.466667
411 416 -1.000000
411 475 -0.600000
412 413 -0.200000
412 414 0.600000
412 415 0.600000
412 416 0.066667
412 476 0.200000
413 421 0.866667
414 422 -0.200000
415 423 -0.466667
416 424 0.733333
417 421 0.466667
417 422 -0.333333
417 423 -0.866667
417 424 -0.066667
417 481 -0.200000
418 421 0.333333
418 422 -0.200000
418 423 -1.000000
418 424 -0.600000
418 482 0.866667
419 421 0.466667
419 422 -0.733333
419 423 0.466667
419 424 -0.866667
419 483 1.000000
420 421 0.200000
420 422 3.000000
420 423 -0.866667
420 424 -0.200000
420 484 -0.333333
421 429 -0.733333
422 430 2.333333
423 431 -0.866667
424 432 -1.000000
425 429 -0.333333
425 430 2.333333
425 431 -2.333333
425 432 0.066667
425 489 5.000000
426 429 -0.333333
426 430 -1.000000
426 431 0.733333
426 432 0.466667
426 490 0.866667
427 429 -0.600000
427 430 0.200000
427 431 -0.066667
427 432 -0.066667
427 491 0.200000
428 429 -0.866667
428 430 0.333333
428 431 0.466667
428 432 0.466667
428 492 0.066667
429 437 0.466667
430 438 1.000000
431 439 -3.000000
432 440 0.200000
433 437 2.333333
433 438 1.000000
433 439 -5.000000
433 440 -3.000000
433 497 -0.200000
434 437 -0.066667
434 438 -0.600000
434 439 0.066667
434 440 -0.066667
434 498 -1.000000
435 437 0.866667
435 438 0.200000
435 439 0.733333
435 440 0.066667
435 499 1.000000
436 437 -0.466667
436 438 -0.866667
436 439 -0.466667
436 440 0.600000
436 500 0.866667
437 445 -0.200000
438 446 0.066667
439 447 -1.666667
440 448 0.200000
441 445 1.000000
441 446 0.066667
441 447 3.000000
441 448 0.600000
441 505 4.333333
442 445 0.200000
442 446 -0.600000
442 447 -0.066667
442 448 -0.600000
442 506 -0.600000
443 445 0.066667
443 446 0.333333
443 447 0.200000
443 448 -0.733333
443 507 0.466667
444 445 -0.600000
444 446 1.000000
444 447 -1.000000
444 448 -0.200000
444 508 0.466667
449 453 -0.466667
449 454 0.466667
449 455 -0.600000
449 456 0.733333
450 453 -0.866667
450 454 -0.333333
450 455 0.600000
450 456 0.200000
451 453 0.733333
451 454 -0.466667
451 455 0.600000
451 456 -0.066667
452 453 0.066667
452 454 0.733333
452 455 -0.200000
452 456 -0.733333
453 461 -0.066667
454 462 -0.466667
455 463 -0.066667
456 464 -0.066667
457 461 -0.866667
457 462 0.200000
457 463 -0.333333
457 464 -0.866667
458 461 -0.466667
458 462 -0.866667
458 463 -0.600000
458 464 0.333333
459 461 0.733333
459 462 0.200000
459 463 -0.466667
459 464 -1.000000
460 461 0.466667
460 462 -1.000000
460 463 0.466667
460 464 0.466667
461 469 -0.733333
462 470 -0.733333
463 471 -0.866667
464 472 0.466667
465 469 0.333333
465 470 0.733333
465 471 -0.333333
465 472 -1.000000
466 469 0.333333
466 470 0.200000
466 471 -0.200000
466 472 -0.866667
467 469 0.600000
467 470 1.000000
467 471 -0.333333
467 472 -0.333333
468 469 -0.466667
468 470 0.200000
468 471 3.000000
468 472 0.466667
469 477 1.000000
470 478 -0.866667
471 479 0.866667
472 480 0.600000
473 477 0.466667
473 478 -1.000000
473 479 -0.066667
473 480 -0.466667
474 477 -0.866667
474 478 0.600000
474 479 -0.200000
474 480 -0.466667
475 477 0.466667
475 478 0.333333
475 479 0.333333
475 480 0.333333
476 477 -0.333333
476 478 0.200000
476 479 1.666667
476 480 -0.600000
477 485 0.733333
478 486 0.066667
479 487 0.866667
480 488 0.466667
481 485 1.000000
481 486 -0.200000
481 487 -0.066667
481 488 1.000000
482 485 -0.733333
482 486 0.600000
482 487 0.200000
482 488 -0.600000
483 485 0.466667
483 486 0.733333
483 487 0.866667
483 488 -0.866667
484 485 -0.333333
484 486 -0.466667
484 487 0.466667
484 488 0.733333
485 493 -0.333333
486 494 -0.866667
487 495 0.733333
488 496 0.866667
489 493 -3.666667
489 494 -0.066667
489 495 3.666667
489 496 0.600000
490 493 0.200000
490 494 0.066667
490 495 -0.600000
490 496 -0.333333
491 493 -0.733333
491 494 -1.000000
491 495 -3.000000
491 496 0.466667
492 493 0.733333
492 494 0.466667
492 495 -0.866667
492 496 -0.333333
493 501 1.000000
494 502 -0.733333
495 503 5.000000
496 504 0.200000
497 501 -1.000000
497 502 0.200000
497 503 0.733333
497 504 -1.000000
498 501 -0.466667
498 502 -0.733333
498 503 -1.000000
498 504 -0.200000
499 501 -0.066667
499 502 0.200000
499 503 -0.200000
499 504 0.066667
500 501 -0.466667
500 502 1.000000
500 503 -0.733333
500 504 -1.000000
501 509 -0.200000
502 510 0.600000
503 511 0.200000
504 512 0.600000
505 509 5.000000
505 510 0.333333
505 511 -0.600000
505 512 0.333333
506 509 1.000000
506 510 -1.000000
506 511 -0.866667
506 512 0.466667
507 509 5.000000
507 510 -0.200000
507 511 0.866667
507 512 -0.333333
508 509 -0.600000
508 510 1.000000
508 511 -0.066667
508 512 -0.466667