#
1 1 -0.120000
2 2 -0.173333
3 3 -0.013333
4 4 -0.200000
5 5 0.146667
6 6 0.040000
7 7 0.040000
8 8 -0.120000
9 9 -0.200000
10 10 0.173333
11 11 -0.066667
12 12 0.146667
13 13 0.093333
14 14 -0.013333
15 15 0.040000
16 16 -0.120000
17 17 0.173333
18 18 0.040000
19 19 -0.066667
20 20 0.173333
21 21 -0.146667
22 22 -0.040000
23 23 -0.066667
24 24 -0.013333
25 25 0.040000
26 26 0.120000
27 27 -0.066667
28 28 -0.093333
29 29 -0.013333
30 30 -0.093333
31 31 0.066667
32 32 0.013333
33 33 0.146667
34 34 0.120000
35 35 0.173333
36 36 0.013333
37 37 0.146667
38 38 -0.040000
39 39 -0.013333
40 40 -0.120000
41 41 0.040000
42 42 -0.173333
43 43 -0.066667
44 44 -0.066667
45 45 0.146667
46 46 -0.040000
47 47 0.093333
48 48 -0.146667
49 49 -0.120000
50 50 0.120000
51 51 0.093333
52 52 -0.120000
53 53 -0.173333
54 54 -0.120000
55 55 0.146667
56 56 -0.013333
57 57 0.013333
58 58 0.066667
59 59 -0.066667
60 60 0.013333
61 61 -0.200000
62 62 -0.013333
63 63 0.146667
64 64 -0.146667
65 65 0.013333
66 66 -0.200000
67 67 -0.093333
68 68 -0.066667
69 69 -0.173333
70 70 0.013333
71 71 -0.013333
72 72 -0.093333
73 73 0.173333
74 74 -0.146667
75 75 -0.120000
76 76 0.013333
77 77 -0.200000
78 78 0.066667
79 79 -0.146667
80 80 0.200000
81 81 0.200000
82 82 -0.093333
83 83 -0.013333
84 84 0.120000
85 85 0.040000
86 86 -0.120000
87 87 -0.013333
88 88 -0.173333
89 89 0.120000
90 90 -0.200000
91 91 -0.013333
92 92 0.146667
93 93 0.173333
94 94 -0.120000
95 95 -0.120000
96 96 -0.173333
97 97 0.013333
98 98 0.173333
99 99 0.093333
100 100 0.013333
101 101 0.013333
102 102 -0.013333
103 103 0.093333
104 104 -0.120000
105 105 0.093333
106 106 -0.120000
107 107 -0.066667
108 108 0.093333
109 109 -0.013333
110 110 -0.146667
111 111 0.093333
112 112 -0.093333
113 113 0.066667
114 114 -0.146667
115 115 -0.173333
116 116 -0.013333
117 117 0.093333
118 118 -0.066667
119 119 -0.093333
120 120 0.040000
121 121 0.066667
122 122 -0.120000
123 123 -0.040000
124 124 0.173333
125 125 -0.093333
126 126 0.200000
127 127 0.146667
128 128 0.013333
129 129 -0.013333
130 130 -0.013333
131 131 0.040000
132 132 -0.040000
133 133 0.146667
134 134 0.173333
135 135 0.040000
136 136 -0.013333
137 137 -0.040000
138 138 -0.120000
139 139 0.066667
140 140 -0.120000
141 141 0.173333
142 142 0.173333
143 143 0.146667
144 144 0.173333
145 145 -0.040000
146 146 -0.013333
147 147 -0.013333
148 148 0.146667
149 149 0.173333
150 150 -0.040000
151 151 -0.093333
152 152 -0.066667
153 153 -0.146667
154 154 0.040000
155 155 -0.066667
156 156 -0.040000
157 157 0.066667
158 158 -0.200000
159 159 -0.093333
160 160 -0.173333
161 161 -0.173333
162 162 0.093333
163 163 -0.066667
164 164 -0.040000
165 165 -0.120000
166 166 0.173333
167 167 -0.173333
168 168 0.093333
169 169 0.200000
170 170 0.173333
171 171 0.013333
172 172 -0.200000
173 173 0.146667
174 174 0.066667
175 175 -0.013333
176 176 0.120000
177 177 -0.040000
178 178 -0.093333
179 179 0.120000
180 180 -0.120000
181 181 0.066667
182 182 -0.173333
183 183 -0.093333
184 184 -0.200000
185 185 -0.173333
186 186 -0.120000
187 187 0.013333
188 188 -0.066667
189 189 -0.013333
190 190 0.173333
191 191 -0.200000
192 192 0.066667
193 193 0.120000
194 194 -0.120000
195 195 0.013333
196 196 0.120000
197 197 0.040000
198 198 -0.040000
199 199 -0.120000
200 200 0.146667
201 201 0.013333
202 202 -0.146667
203 203 0.146667
204 204 -0.146667
205 205 -0.066667
206 206 0.120000
207 207 0.173333
208 208 -0.146667
209 209 0.040000
210 210 0.120000
211 211 -0.066667
212 212 0.146667
213 213 -0.093333
214 214 0.013333
215 215 0.066667
216 216 -0.093333
217 217 0.200000
218 218 0.040000
219 219 0.013333
220 220 0.146667
221 221 0.013333
222 222 0.146667
223 223 -0.066667
224 224 -0.146667
225 225 0.120000
226 226 -0.093333
227 227 0.200000
228 228 0.120000
229 229 0.173333
230 230 -0.146667
231 231 0.146667
232 232 0.200000
233 233 0.173333
234 234 0.200000
235 235 -0.173333
236 236 0.173333
237 237 -0.066667
238 238 -0.200000
239 239 -0.120000
240 240 0.173333
241 241 -0.093333
242 242 0.200000
243 243 -0.040000
244 244 -0.066667
245 245 -0.146667
246 246 -0.200000
247 247 -0.013333
248 248 -0.120000
249 249 -0.040000
250 250 -0.093333
251 251 -0.173333
252 252 0.013333
253 253 -0.066667
254 254 -0.040000
255 255 0.200000
256 256 -0.040000
257 257 0.040000
258 258 -0.120000
259 259 -0.173333
260 260 -0.200000
261 261 -0.120000
262 262 0.013333
263 263 0.040000
264 264 0.173333
265 265 -0.173333
266 266 0.146667
267 267 0.013333
268 268 -0.200000
269 269 0.013333
270 270 -0.040000
271 271 0.013333
272 272 0.146667
273 273 0.120000
274 274 0.120000
275 275 0.120000
276 276 0.200000
277 277 0.120000
278 278 -0.120000
279 279 0.200000
280 280 -0.120000
281 281 -0.173333
282 282 0.120000
283 283 0.120000
284 284 0.146667
285 285 -0.146667
286 286 -0.040000
287 287 0.013333
288 288 0.173333
289 289 0.173333
290 290 -0.066667
291 291 -0.146667
292 292 0.200000
293 293 0.040000
294 294 0.173333
295 295 -0.040000
296 296 0.066667
297 297 0.066667
298 298 0.093333
299 299 0.120000
300 300 0.066667
301 301 0.066667
302 302 -0.040000
303 303 -0.013333
304 304 0.200000
305 305 -0.066667
306 306 0.120000
307 307 -0.200000
308 308 0.066667
309 309 0.040000
310 310 -0.146667
311 311 0.173333
312 312 0.040000
313 313 0.120000
314 314 0.120000
315 315 -0.120000
316 316 -0.200000
317 317 0.120000
318 318 -0.120000
319 319 0.093333
320 320 -0.173333
321 321 0.146667
322 322 -0.093333
323 323 -0.173333
324 324 0.066667
325 325 -0.200000
326 326 -0.200000
327 327 -0.066667
328 328 -0.093333
329 329 -0.173333
330 330 -0.200000
331 331 -0.120000
332 332 -0.066667
333 333 -0.173333
334 334 -0.173333
335 335 0.066667
336 336 0.093333
337 337 0.040000
338 338 0.040000
339 339 0.120000
340 340 -0.146667
341 341 0.013333
342 342 -0.093333
343 343 -0.200000
344 344 -0.066667
345 345 -0.013333
346 346 0.146667
347 347 -0.013333
348 348 -0.040000
349 349 0.066667
350 350 -0.200000
351 351 -0.013333
352 352 0.093333
353 353 0.066667
354 354 -0.040000
355 355 -0.120000
356 356 0.120000
357 357 0.200000
358 358 -0.146667
359 359 -0.173333
360 360 -0.013333
361 361 -0.066667
362 362 0.066667
363 363 0.013333
364 364 -0.040000
365 365 0.066667
366 366 0.120000
367 367 0.066667
368 368 0.066667
369 369 0.013333
370 370 -0.200000
371 371 -0.066667
372 372 0.066667
373 373 0.200000
374 374 -0.146667
375 375 0.066667
376 376 0.120000
377 377 0.013333
378 378 -0.066667
379 379 0.200000
380 380 -0.146667
381 381 -0.200000
382 382 -0.013333
383 383 -0.120000
384 384 -0.146667
385 385 0.200000
386 386 0.120000
387 387 -0.066667
388 388 0.120000
389 389 0.066667
390 390 -0.173333
391 391 -0.173333
392 392 -0.093333
393 393 -0.200000
394 394 0.013333
395 395 -0.040000
396 396 -0.146667
397 397 0.146667
398 398 -0.173333
399 399 -0.066667
400 400 -0.200000
401 401 -0.120000
402 402 -0.066667
403 403 0.146667
404 404 -0.200000
405 405 0.120000
406 406 -0.173333
407 407 -0.093333
408 408 0.173333
409 409 0.066667
410 410 -0.013333
411 411 0.173333
412 412 0.200000
413 413 -0.066667
414 414 0.146667
415 415 -0.146667
416 416 0.066667
417 417 0.146667
418 418 -0.013333
419 419 -0.173333
420 420 0.146667
421 421 0.120000
422 422 -0.200000
423 423 -0.173333
424 424 0.093333
425 425 0.040000
426 426 -0.146667
427 427 0.013333
428 428 -0.093333
429 429 -0.066667
430 430 -0.173333
431 431 -0.040000
432 432 -0.066667
433 433 -0.093333
434 434 0.040000
435 435 0.040000
436 436 -0.066667
437 437 0.093333
438 438 0.146667
439 439 -0.173333
440 440 -0.040000
441 441 -0.066667
442 442 0.013333
443 443 -0.040000
444 444 -0.173333
445 445 0.120000
446 446 -0.146667
447 447 0.146667
448 448 -0.120000
449 449 -0.013333
450 450 0.066667
451 451 -0.066667
452 452 -0.200000
453 453 -0.200000
454 454 0.040000
455 455 -0.146667
456 456 -0.120000
457 457 -0.173333
458 458 -0.040000
459 459 -0.013333
460 460 -0.120000
461 461 -0.093333
462 462 -0.200000
463 463 0.120000
464 464 0.066667
465 465 0.013333
466 466 -0.120000
467 467 0.040000
468 468 -0.093333
469 469 -0.066667
470 470 0.146667
471 471 0.200000
472 472 -0.040000
473 473 0.120000
474 474 0.013333
475 475 -0.066667
476 476 0.093333
477 477 0.066667
478 478 0.200000
479 479 0.066667
480 480 0.040000
481 481 0.200000
482 482 0.146667
483 483 -0.120000
484 484 0.066667
485 485 -0.173333
486 486 -0.200000
487 487 0.040000
488 488 0.066667
489 489 -0.120000
490 490 0.173333
491 491 0.040000
492 492 -0.040000
493 493 0.040000
494 494 -0.200000
495 495 -0.013333
496 496 -0.146667
497 497 -0.040000
498 498 -0.146667
499 499 0.200000
500 500 0.013333
501 501 -0.066667
502 502 -0.066667
503 503 0.093333
504 504 0.066667
505 505 -0.040000
506 506 0.173333
507 507 -0.040000
508 508 0.040000
509 509 0.093333
510 510 -0.146667
511 511 -0.093333
512 512 -0.040000
1 5 -0.600000
1 6 0.066667
1 7 -0.333333
1 8 0.466667
1 65 -1.000000
2 5 0.333333
2 6 0.066667
2 7 -0.866667
2 8 0.866667
2 66 0.333333
3 5 0.866667
3 6 0.200000
3 7 -0.733333
3 8 0.733333
3 67 -0.066667
4 5 0.066667
4 6 0.200000
4 7 -0.600000
4 8 -0.466667
4 68 -0.333333
5 13 0.600000
6 14 0.333333
7 15 0.466667
8 16 1.000000
9 13 -1.000000
9 14 -0.733333
9 15 0.066667
9 16 0.733333
9 73 0.333333
10 13 -0.600000
10 14 -0.466667
10 15 -1.000000
10 16 0.733333
10 74 -0.466667
11 13 1.000000
11 14 0.200000
11 15 -0.600000
11 16 -0.200000
11 75 0.066667
12 13 -0.866667
12 14 -0.333333
12 15 0.733333
12 16 -0.466667
12 76 -1.000000
13 21 0.733333
14 22 -0.466667
15 23 0.200000
16 24 -0.600000
17 21 0.200000
17 22 -0.066667
17 23 -0.733333
17 24 -0.333333
17 81 -0.866667
18 21 -0.200000
18 22 -0.866667
18 23 0.733333
18 24 1.000000
18 82 -0.333333
19 21 0.333333
19 22 0.466667
19 23 0.600000
19 24 0.333333
19 83 -3.666667
20 21 0.733333
20 22 -1.000000
20 23 -1.000000
20 24 -1.000000
20 84 -0.333333
21 29 0.066667
22 30 0.200000
23 31 1.666667
24 32 0.466667
25 29 0.466667
25 30 -0.333333
25 31 0.200000
25 32 0.600000
25 89 -3.000000
26 29 -4.333333
26 30 0.600000
26 31 -0.466667
26 32 0.866667
26 90 0.733333
27 29 -1.666667
27 30 -0.866667
27 31 -1.666667
27 32 -1.000000
27 91 0.333333
28 29 -3.000000
28 30 1.000000
28 31 -0.466667
28 32 0.866667
28 92 -0.200000
29 37 0.600000
30 38 1.000000
31 39 2.333333
32 40 -0.866667
33 37 0.466667
33 38 0.733333
33 39 -5.000000
33 40 -0.200000
33 97 -0.733333
34 37 0.600000
34 38 -0.600000
34 39 -0.466667
34 40 0.333333
34 98 -0.200000
35 37 -5.000000
35 38 3.666667
35 39 -1.666667
35 40 0.200000
35 99 0.333333
36 37 0.066667
36 38 0.066667
36 39 -5.000000
36 40 -0.600000
36 100 -1.000000
37 45 -0.466667
38 46 -0.333333
39 47 -5.000000
40 48 -0.866667
41 45 0.733333
41 46 0.866667
41 47 0.733333
41 48 0.200000
41 105 -1.666667
42 45 4.333333
42 46 -2.333333
42 47 -0.866667
42 48 -1.000000
42 106 0.866667
43 45 0.200000
43 46 3.666667
43 47 -0.733333
43 48 -0.066667
43 107 0.733333
44 45 1.000000
44 46 0.333333
44 47 1.000000
44 48 5.000000
44 108 -1.000000
45 53 0.600000
46 54 3.000000
47 55 -0.866667
48 56 0.600000
49 53 0.200000
49 54 -1.000000
49 55 -0.600000
49 56 -0.733333
49 113 0.200000
50 53 -1.666667
50 54 0.333333
50 55 0.733333
50 56 -1.000000
50 114 -1.000000
51 53 -0.866667
51 54 3.000000
51 55 0.333333
51 56 0.333333
51 115 -0.600000
52 53 0.333333
52 54 0.200000
52 55 5.000000
52 56 -3.000000
52 116 -0.200000
53 61 -0.200000
54 62 0.466667
55 63 -5.000000
56 64 0.333333
57 61 3.666667
57 62 -0.600000
57 63 1.000000
57 64 0.333333
57 121 -0.066667
58 61 0.333333
58 62 0.733333
58 63 -4.333333
58 64 0.200000
58 122 -4.333333
59 61 0.866667
59 62 -0.333333
59 63 -0.600000
59 64 -0.066667
59 123 0.066667
60 61 0.333333
60 62 0.866667
60 63 -1.000000
60 64 0.600000
60 124 0.866667
65 69 -0.200000
65 70 -0.466667
65 71 1.000000
65 72 0.200000
65 129 -0.866667
66 69 -0.066667
66 70 0.200000
66 71 0.066667
66 72 0.200000
66 130 0.333333
67 69 -0.466667
67 70 -0.600000
67 71 0.866667
67 72 -1.000000
67 131 -1.666667
68 69 -0.733333
68 70 0.200000
68 71 0.066667
68 72 -0.600000
68 132 0.066667
69 77 0.066667
70 78 0.066667
71 79 0.866667
72 80 0.066667
73 77 1.000000
73 78 0.200000
73 79 -1.000000
73 80 0.333333
73 137 -0.466667
74 77 -0.333333
74 78 5.000000
74 79 0.466667
74 80 1.000000
74 138 -0.333333
75 77 0.066667
75 78 1.000000
75 79 0.866667
75 80 0.866667
75 139 0.200000
76 77 3.000000
76 78 0.733333
76 79 -1.000000
76 80 -1.000000
76 140 -0.733333
77 85 5.000000
78 86 3.000000
79 87 -0.200000
80 88 0.333333
81 85 0.733333
81 86 -0.733333
81 87 0.333333
81 88 0.333333
81 145 3.000000
82 85 0.466667
82 86 0.333333
82 87 -1.000000
82 88 0.866667
82 146 0.066667
83 85 3.666667
83 86 1.666667
83 87 0.200000
83 88 0.333333
83 147 3.666667
84 85 0.600000
84 86 3.000000
84 87 1.000000
84 88 -0.333333
84 148 0.333333
85 93 -0.733333
86 94 -0.333333
87 95 -1.000000
88 96 -1.000000
89 93 2.333333
89 94 0.066667
89 95 -0.066667
89 96 1.000000
89 153 1.666667
90 93 -1.666667
90 94 -0.466667
90 95 0.066667
90 96 -0.600000
90 154 -0.866667
91 93 4.333333
91 94 5.000000
91 95 0.200000
91 96 0.200000
91 155 2.333333
92 93 -0.866667
92 94 1.000000
92 95 -1.000000
92 96 -0.600000
92 156 -0.600000
93 101 0.333333
94 102 -0.733333
95 103 0.866667
96 104 -0.066667
97 101 0.733333
97 102 -0.866667
97 103 0.866667
97 104 -0.733333
97 161 -1.000000
98 101 -0.733333
98 102 0.733333
98 103 -0.866667
98 104 -0.333333
98 162 -1.000000
99 101 0.600000
99 102 0.733333
99 103 -0.066667
99 104 -0.066667
99 163 -0.200000
100 101 0.333333
100 102 -1.000000
100 103 -0.333333
100 104 0.333333
100 164 0.333333
101 109 -0.600000
102 110 0.200000
103 111 0.200000
104 112 -1.000000
105 109 1.000000
105 110 -0.733333
105 111 3.666667
105 112 0.600000
105 169 4.333333
106 109 -0.066667
106 110 0.333333
106 111 0.866667
106 112 -0.200000
106 170 0.200000
107 109 -0.200000
107 110 0.333333
107 111 -0.866667
107 112 -0.866667
107 171 1.000000
108 109 0.200000
108 110 -0.866667
108 111 -0.733333
108 112 -0.333333
108 172 -0.066667
109 117 0.466667
110 118 -0.333333
111 119 -0.600000
112 120 0.866667
113 117 0.600000
113 118 -0.066667
113 119 0.466667
113 120 -0.466667
113 177 0.733333
114 117 1.000000
114 118 0.733333
114 119 -0.733333
114 120 -0.466667
114 178 0.200000
115 117 0.600000
115 118 -0.466667
115 119 0.200000
115 120 0.333333
115 179 -0.466667
116 117 -0.866667
116 118 -0.466667
116 119 -1.000000
116 120 0.466667
116 180 0.333333
117 125 0.466667
118 126 0.866667
119 127 0.733333
120 128 0.733333
121 125 3.666667
121 126 -0.066667
121 127 0.333333
121 128 -0.733333
121 185 -0.200000
122 125 -0.066667
122 126 0.066667
122 127 0.733333
122 128 -0.866667
122 186 0.733333
123 125 1.000000
123 126 0.200000
123 127 -0.466667
123 128 -0.333333
123 187 -0.333333
124 125 0.200000
124 126 -0.200000
124 127 -0.066667
124 128 -0.866667
124 188 -0.066667
129 133 -1.000000
129 134 0.066667
129 135 0.866667
129 136 -0.866667
129 193 -0.066667
130 133 -0.733333
130 134 1.000000
130 135 1.666667
130 136 -0.600000
130 194 -1.000000
131 133 0.866667
131 134 -0.066667
131 135 -0.200000
131 136 0.200000
131 195 -0.333333
132 133 0.333333
132 134 -0.066667
132 135 -0.466667
132 136 -0.066667
132 196 0.066667
133 141 -0.466667
134 142 -0.733333
135 143 0.733333
136 144 -0.333333
137 141 -0.466667
137 142 -0.333333
137 143 0.333333
137 144 -0.466667
137 201 0.200000
138 141 3.000000
138 142 -1.000000
138 143 0.333333
138 144 -0.866667
138 202 0.200000
139 141 0.733333
139 142 0.466667
139 143 0.333333
139 144 -0.733333
139 203 0.333333
140 141 -2.333333
140 142 0.333333
140 143 -0.200000
140 144 0.333333
140 204 1.000000
141 149 0.466667
142 150 -0.333333
143 151 -1.000000
144 152 0.466667
145 149 0.600000
145 150 0.466667
145 151 5.000000
145 152 -0.066667
145 209 0.866667
146 149 -2.333333
146 150 -0.066667
146 151 5.000000
146 152 -0.600000
146 210 -0.466667
147 149 -4.333333
147 150 -0.066667
147 151 0.333333
147 152 -0.333333
147 211 1.666667
148 149 -1.000000
148 150 -0.066667
148 151 0.200000
148 152 0.333333
148 212 0.866667
149 157 -2.333333
150 158 -1.000000
151 159 -1.666667
152 160 -0.733333
153 157 0.600000
153 158 0.066667
153 159 4.333333
153 160 -0.866667
153 217 1.666667
154 157 -0.066667
154 158 -0.866667
154 159 -0.733333
154 160 -1.000000
154 218 -0.333333
155 157 0.600000
155 158 -3.000000
155 159 0.733333
155 160 1.000000
155 219 1.000000
156 157 3.666667
156 158 -0.733333
156 159 -0.866667
156 160 0.333333
156 220 -0.733333
157 165 1.000000
158 166 0.466667
159 167 3.666667
160 168 0.200000
161 165 5.000000
161 166 -0.733333
161 167 0.333333
161 168 -0.333333
161 225 1.000000
162 165 -0.200000
162 166 -4.333333
162 167 0.600000
162 168 2.333333
162 226 0.066667
163 165 0.333333
163 166 1.000000
163 167 0.066667
163 168 -0.333333
163 227 0.733333
164 165 0.600000
164 166 -0.733333
164 167 -0.466667
164 168 -1.000000
164 228 0.600000
165 173 -0.866667
166 174 1.666667
167 175 0.333333
168 176 -0.600000
169 173 -0.600000
169 174 -0.333333
169 175 -0.733333
169 176 0.066667
169 233 1.000000
170 173 -0.466667
170 174 -0.333333
170 175 0.333333
170 176 0.866667
170 234 0.466667
171 173 0.066667
171 174 -2.333333
171 175 -0.333333
171 176 0.600000
171 235 -0.200000
172 173 0.466667
172 174 0.466667
172 175 0.600000
172 176 -0.466667
172 236 0.066667
173 181 -0.733333
174 182 0.200000
175 183 1.000000
176 184 0.600000
177 181 0.866667
177 182 -0.066667
177 183 -0.466667
177 184 -0.200000
177 241 -0.466667
178 181 -0.200000
178 182 0.333333
178 183 0.866667
178 184 1.000000
178 242 1.000000
179 181 0.866667
179 182 5.000000
179 183 -0.600000
179 184 -4.333333
179 243 -1.000000
180 181 0.466667
180 182 -0.466667
180 183 -0.333333
180 184 -0.333333
180 244 0.200000
181 189 0.733333
182 190 -0.733333
183 191 -0.200000
184 192 -0.200000
185 189 1.000000
185 190 -0.733333
185 191 1.000000
185 192 -1.000000
185 249 0.866667
186 189 -1.000000
186 190 0.066667
186 191 0.333333
186 192 0.466667
186 250 0.733333
187 189 -1.000000
187 190 0.866667
187 191 -0.600000
187 192 0.733333
187 251 -0.733333
188 189 -0.066667
188 190 -0.866667
188 191 -1.000000
188 192 0.066667
188 252 0.066667
193 197 0.466667
193 198 -0.200000
193 199 -0.466667
193 200 0.733333
193 257 -0.200000
194 197 -0.200000
194 198 -0.333333
194 199 0.866667
194 200 0.200000
194 258 1.000000
195 197 0.066667
195 198 0.600000
195 199 0.066667
195 200 -3.666667
195 259 0.733333
196 197 0.866667
196 198 0.600000
196 199 0.866667
196 200 0.466667
196 260 -0.333333
197 205 0.733333
198 206 -0.733333
199 207 0.733333
200 208 -0.333333
201 205 0.333333
201 206 0.200000
201 207 4.333333
201 208 0.066667
201 265 -3.666667
202 205 0.200000
202 206 -0.066667
202 207 1.000000
202 208 -0.600000
202 266 -0.066667
203 205 -0.866667
203 206 0.066667
203 207 -0.600000
203 208 0.600000
203 267 0.600000
204 205 -0.066667
204 206 -0.866667
204 207 -0.333333
204 208 0.600000
204 268 0.200000
205 213 -0.733333
206 214 -0.066667
207 215 -5.000000
208 216 -0.866667
209 213 -0.066667
209 214 -0.733333
209 215 -0.600000
209 216 -1.000000
209 273 0.066667
210 213 0.200000
210 214 -0.066667
210 215 0.066667
210 216 0.333333
210 274 -0.066667
211 213 0.066667
211 214 -0.866667
211 215 0.600000
211 216 0.333333
211 275 -0.066667
212 213 -0.066667
212 214 1.666667
212 215 0.733333
212 216 -0.066667
212 276 -3.666667
213 221 -0.466667
214 222 0.866667
215 223 0.200000
216 224 -0.866667
217 221 0.866667
217 222 4.333333
217 223 -0.600000
217 224 -0.333333
217 281 0.466667
218 221 -0.600000
218 222 -5.000000
218 223 -0.600000
218 224 -3.666667
218 282 -0.866667
219 221 0.466667
219 222 0.866667
219 223 0.733333
219 224 -0.733333
219 283 0.866667
220 221 -0.200000
220 222 0.866667
220 223 0.466667
220 224 0.066667
220 284 0.066667
221 229 -0.466667
222 230 0.066667
223 231 -0.333333
224 232 0.066667
225 229 1.666667
225 230 -0.333333
225 231 -0.466667
225 232 0.200000
225 289 1.000000
226 229 0.200000
226 230 -0.333333
226 231 0.466667
226 232 -0.333333
226 290 0.333333
227 229 -0.466667
227 230 0.200000
227 231 -0.866667
227 232 -0.466667
227 291 -0.866667
228 229 -0.866667
228 230 0.733333
228 231 0.200000
228 232 -0.733333
228 292 0.333333
229 237 2.333333
230 238 0.200000
231 239 0.200000
232 240 0.333333
233 237 -0.066667
233 238 -0.733333
233 239 -1.000000
233 240 -0.733333
233 297 1.666667
234 237 3.666667
234 238 0.600000
234 239 -0.466667
234 240 0.466667
234 298 0.333333
235 237 0.600000
235 238 0.466667
235 239 -0.066667
235 240 -0.066667
235 299 -0.466667
236 237 -0.066667
236 238 1.000000
236 239 -0.866667
236 240 4.333333
236 300 0.066667
237 245 0.466667
238 246 0.333333
239 247 3.000000
240 248 0.333333
241 245 -0.466667
241 246 -0.866667
241 247 -0.600000
241 248 -0.200000
241 305 -0.200000
242 245 -0.600000
242 246 -0.866667
242 247 0.466667
242 248 -0.466667
242 306 -0.066667
243 245 -0.466667
243 246 -0.466667
243 247 0.866667
243 248 0.333333
243 307 -0.333333
244 245 -0.200000
244 246 -0.466667
244 247 -0.066667
244 248 0.200000
244 308 0.200000
245 253 0.866667
246 254 0.600000
247 255 0.600000
248 256 -0.466667
249 253 1.000000
249 254 0.066667
249 255 -0.200000
249 256 -0.333333
249 313 -0.200000
250 253 -0.333333
250 254 -0.066667
250 255 -0.733333
250 256 1.000000
250 314 -0.066667
251 253 0.066667
251 254 -0.466667
251 255 -1.000000
251 256 -0.600000
251 315 -0.733333
252 253 0.733333
252 254 -0.600000
252 255 0.600000
252 256 0.333333
252 316 -0.333333
257 261 0.866667
257 262 -0.066667
257 263 -0.466667
257 264 0.200000
257 321 -0.066667
258 261 -0.333333
258 262 0.333333
258 263 -0.733333
258 264 -0.066667
258 322 -0.866667
259 261 0.600000
259 262 1.000000
259 263 -0.066667
259 264 -1.000000
259 323 -0.066667
260 261 0.600000
260 262 -0.466667
260 263 1.000000
260 264 -0.733333
260 324 -0.466667
261 269 0.066667
262 270 0.733333
263 271 -0.066667
264 272 -1.000000
265 269 0.600000
265 270 0.466667
265 271 -1.666667
265 272 0.866667
265 329 0.333333
266 269 -0.333333
266 270 0.333333
266 271 0.600000
266 272 -0.733333
266 330 -0.333333
267 269 -0.466667
267 270 -0.733333
267 271 -0.066667
267 272 -0.733333
267 331 0.466667
268 269 -0.466667
268 270 1.000000
268 271 -0.733333
268 272 -0.066667
268 332 0.733333
269 277 -0.733333
270 278 -0.200000
271 279 -0.200000
272 280 0.866667
273 277 0.733333
273 278 0.066667
273 279 0.200000
273 280 0.333333
273 337 -1.000000
274 277 4.333333
274 278 0.866667
274 279 -0.866667
274 280 -0.200000
274 338 -0.733333
275 277 -0.866667
275 278 -0.333333
275 279 0.733333
275 280 0.200000
275 339 0.466667
276 277 0.466667
276 278 1.000000
276 279 -0.466667
276 280 -0.333333
276 340 -0.333333
277 285 0.066667
278 286 -1.000000
279 287 1.000000
280 288 -0.066667
281 285 -0.066667
281 286 0.333333
281 287 0.600000
281 288 1.000000
281 345 0.200000
282 285 0.066667
282 286 -0.866667
282 287 0.866667
282 288 -0.866667
282 346 0.066667
283 285 0.600000
283 286 0.733333
283 287 -0.200000
283 288 0.600000
283 347 0.866667
284 285 0.600000
284 286 0.200000
284 287 -0.200000
284 288 1.000000
284 348 -0.600000
285 293 0.333333
286 294 3.666667
287 295 1.000000
288 296 -0.866667
289 293 -0.866667
289 294 -1.000000
289 295 -0.733333
289 296 0.600000
289 353 -0.600000
290 293 0.466667
290 294 1.000000
290 295 -5.000000
290 296 -0.466667
290 354 5.000000
291 293 -0.866667
291 294 -0.600000
291 295 -0.333333
291 296 0.866667
291 355 -0.333333
292 293 0.866667
292 294 -0.600000
292 295 0.466667
292 296 0.200000
292 356 0.466667
293 301 -0.600000
294 302 -0.866667
295 303 0.200000
296 304 0.600000
297 301 0.733333
297 302 0.600000
297 303 4.333333
297 304 0.200000
297 361 -0.200000
298 301 0.466667
298 302 -0.600000
298 303 0.466667
298 304 0.866667
298 362 0.333333
299 301 0.333333
299 302 -0.600000
299 303 1.000000
299 304 0.200000
299 363 -0.733333
300 301 -0.200000
300 302 -0.466667
300 303 0.333333
300 304 -0.466667
300 364 -0.066667
301 309 -1.000000
302 310 -0.333333
303 311 2.333333
304 312 -0.200000
305 309 -1.000000
305 310 0.600000
305 311 -0.600000
305 312 -0.466667
305 369 0.600000
306 309 -0.066667
306 310 -0.333333
306 311 -0.866667
306 312 -0.866667
306 370 -0.733333
307 309 -0.066667
307 310 -0.466667
307 311 1.000000
307 312 -0.466667
307 371 0.066667
308 309 0.466667
308 310 -0.866667
308 311 -0.200000
308 312 0.333333
308 372 0.333333
309 317 -0.466667
310 318 0.600000
311 319 0.866667
312 320 0.200000
313 317 0.600000
313 318 0.733333
313 319 0.733333
313 320 0.200000
313 377 0.733333
314 317 0.200000
314 318 0.866667
314 319 0.600000
314 320 -0.866667
314 378 0.733333
315 317 -0.733333
315 318 -0.466667
315 319 -0.866667
315 320 0.866667
315 379 0.333333
316 317 0.066667
316 318 -1.000000
316 319 0.333333
316 320 0.866667
316 380 -0.066667
321 325 0.333333
321 326 -0.866667
321 327 0.866667
321 328 -1.000000
321 385 -0.866667
322 325 1.666667
322 326 0.066667
322 327 -0.733333
322 328 -0.333333
322 386 -0.200000
323 325 -0.200000
323 326 0.066667
323 327 0.333333
323 328 1.000000
323 387 -0.333333
324 325 -0.333333
324 326 0.466667
324 327 0.066667
324 328 0.733333
324 388 -0.866667
325 333 0.333333
326 334 -0.333333
327 335 -0.333333
328 336 -0.333333
329 333 -0.200000
329 334 -0.733333
329 335 -0.066667
329 336 -0.466667
329 393 0.066667
330 333 -1.000000
330 334 -0.200000
330 335 -0.866667
330 336 0.066667
330 394 0.466667
331 333 0.866667
331 334 1.000000
331 335 -0.066667
331 336 0.333333
331 395 -0.200000
332 333 -0.466667
332 334 -0.066667
332 335 -1.000000
332 336 -0.200000
332 396 -1.000000
333 341 0.333333
334 342 -0.733333
335 343 0.733333
336 344 -1.000000
337 341 0.066667
337 342 -0.600000
337 343 -0.600000
337 344 0.333333
337 401 0.600000
338 341 -0.600000
338 342 -0.333333
338 343 -0.466667
338 344 -0.866667
338 402 0.866667
339 341 -0.333333
339 342 -0.333333
339 343 2.333333
339 344 -0.866667
339 403 -0.866667
340 341 1.000000
340 342 -0.066667
340 343 0.333333
340 344 0.733333
340 404 0.066667
341 349 -1.000000
342 350 -3.666667
343 351 -0.200000
344 352 0.733333
345 349 0.333333
345 350 0.466667
345 351 0.333333
345 352 1.000000
345 409 0.733333
346 349 -0.200000
346 350 0.200000
346 351 -2.333333
346 352 0.200000
346 410 0.200000
347 349 0.733333
347 350 -4.333333
347 351 -2.333333
347 352 0.066667
347 411 0.866667
348 349 0.200000
348 350 -1.000000
348 351 -0.466667
348 352 -0.066667
348 412 0.466667
349 357 -0.466667
350 358 0.066667
351 359 -0.866667
352 360 -0.200000
353 357 -0.466667
353 358 0.333333
353 359 -0.066667
353 360 -0.200000
353 417 -0.866667
354 357 0.066667
354 358 0.466667
354 359 0.200000
354 360 -0.333333
354 418 -0.600000
355 357 -0.333333
355 358 -0.866667
355 359 -0.866667
355 360 0.600000
355 419 0.866667
356 357 0.733333
356 358 -0.733333
356 359 -0.466667
356 360 0.200000
356 420 0.066667
357 365 -0.066667
358 366 0.200000
359 367 -0.200000
360 368 1.000000
361 365 -0.200000
361 366 -0.066667
361 367 -0.333333
361 368 0.600000
361 425 -0.733333
362 365 -0.200000
362 366 -3.000000
362 367 -0.466667
362 368 -0.600000
362 426 0.066667
363 365 -0.333333
363 366 0.733333
363 367 0.466667
363 368 -0.733333
363 427 0.866667
364 365 0.733333
364 366 0.333333
364 367 0.200000
364 368 0.466667
364 428 -0.333333
365 373 0.200000
366 374 1.000000
367 375 -0.200000
368 376 1.000000
369 373 0.466667
369 374 -0.200000
369 375 0.066667
369 376 -3.666667
369 433 0.600000
370 373 1.000000
370 374 0.066667
370 375 -0.733333
370 376 0.066667
370 434 -0.200000
371 373 -0.466667
371 374 1.000000
371 375 -0.066667
371 376 -0.866667
371 435 -0.333333
372 373 -0.200000
372 374 0.066667
372 375 -0.600000
372 376 0.600000
372 436 0.866667
373 381 -0.600000
374 382 -0.866667
375 383 0.466667
376 384 0.200000
377 381 -0.066667
377 382 0.466667
377 383 -0.600000
377 384 -0.733333
377 441 -0.333333
378 381 0.466667
378 382 1.000000
378 383 3.000000
378 384 -0.866667
378 442 -0.200000
379 381 -0.066667
379 382 -1.000000
379 383 0.600000
379 384 -0.066667
379 443 0.200000
380 381 0.200000
380 382 -0.866667
380 383 0.600000
380 384 -0.333333
380 444 0.866667
385 389 0.333333
385 390 -0.866667
385 391 -0.733333
385 392 0.066667
385 449 1.000000
386 389 0.600000
386 390 0.333333
386 391 -0.200000
386 392 -0.866667
386 450 0.333333
387 389 0.066667
387 390 0.733333
387 391 -5.000000
387 392 0.466667
387 451 0.866667
388 389 -0.466667
388 390 -0.200000
388 391 0.066667
388 392 0.600000
388 452 -1.000000
389 397 0.466667
390 398 1.000000
391 399 -0.466667
392 400 -4.333333
393 397 -0.466667
393 398 -1.000000
393 399 0.600000
393 400 1.666667
393 457 0.066667
394 397 0.200000
394 398 -0.733333
394 399 0.866667
394 400 0.866667
394 458 -0.333333
395 397 0.333333
395 398 0.466667
395 399 0.466667
395 400 0.733333
395 459 -0.200000
396 397 -0.333333
396 398 -0.733333
396 399 -1.000000
396 400 -1.000000
396 460 -0.466667
397 405 -0.600000
398 406 0.600000
399 407 0.333333
400 408 -0.466667
401 405 0.866667
401 406 -1.000000
401 407 0.066667
401 408 -0.466667
401 465 0.600000
402 405 -1.000000
402 406 0.200000
402 407 -0.600000
402 408 -0.733333
402 466 -0.600000
403 405 -0.866667
403 406 -1.000000
403 407 0.733333
403 408 0.866667
403 467 5.000000
404 405 -0.333333
404 406 0.066667
404 407 -0.733333
404 408 0.733333
404 468 -0.600000
405 413 1.000000
406 414 -0.066667
407 415 -0.333333
408 416 -0.733333
409 413 -0.333333
409 414 -0.066667
409 415 -0.466667
409 416 0.733333
409 473 -0.600000
410 413 -0.466667
410 414 0.333333
410 415 0.333333
410 416 -1.000000
410 474 0.600000
411 413 0.333333
411 414 -2.333333
411 415 3.666667
411 416 1.000000
411 475 -1.000000
412 413 -1.000000
412 414 1.000000
412 415 0.600000
412 416 -1.000000
412 476 -0.066667
413 421 0.733333
414 422 0.733333
415 423 -0.733333
416 424 1.000000
417 421 -0.466667
417 422 -4.333333
417 423 -0.200000
417 424 4.333333
417 481 1.000000
418 421 -0.866667
418 422 0.733333
418 423 -0.200000
418 424 -0.600000
418 482 1.000000
419 421 -0.066667
419 422 0.466667
419 423 -0.600000
419 424 0.200000
419 483 1.000000
420 421 -0.200000
420 422 0.066667
420 423 -0.200000
420 424 -0.066667
420 484 0.066667
421 429 1.000000
422 430 1.000000
423 431 -0.200000
424 432 0.600000
425 429 0.866667
425 430 0.733333
425 431 0.600000
425 432 -0.600000
425 489 -0.466667
426 429 -1.000000
426 430 1.000000
426 431 0.733333
426 432 -0.466667
426 490 -0.733333
427 429 0.066667
427 430 0.333333
427 431 -0.066667
427 432 0.333333
427 491 0.466667
428 429 -0.466667
428 430 -0.333333
428 431 0.600000
428 432 -0.466667
428 492 -0.733333
429 437 0.466667
430 438 -0.066667
431 439 -0.466667
432 440 -0.733333
433 437 -1.000000
433 438 0.333333
433 439 0.600000
433 440 0.466667
433 497 -0.200000
434 437 0.200000
434 438 -0.333333
434 439 0.866667
434 440 0.200000
434 498 0.466667
435 437 -0.866667
435 438 0.733333
435 439 0.200000
435 440 0.733333
435 499 -0.333333
436 437 -0.466667
436 438 0.733333
436 439 0.866667
436 440 0.333333
436 500 -1.000000
437 445 0.733333
438 446 -0.066667
439 447 -0.466667
440 448 0.600000
441 445 0.866667
441 446 0.866667
441 447 -0.333333
441 448 -2.333333
441 505 3.666667
442 445 -0.733333
442 446 -0.866667
442 447 -1.000000
442 448 0.733333
442 506 0.466667
443 445 -0.466667
443 446 -0.466667
443 447 -0.200000
443 448 -0.733333
443 507 -0.200000
444 445 -1.000000
444 446 -0.866667
444 447 -0.200000
444 448 0.866667
444 508 -0.733333
449 453 2.333333
449 454 0.866667
449 455 -0.066667
449 456 0.333333
450 453 2.333333
450 454 -0.600000
450 455 -5.000000
450 456 0.600000
451 453 -0.333333
451 454 -1.000000
451 455 1.666667
451 456 0.200000
452 453 0.600000
452 454 -0.200000
452 455 0.866667
452 456 0.866667
453 461 -0.866667
454 462 -0.600000
455 463 2.333333
456 464 -0.466667
457 461 -0.066667
457 462 0.866667
457 463 -0.466667
457 464 -0.066667
458 461 0.600000
458 462 -0.066667
458 463 -0.066667
458 464 -1.000000
459 461 0.600000
459 462 0.600000
459 463 -3.000000
459 464 -0.733333
460 461 -0.466667
460 462 0.200000
460 463 0.066667
460 464 0.200000
461 469 0.466667
462 470 0.733333
463 471 -0.333333
464 472 0.066667
465 469 -0.200000
465 470 -0.200000
465 471 0.600000
465 472 -0.600000
466 469 -0.333333
466 470 1.000000
466 471 0.333333
466 472 -0.466667
467 469 -0.866667
467 470 0.733333
467 471 -1.000000
467 472 0.466667
468 469 -0.466667
468 470 -0.066667
468 471 -0.600000
468 472 0.333333
469 477 0.066667
470 478 -0.466667
471 479 0.866667
472 480 -0.466667
473 477 0.200000
473 478 -1.000000
473 479 0.733333
473 480 0.200000
474 477 -0.466667
474 478 -1.000000
474 479 -0.066667
474 480 0.866667
475 477 -0.866667
475 478 1.000000
475 479 -0.600000
475 480 0.066667
476 477 -0.866667
476 478 0.866667
476 479 -0.600000
476 480 -0.733333
477 485 0.066667
478 486 0.200000
479 487 0.600000
480 488 -0.200000
481 485 0.733333
481 486 -0.200000
481 487 0.200000
481 488 0.200000
482 485 -0.466667
482 486 -0.466667
482 487 -0.733333
482 488 -0.733333
483 485 1.000000
483 486 -0.733333
483 487 -0.200000
483 488 -0.866667
484 485 0.466667
484 486 -0.200000
484 487 -0.466667
484 488 0.466667
485 493 0.466667
486 494 -0.733333
487 495 -0.466667
488 496 -0.866667
489 493 0.600000
489 494 0.333333
489 495 -1.000000
489 496 0.333333
490 493 -0.466667
490 494 -1.000000
490 495 -0.466667
490 496 0.600000
491 493 0.866667
491 494 0.866667
491 495 0.200000
491 496 0.866667
492 493 -0.600000
492 494 -0.200000
492 495 0.733333
492 496 -0.866667
493 501 0.466667
494 502 -0.066667
495 503 1.000000
496 504 -1.000000
497 501 0.466667
497 502 0.600000
497 503 -1.000000
497 504 -3.666667
498 501 0.466667
498 502 0.333333
498 503 0.466667
498 504 1.000000
499 501 0.466667
499 502 0.200000
499 503 0.600000
499 504 0.466667
500 501 -0.733333
500 502 1.000000
500 503 0.200000
500 504 0.200000
501 509 0.866667
502 510 0.466667
503 511 0.466667
504 512 -0.866667
505 509 -0.200000
505 510 0.066667
505 511 -0.466667
505 512 -0.066667
506 509 0.333333
506 510 -0.600000
506 511 -0.866667
506 512 -0.600000
507 509 0.866667
507 510 -0.733333
507 511 -0.733333
507 512 2.333333
508 509 0.600000
508 510 -0.600000
508 511 -0.866667
508 512 -0.600000