#
1 1 0.120000
2 2 -0.093333
3 3 0.013333
4 4 0.146667
5 5 0.093333
6 6 0.013333
7 7 -0.173333
8 8 0.200000
9 9 0.013333
10 10 0.200000
11 11 0.120000
12 12 0.173333
13 13 -0.146667
14 14 0.013333
15 15 0.173333
16 16 0.093333
17 17 -0.146667
18 18 -0.093333
19 19 -0.040000
20 20 -0.093333
21 21 0.146667
22 22 0.093333
23 23 -0.040000
24 24 0.173333
25 25 0.066667
26 26 -0.200000
27 27 0.040000
28 28 -0.120000
29 29 -0.200000
30 30 -0.040000
31 31 0.173333
32 32 -0.013333
33 33 -0.040000
34 34 -0.200000
35 35 -0.093333
36 36 -0.093333
37 37 -0.093333
38 38 -0.040000
39 39 0.093333
40 40 -0.200000
41 41 -0.013333
42 42 -0.146667
43 43 0.146667
44 44 0.173333
45 45 -0.146667
46 46 0.120000
47 47 -0.013333
48 48 -0.120000
49 49 0.040000
50 50 0.066667
51 51 0.040000
52 52 -0.013333
53 53 -0.040000
54 54 0.013333
55 55 0.093333
56 56 0.200000
57 57 0.146667
58 58 0.146667
59 59 -0.093333
60 60 0.013333
61 61 0.200000
62 62 0.146667
63 63 0.120000
64 64 0.013333
65 65 0.146667
66 66 0.093333
67 67 0.066667
68 68 -0.120000
69 69 0.013333
70 70 0.066667
71 71 0.040000
72 72 -0.093333
73 73 0.066667
74 74 0.120000
75 75 -0.173333
76 76 0.040000
77 77 -0.040000
78 78 0.146667
79 79 0.200000
80 80 0.173333
81 81 -0.120000
82 82 -0.120000
83 83 0.120000
84 84 -0.040000
85 85 -0.200000
86 86 -0.173333
87 87 0.093333
88 88 0.013333
89 89 0.173333
90 90 0.066667
91 91 0.093333
92 92 -0.173333
93 93 0.146667
94 94 0.066667
95 95 0.040000
96 96 0.173333
97 97 0.120000
98 98 -0.120000
99 99 0.040000
100 100 0.093333
101 101 0.093333
102 102 0.013333
103 103 -0.200000
104 104 -0.066667
105 105 0.120000
106 106 0.120000
107 107 -0.146667
108 108 0.040000
109 109 0.040000
110 110 0.066667
111 111 0.200000
112 112 0.013333
113 113 -0.093333
114 114 0.066667
115 115 -0.040000
116 116 0.120000
117 117 -0.120000
118 118 0.066667
119 119 -0.200000
120 120 -0.066667
121 121 -0.146667
122 122 0.013333
123 123 -0.120000
124 124 0.146667
125 125 0.120000
126 126 0.146667
127 127 -0.040000
128 128 -0.013333
129 129 -0.200000
130 130 0.093333
131 131 -0.013333
132 132 -0.146667
133 133 -0.013333
134 134 -0.013333
135 135 0.013333
136 136 0.013333
137 137 -0.093333
138 138 -0.040000
139 139 0.173333
140 140 -0.200000
141 141 -0.066667
142 142 -0.013333
143 143 -0.173333
144 144 -0.173333
145 145 -0.066667
146 146 0.066667
147 147 -0.040000
148 148 -0.120000
149 149 0.066667
150 150 0.173333
151 151 -0.013333
152 152 0.040000
153 153 0.120000
154 154 -0.013333
155 155 0.040000
156 156 0.120000
157 157 -0.066667
158 158 -0.200000
159 159 0.066667
160 160 -0.146667
161 161 0.066667
162 162 0.013333
163 163 0.066667
164 164 -0.066667
165 165 -0.093333
166 166 -0.066667
167 167 0.040000
168 168 -0.066667
169 169 0.173333
170 170 -0.200000
171 171 -0.120000
172 172 -0.146667
173 173 -0.066667
174 174 -0.120000
175 175 -0.173333
176 176 -0.200000
177 177 -0.120000
178 178 0.173333
179 179 -0.146667
180 180 -0.066667
181 181 0.013333
182 182 0.040000
183 183 0.013333
184 184 0.093333
185 185 0.040000
186 186 -0.120000
187 187 -0.040000
188 188 0.173333
189 189 0.200000
190 190 0.093333
191 191 0.120000
192 192 -0.200000
193 193 0.120000
194 194 -0.093333
195 195 0.120000
196 196 -0.146667
197 197 0.093333
198 198 -0.120000
199 199 -0.093333
200 200 -0.173333
201 201 -0.066667
202 202 -0.200000
203 203 0.120000
204 204 0.146667
205 205 -0.013333
206 206 0.146667
207 207 -0.093333
208 208 -0.013333
209 209 -0.040000
210 210 -0.040000
211 211 0.013333
212 212 0.200000
213 213 0.066667
214 214 -0.040000
215 215 0.200000
216 216 0.146667
217 217 0.173333
218 218 0.040000
219 219 0.146667
220 220 -0.146667
221 221 0.173333
222 222 -0.093333
223 223 -0.093333
224 224 0.120000
225 225 -0.013333
226 226 -0.120000
227 227 0.146667
228 228 0.173333
229 229 -0.013333
230 230 -0.093333
231 231 -0.146667
232 232 0.066667
233 233 0.093333
234 234 -0.146667
235 235 0.066667
236 236 0.173333
237 237 0.066667
238 238 0.120000
239 239 0.120000
240 240 -0.146667
241 241 0.173333
242 242 0.066667
243 243 -0.093333
244 244 0.093333
245 245 -0.093333
246 246 -0.173333
247 247 -0.200000
248 248 -0.200000
249 249 0.013333
250 250 0.200000
251 251 0.040000
252 252 -0.146667
253 253 -0.066667
254 254 0.013333
255 255 -0.146667
256 256 0.120000
257 257 -0.120000
258 258 -0.040000
259 259 0.013333
260 260 0.013333
261 261 -0.200000
262 262 -0.040000
263 263 0.093333
264 264 0.120000
265 265 0.173333
266 266 -0.013333
267 267 0.120000
268 268 -0.040000
269 269 -0.120000
270 270 0.013333
271 271 0.013333
272 272 -0.200000
273 273 -0.040000
274 274 -0.013333
275 275 0.013333
276 276 -0.066667
277 277 -0.120000
278 278 -0.200000
279 279 -0.013333
280 280 0.093333
281 281 0.146667
282 282 0.040000
283 283 0.093333
284 284 -0.013333
285 285 0.120000
286 286 -0.200000
287 287 -0.120000
288 288 0.013333
289 289 0.040000
290 290 0.120000
291 291 0.013333
292 292 0.173333
293 293 -0.200000
294 294 0.013333
295 295 0.173333
296 296 -0.013333
297 297 0.013333
298 298 -0.173333
299 299 0.066667
300 300 0.040000
301 301 0.173333
302 302 0.013333
303 303 0.093333
304 304 -0.146667
305 305 -0.040000
306 306 -0.013333
307 307 0.013333
308 308 -0.146667
309 309 -0.040000
310 310 0.146667
311 311 -0.173333
312 312 -0.200000
313 313 -0.040000
314 314 -0.040000
315 315 -0.066667
316 316 0.013333
317 317 -0.146667
318 318 -0.120000
319 319 0.013333
320 320 -0.173333
321 321 0.173333
322 322 0.173333
323 323 0.066667
324 324 0.200000
325 325 -0.200000
326 326 0.173333
327 327 0.173333
328 328 0.066667
329 329 -0.120000
330 330 -0.040000
331 331 -0.173333
332 332 0.040000
333 333 0.120000
334 334 0.066667
335 335 0.013333
336 336 -0.120000
337 337 -0.200000
338 338 -0.040000
339 339 0.040000
340 340 -0.013333
341 341 0.146667
342 342 0.013333
343 343 -0.173333
344 344 -0.066667
345 345 -0.040000
346 346 -0.120000
347 347 -0.146667
348 348 -0.120000
349 349 -0.146667
350 350 -0.040000
351 351 0.120000
352 352 -0.040000
353 353 -0.173333
354 354 -0.093333
355 355 0.200000
356 356 0.120000
357 357 0.066667
358 358 -0.040000
359 359 0.200000
360 360 -0.093333
361 361 -0.173333
362 362 0.093333
363 363 -0.093333
364 364 0.066667
365 365 0.040000
366 366 0.173333
367 367 -0.013333
368 368 -0.040000
369 369 -0.093333
370 370 0.120000
371 371 0.040000
372 372 0.173333
373 373 0.120000
374 374 0.173333
375 375 0.200000
376 376 -0.146667
377 377 -0.040000
378 378 0.066667
379 379 -0.200000
380 380 -0.173333
381 381 0.173333
382 382 0.040000
383 383 -0.066667
384 384 -0.120000
385 385 0.173333
386 386 0.173333
387 387 -0.040000
388 388 0.013333
389 389 -0.093333
390 390 0.200000
391 391 -0.013333
392 392 -0.120000
393 393 0.066667
394 394 -0.093333
395 395 -0.093333
396 396 -0.093333
397 397 -0.173333
398 398 0.146667
399 399 0.093333
400 400 0.173333
401 401 -0.040000
402 402 -0.200000
403 403 0.200000
404 404 -0.040000
405 405 -0.040000
406 406 -0.120000
407 407 0.066667
408 408 0.200000
409 409 -0.173333
410 410 0.093333
411 411 0.013333
412 412 -0.120000
413 413 -0.066667
414 414 0.120000
415 415 -0.200000
416 416 0.173333
417 417 0.120000
418 418 0.173333
419 419 -0.146667
420 420 -0.093333
421 421 0.093333
422 422 0.200000
423 423 -0.200000
424 424 -0.066667
425 425 0.200000
426 426 -0.146667
427 427 -0.040000
428 428 0.146667
429 429 -0.093333
430 430 -0.120000
431 431 0.173333
432 432 0.066667
433 433 -0.146667
434 434 -0.146667
435 435 -0.173333
436 436 -0.120000
437 437 0.066667
438 438 -0.120000
439 439 -0.040000
440 440 -0.200000
441 441 0.040000
442 442 -0.013333
443 443 -0.120000
444 444 0.173333
445 445 -0.040000
446 446 -0.066667
447 447 0.013333
448 448 -0.093333
449 449 0.146667
450 450 0.013333
451 451 -0.200000
452 452 0.173333
453 453 0.093333
454 454 -0.040000
455 455 0.173333
456 456 -0.093333
457 457 -0.120000
458 458 0.066667
459 459 -0.093333
460 460 -0.013333
461 461 -0.040000
462 462 0.120000
463 463 -0.173333
464 464 0.120000
465 465 -0.120000
466 466 0.040000
467 467 -0.013333
468 468 -0.093333
469 469 -0.040000
470 470 -0.120000
471 471 -0.173333
472 472 -0.066667
473 473 0.120000
474 474 0.066667
475 475 0.013333
476 476 -0.120000
477 477 -0.013333
478 478 -0.013333
479 479 -0.173333
480 480 -0.120000
481 481 0.066667
482 482 -0.173333
483 483 0.200000
484 484 0.120000
485 485 -0.173333
486 486 0.173333
487 487 -0.200000
488 488 -0.173333
489 489 0.013333
490 490 -0.200000
491 491 -0.013333
492 492 0.066667
493 493 0.040000
494 494 -0.146667
495 495 -0.146667
496 496 0.013333
497 497 -0.173333
498 498 -0.066667
499 499 -0.120000
500 500 0.120000
501 501 -0.013333
502 502 -0.200000
503 503 -0.093333
504 504 -0.200000
505 505 0.120000
506 506 -0.146667
507 507 -0.120000
508 508 -0.146667
509 509 -0.066667
510 510 -0.120000
511 511 -0.120000
512 512 -0.040000
1 5 -0.066667
1 6 1.000000
1 7 -0.466667
1 8 -0.866667
1 65 -0.333333
2 5 0.733333
2 6 0.733333
2 7 1.000000
2 8 -0.333333
2 66 0.600000
3 5 -0.733333
3 6 -0.066667
3 7 0.333333
3 8 -0.733333
3 67 0.600000
4 5 0.733333
4 6 -0.333333
4 7 0.333333
4 8 -0.066667
4 68 0.866667
5 13 -0.200000
6 14 1.000000
7 15 -0.600000
8 16 0.866667
9 13 -0.466667
9 14 1.000000
9 15 0.066667
9 16 -0.600000
9 73 0.066667
10 13 -0.066667
10 14 -0.866667
10 15 -0.466667
10 16 -0.066667
10 74 -0.333333
11 13 0.333333
11 14 -0.333333
11 15 0.066667
11 16 -1.000000
11 75 -1.000000
12 13 -0.600000
12 14 1.000000
12 15 -0.200000
12 16 0.333333
12 76 1.000000
13 21 -0.733333
14 22 0.600000
15 23 -1.000000
16 24 -0.333333
17 21 -0.200000
17 22 -0.600000
17 23 0.466667
17 24 -0.200000
17 81 0.600000
18 21 0.066667
18 22 -0.600000
18 23 -0.200000
18 24 0.600000
18 82 0.333333
19 21 1.000000
19 22 0.200000
19 23 1.000000
19 24 -0.066667
19 83 -0.333333
20 21 0.600000
20 22 -0.733333
20 23 -0.333333
20 24 0.200000
20 84 1.000000
21 29 1.000000
22 30 -0.200000
23 31 1.666667
24 32 -0.333333
25 29 0.066667
25 30 -0.866667
25 31 0.333333
25 32 -0.466667
25 89 0.466667
26 29 0.466667
26 30 -3.666667
26 31 0.333333
26 32 0.466667
26 90 -1.000000
27 29 -1.000000
27 30 0.066667
27 31 -0.200000
27 32 -0.466667
27 91 1.000000
28 29 -0.866667
28 30 -0.333333
28 31 1.666667
28 32 -0.333333
28 92 1.000000
29 37 -0.333333
30 38 0.333333
31 39 0.066667
32 40 -1.000000
33 37 -0.066667
33 38 -0.866667
33 39 0.066667
33 40 -0.066667
33 97 0.600000
34 37 1.000000
34 38 0.600000
34 39 0.733333
34 40 0.200000
34 98 1.000000
35 37 -1.000000
35 38 -0.466667
35 39 -0.733333
35 40 -1.000000
35 99 0.066667
36 37 -0.733333
36 38 0.866667
36 39 -0.333333
36 40 0.866667
36 100 0.200000
37 45 -0.200000
38 46 0.200000
39 47 0.466667
40 48 0.066667
41 45 0.200000
41 46 -0.333333
41 47 0.733333
41 48 1.000000
41 105 0.066667
42 45 -0.200000
42 46 0.200000
42 47 1.000000
42 48 1.000000
42 106 -0.066667
43 45 -0.200000
43 46 0.333333
43 47 1.000000
43 48 -0.466667
43 107 -0.333333
44 45 -0.600000
44 46 0.200000
44 47 0.733333
44 48 -0.333333
44 108 0.466667
45 53 -2.333333
46 54 0.066667
47 55 -0.066667
48 56 -0.200000
49 53 5.000000
49 54 1.000000
49 55 0.066667
49 56 0.200000
49 113 -0.466667
50 53 -0.600000
50 54 1.000000
50 55 -0.466667
50 56 -0.866667
50 114 0.466667
51 53 -1.666667
51 54 0.733333
51 55 0.866667
51 56 0.333333
51 115 5.000000
52 53 -0.066667
52 54 -0.466667
52 55 0.200000
52 56 -0.333333
52 116 1.000000
53 61 3.666667
54 62 0.333333
55 63 -0.733333
56 64 -0.200000
57 61 0.333333
57 62 0.200000
57 63 5.000000
57 64 -0.200000
57 121 -0.333333
58 61 -0.333333
58 62 0.866667
58 63 -0.866667
58 64 0.200000
58 122 -1.000000
59 61 -0.200000
59 62 -5.000000
59 63 2.333333
59 64 -1.666667
59 123 -1.000000
60 61 0.066667
60 62 -1.000000
60 63 0.733333
60 64 0.200000
60 124 -0.200000
65 69 -0.333333
65 70 -0.600000
65 71 0.733333
65 72 -1.000000
65 129 0.866667
66 69 0.866667
66 70 1.000000
66 71 -1.000000
66 72 0.866667
66 130 -0.733333
67 69 -0.466667
67 70 -1.000000
67 71 0.733333
67 72 -0.066667
67 131 0.200000
68 69 -0.866667
68 70 0.600000
68 71 0.200000
68 72 -0.600000
68 132 -0.466667
69 77 -0.866667
70 78 -0.333333
71 79 1.000000
72 80 -0.733333
73 77 -0.066667
73 78 -0.866667
73 79 0.866667
73 80 0.333333
73 137 -0.600000
74 77 -0.066667
74 78 -0.733333
74 79 -0.866667
74 80 0.733333
74 138 -0.733333
75 77 0.600000
75 78 1.000000
75 79 0.200000
75 80 -0.066667
75 139 -0.333333
76 77 0.200000
76 78 -0.733333
76 79 0.466667
76 80 -0.866667
76 140 -0.466667
77 85 -0.200000
78 86 0.600000
79 87 -0.600000
80 88 1.000000
81 85 0.733333
81 86 -1.666667
81 87 -1.000000
81 88 -1.666667
81 145 2.333333
82 85 0.866667
82 86 0.866667
82 87 -1.000000
82 88 0.066667
82 146 0.466667
83 85 0.866667
83 86 0.600000
83 87 0.733333
83 88 -0.600000
83 147 0.333333
84 85 0.333333
84 86 -0.733333
84 87 -0.066667
84 88 0.466667
84 148 -0.200000
85 93 0.866667
86 94 3.000000
87 95 -0.733333
88 96 -0.866667
89 93 -3.666667
89 94 0.733333
89 95 5.000000
89 96 -0.466667
89 153 0.866667
90 93 0.200000
90 94 -0.066667
90 95 -4.333333
90 96 -0.200000
90 154 -0.333333
91 93 -0.066667
91 94 4.333333
91 95 -0.600000
91 96 0.066667
91 155 -1.000000
92 93 -0.066667
92 94 0.733333
92 95 -0.600000
92 96 0.600000
92 156 -0.066667
93 101 0.866667
94 102 -0.466667
95 103 -2.333333
96 104 0.600000
97 101 -0.600000
97 102 1.000000
97 103 -0.066667
97 104 -0.600000
97 161 0.333333
98 101 -0.600000
98 102 -0.866667
98 103 0.466667
98 104 -0.866667
98 162 -0.866667
99 101 -0.333333
99 102 -0.866667
99 103 1.666667
99 104 0.600000
99 163 0.066667
100 101 0.866667
100 102 0.333333
100 103 0.733333
100 104 -0.600000
100 164 -0.466667
101 109 -0.200000
102 110 0.466667
103 111 -0.200000
104 112 0.066667
105 109 0.866667
105 110 0.066667
105 111 -0.733333
105 112 -1.000000
105 169 -0.333333
106 109 1.000000
106 110 0.866667
106 111 0.200000
106 112 -0.600000
106 170 -0.733333
107 109 -0.333333
107 110 0.066667
107 111 1.000000
107 112 0.466667
107 171 -0.066667
108 109 0.333333
108 110 0.200000
108 111 0.600000
108 112 0.866667
108 172 -1.000000
109 117 0.866667
110 118 -1.000000
111 119 -0.333333
112 120 -0.466667
113 117 -0.466667
113 118 0.600000
113 119 0.466667
113 120 0.066667
113 177 -0.333333
114 117 0.600000
114 118 -1.000000
114 119 0.066667
114 120 -0.200000
114 178 -1.000000
115 117 -0.733333
115 118 -0.333333
115 119 0.866667
115 120 -4.333333
115 179 4.333333
116 117 0.333333
116 118 0.733333
116 119 -1.000000
116 120 -0.200000
116 180 -1.000000
117 125 -0.333333
118 126 0.733333
119 127 -1.000000
120 128 -0.200000
121 125 -0.866667
121 126 0.066667
121 127 -0.200000
121 128 -0.066667
121 185 0.066667
122 125 0.733333
122 126 -0.733333
122 127 0.466667
122 128 1.000000
122 186 0.600000
123 125 -0.600000
123 126 0.200000
123 127 0.866667
123 128 0.600000
123 187 0.600000
124 125 -0.066667
124 126 0.466667
124 127 -0.066667
124 128 -0.333333
124 188 -0.733333
129 133 0.200000
129 134 -1.000000
129 135 -0.733333
129 136 -0.466667
129 193 3.666667
130 133 0.466667
130 134 1.000000
130 135 -0.200000
130 136 1.000000
130 194 0.733333
131 133 0.866667
131 134 -0.866667
131 135 -1.000000
131 136 -0.333333
131 195 0.866667
132 133 1.666667
132 134 -0.600000
132 135 -0.066667
132 136 -0.733333
132 196 -1.000000
133 141 -0.733333
134 142 -3.000000
135 143 0.733333
136 144 -0.066667
137 141 0.866667
137 142 0.466667
137 143 0.600000
137 144 -0.466667
137 201 0.333333
138 141 -0.600000
138 142 1.000000
138 143 0.600000
138 144 0.066667
138 202 -0.600000
139 141 -0.200000
139 142 -0.600000
139 143 0.866667
139 144 0.866667
139 203 0.866667
140 141 0.200000
140 142 -0.333333
140 143 -0.066667
140 144 -0.733333
140 204 0.333333
141 149 0.866667
142 150 0.066667
143 151 -0.066667
144 152 0.466667
145 149 0.866667
145 150 -0.200000
145 151 0.066667
145 152 -0.733333
145 209 -0.866667
146 149 -0.066667
146 150 -0.200000
146 151 -0.466667
146 152 1.000000
146 210 -0.200000
147 149 -0.333333
147 150 -0.200000
147 151 0.200000
147 152 -0.066667
147 211 -0.600000
148 149 0.466667
148 150 -0.066667
148 151 0.066667
148 152 0.333333
148 212 0.466667
149 157 -0.066667
150 158 -0.333333
151 159 -0.466667
152 160 -0.333333
153 157 1.000000
153 158 -0.200000
153 159 1.000000
153 160 -0.733333
153 217 -4.333333
154 157 1.000000
154 158 1.000000
154 159 1.000000
154 160 -0.866667
154 218 -0.066667
155 157 0.466667
155 158 0.866667
155 159 -0.600000
155 160 0.333333
155 219 0.200000
156 157 4.333333
156 158 1.000000
156 159 0.733333
156 160 0.600000
156 220 0.866667
157 165 0.733333
158 166 -0.733333
159 167 0.866667
160 168 1.000000
161 165 0.600000
161 166 -3.000000
161 167 -1.666667
161 168 -0.200000
161 225 0.600000
162 165 -0.466667
162 166 0.600000
162 167 -0.466667
162 168 0.733333
162 226 -1.000000
163 165 0.866667
163 166 -0.866667
163 167 0.066667
163 168 0.066667
163 227 -0.600000
164 165 1.000000
164 166 0.333333
164 167 -4.333333
164 168 0.866667
164 228 1.000000
165 173 0.733333
166 174 -1.000000
167 175 -2.333333
168 176 -0.733333
169 173 0.600000
169 174 -0.733333
169 175 0.200000
169 176 0.466667
169 233 -1.000000
170 173 -0.333333
170 174 -0.733333
170 175 0.866667
170 176 -0.200000
170 234 -0.333333
171 173 0.333333
171 174 0.600000
171 175 -3.000000
171 176 1.000000
171 235 -3.666667
172 173 -0.600000
172 174 -2.333333
172 175 -0.333333
172 176 3.666667
172 236 3.666667
173 181 -0.466667
174 182 1.000000
175 183 1.000000
176 184 0.733333
177 181 -3.000000
177 182 -0.333333
177 183 0.066667
177 184 -0.600000
177 241 0.866667
178 181 -0.600000
178 182 2.333333
178 183 -1.666667
178 184 1.000000
178 242 0.466667
179 181 -0.466667
179 182 2.333333
179 183 -0.066667
179 184 -0.333333
179 243 1.000000
180 181 1.000000
180 182 3.000000
180 183 0.600000
180 184 -3.666667
180 244 0.600000
181 189 -2.333333
182 190 5.000000
183 191 -0.866667
184 192 -1.000000
185 189 2.333333
185 190 1.000000
185 191 0.600000
185 192 1.000000
185 249 -0.066667
186 189 -0.600000
186 190 -0.333333
186 191 0.333333
186 192 -0.200000
186 250 5.000000
187 189 0.200000
187 190 0.866667
187 191 -0.066667
187 192 1.000000
187 251 -0.066667
188 189 3.666667
188 190 -0.066667
188 191 -0.733333
188 192 -0.333333
188 252 1.000000
193 197 0.333333
193 198 0.600000
193 199 -1.000000
193 200 0.066667
193 257 -2.333333
194 197 0.866667
194 198 0.866667
194 199 0.066667
194 200 0.733333
194 258 0.733333
195 197 -1.000000
195 198 0.866667
195 199 -0.066667
195 200 0.600000
195 259 0.466667
196 197 1.666667
196 198 0.866667
196 199 0.733333
196 200 -0.200000
196 260 -0.333333
197 205 0.600000
198 206 0.200000
199 207 0.066667
200 208 -1.000000
201 205 0.066667
201 206 0.066667
201 207 -0.466667
201 208 -0.200000
201 265 0.466667
202 205 -0.733333
202 206 0.200000
202 207 0.066667
202 208 0.333333
202 266 0.066667
203 205 0.333333
203 206 0.200000
203 207 -0.733333
203 208 0.066667
203 267 0.600000
204 205 -0.600000
204 206 -0.333333
204 207 -0.466667
204 208 0.866667
204 268 0.333333
205 213 0.200000
206 214 -0.600000
207 215 -0.466667
208 216 0.200000
209 213 -0.466667
209 214 0.600000
209 215 0.333333
209 216 -0.333333
209 273 0.466667
210 213 -0.600000
210 214 0.066667
210 215 -0.200000
210 216 -0.600000
210 274 0.466667
211 213 0.466667
211 214 0.333333
211 215 0.333333
211 216 0.466667
211 275 -0.333333
212 213 0.333333
212 214 0.733333
212 215 -0.866667
212 216 -0.600000
212 276 0.200000
213 221 -0.333333
214 222 1.000000
215 223 -1.000000
216 224 -0.333333
217 221 -0.333333
217 222 0.333333
217 223 -0.466667
217 224 -0.466667
217 281 -0.733333
218 221 4.333333
218 222 0.866667
218 223 0.466667
218 224 -1.000000
218 282 -0.333333
219 221 -0.333333
219 222 -0.733333
219 223 0.466667
219 224 0.200000
219 283 -0.200000
220 221 -0.733333
220 222 -0.333333
220 223 0.733333
220 224 -0.600000
220 284 -1.000000
221 229 -1.000000
222 230 -0.866667
223 231 -0.600000
224 232 -0.066667
225 229 0.466667
225 230 1.000000
225 231 -0.466667
225 232 0.066667
225 289 -0.066667
226 229 -0.466667
226 230 0.733333
226 231 0.466667
226 232 0.200000
226 290 -0.333333
227 229 1.000000
227 230 -0.600000
227 231 -0.866667
227 232 0.600000
227 291 0.333333
228 229 0.066667
228 230 -0.466667
228 231 -0.066667
228 232 0.333333
228 292 0.333333
229 237 0.733333
230 238 0.600000
231 239 -0.333333
232 240 -0.733333
233 237 0.466667
233 238 -1.000000
233 239 0.866667
233 240 0.600000
233 297 0.600000
234 237 -1.000000
234 238 0.066667
234 239 -0.333333
234 240 -0.600000
234 298 -0.600000
235 237 0.333333
235 238 0.866667
235 239 0.733333
235 240 0.066667
235 299 1.000000
236 237 1.666667
236 238 1.666667
236 239 0.200000
236 240 -0.466667
236 300 5.000000
237 245 1.666667
238 246 0.466667
239 247 0.333333
240 248 -0.066667
241 245 -0.600000
241 246 0.600000
241 247 0.333333
241 248 0.866667
241 305 0.200000
242 245 1.000000
242 246 -0.733333
242 247 -0.333333
242 248 -0.866667
242 306 0.066667
243 245 0.866667
243 246 -0.333333
243 247 -0.733333
243 248 1.000000
243 307 1.000000
244 245 -0.733333
244 246 0.866667
244 247 -0.733333
244 248 -0.066667
244 308 0.333333
245 253 0.333333
246 254 -0.733333
247 255 4.333333
248 256 -0.733333
249 253 -3.000000
249 254 0.733333
249 255 0.600000
249 256 1.666667
249 313 -0.866667
250 253 3.000000
250 254 -4.333333
250 255 1.000000
250 256 0.866667
250 314 -0.466667
251 253 -0.200000
251 254 0.333333
251 255 0.066667
251 256 0.200000
251 315 0.733333
252 253 -3.666667
252 254 -0.600000
252 255 0.066667
252 256 0.333333
252 316 0.733333
257 261 -0.333333
257 262 -2.333333
257 263 -2.333333
257 264 -0.733333
257 321 -0.066667
258 261 -0.466667
258 262 1.000000
258 263 1.666667
258 264 0.066667
258 322 -2.333333
259 261 0.066667
259 262 -1.000000
259 263 -0.333333
259 264 -0.466667
259 323 -0.733333
260 261 -0.866667
260 262 0.733333
260 263 1.000000
260 264 0.866667
260 324 -0.200000
261 269 0.866667
262 270 0.866667
263 271 -0.733333
264 272 0.733333
265 269 0.333333
265 270 0.466667
265 271 0.466667
265 272 -0.466667
265 329 -0.600000
266 269 -0.200000
266 270 -0.333333
266 271 -1.000000
266 272 0.600000
266 330 -0.733333
267 269 0.600000
267 270 0.200000
267 271 -1.666667
267 272 0.600000
267 331 -3.000000
268 269 -0.866667
268 270 0.200000
268 271 -1.000000
268 272 -0.333333
268 332 -0.466667
269 277 -0.733333
270 278 -1.000000
271 279 -0.866667
272 280 0.066667
273 277 -0.733333
273 278 -0.466667
273 279 -0.600000
273 280 -0.733333
273 337 0.066667
274 277 -0.200000
274 278 0.466667
274 279 1.000000
274 280 -0.600000
274 338 -0.200000
275 277 -1.000000
275 278 -0.466667
275 279 -0.066667
275 280 0.866667
275 339 -0.866667
276 277 -0.733333
276 278 -0.200000
276 279 -0.866667
276 280 -0.333333
276 340 -1.000000
277 285 -0.066667
278 286 -1.000000
279 287 -0.066667
280 288 0.866667
281 285 0.733333
281 286 0.333333
281 287 0.866667
281 288 -5.000000
281 345 0.333333
282 285 -0.466667
282 286 0.600000
282 287 -0.733333
282 288 0.600000
282 346 0.733333
283 285 0.866667
283 286 0.466667
283 287 -0.600000
283 288 1.000000
283 347 0.200000
284 285 0.466667
284 286 -1.000000
284 287 0.333333
284 288 0.466667
284 348 -0.600000
285 293 0.733333
286 294 -0.466667
287 295 0.466667
288 296 -5.000000
289 293 -0.333333
289 294 -0.866667
289 295 -0.733333
289 296 -0.066667
289 353 -0.600000
290 293 -0.733333
290 294 1.000000
290 295 -0.733333
290 296 0.066667
290 354 -1.000000
291 293 -0.600000
291 294 0.200000
291 295 0.466667
291 296 1.000000
291 355 -0.066667
292 293 1.000000
292 294 0.733333
292 295 0.866667
292 296 -2.333333
292 356 -5.000000
293 301 -0.066667
294 302 -0.066667
295 303 -0.333333
296 304 -0.466667
297 301 0.733333
297 302 0.866667
297 303 0.333333
297 304 0.600000
297 361 0.866667
298 301 -0.066667
298 302 -0.200000
298 303 0.066667
298 304 -0.600000
298 362 0.066667
299 301 0.600000
299 302 0.733333
299 303 -0.200000
299 304 0.733333
299 363 -0.333333
300 301 -0.066667
300 302 1.000000
300 303 -0.600000
300 304 -1.000000
300 364 1.000000
301 309 -0.333333
302 310 -0.200000
303 311 2.333333
304 312 0.600000
305 309 -0.466667
305 310 -0.733333
305 311 -0.600000
305 312 0.866667
305 369 -0.200000
306 309 -0.200000
306 310 0.733333
306 311 0.866667
306 312 -0.466667
306 370 -0.466667
307 309 -1.000000
307 310 0.866667
307 311 0.600000
307 312 0.866667
307 371 0.466667
308 309 1.666667
308 310 -0.200000
308 311 -1.666667
308 312 0.733333
308 372 1.000000
309 317 0.200000
310 318 0.733333
311 319 -0.600000
312 320 0.066667
313 317 -0.066667
313 318 0.200000
313 319 0.066667
313 320 0.866667
313 377 -0.200000
314 317 0.466667
314 318 0.600000
314 319 1.000000
314 320 0.600000
314 378 -0.466667
315 317 -0.866667
315 318 0.200000
315 319 -0.466667
315 320 -0.600000
315 379 0.733333
316 317 -0.466667
316 318 -0.066667
316 319 0.066667
316 320 0.333333
316 380 -1.000000
321 325 0.066667
321 326 0.200000
321 327 0.333333
321 328 0.466667
321 385 -0.866667
322 325 -0.733333
322 326 3.666667
322 327 0.600000
322 328 -0.066667
322 386 0.466667
323 325 1.000000
323 326 -0.200000
323 327 -0.733333
323 328 0.866667
323 387 0.866667
324 325 0.466667
324 326 -0.866667
324 327 0.733333
324 328 -0.200000
324 388 0.333333
325 333 0.866667
326 334 -0.200000
327 335 1.000000
328 336 0.466667
329 333 1.000000
329 334 -0.200000
329 335 -0.866667
329 336 0.466667
329 393 -0.200000
330 333 -0.066667
330 334 -0.733333
330 335 -0.333333
330 336 0.600000
330 394 -0.200000
331 333 -0.466667
331 334 2.333333
331 335 1.000000
331 336 0.066667
331 395 -1.000000
332 333 0.866667
332 334 0.466667
332 335 1.000000
332 336 -0.333333
332 396 -0.333333
333 341 -0.600000
334 342 -0.866667
335 343 0.866667
336 344 0.733333
337 341 0.733333
337 342 -0.600000
337 343 1.000000
337 344 0.066667
337 401 0.866667
338 341 -0.200000
338 342 0.466667
338 343 0.466667
338 344 -0.333333
338 402 0.733333
339 341 0.733333
339 342 -0.866667
339 343 0.466667
339 344 -0.866667
339 403 -0.866667
340 341 0.466667
340 342 0.866667
340 343 -0.733333
340 344 -0.333333
340 404 -0.866667
341 349 0.466667
342 350 -1.000000
343 351 0.200000
344 352 -0.200000
345 349 0.733333
345 350 -0.333333
345 351 -0.333333
345 352 0.733333
345 409 0.333333
346 349 1.000000
346 350 0.466667
346 351 1.000000
346 352 0.600000
346 410 3.000000
347 349 -0.600000
347 350 -0.066667
347 351 0.600000
347 352 0.466667
347 411 -0.466667
348 349 0.200000
348 350 -0.466667
348 351 -0.866667
348 352 0.733333
348 412 -0.600000
349 357 1.000000
350 358 0.066667
351 359 0.066667
352 360 -1.000000
353 357 0.200000
353 358 -0.066667
353 359 -0.066667
353 360 0.600000
353 417 0.066667
354 357 0.066667
354 358 0.866667
354 359 0.600000
354 360 0.066667
354 418 -0.600000
355 357 -0.466667
355 358 -0.200000
355 359 -0.200000
355 360 1.000000
355 419 -0.733333
356 357 -0.466667
356 358 -3.000000
356 359 0.333333
356 360 0.600000
356 420 0.200000
357 365 0.733333
358 366 0.866667
359 367 0.333333
360 368 -1.000000
361 365 0.600000
361 366 -1.000000
361 367 0.066667
361 368 0.333333
361 425 1.000000
362 365 -0.333333
362 366 0.333333
362 367 0.600000
362 368 1.000000
362 426 0.466667
363 365 -0.600000
363 366 0.200000
363 367 -0.200000
363 368 0.066667
363 427 0.733333
364 365 -0.466667
364 366 -0.733333
364 367 0.866667
364 368 -1.000000
364 428 0.333333
365 373 -0.733333
366 374 0.066667
367 375 0.066667
368 376 -5.000000
369 373 -0.866667
369 374 -0.200000
369 375 1.000000
369 376 -0.066667
369 433 4.333333
370 373 0.733333
370 374 0.200000
370 375 0.200000
370 376 -0.333333
370 434 0.733333
371 373 0.333333
371 374 -0.200000
371 375 0.733333
371 376 -5.000000
371 435 -0.733333
372 373 0.866667
372 374 -3.000000
372 375 0.600000
372 376 -0.600000
372 436 0.733333
373 381 1.000000
374 382 -0.066667
375 383 -1.000000
376 384 0.866667
377 381 0.600000
377 382 -0.600000
377 383 0.600000
377 384 1.000000
377 441 0.733333
378 381 0.200000
378 382 -0.466667
378 383 0.066667
378 384 0.200000
378 442 -0.200000
379 381 -0.066667
379 382 0.333333
379 383 1.000000
379 384 0.466667
379 443 0.866667
380 381 -0.066667
380 382 -0.066667
380 383 -1.000000
380 384 -0.066667
380 444 0.466667
385 389 -1.000000
385 390 -0.066667
385 391 1.000000
385 392 0.733333
385 449 -0.600000
386 389 0.866667
386 390 0.333333
386 391 0.733333
386 392 -0.066667
386 450 -0.333333
387 389 -0.066667
387 390 -0.066667
387 391 -1.666667
387 392 -0.333333
387 451 0.066667
388 389 -0.066667
388 390 0.066667
388 391 -1.666667
388 392 -0.333333
388 452 0.733333
389 397 0.866667
390 398 1.000000
391 399 -0.733333
392 400 -0.466667
393 397 -0.733333
393 398 -0.333333
393 399 0.066667
393 400 -0.466667
393 457 -0.466667
394 397 -0.333333
394 398 0.733333
394 399 0.200000
394 400 -0.200000
394 458 0.466667
395 397 0.733333
395 398 0.866667
395 399 0.600000
395 400 -0.333333
395 459 0.333333
396 397 0.066667
396 398 0.466667
396 399 -0.866667
396 400 1.000000
396 460 -0.600000
397 405 0.066667
398 406 -0.466667
399 407 0.866667
400 408 -0.200000
401 405 -0.600000
401 406 -0.333333
401 407 -0.200000
401 408 0.333333
401 465 -1.000000
402 405 -0.466667
402 406 1.000000
402 407 -0.600000
402 408 -0.066667
402 466 0.866667
403 405 -0.200000
403 406 -0.866667
403 407 0.600000
403 408 0.466667
403 467 -0.866667
404 405 -0.333333
404 406 -0.200000
404 407 0.333333
404 408 -0.866667
404 468 0.066667
405 413 0.600000
406 414 0.600000
407 415 -0.066667
408 416 -0.333333
409 413 0.600000
409 414 -0.066667
409 415 -0.866667
409 416 -5.000000
409 473 3.000000
410 413 -1.000000
410 414 3.666667
410 415 -3.666667
410 416 2.333333
410 474 -0.866667
411 413 -3.666667
411 414 -0.066667
411 415 -0.866667
411 416 -0.200000
411 475 2.333333
412 413 -0.066667
412 414 0.733333
412 415 0.866667
412 416 -0.600000
412 476 1.000000
413 421 0.600000
414 422 1.000000
415 423 -0.600000
416 424 -3.666667
417 421 0.600000
417 422 0.466667
417 423 -0.866667
417 424 0.333333
417 481 -0.066667
418 421 0.066667
418 422 -0.866667
418 423 0.866667
418 424 0.333333
418 482 0.866667
419 421 0.733333
419 422 0.466667
419 423 0.866667
419 424 -0.600000
419 483 -0.733333
420 421 0.866667
420 422 -0.333333
420 423 -1.000000
420 424 -0.200000
420 484 3.000000
421 429 -0.466667
422 430 -0.066667
423 431 0.733333
424 432 -0.200000
425 429 -0.466667
425 430 -1.000000
425 431 -0.600000
425 432 0.333333
425 489 0.200000
426 429 0.733333
426 430 0.866667
426 431 -0.066667
426 432 0.200000
426 490 -0.733333
427 429 1.000000
427 430 -0.066667
427 431 -0.466667
427 432 1.000000
427 491 -0.200000
428 429 0.733333
428 430 0.066667
428 431 0.200000
428 432 0.866667
428 492 -0.733333
429 437 0.200000
430 438 1.000000
431 439 -0.866667
432 440 0.466667
433 437 -0.600000
433 438 5.000000
433 439 0.333333
433 440 0.333333
433 497 0.866667
434 437 -0.600000
434 438 0.333333
434 439 0.066667
434 440 -0.066667
434 498 0.866667
435 437 -0.200000
435 438 0.466667
435 439 -3.666667
435 440 0.200000
435 499 0.200000
436 437 0.333333
436 438 -0.866667
436 439 -0.866667
436 440 -1.000000
436 500 0.600000
437 445 -1.000000
438 446 -0.866667
439 447 -2.333333
440 448 0.066667
441 445 -0.333333
441 446 -0.066667
441 447 0.733333
441 448 -0.200000
441 505 -0.733333
442 445 -0.066667
442 446 4.333333
442 447 -3.666667
442 448 0.866667
442 506 0.600000
443 445 0.733333
443 446 0.600000
443 447 -3.666667
443 448 -4.333333
443 507 -0.066667
444 445 0.733333
444 446 1.000000
444 447 3.000000
444 448 0.600000
444 508 1.000000
449 453 0.600000
449 454 -0.200000
449 455 1.000000
449 456 -0.600000
450 453 -0.333333
450 454 0.733333
450 455 -0.600000
450 456 -5.000000
451 453 -0.466667
451 454 0.066667
451 455 0.200000
451 456 -0.466667
452 453 0.466667
452 454 -0.733333
452 455 -0.200000
452 456 -0.866667
453 461 5.000000
454 462 -1.000000
455 463 -1.000000
456 464 -1.000000
457 461 -1.666667
457 462 -0.466667
457 463 -0.466667
457 464 -0.466667
458 461 -5.000000
458 462 0.466667
458 463 0.333333
458 464 0.066667
459 461 -0.066667
459 462 3.666667
459 463 0.733333
459 464 -3.666667
460 461 1.000000
460 462 -0.866667
460 463 -1.000000
460 464 -1.666667
461 469 0.200000
462 470 -0.333333
463 471 1.666667
464 472 -3.666667
465 469 -0.200000
465 470 -0.733333
465 471 0.866667
465 472 0.600000
466 469 -0.333333
466 470 0.333333
466 471 0.733333
466 472 1.000000
467 469 1.000000
467 470 4.333333
467 471 0.200000
467 472 0.866667
468 469 -0.733333
468 470 0.733333
468 471 0.066667
468 472 -0.733333
469 477 5.000000
470 478 -3.666667
471 479 0.600000
472 480 0.200000
473 477 -2.333333
473 478 -0.600000
473 479 1.000000
473 480 0.200000
474 477 1.000000
474 478 -0.600000
474 479 0.733333
474 480 0.333333
475 477 -3.666667
475 478 3.000000
475 479 0.733333
475 480 0.333333
476 477 -0.333333
476 478 -0.066667
476 479 0.733333
476 480 0.466667
477 485 -0.200000
478 486 -0.466667
479 487 0.600000
480 488 0.200000
481 485 -0.200000
481 486 -0.733333
481 487 0.733333
481 488 1.000000
482 485 -0.066667
482 486 0.066667
482 487 -0.866667
482 488 -0.333333
483 485 0.866667
483 486 -0.066667
483 487 0.066667
483 488 0.466667
484 485 -0.066667
484 486 0.733333
484 487 0.866667
484 488 1.000000
485 493 -0.200000
486 494 0.333333
487 495 0.866667
488 496 -0.066667
489 493 -0.466667
489 494 -0.733333
489 495 -0.466667
489 496 3.000000
490 493 0.333333
490 494 -0.466667
490 495 0.066667
490 496 -0.733333
491 493 -0.733333
491 494 -0.200000
491 495 0.066667
491 496 -1.000000
492 493 -0.866667
492 494 -1.000000
492 495 1.000000
492 496 -0.200000
493 501 -0.466667
494 502 0.333333
495 503 -1.000000
496 504 -3.000000
497 501 -0.333333
497 502 -0.733333
497 503 0.333333
497 504 0.866667
498 501 0.066667
498 502 0.600000
498 503 -1.000000
498 504 -0.200000
499 501 -0.066667
499 502 -0.733333
499 503 0.600000
499 504 0.866667
500 501 -0.466667
500 502 0.600000
500 503 0.600000
500 504 -0.200000
501 509 0.066667
502 510 0.200000
503 511 0.466667
504 512 0.066667
505 509 -4.333333
505 510 -0.733333
505 511 -0.333333
505 512 -0.200000
506 509 0.866667
506 510 0.333333
506 511 -0.733333
506 512 -0.600000
507 509 0.466667
507 510 -0.333333
507 511 1.000000
507 512 0.333333
508 509 -0.466667
508 510 0.066667
508 511 -0.200000
508 512 0.600000