#
1 1 -0.013333
2 2 -0.066667
3 3 -0.146667
4 4 -0.146667
5 5 -0.013333
6 6 -0.173333
7 7 0.120000
8 8 -0.173333
9 9 -0.013333
10 10 0.040000
11 11 -0.066667
12 12 0.120000
13 13 -0.146667
14 14 0.200000
15 15 -0.013333
16 16 0.040000
17 17 0.066667
18 18 -0.066667
19 19 -0.013333
20 20 -0.066667
21 21 0.040000
22 22 0.200000
23 23 0.173333
24 24 0.040000
25 25 -0.013333
26 26 0.173333
27 27 0.120000
28 28 -0.013333
29 29 -0.013333
30 30 -0.013333
31 31 -0.093333
32 32 -0.173333
33 33 -0.120000
34 34 0.093333
35 35 0.173333
36 36 0.200000
37 37 -0.066667
38 38 -0.173333
39 39 -0.093333
40 40 0.093333
41 41 0.093333
42 42 0.173333
43 43 0.040000
44 44 0.013333
45 45 0.146667
46 46 -0.093333
47 47 -0.040000
48 48 -0.040000
49 49 0.120000
50 50 0.093333
51 51 -0.200000
52 52 0.093333
53 53 0.066667
54 54 -0.066667
55 55 0.040000
56 56 -0.120000
57 57 -0.093333
58 58 -0.066667
59 59 -0.146667
60 60 -0.120000
61 61 -0.200000
62 62 0.120000
63 63 0.146667
64 64 -0.200000
65 65 -0.066667
66 66 -0.173333
67 67 0.120000
68 68 -0.173333
69 69 0.066667
70 70 0.093333
71 71 -0.120000
72 72 0.173333
73 73 0.200000
74 74 -0.066667
75 75 0.146667
76 76 0.066667
77 77 0.173333
78 78 -0.173333
79 79 0.200000
80 80 -0.040000
81 81 -0.066667
82 82 0.040000
83 83 -0.200000
84 84 0.013333
85 85 -0.173333
86 86 -0.066667
87 87 -0.200000
88 88 0.093333
89 89 0.146667
90 90 0.066667
91 91 -0.146667
92 92 -0.013333
93 93 0.066667
94 94 0.093333
95 95 -0.066667
96 96 -0.200000
97 97 0.120000
98 98 -0.013333
99 99 -0.173333
100 100 0.173333
101 101 0.040000
102 102 0.173333
103 103 0.040000
104 104 0.013333
105 105 -0.093333
106 106 -0.066667
107 107 0.120000
108 108 -0.120000
109 109 -0.120000
110 110 -0.066667
111 111 0.040000
112 112 -0.093333
113 113 0.093333
114 114 -0.093333
115 115 -0.146667
116 116 0.200000
117 117 -0.013333
118 118 0.093333
119 119 -0.013333
120 120 -0.146667
121 121 0.200000
122 122 -0.173333
123 123 -0.066667
124 124 -0.200000
125 125 0.093333
126 126 -0.093333
127 127 -0.013333
128 128 0.173333
129 129 0.093333
130 130 -0.013333
131 131 -0.040000
132 132 -0.013333
133 133 -0.173333
134 134 0.200000
135 135 -0.013333
136 136 -0.093333
137 137 -0.066667
138 138 0.093333
139 139 -0.093333
140 140 -0.146667
141 141 -0.013333
142 142 -0.093333
143 143 -0.040000
144 144 -0.066667
145 145 -0.093333
146 146 0.120000
147 147 -0.146667
148 148 0.120000
149 149 -0.093333
150 150 0.173333
151 151 0.200000
152 152 0.066667
153 153 -0.173333
154 154 0.093333
155 155 0.200000
156 156 0.013333
157 157 0.093333
158 158 0.146667
159 159 -0.040000
160 160 0.093333
161 161 -0.146667
162 162 -0.120000
163 163 -0.146667
164 164 -0.173333
165 165 0.093333
166 166 -0.093333
167 167 0.173333
168 168 0.066667
169 169 -0.040000
170 170 -0.120000
171 171 0.173333
172 172 0.040000
173 173 -0.013333
174 174 -0.173333
175 175 0.093333
176 176 -0.200000
177 177 -0.200000
178 178 0.200000
179 179 0.146667
180 180 0.120000
181 181 -0.146667
182 182 0.120000
183 183 -0.040000
184 184 -0.093333
185 185 -0.173333
186 186 -0.146667
187 187 -0.066667
188 188 0.146667
189 189 0.013333
190 190 -0.120000
191 191 -0.200000
192 192 -0.200000
193 193 0.173333
194 194 0.093333
195 195 0.200000
196 196 0.120000
197 197 -0.173333
198 198 -0.093333
199 199 0.173333
200 200 -0.146667
201 201 0.093333
202 202 0.200000
203 203 -0.146667
204 204 -0.040000
205 205 0.173333
206 206 0.040000
207 207 -0.013333
208 208 0.040000
209 209 -0.040000
210 210 0.200000
211 211 0.173333
212 212 0.200000
213 213 -0.093333
214 214 0.040000
215 215 0.040000
216 216 -0.146667
217 217 0.066667
218 218 0.013333
219 219 -0.040000
220 220 0.040000
221 221 0.040000
222 222 0.013333
223 223 0.146667
224 224 0.146667
225 225 0.093333
226 226 -0.040000
227 227 0.040000
228 228 -0.146667
229 229 0.013333
230 230 -0.146667
231 231 0.146667
232 232 -0.040000
233 233 0.040000
234 234 -0.173333
235 235 0.066667
236 236 -0.040000
237 237 0.120000
238 238 -0.173333
239 239 0.093333
240 240 -0.173333
241 241 -0.013333
242 242 0.173333
243 243 0.040000
244 244 0.013333
245 245 0.066667
246 246 0.200000
247 247 0.146667
248 248 0.066667
249 249 -0.040000
250 250 0.040000
251 251 -0.173333
252 252 0.093333
253 253 0.093333
254 254 0.120000
255 255 -0.120000
256 256 0.146667
257 257 -0.146667
258 258 0.093333
259 259 -0.120000
260 260 -0.200000
261 261 -0.066667
262 262 -0.093333
263 263 0.146667
264 264 0.146667
265 265 -0.040000
266 266 -0.200000
267 267 -0.173333
268 268 -0.066667
269 269 0.200000
270 270 0.173333
271 271 -0.120000
272 272 -0.120000
273 273 0.146667
274 274 -0.173333
275 275 0.146667
276 276 -0.013333
277 277 0.093333
278 278 0.040000
279 279 0.013333
280 280 0.173333
281 281 -0.013333
282 282 0.200000
283 283 0.146667
284 284 -0.040000
285 285 -0.013333
286 286 0.066667
287 287 -0.040000
288 288 -0.146667
289 289 0.093333
290 290 0.146667
291 291 -0.173333
292 292 -0.066667
293 293 -0.013333
294 294 0.013333
295 295 -0.040000
296 296 -0.173333
297 297 0.040000
298 298 -0.066667
299 299 0.066667
300 300 0.013333
301 301 -0.066667
302 302 0.093333
303 303 0.200000
304 304 0.040000
305 305 0.093333
306 306 0.013333
307 307 -0.040000
308 308 -0.066667
309 309 0.040000
310 310 -0.146667
311 311 -0.066667
312 312 0.120000
313 313 0.093333
314 314 0.040000
315 315 -0.146667
316 316 -0.013333
317 317 -0.173333
318 318 0.013333
319 319 0.146667
320 320 -0.120000
321 321 -0.093333
322 322 -0.093333
323 323 0.146667
324 324 -0.120000
325 325 -0.120000
326 326 0.146667
327 327 -0.093333
328 328 -0.013333
329 329 0.093333
330 330 -0.040000
331 331 0.066667
332 332 0.200000
333 333 -0.120000
334 334 0.013333
335 335 -0.146667
336 336 0.200000
337 337 0.120000
338 338 0.013333
339 339 -0.013333
340 340 -0.120000
341 341 -0.013333
342 342 -0.173333
343 343 0.200000
344 344 -0.040000
345 345 0.040000
346 346 -0.146667
347 347 0.013333
348 348 -0.200000
349 349 0.093333
350 350 -0.013333
351 351 0.120000
352 352 0.093333
353 353 0.173333
354 354 -0.040000
355 355 -0.200000
356 356 0.066667
357 357 -0.146667
358 358 -0.066667
359 359 0.120000
360 360 -0.200000
361 361 0.200000
362 362 -0.146667
363 363 0.066667
364 364 0.093333
365 365 0.173333
366 366 0.040000
367 367 -0.120000
368 368 0.173333
369 369 0.200000
370 370 -0.093333
371 371 -0.013333
372 372 0.200000
373 373 0.066667
374 374 -0.200000
375 375 0.066667
376 376 -0.173333
377 377 -0.066667
378 378 -0.146667
379 379 0.093333
380 380 -0.013333
381 381 -0.146667
382 382 0.120000
383 383 -0.120000
384 384 0.093333
385 385 -0.040000
386 386 -0.093333
387 387 -0.173333
388 388 0.120000
389 389 -0.093333
390 390 0.120000
391 391 0.013333
392 392 0.040000
393 393 -0.173333
394 394 0.120000
395 395 -0.040000
396 396 0.066667
397 397 -0.013333
398 398 -0.013333
399 399 -0.040000
400 400 0.040000
401 401 -0.093333
402 402 -0.040000
403 403 0.066667
404 404 0.066667
405 405 0.066667
406 406 0.093333
407 407 -0.146667
408 408 0.173333
409 409 0.066667
410 410 0.120000
411 411 0.066667
412 412 -0.200000
413 413 -0.040000
414 414 -0.013333
415 415 0.040000
416 416 0.093333
417 417 -0.093333
418 418 -0.066667
419 419 -0.146667
420 420 0.040000
421 421 -0.146667
422 422 -0.093333
423 423 0.200000
424 424 -0.093333
425 425 0.173333
426 426 -0.093333
427 427 -0.093333
428 428 -0.120000
429 429 0.146667
430 430 -0.093333
431 431 -0.146667
432 432 0.120000
433 433 0.066667
434 434 -0.013333
435 435 0.120000
436 436 -0.040000
437 437 0.120000
438 438 -0.146667
439 439 0.066667
440 440 0.093333
441 441 0.066667
442 442 0.066667
443 443 -0.200000
444 444 0.040000
445 445 0.146667
446 446 -0.040000
447 447 0.013333
448 448 -0.093333
449 449 0.120000
450 450 0.120000
451 451 0.040000
452 452 -0.013333
453 453 0.120000
454 454 0.200000
455 455 -0.066667
456 456 -0.093333
457 457 -0.093333
458 458 0.200000
459 459 -0.146667
460 460 -0.173333
461 461 -0.013333
462 462 -0.093333
463 463 0.120000
464 464 0.093333
465 465 0.200000
466 466 -0.040000
467 467 -0.013333
468 468 -0.040000
469 469 -0.200000
470 470 0.146667
471 471 0.173333
472 472 0.173333
473 473 -0.120000
474 474 0.093333
475 475 0.146667
476 476 0.040000
477 477 -0.146667
478 478 0.040000
479 479 -0.093333
480 480 -0.093333
481 481 -0.066667
482 482 0.200000
483 483 0.146667
484 484 0.013333
485 485 0.066667
486 486 -0.120000
487 487 0.200000
488 488 -0.040000
489 489 0.040000
490 490 0.040000
491 491 -0.146667
492 492 -0.146667
493 493 0.093333
494 494 -0.093333
495 495 -0.173333
496 496 0.040000
497 497 0.040000
498 498 -0.040000
499 499 -0.066667
500 500 -0.200000
501 501 -0.120000
502 502 -0.200000
503 503 0.173333
504 504 0.173333
505 505 0.066667
506 506 -0.173333
507 507 -0.146667
508 508 -0.066667
509 509 0.093333
510 510 0.040000
511 511 -0.146667
512 512 0.200000
1 5 -0.866667
1 6 -0.866667
1 7 0.200000
1 8 -0.600000
1 65 0.733333
2 5 -1.000000
2 6 -0.466667
2 7 -0.466667
2 8 0.733333
2 66 -0.866667
3 5 0.733333
3 6 -0.866667
3 7 -0.866667
3 8 0.333333
3 67 0.733333
4 5 0.866667
4 6 -0.733333
4 7 -0.866667
4 8 -0.600000
4 68 -3.666667
5 13 1.000000
6 14 0.866667
7 15 -1.000000
8 16 -0.200000
9 13 0.333333
9 14 0.866667
9 15 0.733333
9 16 -0.466667
9 73 -0.466667
10 13 -0.200000
10 14 -1.000000
10 15 0.600000
10 16 1.000000
10 74 1.000000
11 13 1.000000
11 14 -1.000000
11 15 -2.333333
11 16 -0.066667
11 75 -0.333333
12 13 -0.066667
12 14 3.666667
12 15 -0.333333
12 16 4.333333
12 76 0.200000
13 21 -0.066667
14 22 -0.733333
15 23 0.866667
16 24 0.066667
17 21 0.866667
17 22 -0.866667
17 23 -0.333333
17 24 0.066667
17 81 0.600000
18 21 0.600000
18 22 0.466667
18 23 -0.466667
18 24 0.866667
18 82 -1.000000
19 21 -0.066667
19 22 -5.000000
19 23 -0.066667
19 24 -0.466667
19 83 -3.000000
20 21 -0.200000
20 22 -0.866667
20 23 0.066667
20 24 0.866667
20 84 0.066667
21 29 -0.733333
22 30 0.200000
23 31 -0.733333
24 32 -0.866667
25 29 -0.466667
25 30 -0.333333
25 31 1.000000
25 32 -0.066667
25 89 -0.200000
26 29 -0.466667
26 30 -0.600000
26 31 0.066667
26 32 0.866667
26 90 1.000000
27 29 0.600000
27 30 0.066667
27 31 0.066667
27 32 -0.066667
27 91 -0.333333
28 29 -0.600000
28 30 0.866667
28 31 -0.600000
28 32 0.200000
28 92 0.466667
29 37 0.466667
30 38 0.066667
31 39 -0.466667
32 40 0.466667
33 37 0.466667
33 38 0.600000
33 39 -0.866667
33 40 1.000000
33 97 0.200000
34 37 0.866667
34 38 -0.200000
34 39 0.866667
34 40 -0.466667
34 98 -0.066667
35 37 -0.333333
35 38 -0.466667
35 39 -1.000000
35 40 0.066667
35 99 -1.000000
36 37 0.866667
36 38 1.000000
36 39 -0.600000
36 40 -0.600000
36 100 -0.600000
37 45 0.066667
38 46 -0.733333
39 47 0.866667
40 48 -1.000000
41 45 0.333333
41 46 -0.600000
41 47 0.333333
41 48 -0.866667
41 105 0.066667
42 45 0.333333
42 46 0.333333
42 47 -1.000000
42 48 0.466667
42 106 0.733333
43 45 0.066667
43 46 0.733333
43 47 -0.200000
43 48 0.466667
43 107 0.466667
44 45 0.733333
44 46 -0.866667
44 47 0.466667
44 48 -0.200000
44 108 -1.000000
45 53 0.333333
46 54 -0.733333
47 55 0.066667
48 56 1.000000
49 53 -0.866667
49 54 -0.066667
49 55 0.600000
49 56 0.200000
49 113 -0.466667
50 53 0.866667
50 54 -0.866667
50 55 -0.333333
50 56 0.866667
50 114 -1.000000
51 53 0.866667
51 54 -0.200000
51 55 -0.333333
51 56 0.466667
51 115 -0.466667
52 53 0.066667
52 54 -0.466667
52 55 -0.333333
52 56 0.600000
52 116 0.600000
53 61 -0.333333
54 62 0.733333
55 63 -0.866667
56 64 0.733333
57 61 1.000000
57 62 0.466667
57 63 0.600000
57 64 -0.866667
57 121 -3.000000
58 61 -1.000000
58 62 -0.733333
58 63 1.000000
58 64 -0.600000
58 122 -1.000000
59 61 0.866667
59 62 -0.866667
59 63 -1.000000
59 64 -1.000000
59 123 0.200000
60 61 0.600000
60 62 1.000000
60 63 -0.466667
60 64 0.733333
60 124 0.866667
65 69 -0.600000
65 70 -0.866667
65 71 -0.333333
65 72 -0.333333
65 129 -0.733333
66 69 0.600000
66 70 -1.000000
66 71 -0.733333
66 72 -0.733333
66 130 -0.333333
67 69 0.333333
67 70 1.000000
67 71 -0.866667
67 72 -0.333333
67 131 -0.466667
68 69 -0.200000
68 70 0.066667
68 71 0.866667
68 72 0.600000
68 132 0.200000
69 77 -0.066667
70 78 0.333333
71 79 -0.333333
72 80 0.466667
73 77 0.333333
73 78 1.000000
73 79 2.333333
73 80 -0.466667
73 137 -0.866667
74 77 -0.600000
74 78 0.466667
74 79 -0.066667
74 80 0.066667
74 138 -0.733333
75 77 0.733333
75 78 0.733333
75 79 0.200000
75 80 0.866667
75 139 0.200000
76 77 -0.333333
76 78 -0.066667
76 79 0.466667
76 80 0.866667
76 140 0.200000
77 85 1.666667
78 86 0.733333
79 87 0.066667
80 88 0.066667
81 85 5.000000
81 86 0.200000
81 87 3.666667
81 88 -5.000000
81 145 -2.333333
82 85 0.600000
82 86 -0.466667
82 87 1.000000
82 88 -0.333333
82 146 0.466667
83 85 0.866667
83 86 0.466667
83 87 0.600000
83 88 -1.000000
83 147 0.466667
84 85 1.000000
84 86 0.466667
84 87 -3.666667
84 88 0.200000
84 148 -0.733333
85 93 0.200000
86 94 -0.466667
87 95 0.866667
88 96 5.000000
89 93 -1.666667
89 94 0.333333
89 95 0.466667
89 96 -0.733333
89 153 0.200000
90 93 -0.733333
90 94 0.466667
90 95 -0.066667
90 96 0.466667
90 154 0.066667
91 93 0.733333
91 94 -1.000000
91 95 0.866667
91 96 -0.600000
91 155 -0.600000
92 93 -1.000000
92 94 -0.866667
92 95 -0.866667
92 96 -0.200000
92 156 -0.333333
93 101 0.200000
94 102 -0.466667
95 103 0.466667
96 104 -0.733333
97 101 0.066667
97 102 -0.866667
97 103 0.466667
97 104 0.200000
97 161 0.733333
98 101 -0.200000
98 102 -0.333333
98 103 1.000000
98 104 -0.066667
98 162 0.466667
99 101 0.066667
99 102 -0.466667
99 103 -0.600000
99 104 -0.066667
99 163 0.466667
100 101 -0.066667
100 102 0.466667
100 103 -1.000000
100 104 -0.866667
100 164 -0.866667
101 109 0.200000
102 110 0.200000
103 111 -0.600000
104 112 -0.733333
105 109 0.733333
105 110 -0.733333
105 111 -1.000000
105 112 -0.333333
105 169 1.000000
106 109 0.333333
106 110 0.466667
106 111 -0.466667
106 112 -0.600000
106 170 0.600000
107 109 -0.866667
107 110 0.333333
107 111 -0.333333
107 112 -0.066667
107 171 0.466667
108 109 0.066667
108 110 0.733333
108 111 0.200000
108 112 0.066667
108 172 0.200000
109 117 -0.333333
110 118 0.066667
111 119 -0.866667
112 120 0.466667
113 117 -0.866667
113 118 -1.000000
113 119 0.200000
113 120 1.000000
113 177 0.600000
114 117 0.066667
114 118 0.200000
114 119 0.066667
114 120 0.600000
114 178 0.866667
115 117 0.600000
115 118 0.333333
115 119 0.866667
115 120 0.600000
115 179 0.466667
116 117 0.333333
116 118 -0.466667
116 119 -0.600000
116 120 0.733333
116 180 -0.200000
117 125 -0.600000
118 126 -1.000000
119 127 1.000000
120 128 -0.600000
121 125 -3.666667
121 126 0.333333
121 127 -0.066667
121 128 1.000000
121 185 0.600000
122 125 5.000000
122 126 0.600000
122 127 -0.200000
122 128 0.466667
122 186 -3.000000
123 125 0.333333
123 126 0.200000
123 127 0.333333
123 128 -1.000000
123 187 -2.333333
124 125 0.333333
124 126 -0.333333
124 127 0.200000
124 128 -0.733333
124 188 0.333333
129 133 0.733333
129 134 -0.200000
129 135 -0.066667
129 136 -0.333333
129 193 -0.333333
130 133 -0.466667
130 134 1.000000
130 135 -0.333333
130 136 -0.066667
130 194 -4.333333
131 133 0.066667
131 134 3.666667
131 135 0.066667
131 136 -0.866667
131 195 -0.733333
132 133 -0.733333
132 134 -0.600000
132 135 1.000000
132 136 0.066667
132 196 -0.200000
133 141 -0.866667
134 142 1.000000
135 143 0.733333
136 144 2.333333
137 141 1.000000
137 142 1.000000
137 143 0.866667
137 144 -0.333333
137 201 -0.733333
138 141 1.666667
138 142 0.066667
138 143 -1.000000
138 144 -0.733333
138 202 1.000000
139 141 -0.733333
139 142 -0.733333
139 143 -0.066667
139 144 3.000000
139 203 0.066667
140 141 0.866667
140 142 3.666667
140 143 1.000000
140 144 0.333333
140 204 0.333333
141 149 -1.666667
142 150 0.333333
143 151 -0.866667
144 152 -0.200000
145 149 1.000000
145 150 -0.200000
145 151 -3.000000
145 152 -0.466667
145 209 0.733333
146 149 1.000000
146 150 -0.866667
146 151 -0.866667
146 152 -0.200000
146 210 -0.866667
147 149 -0.466667
147 150 -0.466667
147 151 -0.333333
147 152 1.000000
147 211 -1.000000
148 149 -0.333333
148 150 -0.066667
148 151 -0.066667
148 152 -0.466667
148 212 -0.733333
149 157 -0.066667
150 158 0.600000
151 159 1.000000
152 160 -0.600000
153 157 -0.866667
153 158 3.000000
153 159 -0.066667
153 160 -0.866667
153 217 0.066667
154 157 -4.333333
154 158 -0.066667
154 159 0.200000
154 160 -0.466667
154 218 -1.000000
155 157 -1.000000
155 158 0.600000
155 159 0.733333
155 160 -0.466667
155 219 0.600000
156 157 0.866667
156 158 -0.733333
156 159 0.733333
156 160 -0.600000
156 220 0.600000
157 165 -0.333333
158 166 -0.466667
159 167 1.000000
160 168 -0.600000
161 165 -0.733333
161 166 0.600000
161 167 -0.066667
161 168 1.000000
161 225 -0.866667
162 165 -1.000000
162 166 0.066667
162 167 0.066667
162 168 0.600000
162 226 -1.000000
163 165 1.000000
163 166 0.333333
163 167 0.200000
163 168 1.000000
163 227 0.200000
164 165 3.000000
164 166 0.066667
164 167 -0.333333
164 168 0.333333
164 228 -0.066667
165 173 -0.466667
166 174 -0.066667
167 175 -0.733333
168 176 -0.333333
169 173 -0.600000
169 174 -0.733333
169 175 -1.000000
169 176 -0.066667
169 233 -0.600000
170 173 0.200000
170 174 -0.066667
170 175 -0.866667
170 176 0.066667
170 234 0.866667
171 173 0.866667
171 174 -0.600000
171 175 1.000000
171 176 -0.333333
171 235 -0.333333
172 173 1.000000
172 174 -0.066667
172 175 -0.866667
172 176 -0.466667
172 236 -0.200000
173 181 0.600000
174 182 -1.000000
175 183 -1.000000
176 184 1.000000
177 181 0.200000
177 182 1.000000
177 183 0.466667
177 184 0.600000
177 241 0.866667
178 181 -0.733333
178 182 0.733333
178 183 -0.466667
178 184 -0.600000
178 242 -0.466667
179 181 -1.000000
179 182 0.866667
179 183 0.866667
179 184 -0.466667
179 243 0.733333
180 181 -0.066667
180 182 0.466667
180 183 -0.866667
180 184 -0.200000
180 244 0.333333
181 189 0.600000
182 190 0.200000
183 191 -1.000000
184 192 1.000000
185 189 -0.200000
185 190 1.000000
185 191 -0.333333
185 192 1.000000
185 249 1.000000
186 189 3.666667
186 190 0.066667
186 191 4.333333
186 192 0.200000
186 250 -5.000000
187 189 -4.333333
187 190 0.600000
187 191 -1.000000
187 192 -0.333333
187 251 0.200000
188 189 -0.200000
188 190 0.200000
188 191 -3.000000
188 192 0.866667
188 252 2.333333
193 197 -0.466667
193 198 -0.066667
193 199 -0.066667
193 200 -1.000000
193 257 0.200000
194 197 2.333333
194 198 -0.066667
194 199 -0.333333
194 200 -1.000000
194 258 0.466667
195 197 -0.866667
195 198 0.733333
195 199 -1.000000
195 200 -1.666667
195 259 0.333333
196 197 -0.466667
196 198 0.866667
196 199 -0.066667
196 200 -0.066667
196 260 0.066667
197 205 -0.733333
198 206 0.066667
199 207 0.866667
200 208 -1.000000
201 205 -0.466667
201 206 0.866667
201 207 0.733333
201 208 1.000000
201 265 -0.200000
202 205 0.600000
202 206 0.466667
202 207 -0.333333
202 208 0.333333
202 266 -0.600000
203 205 -0.200000
203 206 0.733333
203 207 0.333333
203 208 -0.733333
203 267 -1.000000
204 205 -0.600000
204 206 -0.733333
204 207 0.066667
204 208 -0.600000
204 268 -0.866667
205 213 0.466667
206 214 0.733333
207 215 0.066667
208 216 -0.733333
209 213 0.333333
209 214 0.733333
209 215 0.333333
209 216 -0.333333
209 273 -1.000000
210 213 1.000000
210 214 -0.600000
210 215 -0.066667
210 216 -1.000000
210 274 0.600000
211 213 -0.600000
211 214 0.866667
211 215 -0.466667
211 216 -1.000000
211 275 -0.333333
212 213 0.066667
212 214 -0.200000
212 215 0.333333
212 216 -1.000000
212 276 -1.000000
213 221 -0.866667
214 222 0.066667
215 223 0.600000
216 224 0.733333
217 221 0.333333
217 222 -0.066667
217 223 0.733333
217 224 0.866667
217 281 1.000000
218 221 -0.066667
218 222 0.600000
218 223 -0.066667
218 224 0.066667
218 282 -0.866667
219 221 -0.466667
219 222 0.600000
219 223 0.200000
219 224 0.733333
219 283 1.000000
220 221 1.000000
220 222 0.066667
220 223 0.733333
220 224 0.600000
220 284 -0.600000
221 229 0.866667
222 230 -0.200000
223 231 -0.733333
224 232 0.333333
225 229 0.866667
225 230 1.000000
225 231 0.866667
225 232 -0.466667
225 289 0.200000
226 229 0.333333
226 230 -1.000000
226 231 0.866667
226 232 1.000000
226 290 0.866667
227 229 0.733333
227 230 0.200000
227 231 0.600000
227 232 0.333333
227 291 5.000000
228 229 -0.733333
228 230 0.200000
228 231 2.333333
228 232 -2.333333
228 292 0.200000
229 237 0.066667
230 238 3.000000
231 239 -0.066667
232 240 0.866667
233 237 0.333333
233 238 -0.733333
233 239 -1.000000
233 240 -0.866667
233 297 -0.200000
234 237 -0.733333
234 238 -0.600000
234 239 -1.000000
234 240 -0.200000
234 298 -0.066667
235 237 -1.000000
235 238 0.333333
235 239 -0.066667
235 240 -0.466667
235 299 0.733333
236 237 0.600000
236 238 -1.000000
236 239 0.733333
236 240 0.333333
236 300 -0.333333
237 245 -0.733333
238 246 0.333333
239 247 0.600000
240 248 -0.466667
241 245 1.000000
241 246 0.066667
241 247 -0.466667
241 248 1.000000
241 305 1.000000
242 245 -0.600000
242 246 0.200000
242 247 -0.200000
242 248 -0.333333
242 306 -0.066667
243 245 1.000000
243 246 0.600000
243 247 0.600000
243 248 0.066667
243 307 1.000000
244 245 -0.066667
244 246 -0.066667
244 247 -0.066667
244 248 0.200000
244 308 0.333333
245 253 -1.000000
246 254 0.066667
247 255 -0.333333
248 256 0.200000
249 253 -1.666667
249 254 -0.333333
249 255 1.000000
249 256 0.600000
249 313 -1.000000
250 253 -0.733333
250 254 -3.666667
250 255 0.866667
250 256 1.000000
250 314 -0.333333
251 253 -1.000000
251 254 0.333333
251 255 0.866667
251 256 -0.733333
251 315 -0.333333
252 253 -1.666667
252 254 0.600000
252 255 -1.000000
252 256 -0.866667
252 316 -2.333333
257 261 -0.733333
257 262 -0.600000
257 263 0.200000
257 264 0.866667
257 321 0.066667
258 261 0.466667
258 262 0.066667
258 263 0.866667
258 264 -1.000000
258 322 -0.066667
259 261 -0.200000
259 262 0.600000
259 263 0.200000
259 264 -0.600000
259 323 -0.066667
260 261 -0.066667
260 262 1.000000
260 263 -0.733333
260 264 -0.466667
260 324 1.000000
261 269 0.466667
262 270 -0.200000
263 271 -1.000000
264 272 -0.466667
265 269 0.200000
265 270 0.066667
265 271 -0.866667
265 272 -0.333333
265 329 -0.066667
266 269 0.600000
266 270 -1.000000
266 271 -0.200000
266 272 0.600000
266 330 -0.333333
267 269 1.000000
267 270 -0.333333
267 271 -0.866667
267 272 0.066667
267 331 -0.466667
268 269 -0.200000
268 270 -0.333333
268 271 -0.333333
268 272 0.333333
268 332 0.600000
269 277 -0.733333
270 278 -0.866667
271 279 5.000000
272 280 0.733333
273 277 -0.066667
273 278 -0.333333
273 279 -0.066667
273 280 0.066667
273 337 0.466667
274 277 0.333333
274 278 0.866667
274 279 -0.866667
274 280 -0.600000
274 338 0.866667
275 277 -0.066667
275 278 0.733333
275 279 0.333333
275 280 0.866667
275 339 -0.600000
276 277 -0.733333
276 278 -0.333333
276 279 -0.333333
276 280 -4.333333
276 340 -0.333333
277 285 -0.066667
278 286 -0.333333
279 287 0.733333
280 288 0.066667
281 285 0.733333
281 286 0.466667
281 287 -0.600000
281 288 -0.466667
281 345 -1.000000
282 285 -0.600000
282 286 0.066667
282 287 0.333333
282 288 1.000000
282 346 0.333333
283 285 0.333333
283 286 -1.000000
283 287 -0.200000
283 288 -0.733333
283 347 0.066667
284 285 0.866667
284 286 1.000000
284 287 0.333333
284 288 0.333333
284 348 -0.466667
285 293 -0.600000
286 294 -0.733333
287 295 -0.733333
288 296 0.733333
289 293 -0.066667
289 294 -1.000000
289 295 -4.333333
289 296 -1.000000
289 353 1.000000
290 293 0.466667
290 294 0.200000
290 295 -3.666667
290 296 -1.000000
290 354 0.200000
291 293 -0.066667
291 294 5.000000
291 295 -2.333333
291 296 1.000000
291 355 0.333333
292 293 -0.066667
292 294 -0.866667
292 295 3.000000
292 296 -0.066667
292 356 -0.333333
293 301 0.866667
294 302 0.200000
295 303 -4.333333
296 304 -0.600000
297 301 0.733333
297 302 -5.000000
297 303 -5.000000
297 304 -0.866667
297 361 4.333333
298 301 -1.666667
298 302 -0.200000
298 303 3.666667
298 304 0.866667
298 362 0.333333
299 301 -0.866667
299 302 -0.200000
299 303 -0.066667
299 304 0.333333
299 363 0.733333
300 301 0.333333
300 302 3.000000
300 303 3.000000
300 304 -0.333333
300 364 -1.000000
301 309 0.733333
302 310 0.600000
303 311 -0.600000
304 312 -0.600000
305 309 -0.466667
305 310 -0.733333
305 311 0.066667
305 312 -0.600000
305 369 -0.866667
306 309 -0.200000
306 310 0.733333
306 311 0.733333
306 312 0.333333
306 370 0.866667
307 309 -0.066667
307 310 -0.200000
307 311 0.200000
307 312 0.200000
307 371 -0.733333
308 309 -0.200000
308 310 -0.733333
308 311 -0.466667
308 312 0.200000
308 372 0.866667
309 317 -0.600000
310 318 -0.333333
311 319 -0.466667
312 320 -0.866667
313 317 -0.600000
313 318 0.333333
313 319 0.200000
313 320 -0.466667
313 377 -0.333333
314 317 -0.333333
314 318 -0.733333
314 319 0.866667
314 320 0.066667
314 378 0.866667
315 317 0.333333
315 318 2.333333
315 319 0.466667
315 320 0.333333
315 379 -0.466667
316 317 1.000000
316 318 0.866667
316 319 -0.200000
316 320 0.333333
316 380 -0.200000
321 325 0.066667
321 326 0.866667
321 327 0.866667
321 328 0.333333
321 385 -0.733333
322 325 -0.333333
322 326 -1.000000
322 327 -0.600000
322 328 -0.466667
322 386 -0.866667
323 325 0.333333
323 326 -0.600000
323 327 -0.866667
323 328 -0.733333
323 387 -0.466667
324 325 -0.466667
324 326 0.466667
324 327 0.466667
324 328 0.466667
324 388 0.066667
325 333 -1.000000
326 334 -0.200000
327 335 0.333333
328 336 -0.466667
329 333 0.600000
329 334 -5.000000
329 335 0.600000
329 336 0.466667
329 393 0.600000
330 333 -0.466667
330 334 -0.066667
330 335 0.466667
330 336 1.000000
330 394 0.466667
331 333 0.866667
331 334 1.000000
331 335 0.600000
331 336 -0.600000
331 395 4.333333
332 333 1.000000
332 334 0.333333
332 335 -0.600000
332 336 -0.600000
332 396 0.866667
333 341 -0.600000
334 342 1.000000
335 343 0.733333
336 344 -4.333333
337 341 -1.000000
337 342 1.000000
337 343 0.333333
337 344 -1.000000
337 401 -0.066667
338 341 -0.600000
338 342 5.000000
338 343 0.333333
338 344 0.466667
338 402 0.333333
339 341 0.066667
339 342 -1.000000
339 343 -3.000000
339 344 -1.000000
339 403 1.000000
340 341 1.000000
340 342 -1.000000
340 343 -0.333333
340 344 5.000000
340 404 0.066667
341 349 -4.333333
342 350 -0.066667
343 351 1.000000
344 352 -1.000000
345 349 0.733333
345 350 0.200000
345 351 -0.866667
345 352 0.866667
345 409 -0.733333
346 349 -0.066667
346 350 -0.866667
346 351 -0.600000
346 352 -1.000000
346 410 0.066667
347 349 0.466667
347 350 0.866667
347 351 0.733333
347 352 0.200000
347 411 -0.600000
348 349 0.200000
348 350 -1.000000
348 351 0.200000
348 352 0.200000
348 412 -1.000000
349 357 -0.600000
350 358 -1.000000
351 359 -0.066667
352 360 -3.000000
353 357 0.466667
353 358 0.333333
353 359 0.466667
353 360 1.000000
353 417 -4.333333
354 357 -1.000000
354 358 -0.200000
354 359 0.866667
354 360 0.333333
354 418 0.333333
355 357 0.600000
355 358 3.000000
355 359 -0.200000
355 360 -0.200000
355 419 0.733333
356 357 0.333333
356 358 -0.733333
356 359 1.000000
356 360 0.066667
356 420 -0.733333
357 365 0.333333
358 366 -0.333333
359 367 0.600000
360 368 0.600000
361 365 0.333333
361 366 0.333333
361 367 0.733333
361 368 1.000000
361 425 -0.733333
362 365 0.200000
362 366 0.200000
362 367 -0.866667
362 368 0.200000
362 426 1.000000
363 365 0.733333
363 366 0.466667
363 367 -0.466667
363 368 0.200000
363 427 -0.066667
364 365 -0.333333
364 366 0.333333
364 367 -1.000000
364 368 0.866667
364 428 -0.466667
365 373 0.333333
366 374 -0.200000
367 375 -0.333333
368 376 -0.333333
369 373 2.333333
369 374 0.466667
369 375 0.200000
369 376 0.200000
369 433 0.600000
370 373 -0.200000
370 374 -0.200000
370 375 -0.733333
370 376 -0.600000
370 434 -0.066667
371 373 -4.333333
371 374 -1.000000
371 375 0.600000
371 376 -0.600000
371 435 -3.666667
372 373 5.000000
372 374 -0.200000
372 375 0.200000
372 376 0.866667
372 436 4.333333
373 381 -0.733333
374 382 -0.600000
375 383 -0.333333
376 384 0.066667
377 381 -0.200000
377 382 -0.733333
377 383 0.600000
377 384 -0.466667
377 441 -0.333333
378 381 0.866667
378 382 1.000000
378 383 -0.200000
378 384 0.733333
378 442 1.000000
379 381 0.600000
379 382 -0.200000
379 383 0.866667
379 384 0.600000
379 443 0.600000
380 381 0.066667
380 382 0.466667
380 383 -0.600000
380 384 -0.466667
380 444 0.466667
385 389 -0.066667
385 390 -0.866667
385 391 -0.466667
385 392 0.200000
385 449 0.200000
386 389 -0.466667
386 390 0.733333
386 391 -0.600000
386 392 0.066667
386 450 -0.600000
387 389 -0.066667
387 390 -0.200000
387 391 -0.066667
387 392 0.733333
387 451 0.866667
388 389 -0.600000
388 390 -0.066667
388 391 0.333333
388 392 1.000000
388 452 0.466667
389 397 -1.000000
390 398 0.200000
391 399 -0.733333
392 400 -0.866667
393 397 -0.600000
393 398 0.466667
393 399 0.200000
393 400 0.600000
393 457 0.600000
394 397 0.733333
394 398 0.866667
394 399 -0.600000
394 400 -4.333333
394 458 -0.600000
395 397 -1.000000
395 398 0.333333
395 399 -0.333333
395 400 -2.333333
395 459 0.066667
396 397 -5.000000
396 398 -0.333333
396 399 -0.333333
396 400 -0.333333
396 460 -1.000000
397 405 -0.600000
398 406 -0.866667
399 407 -0.200000
400 408 -1.666667
401 405 0.200000
401 406 0.200000
401 407 -0.733333
401 408 0.333333
401 465 -0.333333
402 405 0.066667
402 406 -0.866667
402 407 1.000000
402 408 0.600000
402 466 0.066667
403 405 -1.000000
403 406 1.000000
403 407 0.733333
403 408 0.600000
403 467 0.066667
404 405 -0.066667
404 406 1.666667
404 407 0.066667
404 408 0.866667
404 468 0.733333
405 413 -0.600000
406 414 4.333333
407 415 0.466667
408 416 0.733333
409 413 0.333333
409 414 -0.333333
409 415 -0.200000
409 416 -1.000000
409 473 0.866667
410 413 -0.600000
410 414 3.666667
410 415 0.066667
410 416 -0.466667
410 474 0.066667
411 413 -0.200000
411 414 0.066667
411 415 -0.466667
411 416 -1.666667
411 475 -1.000000
412 413 3.666667
412 414 1.000000
412 415 3.000000
412 416 4.333333
412 476 -1.000000
413 421 -0.733333
414 422 0.333333
415 423 -0.733333
416 424 -2.333333
417 421 -0.733333
417 422 0.733333
417 423 4.333333
417 424 -3.000000
417 481 1.000000
418 421 -0.066667
418 422 -0.466667
418 423 1.000000
418 424 -0.333333
418 482 0.866667
419 421 -0.066667
419 422 0.733333
419 423 0.333333
419 424 1.000000
419 483 -0.600000
420 421 0.866667
420 422 -1.000000
420 423 -0.333333
420 424 1.000000
420 484 -0.333333
421 429 -0.333333
422 430 0.733333
423 431 1.000000
424 432 -0.733333
425 429 -0.333333
425 430 -0.600000
425 431 1.000000
425 432 -1.000000
425 489 0.200000
426 429 -0.333333
426 430 -0.733333
426 431 -1.000000
426 432 -0.066667
426 490 -0.733333
427 429 -0.733333
427 430 -0.866667
427 431 0.866667
427 432 -3.666667
427 491 -1.000000
428 429 0.200000
428 430 0.600000
428 431 3.000000
428 432 -0.333333
428 492 -0.333333
429 437 -2.333333
430 438 0.333333
431 439 -0.866667
432 440 -0.733333
433 437 -0.866667
433 438 0.600000
433 439 0.600000
433 440 -0.866667
433 497 0.733333
434 437 0.200000
434 438 -0.066667
434 439 -1.000000
434 440 -0.333333
434 498 0.066667
435 437 0.333333
435 438 -1.000000
435 439 1.000000
435 440 -0.200000
435 499 0.333333
436 437 -0.200000
436 438 -0.200000
436 439 -0.866667
436 440 -0.066667
436 500 0.733333
437 445 -3.000000
438 446 0.066667
439 447 -1.000000
440 448 0.600000
441 445 -0.333333
441 446 -0.866667
441 447 0.333333
441 448 0.200000
441 505 0.733333
442 445 0.200000
442 446 -0.866667
442 447 0.466667
442 448 -0.466667
442 506 0.466667
443 445 -0.466667
443 446 0.466667
443 447 -0.866667
443 448 -0.600000
443 507 0.866667
444 445 -2.333333
444 446 0.200000
444 447 -1.000000
444 448 -0.200000
444 508 0.600000
449 453 0.333333
449 454 0.466667
449 455 -3.666667
449 456 0.066667
450 453 -0.333333
450 454 0.333333
450 455 0.466667
450 456 1.000000
451 453 -0.600000
451 454 0.600000
451 455 0.200000
451 456 0.066667
452 453 0.066667
452 454 0.733333
452 455 0.600000
452 456 -0.733333
453 461 -0.600000
454 462 1.000000
455 463 0.066667
456 464 0.333333
457 461 -1.000000
457 462 -0.733333
457 463 -0.200000
457 464 -0.466667
458 461 -0.866667
458 462 0.066667
458 463 -0.466667
458 464 0.066667
459 461 1.000000
459 462 0.466667
459 463 -0.600000
459 464 -0.866667
460 461 -0.866667
460 462 -0.466667
460 463 0.866667
460 464 0.866667
461 469 -0.066667
462 470 -0.866667
463 471 0.333333
464 472 0.866667
465 469 -1.000000
465 470 -0.066667
465 471 0.733333
465 472 0.466667
466 469 0.333333
466 470 -0.866667
466 471 0.466667
466 472 0.333333
467 469 -0.333333
467 470 -0.466667
467 471 0.866667
467 472 -0.466667
468 469 0.600000
468 470 0.600000
468 471 -1.000000
468 472 -0.066667
469 477 0.333333
470 478 -5.000000
471 479 -0.733333
472 480 -0.600000
473 477 -0.866667
473 478 0.466667
473 479 -1.000000
473 480 -0.733333
474 477 -3.666667
474 478 -0.333333
474 479 -1.000000
474 480 -0.066667
475 477 -0.866667
475 478 1.000000
475 479 -0.733333
475 480 1.000000
476 477 -0.200000
476 478 0.733333
476 479 -0.600000
476 480 0.466667
477 485 -0.600000
478 486 0.333333
479 487 -0.333333
480 488 0.200000
481 485 -0.333333
481 486 -0.600000
481 487 0.200000
481 488 -0.066667
482 485 0.066667
482 486 -0.333333
482 487 -0.733333
482 488 -0.466667
483 485 0.600000
483 486 -0.733333
483 487 -0.200000
483 488 -0.733333
484 485 -0.600000
484 486 -0.200000
484 487 -0.466667
484 488 0.600000
485 493 -0.200000
486 494 0.066667
487 495 -0.333333
488 496 0.733333
489 493 0.866667
489 494 0.600000
489 495 -0.066667
489 496 -0.733333
490 493 -0.600000
490 494 0.733333
490 495 0.200000
490 496 0.733333
491 493 -1.000000
491 494 -1.000000
491 495 -0.600000
491 496 -0.066667
492 493 0.333333
492 494 4.333333
492 495 -1.000000
492 496 0.733333
493 501 -0.600000
494 502 0.733333
495 503 -0.333333
496 504 -0.466667
497 501 4.333333
497 502 0.333333
497 503 1.666667
497 504 1.000000
498 501 0.733333
498 502 0.733333
498 503 -0.333333
498 504 -0.200000
499 501 0.600000
499 502 -0.466667
499 503 2.333333
499 504 2.333333
500 501 3.000000
500 502 0.733333
500 503 -0.066667
500 504 3.000000
501 509 -3.000000
502 510 -0.333333
503 511 3.666667
504 512 -3.666667
505 509 4.333333
505 510 -1.000000
505 511 -1.000000
505 512 0.200000
506 509 -0.733333
506 510 0.600000
506 511 0.200000
506 512 -2.333333
507 509 -1.000000
507 510 -1.000000
507 511 -0.866667
507 512 -0.733333
508 509 -0.200000
508 510 1.000000
508 511 -0.066667
508 512 1.666667