#
1 1 -0.200000
2 2 0.146667
3 3 -0.013333
4 4 -0.120000
5 5 -0.120000
6 6 0.200000
7 7 0.120000
8 8 0.040000
9 9 0.013333
10 10 0.173333
11 11 0.173333
12 12 0.146667
13 13 0.173333
14 14 0.120000
15 15 0.146667
16 16 0.066667
17 17 0.066667
18 18 -0.173333
19 19 -0.066667
20 20 0.013333
21 21 0.093333
22 22 -0.173333
23 23 -0.093333
24 24 -0.120000
25 25 -0.146667
26 26 -0.120000
27 27 -0.120000
28 28 0.146667
29 29 -0.120000
30 30 -0.093333
31 31 0.013333
32 32 0.120000
33 33 -0.066667
34 34 0.120000
35 35 -0.013333
36 36 -0.120000
37 37 0.093333
38 38 0.200000
39 39 0.093333
40 40 0.120000
41 41 -0.040000
42 42 -0.013333
43 43 -0.093333
44 44 -0.146667
45 45 0.013333
46 46 -0.173333
47 47 0.013333
48 48 0.093333
49 49 -0.013333
50 50 -0.200000
51 51 0.146667
52 52 0.013333
53 53 0.200000
54 54 -0.120000
55 55 0.200000
56 56 -0.120000
57 57 0.013333
58 58 -0.120000
59 59 -0.066667
60 60 -0.120000
61 61 0.093333
62 62 0.040000
63 63 0.066667
64 64 0.200000
65 65 0.173333
66 66 0.146667
67 67 0.013333
68 68 0.093333
69 69 0.040000
70 70 -0.173333
71 71 0.120000
72 72 -0.120000
73 73 -0.013333
74 74 -0.093333
75 75 0.146667
76 76 0.173333
77 77 0.120000
78 78 -0.040000
79 79 -0.040000
80 80 -0.120000
81 81 0.120000
82 82 0.040000
83 83 0.173333
84 84 0.093333
85 85 -0.173333
86 86 -0.173333
87 87 -0.040000
88 88 -0.120000
89 89 -0.040000
90 90 -0.066667
91 91 -0.013333
92 92 -0.013333
93 93 0.013333
94 94 0.120000
95 95 -0.066667
96 96 0.120000
97 97 0.200000
98 98 -0.066667
99 99 -0.093333
100 100 0.066667
101 101 -0.013333
102 102 0.013333
103 103 -0.200000
104 104 -0.200000
105 105 0.093333
106 106 -0.146667
107 107 -0.120000
108 108 0.200000
109 109 0.146667
110 110 -0.013333
111 111 -0.066667
112 112 0.120000
113 113 0.013333
114 114 -0.066667
115 115 0.120000
116 116 0.120000
117 117 0.066667
118 118 -0.146667
119 119 0.040000
120 120 -0.173333
121 121 0.146667
122 122 0.120000
123 123 0.040000
124 124 0.040000
125 125 0.173333
126 126 0.146667
127 127 -0.093333
128 128 -0.146667
129 129 -0.120000
130 130 -0.093333
131 131 0.040000
132 132 0.013333
133 133 0.146667
134 134 0.066667
135 135 0.146667
136 136 -0.200000
137 137 -0.173333
138 138 0.093333
139 139 0.200000
140 140 0.040000
141 141 0.013333
142 142 0.013333
143 143 0.013333
144 144 0.013333
145 145 -0.146667
146 146 -0.146667
147 147 0.040000
148 148 0.066667
149 149 -0.013333
150 150 0.200000
151 151 0.146667
152 152 -0.013333
153 153 0.066667
154 154 0.200000
155 155 0.200000
156 156 0.173333
157 157 -0.013333
158 158 -0.146667
159 159 0.093333
160 160 -0.200000
161 161 0.146667
162 162 0.146667
163 163 -0.146667
164 164 -0.120000
165 165 -0.173333
166 166 -0.120000
167 167 0.093333
168 168 -0.066667
169 169 0.120000
170 170 0.173333
171 171 -0.173333
172 172 -0.200000
173 173 -0.040000
174 174 0.093333
175 175 -0.173333
176 176 0.066667
177 177 0.146667
178 178 -0.173333
179 179 0.173333
180 180 -0.120000
181 181 0.066667
182 182 0.093333
183 183 -0.093333
184 184 -0.173333
185 185 -0.120000
186 186 0.146667
187 187 -0.120000
188 188 -0.200000
189 189 -0.040000
190 190 0.120000
191 191 0.040000
192 192 -0.040000
193 193 -0.066667
194 194 -0.093333
195 195 0.173333
196 196 0.013333
197 197 0.066667
198 198 0.013333
199 199 -0.013333
200 200 0.093333
201 201 0.093333
202 202 0.066667
203 203 -0.093333
204 204 0.146667
205 205 -0.013333
206 206 -0.040000
207 207 -0.040000
208 208 0.200000
209 209 -0.040000
210 210 0.066667
211 211 0.066667
212 212 0.173333
213 213 -0.066667
214 214 -0.173333
215 215 -0.173333
216 216 0.040000
217 217 0.040000
218 218 0.146667
219 219 -0.093333
220 220 -0.120000
221 221 -0.093333
222 222 -0.146667
223 223 0.093333
224 224 -0.200000
225 225 0.066667
226 226 -0.146667
227 227 -0.040000
228 228 0.066667
229 229 0.066667
230 230 0.013333
231 231 0.013333
232 232 -0.200000
233 233 0.173333
234 234 0.013333
235 235 0.013333
236 236 -0.200000
237 237 -0.066667
238 238 -0.040000
239 239 -0.013333
240 240 0.013333
241 241 -0.146667
242 242 0.120000
243 243 0.013333
244 244 0.013333
245 245 0.013333
246 246 0.066667
247 247 0.173333
248 248 -0.093333
249 249 -0.200000
250 250 -0.040000
251 251 0.013333
252 252 0.013333
253 253 -0.120000
254 254 -0.200000
255 255 -0.066667
256 256 -0.173333
257 257 -0.093333
258 258 0.093333
259 259 0.173333
260 260 -0.093333
261 261 -0.066667
262 262 -0.120000
263 263 -0.146667
264 264 -0.173333
265 265 0.173333
266 266 0.173333
267 267 0.200000
268 268 -0.013333
269 269 0.120000
270 270 -0.093333
271 271 0.013333
272 272 0.013333
273 273 0.066667
274 274 -0.013333
275 275 0.120000
276 276 0.013333
277 277 0.200000
278 278 0.013333
279 279 0.066667
280 280 -0.066667
281 281 -0.200000
282 282 -0.066667
283 283 0.120000
284 284 -0.146667
285 285 -0.120000
286 286 0.040000
287 287 -0.120000
288 288 0.066667
289 289 0.040000
290 290 -0.093333
291 291 0.120000
292 292 0.093333
293 293 -0.066667
294 294 -0.200000
295 295 0.200000
296 296 -0.040000
297 297 0.013333
298 298 0.146667
299 299 -0.146667
300 300 0.040000
301 301 0.200000
302 302 0.146667
303 303 0.013333
304 304 0.173333
305 305 -0.013333
306 306 -0.120000
307 307 0.013333
308 308 -0.120000
309 309 0.200000
310 310 -0.040000
311 311 0.013333
312 312 0.200000
313 313 0.013333
314 314 0.146667
315 315 -0.040000
316 316 -0.173333
317 317 0.173333
318 318 -0.173333
319 319 0.120000
320 320 -0.013333
321 321 -0.173333
322 322 -0.013333
323 323 0.120000
324 324 0.146667
325 325 0.200000
326 326 -0.146667
327 327 -0.200000
328 328 -0.173333
329 329 -0.013333
330 330 -0.173333
331 331 -0.146667
332 332 -0.013333
333 333 0.120000
334 334 0.146667
335 335 -0.040000
336 336 0.066667
337 337 0.173333
338 338 -0.040000
339 339 0.146667
340 340 -0.120000
341 341 0.066667
342 342 -0.040000
343 343 0.120000
344 344 0.066667
345 345 -0.173333
346 346 0.066667
347 347 0.040000
348 348 -0.200000
349 349 -0.173333
350 350 0.093333
351 351 -0.120000
352 352 0.040000
353 353 -0.013333
354 354 0.066667
355 355 -0.093333
356 356 0.200000
357 357 -0.093333
358 358 -0.200000
359 359 -0.173333
360 360 0.173333
361 361 0.066667
362 362 -0.120000
363 363 -0.093333
364 364 0.066667
365 365 -0.093333
366 366 -0.040000
367 367 -0.040000
368 368 -0.066667
369 369 0.120000
370 370 0.173333
371 371 0.040000
372 372 0.120000
373 373 0.146667
374 374 0.173333
375 375 0.146667
376 376 0.146667
377 377 -0.146667
378 378 0.066667
379 379 0.040000
380 380 0.066667
381 381 0.120000
382 382 -0.040000
383 383 -0.146667
384 384 0.040000
385 385 0.066667
386 386 0.146667
387 387 -0.120000
388 388 0.093333
389 389 0.013333
390 390 -0.173333
391 391 0.120000
392 392 -0.093333
393 393 -0.146667
394 394 0.093333
395 395 0.040000
396 396 -0.013333
397 397 -0.200000
398 398 -0.040000
399 399 -0.146667
400 400 -0.146667
401 401 0.146667
402 402 0.173333
403 403 0.093333
404 404 -0.173333
405 405 -0.200000
406 406 0.173333
407 407 -0.146667
408 408 -0.093333
409 409 -0.066667
410 410 0.146667
411 411 0.040000
412 412 0.146667
413 413 0.173333
414 414 0.120000
415 415 0.013333
416 416 0.013333
417 417 -0.040000
418 418 -0.040000
419 419 -0.146667
420 420 0.040000
421 421 0.120000
422 422 -0.093333
423 423 0.120000
424 424 -0.120000
425 425 0.200000
426 426 -0.120000
427 427 0.173333
428 428 0.066667
429 429 0.146667
430 430 -0.066667
431 431 0.120000
432 432 -0.013333
433 433 0.066667
434 434 -0.173333
435 435 -0.066667
436 436 -0.040000
437 437 -0.146667
438 438 -0.093333
439 439 0.120000
440 440 0.200000
441 441 -0.066667
442 442 0.066667
443 443 0.200000
444 444 0.120000
445 445 -0.120000
446 446 -0.040000
447 447 -0.173333
448 448 0.200000
449 449 -0.066667
450 450 0.200000
451 451 0.066667
452 452 0.146667
453 453 0.040000
454 454 0.200000
455 455 0.066667
456 456 -0.093333
457 457 0.040000
458 458 0.093333
459 459 0.146667
460 460 -0.066667
461 461 -0.093333
462 462 -0.146667
463 463 0.200000
464 464 -0.040000
465 465 -0.146667
466 466 -0.093333
467 467 0.146667
468 468 -0.066667
469 469 -0.093333
470 470 -0.093333
471 471 0.120000
472 472 -0.013333
473 473 -0.066667
474 474 0.093333
475 475 -0.040000
476 476 -0.093333
477 477 0.146667
478 478 0.120000
479 479 0.066667
480 480 -0.146667
481 481 -0.146667
482 482 0.200000
483 483 0.146667
484 484 -0.173333
485 485 0.093333
486 486 0.173333
487 487 0.093333
488 488 -0.200000
489 489 0.146667
490 490 0.040000
491 491 -0.093333
492 492 0.066667
493 493 0.146667
494 494 -0.200000
495 495 -0.200000
496 496 0.066667
497 497 0.173333
498 498 0.013333
499 499 0.066667
500 500 -0.013333
501 501 0.093333
502 502 0.173333
503 503 0.066667
504 504 -0.040000
505 505 -0.093333
506 506 -0.066667
507 507 -0.040000
508 508 -0.093333
509 509 -0.146667
510 510 0.120000
511 511 0.120000
512 512 -0.120000
1 5 0.066667
1 6 0.066667
1 7 -0.866667
1 8 -0.600000
1 65 -0.066667
2 5 0.200000
2 6 1.000000
2 7 -0.066667
2 8 -0.466667
2 66 0.066667
3 5 0.066667
3 6 -0.600000
3 7 0.066667
3 8 0.333333
3 67 0.466667
4 5 -0.733333
4 6 0.866667
4 7 -3.000000
4 8 -3.666667
4 68 0.200000
5 13 -0.466667
6 14 1.000000
7 15 0.333333
8 16 1.000000
9 13 -0.866667
9 14 -0.066667
9 15 -2.333333
9 16 -3.000000
9 73 0.733333
10 13 -0.066667
10 14 -0.866667
10 15 -0.200000
10 16 -0.866667
10 74 4.333333
11 13 -1.000000
11 14 0.200000
11 15 1.000000
11 16 0.466667
11 75 -0.333333
12 13 -0.333333
12 14 -1.666667
12 15 -0.466667
12 16 2.333333
12 76 -0.333333
13 21 -0.733333
14 22 0.333333
15 23 -0.466667
16 24 0.733333
17 21 0.333333
17 22 -0.333333
17 23 0.733333
17 24 0.866667
17 81 0.466667
18 21 0.200000
18 22 5.000000
18 23 0.066667
18 24 -0.066667
18 82 -0.866667
19 21 0.066667
19 22 0.066667
19 23 -1.000000
19 24 -0.733333
19 83 0.600000
20 21 -0.866667
20 22 1.000000
20 23 0.200000
20 24 -0.733333
20 84 0.866667
21 29 -0.200000
22 30 0.066667
23 31 -0.466667
24 32 -0.466667
25 29 -0.333333
25 30 1.000000
25 31 -0.733333
25 32 -1.000000
25 89 0.866667
26 29 0.066667
26 30 -0.866667
26 31 0.600000
26 32 1.000000
26 90 0.200000
27 29 0.733333
27 30 -0.866667
27 31 0.466667
27 32 0.333333
27 91 -0.200000
28 29 0.466667
28 30 -0.066667
28 31 -0.066667
28 32 0.200000
28 92 -1.000000
29 37 0.733333
30 38 -0.066667
31 39 3.000000
32 40 1.000000
33 37 -0.333333
33 38 -0.200000
33 39 -1.000000
33 40 -0.600000
33 97 -0.733333
34 37 0.333333
34 38 0.200000
34 39 0.466667
34 40 0.600000
34 98 -0.200000
35 37 0.866667
35 38 -0.466667
35 39 -0.466667
35 40 0.333333
35 99 -0.466667
36 37 0.866667
36 38 1.000000
36 39 0.600000
36 40 0.600000
36 100 -0.466667
37 45 -0.733333
38 46 0.733333
39 47 -0.600000
40 48 0.733333
41 45 0.466667
41 46 -1.000000
41 47 4.333333
41 48 -1.000000
41 105 -0.466667
42 45 -0.600000
42 46 -0.333333
42 47 -1.000000
42 48 1.000000
42 106 -3.000000
43 45 -0.066667
43 46 0.866667
43 47 -0.200000
43 48 0.466667
43 107 0.866667
44 45 3.000000
44 46 -1.666667
44 47 -3.666667
44 48 -0.200000
44 108 0.466667
45 53 -0.333333
46 54 0.200000
47 55 -1.666667
48 56 0.333333
49 53 0.733333
49 54 -2.333333
49 55 3.666667
49 56 -0.066667
49 113 0.600000
50 53 0.200000
50 54 0.600000
50 55 2.333333
50 56 -0.333333
50 114 -0.333333
51 53 -0.866667
51 54 0.333333
51 55 0.066667
51 56 0.333333
51 115 -0.466667
52 53 3.666667
52 54 -0.333333
52 55 -0.200000
52 56 -0.466667
52 116 1.666667
53 61 0.066667
54 62 -4.333333
55 63 -0.333333
56 64 -0.466667
57 61 -0.600000
57 62 -0.866667
57 63 0.866667
57 64 0.733333
57 121 -0.066667
58 61 -1.000000
58 62 -0.066667
58 63 0.200000
58 64 0.200000
58 122 0.733333
59 61 -1.000000
59 62 -0.200000
59 63 -1.000000
59 64 -0.200000
59 123 -0.733333
60 61 0.066667
60 62 -0.866667
60 63 0.866667
60 64 -0.200000
60 124 -0.600000
65 69 -1.000000
65 70 0.600000
65 71 -0.466667
65 72 -0.600000
65 129 -0.333333
66 69 4.333333
66 70 -1.666667
66 71 -0.866667
66 72 1.000000
66 130 0.866667
67 69 -0.333333
67 70 1.000000
67 71 0.066667
67 72 0.600000
67 131 -0.866667
68 69 0.066667
68 70 -5.000000
68 71 0.333333
68 72 -4.333333
68 132 0.600000
69 77 -4.333333
70 78 3.000000
71 79 -0.733333
72 80 -0.333333
73 77 0.733333
73 78 -0.600000
73 79 0.600000
73 80 3.000000
73 137 -0.066667
74 77 -4.333333
74 78 4.333333
74 79 -1.666667
74 80 -1.000000
74 138 -3.666667
75 77 -3.666667
75 78 0.600000
75 79 -0.066667
75 80 0.600000
75 139 -5.000000
76 77 0.200000
76 78 0.600000
76 79 0.600000
76 80 -0.733333
76 140 0.200000
77 85 0.333333
78 86 -0.733333
79 87 0.333333
80 88 -0.466667
81 85 -0.600000
81 86 1.000000
81 87 -0.600000
81 88 0.866667
81 145 0.866667
82 85 -0.200000
82 86 -1.000000
82 87 -0.466667
82 88 -0.333333
82 146 0.466667
83 85 0.466667
83 86 -1.000000
83 87 0.866667
83 88 -0.333333
83 147 0.866667
84 85 -5.000000
84 86 0.466667
84 87 0.333333
84 88 -0.600000
84 148 0.066667
85 93 -0.600000
86 94 -0.466667
87 95 0.333333
88 96 -1.000000
89 93 -0.600000
89 94 0.600000
89 95 0.733333
89 96 0.066667
89 153 -0.200000
90 93 0.200000
90 94 0.466667
90 95 -0.866667
90 96 -0.066667
90 154 -0.733333
91 93 0.200000
91 94 1.000000
91 95 -0.466667
91 96 1.000000
91 155 -1.000000
92 93 1.000000
92 94 -0.066667
92 95 0.200000
92 96 -0.866667
92 156 0.200000
93 101 0.733333
94 102 -0.866667
95 103 0.333333
96 104 -1.000000
97 101 0.733333
97 102 0.466667
97 103 -0.466667
97 104 -0.200000
97 161 -0.866667
98 101 -0.600000
98 102 0.466667
98 103 0.866667
98 104 -0.866667
98 162 1.000000
99 101 -3.000000
99 102 -0.733333
99 103 -0.600000
99 104 -1.000000
99 163 -0.066667
100 101 0.466667
100 102 0.600000
100 103 0.466667
100 104 -0.866667
100 164 0.733333
101 109 -0.333333
102 110 0.200000
103 111 -0.333333
104 112 -1.000000
105 109 0.066667
105 110 0.866667
105 111 0.200000
105 112 -0.866667
105 169 -0.466667
106 109 -3.666667
106 110 1.000000
106 111 -0.333333
106 112 0.333333
106 170 0.866667
107 109 0.200000
107 110 1.000000
107 111 -0.333333
107 112 0.200000
107 171 0.866667
108 109 -0.066667
108 110 0.733333
108 111 -5.000000
108 112 -0.600000
108 172 -0.600000
109 117 1.000000
110 118 -0.333333
111 119 0.333333
112 120 0.600000
113 117 -0.066667
113 118 -0.333333
113 119 -0.600000
113 120 0.733333
113 177 -0.733333
114 117 0.733333
114 118 -0.066667
114 119 -0.200000
114 120 -0.066667
114 178 0.733333
115 117 -0.066667
115 118 0.733333
115 119 4.333333
115 120 0.866667
115 179 0.466667
116 117 0.200000
116 118 -0.466667
116 119 -0.200000
116 120 1.000000
116 180 0.333333
117 125 -0.200000
118 126 5.000000
119 127 0.866667
120 128 -0.466667
121 125 -0.066667
121 126 -0.733333
121 127 1.000000
121 128 -1.000000
121 185 -0.866667
122 125 -0.066667
122 126 0.733333
122 127 0.733333
122 128 0.733333
122 186 -0.066667
123 125 -3.000000
123 126 1.000000
123 127 1.000000
123 128 3.666667
123 187 -0.733333
124 125 0.866667
124 126 -0.600000
124 127 0.600000
124 128 -1.666667
124 188 -0.866667
129 133 1.000000
129 134 0.200000
129 135 -0.466667
129 136 1.000000
129 193 -0.466667
130 133 0.200000
130 134 0.466667
130 135 1.000000
130 136 1.000000
130 194 -0.333333
131 133 0.200000
131 134 4.333333
131 135 -0.466667
131 136 0.066667
131 195 -0.333333
132 133 0.600000
132 134 -0.466667
132 135 0.733333
132 136 0.333333
132 196 -0.333333
133 141 -0.066667
134 142 0.200000
135 143 0.466667
136 144 -0.200000
137 141 -1.000000
137 142 0.866667
137 143 0.733333
137 144 -0.466667
137 201 -0.600000
138 141 -1.000000
138 142 -0.333333
138 143 0.200000
138 144 0.200000
138 202 -0.066667
139 141 0.066667
139 142 -3.000000
139 143 0.600000
139 144 0.066667
139 203 0.333333
140 141 0.466667
140 142 -1.000000
140 143 0.600000
140 144 -0.066667
140 204 0.466667
141 149 -0.466667
142 150 -0.200000
143 151 -0.066667
144 152 -1.000000
145 149 -0.600000
145 150 -0.200000
145 151 -0.866667
145 152 -0.066667
145 209 -0.733333
146 149 0.466667
146 150 -0.600000
146 151 0.866667
146 152 -0.733333
146 210 0.866667
147 149 0.866667
147 150 0.466667
147 151 0.600000
147 152 0.600000
147 211 -1.000000
148 149 -0.733333
148 150 0.733333
148 151 1.000000
148 152 -0.733333
148 212 0.466667
149 157 0.600000
150 158 0.200000
151 159 -0.466667
152 160 0.733333
153 157 0.066667
153 158 1.000000
153 159 0.600000
153 160 -0.200000
153 217 -1.000000
154 157 0.733333
154 158 0.066667
154 159 -0.600000
154 160 -0.866667
154 218 0.066667
155 157 1.000000
155 158 0.866667
155 159 -1.000000
155 160 -1.000000
155 219 0.066667
156 157 -0.733333
156 158 0.866667
156 159 0.200000
156 160 -0.733333
156 220 0.600000
157 165 -0.866667
158 166 -0.600000
159 167 -0.066667
160 168 -0.600000
161 165 -1.000000
161 166 -0.066667
161 167 -0.733333
161 168 -0.200000
161 225 -0.866667
162 165 0.066667
162 166 -0.866667
162 167 -0.333333
162 168 0.200000
162 226 -1.000000
163 165 -0.066667
163 166 0.200000
163 167 -0.600000
163 168 -1.000000
163 227 0.333333
164 165 0.066667
164 166 0.066667
164 167 -0.466667
164 168 0.733333
164 228 -0.333333
165 173 0.200000
166 174 -0.066667
167 175 0.466667
168 176 -0.333333
169 173 -1.000000
169 174 1.666667
169 175 -0.600000
169 176 -0.600000
169 233 -0.066667
170 173 0.600000
170 174 -0.200000
170 175 -0.866667
170 176 1.000000
170 234 0.333333
171 173 3.000000
171 174 -1.000000
171 175 0.066667
171 176 1.000000
171 235 -1.000000
172 173 -0.866667
172 174 4.333333
172 175 0.066667
172 176 -0.333333
172 236 -0.600000
173 181 -1.000000
174 182 -0.466667
175 183 0.733333
176 184 0.333333
177 181 3.666667
177 182 -0.733333
177 183 0.733333
177 184 0.866667
177 241 0.333333
178 181 -0.733333
178 182 0.866667
178 183 -0.600000
178 184 0.200000
178 242 -0.200000
179 181 -0.866667
179 182 0.466667
179 183 -0.333333
179 184 0.066667
179 243 0.333333
180 181 -0.466667
180 182 0.066667
180 183 0.733333
180 184 -0.333333
180 244 -0.733333
181 189 -0.066667
182 190 0.466667
183 191 0.066667
184 192 -0.600000
185 189 0.200000
185 190 0.866667
185 191 0.733333
185 192 0.466667
185 249 -0.866667
186 189 1.000000
186 190 0.733333
186 191 -0.200000
186 192 0.200000
186 250 0.866667
187 189 0.200000
187 190 0.200000
187 191 0.866667
187 192 -0.600000
187 251 -0.600000
188 189 -0.866667
188 190 -0.066667
188 191 -0.333333
188 192 0.733333
188 252 0.333333
193 197 0.866667
193 198 0.733333
193 199 -0.600000
193 200 0.466667
193 257 0.733333
194 197 1.000000
194 198 -1.000000
194 199 0.733333
194 200 -0.466667
194 258 0.200000
195 197 -0.866667
195 198 0.600000
195 199 0.333333
195 200 3.666667
195 259 -0.733333
196 197 -1.666667
196 198 -0.066667
196 199 1.000000
196 200 0.866667
196 260 1.000000
197 205 0.466667
198 206 1.000000
199 207 0.200000
200 208 0.466667
201 205 -0.200000
201 206 0.466667
201 207 0.066667
201 208 0.200000
201 265 -0.066667
202 205 -0.600000
202 206 -0.466667
202 207 0.866667
202 208 0.066667
202 266 0.733333
203 205 -0.200000
203 206 0.066667
203 207 -0.466667
203 208 -0.466667
203 267 -1.000000
204 205 -2.333333
204 206 -0.466667
204 207 0.066667
204 208 -0.733333
204 268 -0.466667
205 213 -1.000000
206 214 -0.733333
207 215 0.066667
208 216 1.000000
209 213 -0.600000
209 214 0.866667
209 215 1.000000
209 216 -0.466667
209 273 -1.000000
210 213 0.733333
210 214 0.466667
210 215 0.600000
210 216 1.000000
210 274 -0.733333
211 213 -0.066667
211 214 0.866667
211 215 5.000000
211 216 0.866667
211 275 -3.666667
212 213 -0.466667
212 214 -0.733333
212 215 -0.200000
212 216 -1.000000
212 276 0.200000
213 221 -0.333333
214 222 -0.466667
215 223 0.200000
216 224 -0.733333
217 221 -0.866667
217 222 1.000000
217 223 0.466667
217 224 -0.733333
217 281 0.066667
218 221 -0.200000
218 222 -3.000000
218 223 0.600000
218 224 0.866667
218 282 -1.000000
219 221 -1.000000
219 222 -0.200000
219 223 0.466667
219 224 0.066667
219 283 -0.066667
220 221 -0.600000
220 222 -3.666667
220 223 0.733333
220 224 -0.866667
220 284 0.066667
221 229 -0.733333
222 230 0.866667
223 231 -0.866667
224 232 0.200000
225 229 0.200000
225 230 -0.733333
225 231 0.333333
225 232 0.866667
225 289 -0.733333
226 229 0.600000
226 230 -1.000000
226 231 0.200000
226 232 0.733333
226 290 -1.000000
227 229 -0.200000
227 230 -0.333333
227 231 -0.066667
227 232 0.733333
227 291 -0.066667
228 229 -0.333333
228 230 -0.733333
228 231 -0.866667
228 232 0.200000
228 292 -0.333333
229 237 0.466667
230 238 0.333333
231 239 -0.066667
232 240 0.733333
233 237 0.733333
233 238 0.333333
233 239 -0.600000
233 240 -0.200000
233 297 0.866667
234 237 -0.200000
234 238 0.066667
234 239 0.866667
234 240 0.600000
234 298 0.333333
235 237 0.466667
235 238 0.333333
235 239 0.866667
235 240 1.000000
235 299 3.000000
236 237 1.000000
236 238 0.866667
236 239 0.066667
236 240 0.733333
236 300 -0.466667
237 245 -0.600000
238 246 -0.333333
239 247 -0.066667
240 248 -0.466667
241 245 -0.200000
241 246 -0.066667
241 247 0.600000
241 248 0.466667
241 305 0.466667
242 245 -0.333333
242 246 -0.466667
242 247 5.000000
242 248 0.466667
242 306 -0.866667
243 245 -0.733333
243 246 0.200000
243 247 -0.600000
243 248 0.866667
243 307 -0.866667
244 245 -0.333333
244 246 -1.000000
244 247 3.666667
244 248 0.066667
244 308 -0.333333
245 253 -0.066667
246 254 0.200000
247 255 0.200000
248 256 1.000000
249 253 0.333333
249 254 0.466667
249 255 0.066667
249 256 -0.333333
249 313 1.000000
250 253 0.066667
250 254 -0.733333
250 255 0.466667
250 256 0.733333
250 314 -0.866667
251 253 0.466667
251 254 0.333333
251 255 0.466667
251 256 0.600000
251 315 0.333333
252 253 -0.200000
252 254 -0.600000
252 255 -0.866667
252 256 -0.066667
252 316 -0.733333
257 261 0.600000
257 262 0.600000
257 263 -0.600000
257 264 -1.000000
257 321 -0.866667
258 261 -0.066667
258 262 0.866667
258 263 0.866667
258 264 1.000000
258 322 -0.333333
259 261 -0.200000
259 262 0.866667
259 263 0.866667
259 264 0.466667
259 323 -0.866667
260 261 0.600000
260 262 0.333333
260 263 0.466667
260 264 -0.466667
260 324 0.866667
261 269 -0.200000
262 270 -0.733333
263 271 -0.466667
264 272 -0.866667
265 269 0.200000
265 270 -0.866667
265 271 0.066667
265 272 1.000000
265 329 0.733333
266 269 0.600000
266 270 0.733333
266 271 -0.066667
266 272 -0.466667
266 330 -0.200000
267 269 -0.866667
267 270 0.600000
267 271 0.200000
267 272 -0.466667
267 331 -0.600000
268 269 -1.000000
268 270 -0.600000
268 271 0.733333
268 272 0.200000
268 332 0.866667
269 277 -0.866667
270 278 1.000000
271 279 -0.333333
272 280 -0.600000
273 277 -1.000000
273 278 -0.733333
273 279 1.000000
273 280 -0.333333
273 337 -0.466667
274 277 -0.866667
274 278 1.000000
274 279 0.733333
274 280 -0.200000
274 338 -1.000000
275 277 -0.066667
275 278 0.066667
275 279 -3.666667
275 280 -1.000000
275 339 -0.333333
276 277 -0.466667
276 278 1.000000
276 279 0.733333
276 280 -0.600000
276 340 0.200000
277 285 1.000000
278 286 0.866667
279 287 5.000000
280 288 -0.600000
281 285 0.466667
281 286 1.000000
281 287 -0.733333
281 288 -2.333333
281 345 0.066667
282 285 -0.333333
282 286 1.000000
282 287 -1.666667
282 288 -0.866667
282 346 0.333333
283 285 -0.866667
283 286 1.666667
283 287 -0.733333
283 288 -0.200000
283 347 0.333333
284 285 -1.000000
284 286 1.000000
284 287 4.333333
284 288 -0.066667
284 348 0.866667
285 293 0.600000
286 294 0.866667
287 295 0.866667
288 296 0.866667
289 293 -0.466667
289 294 1.000000
289 295 -0.733333
289 296 -1.000000
289 353 0.466667
290 293 -0.066667
290 294 0.200000
290 295 0.200000
290 296 -0.466667
290 354 0.200000
291 293 0.200000
291 294 -0.733333
291 295 -0.866667
291 296 0.333333
291 355 0.733333
292 293 0.733333
292 294 -0.200000
292 295 0.333333
292 296 -0.600000
292 356 -0.333333
293 301 -0.333333
294 302 -0.333333
295 303 0.200000
296 304 3.000000
297 301 -0.200000
297 302 -0.600000
297 303 1.000000
297 304 -1.666667
297 361 -0.733333
298 301 0.600000
298 302 -1.000000
298 303 1.000000
298 304 0.066667
298 362 0.333333
299 301 0.333333
299 302 -0.466667
299 303 1.666667
299 304 0.200000
299 363 -1.000000
300 301 3.666667
300 302 -1.000000
300 303 -0.200000
300 304 -0.733333
300 364 -5.000000
301 309 0.200000
302 310 -0.600000
303 311 -3.000000
304 312 -1.000000
305 309 -1.000000
305 310 -0.200000
305 311 0.600000
305 312 -0.600000
305 369 0.066667
306 309 -0.333333
306 310 -0.866667
306 311 0.866667
306 312 -0.066667
306 370 -0.066667
307 309 -0.066667
307 310 -1.000000
307 311 -0.600000
307 312 -0.600000
307 371 -0.600000
308 309 1.666667
308 310 -0.600000
308 311 0.333333
308 312 -0.600000
308 372 0.733333
309 317 -0.066667
310 318 0.733333
311 319 -0.066667
312 320 0.333333
313 317 -0.200000
313 318 -0.200000
313 319 -1.000000
313 320 -0.600000
313 377 -0.333333
314 317 1.000000
314 318 0.200000
314 319 -0.466667
314 320 0.866667
314 378 -0.866667
315 317 -0.333333
315 318 -1.000000
315 319 -0.466667
315 320 -0.600000
315 379 0.200000
316 317 -0.866667
316 318 1.000000
316 319 0.466667
316 320 0.600000
316 380 -0.200000
321 325 0.333333
321 326 0.333333
321 327 -0.466667
321 328 -0.600000
321 385 -1.000000
322 325 0.200000
322 326 0.333333
322 327 -0.066667
322 328 -0.466667
322 386 -0.200000
323 325 0.333333
323 326 0.866667
323 327 -0.466667
323 328 0.200000
323 387 -0.866667
324 325 0.600000
324 326 0.200000
324 327 -0.733333
324 328 -0.866667
324 388 -0.066667
325 333 0.200000
326 334 -0.200000
327 335 0.200000
328 336 0.600000
329 333 0.733333
329 334 0.200000
329 335 -0.066667
329 336 -0.066667
329 393 -0.600000
330 333 -0.333333
330 334 -0.066667
330 335 -0.466667
330 336 -0.733333
330 394 -1.000000
331 333 -0.866667
331 334 0.466667
331 335 -0.466667
331 336 0.200000
331 395 0.066667
332 333 1.000000
332 334 0.066667
332 335 -0.600000
332 336 -0.733333
332 396 -0.733333
333 341 0.866667
334 342 0.200000
335 343 5.000000
336 344 -0.200000
337 341 -0.200000
337 342 0.466667
337 343 -2.333333
337 344 -0.466667
337 401 -0.866667
338 341 -0.600000
338 342 0.333333
338 343 1.000000
338 344 -0.600000
338 402 -0.333333
339 341 0.200000
339 342 -0.466667
339 343 -0.866667
339 344 -0.466667
339 403 1.000000
340 341 -0.866667
340 342 1.000000
340 343 0.600000
340 344 1.000000
340 404 0.866667
341 349 0.600000
342 350 0.066667
343 351 -0.466667
344 352 0.600000
345 349 0.333333
345 350 -0.333333
345 351 0.600000
345 352 -0.866667
345 409 -0.600000
346 349 -1.000000
346 350 0.733333
346 351 -0.200000
346 352 -0.733333
346 410 -0.066667
347 349 -0.333333
347 350 -0.066667
347 351 0.333333
347 352 -0.733333
347 411 -0.200000
348 349 0.600000
348 350 0.866667
348 351 -0.066667
348 352 2.333333
348 412 -0.200000
349 357 0.733333
350 358 0.466667
351 359 -0.866667
352 360 3.000000
353 357 0.866667
353 358 -0.066667
353 359 -0.466667
353 360 -0.333333
353 417 -1.000000
354 357 0.466667
354 358 -0.333333
354 359 -0.333333
354 360 -0.333333
354 418 -0.866667
355 357 0.066667
355 358 -0.066667
355 359 -0.066667
355 360 0.066667
355 419 -0.200000
356 357 0.333333
356 358 -0.200000
356 359 0.333333
356 360 -0.866667
356 420 0.333333
357 365 0.600000
358 366 1.000000
359 367 -0.866667
360 368 -0.466667
361 365 3.000000
361 366 0.333333
361 367 2.333333
361 368 4.333333
361 425 0.866667
362 365 -0.733333
362 366 -0.333333
362 367 -0.733333
362 368 0.466667
362 426 -0.466667
363 365 0.066667
363 366 -0.866667
363 367 -1.000000
363 368 -0.066667
363 427 0.066667
364 365 -0.733333
364 366 0.600000
364 367 0.200000
364 368 0.600000
364 428 0.600000
365 373 0.200000
366 374 0.733333
367 375 0.600000
368 376 0.866667
369 373 0.200000
369 374 0.466667
369 375 -1.000000
369 376 -0.600000
369 433 -0.600000
370 373 -0.866667
370 374 -1.000000
370 375 -0.466667
370 376 -0.466667
370 434 1.666667
371 373 0.466667
371 374 -0.200000
371 375 1.000000
371 376 -0.866667
371 435 0.866667
372 373 0.733333
372 374 0.333333
372 375 0.866667
372 376 1.666667
372 436 4.333333
373 381 0.466667
374 382 0.866667
375 383 -0.066667
376 384 0.333333
377 381 0.333333
377 382 0.333333
377 383 0.200000
377 384 1.000000
377 441 -0.866667
378 381 -1.000000
378 382 0.600000
378 383 -0.466667
378 384 -0.333333
378 442 -0.466667
379 381 -0.333333
379 382 0.733333
379 383 0.333333
379 384 -0.200000
379 443 -1.000000
380 381 -1.000000
380 382 -0.600000
380 383 -0.200000
380 384 1.000000
380 444 0.066667
385 389 -0.866667
385 390 1.000000
385 391 0.866667
385 392 -0.200000
385 449 -0.733333
386 389 0.333333
386 390 1.000000
386 391 1.000000
386 392 -0.466667
386 450 -0.333333
387 389 0.333333
387 390 0.066667
387 391 -0.600000
387 392 0.866667
387 451 0.200000
388 389 -0.600000
388 390 0.200000
388 391 -0.866667
388 392 1.000000
388 452 2.333333
389 397 0.600000
390 398 -0.866667
391 399 -0.333333
392 400 -0.733333
393 397 -0.600000
393 398 1.000000
393 399 -0.733333
393 400 -0.600000
393 457 0.066667
394 397 0.200000
394 398 0.866667
394 399 0.866667
394 400 0.333333
394 458 -0.733333
395 397 -0.066667
395 398 -1.000000
395 399 0.600000
395 400 -1.000000
395 459 1.000000
396 397 1.000000
396 398 -0.066667
396 399 0.333333
396 400 -0.333333
396 460 1.000000
397 405 -0.200000
398 406 -0.600000
399 407 -0.066667
400 408 0.866667
401 405 -0.200000
401 406 -2.333333
401 407 0.200000
401 408 -5.000000
401 465 0.866667
402 405 -0.733333
402 406 3.666667
402 407 -0.600000
402 408 -0.200000
402 466 1.000000
403 405 -0.866667
403 406 0.200000
403 407 -0.333333
403 408 1.000000
403 467 0.733333
404 405 -0.200000
404 406 -0.200000
404 407 -0.200000
404 408 -0.866667
404 468 -1.000000
405 413 0.200000
406 414 3.666667
407 415 -0.466667
408 416 0.600000
409 413 0.200000
409 414 -1.000000
409 415 -0.466667
409 416 -0.866667
409 473 -1.000000
410 413 0.733333
410 414 -1.000000
410 415 0.200000
410 416 0.600000
410 474 0.600000
411 413 0.733333
411 414 -0.600000
411 415 -0.866667
411 416 0.200000
411 475 -0.600000
412 413 -0.733333
412 414 -0.600000
412 415 -0.466667
412 416 -1.000000
412 476 -1.000000
413 421 -0.333333
414 422 -0.600000
415 423 0.733333
416 424 0.200000
417 421 -0.866667
417 422 -5.000000
417 423 0.333333
417 424 -3.666667
417 481 0.600000
418 421 -0.200000
418 422 1.666667
418 423 0.333333
418 424 -0.466667
418 482 -0.333333
419 421 -0.333333
419 422 0.733333
419 423 -0.600000
419 424 -1.666667
419 483 3.666667
420 421 -0.600000
420 422 0.733333
420 423 -1.000000
420 424 1.666667
420 484 0.333333
421 429 0.466667
422 430 -1.000000
423 431 -0.600000
424 432 1.000000
425 429 -0.066667
425 430 -2.333333
425 431 -0.866667
425 432 -1.000000
425 489 -3.666667
426 429 -0.333333
426 430 0.466667
426 431 0.733333
426 432 -0.200000
426 490 -1.000000
427 429 -1.000000
427 430 -0.733333
427 431 0.200000
427 432 0.600000
427 491 0.200000
428 429 0.600000
428 430 -0.200000
428 431 0.733333
428 432 -0.866667
428 492 0.733333
429 437 -1.000000
430 438 -0.066667
431 439 -0.466667
432 440 0.466667
433 437 -0.333333
433 438 -1.000000
433 439 -0.200000
433 440 0.600000
433 497 -0.333333
434 437 -0.200000
434 438 1.666667
434 439 0.200000
434 440 0.733333
434 498 -0.466667
435 437 -0.733333
435 438 -1.000000
435 439 0.200000
435 440 -1.000000
435 499 -0.600000
436 437 -0.333333
436 438 -0.733333
436 439 1.000000
436 440 0.200000
436 500 -0.333333
437 445 0.333333
438 446 0.066667
439 447 -0.066667
440 448 -0.733333
441 445 -0.866667
441 446 -0.733333
441 447 -1.000000
441 448 0.733333
441 505 0.866667
442 445 -0.333333
442 446 0.600000
442 447 -0.866667
442 448 -0.600000
442 506 -0.333333
443 445 0.066667
443 446 -0.200000
443 447 0.866667
443 448 0.066667
443 507 -0.866667
444 445 -0.200000
444 446 -0.200000
444 447 0.066667
444 448 -0.866667
444 508 0.600000
449 453 0.333333
449 454 -0.600000
449 455 0.333333
449 456 -0.733333
450 453 -0.066667
450 454 -0.866667
450 455 -0.600000
450 456 3.000000
451 453 -0.200000
451 454 -0.066667
451 455 0.866667
451 456 1.000000
452 453 0.733333
452 454 1.000000
452 455 0.866667
452 456 -3.000000
453 461 -0.066667
454 462 0.200000
455 463 0.333333
456 464 -0.600000
457 461 -0.066667
457 462 0.733333
457 463 -0.600000
457 464 -0.066667
458 461 -1.000000
458 462 -0.733333
458 463 -0.333333
458 464 0.866667
459 461 -0.466667
459 462 0.866667
459 463 -0.200000
459 464 -0.600000
460 461 -0.866667
460 462 -0.600000
460 463 0.333333
460 464 -1.666667
461 469 -1.000000
462 470 0.066667
463 471 0.466667
464 472 0.600000
465 469 -0.200000
465 470 0.733333
465 471 -0.866667
465 472 -0.333333
466 469 4.333333
466 470 -0.733333
466 471 5.000000
466 472 0.466667
467 469 -4.333333
467 470 -1.000000
467 471 -0.333333
467 472 0.466667
468 469 -1.000000
468 470 -3.000000
468 471 -0.200000
468 472 -0.600000
469 477 0.600000
470 478 -3.000000
471 479 -1.000000
472 480 1.000000
473 477 -4.333333
473 478 -0.733333
473 479 5.000000
473 480 0.333333
474 477 -1.000000
474 478 0.866667
474 479 -0.600000
474 480 0.466667
475 477 1.000000
475 478 -0.866667
475 479 0.200000
475 480 0.333333
476 477 0.600000
476 478 0.066667
476 479 -0.333333
476 480 -0.066667
477 485 -0.333333
478 486 0.333333
479 487 -0.333333
480 488 -0.333333
481 485 0.733333
481 486 1.000000
481 487 -0.333333
481 488 0.466667
482 485 0.066667
482 486 -0.066667
482 487 -0.200000
482 488 0.466667
483 485 -0.466667
483 486 0.866667
483 487 3.000000
483 488 0.333333
484 485 0.466667
484 486 -0.200000
484 487 0.333333
484 488 -0.333333
485 493 1.000000
486 494 -4.333333
487 495 3.000000
488 496 -0.733333
489 493 -1.666667
489 494 -1.000000
489 495 0.466667
489 496 3.000000
490 493 -0.066667
490 494 -3.666667
490 495 -0.600000
490 496 1.000000
491 493 -4.333333
491 494 -0.333333
491 495 -1.000000
491 496 -0.333333
492 493 -1.000000
492 494 -0.200000
492 495 -0.466667
492 496 0.866667
493 501 -0.600000
494 502 0.733333
495 503 -0.866667
496 504 -0.066667
497 501 0.333333
497 502 0.066667
497 503 -0.866667
497 504 0.733333
498 501 0.200000
498 502 -0.066667
498 503 -0.466667
498 504 -1.000000
499 501 -1.000000
499 502 0.733333
499 503 0.333333
499 504 0.066667
500 501 -0.600000
500 502 -0.333333
500 503 -0.866667
500 504 -2.333333
501 509 0.333333
502 510 0.866667
503 511 5.000000
504 512 0.333333
505 509 -0.200000
505 510 0.733333
505 511 0.866667
505 512 0.066667
506 509 -1.000000
506 510 0.600000
506 511 0.333333
506 512 -0.066667
507 509 -0.866667
507 510 4.333333
507 511 0.600000
507 512 0.333333
508 509 -0.200000
508 510 -0.866667
508 511 -1.000000
508 512 0.600000