#
1 1 -0.093333
2 2 0.066667
3 3 -0.066667
4 4 -0.120000
5 5 -0.093333
6 6 0.093333
7 7 -0.040000
8 8 0.200000
9 9 -0.173333
10 10 -0.173333
11 11 -0.173333
12 12 0.013333
13 13 -0.173333
14 14 -0.120000
15 15 0.040000
16 16 -0.093333
17 17 -0.120000
18 18 -0.013333
19 19 0.093333
20 20 -0.013333
21 21 0.066667
22 22 -0.013333
23 23 0.040000
24 24 0.146667
25 25 0.013333
26 26 0.093333
27 27 0.013333
28 28 -0.066667
29 29 0.120000
30 30 0.093333
31 31 0.066667
32 32 0.200000
33 33 0.040000
34 34 -0.173333
35 35 -0.200000
36 36 -0.013333
37 37 0.066667
38 38 -0.200000
39 39 0.146667
40 40 0.013333
41 41 -0.120000
42 42 0.066667
43 43 -0.146667
44 44 -0.013333
45 45 0.093333
46 46 0.013333
47 47 0.093333
48 48 0.013333
49 49 0.040000
50 50 -0.093333
51 51 -0.173333
52 52 0.013333
53 53 0.120000
54 54 0.066667
55 55 0.146667
56 56 -0.040000
57 57 -0.013333
58 58 -0.120000
59 59 0.093333
60 60 -0.040000
61 61 0.120000
62 62 0.040000
63 63 -0.146667
64 64 -0.146667
65 65 0.066667
66 66 0.040000
67 67 -0.173333
68 68 -0.146667
69 69 0.013333
70 70 0.066667
71 71 -0.120000
72 72 0.120000
73 73 0.120000
74 74 -0.093333
75 75 0.200000
76 76 -0.066667
77 77 -0.120000
78 78 0.093333
79 79 -0.040000
80 80 0.173333
81 81 0.040000
82 82 0.120000
83 83 -0.066667
84 84 0.173333
85 85 0.200000
86 86 0.013333
87 87 -0.120000
88 88 -0.120000
89 89 -0.173333
90 90 0.146667
91 91 0.066667
92 92 0.093333
93 93 0.040000
94 94 0.120000
95 95 0.173333
96 96 -0.146667
97 97 0.040000
98 98 -0.093333
99 99 -0.173333
100 100 -0.013333
101 101 -0.173333
102 102 -0.173333
103 103 0.120000
104 104 0.146667
105 105 0.040000
106 106 0.066667
107 107 0.120000
108 108 0.013333
109 109 -0.200000
110 110 0.200000
111 111 0.120000
112 112 -0.173333
113 113 0.173333
114 114 -0.120000
115 115 -0.040000
116 116 0.013333
117 117 -0.066667
118 118 0.040000
119 119 -0.040000
120 120 -0.013333
121 121 0.040000
122 122 -0.093333
123 123 0.093333
124 124 0.040000
125 125 0.013333
126 126 -0.146667
127 127 0.066667
128 128 0.040000
129 129 -0.013333
130 130 -0.120000
131 131 0.146667
132 132 -0.066667
133 133 -0.013333
134 134 0.013333
135 135 -0.146667
136 136 0.040000
137 137 0.040000
138 138 -0.200000
139 139 -0.200000
140 140 0.093333
141 141 0.013333
142 142 -0.013333
143 143 -0.120000
144 144 0.200000
145 145 0.040000
146 146 0.146667
147 147 -0.120000
148 148 -0.120000
149 149 -0.093333
150 150 -0.093333
151 151 0.146667
152 152 0.093333
153 153 -0.120000
154 154 -0.013333
155 155 0.146667
156 156 0.173333
157 157 0.066667
158 158 -0.146667
159 159 0.040000
160 160 0.093333
161 161 -0.120000
162 162 -0.093333
163 163 -0.093333
164 164 -0.146667
165 165 -0.013333
166 166 -0.146667
167 167 0.066667
168 168 0.200000
169 169 0.040000
170 170 -0.173333
171 171 -0.120000
172 172 0.093333
173 173 -0.173333
174 174 -0.040000
175 175 0.013333
176 176 -0.066667
177 177 -0.146667
178 178 -0.120000
179 179 0.200000
180 180 -0.066667
181 181 0.013333
182 182 0.013333
183 183 -0.146667
184 184 -0.146667
185 185 -0.013333
186 186 -0.040000
187 187 -0.146667
188 188 -0.040000
189 189 0.040000
190 190 -0.120000
191 191 -0.146667
192 192 0.120000
193 193 0.120000
194 194 -0.093333
195 195 -0.146667
196 196 0.200000
197 197 -0.200000
198 198 -0.200000
199 199 -0.146667
200 200 -0.173333
201 201 0.093333
202 202 -0.146667
203 203 -0.146667
204 204 0.066667
205 205 -0.093333
206 206 -0.066667
207 207 -0.093333
208 208 0.200000
209 209 -0.173333
210 210 0.146667
211 211 -0.040000
212 212 -0.173333
213 213 0.093333
214 214 0.040000
215 215 -0.200000
216 216 -0.040000
217 217 -0.013333
218 218 0.173333
219 219 0.066667
220 220 -0.146667
221 221 -0.093333
222 222 0.146667
223 223 -0.120000
224 224 -0.120000
225 225 0.013333
226 226 0.146667
227 227 0.200000
228 228 -0.013333
229 229 0.093333
230 230 -0.093333
231 231 -0.013333
232 232 0.173333
233 233 0.040000
234 234 0.013333
235 235 0.146667
236 236 -0.013333
237 237 0.093333
238 238 -0.013333
239 239 0.120000
240 240 0.066667
241 241 -0.120000
242 242 0.013333
243 243 0.120000
244 244 0.200000
245 245 0.066667
246 246 0.093333
247 247 0.066667
248 248 -0.146667
249 249 0.120000
250 250 0.066667
251 251 0.120000
252 252 -0.173333
253 253 0.040000
254 254 -0.066667
255 255 0.146667
256 256 0.200000
257 257 0.066667
258 258 -0.013333
259 259 -0.093333
260 260 -0.093333
261 261 0.200000
262 262 0.066667
263 263 0.040000
264 264 0.013333
265 265 0.066667
266 266 0.200000
267 267 0.173333
268 268 -0.093333
269 269 0.146667
270 270 0.173333
271 271 -0.173333
272 272 -0.040000
273 273 -0.200000
274 274 0.093333
275 275 -0.146667
276 276 -0.146667
277 277 -0.093333
278 278 -0.040000
279 279 -0.013333
280 280 0.066667
281 281 0.093333
282 282 -0.093333
283 283 -0.013333
284 284 -0.173333
285 285 -0.120000
286 286 -0.013333
287 287 -0.066667
288 288 0.146667
289 289 0.120000
290 290 -0.093333
291 291 0.093333
292 292 0.040000
293 293 -0.093333
294 294 0.040000
295 295 0.066667
296 296 -0.013333
297 297 0.013333
298 298 -0.013333
299 299 0.040000
300 300 -0.066667
301 301 0.013333
302 302 0.013333
303 303 -0.066667
304 304 0.013333
305 305 -0.120000
306 306 -0.013333
307 307 -0.173333
308 308 0.040000
309 309 0.066667
310 310 -0.173333
311 311 -0.173333
312 312 -0.200000
313 313 0.173333
314 314 -0.093333
315 315 -0.040000
316 316 -0.093333
317 317 0.200000
318 318 0.120000
319 319 0.173333
320 320 -0.013333
321 321 0.146667
322 322 -0.120000
323 323 0.040000
324 324 -0.200000
325 325 -0.200000
326 326 -0.120000
327 327 0.093333
328 328 -0.093333
329 329 -0.040000
330 330 0.013333
331 331 -0.013333
332 332 0.013333
333 333 -0.013333
334 334 -0.040000
335 335 0.200000
336 336 0.173333
337 337 0.013333
338 338 -0.200000
339 339 0.040000
340 340 -0.093333
341 341 0.146667
342 342 -0.066667
343 343 -0.120000
344 344 -0.066667
345 345 0.093333
346 346 -0.093333
347 347 0.200000
348 348 -0.013333
349 349 0.013333
350 350 -0.173333
351 351 0.066667
352 352 -0.040000
353 353 0.093333
354 354 -0.066667
355 355 -0.200000
356 356 -0.093333
357 357 0.066667
358 358 -0.120000
359 359 0.200000
360 360 -0.040000
361 361 -0.200000
362 362 0.093333
363 363 0.093333
364 364 0.013333
365 365 -0.013333
366 366 -0.120000
367 367 -0.066667
368 368 -0.040000
369 369 -0.066667
370 370 0.066667
371 371 -0.120000
372 372 -0.066667
373 373 -0.146667
374 374 -0.040000
375 375 0.066667
376 376 -0.120000
377 377 0.013333
378 378 -0.066667
379 379 -0.066667
380 380 -0.120000
381 381 -0.040000
382 382 0.120000
383 383 0.120000
384 384 0.093333
385 385 -0.200000
386 386 0.066667
387 387 -0.013333
388 388 0.040000
389 389 0.200000
390 390 0.173333
391 391 0.120000
392 392 0.013333
393 393 0.066667
394 394 -0.146667
395 395 -0.093333
396 396 0.146667
397 397 0.013333
398 398 0.200000
399 399 -0.173333
400 400 0.146667
401 401 0.013333
402 402 0.093333
403 403 -0.066667
404 404 -0.173333
405 405 0.093333
406 406 0.120000
407 407 0.066667
408 408 -0.066667
409 409 -0.200000
410 410 0.066667
411 411 -0.120000
412 412 -0.013333
413 413 0.173333
414 414 -0.093333
415 415 -0.200000
416 416 0.040000
417 417 -0.066667
418 418 0.040000
419 419 -0.040000
420 420 0.200000
421 421 0.066667
422 422 -0.120000
423 423 -0.120000
424 424 -0.040000
425 425 -0.200000
426 426 -0.173333
427 427 -0.066667
428 428 0.093333
429 429 0.040000
430 430 0.146667
431 431 0.040000
432 432 0.146667
433 433 0.093333
434 434 0.146667
435 435 -0.093333
436 436 0.200000
437 437 0.120000
438 438 -0.146667
439 439 -0.013333
440 440 -0.040000
441 441 -0.120000
442 442 -0.146667
443 443 -0.200000
444 444 0.146667
445 445 0.173333
446 446 -0.200000
447 447 -0.120000
448 448 0.200000
449 449 -0.013333
450 450 0.173333
451 451 0.200000
452 452 0.120000
453 453 -0.200000
454 454 -0.146667
455 455 0.093333
456 456 -0.013333
457 457 -0.013333
458 458 0.040000
459 459 0.066667
460 460 -0.093333
461 461 -0.173333
462 462 -0.040000
463 463 0.146667
464 464 0.040000
465 465 0.066667
466 466 0.146667
467 467 0.066667
468 468 0.120000
469 469 -0.013333
470 470 -0.173333
471 471 -0.120000
472 472 -0.200000
473 473 -0.173333
474 474 -0.066667
475 475 0.066667
476 476 -0.013333
477 477 -0.173333
478 478 -0.200000
479 479 -0.040000
480 480 -0.120000
481 481 -0.040000
482 482 0.093333
483 483 -0.173333
484 484 -0.146667
485 485 0.013333
486 486 0.200000
487 487 0.093333
488 488 0.173333
489 489 0.093333
490 490 -0.173333
491 491 -0.173333
492 492 0.146667
493 493 -0.120000
494 494 0.066667
495 495 -0.173333
496 496 0.013333
497 497 0.146667
498 498 0.066667
499 499 0.146667
500 500 -0.093333
501 501 0.066667
502 502 -0.013333
503 503 -0.173333
504 504 -0.013333
505 505 -0.066667
506 506 0.040000
507 507 0.013333
508 508 -0.120000
509 509 -0.093333
510 510 -0.200000
511 511 -0.146667
512 512 0.040000
1 5 0.466667
1 6 -0.066667
1 7 0.866667
1 8 0.600000
1 65 0.733333
2 5 -0.066667
2 6 0.066667
2 7 0.733333
2 8 -0.733333
2 66 -0.333333
3 5 0.733333
3 6 -0.733333
3 7 -0.466667
3 8 -0.066667
3 67 -0.600000
4 5 0.733333
4 6 0.200000
4 7 0.600000
4 8 0.066667
4 68 -0.200000
5 13 -0.066667
6 14 0.066667
7 15 -0.466667
8 16 -0.200000
9 13 0.200000
9 14 0.600000
9 15 -0.200000
9 16 0.466667
9 73 -0.866667
10 13 -0.333333
10 14 -0.066667
10 15 0.866667
10 16 -1.000000
10 74 0.200000
11 13 -0.200000
11 14 0.866667
11 15 1.000000
11 16 0.466667
11 75 -1.000000
12 13 0.066667
12 14 -0.333333
12 15 1.000000
12 16 -0.866667
12 76 0.733333
13 21 -0.066667
14 22 0.600000
15 23 -0.466667
16 24 0.600000
17 21 -0.466667
17 22 -1.666667
17 23 0.733333
17 24 0.733333
17 81 3.000000
18 21 -0.200000
18 22 -0.066667
18 23 -0.866667
18 24 0.066667
18 82 0.066667
19 21 -0.333333
19 22 -0.066667
19 23 1.000000
19 24 0.066667
19 83 0.066667
20 21 0.466667
20 22 -3.000000
20 23 -0.466667
20 24 0.333333
20 84 -1.000000
21 29 0.333333
22 30 -2.333333
23 31 0.600000
24 32 0.200000
25 29 -0.866667
25 30 -1.000000
25 31 -0.466667
25 32 0.600000
25 89 -0.600000
26 29 0.333333
26 30 -5.000000
26 31 -0.866667
26 32 0.200000
26 90 -3.666667
27 29 0.600000
27 30 0.200000
27 31 0.200000
27 32 -1.000000
27 91 -0.466667
28 29 -0.600000
28 30 -0.600000
28 31 -0.466667
28 32 -1.000000
28 92 1.000000
29 37 0.333333
30 38 -5.000000
31 39 0.466667
32 40 1.000000
33 37 1.000000
33 38 0.866667
33 39 0.466667
33 40 0.200000
33 97 1.000000
34 37 0.466667
34 38 2.333333
34 39 0.066667
34 40 -0.333333
34 98 0.866667
35 37 0.466667
35 38 -0.466667
35 39 -0.200000
35 40 -0.600000
35 99 -0.600000
36 37 -1.000000
36 38 1.000000
36 39 -0.866667
36 40 1.000000
36 100 0.466667
37 45 0.733333
38 46 -4.333333
39 47 -0.066667
40 48 -0.066667
41 45 -0.333333
41 46 -0.600000
41 47 1.000000
41 48 1.000000
41 105 -0.066667
42 45 0.733333
42 46 1.000000
42 47 0.866667
42 48 0.200000
42 106 0.733333
43 45 0.466667
43 46 -1.000000
43 47 -0.333333
43 48 0.066667
43 107 0.066667
44 45 0.866667
44 46 -0.200000
44 47 -0.200000
44 48 0.600000
44 108 -1.000000
45 53 -0.066667
46 54 -5.000000
47 55 -0.066667
48 56 0.866667
49 53 -0.733333
49 54 -0.333333
49 55 -0.333333
49 56 -0.733333
49 113 -0.200000
50 53 0.466667
50 54 -0.600000
50 55 -0.866667
50 56 -0.600000
50 114 0.733333
51 53 0.066667
51 54 0.200000
51 55 -0.333333
51 56 -1.000000
51 115 -0.200000
52 53 -0.200000
52 54 0.466667
52 55 -0.200000
52 56 0.200000
52 116 -0.466667
53 61 0.600000
54 62 2.333333
55 63 -0.333333
56 64 0.466667
57 61 -0.600000
57 62 0.466667
57 63 -0.466667
57 64 -1.000000
57 121 -0.333333
58 61 -0.733333
58 62 -3.000000
58 63 0.600000
58 64 -0.600000
58 122 0.733333
59 61 -1.000000
59 62 -3.666667
59 63 -0.600000
59 64 0.066667
59 123 0.466667
60 61 0.466667
60 62 1.000000
60 63 0.333333
60 64 0.066667
60 124 0.466667
65 69 0.200000
65 70 0.733333
65 71 -0.200000
65 72 0.733333
65 129 -0.733333
66 69 -1.000000
66 70 -0.066667
66 71 -0.733333
66 72 -0.333333
66 130 -1.000000
67 69 0.066667
67 70 0.333333
67 71 0.733333
67 72 -0.200000
67 131 -0.333333
68 69 1.000000
68 70 -0.466667
68 71 0.066667
68 72 -0.066667
68 132 -0.600000
69 77 0.733333
70 78 -0.866667
71 79 -0.333333
72 80 -0.600000
73 77 0.066667
73 78 -0.066667
73 79 0.600000
73 80 1.000000
73 137 0.066667
74 77 -0.333333
74 78 0.600000
74 79 0.200000
74 80 -1.000000
74 138 -0.066667
75 77 -0.066667
75 78 0.333333
75 79 -0.733333
75 80 -0.600000
75 139 0.200000
76 77 -0.200000
76 78 -0.733333
76 79 1.000000
76 80 0.733333
76 140 -0.466667
77 85 -4.333333
78 86 -0.333333
79 87 0.866667
80 88 0.600000
81 85 -0.600000
81 86 -0.733333
81 87 4.333333
81 88 -1.000000
81 145 -0.333333
82 85 -3.666667
82 86 0.066667
82 87 -0.200000
82 88 2.333333
82 146 -1.000000
83 85 0.866667
83 86 0.200000
83 87 0.866667
83 88 -0.066667
83 147 -0.866667
84 85 1.000000
84 86 0.466667
84 87 -0.600000
84 88 0.866667
84 148 1.000000
85 93 3.000000
86 94 0.333333
87 95 0.200000
88 96 -0.733333
89 93 -0.600000
89 94 -0.200000
89 95 -1.000000
89 96 0.733333
89 153 0.333333
90 93 0.600000
90 94 0.600000
90 95 0.600000
90 96 -0.466667
90 154 -0.333333
91 93 0.866667
91 94 -0.866667
91 95 -1.000000
91 96 -0.200000
91 155 1.000000
92 93 0.333333
92 94 0.866667
92 95 -0.733333
92 96 -0.866667
92 156 1.000000
93 101 -2.333333
94 102 0.066667
95 103 -0.066667
96 104 -0.866667
97 101 -3.000000
97 102 -0.466667
97 103 -1.000000
97 104 -1.000000
97 161 -0.333333
98 101 3.666667
98 102 -0.866667
98 103 0.600000
98 104 0.200000
98 162 -0.200000
99 101 -5.000000
99 102 -0.333333
99 103 -1.000000
99 104 0.866667
99 163 -1.000000
100 101 -1.666667
100 102 -0.466667
100 103 -0.600000
100 104 0.866667
100 164 1.666667
101 109 1.666667
102 110 0.333333
103 111 -0.333333
104 112 0.066667
105 109 0.866667
105 110 -0.600000
105 111 0.600000
105 112 1.000000
105 169 0.333333
106 109 1.000000
106 110 1.000000
106 111 -1.000000
106 112 -0.200000
106 170 -0.600000
107 109 0.733333
107 110 1.000000
107 111 -0.333333
107 112 0.333333
107 171 0.333333
108 109 -0.333333
108 110 -0.066667
108 111 0.866667
108 112 -0.600000
108 172 -0.200000
109 117 -2.333333
110 118 -2.333333
111 119 0.600000
112 120 0.333333
113 117 0.333333
113 118 -0.333333
113 119 0.200000
113 120 -0.600000
113 177 0.866667
114 117 -0.333333
114 118 -0.466667
114 119 -0.333333
114 120 -0.866667
114 178 0.066667
115 117 -0.600000
115 118 0.600000
115 119 1.000000
115 120 0.066667
115 179 0.200000
116 117 -1.666667
116 118 -0.733333
116 119 -0.466667
116 120 -0.466667
116 180 -0.200000
117 125 -1.000000
118 126 -0.466667
119 127 0.066667
120 128 0.733333
121 125 -0.733333
121 126 -1.000000
121 127 0.600000
121 128 0.333333
121 185 -0.600000
122 125 -0.866667
122 126 -0.200000
122 127 -0.200000
122 128 -0.333333
122 186 -0.600000
123 125 -0.866667
123 126 -0.866667
123 127 -1.666667
123 128 0.466667
123 187 0.066667
124 125 -0.333333
124 126 -0.466667
124 127 -0.866667
124 128 -0.866667
124 188 0.200000
129 133 0.733333
129 134 -0.333333
129 135 -0.466667
129 136 0.066667
129 193 0.733333
130 133 -1.666667
130 134 0.333333
130 135 -0.333333
130 136 0.200000
130 194 -1.666667
131 133 -0.466667
131 134 -0.066667
131 135 0.200000
131 136 -0.733333
131 195 -0.866667
132 133 -0.600000
132 134 0.200000
132 135 1.000000
132 136 -0.733333
132 196 0.200000
133 141 -0.200000
134 142 -1.000000
135 143 0.333333
136 144 -0.333333
137 141 0.333333
137 142 -0.466667
137 143 0.733333
137 144 -0.866667
137 201 0.466667
138 141 0.600000
138 142 0.466667
138 143 0.466667
138 144 -0.733333
138 202 -0.333333
139 141 0.466667
139 142 0.866667
139 143 -0.733333
139 144 -1.000000
139 203 0.866667
140 141 0.866667
140 142 1.000000
140 143 0.066667
140 144 0.466667
140 204 -0.066667
141 149 -0.200000
142 150 -4.333333
143 151 -1.000000
144 152 -0.200000
145 149 0.466667
145 150 -3.666667
145 151 -1.000000
145 152 0.866667
145 209 0.333333
146 149 -0.200000
146 150 -0.066667
146 151 0.333333
146 152 1.000000
146 210 0.866667
147 149 0.466667
147 150 -0.600000
147 151 -0.866667
147 152 -0.200000
147 211 1.000000
148 149 -0.200000
148 150 -0.866667
148 151 0.733333
148 152 0.866667
148 212 -0.866667
149 157 0.066667
150 158 3.666667
151 159 -0.466667
152 160 0.333333
153 157 -0.200000
153 158 -1.000000
153 159 0.200000
153 160 0.733333
153 217 0.600000
154 157 -0.333333
154 158 -0.466667
154 159 -0.466667
154 160 0.600000
154 218 0.200000
155 157 0.200000
155 158 -0.600000
155 159 1.000000
155 160 1.000000
155 219 0.600000
156 157 -1.000000
156 158 0.333333
156 159 0.600000
156 160 0.733333
156 220 -0.600000
157 165 -0.466667
158 166 -0.200000
159 167 -0.600000
160 168 0.600000
161 165 -0.200000
161 166 -0.066667
161 167 1.000000
161 168 0.066667
161 225 3.000000
162 165 -0.200000
162 166 -0.200000
162 167 -0.600000
162 168 0.066667
162 226 -0.066667
163 165 -0.333333
163 166 0.066667
163 167 1.000000
163 168 0.600000
163 227 0.333333
164 165 -0.866667
164 166 0.333333
164 167 1.000000
164 168 -3.666667
164 228 -0.333333
165 173 1.666667
166 174 0.333333
167 175 0.333333
168 176 0.466667
169 173 -5.000000
169 174 -0.733333
169 175 0.866667
169 176 -0.600000
169 233 -0.600000
170 173 3.000000
170 174 1.000000
170 175 0.866667
170 176 0.733333
170 234 -1.000000
171 173 0.733333
171 174 0.333333
171 175 -0.600000
171 176 0.466667
171 235 0.333333
172 173 1.000000
172 174 -0.600000
172 175 0.866667
172 176 0.733333
172 236 1.000000
173 181 -0.866667
174 182 -1.000000
175 183 1.666667
176 184 -5.000000
177 181 1.000000
177 182 0.600000
177 183 0.333333
177 184 -0.600000
177 241 -0.200000
178 181 -2.333333
178 182 0.733333
178 183 -0.466667
178 184 -0.733333
178 242 -0.733333
179 181 0.066667
179 182 -0.600000
179 183 0.333333
179 184 -1.000000
179 243 0.200000
180 181 1.666667
180 182 -0.733333
180 183 -5.000000
180 184 -0.600000
180 244 -4.333333
181 189 1.000000
182 190 0.733333
183 191 0.600000
184 192 -0.466667
185 189 -0.600000
185 190 -0.866667
185 191 0.333333
185 192 0.866667
185 249 0.866667
186 189 -0.466667
186 190 -0.466667
186 191 -1.000000
186 192 -1.000000
186 250 -1.000000
187 189 -0.466667
187 190 -0.066667
187 191 0.866667
187 192 -0.333333
187 251 -0.200000
188 189 0.866667
188 190 -0.733333
188 191 0.866667
188 192 0.600000
188 252 0.600000
193 197 -1.000000
193 198 -0.866667
193 199 -0.866667
193 200 -0.600000
193 257 -0.866667
194 197 3.666667
194 198 -2.333333
194 199 -1.666667
194 200 -0.733333
194 258 0.600000
195 197 1.000000
195 198 0.333333
195 199 -0.866667
195 200 -0.866667
195 259 -0.733333
196 197 -4.333333
196 198 -1.000000
196 199 0.200000
196 200 0.200000
196 260 0.600000
197 205 0.733333
198 206 0.466667
199 207 -0.866667
200 208 -0.600000
201 205 -0.733333
201 206 -0.600000
201 207 -0.600000
201 208 -0.466667
201 265 -0.466667
202 205 0.600000
202 206 0.200000
202 207 -0.600000
202 208 1.000000
202 266 0.733333
203 205 -0.600000
203 206 -5.000000
203 207 -0.066667
203 208 -0.066667
203 267 0.466667
204 205 -0.600000
204 206 3.000000
204 207 -0.333333
204 208 0.333333
204 268 0.333333
205 213 -0.866667
206 214 -0.466667
207 215 -1.000000
208 216 -1.000000
209 213 0.733333
209 214 -3.666667
209 215 -5.000000
209 216 -0.333333
209 273 2.333333
210 213 -0.466667
210 214 -1.000000
210 215 0.066667
210 216 0.600000
210 274 -0.333333
211 213 -0.333333
211 214 2.333333
211 215 -0.866667
211 216 0.733333
211 275 0.333333
212 213 0.066667
212 214 -0.200000
212 215 1.000000
212 216 3.666667
212 276 1.666667
213 221 0.200000
214 222 0.200000
215 223 -1.666667
216 224 1.000000
217 221 0.333333
217 222 0.066667
217 223 0.600000
217 224 -0.733333
217 281 -0.466667
218 221 0.200000
218 222 0.200000
218 223 1.000000
218 224 0.466667
218 282 0.866667
219 221 1.000000
219 222 0.733333
219 223 -0.200000
219 224 0.600000
219 283 1.000000
220 221 0.200000
220 222 0.333333
220 223 -0.466667
220 224 0.200000
220 284 -0.466667
221 229 0.466667
222 230 -0.200000
223 231 0.333333
224 232 0.733333
225 229 0.200000
225 230 -1.000000
225 231 1.000000
225 232 0.600000
225 289 0.733333
226 229 0.466667
226 230 -0.200000
226 231 1.000000
226 232 0.600000
226 290 -0.200000
227 229 0.466667
227 230 -0.066667
227 231 -0.333333
227 232 0.600000
227 291 0.333333
228 229 1.000000
228 230 0.866667
228 231 0.066667
228 232 -0.600000
228 292 -0.333333
229 237 -0.333333
230 238 0.466667
231 239 -0.200000
232 240 0.200000
233 237 0.733333
233 238 -0.600000
233 239 -1.000000
233 240 -0.866667
233 297 0.733333
234 237 -0.600000
234 238 0.600000
234 239 -0.466667
234 240 0.333333
234 298 3.666667
235 237 1.000000
235 238 0.200000
235 239 -1.000000
235 240 0.600000
235 299 0.466667
236 237 0.333333
236 238 0.333333
236 239 -0.200000
236 240 0.200000
236 300 0.200000
237 245 -3.000000
238 246 0.066667
239 247 0.866667
240 248 -0.600000
241 245 0.466667
241 246 0.866667
241 247 0.200000
241 248 -0.333333
241 305 -0.200000
242 245 0.866667
242 246 0.466667
242 247 -0.733333
242 248 -0.733333
242 306 0.466667
243 245 0.600000
243 246 1.000000
243 247 -0.333333
243 248 0.600000
243 307 -0.200000
244 245 1.000000
244 246 0.333333
244 247 0.466667
244 248 -1.000000
244 308 0.866667
245 253 1.666667
246 254 0.866667
247 255 -0.866667
248 256 1.000000
249 253 -1.666667
249 254 -0.866667
249 255 -0.200000
249 256 0.066667
249 313 -5.000000
250 253 2.333333
250 254 0.733333
250 255 0.200000
250 256 -0.333333
250 314 -0.333333
251 253 -0.066667
251 254 0.866667
251 255 -0.466667
251 256 -0.866667
251 315 -0.466667
252 253 0.466667
252 254 0.333333
252 255 -1.666667
252 256 0.733333
252 316 -2.333333
257 261 -0.466667
257 262 -0.866667
257 263 -1.000000
257 264 -0.466667
257 321 5.000000
258 261 0.066667
258 262 -0.066667
258 263 -0.333333
258 264 -0.733333
258 322 0.866667
259 261 -0.600000
259 262 -0.600000
259 263 0.466667
259 264 0.733333
259 323 -0.466667
260 261 -0.733333
260 262 -0.866667
260 263 -0.066667
260 264 0.200000
260 324 0.600000
261 269 -0.066667
262 270 -0.066667
263 271 -0.066667
264 272 0.600000
265 269 0.200000
265 270 0.333333
265 271 -0.466667
265 272 -1.000000
265 329 0.333333
266 269 0.200000
266 270 -0.466667
266 271 -1.000000
266 272 -1.000000
266 330 -0.200000
267 269 -0.466667
267 270 -0.333333
267 271 0.733333
267 272 0.333333
267 331 -0.333333
268 269 1.000000
268 270 0.466667
268 271 1.000000
268 272 -0.733333
268 332 0.466667
269 277 -0.733333
270 278 -0.733333
271 279 0.200000
272 280 -0.066667
273 277 0.600000
273 278 -0.200000
273 279 0.466667
273 280 -0.866667
273 337 -1.000000
274 277 -0.733333
274 278 -0.333333
274 279 0.466667
274 280 -0.333333
274 338 0.333333
275 277 0.333333
275 278 0.066667
275 279 0.466667
275 280 -0.466667
275 339 -0.733333
276 277 -0.066667
276 278 -0.333333
276 279 0.066667
276 280 -0.466667
276 340 0.733333
277 285 1.000000
278 286 0.200000
279 287 -0.733333
280 288 -1.000000
281 285 -0.733333
281 286 0.200000
281 287 0.333333
281 288 -0.733333
281 345 -0.733333
282 285 0.733333
282 286 0.600000
282 287 -0.466667
282 288 -0.733333
282 346 0.466667
283 285 0.866667
283 286 -0.600000
283 287 -1.000000
283 288 0.200000
283 347 -0.733333
284 285 -1.000000
284 286 0.466667
284 287 0.200000
284 288 0.066667
284 348 -0.333333
285 293 0.466667
286 294 0.600000
287 295 1.000000
288 296 -1.000000
289 293 -0.866667
289 294 -0.066667
289 295 1.000000
289 296 1.000000
289 353 0.466667
290 293 -0.066667
290 294 0.866667
290 295 -0.333333
290 296 0.333333
290 354 -5.000000
291 293 -0.200000
291 294 -0.200000
291 295 -0.066667
291 296 -0.866667
291 355 -0.333333
292 293 -0.733333
292 294 -0.866667
292 295 -0.200000
292 296 0.733333
292 356 -0.733333
293 301 0.333333
294 302 -0.200000
295 303 0.200000
296 304 -0.200000
297 301 -0.733333
297 302 2.333333
297 303 0.200000
297 304 -0.866667
297 361 0.333333
298 301 0.600000
298 302 2.333333
298 303 0.333333
298 304 -0.466667
298 362 -2.333333
299 301 -0.066667
299 302 -2.333333
299 303 0.333333
299 304 0.733333
299 363 1.000000
300 301 -0.466667
300 302 -0.866667
300 303 1.000000
300 304 0.866667
300 364 3.666667
301 309 -0.066667
302 310 0.200000
303 311 1.000000
304 312 -0.066667
305 309 1.000000
305 310 -0.733333
305 311 -0.066667
305 312 0.600000
305 369 -0.200000
306 309 0.200000
306 310 0.733333
306 311 0.733333
306 312 0.866667
306 370 -0.066667
307 309 0.600000
307 310 -0.066667
307 311 1.000000
307 312 0.733333
307 371 0.200000
308 309 -1.000000
308 310 0.733333
308 311 0.333333
308 312 0.466667
308 372 0.733333
309 317 -2.333333
310 318 0.466667
311 319 -0.333333
312 320 0.733333
313 317 -0.600000
313 318 -0.333333
313 319 0.466667
313 320 0.333333
313 377 1.000000
314 317 0.600000
314 318 -1.666667
314 319 -0.066667
314 320 -0.866667
314 378 -1.666667
315 317 -1.000000
315 318 0.600000
315 319 -0.866667
315 320 -0.200000
315 379 0.333333
316 317 -0.866667
316 318 0.200000
316 319 -0.866667
316 320 -3.000000
316 380 5.000000
321 325 -0.600000
321 326 0.066667
321 327 3.000000
321 328 -0.866667
321 385 0.333333
322 325 -0.600000
322 326 0.466667
322 327 -0.066667
322 328 1.000000
322 386 -0.733333
323 325 0.200000
323 326 0.066667
323 327 -0.466667
323 328 0.333333
323 387 1.000000
324 325 0.600000
324 326 0.333333
324 327 4.333333
324 328 -0.066667
324 388 -0.466667
325 333 -0.466667
326 334 -0.200000
327 335 0.466667
328 336 0.333333
329 333 -0.733333
329 334 0.866667
329 335 -0.333333
329 336 0.600000
329 393 1.000000
330 333 -0.200000
330 334 -0.866667
330 335 0.333333
330 336 0.200000
330 394 -1.000000
331 333 -3.666667
331 334 1.000000
331 335 0.066667
331 336 -0.333333
331 395 3.000000
332 333 -0.333333
332 334 1.000000
332 335 0.066667
332 336 -0.866667
332 396 0.466667
333 341 -0.200000
334 342 1.000000
335 343 0.333333
336 344 -0.600000
337 341 0.200000
337 342 -0.066667
337 343 -1.000000
337 344 0.066667
337 401 -0.733333
338 341 0.466667
338 342 -0.066667
338 343 -0.466667
338 344 1.000000
338 402 0.866667
339 341 -0.333333
339 342 -0.466667
339 343 -0.466667
339 344 -0.600000
339 403 0.866667
340 341 0.200000
340 342 1.000000
340 343 -0.066667
340 344 0.066667
340 404 -0.066667
341 349 0.733333
342 350 0.066667
343 351 1.000000
344 352 0.333333
345 349 -0.333333
345 350 0.066667
345 351 -1.000000
345 352 -0.466667
345 409 -0.200000
346 349 -4.333333
346 350 1.000000
346 351 -0.200000
346 352 1.000000
346 410 -1.000000
347 349 -1.000000
347 350 0.600000
347 351 -0.200000
347 352 -0.600000
347 411 0.466667
348 349 -0.200000
348 350 -0.200000
348 351 -0.733333
348 352 -0.733333
348 412 0.200000
349 357 -0.200000
350 358 1.666667
351 359 1.000000
352 360 0.066667
353 357 -1.000000
353 358 0.466667
353 359 -0.600000
353 360 0.200000
353 417 0.866667
354 357 3.000000
354 358 -5.000000
354 359 -0.600000
354 360 0.333333
354 418 0.466667
355 357 -0.200000
355 358 -0.066667
355 359 0.733333
355 360 0.333333
355 419 0.600000
356 357 -0.600000
356 358 -1.000000
356 359 1.000000
356 360 -0.066667
356 420 -0.200000
357 365 3.666667
358 366 0.333333
359 367 -0.333333
360 368 0.466667
361 365 0.733333
361 366 0.333333
361 367 -0.733333
361 368 1.000000
361 425 -0.066667
362 365 -1.666667
362 366 5.000000
362 367 -0.733333
362 368 4.333333
362 426 2.333333
363 365 -0.200000
363 366 0.866667
363 367 -0.866667
363 368 -5.000000
363 427 0.733333
364 365 0.866667
364 366 -2.333333
364 367 -0.200000
364 368 -0.066667
364 428 0.466667
365 373 -0.733333
366 374 -2.333333
367 375 -0.466667
368 376 1.000000
369 373 3.666667
369 374 1.000000
369 375 -1.000000
369 376 -4.333333
369 433 -0.200000
370 373 -0.333333
370 374 0.466667
370 375 0.733333
370 376 0.066667
370 434 0.333333
371 373 -4.333333
371 374 -0.200000
371 375 0.866667
371 376 0.733333
371 435 0.333333
372 373 -5.000000
372 374 -1.000000
372 375 0.733333
372 376 -0.600000
372 436 -4.333333
373 381 -2.333333
374 382 0.466667
375 383 -0.733333
376 384 -0.333333
377 381 0.866667
377 382 0.200000
377 383 1.000000
377 384 0.866667
377 441 -0.066667
378 381 1.000000
378 382 -0.600000
378 383 0.466667
378 384 1.000000
378 442 0.600000
379 381 -1.666667
379 382 -0.600000
379 383 -0.866667
379 384 0.866667
379 443 0.466667
380 381 0.333333
380 382 0.600000
380 383 0.200000
380 384 -0.733333
380 444 0.466667
385 389 -0.600000
385 390 0.200000
385 391 -0.600000
385 392 -1.000000
385 449 1.000000
386 389 0.733333
386 390 0.200000
386 391 0.333333
386 392 0.733333
386 450 -0.466667
387 389 3.000000
387 390 -0.066667
387 391 -1.000000
387 392 0.066667
387 451 0.866667
388 389 -0.866667
388 390 -2.333333
388 391 -0.200000
388 392 0.333333
388 452 1.000000
389 397 -0.066667
390 398 -0.733333
391 399 -0.866667
392 400 -0.733333
393 397 -0.333333
393 398 0.733333
393 399 -0.733333
393 400 0.600000
393 457 0.200000
394 397 1.000000
394 398 0.600000
394 399 -1.000000
394 400 -0.066667
394 458 -0.066667
395 397 -0.333333
395 398 0.866667
395 399 -4.333333
395 400 -0.066667
395 459 -0.600000
396 397 -0.733333
396 398 -1.000000
396 399 0.333333
396 400 -0.200000
396 460 2.333333
397 405 0.466667
398 406 0.200000
399 407 -1.000000
400 408 -0.866667
401 405 -0.200000
401 406 0.066667
401 407 0.066667
401 408 -1.000000
401 465 -1.000000
402 405 0.600000
402 406 0.733333
402 407 -0.200000
402 408 0.333333
402 466 0.466667
403 405 -0.466667
403 406 -0.600000
403 407 -0.333333
403 408 -0.333333
403 467 1.000000
404 405 0.333333
404 406 -3.666667
404 407 0.333333
404 408 1.000000
404 468 0.066667
405 413 -0.600000
406 414 1.000000
407 415 -0.466667
408 416 -0.333333
409 413 0.200000
409 414 0.600000
409 415 -0.466667
409 416 0.600000
409 473 -0.733333
410 413 -0.866667
410 414 -0.066667
410 415 0.866667
410 416 0.200000
410 474 0.200000
411 413 -0.733333
411 414 -1.000000
411 415 -0.466667
411 416 0.466667
411 475 -0.866667
412 413 -0.600000
412 414 0.066667
412 415 0.066667
412 416 0.333333
412 476 -0.733333
413 421 0.733333
414 422 -0.466667
415 423 -0.333333
416 424 0.333333
417 421 1.000000
417 422 0.866667
417 423 1.000000
417 424 1.000000
417 481 -0.600000
418 421 -0.733333
418 422 -0.866667
418 423 0.600000
418 424 0.866667
418 482 3.666667
419 421 -0.333333
419 422 0.333333
419 423 1.666667
419 424 -0.466667
419 483 -0.866667
420 421 -1.000000
420 422 -0.066667
420 423 -0.733333
420 424 0.200000
420 484 -0.200000
421 429 -0.733333
422 430 -0.600000
423 431 3.000000
424 432 -0.866667
425 429 -0.733333
425 430 0.333333
425 431 -1.000000
425 432 0.066667
425 489 -0.866667
426 429 -0.733333
426 430 0.066667
426 431 -0.333333
426 432 5.000000
426 490 0.600000
427 429 0.466667
427 430 -4.333333
427 431 1.000000
427 432 -0.733333
427 491 0.466667
428 429 0.333333
428 430 0.466667
428 431 -0.200000
428 432 0.600000
428 492 0.333333
429 437 0.333333
430 438 -0.733333
431 439 -0.466667
432 440 -0.466667
433 437 -0.200000
433 438 0.466667
433 439 -0.600000
433 440 -0.466667
433 497 -0.600000
434 437 -0.200000
434 438 -0.866667
434 439 0.466667
434 440 -0.200000
434 498 0.600000
435 437 0.333333
435 438 0.733333
435 439 -0.466667
435 440 -0.066667
435 499 -3.000000
436 437 -1.000000
436 438 -0.200000
436 439 -0.066667
436 440 -0.200000
436 500 -0.866667
437 445 -0.333333
438 446 -0.200000
439 447 0.333333
440 448 -0.200000
441 445 -0.733333
441 446 0.600000
441 447 0.866667
441 448 0.733333
441 505 0.333333
442 445 0.200000
442 446 0.600000
442 447 0.733333
442 448 0.866667
442 506 0.866667
443 445 0.466667
443 446 -0.066667
443 447 -0.466667
443 448 -0.733333
443 507 0.466667
444 445 0.200000
444 446 1.000000
444 447 1.000000
444 448 -0.200000
444 508 1.000000
449 453 0.333333
449 454 0.333333
449 455 -0.866667
449 456 -1.000000
450 453 0.333333
450 454 0.733333
450 455 1.000000
450 456 0.066667
451 453 -0.333333
451 454 0.066667
451 455 -0.066667
451 456 0.200000
452 453 0.866667
452 454 -0.466667
452 455 0.866667
452 456 1.000000
453 461 0.866667
454 462 0.200000
455 463 0.466667
456 464 1.000000
457 461 -0.733333
457 462 -0.866667
457 463 -0.866667
457 464 -0.066667
458 461 0.733333
458 462 0.600000
458 463 0.866667
458 464 -0.466667
459 461 -0.733333
459 462 -0.866667
459 463 -0.866667
459 464 1.000000
460 461 0.600000
460 462 -0.333333
460 463 -1.000000
460 464 0.466667
461 469 -0.733333
462 470 -0.333333
463 471 -0.866667
464 472 -1.000000
465 469 -0.333333
465 470 -0.200000
465 471 0.733333
465 472 0.200000
466 469 1.000000
466 470 -1.000000
466 471 0.333333
466 472 2.333333
467 469 -0.200000
467 470 0.200000
467 471 0.466667
467 472 0.200000
468 469 -0.066667
468 470 0.600000
468 471 -0.333333
468 472 -0.066667
469 477 -0.600000
470 478 -3.000000
471 479 -0.066667
472 480 -0.200000
473 477 1.000000
473 478 -0.600000
473 479 0.866667
473 480 -0.200000
474 477 -0.200000
474 478 -0.466667
474 479 -0.066667
474 480 0.600000
475 477 0.066667
475 478 -0.600000
475 479 -1.000000
475 480 -0.733333
476 477 -0.066667
476 478 0.866667
476 479 -0.600000
476 480 0.866667
477 485 0.200000
478 486 -1.000000
479 487 -0.600000
480 488 -0.733333
481 485 0.066667
481 486 0.466667
481 487 3.000000
481 488 -0.600000
482 485 0.333333
482 486 -0.200000
482 487 1.666667
482 488 0.866667
483 485 0.200000
483 486 -0.733333
483 487 -1.000000
483 488 0.200000
484 485 -0.333333
484 486 0.333333
484 487 -0.866667
484 488 0.066667
485 493 0.333333
486 494 0.200000
487 495 0.333333
488 496 -0.066667
489 493 0.333333
489 494 -0.866667
489 495 -0.733333
489 496 0.466667
490 493 -0.866667
490 494 0.333333
490 495 1.000000
490 496 -0.200000
491 493 -1.000000
491 494 -1.000000
491 495 0.333333
491 496 0.866667
492 493 -0.066667
492 494 0.866667
492 495 1.000000
492 496 -0.200000
493 501 -0.066667
494 502 -0.600000
495 503 -0.866667
496 504 -0.600000
497 501 0.333333
497 502 -1.000000
497 503 -0.466667
497 504 -0.600000
498 501 1.000000
498 502 -0.866667
498 503 -0.466667
498 504 -0.066667
499 501 0.733333
499 502 -0.200000
499 503 -0.733333
499 504 1.000000
500 501 -0.200000
500 502 -0.600000
500 503 0.733333
500 504 1.000000
501 509 -0.733333
502 510 -0.066667
503 511 0.200000
504 512 -0.733333
505 509 0.600000
505 510 -1.000000
505 511 -0.200000
505 512 -1.000000
506 509 0.600000
506 510 -0.733333
506 511 -0.066667
506 512 -0.733333
507 509 -0.600000
507 510 -1.000000
507 511 0.066667
507 512 0.466667
508 509 -0.066667
508 510 -0.866667
508 511 0.866667
508 512 -0.733333