#
1 1 0.093333
2 2 -0.040000
3 3 -0.173333
4 4 -0.120000
5 5 0.146667
6 6 -0.013333
7 7 0.013333
8 8 0.173333
9 9 -0.200000
10 10 -0.093333
11 11 0.146667
12 12 -0.093333
13 13 -0.120000
14 14 -0.093333
15 15 -0.066667
16 16 0.066667
17 17 -0.173333
18 18 -0.093333
19 19 -0.200000
20 20 -0.173333
21 21 0.200000
22 22 -0.040000
23 23 0.146667
24 24 0.066667
25 25 -0.146667
26 26 0.120000
27 27 0.013333
28 28 0.066667
29 29 0.173333
30 30 0.173333
31 31 -0.146667
32 32 -0.146667
33 33 -0.040000
34 34 0.173333
35 35 -0.066667
36 36 -0.120000
37 37 0.146667
38 38 0.146667
39 39 -0.173333
40 40 0.120000
41 41 -0.093333
42 42 -0.146667
43 43 -0.066667
44 44 0.200000
45 45 -0.040000
46 46 -0.066667
47 47 0.040000
48 48 -0.066667
49 49 0.093333
50 50 0.013333
51 51 0.146667
52 52 -0.066667
53 53 -0.013333
54 54 0.200000
55 55 0.066667
56 56 -0.040000
57 57 -0.040000
58 58 -0.200000
59 59 -0.173333
60 60 0.146667
61 61 0.093333
62 62 -0.066667
63 63 -0.146667
64 64 0.093333
65 65 0.200000
66 66 -0.040000
67 67 0.040000
68 68 -0.066667
69 69 0.093333
70 70 0.040000
71 71 0.120000
72 72 0.120000
73 73 0.013333
74 74 -0.120000
75 75 0.013333
76 76 -0.013333
77 77 -0.173333
78 78 0.040000
79 79 0.200000
80 80 -0.066667
81 81 0.013333
82 82 0.013333
83 83 0.066667
84 84 0.120000
85 85 0.013333
86 86 -0.146667
87 87 0.200000
88 88 0.200000
89 89 -0.013333
90 90 0.013333
91 91 0.093333
92 92 -0.093333
93 93 0.013333
94 94 -0.146667
95 95 -0.040000
96 96 0.066667
97 97 0.066667
98 98 0.120000
99 99 -0.040000
100 100 0.013333
101 101 -0.066667
102 102 -0.040000
103 103 -0.173333
104 104 0.040000
105 105 0.066667
106 106 0.146667
107 107 0.173333
108 108 0.120000
109 109 0.066667
110 110 -0.200000
111 111 -0.173333
112 112 0.066667
113 113 0.066667
114 114 -0.040000
115 115 -0.040000
116 116 -0.146667
117 117 -0.146667
118 118 -0.013333
119 119 -0.093333
120 120 -0.040000
121 121 -0.013333
122 122 -0.146667
123 123 0.146667
124 124 -0.200000
125 125 0.200000
126 126 0.173333
127 127 0.093333
128 128 -0.173333
129 129 -0.040000
130 130 0.093333
131 131 0.066667
132 132 0.200000
133 133 -0.013333
134 134 0.200000
135 135 0.173333
136 136 0.013333
137 137 -0.066667
138 138 -0.146667
139 139 -0.146667
140 140 0.093333
141 141 0.093333
142 142 -0.120000
143 143 0.173333
144 144 -0.200000
145 145 -0.066667
146 146 0.040000
147 147 0.120000
148 148 0.173333
149 149 -0.120000
150 150 -0.040000
151 151 0.066667
152 152 0.200000
153 153 -0.066667
154 154 0.173333
155 155 0.013333
156 156 0.040000
157 157 -0.146667
158 158 -0.200000
159 159 0.173333
160 160 -0.200000
161 161 0.013333
162 162 -0.093333
163 163 -0.040000
164 164 0.093333
165 165 0.200000
166 166 0.200000
167 167 0.093333
168 168 -0.066667
169 169 0.066667
170 170 -0.146667
171 171 0.040000
172 172 -0.040000
173 173 0.093333
174 174 0.093333
175 175 -0.200000
176 176 -0.013333
177 177 -0.120000
178 178 0.146667
179 179 0.173333
180 180 0.173333
181 181 0.200000
182 182 -0.066667
183 183 -0.093333
184 184 -0.120000
185 185 0.066667
186 186 -0.146667
187 187 -0.173333
188 188 -0.066667
189 189 -0.120000
190 190 -0.013333
191 191 0.093333
192 192 -0.146667
193 193 -0.173333
194 194 0.173333
195 195 0.120000
196 196 -0.173333
197 197 -0.120000
198 198 0.200000
199 199 0.200000
200 200 0.200000
201 201 -0.093333
202 202 0.066667
203 203 0.093333
204 204 -0.173333
205 205 0.093333
206 206 0.200000
207 207 -0.066667
208 208 -0.200000
209 209 0.066667
210 210 0.040000
211 211 0.040000
212 212 -0.093333
213 213 -0.013333
214 214 0.040000
215 215 0.040000
216 216 0.066667
217 217 0.066667
218 218 0.146667
219 219 0.200000
220 220 -0.200000
221 221 0.173333
222 222 -0.146667
223 223 -0.120000
224 224 -0.173333
225 225 0.013333
226 226 0.120000
227 227 0.040000
228 228 -0.173333
229 229 -0.066667
230 230 -0.093333
231 231 -0.173333
232 232 -0.200000
233 233 -0.093333
234 234 0.200000
235 235 -0.066667
236 236 -0.200000
237 237 0.066667
238 238 0.013333
239 239 0.093333
240 240 0.146667
241 241 -0.093333
242 242 0.040000
243 243 -0.120000
244 244 -0.200000
245 245 -0.173333
246 246 -0.013333
247 247 0.066667
248 248 0.173333
249 249 -0.040000
250 250 0.120000
251 251 -0.173333
252 252 -0.013333
253 253 0.146667
254 254 -0.146667
255 255 0.120000
256 256 -0.013333
257 257 0.173333
258 258 0.066667
259 259 -0.040000
260 260 -0.173333
261 261 0.093333
262 262 -0.146667
263 263 -0.040000
264 264 -0.093333
265 265 0.066667
266 266 -0.013333
267 267 -0.200000
268 268 0.040000
269 269 -0.040000
270 270 0.200000
271 271 -0.013333
272 272 0.173333
273 273 -0.146667
274 274 0.146667
275 275 -0.066667
276 276 0.040000
277 277 -0.040000
278 278 -0.013333
279 279 0.200000
280 280 -0.040000
281 281 -0.146667
282 282 0.013333
283 283 0.013333
284 284 -0.093333
285 285 0.093333
286 286 -0.120000
287 287 0.093333
288 288 0.040000
289 289 0.173333
290 290 -0.146667
291 291 0.093333
292 292 0.146667
293 293 0.120000
294 294 -0.093333
295 295 0.040000
296 296 -0.093333
297 297 0.120000
298 298 0.146667
299 299 -0.120000
300 300 0.040000
301 301 -0.013333
302 302 0.013333
303 303 -0.066667
304 304 -0.146667
305 305 0.013333
306 306 -0.200000
307 307 0.120000
308 308 0.040000
309 309 -0.093333
310 310 -0.120000
311 311 0.146667
312 312 0.146667
313 313 -0.200000
314 314 -0.093333
315 315 -0.120000
316 316 0.066667
317 317 0.093333
318 318 -0.120000
319 319 0.120000
320 320 0.040000
321 321 0.066667
322 322 0.146667
323 323 -0.120000
324 324 -0.066667
325 325 -0.173333
326 326 0.146667
327 327 0.200000
328 328 -0.093333
329 329 0.093333
330 330 0.013333
331 331 -0.173333
332 332 0.173333
333 333 -0.040000
334 334 -0.066667
335 335 0.146667
336 336 -0.093333
337 337 0.146667
338 338 -0.173333
339 339 -0.146667
340 340 0.120000
341 341 -0.120000
342 342 -0.093333
343 343 0.066667
344 344 -0.120000
345 345 0.013333
346 346 -0.200000
347 347 0.093333
348 348 0.120000
349 349 -0.146667
350 350 -0.013333
351 351 -0.040000
352 352 -0.120000
353 353 0.120000
354 354 -0.200000
355 355 0.173333
356 356 0.013333
357 357 0.173333
358 358 0.066667
359 359 0.200000
360 360 -0.040000
361 361 -0.066667
362 362 -0.146667
363 363 -0.200000
364 364 -0.093333
365 365 0.146667
366 366 -0.093333
367 367 -0.040000
368 368 -0.120000
369 369 -0.040000
370 370 -0.093333
371 371 -0.040000
372 372 0.200000
373 373 -0.013333
374 374 0.013333
375 375 0.066667
376 376 0.093333
377 377 0.146667
378 378 -0.146667
379 379 -0.146667
380 380 0.200000
381 381 -0.146667
382 382 -0.093333
383 383 -0.040000
384 384 0.120000
385 385 0.173333
386 386 -0.173333
387 387 -0.066667
388 388 0.066667
389 389 0.120000
390 390 0.013333
391 391 0.146667
392 392 -0.093333
393 393 0.066667
394 394 -0.066667
395 395 -0.146667
396 396 0.200000
397 397 0.146667
398 398 -0.146667
399 399 0.066667
400 400 0.013333
401 401 -0.120000
402 402 0.120000
403 403 -0.173333
404 404 -0.093333
405 405 -0.066667
406 406 -0.093333
407 407 -0.013333
408 408 -0.146667
409 409 -0.200000
410 410 0.093333
411 411 0.040000
412 412 -0.146667
413 413 0.013333
414 414 0.013333
415 415 0.120000
416 416 0.093333
417 417 -0.146667
418 418 0.120000
419 419 0.146667
420 420 0.173333
421 421 -0.093333
422 422 0.040000
423 423 -0.146667
424 424 -0.200000
425 425 0.093333
426 426 0.093333
427 427 -0.146667
428 428 0.093333
429 429 -0.146667
430 430 0.013333
431 431 0.066667
432 432 -0.013333
433 433 0.146667
434 434 0.146667
435 435 -0.200000
436 436 0.040000
437 437 0.200000
438 438 -0.146667
439 439 -0.093333
440 440 0.066667
441 441 0.093333
442 442 0.093333
443 443 0.200000
444 444 0.040000
445 445 -0.066667
446 446 0.173333
447 447 0.173333
448 448 -0.093333
449 449 -0.146667
450 450 -0.066667
451 451 -0.040000
452 452 -0.120000
453 453 0.120000
454 454 -0.040000
455 455 0.173333
456 456 -0.093333
457 457 0.066667
458 458 -0.093333
459 459 0.093333
460 460 -0.040000
461 461 -0.066667
462 462 -0.200000
463 463 -0.146667
464 464 0.093333
465 465 0.173333
466 466 0.013333
467 467 -0.200000
468 468 0.066667
469 469 -0.066667
470 470 -0.120000
471 471 0.200000
472 472 0.120000
473 473 0.120000
474 474 -0.146667
475 475 -0.173333
476 476 -0.120000
477 477 0.120000
478 478 -0.146667
479 479 0.146667
480 480 -0.040000
481 481 -0.120000
482 482 -0.040000
483 483 -0.013333
484 484 -0.146667
485 485 0.173333
486 486 -0.146667
487 487 -0.200000
488 488 -0.040000
489 489 -0.120000
490 490 -0.040000
491 491 0.120000
492 492 0.093333
493 493 0.093333
494 494 0.173333
495 495 -0.146667
496 496 0.013333
497 497 0.040000
498 498 0.173333
499 499 -0.120000
500 500 0.120000
501 501 -0.200000
502 502 -0.040000
503 503 -0.093333
504 504 -0.146667
505 505 0.173333
506 506 -0.173333
507 507 0.093333
508 508 0.200000
509 509 0.093333
510 510 0.146667
511 511 -0.040000
512 512 0.173333
1 5 1.000000
1 6 5.000000
1 7 -0.600000
1 8 -0.733333
1 65 0.733333
2 5 -0.066667
2 6 -0.333333
2 7 -0.200000
2 8 -0.200000
2 66 0.600000
3 5 0.733333
3 6 -0.066667
3 7 -1.000000
3 8 0.333333
3 67 -3.666667
4 5 0.600000
4 6 -0.466667
4 7 -1.000000
4 8 0.333333
4 68 -0.333333
5 13 -0.200000
6 14 0.733333
7 15 0.600000
8 16 0.733333
9 13 2.333333
9 14 1.000000
9 15 -1.000000
9 16 -0.866667
9 73 -0.466667
10 13 -0.200000
10 14 0.200000
10 15 0.200000
10 16 0.200000
10 74 -0.200000
11 13 -0.066667
11 14 -0.600000
11 15 -0.600000
11 16 3.000000
11 75 0.733333
12 13 0.466667
12 14 1.000000
12 15 -0.866667
12 16 -0.466667
12 76 0.866667
13 21 -0.466667
14 22 -0.733333
15 23 0.466667
16 24 -2.333333
17 21 0.466667
17 22 -4.333333
17 23 -0.466667
17 24 -0.333333
17 81 -0.600000
18 21 0.333333
18 22 0.200000
18 23 0.466667
18 24 0.466667
18 82 0.200000
19 21 -0.866667
19 22 0.600000
19 23 -0.600000
19 24 -0.066667
19 83 0.066667
20 21 -0.200000
20 22 -0.333333
20 23 1.000000
20 24 -0.333333
20 84 0.066667
21 29 0.066667
22 30 -0.866667
23 31 0.333333
24 32 -0.333333
25 29 -0.466667
25 30 0.866667
25 31 -0.866667
25 32 2.333333
25 89 1.000000
26 29 1.000000
26 30 -0.066667
26 31 -0.866667
26 32 0.466667
26 90 -0.066667
27 29 0.200000
27 30 0.066667
27 31 0.733333
27 32 4.333333
27 91 0.333333
28 29 -0.066667
28 30 -0.200000
28 31 -0.866667
28 32 -0.333333
28 92 0.466667
29 37 -0.066667
30 38 -0.733333
31 39 -0.733333
32 40 -0.866667
33 37 -0.466667
33 38 0.066667
33 39 -0.600000
33 40 0.600000
33 97 -0.066667
34 37 -1.000000
34 38 -0.866667
34 39 -0.866667
34 40 1.666667
34 98 -1.000000
35 37 -0.733333
35 38 0.333333
35 39 -0.600000
35 40 0.333333
35 99 1.000000
36 37 -0.733333
36 38 0.200000
36 39 0.866667
36 40 -0.466667
36 100 0.066667
37 45 0.600000
38 46 -0.333333
39 47 -0.733333
40 48 0.333333
41 45 0.200000
41 46 -0.600000
41 47 0.466667
41 48 -0.066667
41 105 0.466667
42 45 0.066667
42 46 -1.000000
42 47 0.733333
42 48 -1.000000
42 106 0.733333
43 45 0.333333
43 46 0.866667
43 47 -0.733333
43 48 -0.466667
43 107 0.200000
44 45 0.200000
44 46 -0.466667
44 47 -0.866667
44 48 3.666667
44 108 1.000000
45 53 0.466667
46 54 0.200000
47 55 -0.600000
48 56 -1.666667
49 53 0.466667
49 54 -0.466667
49 55 0.200000
49 56 -0.066667
49 113 0.733333
50 53 0.200000
50 54 0.866667
50 55 0.066667
50 56 -0.200000
50 114 -0.866667
51 53 -0.200000
51 54 -0.600000
51 55 0.600000
51 56 -0.733333
51 115 -0.866667
52 53 -0.066667
52 54 -0.066667
52 55 0.333333
52 56 0.733333
52 116 5.000000
53 61 0.733333
54 62 -3.000000
55 63 1.000000
56 64 -0.066667
57 61 -0.200000
57 62 0.733333
57 63 -0.466667
57 64 0.733333
57 121 -0.066667
58 61 0.600000
58 62 0.733333
58 63 -0.200000
58 64 0.600000
58 122 -0.600000
59 61 0.600000
59 62 0.066667
59 63 -0.066667
59 64 1.000000
59 123 -2.333333
60 61 0.866667
60 62 5.000000
60 63 -0.733333
60 64 -0.466667
60 124 1.666667
65 69 0.333333
65 70 1.000000
65 71 -0.200000
65 72 -0.200000
65 129 3.666667
66 69 1.666667
66 70 0.200000
66 71 0.733333
66 72 -0.333333
66 130 0.733333
67 69 -0.333333
67 70 0.066667
67 71 1.000000
67 72 -0.866667
67 131 -0.600000
68 69 -0.600000
68 70 0.200000
68 71 -0.600000
68 72 -0.066667
68 132 0.866667
69 77 0.066667
70 78 1.000000
71 79 1.000000
72 80 1.000000
73 77 0.600000
73 78 0.466667
73 79 -0.866667
73 80 -0.733333
73 137 0.733333
74 77 -1.000000
74 78 -0.466667
74 79 0.733333
74 80 0.733333
74 138 0.733333
75 77 0.733333
75 78 0.200000
75 79 1.000000
75 80 0.866667
75 139 0.866667
76 77 -0.733333
76 78 0.866667
76 79 -0.200000
76 80 -0.733333
76 140 1.000000
77 85 1.000000
78 86 -0.733333
79 87 -0.200000
80 88 -0.066667
81 85 -0.200000
81 86 -0.600000
81 87 -0.466667
81 88 0.466667
81 145 -0.066667
82 85 -0.600000
82 86 -0.466667
82 87 -0.866667
82 88 -0.866667
82 146 -0.200000
83 85 -0.200000
83 86 -1.000000
83 87 -1.000000
83 88 -0.466667
83 147 -0.200000
84 85 3.000000
84 86 0.200000
84 87 -0.466667
84 88 -0.333333
84 148 0.600000
85 93 -0.200000
86 94 -1.000000
87 95 0.200000
88 96 -0.600000
89 93 0.733333
89 94 -0.733333
89 95 0.200000
89 96 -0.066667
89 153 0.866667
90 93 0.200000
90 94 0.866667
90 95 1.000000
90 96 1.000000
90 154 3.666667
91 93 -0.866667
91 94 0.466667
91 95 0.600000
91 96 -0.866667
91 155 0.866667
92 93 1.000000
92 94 -0.333333
92 95 -0.200000
92 96 0.600000
92 156 -0.733333
93 101 -0.733333
94 102 -0.333333
95 103 -1.000000
96 104 0.200000
97 101 -0.866667
97 102 0.866667
97 103 0.866667
97 104 0.600000
97 161 -0.466667
98 101 0.866667
98 102 0.466667
98 103 -0.733333
98 104 -0.600000
98 162 0.333333
99 101 -0.733333
99 102 0.466667
99 103 -1.666667
99 104 0.866667
99 163 -0.066667
100 101 -0.066667
100 102 -0.600000
100 103 0.200000
100 104 0.733333
100 164 1.000000
101 109 -0.200000
102 110 1.000000
103 111 0.333333
104 112 0.466667
105 109 0.066667
105 110 -0.733333
105 111 -0.733333
105 112 1.000000
105 169 -1.000000
106 109 -0.333333
106 110 1.000000
106 111 -0.733333
106 112 -0.200000
106 170 -0.066667
107 109 -0.866667
107 110 0.333333
107 111 0.733333
107 112 0.066667
107 171 0.866667
108 109 0.600000
108 110 -0.600000
108 111 -0.466667
108 112 -0.866667
108 172 -1.000000
109 117 -0.600000
110 118 0.733333
111 119 -0.733333
112 120 -0.466667
113 117 -0.600000
113 118 -1.000000
113 119 5.000000
113 120 -0.200000
113 177 0.600000
114 117 -0.066667
114 118 -1.000000
114 119 -0.733333
114 120 0.466667
114 178 -0.466667
115 117 0.866667
115 118 -1.000000
115 119 0.466667
115 120 -0.466667
115 179 -0.600000
116 117 0.866667
116 118 0.600000
116 119 0.733333
116 120 -0.866667
116 180 0.333333
117 125 -0.733333
118 126 -0.200000
119 127 -0.200000
120 128 -0.466667
121 125 -0.200000
121 126 -0.600000
121 127 0.466667
121 128 -0.466667
121 185 0.466667
122 125 -1.666667
122 126 0.333333
122 127 1.666667
122 128 0.333333
122 186 4.333333
123 125 4.333333
123 126 0.866667
123 127 -0.333333
123 128 0.466667
123 187 0.600000
124 125 -0.866667
124 126 0.333333
124 127 0.200000
124 128 -0.600000
124 188 0.600000
129 133 -0.600000
129 134 2.333333
129 135 -2.333333
129 136 0.200000
129 193 -0.866667
130 133 -0.200000
130 134 -0.066667
130 135 0.333333
130 136 -0.333333
130 194 0.866667
131 133 0.733333
131 134 0.333333
131 135 -1.000000
131 136 0.866667
131 195 0.200000
132 133 0.066667
132 134 -0.200000
132 135 0.733333
132 136 -1.000000
132 196 0.066667
133 141 -0.733333
134 142 0.200000
135 143 0.066667
136 144 0.066667
137 141 -0.866667
137 142 0.333333
137 143 1.000000
137 144 -0.600000
137 201 -0.866667
138 141 -0.200000
138 142 0.466667
138 143 0.333333
138 144 0.733333
138 202 -0.600000
139 141 -0.600000
139 142 -0.200000
139 143 -0.200000
139 144 0.466667
139 203 0.200000
140 141 0.333333
140 142 -1.000000
140 143 0.866667
140 144 0.333333
140 204 0.733333
141 149 0.333333
142 150 1.000000
143 151 0.600000
144 152 -0.333333
145 149 -4.333333
145 150 0.600000
145 151 0.600000
145 152 0.866667
145 209 0.866667
146 149 0.866667
146 150 0.466667
146 151 -1.000000
146 152 0.333333
146 210 -0.733333
147 149 -0.466667
147 150 -0.866667
147 151 -0.466667
147 152 1.000000
147 211 -0.466667
148 149 -0.333333
148 150 0.333333
148 151 -1.000000
148 152 -0.066667
148 212 0.600000
149 157 -1.666667
150 158 -0.066667
151 159 0.066667
152 160 0.866667
153 157 0.733333
153 158 -0.600000
153 159 -0.733333
153 160 -0.733333
153 217 -1.000000
154 157 0.466667
154 158 -0.466667
154 159 -0.200000
154 160 0.733333
154 218 2.333333
155 157 -0.600000
155 158 0.333333
155 159 0.200000
155 160 0.333333
155 219 -0.066667
156 157 -0.600000
156 158 -0.600000
156 159 -0.066667
156 160 -0.733333
156 220 -4.333333
157 165 0.600000
158 166 1.000000
159 167 -0.600000
160 168 1.000000
161 165 0.200000
161 166 -0.733333
161 167 -1.000000
161 168 -0.600000
161 225 -0.866667
162 165 0.866667
162 166 0.466667
162 167 -0.333333
162 168 0.733333
162 226 -0.466667
163 165 0.600000
163 166 1.000000
163 167 -0.600000
163 168 -0.600000
163 227 -1.000000
164 165 0.733333
164 166 0.600000
164 167 0.333333
164 168 -0.066667
164 228 -1.000000
165 173 0.333333
166 174 0.333333
167 175 -0.866667
168 176 -0.333333
169 173 -1.000000
169 174 -0.466667
169 175 1.000000
169 176 0.333333
169 233 3.666667
170 173 -0.066667
170 174 1.000000
170 175 -0.200000
170 176 0.733333
170 234 0.066667
171 173 -0.866667
171 174 -0.600000
171 175 -0.200000
171 176 -0.600000
171 235 0.466667
172 173 -1.000000
172 174 -0.066667
172 175 -0.200000
172 176 -0.600000
172 236 0.866667
173 181 -0.733333
174 182 5.000000
175 183 -1.000000
176 184 0.733333
177 181 -0.733333
177 182 1.000000
177 183 -0.066667
177 184 -0.066667
177 241 0.866667
178 181 0.200000
178 182 0.600000
178 183 -0.066667
178 184 0.600000
178 242 0.466667
179 181 -0.333333
179 182 -0.333333
179 183 -0.466667
179 184 -0.466667
179 243 0.200000
180 181 0.200000
180 182 -4.333333
180 183 0.866667
180 184 1.000000
180 244 -0.466667
181 189 1.000000
182 190 3.666667
183 191 -0.066667
184 192 -0.466667
185 189 -0.466667
185 190 1.000000
185 191 3.000000
185 192 -0.600000
185 249 0.866667
186 189 4.333333
186 190 -1.000000
186 191 1.666667
186 192 -3.666667
186 250 -0.600000
187 189 0.200000
187 190 0.066667
187 191 0.733333
187 192 1.000000
187 251 1.000000
188 189 0.733333
188 190 -1.000000
188 191 3.666667
188 192 1.000000
188 252 0.733333
193 197 0.866667
193 198 1.000000
193 199 1.000000
193 200 0.466667
193 257 1.000000
194 197 -0.600000
194 198 0.333333
194 199 0.200000
194 200 0.466667
194 258 -1.000000
195 197 0.066667
195 198 -0.333333
195 199 -0.333333
195 200 -1.000000
195 259 0.733333
196 197 -0.600000
196 198 -0.600000
196 199 -0.333333
196 200 -0.333333
196 260 -0.200000
197 205 0.733333
198 206 -1.000000
199 207 -0.066667
200 208 1.000000
201 205 2.333333
201 206 -1.000000
201 207 0.333333
201 208 -0.200000
201 265 3.666667
202 205 -0.866667
202 206 0.333333
202 207 -0.333333
202 208 1.000000
202 266 0.466667
203 205 -0.200000
203 206 -0.200000
203 207 -0.600000
203 208 -1.000000
203 267 0.333333
204 205 -0.200000
204 206 -0.866667
204 207 0.600000
204 208 0.866667
204 268 1.000000
205 213 0.333333
206 214 -0.600000
207 215 0.733333
208 216 0.333333
209 213 1.000000
209 214 0.066667
209 215 -0.600000
209 216 0.333333
209 273 0.600000
210 213 -5.000000
210 214 -0.466667
210 215 -0.200000
210 216 -0.733333
210 274 0.333333
211 213 0.466667
211 214 0.200000
211 215 -0.466667
211 216 0.200000
211 275 0.600000
212 213 -0.066667
212 214 -0.866667
212 215 -1.000000
212 216 -1.000000
212 276 -0.866667
213 221 0.733333
214 222 -1.000000
215 223 0.200000
216 224 0.866667
217 221 -0.066667
217 222 1.666667
217 223 -0.066667
217 224 0.733333
217 281 0.333333
218 221 -0.333333
218 222 -1.000000
218 223 -1.666667
218 224 -0.866667
218 282 0.600000
219 221 -0.733333
219 222 0.466667
219 223 0.600000
219 224 0.733333
219 283 -0.333333
220 221 0.733333
220 222 0.866667
220 223 0.066667
220 224 -0.200000
220 284 -1.000000
221 229 0.066667
222 230 0.866667
223 231 -0.200000
224 232 -1.000000
225 229 -0.200000
225 230 -1.000000
225 231 -0.200000
225 232 -0.066667
225 289 0.466667
226 229 1.000000
226 230 0.066667
226 231 0.733333
226 232 -0.200000
226 290 -0.466667
227 229 0.066667
227 230 -0.333333
227 231 0.200000
227 232 -0.866667
227 291 0.866667
228 229 -0.733333
228 230 0.466667
228 231 0.733333
228 232 -0.466667
228 292 -0.866667
229 237 -0.600000
230 238 1.000000
231 239 -0.333333
232 240 0.333333
233 237 -3.000000
233 238 3.666667
233 239 0.466667
233 240 -0.733333
233 297 4.333333
234 237 -0.466667
234 238 0.866667
234 239 2.333333
234 240 0.333333
234 298 2.333333
235 237 -0.066667
235 238 1.666667
235 239 -0.200000
235 240 -0.733333
235 299 -0.333333
236 237 -0.066667
236 238 -5.000000
236 239 0.066667
236 240 -0.733333
236 300 0.733333
237 245 0.200000
238 246 -0.333333
239 247 -0.066667
240 248 0.200000
241 245 5.000000
241 246 -0.466667
241 247 0.866667
241 248 1.666667
241 305 1.000000
242 245 -0.600000
242 246 1.000000
242 247 -0.866667
242 248 -0.466667
242 306 -0.733333
243 245 2.333333
243 246 0.333333
243 247 0.733333
243 248 -0.333333
243 307 -0.200000
244 245 0.066667
244 246 0.466667
244 247 -0.333333
244 248 0.333333
244 308 0.200000
245 253 -0.866667
246 254 -0.866667
247 255 0.466667
248 256 0.600000
249 253 -0.333333
249 254 0.200000
249 255 -0.600000
249 256 0.200000
249 313 -0.200000
250 253 1.000000
250 254 -0.200000
250 255 -0.200000
250 256 0.066667
250 314 -0.333333
251 253 0.333333
251 254 -1.000000
251 255 0.466667
251 256 -1.000000
251 315 0.600000
252 253 0.733333
252 254 -0.733333
252 255 -1.000000
252 256 -0.466667
252 316 -0.466667
257 261 0.066667
257 262 -3.666667
257 263 5.000000
257 264 -0.066667
257 321 0.866667
258 261 3.000000
258 262 0.733333
258 263 3.000000
258 264 -0.600000
258 322 -4.333333
259 261 -0.466667
259 262 -0.466667
259 263 0.333333
259 264 0.600000
259 323 1.000000
260 261 -0.333333
260 262 -1.666667
260 263 0.066667
260 264 3.666667
260 324 -1.000000
261 269 -0.733333
262 270 -0.333333
263 271 0.200000
264 272 0.333333
265 269 0.333333
265 270 -0.066667
265 271 0.200000
265 272 -1.000000
265 329 0.466667
266 269 -0.200000
266 270 -0.200000
266 271 -0.200000
266 272 0.733333
266 330 -0.200000
267 269 -0.733333
267 270 -0.066667
267 271 -0.066667
267 272 -0.466667
267 331 -0.066667
268 269 -0.333333
268 270 -0.466667
268 271 -1.000000
268 272 -0.200000
268 332 -1.000000
269 277 -0.600000
270 278 0.333333
271 279 0.733333
272 280 -0.066667
273 277 -1.000000
273 278 0.200000
273 279 -0.866667
273 280 -0.466667
273 337 -0.866667
274 277 -1.000000
274 278 -1.000000
274 279 0.866667
274 280 -0.866667
274 338 0.600000
275 277 -0.866667
275 278 0.866667
275 279 0.200000
275 280 1.000000
275 339 -0.200000
276 277 -0.733333
276 278 0.466667
276 279 0.200000
276 280 -0.333333
276 340 0.600000
277 285 -0.733333
278 286 -0.466667
279 287 -0.600000
280 288 0.333333
281 285 -0.733333
281 286 0.066667
281 287 -3.666667
281 288 -0.333333
281 345 -0.866667
282 285 0.200000
282 286 -0.200000
282 287 2.333333
282 288 0.466667
282 346 0.333333
283 285 0.733333
283 286 0.466667
283 287 -0.600000
283 288 -1.000000
283 347 -0.466667
284 285 -0.066667
284 286 1.000000
284 287 -0.200000
284 288 -0.066667
284 348 0.733333
285 293 -0.066667
286 294 0.200000
287 295 0.466667
288 296 -0.866667
289 293 0.466667
289 294 -0.733333
289 295 -3.666667
289 296 0.600000
289 353 -1.000000
290 293 0.333333
290 294 0.200000
290 295 0.466667
290 296 0.466667
290 354 -0.600000
291 293 0.333333
291 294 -0.333333
291 295 -0.333333
291 296 -0.333333
291 355 -0.066667
292 293 0.866667
292 294 0.733333
292 295 1.000000
292 296 -0.066667
292 356 -0.733333
293 301 -1.000000
294 302 -0.733333
295 303 1.000000
296 304 0.466667
297 301 -0.600000
297 302 1.000000
297 303 -3.666667
297 304 -0.866667
297 361 -0.600000
298 301 0.466667
298 302 -1.000000
298 303 0.466667
298 304 0.333333
298 362 0.600000
299 301 0.200000
299 302 -0.466667
299 303 -0.066667
299 304 -0.600000
299 363 0.600000
300 301 0.866667
300 302 -0.066667
300 303 0.733333
300 304 -0.333333
300 364 -0.733333
301 309 0.200000
302 310 -0.600000
303 311 -0.600000
304 312 0.066667
305 309 3.666667
305 310 -4.333333
305 311 -0.466667
305 312 -0.066667
305 369 0.066667
306 309 -0.733333
306 310 -0.066667
306 311 1.000000
306 312 0.200000
306 370 0.066667
307 309 -0.200000
307 310 0.733333
307 311 -0.333333
307 312 -0.600000
307 371 2.333333
308 309 -0.733333
308 310 0.066667
308 311 1.000000
308 312 -0.200000
308 372 3.000000
309 317 -2.333333
310 318 -0.600000
311 319 0.600000
312 320 0.333333
313 317 -0.733333
313 318 0.733333
313 319 0.600000
313 320 -0.333333
313 377 -0.866667
314 317 -0.066667
314 318 1.000000
314 319 0.333333
314 320 -3.000000
314 378 1.000000
315 317 -0.066667
315 318 0.866667
315 319 0.600000
315 320 0.866667
315 379 0.600000
316 317 -1.000000
316 318 0.866667
316 319 0.066667
316 320 1.000000
316 380 -0.200000
321 325 -0.200000
321 326 1.000000
321 327 0.600000
321 328 -3.000000
321 385 -0.200000
322 325 0.733333
322 326 -0.733333
322 327 4.333333
322 328 -1.000000
322 386 0.200000
323 325 0.733333
323 326 0.333333
323 327 0.200000
323 328 -0.466667
323 387 -0.866667
324 325 0.600000
324 326 -1.000000
324 327 0.066667
324 328 -0.733333
324 388 5.000000
325 333 -1.000000
326 334 -0.733333
327 335 -0.333333
328 336 0.733333
329 333 -0.200000
329 334 1.000000
329 335 -0.733333
329 336 -0.866667
329 393 1.000000
330 333 -0.200000
330 334 0.200000
330 335 -0.200000
330 336 -0.200000
330 394 -0.733333
331 333 0.333333
331 334 0.333333
331 335 0.066667
331 336 0.200000
331 395 -0.733333
332 333 0.333333
332 334 2.333333
332 335 -0.733333
332 336 -0.333333
332 396 0.200000
333 341 0.200000
334 342 0.866667
335 343 0.333333
336 344 -0.600000
337 341 0.466667
337 342 -0.333333
337 343 -0.600000
337 344 -1.000000
337 401 0.600000
338 341 0.866667
338 342 -0.200000
338 343 -1.000000
338 344 0.466667
338 402 -0.066667
339 341 -0.866667
339 342 -0.600000
339 343 0.733333
339 344 -0.733333
339 403 0.200000
340 341 0.466667
340 342 0.866667
340 343 -0.733333
340 344 0.733333
340 404 3.000000
341 349 0.466667
342 350 -5.000000
343 351 0.066667
344 352 0.333333
345 349 0.600000
345 350 -2.333333
345 351 0.333333
345 352 1.666667
345 409 0.066667
346 349 -0.200000
346 350 -0.333333
346 351 1.000000
346 352 2.333333
346 410 0.600000
347 349 -0.600000
347 350 0.066667
347 351 0.600000
347 352 3.000000
347 411 -0.466667
348 349 -0.333333
348 350 0.200000
348 351 0.600000
348 352 0.200000
348 412 -0.333333
349 357 -0.733333
350 358 0.066667
351 359 0.333333
352 360 0.066667
353 357 -0.066667
353 358 -0.066667
353 359 1.000000
353 360 0.200000
353 417 0.733333
354 357 0.333333
354 358 -0.200000
354 359 -0.333333
354 360 -0.466667
354 418 -0.333333
355 357 0.466667
355 358 -0.866667
355 359 0.066667
355 360 -0.066667
355 419 -1.000000
356 357 -0.466667
356 358 -0.733333
356 359 0.333333
356 360 -0.066667
356 420 0.600000
357 365 -0.200000
358 366 -0.866667
359 367 0.200000
360 368 0.066667
361 365 -0.333333
361 366 0.866667
361 367 -0.866667
361 368 1.000000
361 425 0.466667
362 365 -0.466667
362 366 -0.066667
362 367 0.066667
362 368 1.000000
362 426 -0.066667
363 365 0.066667
363 366 -1.000000
363 367 0.333333
363 368 0.600000
363 427 -1.000000
364 365 -1.000000
364 366 0.066667
364 367 0.066667
364 368 1.000000
364 428 0.466667
365 373 0.733333
366 374 -0.066667
367 375 0.466667
368 376 -0.600000
369 373 -0.200000
369 374 -0.733333
369 375 -0.733333
369 376 0.600000
369 433 0.200000
370 373 1.000000
370 374 0.866667
370 375 2.333333
370 376 0.333333
370 434 1.000000
371 373 0.466667
371 374 0.066667
371 375 -3.666667
371 376 1.000000
371 435 -0.733333
372 373 0.466667
372 374 0.200000
372 375 1.666667
372 376 0.200000
372 436 0.066667
373 381 0.200000
374 382 0.733333
375 383 3.666667
376 384 0.466667
377 381 0.866667
377 382 -1.000000
377 383 0.866667
377 384 0.200000
377 441 1.000000
378 381 -0.866667
378 382 0.333333
378 383 0.066667
378 384 -0.866667
378 442 -0.333333
379 381 1.000000
379 382 -0.600000
379 383 -0.466667
379 384 -0.333333
379 443 0.333333
380 381 0.200000
380 382 -0.466667
380 383 0.866667
380 384 -0.333333
380 444 -0.466667
385 389 0.066667
385 390 1.666667
385 391 0.200000
385 392 -0.466667
385 449 0.200000
386 389 -0.733333
386 390 -0.866667
386 391 0.200000
386 392 0.333333
386 450 1.000000
387 389 0.733333
387 390 0.866667
387 391 0.866667
387 392 0.866667
387 451 0.333333
388 389 0.066667
388 390 0.600000
388 391 0.466667
388 392 -0.333333
388 452 0.733333
389 397 0.866667
390 398 -0.066667
391 399 0.200000
392 400 0.866667
393 397 -0.600000
393 398 0.733333
393 399 -0.866667
393 400 0.600000
393 457 -0.466667
394 397 -0.600000
394 398 0.066667
394 399 -0.066667
394 400 -0.466667
394 458 0.866667
395 397 0.733333
395 398 -0.733333
395 399 1.000000
395 400 -0.733333
395 459 -0.866667
396 397 0.066667
396 398 0.333333
396 399 0.733333
396 400 -1.000000
396 460 -0.600000
397 405 0.866667
398 406 -0.733333
399 407 0.200000
400 408 0.333333
401 405 -3.666667
401 406 0.333333
401 407 1.000000
401 408 -0.333333
401 465 0.066667
402 405 -0.333333
402 406 -1.000000
402 407 -0.733333
402 408 0.866667
402 466 0.866667
403 405 -0.333333
403 406 0.733333
403 407 0.466667
403 408 0.600000
403 467 0.066667
404 405 -1.000000
404 406 0.333333
404 407 0.333333
404 408 -5.000000
404 468 0.466667
405 413 0.466667
406 414 -0.866667
407 415 -1.000000
408 416 0.600000
409 413 -0.600000
409 414 1.000000
409 415 0.733333
409 416 0.600000
409 473 1.000000
410 413 -0.866667
410 414 0.733333
410 415 -0.733333
410 416 0.866667
410 474 0.866667
411 413 0.733333
411 414 -0.200000
411 415 0.333333
411 416 -1.000000
411 475 0.066667
412 413 -0.333333
412 414 0.600000
412 415 -0.600000
412 416 -0.866667
412 476 -0.333333
413 421 1.666667
414 422 0.066667
415 423 3.666667
416 424 0.600000
417 421 0.200000
417 422 -0.066667
417 423 -0.466667
417 424 0.200000
417 481 4.333333
418 421 0.066667
418 422 -4.333333
418 423 -3.666667
418 424 -0.466667
418 482 -0.333333
419 421 -0.733333
419 422 -0.866667
419 423 0.733333
419 424 -0.866667
419 483 -0.733333
420 421 -0.333333
420 422 3.666667
420 423 0.066667
420 424 3.000000
420 484 4.333333
421 429 0.866667
422 430 0.200000
423 431 -1.000000
424 432 0.333333
425 429 -4.333333
425 430 -0.600000
425 431 2.333333
425 432 4.333333
425 489 -0.600000
426 429 0.600000
426 430 -0.466667
426 431 -0.466667
426 432 -0.600000
426 490 0.866667
427 429 0.733333
427 430 -1.000000
427 431 0.200000
427 432 -0.733333
427 491 -0.733333
428 429 -0.466667
428 430 0.066667
428 431 -0.200000
428 432 1.000000
428 492 0.333333
429 437 -0.466667
430 438 -0.066667
431 439 -0.600000
432 440 -0.600000
433 437 0.466667
433 438 0.733333
433 439 -0.600000
433 440 -0.866667
433 497 -1.000000
434 437 -1.000000
434 438 1.000000
434 439 -0.466667
434 440 -0.600000
434 498 -1.000000
435 437 1.000000
435 438 -1.000000
435 439 0.066667
435 440 -0.466667
435 499 -0.733333
436 437 0.066667
436 438 -3.666667
436 439 0.600000
436 440 0.733333
436 500 0.600000
437 445 0.466667
438 446 -0.333333
439 447 -1.000000
440 448 -1.000000
441 445 -0.466667
441 446 0.600000
441 447 -0.333333
441 448 -0.066667
441 505 0.333333
442 445 0.600000
442 446 0.466667
442 447 -0.200000
442 448 -0.466667
442 506 0.733333
443 445 -0.733333
443 446 -0.733333
443 447 0.200000
443 448 -0.066667
443 507 0.333333
444 445 -0.466667
444 446 0.733333
444 447 0.200000
444 448 -0.733333
444 508 -0.466667
449 453 1.000000
449 454 -0.733333
449 455 -1.000000
449 456 0.733333
450 453 0.066667
450 454 -0.733333
450 455 -0.600000
450 456 0.866667
451 453 -0.200000
451 454 0.333333
451 455 1.000000
451 456 -1.000000
452 453 -0.200000
452 454 -0.066667
452 455 -0.733333
452 456 1.000000
453 461 -0.200000
454 462 0.200000
455 463 -0.600000
456 464 1.000000
457 461 -0.466667
457 462 0.333333
457 463 0.333333
457 464 0.600000
458 461 0.066667
458 462 1.000000
458 463 -0.733333
458 464 0.600000
459 461 -0.600000
459 462 -0.866667
459 463 0.200000
459 464 -0.466667
460 461 0.866667
460 462 0.600000
460 463 0.600000
460 464 -0.733333
461 469 0.733333
462 470 0.866667
463 471 1.000000
464 472 -0.333333
465 469 -0.200000
465 470 -0.066667
465 471 -0.600000
465 472 0.600000
466 469 -1.000000
466 470 0.733333
466 471 0.600000
466 472 1.000000
467 469 0.466667
467 470 0.466667
467 471 0.866667
467 472 -0.066667
468 469 -0.733333
468 470 1.000000
468 471 -0.333333
468 472 0.733333
469 477 -0.466667
470 478 0.600000
471 479 0.600000
472 480 -3.666667
473 477 1.000000
473 478 -0.600000
473 479 0.200000
473 480 -0.733333
474 477 -0.066667
474 478 0.866667
474 479 1.666667
474 480 -0.733333
475 477 0.600000
475 478 0.733333
475 479 0.066667
475 480 0.733333
476 477 -0.466667
476 478 1.000000
476 479 0.200000
476 480 0.200000
477 485 0.466667
478 486 3.000000
479 487 0.333333
480 488 0.866667
481 485 0.333333
481 486 0.200000
481 487 -0.466667
481 488 -0.733333
482 485 0.733333
482 486 -1.000000
482 487 1.000000
482 488 -3.666667
483 485 0.200000
483 486 0.466667
483 487 -0.333333
483 488 0.866667
484 485 -5.000000
484 486 2.333333
484 487 0.466667
484 488 -1.000000
485 493 -0.866667
486 494 0.200000
487 495 0.066667
488 496 -0.600000
489 493 1.000000
489 494 1.000000
489 495 0.066667
489 496 0.333333
490 493 4.333333
490 494 0.066667
490 495 0.733333
490 496 -0.866667
491 493 -0.200000
491 494 -0.466667
491 495 1.000000
491 496 1.000000
492 493 -0.200000
492 494 -0.600000
492 495 -0.866667
492 496 -0.866667
493 501 0.066667
494 502 -0.866667
495 503 -0.600000
496 504 0.333333
497 501 0.733333
497 502 1.000000
497 503 0.466667
497 504 0.200000
498 501 -0.333333
498 502 3.666667
498 503 0.866667
498 504 0.200000
499 501 -0.866667
499 502 -0.066667
499 503 -0.333333
499 504 -1.000000
500 501 0.866667
500 502 0.600000
500 503 1.000000
500 504 -0.200000
501 509 -0.200000
502 510 1.000000
503 511 -1.000000
504 512 -0.200000
505 509 -3.000000
505 510 5.000000
505 511 -0.866667
505 512 0.333333
506 509 2.333333
506 510 1.000000
506 511 -0.066667
506 512 -3.000000
507 509 1.000000
507 510 0.333333
507 511 -1.000000
507 512 0.866667
508 509 -2.333333
508 510 3.666667
508 511 0.333333
508 512 0.866667