#
1 1 0.120000
2 2 -0.200000
3 3 0.120000
4 4 -0.120000
5 5 0.093333
6 6 -0.173333
7 7 0.013333
8 8 0.013333
9 9 -0.066667
10 10 -0.146667
11 11 0.013333
12 12 0.013333
13 13 0.066667
14 14 0.120000
15 15 -0.146667
16 16 -0.040000
17 17 -0.093333
18 18 -0.200000
19 19 -0.040000
20 20 -0.120000
21 21 0.066667
22 22 -0.013333
23 23 -0.173333
24 24 0.146667
25 25 0.200000
26 26 0.093333
27 27 -0.173333
28 28 -0.066667
29 29 -0.040000
30 30 0.040000
31 31 -0.013333
32 32 -0.040000
33 33 0.040000
34 34 0.013333
35 35 -0.120000
36 36 -0.093333
37 37 0.146667
38 38 0.093333
39 39 0.040000
40 40 0.040000
41 41 0.066667
42 42 0.173333
43 43 -0.146667
44 44 -0.146667
45 45 -0.120000
46 46 0.013333
47 47 -0.013333
48 48 0.013333
49 49 0.093333
50 50 -0.173333
51 51 -0.200000
52 52 0.066667
53 53 -0.120000
54 54 0.013333
55 55 0.120000
56 56 -0.120000
57 57 0.040000
58 58 0.093333
59 59 0.093333
60 60 0.066667
61 61 -0.013333
62 62 0.013333
63 63 -0.200000
64 64 -0.173333
65 65 0.066667
66 66 -0.093333
67 67 0.120000
68 68 0.173333
69 69 -0.173333
70 70 0.066667
71 71 0.013333
72 72 -0.146667
73 73 0.066667
74 74 -0.066667
75 75 -0.040000
76 76 -0.040000
77 77 -0.173333
78 78 0.146667
79 79 -0.040000
80 80 -0.120000
81 81 0.013333
82 82 0.013333
83 83 0.200000
84 84 -0.120000
85 85 0.093333
86 86 -0.146667
87 87 0.120000
88 88 -0.173333
89 89 -0.200000
90 90 -0.146667
91 91 -0.200000
92 92 0.040000
93 93 0.093333
94 94 0.093333
95 95 -0.093333
96 96 -0.200000
97 97 -0.093333
98 98 -0.146667
99 99 -0.173333
100 100 -0.093333
101 101 -0.200000
102 102 -0.146667
103 103 -0.013333
104 104 0.200000
105 105 0.093333
106 106 -0.146667
107 107 0.093333
108 108 -0.120000
109 109 0.013333
110 110 0.173333
111 111 -0.040000
112 112 0.120000
113 113 -0.146667
114 114 -0.200000
115 115 0.013333
116 116 -0.013333
117 117 -0.066667
118 118 -0.093333
119 119 -0.173333
120 120 -0.200000
121 121 -0.093333
122 122 0.120000
123 123 0.200000
124 124 -0.013333
125 125 -0.173333
126 126 -0.146667
127 127 0.173333
128 128 -0.173333
129 129 -0.066667
130 130 -0.200000
131 131 -0.013333
132 132 0.093333
133 133 0.093333
134 134 0.200000
135 135 0.200000
136 136 0.173333
137 137 0.040000
138 138 0.200000
139 139 -0.093333
140 140 0.066667
141 141 0.040000
142 142 0.173333
143 143 -0.146667
144 144 -0.093333
145 145 0.200000
146 146 -0.173333
147 147 0.173333
148 148 -0.200000
149 149 0.120000
150 150 -0.040000
151 151 -0.013333
152 152 0.146667
153 153 -0.093333
154 154 -0.120000
155 155 -0.120000
156 156 -0.040000
157 157 0.200000
158 158 0.013333
159 159 0.013333
160 160 -0.173333
161 161 0.146667
162 162 0.200000
163 163 -0.013333
164 164 0.146667
165 165 -0.200000
166 166 -0.173333
167 167 0.066667
168 168 -0.040000
169 169 -0.200000
170 170 0.040000
171 171 0.120000
172 172 -0.013333
173 173 -0.173333
174 174 0.093333
175 175 -0.013333
176 176 0.120000
177 177 -0.066667
178 178 0.013333
179 179 0.066667
180 180 -0.040000
181 181 -0.066667
182 182 -0.093333
183 183 -0.093333
184 184 -0.040000
185 185 0.066667
186 186 -0.093333
187 187 -0.146667
188 188 0.013333
189 189 -0.093333
190 190 0.200000
191 191 0.120000
192 192 0.013333
193 193 -0.146667
194 194 0.200000
195 195 0.093333
196 196 0.120000
197 197 -0.120000
198 198 0.173333
199 199 -0.173333
200 200 0.120000
201 201 -0.200000
202 202 -0.013333
203 203 0.120000
204 204 -0.040000
205 205 -0.146667
206 206 0.040000
207 207 -0.013333
208 208 -0.093333
209 209 -0.146667
210 210 -0.013333
211 211 -0.066667
212 212 0.200000
213 213 -0.146667
214 214 -0.040000
215 215 0.066667
216 216 0.120000
217 217 0.146667
218 218 -0.013333
219 219 0.066667
220 220 -0.146667
221 221 0.173333
222 222 -0.040000
223 223 -0.013333
224 224 -0.040000
225 225 0.173333
226 226 0.146667
227 227 -0.093333
228 228 -0.013333
229 229 -0.146667
230 230 0.146667
231 231 -0.013333
232 232 -0.066667
233 233 -0.173333
234 234 0.200000
235 235 -0.093333
236 236 -0.040000
237 237 0.120000
238 238 0.173333
239 239 -0.173333
240 240 -0.200000
241 241 -0.040000
242 242 -0.173333
243 243 0.173333
244 244 0.200000
245 245 -0.146667
246 246 0.093333
247 247 0.066667
248 248 -0.173333
249 249 0.013333
250 250 0.200000
251 251 -0.120000
252 252 0.146667
253 253 -0.066667
254 254 0.200000
255 255 -0.093333
256 256 -0.173333
257 257 0.200000
258 258 -0.013333
259 259 0.013333
260 260 -0.093333
261 261 -0.120000
262 262 -0.040000
263 263 0.200000
264 264 -0.200000
265 265 0.013333
266 266 -0.120000
267 267 0.093333
268 268 -0.013333
269 269 0.013333
270 270 0.146667
271 271 0.013333
272 272 0.066667
273 273 0.093333
274 274 -0.013333
275 275 0.066667
276 276 -0.120000
277 277 -0.120000
278 278 -0.200000
279 279 0.066667
280 280 -0.013333
281 281 0.200000
282 282 -0.066667
283 283 0.120000
284 284 0.066667
285 285 0.120000
286 286 -0.173333
287 287 -0.093333
288 288 -0.120000
289 289 -0.146667
290 290 -0.040000
291 291 0.093333
292 292 0.200000
293 293 -0.173333
294 294 0.200000
295 295 -0.200000
296 296 0.200000
297 297 -0.146667
298 298 -0.173333
299 299 -0.200000
300 300 0.040000
301 301 0.146667
302 302 -0.040000
303 303 -0.066667
304 304 0.093333
305 305 -0.146667
306 306 -0.093333
307 307 0.146667
308 308 -0.040000
309 309 0.173333
310 310 0.120000
311 311 -0.013333
312 312 0.066667
313 313 -0.146667
314 314 0.040000
315 315 0.200000
316 316 -0.173333
317 317 0.040000
318 318 0.173333
319 319 -0.013333
320 320 -0.173333
321 321 -0.093333
322 322 -0.040000
323 323 0.120000
324 324 -0.173333
325 325 0.120000
326 326 0.200000
327 327 0.120000
328 328 -0.093333
329 329 0.040000
330 330 -0.120000
331 331 -0.146667
332 332 0.066667
333 333 -0.040000
334 334 -0.120000
335 335 -0.013333
336 336 -0.013333
337 337 -0.013333
338 338 -0.093333
339 339 -0.093333
340 340 0.173333
341 341 0.173333
342 342 -0.040000
343 343 -0.173333
344 344 -0.200000
345 345 0.013333
346 346 0.093333
347 347 0.173333
348 348 -0.013333
349 349 -0.120000
350 350 -0.066667
351 351 -0.093333
352 352 0.013333
353 353 0.146667
354 354 -0.120000
355 355 0.093333
356 356 -0.093333
357 357 0.066667
358 358 -0.040000
359 359 -0.146667
360 360 -0.146667
361 361 -0.093333
362 362 -0.200000
363 363 0.066667
364 364 -0.093333
365 365 0.093333
366 366 -0.013333
367 367 0.013333
368 368 -0.013333
369 369 -0.066667
370 370 0.146667
371 371 0.173333
372 372 0.013333
373 373 -0.120000
374 374 -0.013333
375 375 -0.146667
376 376 0.093333
377 377 -0.066667
378 378 -0.093333
379 379 -0.120000
380 380 0.120000
381 381 0.093333
382 382 0.120000
383 383 -0.040000
384 384 -0.173333
385 385 0.120000
386 386 -0.173333
387 387 -0.013333
388 388 -0.013333
389 389 -0.066667
390 390 -0.066667
391 391 0.173333
392 392 -0.066667
393 393 -0.146667
394 394 -0.200000
395 395 0.066667
396 396 -0.093333
397 397 -0.093333
398 398 0.040000
399 399 -0.040000
400 400 0.066667
401 401 0.200000
402 402 0.093333
403 403 -0.120000
404 404 0.013333
405 405 -0.013333
406 406 0.040000
407 407 -0.040000
408 408 -0.066667
409 409 -0.040000
410 410 0.093333
411 411 0.200000
412 412 -0.200000
413 413 -0.120000
414 414 -0.093333
415 415 -0.066667
416 416 -0.013333
417 417 -0.173333
418 418 0.066667
419 419 0.173333
420 420 0.013333
421 421 0.066667
422 422 0.013333
423 423 0.066667
424 424 0.066667
425 425 -0.200000
426 426 -0.013333
427 427 0.013333
428 428 -0.173333
429 429 0.146667
430 430 0.013333
431 431 -0.120000
432 432 0.120000
433 433 -0.146667
434 434 -0.173333
435 435 -0.093333
436 436 -0.093333
437 437 0.200000
438 438 -0.200000
439 439 0.120000
440 440 0.066667
441 441 0.120000
442 442 0.093333
443 443 0.013333
444 444 -0.093333
445 445 -0.013333
446 446 -0.093333
447 447 -0.200000
448 448 -0.200000
449 449 -0.093333
450 450 -0.173333
451 451 -0.120000
452 452 0.173333
453 453 -0.146667
454 454 -0.200000
455 455 -0.066667
456 456 -0.173333
457 457 0.040000
458 458 0.040000
459 459 0.173333
460 460 0.200000
461 461 0.173333
462 462 0.040000
463 463 0.200000
464 464 -0.066667
465 465 0.120000
466 466 -0.146667
467 467 -0.200000
468 468 0.200000
469 469 -0.040000
470 470 0.040000
471 471 0.200000
472 472 -0.200000
473 473 -0.146667
474 474 0.040000
475 475 0.146667
476 476 0.173333
477 477 -0.200000
478 478 -0.146667
479 479 -0.013333
480 480 0.040000
481 481 -0.120000
482 482 -0.093333
483 483 0.066667
484 484 -0.040000
485 485 -0.146667
486 486 0.146667
487 487 -0.173333
488 488 0.120000
489 489 -0.040000
490 490 -0.013333
491 491 -0.120000
492 492 0.013333
493 493 -0.146667
494 494 -0.146667
495 495 0.173333
496 496 0.173333
497 497 -0.200000
498 498 0.173333
499 499 -0.173333
500 500 0.146667
501 501 0.200000
502 502 -0.093333
503 503 -0.013333
504 504 -0.040000
505 505 0.066667
506 506 0.066667
507 507 0.066667
508 508 -0.200000
509 509 0.093333
510 510 0.093333
511 511 0.120000
512 512 -0.066667
1 5 -0.200000
1 6 -0.200000
1 7 -0.333333
1 8 0.600000
1 65 -0.200000
2 5 0.733333
2 6 0.600000
2 7 0.866667
2 8 1.000000
2 66 0.600000
3 5 0.733333
3 6 -0.200000
3 7 -1.000000
3 8 0.866667
3 67 -0.333333
4 5 -0.333333
4 6 -0.066667
4 7 -0.466667
4 8 -0.600000
4 68 -1.000000
5 13 0.466667
6 14 0.200000
7 15 -0.733333
8 16 0.066667
9 13 1.000000
9 14 -1.000000
9 15 -1.000000
9 16 0.200000
9 73 0.066667
10 13 1.000000
10 14 1.000000
10 15 0.733333
10 16 0.200000
10 74 -2.333333
11 13 -0.066667
11 14 1.000000
11 15 0.733333
11 16 -1.000000
11 75 -0.733333
12 13 0.733333
12 14 0.600000
12 15 -0.466667
12 16 0.466667
12 76 0.866667
13 21 1.000000
14 22 0.733333
15 23 -0.200000
16 24 0.600000
17 21 -0.866667
17 22 0.733333
17 23 0.733333
17 24 -0.733333
17 81 -0.333333
18 21 0.066667
18 22 0.733333
18 23 -0.066667
18 24 1.000000
18 82 -0.200000
19 21 -1.000000
19 22 -0.733333
19 23 0.333333
19 24 -3.666667
19 83 0.333333
20 21 -0.200000
20 22 -0.733333
20 23 -0.600000
20 24 0.733333
20 84 1.000000
21 29 -0.066667
22 30 -0.200000
23 31 -0.733333
24 32 -0.866667
25 29 0.600000
25 30 -1.000000
25 31 0.066667
25 32 0.333333
25 89 1.000000
26 29 0.066667
26 30 -0.066667
26 31 -0.333333
26 32 -1.000000
26 90 0.333333
27 29 0.733333
27 30 0.600000
27 31 -0.466667
27 32 0.333333
27 91 0.866667
28 29 -1.000000
28 30 0.466667
28 31 -0.733333
28 32 0.200000
28 92 0.200000
29 37 0.066667
30 38 0.866667
31 39 -0.733333
32 40 0.333333
33 37 -0.866667
33 38 0.600000
33 39 -0.733333
33 40 0.733333
33 97 -3.666667
34 37 0.866667
34 38 -0.866667
34 39 1.000000
34 40 -1.000000
34 98 5.000000
35 37 0.333333
35 38 0.866667
35 39 -0.466667
35 40 -0.333333
35 99 1.666667
36 37 -0.066667
36 38 -0.200000
36 39 0.733333
36 40 -0.200000
36 100 -0.733333
37 45 0.600000
38 46 0.333333
39 47 -0.600000
40 48 0.733333
41 45 0.866667
41 46 -0.066667
41 47 -1.000000
41 48 0.200000
41 105 -1.000000
42 45 -0.866667
42 46 0.866667
42 47 4.333333
42 48 0.200000
42 106 1.000000
43 45 -5.000000
43 46 -1.000000
43 47 0.066667
43 48 -1.000000
43 107 -0.600000
44 45 0.333333
44 46 0.066667
44 47 -0.600000
44 48 -0.066667
44 108 -0.600000
45 53 -0.200000
46 54 0.600000
47 55 0.466667
48 56 0.066667
49 53 3.666667
49 54 0.066667
49 55 4.333333
49 56 -1.000000
49 113 1.666667
50 53 0.466667
50 54 -0.866667
50 55 -0.333333
50 56 -0.200000
50 114 -0.733333
51 53 -0.466667
51 54 -0.333333
51 55 -0.333333
51 56 -0.200000
51 115 -0.866667
52 53 -0.466667
52 54 1.000000
52 55 -0.600000
52 56 -1.000000
52 116 0.333333
53 61 0.866667
54 62 0.466667
55 63 0.466667
56 64 -0.866667
57 61 -0.600000
57 62 -1.000000
57 63 5.000000
57 64 1.666667
57 121 -0.466667
58 61 0.866667
58 62 -0.866667
58 63 -0.333333
58 64 0.733333
58 122 -0.333333
59 61 -0.733333
59 62 0.733333
59 63 0.200000
59 64 0.600000
59 123 0.733333
60 61 1.000000
60 62 0.733333
60 63 0.200000
60 64 -0.866667
60 124 -1.000000
65 69 -0.333333
65 70 0.600000
65 71 1.000000
65 72 0.200000
65 129 0.333333
66 69 -1.000000
66 70 0.200000
66 71 -0.866667
66 72 -1.000000
66 130 0.066667
67 69 -0.333333
67 70 -0.066667
67 71 0.333333
67 72 -0.066667
67 131 -0.600000
68 69 0.866667
68 70 -0.066667
68 71 -0.866667
68 72 0.466667
68 132 0.200000
69 77 -0.200000
70 78 -0.466667
71 79 0.466667
72 80 0.600000
73 77 0.333333
73 78 0.200000
73 79 -0.600000
73 80 -0.866667
73 137 0.066667
74 77 -1.000000
74 78 -0.333333
74 79 -3.666667
74 80 -0.066667
74 138 -0.866667
75 77 -0.066667
75 78 -0.600000
75 79 -0.066667
75 80 -0.066667
75 139 0.733333
76 77 -3.666667
76 78 0.466667
76 79 -0.333333
76 80 -1.000000
76 140 -0.866667
77 85 -5.000000
78 86 -0.200000
79 87 0.866667
80 88 0.333333
81 85 0.866667
81 86 -1.000000
81 87 -0.733333
81 88 -0.333333
81 145 -0.200000
82 85 -0.866667
82 86 -0.333333
82 87 -0.866667
82 88 0.066667
82 146 -0.066667
83 85 -0.866667
83 86 0.466667
83 87 0.333333
83 88 -0.333333
83 147 -0.200000
84 85 0.466667
84 86 0.466667
84 87 -0.466667
84 88 1.000000
84 148 -0.866667
85 93 0.333333
86 94 0.733333
87 95 0.866667
88 96 -0.466667
89 93 1.000000
89 94 -0.600000
89 95 -0.200000
89 96 -1.000000
89 153 -0.600000
90 93 -1.666667
90 94 3.000000
90 95 0.600000
90 96 1.000000
90 154 0.200000
91 93 0.466667
91 94 -0.066667
91 95 0.733333
91 96 0.866667
91 155 -1.000000
92 93 0.333333
92 94 1.000000
92 95 0.466667
92 96 -0.600000
92 156 0.333333
93 101 0.066667
94 102 -0.466667
95 103 1.000000
96 104 -0.466667
97 101 -1.000000
97 102 -0.200000
97 103 -0.333333
97 104 -0.600000
97 161 0.466667
98 101 0.200000
98 102 0.066667
98 103 3.000000
98 104 -0.733333
98 162 0.333333
99 101 -0.733333
99 102 -0.200000
99 103 1.000000
99 104 3.666667
99 163 0.866667
100 101 -5.000000
100 102 -0.066667
100 103 -0.066667
100 104 -0.866667
100 164 -4.333333
101 109 0.600000
102 110 -1.000000
103 111 1.666667
104 112 -0.466667
105 109 -0.733333
105 110 1.000000
105 111 0.600000
105 112 -0.466667
105 169 0.866667
106 109 -1.000000
106 110 0.600000
106 111 0.066667
106 112 4.333333
106 170 0.733333
107 109 -1.000000
107 110 0.866667
107 111 -3.666667
107 112 -0.466667
107 171 3.666667
108 109 -0.866667
108 110 0.733333
108 111 -1.000000
108 112 -0.600000
108 172 0.200000
109 117 -0.200000
110 118 0.200000
111 119 -3.666667
112 120 -0.600000
113 117 0.466667
113 118 1.666667
113 119 2.333333
113 120 0.866667
113 177 0.200000
114 117 -0.333333
114 118 0.466667
114 119 -0.866667
114 120 4.333333
114 178 -0.333333
115 117 0.866667
115 118 -0.333333
115 119 -0.600000
115 120 -0.333333
115 179 0.066667
116 117 3.666667
116 118 -0.200000
116 119 -2.333333
116 120 3.666667
116 180 -0.866667
117 125 -1.000000
118 126 -0.200000
119 127 3.000000
120 128 0.733333
121 125 -1.000000
121 126 -0.066667
121 127 0.733333
121 128 0.066667
121 185 -0.866667
122 125 0.466667
122 126 0.866667
122 127 -0.733333
122 128 0.733333
122 186 -1.000000
123 125 0.733333
123 126 0.733333
123 127 1.000000
123 128 0.066667
123 187 0.333333
124 125 -0.733333
124 126 -0.466667
124 127 -0.600000
124 128 -1.000000
124 188 0.200000
129 133 0.200000
129 134 -3.000000
129 135 0.600000
129 136 4.333333
129 193 0.733333
130 133 -0.333333
130 134 0.200000
130 135 0.600000
130 136 -0.333333
130 194 -3.666667
131 133 -0.600000
131 134 0.066667
131 135 0.466667
131 136 0.333333
131 195 -0.866667
132 133 0.733333
132 134 -0.466667
132 135 0.733333
132 136 0.066667
132 196 -0.466667
133 141 -1.000000
134 142 -0.333333
135 143 -0.333333
136 144 -0.200000
137 141 -0.333333
137 142 -0.200000
137 143 -1.000000
137 144 -0.866667
137 201 -1.000000
138 141 -1.000000
138 142 -1.000000
138 143 0.466667
138 144 0.066667
138 202 0.466667
139 141 1.000000
139 142 -0.600000
139 143 -0.066667
139 144 0.466667
139 203 -0.600000
140 141 1.666667
140 142 0.733333
140 143 -0.733333
140 144 -0.466667
140 204 -0.466667
141 149 -0.066667
142 150 0.600000
143 151 -0.866667
144 152 0.200000
145 149 -0.733333
145 150 -0.866667
145 151 -0.200000
145 152 -0.333333
145 209 0.066667
146 149 0.066667
146 150 0.733333
146 151 -0.333333
146 152 -1.000000
146 210 0.200000
147 149 0.466667
147 150 0.466667
147 151 -0.066667
147 152 0.866667
147 211 0.733333
148 149 4.333333
148 150 -0.733333
148 151 0.066667
148 152 -1.000000
148 212 -0.600000
149 157 -0.333333
150 158 1.000000
151 159 0.333333
152 160 -0.333333
153 157 0.200000
153 158 -1.666667
153 159 1.000000
153 160 0.733333
153 217 0.733333
154 157 -0.866667
154 158 3.666667
154 159 0.200000
154 160 0.200000
154 218 -0.600000
155 157 -0.333333
155 158 0.600000
155 159 0.866667
155 160 0.066667
155 219 0.466667
156 157 -0.200000
156 158 -0.600000
156 159 -0.466667
156 160 -0.200000
156 220 -0.333333
157 165 0.466667
158 166 -0.466667
159 167 -0.200000
160 168 -3.666667
161 165 -0.200000
161 166 0.466667
161 167 -0.600000
161 168 -1.666667
161 225 4.333333
162 165 -0.600000
162 166 0.466667
162 167 -0.066667
162 168 -0.466667
162 226 2.333333
163 165 1.000000
163 166 -0.066667
163 167 0.466667
163 168 -0.733333
163 227 0.333333
164 165 -0.200000
164 166 0.066667
164 167 0.333333
164 168 -0.466667
164 228 1.000000
165 173 -0.733333
166 174 0.466667
167 175 -0.200000
168 176 0.333333
169 173 0.200000
169 174 -0.466667
169 175 0.333333
169 176 0.333333
169 233 -0.600000
170 173 -1.000000
170 174 0.733333
170 175 -0.733333
170 176 0.466667
170 234 -0.200000
171 173 1.000000
171 174 -0.066667
171 175 -0.733333
171 176 -0.733333
171 235 -3.000000
172 173 0.600000
172 174 0.733333
172 175 -0.333333
172 176 -0.333333
172 236 -1.000000
173 181 -1.000000
174 182 0.466667
175 183 -0.200000
176 184 -0.333333
177 181 -0.200000
177 182 0.866667
177 183 0.866667
177 184 -0.866667
177 241 -0.066667
178 181 0.733333
178 182 1.000000
178 183 0.066667
178 184 -0.733333
178 242 -0.333333
179 181 1.000000
179 182 -0.466667
179 183 -0.200000
179 184 1.000000
179 243 0.066667
180 181 0.733333
180 182 -0.333333
180 183 1.000000
180 184 0.466667
180 244 -0.733333
181 189 -0.066667
182 190 0.600000
183 191 -0.066667
184 192 0.600000
185 189 -0.733333
185 190 -0.066667
185 191 0.866667
185 192 -0.600000
185 249 -1.000000
186 189 0.733333
186 190 -0.066667
186 191 0.866667
186 192 1.000000
186 250 0.733333
187 189 0.733333
187 190 0.866667
187 191 0.333333
187 192 0.866667
187 251 -0.600000
188 189 0.200000
188 190 0.600000
188 191 -1.000000
188 192 -0.733333
188 252 -0.600000
193 197 0.466667
193 198 0.733333
193 199 -0.733333
193 200 -0.866667
193 257 -0.066667
194 197 0.333333
194 198 -0.600000
194 199 -2.333333
194 200 -1.000000
194 258 0.600000
195 197 -1.000000
195 198 5.000000
195 199 0.200000
195 200 0.600000
195 259 -0.200000
196 197 -0.333333
196 198 0.200000
196 199 3.000000
196 200 1.666667
196 260 -0.066667
197 205 1.000000
198 206 -0.466667
199 207 0.466667
200 208 -0.466667
201 205 0.733333
201 206 -0.200000
201 207 0.733333
201 208 1.000000
201 265 0.333333
202 205 -0.200000
202 206 0.600000
202 207 -0.600000
202 208 -0.866667
202 266 -0.733333
203 205 0.733333
203 206 0.866667
203 207 0.333333
203 208 0.866667
203 267 0.600000
204 205 0.733333
204 206 -0.333333
204 207 -0.200000
204 208 -0.466667
204 268 -0.600000
205 213 2.333333
206 214 -0.600000
207 215 -0.733333
208 216 0.600000
209 213 0.066667
209 214 0.466667
209 215 0.600000
209 216 -0.066667
209 273 -3.000000
210 213 0.466667
210 214 -0.866667
210 215 0.466667
210 216 -0.333333
210 274 -0.200000
211 213 0.866667
211 214 -0.466667
211 215 -0.200000
211 216 0.066667
211 275 -0.733333
212 213 0.466667
212 214 -0.333333
212 215 1.000000
212 216 -0.600000
212 276 0.200000
213 221 -0.466667
214 222 0.733333
215 223 -0.466667
216 224 -0.066667
217 221 0.200000
217 222 0.466667
217 223 -0.466667
217 224 0.200000
217 281 -1.000000
218 221 -0.200000
218 222 -0.466667
218 223 -0.733333
218 224 -0.066667
218 282 0.066667
219 221 0.733333
219 222 0.733333
219 223 0.600000
219 224 -0.200000
219 283 -0.200000
220 221 0.200000
220 222 0.733333
220 223 0.733333
220 224 -0.600000
220 284 1.000000
221 229 0.466667
222 230 2.333333
223 231 -0.466667
224 232 0.066667
225 229 -0.600000
225 230 0.333333
225 231 0.333333
225 232 0.600000
225 289 -0.733333
226 229 0.733333
226 230 1.666667
226 231 -0.600000
226 232 0.333333
226 290 -0.600000
227 229 1.000000
227 230 -0.600000
227 231 -0.200000
227 232 -0.200000
227 291 0.066667
228 229 0.466667
228 230 0.466667
228 231 0.466667
228 232 -1.000000
228 292 0.066667
229 237 -0.066667
230 238 0.733333
231 239 0.466667
232 240 0.200000
233 237 -0.333333
233 238 -0.200000
233 239 0.733333
233 240 -0.466667
233 297 0.333333
234 237 0.066667
234 238 0.866667
234 239 0.066667
234 240 -0.733333
234 298 0.333333
235 237 0.600000
235 238 1.000000
235 239 -0.866667
235 240 -0.866667
235 299 -3.000000
236 237 0.200000
236 238 -0.866667
236 239 0.866667
236 240 -0.066667
236 300 0.066667
237 245 0.333333
238 246 0.866667
239 247 -1.000000
240 248 -1.000000
241 245 1.000000
241 246 -3.000000
241 247 -0.600000
241 248 -0.200000
241 305 4.333333
242 245 -0.466667
242 246 0.466667
242 247 -0.733333
242 248 0.333333
242 306 0.066667
243 245 -0.200000
243 246 -0.466667
243 247 0.866667
243 248 -0.466667
243 307 -0.866667
244 245 -0.333333
244 246 0.733333
244 247 0.066667
244 248 -0.466667
244 308 -0.466667
245 253 -0.066667
246 254 0.866667
247 255 -0.333333
248 256 0.866667
249 253 0.600000
249 254 0.066667
249 255 -0.066667
249 256 -0.466667
249 313 0.333333
250 253 -1.000000
250 254 -0.733333
250 255 0.066667
250 256 -0.333333
250 314 0.733333
251 253 -0.733333
251 254 -0.866667
251 255 0.600000
251 256 0.466667
251 315 1.000000
252 253 0.066667
252 254 -0.066667
252 255 -0.333333
252 256 -0.733333
252 316 1.000000
257 261 5.000000
257 262 -0.333333
257 263 0.200000
257 264 0.466667
257 321 3.000000
258 261 0.600000
258 262 -0.600000
258 263 0.866667
258 264 -0.200000
258 322 0.333333
259 261 0.600000
259 262 -0.066667
259 263 -0.600000
259 264 0.333333
259 323 1.666667
260 261 -0.066667
260 262 -0.466667
260 263 0.333333
260 264 0.600000
260 324 0.466667
261 269 0.733333
262 270 -0.333333
263 271 -0.066667
264 272 -0.066667
265 269 0.866667
265 270 1.000000
265 271 -0.333333
265 272 0.466667
265 329 -0.466667
266 269 -0.333333
266 270 -0.600000
266 271 -0.200000
266 272 0.200000
266 330 0.600000
267 269 -0.200000
267 270 0.733333
267 271 -0.466667
267 272 -0.866667
267 331 -0.466667
268 269 1.000000
268 270 -1.666667
268 271 -1.000000
268 272 -0.600000
268 332 0.200000
269 277 0.600000
270 278 0.866667
271 279 -0.466667
272 280 -0.333333
273 277 -0.466667
273 278 -0.333333
273 279 0.333333
273 280 0.066667
273 337 -0.333333
274 277 0.466667
274 278 -1.666667
274 279 0.866667
274 280 0.866667
274 338 -0.733333
275 277 0.866667
275 278 -4.333333
275 279 -0.466667
275 280 -0.200000
275 339 0.600000
276 277 -0.600000
276 278 -0.600000
276 279 -0.466667
276 280 1.000000
276 340 0.466667
277 285 -0.466667
278 286 0.866667
279 287 0.466667
280 288 0.733333
281 285 0.200000
281 286 -0.066667
281 287 -0.066667
281 288 0.866667
281 345 -0.200000
282 285 0.066667
282 286 0.333333
282 287 0.466667
282 288 -1.000000
282 346 -0.866667
283 285 0.333333
283 286 -0.333333
283 287 0.866667
283 288 -0.866667
283 347 -0.733333
284 285 0.866667
284 286 0.733333
284 287 -0.733333
284 288 -0.333333
284 348 0.466667
285 293 0.466667
286 294 0.200000
287 295 -0.200000
288 296 0.466667
289 293 0.733333
289 294 1.000000
289 295 0.733333
289 296 -0.733333
289 353 -0.466667
290 293 -1.000000
290 294 4.333333
290 295 -0.466667
290 296 -0.733333
290 354 0.466667
291 293 0.466667
291 294 -1.000000
291 295 -1.000000
291 296 1.000000
291 355 0.333333
292 293 1.000000
292 294 -0.333333
292 295 -1.000000
292 296 -1.000000
292 356 -0.866667
293 301 0.866667
294 302 -0.066667
295 303 -0.066667
296 304 -0.466667
297 301 4.333333
297 302 -0.333333
297 303 -0.733333
297 304 0.466667
297 361 1.000000
298 301 -3.000000
298 302 0.866667
298 303 -0.466667
298 304 -2.333333
298 362 1.666667
299 301 1.666667
299 302 -1.000000
299 303 -1.666667
299 304 -0.200000
299 363 -3.666667
300 301 1.000000
300 302 0.600000
300 303 0.200000
300 304 1.000000
300 364 -0.333333
301 309 -4.333333
302 310 -0.066667
303 311 0.200000
304 312 -0.866667
305 309 1.000000
305 310 -0.600000
305 311 0.600000
305 312 1.000000
305 369 -0.333333
306 309 -3.000000
306 310 -0.466667
306 311 0.866667
306 312 0.333333
306 370 -1.000000
307 309 0.733333
307 310 -0.333333
307 311 0.600000
307 312 0.600000
307 371 1.000000
308 309 -0.733333
308 310 0.466667
308 311 -0.600000
308 312 0.466667
308 372 0.733333
309 317 -0.200000
310 318 0.466667
311 319 1.000000
312 320 -0.733333
313 317 0.733333
313 318 -0.066667
313 319 0.600000
313 320 -0.200000
313 377 -0.466667
314 317 0.066667
314 318 0.733333
314 319 -0.200000
314 320 -0.866667
314 378 0.733333
315 317 -0.866667
315 318 0.200000
315 319 0.733333
315 320 0.466667
315 379 0.733333
316 317 -0.866667
316 318 0.333333
316 319 -0.866667
316 320 1.000000
316 380 0.466667
321 325 0.333333
321 326 -0.466667
321 327 0.600000
321 328 -3.000000
321 385 -0.066667
322 325 -0.733333
322 326 0.866667
322 327 0.866667
322 328 -0.866667
322 386 -0.200000
323 325 0.733333
323 326 -0.866667
323 327 -1.666667
323 328 -0.733333
323 387 0.333333
324 325 -4.333333
324 326 0.333333
324 327 -0.333333
324 328 -4.333333
324 388 0.066667
325 333 0.200000
326 334 -0.466667
327 335 0.600000
328 336 -3.000000
329 333 -1.000000
329 334 -0.733333
329 335 -1.000000
329 336 1.000000
329 393 0.200000
330 333 -0.466667
330 334 -0.733333
330 335 0.066667
330 336 3.000000
330 394 -0.066667
331 333 0.733333
331 334 0.866667
331 335 -0.600000
331 336 1.000000
331 395 -0.466667
332 333 -0.333333
332 334 -0.600000
332 335 0.066667
332 336 1.000000
332 396 0.066667
333 341 -0.466667
334 342 0.066667
335 343 -0.466667
336 344 1.666667
337 341 0.200000
337 342 -0.466667
337 343 0.733333
337 344 -1.000000
337 401 -1.000000
338 341 -0.733333
338 342 0.333333
338 343 0.200000
338 344 0.866667
338 402 -0.066667
339 341 0.733333
339 342 0.866667
339 343 -0.333333
339 344 -0.466667
339 403 0.466667
340 341 0.600000
340 342 0.066667
340 343 -0.466667
340 344 0.333333
340 404 0.066667
341 349 -0.600000
342 350 -0.466667
343 351 -0.733333
344 352 -1.000000
345 349 -0.600000
345 350 0.066667
345 351 0.866667
345 352 -0.733333
345 409 -1.000000
346 349 -5.000000
346 350 0.466667
346 351 -1.000000
346 352 -0.466667
346 410 -0.200000
347 349 0.066667
347 350 0.600000
347 351 1.000000
347 352 0.066667
347 411 -0.066667
348 349 -0.466667
348 350 1.000000
348 351 1.000000
348 352 -1.000000
348 412 -0.600000
349 357 0.066667
350 358 -0.866667
351 359 -0.333333
352 360 -1.000000
353 357 -0.466667
353 358 0.866667
353 359 0.333333
353 360 -0.200000
353 417 0.333333
354 357 0.200000
354 358 0.333333
354 359 -0.066667
354 360 0.733333
354 418 -0.200000
355 357 -0.200000
355 358 0.466667
355 359 0.866667
355 360 0.466667
355 419 0.333333
356 357 0.200000
356 358 -0.200000
356 359 -0.333333
356 360 1.000000
356 420 0.333333
357 365 -0.866667
358 366 1.000000
359 367 -1.000000
360 368 2.333333
361 365 -1.000000
361 366 0.466667
361 367 1.000000
361 368 -4.333333
361 425 0.333333
362 365 -0.733333
362 366 1.000000
362 367 0.733333
362 368 0.466667
362 426 0.600000
363 365 -1.000000
363 366 1.000000
363 367 0.866667
363 368 -0.066667
363 427 0.466667
364 365 0.200000
364 366 -0.066667
364 367 -0.600000
364 368 -2.333333
364 428 -0.066667
365 373 -5.000000
366 374 0.333333
367 375 -0.866667
368 376 -3.000000
369 373 -0.600000
369 374 -0.866667
369 375 -0.866667
369 376 0.066667
369 433 -0.066667
370 373 -0.733333
370 374 -0.733333
370 375 -0.733333
370 376 -0.866667
370 434 0.733333
371 373 1.000000
371 374 -0.066667
371 375 0.066667
371 376 0.066667
371 435 0.466667
372 373 0.466667
372 374 0.200000
372 375 -0.466667
372 376 -1.000000
372 436 1.000000
373 381 -0.866667
374 382 -0.866667
375 383 -0.066667
376 384 -0.466667
377 381 3.666667
377 382 -0.066667
377 383 -0.333333
377 384 -0.066667
377 441 0.466667
378 381 -0.066667
378 382 -1.000000
378 383 -0.866667
378 384 0.066667
378 442 1.000000
379 381 1.000000
379 382 1.000000
379 383 -1.000000
379 384 0.466667
379 443 0.866667
380 381 0.733333
380 382 -0.466667
380 383 0.066667
380 384 0.866667
380 444 -0.466667
385 389 0.733333
385 390 0.600000
385 391 0.866667
385 392 -3.666667
385 449 -0.200000
386 389 1.000000
386 390 0.200000
386 391 0.333333
386 392 -1.000000
386 450 0.466667
387 389 -0.600000
387 390 0.200000
387 391 1.000000
387 392 -0.200000
387 451 1.000000
388 389 -1.000000
388 390 -3.000000
388 391 0.866667
388 392 -5.000000
388 452 -0.600000
389 397 -0.333333
390 398 -0.200000
391 399 -1.000000
392 400 -3.000000
393 397 0.333333
393 398 0.866667
393 399 -0.066667
393 400 -0.733333
393 457 0.866667
394 397 -0.333333
394 398 0.333333
394 399 -0.466667
394 400 4.333333
394 458 0.866667
395 397 -0.333333
395 398 0.466667
395 399 0.733333
395 400 0.600000
395 459 -0.466667
396 397 0.066667
396 398 -0.066667
396 399 -0.200000
396 400 -1.000000
396 460 -0.733333
397 405 -0.866667
398 406 -0.333333
399 407 0.733333
400 408 2.333333
401 405 -4.333333
401 406 3.000000
401 407 1.000000
401 408 -3.666667
401 465 1.000000
402 405 -1.000000
402 406 2.333333
402 407 -0.200000
402 408 0.200000
402 466 0.600000
403 405 5.000000
403 406 0.466667
403 407 -0.733333
403 408 0.600000
403 467 -0.333333
404 405 0.733333
404 406 0.333333
404 407 -2.333333
404 408 -1.666667
404 468 -0.333333
405 413 0.466667
406 414 2.333333
407 415 0.200000
408 416 0.866667
409 413 -0.200000
409 414 5.000000
409 415 0.200000
409 416 1.000000
409 473 0.600000
410 413 0.333333
410 414 -0.866667
410 415 1.000000
410 416 -0.733333
410 474 0.066667
411 413 0.066667
411 414 -0.600000
411 415 -0.733333
411 416 -0.466667
411 475 0.066667
412 413 -0.600000
412 414 -1.000000
412 415 -0.733333
412 416 0.866667
412 476 0.200000
413 421 -0.066667
414 422 -1.000000
415 423 -0.466667
416 424 -1.000000
417 421 -0.600000
417 422 0.866667
417 423 0.200000
417 424 1.000000
417 481 -1.000000
418 421 -0.600000
418 422 -0.466667
418 423 2.333333
418 424 1.000000
418 482 -0.066667
419 421 0.466667
419 422 0.066667
419 423 0.866667
419 424 -1.000000
419 483 -0.466667
420 421 0.733333
420 422 -0.733333
420 423 0.200000
420 424 -1.000000
420 484 0.333333
421 429 -0.733333
422 430 5.000000
423 431 0.333333
424 432 -0.866667
425 429 -0.333333
425 430 -1.000000
425 431 -0.333333
425 432 -0.600000
425 489 -0.200000
426 429 -3.666667
426 430 -0.600000
426 431 1.000000
426 432 -1.000000
426 490 -0.466667
427 429 1.000000
427 430 0.866667
427 431 -0.466667
427 432 0.200000
427 491 -3.666667
428 429 -1.000000
428 430 0.200000
428 431 1.000000
428 432 0.866667
428 492 0.866667
429 437 -0.466667
430 438 0.600000
431 439 -0.866667
432 440 0.466667
433 437 0.866667
433 438 -0.200000
433 439 -0.466667
433 440 -0.333333
433 497 -0.066667
434 437 -0.866667
434 438 0.200000
434 439 -0.333333
434 440 -0.733333
434 498 -0.866667
435 437 0.333333
435 438 -3.000000
435 439 -0.066667
435 440 -0.466667
435 499 -0.866667
436 437 -0.200000
436 438 0.466667
436 439 1.000000
436 440 1.000000
436 500 -0.333333
437 445 0.066667
438 446 -0.066667
439 447 -5.000000
440 448 0.866667
441 445 1.000000
441 446 -1.000000
441 447 0.466667
441 448 -1.000000
441 505 1.000000
442 445 -0.466667
442 446 0.866667
442 447 0.333333
442 448 -0.200000
442 506 0.600000
443 445 1.000000
443 446 0.866667
443 447 -0.200000
443 448 0.733333
443 507 0.200000
444 445 -0.066667
444 446 -0.866667
444 447 -0.866667
444 448 -0.333333
444 508 0.200000
449 453 -0.333333
449 454 0.066667
449 455 1.000000
449 456 1.000000
450 453 -0.466667
450 454 -0.866667
450 455 -0.333333
450 456 -0.066667
451 453 0.600000
451 454 0.333333
451 455 -0.066667
451 456 -0.066667
452 453 -1.000000
452 454 0.466667
452 455 0.200000
452 456 1.000000
453 461 0.333333
454 462 0.733333
455 463 -0.066667
456 464 0.333333
457 461 0.200000
457 462 -0.866667
457 463 1.000000
457 464 -1.000000
458 461 -0.866667
458 462 0.466667
458 463 0.466667
458 464 0.333333
459 461 0.866667
459 462 0.866667
459 463 -0.600000
459 464 -0.200000
460 461 -0.200000
460 462 -0.333333
460 463 -1.000000
460 464 -3.000000
461 469 0.333333
462 470 -0.333333
463 471 1.000000
464 472 0.200000
465 469 -5.000000
465 470 -0.733333
465 471 -0.466667
465 472 0.066667
466 469 -1.000000
466 470 -1.000000
466 471 0.600000
466 472 -0.333333
467 469 -0.333333
467 470 3.000000
467 471 0.200000
467 472 0.200000
468 469 -0.600000
468 470 -0.866667
468 471 0.200000
468 472 0.066667
469 477 -0.200000
470 478 0.466667
471 479 1.000000
472 480 -3.666667
473 477 -0.200000
473 478 0.200000
473 479 0.733333
473 480 0.466667
474 477 -1.000000
474 478 0.066667
474 479 0.866667
474 480 -0.733333
475 477 -0.066667
475 478 0.866667
475 479 0.733333
475 480 -1.000000
476 477 -0.866667
476 478 -1.000000
476 479 0.200000
476 480 -0.200000
477 485 0.333333
478 486 -0.866667
479 487 -0.200000
480 488 0.866667
481 485 0.733333
481 486 -0.733333
481 487 -0.200000
481 488 0.600000
482 485 0.866667
482 486 0.733333
482 487 0.200000
482 488 -0.066667
483 485 -0.600000
483 486 0.200000
483 487 -0.733333
483 488 -0.866667
484 485 0.333333
484 486 0.200000
484 487 0.866667
484 488 -0.600000
485 493 0.733333
486 494 0.333333
487 495 0.866667
488 496 0.600000
489 493 0.466667
489 494 3.000000
489 495 -0.333333
489 496 0.600000
490 493 -0.466667
490 494 -0.866667
490 495 1.000000
490 496 0.600000
491 493 3.000000
491 494 3.000000
491 495 0.200000
491 496 -0.200000
492 493 -0.733333
492 494 0.866667
492 495 -0.600000
492 496 0.333333
493 501 -0.866667
494 502 -0.866667
495 503 -0.600000
496 504 0.200000
497 501 0.200000
497 502 0.600000
497 503 0.733333
497 504 1.000000
498 501 1.000000
498 502 0.066667
498 503 0.466667
498 504 -0.333333
499 501 0.333333
499 502 -0.200000
499 503 -1.000000
499 504 -0.200000
500 501 -0.333333
500 502 -0.733333
500 503 0.866667
500 504 0.600000
501 509 -1.000000
502 510 -0.333333
503 511 -1.000000
504 512 -0.866667
505 509 1.000000
505 510 0.733333
505 511 0.866667
505 512 0.333333
506 509 0.600000
506 510 2.333333
506 511 1.000000
506 512 -0.733333
507 509 5.000000
507 510 -4.333333
507 511 0.600000
507 512 0.066667
508 509 -0.333333
508 510 -3.666667
508 511 -0.733333
508 512 -0.200000