#
1 1 -0.146667
2 2 0.093333
3 3 0.013333
4 4 0.173333
5 5 -0.093333
6 6 0.173333
7 7 0.146667
8 8 -0.200000
9 9 -0.093333
10 10 0.093333
11 11 -0.066667
12 12 0.013333
13 13 -0.093333
14 14 -0.013333
15 15 0.013333
16 16 -0.120000
17 17 -0.040000
18 18 0.013333
19 19 -0.040000
20 20 0.200000
21 21 0.093333
22 22 -0.093333
23 23 -0.040000
24 24 0.120000
25 25 -0.013333
26 26 -0.146667
27 27 -0.146667
28 28 -0.066667
29 29 -0.013333
30 30 -0.040000
31 31 -0.013333
32 32 -0.146667
33 33 0.146667
34 34 0.066667
35 35 -0.120000
36 36 0.200000
37 37 0.200000
38 38 -0.120000
39 39 -0.120000
40 40 -0.066667
41 41 -0.066667
42 42 0.013333
43 43 0.146667
44 44 -0.146667
45 45 0.066667
46 46 0.200000
47 47 0.066667
48 48 -0.040000
49 49 -0.013333
50 50 0.013333
51 51 0.200000
52 52 0.200000
53 53 -0.146667
54 54 -0.040000
55 55 -0.200000
56 56 0.040000
57 57 -0.146667
58 58 -0.093333
59 59 0.066667
60 60 0.120000
61 61 0.066667
62 62 0.200000
63 63 -0.093333
64 64 -0.120000
65 65 0.013333
66 66 -0.146667
67 67 -0.173333
68 68 0.066667
69 69 0.200000
70 70 -0.173333
71 71 0.173333
72 72 0.146667
73 73 0.013333
74 74 0.013333
75 75 -0.200000
76 76 -0.173333
77 77 0.093333
78 78 0.173333
79 79 -0.066667
80 80 0.066667
81 81 0.066667
82 82 0.146667
83 83 -0.173333
84 84 -0.093333
85 85 0.146667
86 86 0.146667
87 87 -0.146667
88 88 0.200000
89 89 -0.173333
90 90 0.200000
91 91 0.200000
92 92 0.013333
93 93 -0.093333
94 94 -0.146667
95 95 -0.200000
96 96 0.093333
97 97 -0.146667
98 98 0.013333
99 99 0.173333
100 100 0.120000
101 101 -0.173333
102 102 0.013333
103 103 -0.013333
104 104 0.040000
105 105 0.013333
106 106 -0.066667
107 107 -0.146667
108 108 0.013333
109 109 0.146667
110 110 0.173333
111 111 -0.173333
112 112 0.040000
113 113 0.146667
114 114 -0.093333
115 115 0.093333
116 116 0.013333
117 117 -0.120000
118 118 0.066667
119 119 0.146667
120 120 0.173333
121 121 -0.093333
122 122 -0.146667
123 123 0.146667
124 124 -0.093333
125 125 0.013333
126 126 -0.066667
127 127 -0.040000
128 128 -0.173333
129 129 0.066667
130 130 0.146667
131 131 0.146667
132 132 -0.146667
133 133 0.146667
134 134 0.040000
135 135 0.093333
136 136 -0.200000
137 137 0.200000
138 138 0.146667
139 139 0.013333
140 140 0.173333
141 141 0.120000
142 142 -0.066667
143 143 0.173333
144 144 0.013333
145 145 -0.200000
146 146 -0.066667
147 147 0.200000
148 148 0.120000
149 149 -0.093333
150 150 0.173333
151 151 -0.200000
152 152 -0.040000
153 153 -0.066667
154 154 0.146667
155 155 0.093333
156 156 0.173333
157 157 0.173333
158 158 0.093333
159 159 0.173333
160 160 0.040000
161 161 0.173333
162 162 -0.040000
163 163 -0.120000
164 164 -0.066667
165 165 0.066667
166 166 -0.093333
167 167 0.200000
168 168 -0.173333
169 169 -0.173333
170 170 -0.146667
171 171 0.040000
172 172 -0.173333
173 173 0.200000
174 174 -0.173333
175 175 0.200000
176 176 -0.066667
177 177 0.040000
178 178 0.200000
179 179 0.093333
180 180 -0.066667
181 181 -0.040000
182 182 -0.040000
183 183 0.013333
184 184 0.173333
185 185 0.093333
186 186 0.040000
187 187 0.040000
188 188 -0.040000
189 189 -0.093333
190 190 0.146667
191 191 -0.066667
192 192 0.093333
193 193 -0.013333
194 194 -0.066667
195 195 -0.040000
196 196 -0.040000
197 197 0.013333
198 198 -0.093333
199 199 -0.120000
200 200 0.040000
201 201 0.146667
202 202 0.093333
203 203 -0.040000
204 204 -0.120000
205 205 0.146667
206 206 -0.120000
207 207 -0.066667
208 208 -0.200000
209 209 0.200000
210 210 0.173333
211 211 -0.200000
212 212 -0.146667
213 213 0.066667
214 214 0.200000
215 215 0.173333
216 216 0.200000
217 217 0.013333
218 218 0.040000
219 219 0.013333
220 220 -0.120000
221 221 -0.146667
222 222 -0.200000
223 223 0.173333
224 224 0.146667
225 225 0.066667
226 226 0.200000
227 227 -0.093333
228 228 -0.200000
229 229 -0.173333
230 230 0.146667
231 231 -0.013333
232 232 0.173333
233 233 0.120000
234 234 0.173333
235 235 0.066667
236 236 0.200000
237 237 -0.120000
238 238 0.200000
239 239 -0.120000
240 240 -0.200000
241 241 -0.200000
242 242 -0.066667
243 243 -0.200000
244 244 0.040000
245 245 0.093333
246 246 -0.093333
247 247 0.013333
248 248 0.120000
249 249 -0.066667
250 250 0.093333
251 251 -0.093333
252 252 0.173333
253 253 -0.040000
254 254 -0.173333
255 255 0.173333
256 256 -0.093333
257 257 -0.200000
258 258 -0.093333
259 259 0.066667
260 260 -0.173333
261 261 0.066667
262 262 0.173333
263 263 0.066667
264 264 -0.040000
265 265 0.173333
266 266 -0.040000
267 267 -0.200000
268 268 -0.120000
269 269 -0.013333
270 270 0.013333
271 271 -0.120000
272 272 -0.200000
273 273 -0.066667
274 274 0.146667
275 275 0.200000
276 276 0.066667
277 277 -0.040000
278 278 -0.146667
279 279 -0.120000
280 280 0.200000
281 281 0.200000
282 282 0.146667
283 283 0.146667
284 284 0.173333
285 285 0.040000
286 286 -0.173333
287 287 0.120000
288 288 -0.013333
289 289 -0.173333
290 290 0.146667
291 291 -0.013333
292 292 -0.066667
293 293 -0.200000
294 294 -0.173333
295 295 -0.200000
296 296 -0.040000
297 297 -0.200000
298 298 -0.200000
299 299 0.093333
300 300 -0.200000
301 301 -0.013333
302 302 -0.146667
303 303 0.066667
304 304 0.146667
305 305 -0.013333
306 306 -0.200000
307 307 -0.040000
308 308 0.146667
309 309 -0.173333
310 310 0.093333
311 311 -0.146667
312 312 -0.146667
313 313 -0.146667
314 314 -0.040000
315 315 0.173333
316 316 0.146667
317 317 -0.173333
318 318 0.173333
319 319 0.173333
320 320 -0.120000
321 321 0.040000
322 322 -0.120000
323 323 -0.040000
324 324 -0.093333
325 325 -0.120000
326 326 -0.066667
327 327 0.066667
328 328 -0.120000
329 329 -0.066667
330 330 0.200000
331 331 -0.040000
332 332 -0.040000
333 333 -0.013333
334 334 0.093333
335 335 0.173333
336 336 0.200000
337 337 -0.120000
338 338 0.146667
339 339 -0.093333
340 340 -0.146667
341 341 0.040000
342 342 -0.040000
343 343 -0.146667
344 344 0.066667
345 345 -0.040000
346 346 -0.040000
347 347 -0.173333
348 348 -0.120000
349 349 -0.040000
350 350 -0.066667
351 351 0.093333
352 352 0.066667
353 353 0.093333
354 354 0.146667
355 355 -0.146667
356 356 0.200000
357 357 -0.013333
358 358 -0.093333
359 359 -0.066667
360 360 0.013333
361 361 -0.013333
362 362 -0.013333
363 363 0.040000
364 364 -0.120000
365 365 0.040000
366 366 0.013333
367 367 0.173333
368 368 0.013333
369 369 0.146667
370 370 -0.013333
371 371 0.093333
372 372 -0.200000
373 373 0.120000
374 374 -0.040000
375 375 0.146667
376 376 0.066667
377 377 0.066667
378 378 0.093333
379 379 -0.066667
380 380 -0.040000
381 381 -0.200000
382 382 -0.120000
383 383 0.120000
384 384 0.013333
385 385 -0.173333
386 386 0.146667
387 387 -0.093333
388 388 0.200000
389 389 -0.040000
390 390 0.040000
391 391 0.200000
392 392 -0.066667
393 393 0.066667
394 394 -0.146667
395 395 -0.040000
396 396 -0.066667
397 397 0.146667
398 398 -0.173333
399 399 0.093333
400 400 -0.066667
401 401 0.093333
402 402 -0.146667
403 403 0.093333
404 404 -0.146667
405 405 0.200000
406 406 0.066667
407 407 -0.013333
408 408 -0.040000
409 409 0.146667
410 410 0.200000
411 411 0.066667
412 412 0.066667
413 413 0.120000
414 414 0.146667
415 415 0.146667
416 416 -0.146667
417 417 -0.173333
418 418 0.200000
419 419 0.066667
420 420 0.200000
421 421 -0.120000
422 422 -0.146667
423 423 0.066667
424 424 -0.146667
425 425 0.013333
426 426 -0.040000
427 427 0.146667
428 428 -0.146667
429 429 0.040000
430 430 0.120000
431 431 -0.173333
432 432 0.120000
433 433 0.040000
434 434 -0.066667
435 435 0.093333
436 436 0.120000
437 437 0.066667
438 438 0.013333
439 439 -0.066667
440 440 -0.040000
441 441 -0.093333
442 442 0.013333
443 443 -0.173333
444 444 -0.200000
445 445 0.146667
446 446 0.040000
447 447 0.066667
448 448 0.040000
449 449 0.200000
450 450 -0.120000
451 451 0.173333
452 452 0.093333
453 453 0.040000
454 454 0.093333
455 455 0.200000
456 456 0.040000
457 457 -0.200000
458 458 -0.040000
459 459 0.066667
460 460 -0.093333
461 461 0.146667
462 462 -0.040000
463 463 -0.013333
464 464 -0.173333
465 465 0.066667
466 466 0.040000
467 467 0.040000
468 468 -0.013333
469 469 -0.146667
470 470 -0.013333
471 471 0.173333
472 472 0.093333
473 473 0.146667
474 474 -0.093333
475 475 0.173333
476 476 -0.173333
477 477 0.093333
478 478 0.066667
479 479 -0.200000
480 480 -0.146667
481 481 0.013333
482 482 -0.173333
483 483 -0.066667
484 484 -0.066667
485 485 0.040000
486 486 -0.013333
487 487 -0.013333
488 488 0.146667
489 489 -0.066667
490 490 0.173333
491 491 0.013333
492 492 0.066667
493 493 0.013333
494 494 0.173333
495 495 -0.120000
496 496 0.066667
497 497 -0.120000
498 498 -0.200000
499 499 -0.173333
500 500 -0.093333
501 501 -0.200000
502 502 -0.066667
503 503 -0.200000
504 504 -0.093333
505 505 0.066667
506 506 -0.120000
507 507 0.040000
508 508 -0.040000
509 509 0.040000
510 510 0.146667
511 511 -0.173333
512 512 -0.013333
1 5 0.333333
1 6 -4.333333
1 7 -0.066667
1 8 -0.333333
1 65 0.333333
2 5 0.466667
2 6 0.733333
2 7 -1.000000
2 8 0.066667
2 66 0.466667
3 5 0.200000
3 6 0.333333
3 7 0.466667
3 8 -0.733333
3 67 -0.866667
4 5 0.333333
4 6 -0.066667
4 7 -0.733333
4 8 0.866667
4 68 1.000000
5 13 -1.000000
6 14 1.666667
7 15 0.600000
8 16 -0.866667
9 13 -0.200000
9 14 -0.733333
9 15 0.200000
9 16 0.333333
9 73 0.333333
10 13 0.333333
10 14 -0.333333
10 15 -0.333333
10 16 0.200000
10 74 0.733333
11 13 2.333333
11 14 0.333333
11 15 0.333333
11 16 1.000000
11 75 -0.066667
12 13 0.066667
12 14 -0.333333
12 15 -0.066667
12 16 0.866667
12 76 -0.466667
13 21 -0.333333
14 22 -0.733333
15 23 1.000000
16 24 -0.600000
17 21 -0.200000
17 22 0.733333
17 23 -0.733333
17 24 1.000000
17 81 -0.600000
18 21 -0.333333
18 22 -0.466667
18 23 0.466667
18 24 0.200000
18 82 0.466667
19 21 -3.000000
19 22 -5.000000
19 23 -0.066667
19 24 0.333333
19 83 -0.866667
20 21 -0.466667
20 22 -0.200000
20 23 -0.200000
20 24 0.733333
20 84 0.466667
21 29 -1.000000
22 30 0.466667
23 31 -0.733333
24 32 0.600000
25 29 -1.000000
25 30 0.466667
25 31 1.000000
25 32 -1.000000
25 89 0.733333
26 29 0.600000
26 30 -0.333333
26 31 -0.333333
26 32 -0.333333
26 90 0.733333
27 29 1.000000
27 30 -0.866667
27 31 -1.000000
27 32 -0.466667
27 91 0.066667
28 29 -0.733333
28 30 0.866667
28 31 0.333333
28 32 0.733333
28 92 0.866667
29 37 0.333333
30 38 -0.600000
31 39 0.200000
32 40 -0.466667
33 37 1.000000
33 38 0.733333
33 39 -0.200000
33 40 1.000000
33 97 0.733333
34 37 -0.733333
34 38 -0.466667
34 39 -1.000000
34 40 0.333333
34 98 0.200000
35 37 0.066667
35 38 -0.866667
35 39 4.333333
35 40 -1.000000
35 99 -2.333333
36 37 -0.733333
36 38 0.866667
36 39 0.600000
36 40 1.666667
36 100 0.333333
37 45 -0.866667
38 46 1.666667
39 47 -0.466667
40 48 0.200000
41 45 -0.333333
41 46 -0.600000
41 47 -0.066667
41 48 0.066667
41 105 0.466667
42 45 -0.333333
42 46 -0.866667
42 47 -0.066667
42 48 -0.733333
42 106 0.866667
43 45 -0.600000
43 46 0.200000
43 47 -0.200000
43 48 -0.733333
43 107 0.866667
44 45 -0.066667
44 46 -0.600000
44 47 -0.466667
44 48 -0.066667
44 108 0.466667
45 53 -0.866667
46 54 -0.600000
47 55 0.066667
48 56 -0.466667
49 53 0.333333
49 54 0.200000
49 55 -0.333333
49 56 -0.733333
49 113 0.466667
50 53 0.866667
50 54 -0.200000
50 55 0.866667
50 56 -0.333333
50 114 -0.066667
51 53 0.333333
51 54 -0.866667
51 55 0.733333
51 56 -1.000000
51 115 -0.466667
52 53 1.666667
52 54 0.733333
52 55 0.733333
52 56 0.866667
52 116 -0.733333
53 61 0.466667
54 62 -0.600000
55 63 0.733333
56 64 0.600000
57 61 -0.066667
57 62 0.200000
57 63 0.333333
57 64 0.333333
57 121 1.000000
58 61 0.733333
58 62 -1.000000
58 63 -0.733333
58 64 -0.866667
58 122 0.066667
59 61 -0.733333
59 62 0.600000
59 63 0.600000
59 64 -0.333333
59 123 0.733333
60 61 1.000000
60 62 1.000000
60 63 0.733333
60 64 0.066667
60 124 1.000000
65 69 0.466667
65 70 -0.200000
65 71 0.866667
65 72 0.466667
65 129 0.200000
66 69 -0.066667
66 70 -0.866667
66 71 0.066667
66 72 -4.333333
66 130 -2.333333
67 69 0.200000
67 70 -0.866667
67 71 -0.066667
67 72 -4.333333
67 131 0.333333
68 69 0.200000
68 70 0.733333
68 71 0.600000
68 72 0.333333
68 132 3.666667
69 77 0.866667
70 78 -1.000000
71 79 0.066667
72 80 -1.666667
73 77 -4.333333
73 78 -1.000000
73 79 0.333333
73 80 -1.666667
73 137 -3.000000
74 77 0.333333
74 78 0.333333
74 79 -1.000000
74 80 0.733333
74 138 0.600000
75 77 -1.000000
75 78 0.066667
75 79 1.000000
75 80 0.466667
75 139 0.200000
76 77 0.333333
76 78 0.466667
76 79 0.733333
76 80 -5.000000
76 140 0.333333
77 85 1.666667
78 86 -0.600000
79 87 0.866667
80 88 0.733333
81 85 -1.000000
81 86 0.466667
81 87 -0.066667
81 88 -0.733333
81 145 -0.733333
82 85 -3.666667
82 86 -0.200000
82 87 -0.466667
82 88 -0.600000
82 146 0.866667
83 85 -1.000000
83 86 1.000000
83 87 1.000000
83 88 -0.466667
83 147 0.200000
84 85 -3.666667
84 86 0.733333
84 87 -0.466667
84 88 0.466667
84 148 -3.000000
85 93 0.600000
86 94 -0.333333
87 95 1.000000
88 96 -0.600000
89 93 0.866667
89 94 -1.000000
89 95 -0.600000
89 96 1.000000
89 153 -0.466667
90 93 -0.600000
90 94 -0.866667
90 95 -0.466667
90 96 -0.733333
90 154 1.000000
91 93 0.600000
91 94 0.866667
91 95 -0.600000
91 96 1.000000
91 155 0.333333
92 93 0.466667
92 94 0.600000
92 95 -0.733333
92 96 0.733333
92 156 0.866667
93 101 -0.600000
94 102 -1.000000
95 103 -0.333333
96 104 -0.466667
97 101 0.866667
97 102 0.866667
97 103 -1.000000
97 104 1.000000
97 161 -0.733333
98 101 -0.200000
98 102 0.066667
98 103 -0.466667
98 104 -0.200000
98 162 0.333333
99 101 0.600000
99 102 -0.866667
99 103 0.866667
99 104 -0.866667
99 163 0.866667
100 101 0.600000
100 102 0.200000
100 103 0.466667
100 104 -0.733333
100 164 0.200000
101 109 -1.000000
102 110 -0.866667
103 111 -0.333333
104 112 0.600000
105 109 0.333333
105 110 0.066667
105 111 -1.000000
105 112 -0.333333
105 169 1.000000
106 109 -0.600000
106 110 0.600000
106 111 0.066667
106 112 0.066667
106 170 -0.600000
107 109 0.600000
107 110 1.000000
107 111 0.733333
107 112 -0.466667
107 171 -0.200000
108 109 -0.866667
108 110 -1.000000
108 111 0.200000
108 112 0.600000
108 172 -0.200000
109 117 0.333333
110 118 -0.066667
111 119 1.000000
112 120 -0.333333
113 117 0.066667
113 118 0.066667
113 119 -0.866667
113 120 0.866667
113 177 -0.866667
114 117 -3.666667
114 118 0.600000
114 119 0.866667
114 120 0.200000
114 178 -5.000000
115 117 5.000000
115 118 0.066667
115 119 0.866667
115 120 -0.466667
115 179 -5.000000
116 117 0.733333
116 118 -0.733333
116 119 -0.600000
116 120 0.200000
116 180 -0.733333
117 125 1.000000
118 126 -0.333333
119 127 -0.866667
120 128 0.866667
121 125 0.600000
121 126 -0.600000
121 127 -0.333333
121 128 0.333333
121 185 0.466667
122 125 -0.466667
122 126 -1.000000
122 127 -0.600000
122 128 1.000000
122 186 -0.066667
123 125 0.600000
123 126 -0.200000
123 127 1.000000
123 128 -1.666667
123 187 -0.333333
124 125 0.333333
124 126 2.333333
124 127 4.333333
124 128 -3.000000
124 188 -2.333333
129 133 0.733333
129 134 0.200000
129 135 -0.066667
129 136 -0.466667
129 193 -0.066667
130 133 0.200000
130 134 -0.866667
130 135 -0.200000
130 136 -0.333333
130 194 0.333333
131 133 0.733333
131 134 -0.200000
131 135 0.866667
131 136 -0.066667
131 195 0.066667
132 133 -0.733333
132 134 0.066667
132 135 -0.200000
132 136 -0.733333
132 196 0.866667
133 141 -0.066667
134 142 -0.333333
135 143 0.600000
136 144 -0.333333
137 141 -1.000000
137 142 0.466667
137 143 -0.600000
137 144 0.733333
137 201 -0.866667
138 141 3.666667
138 142 3.000000
138 143 -3.000000
138 144 3.666667
138 202 0.333333
139 141 1.666667
139 142 -0.600000
139 143 3.666667
139 144 -0.733333
139 203 0.333333
140 141 -0.466667
140 142 -0.600000
140 143 0.866667
140 144 -0.333333
140 204 0.466667
141 149 -1.000000
142 150 0.866667
143 151 1.000000
144 152 -0.466667
145 149 0.333333
145 150 -3.666667
145 151 0.866667
145 152 0.466667
145 209 0.600000
146 149 -0.200000
146 150 -0.333333
146 151 3.666667
146 152 0.333333
146 210 0.200000
147 149 0.600000
147 150 -1.000000
147 151 -0.066667
147 152 4.333333
147 211 -1.000000
148 149 -1.000000
148 150 1.666667
148 151 -0.333333
148 152 3.000000
148 212 -3.666667
149 157 0.600000
150 158 0.333333
151 159 0.866667
152 160 -0.333333
153 157 -1.000000
153 158 1.000000
153 159 0.466667
153 160 1.000000
153 217 0.066667
154 157 -0.733333
154 158 -0.866667
154 159 0.466667
154 160 0.200000
154 218 -0.466667
155 157 0.466667
155 158 0.200000
155 159 0.066667
155 160 0.466667
155 219 0.600000
156 157 0.600000
156 158 -0.466667
156 159 -0.866667
156 160 -0.600000
156 220 -0.466667
157 165 1.000000
158 166 0.066667
159 167 -0.733333
160 168 -0.733333
161 165 -0.866667
161 166 -0.066667
161 167 -0.200000
161 168 0.600000
161 225 -0.733333
162 165 -0.600000
162 166 -0.866667
162 167 -0.866667
162 168 0.466667
162 226 -0.200000
163 165 0.733333
163 166 -0.600000
163 167 -0.066667
163 168 -0.200000
163 227 0.466667
164 165 -0.466667
164 166 -0.066667
164 167 -0.600000
164 168 0.600000
164 228 0.066667
165 173 0.066667
166 174 0.600000
167 175 -0.333333
168 176 1.000000
169 173 0.866667
169 174 0.200000
169 175 0.066667
169 176 1.000000
169 233 -0.733333
170 173 0.866667
170 174 0.866667
170 175 -0.333333
170 176 0.866667
170 234 -1.000000
171 173 0.733333
171 174 -0.733333
171 175 -0.066667
171 176 -0.866667
171 235 0.200000
172 173 0.600000
172 174 0.733333
172 175 0.333333
172 176 -0.066667
172 236 -0.866667
173 181 0.733333
174 182 -0.866667
175 183 -0.866667
176 184 0.866667
177 181 -0.466667
177 182 1.000000
177 183 -0.600000
177 184 0.200000
177 241 0.600000
178 181 -0.066667
178 182 0.866667
178 183 0.466667
178 184 -0.066667
178 242 -0.600000
179 181 0.866667
179 182 -0.333333
179 183 -0.200000
179 184 0.600000
179 243 0.733333
180 181 0.466667
180 182 -0.333333
180 183 -0.866667
180 184 -0.600000
180 244 0.866667
181 189 0.866667
182 190 -0.600000
183 191 -1.000000
184 192 -1.000000
185 189 -0.066667
185 190 -0.866667
185 191 -0.066667
185 192 -0.866667
185 249 0.333333
186 189 -0.333333
186 190 0.200000
186 191 -0.466667
186 192 -0.733333
186 250 0.200000
187 189 -0.333333
187 190 0.466667
187 191 1.000000
187 192 0.066667
187 251 -1.000000
188 189 -0.066667
188 190 -0.333333
188 191 1.000000
188 192 3.000000
188 252 0.866667
193 197 -0.066667
193 198 -0.200000
193 199 -0.866667
193 200 -0.200000
193 257 -1.000000
194 197 0.066667
194 198 -0.066667
194 199 -3.000000
194 200 0.866667
194 258 -0.200000
195 197 0.200000
195 198 0.600000
195 199 0.600000
195 200 0.866667
195 259 -0.200000
196 197 -0.600000
196 198 -0.600000
196 199 0.733333
196 200 0.600000
196 260 1.000000
197 205 0.600000
198 206 0.333333
199 207 -4.333333
200 208 -0.600000
201 205 0.466667
201 206 -0.866667
201 207 -1.000000
201 208 -0.600000
201 265 0.200000
202 205 1.000000
202 206 0.600000
202 207 3.000000
202 208 -0.600000
202 266 0.066667
203 205 0.333333
203 206 0.600000
203 207 -0.866667
203 208 2.333333
203 267 0.866667
204 205 -0.600000
204 206 -0.066667
204 207 -0.066667
204 208 -0.200000
204 268 -1.000000
205 213 0.866667
206 214 -0.466667
207 215 -1.000000
208 216 1.000000
209 213 0.600000
209 214 -0.733333
209 215 1.000000
209 216 -0.200000
209 273 -0.600000
210 213 0.866667
210 214 0.066667
210 215 -0.066667
210 216 0.466667
210 274 0.866667
211 213 1.000000
211 214 0.866667
211 215 -0.066667
211 216 0.733333
211 275 -0.066667
212 213 0.600000
212 214 0.066667
212 215 1.666667
212 216 0.600000
212 276 -0.066667
213 221 0.733333
214 222 0.066667
215 223 0.333333
216 224 -1.000000
217 221 0.066667
217 222 0.066667
217 223 -0.866667
217 224 -0.333333
217 281 0.333333
218 221 -1.000000
218 222 -0.733333
218 223 0.333333
218 224 0.466667
218 282 0.866667
219 221 0.200000
219 222 -0.733333
219 223 -0.600000
219 224 -0.066667
219 283 0.066667
220 221 0.466667
220 222 0.466667
220 223 0.333333
220 224 0.733333
220 284 1.000000
221 229 1.000000
222 230 0.600000
223 231 -0.200000
224 232 -0.600000
225 229 0.466667
225 230 -0.200000
225 231 0.866667
225 232 -0.333333
225 289 -0.733333
226 229 0.600000
226 230 -0.466667
226 231 -0.600000
226 232 3.666667
226 290 -1.000000
227 229 -0.333333
227 230 -0.866667
227 231 -0.200000
227 232 1.000000
227 291 0.200000
228 229 -0.066667
228 230 3.000000
228 231 0.466667
228 232 0.466667
228 292 0.600000
229 237 0.333333
230 238 5.000000
231 239 0.466667
232 240 0.466667
233 237 -0.600000
233 238 -0.200000
233 239 1.000000
233 240 -4.333333
233 297 -0.066667
234 237 0.600000
234 238 -0.600000
234 239 0.866667
234 240 -0.866667
234 298 0.600000
235 237 -0.600000
235 238 -0.466667
235 239 0.466667
235 240 -1.000000
235 299 -0.866667
236 237 0.333333
236 238 0.066667
236 239 0.333333
236 240 0.066667
236 300 1.000000
237 245 0.866667
238 246 -0.066667
239 247 -0.733333
240 248 -1.000000
241 245 -0.600000
241 246 0.600000
241 247 0.466667
241 248 0.200000
241 305 0.733333
242 245 0.333333
242 246 0.866667
242 247 0.600000
242 248 -0.066667
242 306 -0.200000
243 245 0.733333
243 246 0.333333
243 247 -0.600000
243 248 -0.200000
243 307 0.866667
244 245 0.200000
244 246 -0.866667
244 247 -0.600000
244 248 -0.333333
244 308 -0.733333
245 253 1.000000
246 254 0.200000
247 255 1.000000
248 256 0.466667
249 253 -0.600000
249 254 0.200000
249 255 -0.733333
249 256 -0.866667
249 313 -0.333333
250 253 0.066667
250 254 -0.466667
250 255 -4.333333
250 256 0.866667
250 314 -0.600000
251 253 0.333333
251 254 -0.866667
251 255 -0.866667
251 256 -0.333333
251 315 -0.866667
252 253 -5.000000
252 254 0.066667
252 255 -3.000000
252 256 -0.200000
252 316 0.733333
257 261 0.066667
257 262 0.333333
257 263 -0.066667
257 264 4.333333
257 321 0.333333
258 261 -0.066667
258 262 -1.000000
258 263 -0.866667
258 264 1.666667
258 322 0.200000
259 261 -0.066667
259 262 -0.066667
259 263 0.733333
259 264 0.333333
259 323 0.466667
260 261 0.200000
260 262 1.000000
260 263 4.333333
260 264 0.333333
260 324 0.200000
261 269 0.200000
262 270 0.333333
263 271 1.666667
264 272 -0.066667
265 269 0.333333
265 270 0.200000
265 271 0.866667
265 272 -0.200000
265 329 0.733333
266 269 -0.600000
266 270 -0.866667
266 271 0.600000
266 272 0.866667
266 330 -0.200000
267 269 0.733333
267 270 0.866667
267 271 0.733333
267 272 0.333333
267 331 0.200000
268 269 1.000000
268 270 -1.000000
268 271 -1.000000
268 272 -1.000000
268 332 -1.000000
269 277 0.600000
270 278 0.466667
271 279 0.600000
272 280 4.333333
273 277 -0.600000
273 278 0.200000
273 279 -0.600000
273 280 2.333333
273 337 -0.333333
274 277 -0.200000
274 278 3.666667
274 279 0.866667
274 280 1.000000
274 338 -4.333333
275 277 -0.600000
275 278 -0.466667
275 279 -0.600000
275 280 0.333333
275 339 -1.000000
276 277 -1.000000
276 278 0.733333
276 279 0.066667
276 280 -0.200000
276 340 -0.466667
277 285 -0.066667
278 286 -0.200000
279 287 -0.733333
280 288 0.333333
281 285 0.733333
281 286 3.666667
281 287 -0.200000
281 288 0.333333
281 345 -0.466667
282 285 0.600000
282 286 0.333333
282 287 -5.000000
282 288 0.600000
282 346 0.333333
283 285 -1.000000
283 286 0.733333
283 287 -0.600000
283 288 0.866667
283 347 -0.600000
284 285 0.866667
284 286 -0.600000
284 287 0.466667
284 288 0.866667
284 348 0.200000
285 293 -0.333333
286 294 0.333333
287 295 -0.866667
288 296 -0.066667
289 293 -0.733333
289 294 0.333333
289 295 -0.200000
289 296 -0.866667
289 353 -1.000000
290 293 -0.600000
290 294 0.733333
290 295 -0.600000
290 296 -0.200000
290 354 0.200000
291 293 0.466667
291 294 0.200000
291 295 -0.600000
291 296 1.000000
291 355 -0.466667
292 293 -0.600000
292 294 -0.333333
292 295 -0.866667
292 296 0.066667
292 356 1.000000
293 301 -0.200000
294 302 0.733333
295 303 0.733333
296 304 -0.866667
297 301 0.733333
297 302 0.200000
297 303 -0.333333
297 304 0.333333
297 361 0.466667
298 301 -0.066667
298 302 -0.600000
298 303 0.200000
298 304 0.466667
298 362 0.600000
299 301 0.200000
299 302 0.200000
299 303 -0.333333
299 304 -0.333333
299 363 0.600000
300 301 0.600000
300 302 -0.333333
300 303 -0.866667
300 304 -0.866667
300 364 -0.866667
301 309 -0.733333
302 310 0.733333
303 311 -0.466667
304 312 0.066667
305 309 -0.600000
305 310 0.466667
305 311 -0.066667
305 312 0.866667
305 369 -0.066667
306 309 -0.733333
306 310 -0.866667
306 311 0.466667
306 312 0.866667
306 370 -0.466667
307 309 -0.066667
307 310 0.333333
307 311 -0.466667
307 312 -1.000000
307 371 -0.200000
308 309 -0.333333
308 310 0.333333
308 311 -0.200000
308 312 -0.600000
308 372 -0.466667
309 317 4.333333
310 318 0.466667
311 319 -0.333333
312 320 2.333333
313 317 0.733333
313 318 0.733333
313 319 0.066667
313 320 1.000000
313 377 0.066667
314 317 -0.600000
314 318 0.600000
314 319 -0.733333
314 320 0.733333
314 378 0.733333
315 317 -0.866667
315 318 -0.333333
315 319 -0.200000
315 320 -0.066667
315 379 0.866667
316 317 -0.600000
316 318 3.666667
316 319 -0.333333
316 320 -5.000000
316 380 0.733333
321 325 0.066667
321 326 0.066667
321 327 0.600000
321 328 0.866667
321 385 -0.733333
322 325 -0.200000
322 326 0.066667
322 327 0.200000
322 328 -0.866667
322 386 0.733333
323 325 1.000000
323 326 -0.200000
323 327 0.200000
323 328 -0.866667
323 387 -0.600000
324 325 1.000000
324 326 -0.066667
324 327 -0.733333
324 328 -0.200000
324 388 -1.000000
325 333 0.600000
326 334 0.200000
327 335 0.066667
328 336 -0.066667
329 333 -1.000000
329 334 -0.600000
329 335 1.000000
329 336 -0.466667
329 393 0.333333
330 333 0.866667
330 334 -0.333333
330 335 -0.466667
330 336 -0.733333
330 394 0.600000
331 333 -0.866667
331 334 -1.000000
331 335 -1.000000
331 336 0.733333
331 395 -0.600000
332 333 0.600000
332 334 0.200000
332 335 -1.000000
332 336 0.066667
332 396 -0.733333
333 341 0.866667
334 342 1.000000
335 343 0.600000
336 344 -0.600000
337 341 0.866667
337 342 0.600000
337 343 0.600000
337 344 0.733333
337 401 -0.066667
338 341 -0.066667
338 342 -0.466667
338 343 -0.733333
338 344 0.066667
338 402 -0.200000
339 341 -0.466667
339 342 -0.733333
339 343 0.066667
339 344 0.066667
339 403 1.000000
340 341 0.866667
340 342 -1.000000
340 343 -0.866667
340 344 0.200000
340 404 -0.333333
341 349 0.466667
342 350 0.600000
343 351 -0.600000
344 352 -1.000000
345 349 0.066667
345 350 -0.600000
345 351 0.066667
345 352 1.000000
345 409 -0.866667
346 349 0.733333
346 350 -0.066667
346 351 -1.000000
346 352 -0.200000
346 410 -0.200000
347 349 0.066667
347 350 0.066667
347 351 0.200000
347 352 -0.333333
347 411 0.466667
348 349 0.333333
348 350 -0.600000
348 351 -0.866667
348 352 0.066667
348 412 -0.200000
349 357 -0.066667
350 358 0.066667
351 359 0.866667
352 360 0.733333
353 357 -4.333333
353 358 3.000000
353 359 -5.000000
353 360 -0.333333
353 417 0.600000
354 357 0.600000
354 358 0.600000
354 359 0.066667
354 360 -0.733333
354 418 0.866667
355 357 -0.466667
355 358 -0.333333
355 359 -0.733333
355 360 -0.200000
355 419 -0.733333
356 357 -1.000000
356 358 -0.733333
356 359 -0.600000
356 360 -0.866667
356 420 0.600000
357 365 -0.333333
358 366 -0.600000
359 367 -1.000000
360 368 0.866667
361 365 -0.866667
361 366 -0.866667
361 367 -0.866667
361 368 1.000000
361 425 -0.866667
362 365 -0.866667
362 366 0.333333
362 367 -0.866667
362 368 0.066667
362 426 -2.333333
363 365 0.200000
363 366 -1.000000
363 367 -1.666667
363 368 0.066667
363 427 0.866667
364 365 0.866667
364 366 0.733333
364 367 -1.000000
364 368 0.866667
364 428 -0.200000
365 373 -0.333333
366 374 0.600000
367 375 -0.333333
368 376 -1.000000
369 373 -0.333333
369 374 0.200000
369 375 -3.666667
369 376 -0.600000
369 433 0.600000
370 373 -0.733333
370 374 -0.333333
370 375 -1.666667
370 376 -3.000000
370 434 0.466667
371 373 -0.866667
371 374 1.000000
371 375 0.866667
371 376 0.466667
371 435 0.733333
372 373 -0.066667
372 374 1.000000
372 375 -0.333333
372 376 -0.600000
372 436 1.000000
373 381 0.733333
374 382 0.333333
375 383 -0.333333
376 384 -0.733333
377 381 0.600000
377 382 -0.866667
377 383 -0.733333
377 384 -0.866667
377 441 -1.666667
378 381 0.333333
378 382 -0.066667
378 383 4.333333
378 384 0.866667
378 442 -1.666667
379 381 -0.600000
379 382 0.333333
379 383 0.733333
379 384 -0.066667
379 443 -0.066667
380 381 -0.466667
380 382 0.466667
380 383 0.600000
380 384 0.733333
380 444 0.200000
385 389 -0.866667
385 390 -0.066667
385 391 0.866667
385 392 -0.600000
385 449 -0.866667
386 389 0.466667
386 390 -1.000000
386 391 0.333333
386 392 1.000000
386 450 -0.333333
387 389 -0.866667
387 390 -0.066667
387 391 0.600000
387 392 0.333333
387 451 -0.866667
388 389 -0.066667
388 390 -5.000000
388 391 3.666667
388 392 1.666667
388 452 -0.866667
389 397 5.000000
390 398 -4.333333
391 399 0.333333
392 400 0.333333
393 397 0.200000
393 398 0.200000
393 399 0.200000
393 400 -1.000000
393 457 -1.000000
394 397 0.200000
394 398 0.733333
394 399 0.200000
394 400 0.866667
394 458 -0.333333
395 397 -0.600000
395 398 0.466667
395 399 0.866667
395 400 -0.733333
395 459 -0.466667
396 397 0.333333
396 398 -1.000000
396 399 0.066667
396 400 -0.466667
396 460 -0.866667
397 405 -1.000000
398 406 -0.333333
399 407 3.000000
400 408 -1.000000
401 405 -2.333333
401 406 -5.000000
401 407 5.000000
401 408 -0.866667
401 465 -3.666667
402 405 -1.000000
402 406 4.333333
402 407 1.000000
402 408 -0.733333
402 466 -0.466667
403 405 0.866667
403 406 -1.000000
403 407 5.000000
403 408 0.466667
403 467 3.000000
404 405 0.333333
404 406 0.866667
404 407 -5.000000
404 408 0.866667
404 468 -0.066667
405 413 -0.200000
406 414 -3.666667
407 415 0.466667
408 416 0.600000
409 413 0.066667
409 414 -0.733333
409 415 -0.066667
409 416 0.866667
409 473 -1.000000
410 413 -2.333333
410 414 -0.466667
410 415 0.866667
410 416 0.200000
410 474 0.333333
411 413 -1.000000
411 414 -0.866667
411 415 -0.200000
411 416 0.600000
411 475 -1.000000
412 413 -0.200000
412 414 -0.733333
412 415 0.066667
412 416 -0.333333
412 476 -0.866667
413 421 -0.200000
414 422 0.066667
415 423 0.733333
416 424 -0.466667
417 421 0.200000
417 422 -0.066667
417 423 -0.200000
417 424 0.333333
417 481 0.066667
418 421 -0.200000
418 422 0.333333
418 423 -0.333333
418 424 0.333333
418 482 0.333333
419 421 1.000000
419 422 3.000000
419 423 0.333333
419 424 -1.000000
419 483 0.733333
420 421 0.600000
420 422 -0.600000
420 423 -0.466667
420 424 0.466667
420 484 0.200000
421 429 0.066667
422 430 -0.866667
423 431 0.600000
424 432 -0.866667
425 429 0.333333
425 430 -0.333333
425 431 0.466667
425 432 -0.066667
425 489 -1.666667
426 429 1.000000
426 430 3.000000
426 431 1.000000
426 432 -0.866667
426 490 -0.733333
427 429 0.200000
427 430 0.333333
427 431 -0.333333
427 432 0.466667
427 491 0.733333
428 429 0.333333
428 430 0.733333
428 431 0.066667
428 432 -0.466667
428 492 0.066667
429 437 1.000000
430 438 -0.466667
431 439 0.066667
432 440 5.000000
433 437 -1.666667
433 438 -1.000000
433 439 -0.866667
433 440 -3.666667
433 497 0.733333
434 437 5.000000
434 438 1.000000
434 439 -4.333333
434 440 -1.000000
434 498 3.000000
435 437 0.866667
435 438 1.666667
435 439 0.600000
435 440 3.666667
435 499 -1.000000
436 437 0.733333
436 438 -0.066667
436 439 -4.333333
436 440 0.466667
436 500 0.066667
437 445 -0.200000
438 446 0.333333
439 447 1.000000
440 448 -0.866667
441 445 -1.000000
441 446 2.333333
441 447 0.066667
441 448 -0.733333
441 505 0.200000
442 445 -0.333333
442 446 1.000000
442 447 0.200000
442 448 4.333333
442 506 0.066667
443 445 0.733333
443 446 -0.733333
443 447 0.866667
443 448 0.066667
443 507 0.466667
444 445 -0.733333
444 446 0.866667
444 447 0.733333
444 448 -0.200000
444 508 0.466667
449 453 -1.000000
449 454 -0.066667
449 455 1.000000
449 456 -0.600000
450 453 0.733333
450 454 -0.066667
450 455 0.866667
450 456 -1.000000
451 453 -0.066667
451 454 -0.733333
451 455 0.333333
451 456 -1.000000
452 453 -0.733333
452 454 -0.066667
452 455 1.000000
452 456 0.733333
453 461 -0.733333
454 462 0.066667
455 463 -0.600000
456 464 -0.466667
457 461 0.333333
457 462 0.066667
457 463 0.333333
457 464 -0.466667
458 461 0.333333
458 462 -0.866667
458 463 -1.000000
458 464 0.066667
459 461 4.333333
459 462 -0.600000
459 463 -0.333333
459 464 1.000000
460 461 1.000000
460 462 -0.733333
460 463 0.200000
460 464 0.866667
461 469 0.333333
462 470 -0.866667
463 471 0.866667
464 472 -0.600000
465 469 0.866667
465 470 2.333333
465 471 -0.466667
465 472 -0.866667
466 469 1.000000
466 470 0.600000
466 471 0.600000
466 472 1.000000
467 469 3.666667
467 470 -0.600000
467 471 1.000000
467 472 -0.466667
468 469 -1.000000
468 470 0.333333
468 471 0.333333
468 472 0.866667
469 477 -0.866667
470 478 -0.200000
471 479 0.866667
472 480 -0.200000
473 477 -1.000000
473 478 0.066667
473 479 -0.866667
473 480 -0.600000
474 477 0.866667
474 478 0.066667
474 479 -1.000000
474 480 0.466667
475 477 0.733333
475 478 -0.066667
475 479 -0.866667
475 480 -0.200000
476 477 0.200000
476 478 -0.600000
476 479 -0.333333
476 480 -1.000000
477 485 0.866667
478 486 -0.733333
479 487 -0.866667
480 488 -0.733333
481 485 1.000000
481 486 -0.200000
481 487 0.866667
481 488 -0.866667
482 485 -0.333333
482 486 0.866667
482 487 -0.466667
482 488 0.333333
483 485 -0.466667
483 486 -0.733333
483 487 -0.600000
483 488 -1.000000
484 485 -0.466667
484 486 0.733333
484 487 -0.066667
484 488 -0.200000
485 493 1.000000
486 494 0.600000
487 495 0.466667
488 496 0.866667
489 493 0.733333
489 494 -0.066667
489 495 0.600000
489 496 -0.866667
490 493 1.000000
490 494 -0.600000
490 495 0.333333
490 496 0.333333
491 493 0.333333
491 494 0.733333
491 495 -0.066667
491 496 -1.000000
492 493 -0.333333
492 494 0.066667
492 495 -5.000000
492 496 -0.200000
493 501 -0.733333
494 502 0.200000
495 503 0.733333
496 504 -3.666667
497 501 -0.733333
497 502 0.333333
497 503 -0.866667
497 504 0.466667
498 501 0.200000
498 502 0.200000
498 503 0.066667
498 504 0.466667
499 501 0.333333
499 502 1.000000
499 503 -0.333333
499 504 -0.733333
500 501 -0.333333
500 502 -0.733333
500 503 0.333333
500 504 -0.333333
501 509 -0.733333
502 510 0.600000
503 511 -0.466667
504 512 0.866667
505 509 -0.733333
505 510 -0.333333
505 511 -0.600000
505 512 0.466667
506 509 0.333333
506 510 0.066667
506 511 3.000000
506 512 0.733333
507 509 3.666667
507 510 0.466667
507 511 0.866667
507 512 0.466667
508 509 -0.066667
508 510 -1.000000
508 511 0.866667
508 512 -4.333333