#
1 1 -0.120000
2 2 -0.200000
3 3 -0.200000
4 4 -0.093333
5 5 -0.200000
6 6 0.066667
7 7 0.013333
8 8 0.066667
9 9 0.173333
10 10 -0.013333
11 11 0.066667
12 12 -0.200000
13 13 -0.173333
14 14 -0.146667
15 15 -0.093333
16 16 -0.040000
17 17 0.200000
18 18 -0.173333
19 19 -0.173333
20 20 -0.040000
21 21 0.013333
22 22 0.066667
23 23 0.093333
24 24 0.200000
25 25 -0.120000
26 26 0.040000
27 27 -0.013333
28 28 0.040000
29 29 0.093333
30 30 0.173333
31 31 0.040000
32 32 -0.066667
33 33 0.120000
34 34 0.093333
35 35 0.066667
36 36 0.013333
37 37 0.013333
38 38 0.066667
39 39 0.173333
40 40 0.093333
41 41 0.146667
42 42 -0.066667
43 43 0.040000
44 44 0.040000
45 45 -0.013333
46 46 0.066667
47 47 -0.040000
48 48 -0.093333
49 49 -0.200000
50 50 0.013333
51 51 0.040000
52 52 0.120000
53 53 0.200000
54 54 -0.040000
55 55 -0.066667
56 56 -0.013333
57 57 0.173333
58 58 -0.013333
59 59 -0.066667
60 60 0.146667
61 61 -0.066667
62 62 0.200000
63 63 -0.013333
64 64 -0.040000
65 65 0.013333
66 66 0.013333
67 67 0.200000
68 68 0.120000
69 69 0.093333
70 70 0.040000
71 71 0.200000
72 72 0.120000
73 73 -0.120000
74 74 0.200000
75 75 -0.093333
76 76 0.093333
77 77 -0.200000
78 78 -0.120000
79 79 -0.120000
80 80 0.200000
81 81 0.120000
82 82 -0.200000
83 83 -0.120000
84 84 0.120000
85 85 -0.013333
86 86 0.200000
87 87 -0.173333
88 88 -0.066667
89 89 -0.093333
90 90 -0.040000
91 91 -0.066667
92 92 0.040000
93 93 -0.146667
94 94 0.146667
95 95 0.093333
96 96 0.173333
97 97 0.040000
98 98 -0.066667
99 99 -0.173333
100 100 0.120000
101 101 0.120000
102 102 0.200000
103 103 -0.013333
104 104 0.093333
105 105 -0.040000
106 106 0.066667
107 107 -0.093333
108 108 -0.146667
109 109 0.040000
110 110 0.066667
111 111 0.173333
112 112 -0.093333
113 113 -0.066667
114 114 0.146667
115 115 -0.040000
116 116 0.040000
117 117 -0.066667
118 118 -0.146667
119 119 -0.093333
120 120 0.200000
121 121 0.066667
122 122 0.200000
123 123 0.013333
124 124 0.120000
125 125 0.066667
126 126 -0.120000
127 127 -0.120000
128 128 0.120000
129 129 0.013333
130 130 -0.013333
131 131 0.040000
132 132 0.040000
133 133 0.173333
134 134 0.120000
135 135 0.013333
136 136 0.146667
137 137 0.146667
138 138 0.120000
139 139 -0.013333
140 140 0.120000
141 141 -0.093333
142 142 -0.120000
143 143 -0.120000
144 144 -0.040000
145 145 0.093333
146 146 0.200000
147 147 -0.146667
148 148 -0.146667
149 149 -0.120000
150 150 -0.013333
151 151 -0.013333
152 152 0.173333
153 153 0.040000
154 154 -0.120000
155 155 -0.146667
156 156 -0.093333
157 157 0.013333
158 158 0.066667
159 159 0.093333
160 160 0.013333
161 161 -0.066667
162 162 -0.200000
163 163 0.146667
164 164 0.146667
165 165 0.200000
166 166 0.093333
167 167 -0.040000
168 168 -0.146667
169 169 -0.013333
170 170 0.093333
171 171 0.200000
172 172 0.093333
173 173 0.173333
174 174 0.200000
175 175 0.146667
176 176 -0.200000
177 177 0.093333
178 178 -0.146667
179 179 0.200000
180 180 -0.093333
181 181 -0.200000
182 182 -0.093333
183 183 -0.013333
184 184 -0.120000
185 185 -0.120000
186 186 0.013333
187 187 -0.093333
188 188 0.200000
189 189 0.200000
190 190 0.013333
191 191 -0.120000
192 192 0.200000
193 193 -0.066667
194 194 0.173333
195 195 -0.093333
196 196 0.146667
197 197 -0.093333
198 198 0.146667
199 199 -0.146667
200 200 0.120000
201 201 -0.200000
202 202 -0.040000
203 203 -0.013333
204 204 -0.066667
205 205 -0.173333
206 206 -0.146667
207 207 0.013333
208 208 -0.066667
209 209 -0.146667
210 210 -0.120000
211 211 -0.013333
212 212 0.040000
213 213 0.066667
214 214 0.200000
215 215 -0.040000
216 216 0.093333
217 217 -0.200000
218 218 -0.040000
219 219 -0.200000
220 220 0.173333
221 221 0.120000
222 222 -0.173333
223 223 -0.093333
224 224 0.173333
225 225 -0.066667
226 226 -0.173333
227 227 -0.066667
228 228 -0.120000
229 229 0.013333
230 230 0.040000
231 231 0.093333
232 232 0.173333
233 233 0.093333
234 234 -0.093333
235 235 0.200000
236 236 0.120000
237 237 -0.200000
238 238 -0.200000
239 239 -0.146667
240 240 -0.013333
241 241 -0.013333
242 242 0.146667
243 243 -0.120000
244 244 -0.200000
245 245 -0.040000
246 246 0.146667
247 247 0.146667
248 248 -0.093333
249 249 -0.146667
250 250 0.066667
251 251 -0.120000
252 252 -0.066667
253 253 0.066667
254 254 -0.200000
255 255 0.066667
256 256 0.013333
257 257 -0.146667
258 258 -0.066667
259 259 0.093333
260 260 -0.120000
261 261 -0.013333
262 262 0.013333
263 263 0.200000
264 264 0.120000
265 265 -0.093333
266 266 0.173333
267 267 0.040000
268 268 -0.093333
269 269 -0.200000
270 270 0.146667
271 271 0.200000
272 272 0.200000
273 273 -0.093333
274 274 -0.146667
275 275 0.146667
276 276 0.013333
277 277 0.146667
278 278 0.093333
279 279 -0.093333
280 280 0.200000
281 281 -0.120000
282 282 0.066667
283 283 -0.093333
284 284 0.066667
285 285 -0.173333
286 286 -0.040000
287 287 0.013333
288 288 -0.146667
289 289 -0.066667
290 290 0.093333
291 291 -0.013333
292 292 -0.066667
293 293 0.146667
294 294 -0.173333
295 295 0.200000
296 296 -0.066667
297 297 0.200000
298 298 0.013333
299 299 0.200000
300 300 0.146667
301 301 -0.200000
302 302 0.093333
303 303 0.146667
304 304 -0.093333
305 305 0.066667
306 306 -0.013333
307 307 0.120000
308 308 -0.200000
309 309 0.040000
310 310 0.146667
311 311 -0.093333
312 312 0.040000
313 313 -0.200000
314 314 -0.200000
315 315 -0.040000
316 316 0.146667
317 317 -0.200000
318 318 0.013333
319 319 -0.146667
320 320 0.120000
321 321 -0.013333
322 322 0.040000
323 323 -0.120000
324 324 0.200000
325 325 -0.146667
326 326 0.013333
327 327 0.040000
328 328 0.146667
329 329 -0.173333
330 330 -0.200000
331 331 -0.066667
332 332 -0.093333
333 333 -0.040000
334 334 0.173333
335 335 0.146667
336 336 -0.120000
337 337 0.173333
338 338 -0.173333
339 339 -0.013333
340 340 0.120000
341 341 -0.093333
342 342 0.200000
343 343 -0.173333
344 344 0.013333
345 345 -0.066667
346 346 0.200000
347 347 0.146667
348 348 0.146667
349 349 -0.093333
350 350 0.146667
351 351 0.200000
352 352 0.120000
353 353 0.093333
354 354 -0.120000
355 355 -0.066667
356 356 0.013333
357 357 0.200000
358 358 -0.200000
359 359 -0.173333
360 360 -0.093333
361 361 0.120000
362 362 -0.066667
363 363 0.173333
364 364 0.200000
365 365 0.120000
366 366 -0.040000
367 367 -0.066667
368 368 0.120000
369 369 -0.146667
370 370 -0.200000
371 371 -0.040000
372 372 0.120000
373 373 -0.146667
374 374 -0.146667
375 375 0.146667
376 376 -0.200000
377 377 -0.040000
378 378 -0.093333
379 379 0.066667
380 380 -0.093333
381 381 -0.040000
382 382 0.146667
383 383 -0.120000
384 384 0.040000
385 385 0.146667
386 386 -0.200000
387 387 -0.066667
388 388 -0.173333
389 389 0.013333
390 390 0.146667
391 391 0.146667
392 392 0.173333
393 393 -0.013333
394 394 -0.066667
395 395 -0.146667
396 396 0.013333
397 397 -0.146667
398 398 0.200000
399 399 0.040000
400 400 0.146667
401 401 0.173333
402 402 0.200000
403 403 0.173333
404 404 0.200000
405 405 -0.093333
406 406 0.173333
407 407 0.013333
408 408 0.093333
409 409 -0.146667
410 410 0.093333
411 411 0.200000
412 412 0.066667
413 413 0.146667
414 414 -0.146667
415 415 -0.200000
416 416 -0.066667
417 417 0.066667
418 418 -0.040000
419 419 -0.093333
420 420 0.093333
421 421 0.120000
422 422 -0.066667
423 423 0.066667
424 424 0.146667
425 425 -0.173333
426 426 0.173333
427 427 0.013333
428 428 -0.173333
429 429 -0.120000
430 430 -0.013333
431 431 -0.120000
432 432 -0.093333
433 433 0.200000
434 434 0.066667
435 435 0.093333
436 436 -0.120000
437 437 0.013333
438 438 -0.173333
439 439 0.146667
440 440 0.200000
441 441 0.173333
442 442 -0.013333
443 443 -0.040000
444 444 -0.120000
445 445 0.146667
446 446 -0.040000
447 447 0.173333
448 448 0.013333
449 449 -0.040000
450 450 0.066667
451 451 -0.120000
452 452 0.146667
453 453 -0.173333
454 454 0.146667
455 455 0.093333
456 456 0.013333
457 457 -0.040000
458 458 -0.066667
459 459 -0.093333
460 460 -0.013333
461 461 -0.040000
462 462 -0.093333
463 463 -0.093333
464 464 0.146667
465 465 0.120000
466 466 0.173333
467 467 -0.013333
468 468 0.013333
469 469 0.120000
470 470 -0.066667
471 471 -0.040000
472 472 -0.173333
473 473 0.066667
474 474 -0.120000
475 475 0.146667
476 476 -0.040000
477 477 0.173333
478 478 0.066667
479 479 -0.066667
480 480 -0.146667
481 481 -0.040000
482 482 0.040000
483 483 -0.093333
484 484 0.093333
485 485 0.013333
486 486 0.200000
487 487 0.013333
488 488 -0.040000
489 489 -0.146667
490 490 0.013333
491 491 0.200000
492 492 0.200000
493 493 0.146667
494 494 0.173333
495 495 -0.120000
496 496 0.120000
497 497 -0.120000
498 498 0.066667
499 499 -0.120000
500 500 0.040000
501 501 -0.093333
502 502 -0.066667
503 503 -0.120000
504 504 -0.040000
505 505 0.093333
506 506 0.173333
507 507 -0.200000
508 508 0.200000
509 509 -0.120000
510 510 0.200000
511 511 -0.040000
512 512 -0.120000
1 5 -0.466667
1 6 -0.466667
1 7 0.866667
1 8 -0.333333
1 65 -0.600000
2 5 -0.066667
2 6 -0.866667
2 7 1.000000
2 8 -1.000000
2 66 0.333333
3 5 0.066667
3 6 0.466667
3 7 0.200000
3 8 0.733333
3 67 -1.000000
4 5 -0.466667
4 6 -0.333333
4 7 0.066667
4 8 0.333333
4 68 -0.600000
5 13 -0.466667
6 14 0.200000
7 15 0.200000
8 16 0.200000
9 13 -0.066667
9 14 -0.466667
9 15 -0.866667
9 16 0.733333
9 73 -0.333333
10 13 0.600000
10 14 -0.733333
10 15 -0.600000
10 16 0.066667
10 74 0.200000
11 13 -0.200000
11 14 0.866667
11 15 0.333333
11 16 -0.333333
11 75 -0.466667
12 13 -0.733333
12 14 -0.066667
12 15 0.733333
12 16 1.000000
12 76 1.000000
13 21 -0.466667
14 22 -0.333333
15 23 -0.200000
16 24 -0.600000
17 21 0.866667
17 22 0.200000
17 23 0.866667
17 24 0.600000
17 81 0.600000
18 21 -1.000000
18 22 0.333333
18 23 -0.466667
18 24 -0.866667
18 82 0.066667
19 21 -0.333333
19 22 -0.333333
19 23 -1.666667
19 24 -0.466667
19 83 -0.733333
20 21 0.733333
20 22 -1.000000
20 23 -0.200000
20 24 0.600000
20 84 -0.866667
21 29 0.600000
22 30 -0.866667
23 31 -1.000000
24 32 -0.733333
25 29 0.466667
25 30 -1.000000
25 31 0.466667
25 32 0.733333
25 89 -1.000000
26 29 -0.066667
26 30 -0.466667
26 31 -0.066667
26 32 -0.866667
26 90 -0.466667
27 29 -0.866667
27 30 -0.866667
27 31 -0.333333
27 32 0.866667
27 91 0.066667
28 29 0.466667
28 30 -0.600000
28 31 0.333333
28 32 -0.200000
28 92 -0.200000
29 37 0.333333
30 38 -0.066667
31 39 -0.200000
32 40 -0.733333
33 37 -0.200000
33 38 -0.600000
33 39 0.866667
33 40 -1.000000
33 97 -0.466667
34 37 -0.466667
34 38 0.066667
34 39 -0.200000
34 40 -0.333333
34 98 1.000000
35 37 0.600000
35 38 -0.866667
35 39 0.466667
35 40 0.066667
35 99 -0.600000
36 37 0.866667
36 38 -0.466667
36 39 0.600000
36 40 -0.200000
36 100 0.333333
37 45 -1.000000
38 46 -0.200000
39 47 -0.466667
40 48 -0.466667
41 45 -0.333333
41 46 -5.000000
41 47 1.000000
41 48 -0.066667
41 105 0.200000
42 45 0.866667
42 46 0.866667
42 47 1.000000
42 48 -0.733333
42 106 0.600000
43 45 -0.066667
43 46 -3.666667
43 47 1.000000
43 48 -0.466667
43 107 0.066667
44 45 -5.000000
44 46 -3.666667
44 47 0.333333
44 48 0.333333
44 108 0.066667
45 53 -4.333333
46 54 -0.866667
47 55 0.866667
48 56 0.333333
49 53 -0.200000
49 54 0.066667
49 55 0.600000
49 56 0.466667
49 113 0.733333
50 53 0.733333
50 54 -0.733333
50 55 -1.000000
50 56 0.066667
50 114 1.000000
51 53 0.733333
51 54 1.000000
51 55 0.066667
51 56 0.600000
51 115 0.466667
52 53 0.200000
52 54 0.066667
52 55 -0.466667
52 56 -0.066667
52 116 0.866667
53 61 0.600000
54 62 0.466667
55 63 -0.200000
56 64 0.866667
57 61 3.000000
57 62 -0.066667
57 63 1.000000
57 64 -1.000000
57 121 -1.000000
58 61 -0.600000
58 62 0.866667
58 63 0.066667
58 64 0.066667
58 122 -0.200000
59 61 -0.200000
59 62 0.333333
59 63 0.200000
59 64 -0.333333
59 123 0.600000
60 61 -2.333333
60 62 0.733333
60 63 0.733333
60 64 -0.866667
60 124 0.866667
65 69 0.466667
65 70 0.066667
65 71 -0.333333
65 72 -0.333333
65 129 -1.000000
66 69 -0.466667
66 70 1.000000
66 71 -0.333333
66 72 0.200000
66 130 0.066667
67 69 -0.466667
67 70 1.000000
67 71 -0.333333
67 72 -0.200000
67 131 -0.733333
68 69 -0.733333
68 70 -0.466667
68 71 1.000000
68 72 1.000000
68 132 1.000000
69 77 -0.733333
70 78 -0.466667
71 79 -0.600000
72 80 -0.733333
73 77 -2.333333
73 78 -0.866667
73 79 -5.000000
73 80 -0.333333
73 137 -3.666667
74 77 -0.333333
74 78 -0.200000
74 79 0.600000
74 80 -0.466667
74 138 -0.466667
75 77 -0.866667
75 78 0.200000
75 79 0.600000
75 80 0.733333
75 139 0.600000
76 77 -1.000000
76 78 0.200000
76 79 0.466667
76 80 0.200000
76 140 -0.600000
77 85 0.333333
78 86 -0.733333
79 87 -1.000000
80 88 0.333333
81 85 -0.333333
81 86 -0.600000
81 87 0.466667
81 88 0.866667
81 145 0.333333
82 85 -0.333333
82 86 0.066667
82 87 0.466667
82 88 -0.066667
82 146 0.200000
83 85 0.866667
83 86 -0.466667
83 87 -1.000000
83 88 -0.333333
83 147 -0.200000
84 85 -0.733333
84 86 0.066667
84 87 -0.333333
84 88 1.000000
84 148 0.733333
85 93 1.000000
86 94 0.333333
87 95 0.600000
88 96 -0.600000
89 93 -0.866667
89 94 -2.333333
89 95 -1.000000
89 96 -0.466667
89 153 0.200000
90 93 0.333333
90 94 0.733333
90 95 -0.733333
90 96 0.733333
90 154 -0.466667
91 93 -0.866667
91 94 -1.000000
91 95 -0.333333
91 96 0.466667
91 155 0.733333
92 93 0.866667
92 94 -0.333333
92 95 0.200000
92 96 -1.000000
92 156 0.866667
93 101 -0.866667
94 102 -0.333333
95 103 1.000000
96 104 -0.866667
97 101 -0.333333
97 102 -0.200000
97 103 -0.600000
97 104 0.866667
97 161 1.000000
98 101 0.333333
98 102 -0.600000
98 103 -0.600000
98 104 1.666667
98 162 0.066667
99 101 -0.866667
99 102 0.600000
99 103 0.200000
99 104 0.866667
99 163 -1.000000
100 101 0.733333
100 102 3.000000
100 103 0.466667
100 104 0.333333
100 164 3.666667
101 109 0.866667
102 110 0.466667
103 111 -1.000000
104 112 -0.466667
105 109 -0.333333
105 110 0.333333
105 111 0.333333
105 112 -1.000000
105 169 -0.733333
106 109 -0.866667
106 110 -0.200000
106 111 -0.333333
106 112 -0.333333
106 170 -0.866667
107 109 0.866667
107 110 0.333333
107 111 0.466667
107 112 0.600000
107 171 -0.200000
108 109 0.600000
108 110 5.000000
108 111 -0.600000
108 112 0.866667
108 172 -0.866667
109 117 0.733333
110 118 0.333333
111 119 -0.066667
112 120 1.000000
113 117 -0.200000
113 118 1.000000
113 119 -0.733333
113 120 -1.000000
113 177 -0.866667
114 117 -0.866667
114 118 0.200000
114 119 0.600000
114 120 0.333333
114 178 1.000000
115 117 1.000000
115 118 1.000000
115 119 -0.733333
115 120 1.000000
115 179 -0.733333
116 117 1.000000
116 118 4.333333
116 119 -0.733333
116 120 0.600000
116 180 -1.000000
117 125 0.333333
118 126 -0.866667
119 127 0.066667
120 128 -2.333333
121 125 2.333333
121 126 2.333333
121 127 1.000000
121 128 -5.000000
121 185 5.000000
122 125 -0.733333
122 126 0.333333
122 127 0.200000
122 128 0.866667
122 186 -0.600000
123 125 -0.466667
123 126 1.000000
123 127 0.066667
123 128 -2.333333
123 187 -0.600000
124 125 -1.000000
124 126 0.600000
124 127 -0.866667
124 128 4.333333
124 188 -1.000000
129 133 1.000000
129 134 0.200000
129 135 1.000000
129 136 1.000000
129 193 1.000000
130 133 1.000000
130 134 -1.000000
130 135 1.000000
130 136 -0.866667
130 194 0.200000
131 133 -0.066667
131 134 -0.733333
131 135 -0.200000
131 136 0.600000
131 195 0.733333
132 133 0.600000
132 134 -0.866667
132 135 -0.066667
132 136 0.600000
132 196 0.733333
133 141 0.733333
134 142 -1.000000
135 143 -0.333333
136 144 -1.000000
137 141 1.000000
137 142 -2.333333
137 143 -0.200000
137 144 -0.866667
137 201 -0.466667
138 141 -1.000000
138 142 0.600000
138 143 0.333333
138 144 0.600000
138 202 -0.866667
139 141 -0.066667
139 142 3.000000
139 143 0.600000
139 144 -0.733333
139 203 -5.000000
140 141 -3.000000
140 142 0.333333
140 143 -0.733333
140 144 0.333333
140 204 3.000000
141 149 0.466667
142 150 -1.666667
143 151 -0.066667
144 152 -0.066667
145 149 0.866667
145 150 -0.200000
145 151 -0.866667
145 152 -0.466667
145 209 0.733333
146 149 -0.466667
146 150 0.600000
146 151 -0.466667
146 152 1.000000
146 210 0.866667
147 149 -1.000000
147 150 -1.000000
147 151 -1.000000
147 152 0.866667
147 211 -0.066667
148 149 0.600000
148 150 0.733333
148 151 0.600000
148 152 0.466667
148 212 -0.066667
149 157 -0.466667
150 158 -2.333333
151 159 -0.200000
152 160 -0.600000
153 157 0.733333
153 158 0.066667
153 159 1.000000
153 160 -0.600000
153 217 -0.066667
154 157 -1.000000
154 158 0.200000
154 159 -0.066667
154 160 1.000000
154 218 -0.733333
155 157 -0.600000
155 158 -1.666667
155 159 0.066667
155 160 0.333333
155 219 -0.066667
156 157 -0.466667
156 158 0.333333
156 159 0.466667
156 160 1.000000
156 220 -0.866667
157 165 -1.000000
158 166 0.866667
159 167 -0.600000
160 168 -1.000000
161 165 -0.466667
161 166 0.333333
161 167 -0.066667
161 168 -0.600000
161 225 0.866667
162 165 -0.866667
162 166 0.200000
162 167 1.000000
162 168 0.333333
162 226 0.600000
163 165 0.866667
163 166 0.733333
163 167 -0.866667
163 168 0.333333
163 227 -0.066667
164 165 -0.200000
164 166 0.066667
164 167 -0.333333
164 168 3.666667
164 228 0.200000
165 173 -0.333333
166 174 -0.066667
167 175 -0.066667
168 176 0.600000
169 173 -0.333333
169 174 -0.866667
169 175 0.200000
169 176 -0.733333
169 233 -0.600000
170 173 -0.066667
170 174 -1.666667
170 175 -0.600000
170 176 -0.600000
170 234 -0.733333
171 173 -0.733333
171 174 -0.600000
171 175 1.000000
171 176 0.600000
171 235 -0.466667
172 173 0.466667
172 174 4.333333
172 175 1.000000
172 176 -0.466667
172 236 0.866667
173 181 0.600000
174 182 0.733333
175 183 0.466667
176 184 -0.466667
177 181 -0.600000
177 182 0.733333
177 183 -0.466667
177 184 1.000000
177 241 -0.600000
178 181 1.000000
178 182 -1.000000
178 183 1.000000
178 184 1.000000
178 242 1.000000
179 181 0.866667
179 182 1.000000
179 183 0.466667
179 184 -5.000000
179 243 0.733333
180 181 0.733333
180 182 -0.466667
180 183 -1.000000
180 184 -0.200000
180 244 1.000000
181 189 -0.866667
182 190 -0.333333
183 191 -0.466667
184 192 1.000000
185 189 -0.866667
185 190 0.600000
185 191 1.000000
185 192 0.733333
185 249 -0.333333
186 189 -0.066667
186 190 -0.333333
186 191 -0.200000
186 192 0.466667
186 250 0.466667
187 189 0.866667
187 190 0.333333
187 191 0.733333
187 192 -0.200000
187 251 -0.200000
188 189 -0.600000
188 190 0.066667
188 191 -0.600000
188 192 0.466667
188 252 0.733333
193 197 0.066667
193 198 -1.000000
193 199 -3.666667
193 200 -4.333333
193 257 0.066667
194 197 0.333333
194 198 0.600000
194 199 -0.066667
194 200 -0.866667
194 258 -0.733333
195 197 3.666667
195 198 0.466667
195 199 -0.600000
195 200 1.000000
195 259 0.600000
196 197 -0.066667
196 198 -0.600000
196 199 -3.000000
196 200 -0.866667
196 260 1.666667
197 205 -1.000000
198 206 0.466667
199 207 0.600000
200 208 0.066667
201 205 1.000000
201 206 -0.200000
201 207 -0.733333
201 208 1.000000
201 265 0.600000
202 205 5.000000
202 206 0.333333
202 207 -0.600000
202 208 5.000000
202 266 0.866667
203 205 -0.866667
203 206 0.066667
203 207 0.333333
203 208 -1.000000
203 267 1.000000
204 205 0.733333
204 206 3.666667
204 207 0.333333
204 208 -0.733333
204 268 -0.733333
205 213 0.600000
206 214 -0.866667
207 215 -3.666667
208 216 1.000000
209 213 0.200000
209 214 -0.866667
209 215 -0.333333
209 216 0.066667
209 273 1.000000
210 213 1.000000
210 214 -0.733333
210 215 0.600000
210 216 -0.333333
210 274 0.066667
211 213 0.066667
211 214 0.600000
211 215 5.000000
211 216 -0.200000
211 275 -0.066667
212 213 1.000000
212 214 0.600000
212 215 -0.733333
212 216 0.866667
212 276 -5.000000
213 221 0.733333
214 222 -0.200000
215 223 0.733333
216 224 -1.000000
217 221 1.000000
217 222 0.333333
217 223 0.333333
217 224 0.733333
217 281 0.466667
218 221 0.066667
218 222 0.866667
218 223 -1.000000
218 224 -1.000000
218 282 0.866667
219 221 0.866667
219 222 0.600000
219 223 1.000000
219 224 -0.200000
219 283 -0.600000
220 221 -0.866667
220 222 -0.733333
220 223 -0.466667
220 224 0.600000
220 284 -0.466667
221 229 -0.600000
222 230 0.466667
223 231 -0.600000
224 232 5.000000
225 229 -1.000000
225 230 1.000000
225 231 0.066667
225 232 -0.333333
225 289 0.866667
226 229 -0.866667
226 230 -0.600000
226 231 -0.066667
226 232 1.000000
226 290 -0.733333
227 229 -0.200000
227 230 0.466667
227 231 -1.000000
227 232 -0.733333
227 291 -0.066667
228 229 -0.066667
228 230 -0.333333
228 231 0.733333
228 232 0.200000
228 292 -0.466667
229 237 3.666667
230 238 0.866667
231 239 1.000000
232 240 -1.000000
233 237 0.466667
233 238 -0.866667
233 239 1.666667
233 240 -0.333333
233 297 0.466667
234 237 1.000000
234 238 0.733333
234 239 0.333333
234 240 -0.066667
234 298 -0.733333
235 237 -0.600000
235 238 4.333333
235 239 -1.000000
235 240 0.866667
235 299 -1.000000
236 237 0.333333
236 238 -0.733333
236 239 0.333333
236 240 -0.866667
236 300 -1.000000
237 245 2.333333
238 246 0.733333
239 247 -1.000000
240 248 -0.333333
241 245 0.866667
241 246 -0.066667
241 247 -0.200000
241 248 -0.866667
241 305 -1.000000
242 245 1.000000
242 246 1.000000
242 247 0.733333
242 248 -1.000000
242 306 -0.200000
243 245 0.200000
243 246 1.000000
243 247 -0.600000
243 248 0.866667
243 307 0.200000
244 245 0.066667
244 246 -0.066667
244 247 0.866667
244 248 -0.866667
244 308 -0.333333
245 253 -0.600000
246 254 -0.066667
247 255 0.200000
248 256 -1.000000
249 253 -0.866667
249 254 0.066667
249 255 -0.466667
249 256 1.000000
249 313 -0.733333
250 253 0.600000
250 254 0.600000
250 255 -0.733333
250 256 -1.000000
250 314 0.066667
251 253 -0.600000
251 254 1.000000
251 255 0.866667
251 256 0.200000
251 315 3.000000
252 253 -0.200000
252 254 -0.733333
252 255 0.600000
252 256 -1.000000
252 316 -0.733333
257 261 0.200000
257 262 -0.466667
257 263 -0.200000
257 264 0.466667
257 321 0.333333
258 261 2.333333
258 262 -0.066667
258 263 -1.000000
258 264 -0.466667
258 322 0.866667
259 261 0.466667
259 262 0.466667
259 263 0.733333
259 264 -0.466667
259 323 -0.333333
260 261 -0.333333
260 262 -1.000000
260 263 0.733333
260 264 0.600000
260 324 0.333333
261 269 0.066667
262 270 0.200000
263 271 -0.733333
264 272 0.866667
265 269 0.600000
265 270 -0.733333
265 271 3.666667
265 272 -0.466667
265 329 1.000000
266 269 0.466667
266 270 0.866667
266 271 0.466667
266 272 0.333333
266 330 0.333333
267 269 0.333333
267 270 0.066667
267 271 -0.333333
267 272 -0.333333
267 331 0.866667
268 269 -0.600000
268 270 0.866667
268 271 1.000000
268 272 -0.733333
268 332 -0.600000
269 277 -1.000000
270 278 -0.333333
271 279 -0.866667
272 280 0.466667
273 277 -3.000000
273 278 0.600000
273 279 -0.600000
273 280 -1.000000
273 337 1.000000
274 277 -0.866667
274 278 -0.733333
274 279 -1.000000
274 280 0.733333
274 338 0.066667
275 277 0.600000
275 278 0.466667
275 279 0.866667
275 280 -0.066667
275 339 -5.000000
276 277 1.000000
276 278 -0.466667
276 279 -0.466667
276 280 -0.600000
276 340 1.000000
277 285 3.666667
278 286 -0.733333
279 287 0.733333
280 288 -0.066667
281 285 -4.333333
281 286 0.333333
281 287 0.066667
281 288 0.333333
281 345 -5.000000
282 285 5.000000
282 286 -0.066667
282 287 -1.666667
282 288 -0.600000
282 346 -0.466667
283 285 0.066667
283 286 0.333333
283 287 0.200000
283 288 -0.466667
283 347 -3.666667
284 285 3.666667
284 286 5.000000
284 287 0.866667
284 288 -0.866667
284 348 1.000000
285 293 3.000000
286 294 0.733333
287 295 -1.000000
288 296 0.066667
289 293 0.066667
289 294 0.733333
289 295 -1.000000
289 296 0.200000
289 353 -0.200000
290 293 -5.000000
290 294 -0.333333
290 295 -3.666667
290 296 -0.733333
290 354 -0.600000
291 293 -5.000000
291 294 -0.333333
291 295 5.000000
291 296 0.600000
291 355 4.333333
292 293 0.200000
292 294 0.200000
292 295 0.200000
292 296 0.733333
292 356 1.000000
293 301 -0.733333
294 302 -0.733333
295 303 0.866667
296 304 -0.200000
297 301 0.200000
297 302 -0.466667
297 303 0.733333
297 304 1.000000
297 361 -1.000000
298 301 1.000000
298 302 0.200000
298 303 -0.733333
298 304 -0.466667
298 362 0.600000
299 301 0.200000
299 302 -5.000000
299 303 -0.866667
299 304 -0.200000
299 363 2.333333
300 301 0.600000
300 302 -0.733333
300 303 -0.200000
300 304 0.066667
300 364 0.200000
301 309 1.000000
302 310 -0.733333
303 311 0.066667
304 312 0.200000
305 309 -1.000000
305 310 -0.200000
305 311 0.066667
305 312 -0.066667
305 369 -0.866667
306 309 -0.600000
306 310 -0.733333
306 311 -1.000000
306 312 0.333333
306 370 0.200000
307 309 -0.333333
307 310 0.200000
307 311 3.000000
307 312 -0.733333
307 371 0.066667
308 309 0.733333
308 310 -0.733333
308 311 0.200000
308 312 -0.466667
308 372 0.600000
309 317 0.333333
310 318 -5.000000
311 319 -0.733333
312 320 -0.866667
313 317 -0.733333
313 318 -0.333333
313 319 1.000000
313 320 1.000000
313 377 -0.333333
314 317 0.066667
314 318 -0.333333
314 319 1.666667
314 320 -0.333333
314 378 0.333333
315 317 -0.600000
315 318 -0.600000
315 319 0.600000
315 320 0.600000
315 379 -1.000000
316 317 -0.333333
316 318 -0.200000
316 319 0.866667
316 320 -0.600000
316 380 -0.733333
321 325 0.733333
321 326 0.066667
321 327 -0.466667
321 328 -0.466667
321 385 -0.733333
322 325 1.000000
322 326 -0.600000
322 327 0.333333
322 328 -1.000000
322 386 1.000000
323 325 -0.866667
323 326 -0.866667
323 327 1.000000
323 328 0.733333
323 387 0.333333
324 325 0.066667
324 326 -1.000000
324 327 -0.866667
324 328 0.200000
324 388 -0.066667
325 333 0.866667
326 334 -0.866667
327 335 0.600000
328 336 -0.733333
329 333 0.333333
329 334 0.866667
329 335 0.866667
329 336 -0.866667
329 393 -0.066667
330 333 0.600000
330 334 0.866667
330 335 0.466667
330 336 -0.333333
330 394 0.733333
331 333 0.066667
331 334 -0.600000
331 335 0.333333
331 336 0.466667
331 395 1.000000
332 333 -0.066667
332 334 -0.066667
332 335 -0.866667
332 336 -0.200000
332 396 -0.333333
333 341 0.066667
334 342 0.466667
335 343 0.066667
336 344 0.733333
337 341 -0.200000
337 342 -3.666667
337 343 -1.666667
337 344 0.333333
337 401 3.666667
338 341 0.866667
338 342 -1.000000
338 343 -0.600000
338 344 -1.000000
338 402 0.600000
339 341 -1.000000
339 342 0.600000
339 343 1.000000
339 344 -0.333333
339 403 -0.200000
340 341 0.733333
340 342 3.000000
340 343 0.600000
340 344 -0.866667
340 404 0.066667
341 349 -4.333333
342 350 -1.000000
343 351 0.600000
344 352 0.333333
345 349 -0.333333
345 350 -0.733333
345 351 0.200000
345 352 -0.600000
345 409 -0.600000
346 349 -1.000000
346 350 0.333333
346 351 0.866667
346 352 0.600000
346 410 -0.333333
347 349 -0.600000
347 350 -5.000000
347 351 1.000000
347 352 3.666667
347 411 -0.866667
348 349 1.666667
348 350 -0.066667
348 351 3.666667
348 352 0.866667
348 412 0.866667
349 357 0.066667
350 358 -1.000000
351 359 -0.866667
352 360 -1.666667
353 357 -0.066667
353 358 1.666667
353 359 -0.200000
353 360 1.666667
353 417 -0.333333
354 357 0.733333
354 358 -0.733333
354 359 -0.466667
354 360 -0.200000
354 418 0.200000
355 357 -0.066667
355 358 -3.666667
355 359 1.000000
355 360 0.600000
355 419 0.466667
356 357 0.733333
356 358 4.333333
356 359 -0.200000
356 360 -0.200000
356 420 0.200000
357 365 0.200000
358 366 -3.666667
359 367 0.333333
360 368 0.733333
361 365 0.600000
361 366 -1.000000
361 367 -0.600000
361 368 0.333333
361 425 0.733333
362 365 1.666667
362 366 -0.200000
362 367 0.333333
362 368 0.600000
362 426 0.600000
363 365 0.600000
363 366 -0.866667
363 367 -0.466667
363 368 -0.600000
363 427 -0.466667
364 365 -0.200000
364 366 -0.733333
364 367 0.066667
364 368 -0.866667
364 428 2.333333
365 373 -0.866667
366 374 -0.866667
367 375 -0.066667
368 376 0.200000
369 373 1.000000
369 374 -0.466667
369 375 1.000000
369 376 0.066667
369 433 0.333333
370 373 0.866667
370 374 0.200000
370 375 -0.600000
370 376 -0.066667
370 434 -1.000000
371 373 -0.733333
371 374 0.733333
371 375 1.000000
371 376 0.466667
371 435 -0.333333
372 373 1.000000
372 374 0.333333
372 375 -1.000000
372 376 -0.333333
372 436 0.333333
373 381 1.000000
374 382 0.466667
375 383 -0.733333
376 384 1.000000
377 381 0.866667
377 382 -1.000000
377 383 -1.000000
377 384 -0.466667
377 441 1.000000
378 381 0.866667
378 382 0.200000
378 383 0.600000
378 384 -0.466667
378 442 0.333333
379 381 -0.333333
379 382 0.600000
379 383 0.200000
379 384 0.600000
379 443 0.600000
380 381 0.866667
380 382 0.600000
380 383 1.000000
380 384 -0.600000
380 444 -1.000000
385 389 -0.333333
385 390 0.333333
385 391 -0.466667
385 392 -0.066667
385 449 1.000000
386 389 3.000000
386 390 0.066667
386 391 -0.200000
386 392 0.466667
386 450 0.866667
387 389 0.600000
387 390 -0.333333
387 391 0.333333
387 392 0.866667
387 451 0.866667
388 389 -3.000000
388 390 -0.200000
388 391 -0.333333
388 392 -0.733333
388 452 0.333333
389 397 0.333333
390 398 0.600000
391 399 -1.000000
392 400 0.200000
393 397 0.600000
393 398 0.066667
393 399 -0.200000
393 400 -0.600000
393 457 -0.200000
394 397 -0.866667
394 398 0.600000
394 399 -1.000000
394 400 0.200000
394 458 -0.600000
395 397 0.066667
395 398 -0.733333
395 399 1.000000
395 400 0.733333
395 459 -0.066667
396 397 0.200000
396 398 -0.733333
396 399 1.000000
396 400 0.333333
396 460 0.733333
397 405 0.333333
398 406 0.600000
399 407 0.600000
400 408 0.333333
401 405 0.200000
401 406 -0.200000
401 407 1.000000
401 408 -0.333333
401 465 -0.466667
402 405 -0.066667
402 406 -0.333333
402 407 0.466667
402 408 0.200000
402 466 1.000000
403 405 -0.066667
403 406 1.000000
403 407 -1.000000
403 408 -0.733333
403 467 0.866667
404 405 0.600000
404 406 -0.066667
404 407 0.200000
404 408 0.866667
404 468 -0.333333
405 413 0.200000
406 414 0.200000
407 415 -0.600000
408 416 -0.200000
409 413 -0.200000
409 414 0.066667
409 415 0.600000
409 416 -1.000000
409 473 -0.866667
410 413 0.866667
410 414 0.600000
410 415 0.466667
410 416 0.466667
410 474 -0.066667
411 413 0.066667
411 414 0.466667
411 415 -0.333333
411 416 -1.000000
411 475 -3.666667
412 413 -1.000000
412 414 0.200000
412 415 0.066667
412 416 0.866667
412 476 -0.333333
413 421 0.733333
414 422 0.066667
415 423 0.466667
416 424 0.733333
417 421 -1.000000
417 422 1.000000
417 423 0.733333
417 424 0.200000
417 481 -0.733333
418 421 -0.066667
418 422 0.333333
418 423 -0.200000
418 424 0.200000
418 482 -0.733333
419 421 1.000000
419 422 0.866667
419 423 0.866667
419 424 -0.466667
419 483 0.200000
420 421 0.866667
420 422 0.066667
420 423 -0.466667
420 424 -0.333333
420 484 0.733333
421 429 1.000000
422 430 -0.733333
423 431 1.000000
424 432 -1.000000
425 429 0.733333
425 430 3.666667
425 431 0.333333
425 432 0.200000
425 489 0.866667
426 429 0.600000
426 430 5.000000
426 431 -0.466667
426 432 -0.333333
426 490 0.200000
427 429 0.200000
427 430 0.866667
427 431 -0.333333
427 432 -0.466667
427 491 -1.000000
428 429 -0.200000
428 430 0.200000
428 431 -1.000000
428 432 0.733333
428 492 -0.600000
429 437 0.200000
430 438 -0.333333
431 439 -0.733333
432 440 0.733333
433 437 -0.333333
433 438 -1.000000
433 439 -0.466667
433 440 1.000000
433 497 -0.066667
434 437 -0.600000
434 438 0.200000
434 439 -0.066667
434 440 0.066667
434 498 0.733333
435 437 -0.333333
435 438 0.200000
435 439 -0.333333
435 440 -0.733333
435 499 0.866667
436 437 -0.200000
436 438 0.866667
436 439 -3.666667
436 440 0.466667
436 500 -0.333333
437 445 -1.000000
438 446 -0.333333
439 447 0.333333
440 448 -0.200000
441 445 1.000000
441 446 -1.000000
441 447 -3.000000
441 448 0.466667
441 505 0.866667
442 445 1.000000
442 446 -0.333333
442 447 -0.333333
442 448 1.000000
442 506 -0.466667
443 445 0.066667
443 446 0.333333
443 447 -0.600000
443 448 -0.733333
443 507 0.733333
444 445 1.000000
444 446 -1.000000
444 447 0.466667
444 448 1.000000
444 508 0.466667
449 453 -0.600000
449 454 0.733333
449 455 0.066667
449 456 0.200000
450 453 0.866667
450 454 -1.000000
450 455 -0.733333
450 456 -0.066667
451 453 0.333333
451 454 -0.600000
451 455 0.200000
451 456 0.466667
452 453 -0.200000
452 454 0.333333
452 455 0.733333
452 456 -0.066667
453 461 -0.200000
454 462 -0.200000
455 463 0.600000
456 464 0.200000
457 461 -0.600000
457 462 0.866667
457 463 -0.466667
457 464 -0.333333
458 461 0.466667
458 462 0.333333
458 463 0.200000
458 464 0.466667
459 461 1.000000
459 462 0.600000
459 463 -0.466667
459 464 -0.333333
460 461 0.066667
460 462 0.600000
460 463 0.733333
460 464 0.866667
461 469 0.333333
462 470 -0.466667
463 471 1.000000
464 472 0.600000
465 469 0.200000
465 470 -0.866667
465 471 0.333333
465 472 -0.733333
466 469 -0.200000
466 470 0.733333
466 471 -2.333333
466 472 -0.200000
467 469 1.666667
467 470 1.000000
467 471 0.466667
467 472 4.333333
468 469 -0.466667
468 470 1.000000
468 471 -0.333333
468 472 1.000000
469 477 0.466667
470 478 0.066667
471 479 -0.466667
472 480 0.333333
473 477 -0.600000
473 478 0.733333
473 479 -0.200000
473 480 -0.866667
474 477 -0.600000
474 478 -0.600000
474 479 0.333333
474 480 -1.000000
475 477 -0.600000
475 478 0.466667
475 479 -0.466667
475 480 -0.733333
476 477 0.066667
476 478 -0.866667
476 479 -0.333333
476 480 0.866667
477 485 -0.333333
478 486 -1.000000
479 487 -0.866667
480 488 4.333333
481 485 0.200000
481 486 0.866667
481 487 1.000000
481 488 0.733333
482 485 -0.866667
482 486 -0.866667
482 487 -0.733333
482 488 0.600000
483 485 0.200000
483 486 -0.733333
483 487 0.200000
483 488 0.733333
484 485 -0.733333
484 486 -0.066667
484 487 -0.733333
484 488 0.466667
485 493 0.600000
486 494 -0.600000
487 495 -0.333333
488 496 0.600000
489 493 0.200000
489 494 -1.000000
489 495 0.466667
489 496 0.733333
490 493 0.600000
490 494 0.466667
490 495 0.866667
490 496 0.733333
491 493 -5.000000
491 494 -1.000000
491 495 -0.200000
491 496 0.733333
492 493 -4.333333
492 494 -0.866667
492 495 1.000000
492 496 0.466667
493 501 -0.466667
494 502 -0.466667
495 503 0.200000
496 504 0.200000
497 501 -0.333333
497 502 -0.200000
497 503 -0.200000
497 504 0.066667
498 501 0.333333
498 502 -2.333333
498 503 -0.333333
498 504 0.866667
499 501 0.733333
499 502 0.333333
499 503 -0.733333
499 504 -0.200000
500 501 0.200000
500 502 0.066667
500 503 0.600000
500 504 0.333333
501 509 -0.066667
502 510 0.600000
503 511 -0.200000
504 512 -0.733333
505 509 -0.466667
505 510 0.333333
505 511 0.866667
505 512 0.733333
506 509 -0.866667
506 510 -0.600000
506 511 0.466667
506 512 0.333333
507 509 -0.333333
507 510 -0.600000
507 511 0.866667
507 512 0.333333
508 509 0.733333
508 510 -0.733333
508 511 -0.866667
508 512 0.866667