#
1 1 0.120000
2 2 0.200000
3 3 -0.040000
4 4 -0.013333
5 5 -0.040000
6 6 0.173333
7 7 -0.146667
8 8 0.173333
9 9 -0.066667
10 10 -0.173333
11 11 -0.093333
12 12 0.093333
13 13 0.200000
14 14 -0.066667
15 15 -0.093333
16 16 0.093333
17 17 -0.120000
18 18 -0.146667
19 19 0.013333
20 20 -0.066667
21 21 0.040000
22 22 0.120000
23 23 -0.013333
24 24 0.120000
25 25 -0.013333
26 26 0.146667
27 27 -0.093333
28 28 -0.093333
29 29 -0.173333
30 30 -0.146667
31 31 -0.120000
32 32 -0.146667
33 33 -0.200000
34 34 -0.066667
35 35 -0.146667
36 36 0.013333
37 37 -0.013333
38 38 0.013333
39 39 -0.040000
40 40 0.200000
41 41 0.040000
42 42 0.146667
43 43 -0.146667
44 44 0.200000
45 45 0.066667
46 46 0.200000
47 47 0.040000
48 48 0.013333
49 49 -0.120000
50 50 0.146667
51 51 -0.173333
52 52 -0.146667
53 53 0.146667
54 54 0.200000
55 55 -0.146667
56 56 -0.200000
57 57 -0.066667
58 58 -0.173333
59 59 -0.013333
60 60 -0.013333
61 61 0.200000
62 62 0.093333
63 63 -0.066667
64 64 0.146667
65 65 0.040000
66 66 -0.093333
67 67 -0.120000
68 68 0.146667
69 69 -0.013333
70 70 0.200000
71 71 0.120000
72 72 -0.120000
73 73 -0.200000
74 74 0.200000
75 75 -0.120000
76 76 -0.040000
77 77 0.200000
78 78 0.040000
79 79 -0.093333
80 80 -0.066667
81 81 -0.120000
82 82 -0.013333
83 83 -0.093333
84 84 -0.066667
85 85 -0.013333
86 86 -0.040000
87 87 -0.093333
88 88 -0.040000
89 89 0.200000
90 90 0.120000
91 91 0.200000
92 92 -0.013333
93 93 -0.040000
94 94 0.013333
95 95 0.013333
96 96 -0.093333
97 97 0.040000
98 98 0.200000
99 99 -0.040000
100 100 0.040000
101 101 0.093333
102 102 -0.066667
103 103 0.200000
104 104 0.173333
105 105 0.146667
106 106 -0.146667
107 107 -0.120000
108 108 -0.040000
109 109 -0.013333
110 110 -0.066667
111 111 -0.040000
112 112 -0.173333
113 113 0.146667
114 114 -0.146667
115 115 -0.013333
116 116 -0.013333
117 117 0.093333
118 118 0.093333
119 119 -0.200000
120 120 0.066667
121 121 -0.013333
122 122 -0.146667
123 123 -0.013333
124 124 0.093333
125 125 -0.200000
126 126 -0.013333
127 127 -0.200000
128 128 0.200000
129 129 0.066667
130 130 0.120000
131 131 -0.093333
132 132 -0.013333
133 133 0.146667
134 134 -0.013333
135 135 -0.066667
136 136 0.173333
137 137 -0.146667
138 138 -0.146667
139 139 -0.093333
140 140 -0.066667
141 141 -0.200000
142 142 0.013333
143 143 -0.200000
144 144 0.013333
145 145 0.066667
146 146 0.120000
147 147 0.066667
148 148 0.200000
149 149 -0.040000
150 150 0.173333
151 151 -0.146667
152 152 0.146667
153 153 0.200000
154 154 -0.013333
155 155 0.040000
156 156 -0.066667
157 157 0.013333
158 158 -0.040000
159 159 -0.120000
160 160 -0.013333
161 161 -0.173333
162 162 0.040000
163 163 0.146667
164 164 -0.200000
165 165 0.146667
166 166 0.200000
167 167 -0.200000
168 168 -0.093333
169 169 -0.146667
170 170 0.040000
171 171 0.200000
172 172 -0.173333
173 173 0.200000
174 174 -0.040000
175 175 0.093333
176 176 -0.066667
177 177 0.173333
178 178 -0.040000
179 179 -0.013333
180 180 0.146667
181 181 -0.200000
182 182 -0.066667
183 183 -0.013333
184 184 0.120000
185 185 -0.173333
186 186 0.013333
187 187 0.013333
188 188 -0.120000
189 189 -0.040000
190 190 0.173333
191 191 0.040000
192 192 -0.146667
193 193 0.200000
194 194 -0.066667
195 195 -0.173333
196 196 0.120000
197 197 -0.013333
198 198 -0.200000
199 199 -0.040000
200 200 0.040000
201 201 -0.013333
202 202 0.066667
203 203 -0.013333
204 204 -0.013333
205 205 0.066667
206 206 0.173333
207 207 -0.120000
208 208 0.173333
209 209 0.013333
210 210 -0.173333
211 211 -0.200000
212 212 0.040000
213 213 0.093333
214 214 -0.066667
215 215 0.066667
216 216 -0.040000
217 217 0.013333
218 218 0.093333
219 219 -0.066667
220 220 0.066667
221 221 -0.040000
222 222 0.013333
223 223 -0.093333
224 224 -0.040000
225 225 0.013333
226 226 -0.013333
227 227 0.120000
228 228 -0.040000
229 229 -0.040000
230 230 0.066667
231 231 0.173333
232 232 0.146667
233 233 -0.093333
234 234 0.120000
235 235 -0.040000
236 236 -0.146667
237 237 -0.200000
238 238 -0.146667
239 239 0.066667
240 240 -0.120000
241 241 0.013333
242 242 0.146667
243 243 0.040000
244 244 0.093333
245 245 0.066667
246 246 -0.120000
247 247 -0.013333
248 248 0.120000
249 249 -0.146667
250 250 -0.013333
251 251 -0.040000
252 252 -0.200000
253 253 -0.093333
254 254 0.200000
255 255 0.173333
256 256 -0.120000
257 257 0.093333
258 258 -0.013333
259 259 0.066667
260 260 -0.173333
261 261 0.146667
262 262 0.093333
263 263 -0.093333
264 264 0.120000
265 265 0.200000
266 266 0.040000
267 267 -0.093333
268 268 -0.013333
269 269 0.120000
270 270 0.013333
271 271 0.173333
272 272 0.146667
273 273 0.013333
274 274 -0.093333
275 275 -0.146667
276 276 -0.093333
277 277 0.200000
278 278 -0.066667
279 279 0.173333
280 280 -0.146667
281 281 -0.066667
282 282 -0.173333
283 283 0.173333
284 284 0.200000
285 285 -0.093333
286 286 0.040000
287 287 -0.146667
288 288 0.120000
289 289 0.120000
290 290 -0.013333
291 291 -0.146667
292 292 -0.200000
293 293 0.173333
294 294 -0.093333
295 295 0.013333
296 296 -0.173333
297 297 0.066667
298 298 0.173333
299 299 0.120000
300 300 0.093333
301 301 -0.066667
302 302 -0.013333
303 303 -0.146667
304 304 -0.040000
305 305 -0.040000
306 306 -0.120000
307 307 -0.120000
308 308 0.173333
309 309 0.093333
310 310 -0.066667
311 311 -0.013333
312 312 -0.093333
313 313 0.120000
314 314 -0.120000
315 315 -0.120000
316 316 0.013333
317 317 0.066667
318 318 0.093333
319 319 0.173333
320 320 -0.013333
321 321 0.013333
322 322 0.120000
323 323 -0.200000
324 324 0.200000
325 325 0.173333
326 326 0.066667
327 327 -0.040000
328 328 -0.146667
329 329 0.013333
330 330 0.173333
331 331 0.200000
332 332 0.200000
333 333 -0.120000
334 334 -0.120000
335 335 -0.173333
336 336 -0.200000
337 337 -0.146667
338 338 0.013333
339 339 0.013333
340 340 -0.120000
341 341 0.013333
342 342 0.066667
343 343 -0.093333
344 344 0.200000
345 345 0.066667
346 346 0.200000
347 347 -0.066667
348 348 0.013333
349 349 0.040000
350 350 0.040000
351 351 -0.093333
352 352 -0.120000
353 353 -0.120000
354 354 0.120000
355 355 -0.040000
356 356 0.120000
357 357 0.120000
358 358 0.093333
359 359 -0.120000
360 360 0.013333
361 361 0.146667
362 362 0.040000
363 363 -0.093333
364 364 0.146667
365 365 -0.040000
366 366 -0.146667
367 367 0.040000
368 368 0.120000
369 369 0.173333
370 370 -0.066667
371 371 0.200000
372 372 0.013333
373 373 0.200000
374 374 -0.093333
375 375 0.173333
376 376 -0.200000
377 377 0.120000
378 378 0.040000
379 379 0.200000
380 380 -0.066667
381 381 -0.120000
382 382 0.200000
383 383 0.146667
384 384 0.066667
385 385 -0.013333
386 386 -0.040000
387 387 -0.066667
388 388 0.146667
389 389 0.200000
390 390 0.066667
391 391 0.013333
392 392 0.013333
393 393 0.093333
394 394 -0.120000
395 395 -0.120000
396 396 -0.040000
397 397 -0.120000
398 398 -0.066667
399 399 0.120000
400 400 -0.120000
401 401 -0.173333
402 402 -0.120000
403 403 -0.093333
404 404 -0.173333
405 405 -0.173333
406 406 -0.093333
407 407 0.146667
408 408 0.146667
409 409 0.093333
410 410 0.093333
411 411 0.066667
412 412 -0.093333
413 413 0.173333
414 414 -0.120000
415 415 -0.146667
416 416 0.093333
417 417 -0.013333
418 418 -0.146667
419 419 0.013333
420 420 -0.146667
421 421 -0.120000
422 422 -0.066667
423 423 -0.093333
424 424 0.066667
425 425 -0.146667
426 426 -0.013333
427 427 -0.093333
428 428 0.066667
429 429 -0.173333
430 430 0.173333
431 431 0.066667
432 432 -0.146667
433 433 -0.093333
434 434 0.120000
435 435 -0.120000
436 436 -0.040000
437 437 0.200000
438 438 0.013333
439 439 0.120000
440 440 0.120000
441 441 0.146667
442 442 -0.146667
443 443 -0.120000
444 444 -0.066667
445 445 -0.173333
446 446 -0.173333
447 447 0.173333
448 448 0.093333
449 449 0.093333
450 450 0.200000
451 451 -0.200000
452 452 0.066667
453 453 -0.173333
454 454 0.066667
455 455 0.120000
456 456 -0.200000
457 457 -0.120000
458 458 0.173333
459 459 -0.093333
460 460 0.173333
461 461 0.066667
462 462 -0.013333
463 463 -0.066667
464 464 -0.200000
465 465 0.173333
466 466 -0.120000
467 467 -0.146667
468 468 -0.173333
469 469 -0.013333
470 470 0.093333
471 471 -0.040000
472 472 -0.120000
473 473 0.173333
474 474 0.013333
475 475 -0.093333
476 476 -0.120000
477 477 -0.066667
478 478 -0.146667
479 479 -0.066667
480 480 -0.120000
481 481 -0.013333
482 482 0.173333
483 483 -0.200000
484 484 -0.093333
485 485 -0.013333
486 486 0.013333
487 487 -0.013333
488 488 -0.066667
489 489 -0.013333
490 490 -0.066667
491 491 -0.093333
492 492 -0.173333
493 493 -0.093333
494 494 0.013333
495 495 0.120000
496 496 0.120000
497 497 0.173333
498 498 0.173333
499 499 0.093333
500 500 -0.120000
501 501 0.040000
502 502 0.066667
503 503 0.173333
504 504 0.040000
505 505 -0.120000
506 506 -0.120000
507 507 -0.173333
508 508 0.173333
509 509 -0.120000
510 510 0.146667
511 511 0.040000
512 512 -0.173333
1 5 1.000000
1 6 0.333333
1 7 -0.733333
1 8 0.466667
1 65 0.200000
2 5 -1.000000
2 6 -0.200000
2 7 0.466667
2 8 0.466667
2 66 0.466667
3 5 0.866667
3 6 0.200000
3 7 -0.466667
3 8 -0.466667
3 67 0.066667
4 5 0.866667
4 6 -0.066667
4 7 -0.200000
4 8 -1.000000
4 68 -0.866667
5 13 0.200000
6 14 0.200000
7 15 0.333333
8 16 -0.466667
9 13 0.600000
9 14 -0.733333
9 15 0.600000
9 16 0.866667
9 73 -1.000000
10 13 0.466667
10 14 0.333333
10 15 0.466667
10 16 1.000000
10 74 -4.333333
11 13 0.333333
11 14 1.000000
11 15 1.000000
11 16 -1.000000
11 75 1.000000
12 13 0.600000
12 14 -0.333333
12 15 0.066667
12 16 -0.600000
12 76 -1.000000
13 21 0.066667
14 22 0.466667
15 23 -1.000000
16 24 1.000000
17 21 -0.733333
17 22 1.000000
17 23 0.866667
17 24 -0.333333
17 81 0.866667
18 21 -0.600000
18 22 0.600000
18 23 -0.333333
18 24 0.733333
18 82 -0.866667
19 21 -0.866667
19 22 -0.733333
19 23 -1.000000
19 24 -0.466667
19 83 -0.200000
20 21 -0.200000
20 22 -0.466667
20 23 0.333333
20 24 -0.333333
20 84 -0.066667
21 29 2.333333
22 30 0.600000
23 31 0.333333
24 32 -0.333333
25 29 -0.200000
25 30 0.733333
25 31 -3.000000
25 32 -1.000000
25 89 -0.600000
26 29 -0.733333
26 30 0.066667
26 31 0.200000
26 32 0.066667
26 90 -0.066667
27 29 -0.733333
27 30 0.066667
27 31 0.866667
27 32 -0.333333
27 91 -1.000000
28 29 -0.066667
28 30 0.866667
28 31 0.333333
28 32 -0.066667
28 92 0.333333
29 37 1.000000
30 38 0.066667
31 39 0.333333
32 40 0.333333
33 37 1.000000
33 38 -0.600000
33 39 0.333333
33 40 0.600000
33 97 -2.333333
34 37 0.333333
34 38 0.600000
34 39 0.466667
34 40 -1.000000
34 98 0.333333
35 37 0.733333
35 38 -0.333333
35 39 0.600000
35 40 -0.600000
35 99 1.000000
36 37 -0.200000
36 38 0.466667
36 39 -0.066667
36 40 -0.866667
36 100 0.600000
37 45 -4.333333
38 46 -0.600000
39 47 0.066667
40 48 0.600000
41 45 -0.866667
41 46 0.866667
41 47 -0.333333
41 48 0.466667
41 105 -1.000000
42 45 0.866667
42 46 0.466667
42 47 0.866667
42 48 -0.066667
42 106 -0.333333
43 45 -0.333333
43 46 0.733333
43 47 0.066667
43 48 0.866667
43 107 0.066667
44 45 0.733333
44 46 -0.333333
44 47 -1.000000
44 48 -0.733333
44 108 0.600000
45 53 0.600000
46 54 0.333333
47 55 1.000000
48 56 -0.200000
49 53 -0.333333
49 54 -0.066667
49 55 0.866667
49 56 1.000000
49 113 -0.066667
50 53 0.333333
50 54 -0.866667
50 55 0.733333
50 56 0.066667
50 114 0.600000
51 53 0.333333
51 54 -0.200000
51 55 0.600000
51 56 -0.466667
51 115 -0.600000
52 53 -0.600000
52 54 0.733333
52 55 0.333333
52 56 -0.733333
52 116 -0.200000
53 61 0.733333
54 62 -0.066667
55 63 -0.600000
56 64 0.200000
57 61 0.200000
57 62 -0.066667
57 63 0.200000
57 64 0.200000
57 121 0.200000
58 61 0.333333
58 62 -0.066667
58 63 1.000000
58 64 0.333333
58 122 -0.066667
59 61 0.200000
59 62 3.666667
59 63 -0.733333
59 64 0.466667
59 123 -0.333333
60 61 0.866667
60 62 -0.600000
60 63 0.866667
60 64 -1.000000
60 124 0.600000
65 69 1.000000
65 70 0.733333
65 71 -0.600000
65 72 0.466667
65 129 0.333333
66 69 0.333333
66 70 0.066667
66 71 -0.466667
66 72 0.866667
66 130 0.333333
67 69 1.000000
67 70 2.333333
67 71 0.333333
67 72 0.200000
67 131 -0.733333
68 69 0.066667
68 70 -0.866667
68 71 3.666667
68 72 -0.600000
68 132 -0.733333
69 77 0.600000
70 78 0.066667
71 79 0.066667
72 80 -0.733333
73 77 2.333333
73 78 0.333333
73 79 -0.066667
73 80 0.733333
73 137 0.733333
74 77 0.600000
74 78 -0.333333
74 79 0.600000
74 80 -0.600000
74 138 0.333333
75 77 0.200000
75 78 -0.333333
75 79 -0.466667
75 80 0.200000
75 139 -0.066667
76 77 0.333333
76 78 -0.466667
76 79 0.866667
76 80 -0.466667
76 140 0.066667
77 85 4.333333
78 86 -0.866667
79 87 0.466667
80 88 0.466667
81 85 -0.200000
81 86 -0.333333
81 87 2.333333
81 88 -0.600000
81 145 0.200000
82 85 0.200000
82 86 0.333333
82 87 0.466667
82 88 -0.466667
82 146 -0.200000
83 85 0.200000
83 86 0.733333
83 87 -0.866667
83 88 0.466667
83 147 -0.466667
84 85 -0.733333
84 86 0.333333
84 87 -0.466667
84 88 -1.000000
84 148 0.600000
85 93 0.866667
86 94 0.733333
87 95 -0.466667
88 96 -0.866667
89 93 0.600000
89 94 -0.466667
89 95 -0.866667
89 96 -0.466667
89 153 0.600000
90 93 1.000000
90 94 -5.000000
90 95 0.600000
90 96 -0.066667
90 154 0.066667
91 93 0.066667
91 94 0.066667
91 95 -0.200000
91 96 0.733333
91 155 0.066667
92 93 0.200000
92 94 1.000000
92 95 -1.000000
92 96 0.200000
92 156 0.333333
93 101 0.600000
94 102 0.466667
95 103 -1.000000
96 104 1.666667
97 101 0.600000
97 102 0.600000
97 103 0.733333
97 104 -0.200000
97 161 -0.066667
98 101 0.466667
98 102 1.000000
98 103 -0.733333
98 104 -0.600000
98 162 -0.733333
99 101 0.466667
99 102 -1.000000
99 103 -0.466667
99 104 0.600000
99 163 -0.466667
100 101 -0.066667
100 102 -0.466667
100 103 -1.000000
100 104 -0.066667
100 164 0.466667
101 109 0.333333
102 110 -0.733333
103 111 0.466667
104 112 1.666667
105 109 0.866667
105 110 0.066667
105 111 1.000000
105 112 -0.600000
105 169 -0.600000
106 109 0.333333
106 110 -0.733333
106 111 -0.333333
106 112 -5.000000
106 170 0.600000
107 109 -0.333333
107 110 0.600000
107 111 -0.600000
107 112 0.066667
107 171 -0.200000
108 109 0.066667
108 110 -1.000000
108 111 0.866667
108 112 -1.000000
108 172 -0.733333
109 117 2.333333
110 118 -1.000000
111 119 0.866667
112 120 -0.600000
113 117 -5.000000
113 118 -1.000000
113 119 1.000000
113 120 -0.333333
113 177 1.000000
114 117 -1.000000
114 118 -0.866667
114 119 -0.200000
114 120 0.200000
114 178 0.466667
115 117 0.200000
115 118 0.600000
115 119 -0.066667
115 120 -0.066667
115 179 0.466667
116 117 -0.333333
116 118 -0.200000
116 119 0.600000
116 120 0.200000
116 180 -0.200000
117 125 5.000000
118 126 -0.066667
119 127 0.066667
120 128 0.200000
121 125 -0.333333
121 126 0.733333
121 127 -1.000000
121 128 -0.600000
121 185 0.066667
122 125 -0.600000
122 126 0.333333
122 127 0.333333
122 128 -0.066667
122 186 -1.000000
123 125 0.333333
123 126 -0.600000
123 127 0.866667
123 128 0.333333
123 187 -0.200000
124 125 -0.600000
124 126 -0.600000
124 127 0.466667
124 128 -0.066667
124 188 0.200000
129 133 0.600000
129 134 -0.733333
129 135 -0.333333
129 136 1.000000
129 193 -0.333333
130 133 -0.333333
130 134 1.000000
130 135 0.200000
130 136 0.733333
130 194 0.466667
131 133 -0.466667
131 134 -0.333333
131 135 1.000000
131 136 -0.066667
131 195 -0.600000
132 133 0.200000
132 134 0.466667
132 135 0.600000
132 136 0.066667
132 196 0.333333
133 141 0.866667
134 142 -0.866667
135 143 1.000000
136 144 -0.066667
137 141 -1.000000
137 142 -0.866667
137 143 0.733333
137 144 0.200000
137 201 0.466667
138 141 0.066667
138 142 -0.333333
138 143 -0.600000
138 144 -0.333333
138 202 -0.866667
139 141 -0.600000
139 142 -0.466667
139 143 0.200000
139 144 -0.066667
139 203 -1.000000
140 141 -0.466667
140 142 -0.333333
140 143 -0.066667
140 144 -0.066667
140 204 0.333333
141 149 0.200000
142 150 -0.733333
143 151 -0.866667
144 152 -0.866667
145 149 -0.600000
145 150 0.333333
145 151 -0.200000
145 152 0.466667
145 209 0.333333
146 149 -0.333333
146 150 0.733333
146 151 -0.333333
146 152 -1.000000
146 210 0.600000
147 149 -0.733333
147 150 2.333333
147 151 0.466667
147 152 0.466667
147 211 -0.866667
148 149 -1.000000
148 150 0.200000
148 151 -1.000000
148 152 -0.866667
148 212 0.333333
149 157 1.000000
150 158 5.000000
151 159 -0.733333
152 160 0.733333
153 157 0.866667
153 158 0.466667
153 159 -0.733333
153 160 0.866667
153 217 0.200000
154 157 -0.866667
154 158 1.000000
154 159 0.466667
154 160 -0.733333
154 218 -0.733333
155 157 0.466667
155 158 -0.066667
155 159 -1.000000
155 160 -1.000000
155 219 -1.000000
156 157 1.000000
156 158 0.466667
156 159 0.733333
156 160 -1.000000
156 220 -0.466667
157 165 -0.866667
158 166 0.466667
159 167 0.733333
160 168 1.000000
161 165 -0.600000
161 166 0.866667
161 167 0.333333
161 168 -0.333333
161 225 0.600000
162 165 0.866667
162 166 -0.066667
162 167 -0.333333
162 168 0.866667
162 226 -0.066667
163 165 0.733333
163 166 1.000000
163 167 0.733333
163 168 -1.000000
163 227 0.066667
164 165 3.666667
164 166 1.000000
164 167 1.000000
164 168 -0.066667
164 228 0.333333
165 173 0.866667
166 174 -3.000000
167 175 -1.000000
168 176 0.733333
169 173 0.466667
169 174 0.600000
169 175 0.066667
169 176 0.866667
169 233 0.866667
170 173 -0.466667
170 174 1.000000
170 175 1.000000
170 176 2.333333
170 234 0.866667
171 173 -1.000000
171 174 -0.066667
171 175 -0.733333
171 176 0.600000
171 235 0.066667
172 173 0.200000
172 174 -1.666667
172 175 -0.466667
172 176 0.333333
172 236 0.600000
173 181 -0.200000
174 182 -1.000000
175 183 -1.000000
176 184 -0.066667
177 181 1.000000
177 182 4.333333
177 183 -1.000000
177 184 0.333333
177 241 -2.333333
178 181 0.333333
178 182 -0.066667
178 183 4.333333
178 184 2.333333
178 242 -1.000000
179 181 -0.333333
179 182 4.333333
179 183 -4.333333
179 184 3.000000
179 243 -1.000000
180 181 0.200000
180 182 0.466667
180 183 -0.466667
180 184 0.200000
180 244 -0.200000
181 189 -0.333333
182 190 2.333333
183 191 4.333333
184 192 -0.333333
185 189 -3.666667
185 190 4.333333
185 191 -1.000000
185 192 1.000000
185 249 -2.333333
186 189 -1.000000
186 190 -3.000000
186 191 -5.000000
186 192 -0.866667
186 250 0.866667
187 189 3.666667
187 190 -0.200000
187 191 -0.866667
187 192 0.866667
187 251 1.000000
188 189 -1.000000
188 190 0.600000
188 191 1.666667
188 192 -3.666667
188 252 -0.866667
193 197 -0.066667
193 198 -0.733333
193 199 0.733333
193 200 -0.866667
193 257 0.866667
194 197 3.000000
194 198 0.733333
194 199 1.000000
194 200 -0.200000
194 258 -0.200000
195 197 -0.066667
195 198 0.733333
195 199 0.600000
195 200 0.200000
195 259 0.333333
196 197 0.066667
196 198 0.733333
196 199 0.866667
196 200 -0.600000
196 260 0.200000
197 205 -0.333333
198 206 0.600000
199 207 0.600000
200 208 0.466667
201 205 -5.000000
201 206 -0.333333
201 207 -0.466667
201 208 0.200000
201 265 0.200000
202 205 -0.066667
202 206 1.000000
202 207 0.733333
202 208 -1.000000
202 266 0.600000
203 205 -0.200000
203 206 -0.733333
203 207 0.333333
203 208 -0.733333
203 267 -0.200000
204 205 0.600000
204 206 0.466667
204 207 -0.866667
204 208 0.866667
204 268 -0.600000
205 213 0.333333
206 214 -0.866667
207 215 -0.600000
208 216 0.600000
209 213 -0.200000
209 214 -0.600000
209 215 -0.066667
209 216 -0.733333
209 273 0.866667
210 213 0.466667
210 214 1.000000
210 215 0.333333
210 216 0.466667
210 274 -0.466667
211 213 -0.733333
211 214 -0.600000
211 215 1.000000
211 216 0.066667
211 275 0.066667
212 213 0.200000
212 214 0.200000
212 215 0.600000
212 216 0.333333
212 276 -0.333333
213 221 0.466667
214 222 -1.000000
215 223 -0.333333
216 224 -0.600000
217 221 1.000000
217 222 -0.466667
217 223 -0.066667
217 224 -0.333333
217 281 0.333333
218 221 0.066667
218 222 0.866667
218 223 -0.066667
218 224 1.000000
218 282 0.200000
219 221 -0.733333
219 222 1.000000
219 223 0.600000
219 224 0.333333
219 283 0.066667
220 221 0.066667
220 222 0.333333
220 223 -0.066667
220 224 -0.333333
220 284 0.733333
221 229 -1.000000
222 230 -1.000000
223 231 1.000000
224 232 0.200000
225 229 0.066667
225 230 -0.200000
225 231 -0.733333
225 232 -0.466667
225 289 -0.466667
226 229 0.866667
226 230 0.466667
226 231 -0.066667
226 232 0.600000
226 290 0.466667
227 229 0.333333
227 230 -0.466667
227 231 -0.600000
227 232 0.466667
227 291 0.866667
228 229 -0.866667
228 230 -0.600000
228 231 -1.000000
228 232 0.200000
228 292 0.066667
229 237 -0.066667
230 238 0.733333
231 239 -0.333333
232 240 -0.066667
233 237 0.600000
233 238 0.066667
233 239 0.866667
233 240 1.000000
233 297 -2.333333
234 237 0.733333
234 238 0.600000
234 239 -0.200000
234 240 -0.733333
234 298 -0.733333
235 237 1.000000
235 238 0.066667
235 239 -1.000000
235 240 -0.200000
235 299 -3.000000
236 237 -0.200000
236 238 0.733333
236 239 0.200000
236 240 0.466667
236 300 -3.666667
237 245 1.666667
238 246 0.200000
239 247 0.866667
240 248 0.733333
241 245 0.600000
241 246 0.600000
241 247 -0.066667
241 248 0.600000
241 305 0.333333
242 245 4.333333
242 246 -0.333333
242 247 0.200000
242 248 0.333333
242 306 0.866667
243 245 -0.866667
243 246 3.666667
243 247 0.333333
243 248 0.200000
243 307 0.866667
244 245 0.733333
244 246 -1.000000
244 247 -1.000000
244 248 0.866667
244 308 4.333333
245 253 0.333333
246 254 0.066667
247 255 0.600000
248 256 -0.200000
249 253 0.200000
249 254 -0.600000
249 255 3.000000
249 256 0.733333
249 313 0.466667
250 253 -0.066667
250 254 0.333333
250 255 -1.666667
250 256 -1.666667
250 314 -0.333333
251 253 0.733333
251 254 -0.066667
251 255 -0.066667
251 256 1.000000
251 315 -0.866667
252 253 -0.866667
252 254 3.666667
252 255 0.466667
252 256 0.600000
252 316 0.866667
257 261 3.666667
257 262 5.000000
257 263 -0.333333
257 264 -0.733333
257 321 1.000000
258 261 2.333333
258 262 -0.466667
258 263 -0.466667
258 264 -1.000000
258 322 0.733333
259 261 -2.333333
259 262 0.866667
259 263 0.600000
259 264 0.600000
259 323 -0.600000
260 261 0.866667
260 262 -0.066667
260 263 0.600000
260 264 -0.466667
260 324 0.333333
261 269 -0.866667
262 270 -0.200000
263 271 0.733333
264 272 -1.000000
265 269 1.000000
265 270 -3.000000
265 271 -0.333333
265 272 -0.600000
265 329 -4.333333
266 269 -0.466667
266 270 1.666667
266 271 0.333333
266 272 0.333333
266 330 -1.000000
267 269 -0.600000
267 270 0.866667
267 271 0.600000
267 272 1.000000
267 331 -5.000000
268 269 4.333333
268 270 -4.333333
268 271 0.333333
268 272 -0.600000
268 332 -1.666667
269 277 -0.333333
270 278 -4.333333
271 279 0.466667
272 280 0.333333
273 277 -1.000000
273 278 -2.333333
273 279 -0.466667
273 280 -0.466667
273 337 3.666667
274 277 -0.733333
274 278 -0.333333
274 279 0.066667
274 280 0.066667
274 338 0.066667
275 277 1.000000
275 278 0.333333
275 279 -0.733333
275 280 -0.600000
275 339 -1.000000
276 277 1.000000
276 278 0.200000
276 279 -0.066667
276 280 -1.000000
276 340 0.066667
277 285 -0.466667
278 286 0.866667
279 287 -0.466667
280 288 -0.333333
281 285 0.600000
281 286 -0.066667
281 287 0.333333
281 288 0.333333
281 345 -0.066667
282 285 0.600000
282 286 1.000000
282 287 1.000000
282 288 0.733333
282 346 -0.600000
283 285 -1.000000
283 286 -0.600000
283 287 -0.333333
283 288 -1.000000
283 347 -0.733333
284 285 0.733333
284 286 0.066667
284 287 0.200000
284 288 -1.000000
284 348 1.000000
285 293 0.733333
286 294 -0.466667
287 295 0.466667
288 296 0.600000
289 293 -0.200000
289 294 0.466667
289 295 1.000000
289 296 0.066667
289 353 -0.866667
290 293 0.733333
290 294 0.733333
290 295 -0.600000
290 296 1.000000
290 354 0.200000
291 293 -0.333333
291 294 1.000000
291 295 -0.733333
291 296 -0.200000
291 355 0.733333
292 293 -0.866667
292 294 0.600000
292 295 -0.600000
292 296 3.000000
292 356 -1.000000
293 301 -0.333333
294 302 -0.066667
295 303 0.333333
296 304 0.733333
297 301 0.600000
297 302 -0.200000
297 303 -0.733333
297 304 -0.733333
297 361 1.000000
298 301 -0.333333
298 302 -0.200000
298 303 0.066667
298 304 -0.333333
298 362 0.066667
299 301 0.066667
299 302 -0.866667
299 303 -0.066667
299 304 0.866667
299 363 -0.333333
300 301 -0.200000
300 302 4.333333
300 303 0.466667
300 304 0.866667
300 364 1.000000
301 309 3.000000
302 310 0.200000
303 311 0.333333
304 312 0.066667
305 309 -2.333333
305 310 -1.000000
305 311 -0.066667
305 312 -0.733333
305 369 -4.333333
306 309 0.466667
306 310 -0.600000
306 311 0.600000
306 312 -3.000000
306 370 -3.000000
307 309 0.333333
307 310 -3.666667
307 311 -1.000000
307 312 0.066667
307 371 -0.866667
308 309 -2.333333
308 310 0.866667
308 311 -0.066667
308 312 -2.333333
308 372 -5.000000
309 317 -1.000000
310 318 0.733333
311 319 -0.466667
312 320 -0.333333
313 317 -0.200000
313 318 1.000000
313 319 -0.333333
313 320 0.866667
313 377 0.866667
314 317 -0.600000
314 318 1.000000
314 319 0.200000
314 320 4.333333
314 378 -1.000000
315 317 -0.733333
315 318 -1.000000
315 319 0.200000
315 320 -0.466667
315 379 -0.066667
316 317 -3.666667
316 318 0.866667
316 319 0.866667
316 320 2.333333
316 380 -1.000000
321 325 -0.733333
321 326 0.066667
321 327 1.000000
321 328 0.600000
321 385 -3.000000
322 325 0.466667
322 326 -0.333333
322 327 -0.733333
322 328 1.000000
322 386 -0.866667
323 325 1.666667
323 326 -0.866667
323 327 0.733333
323 328 -0.866667
323 387 0.200000
324 325 -0.333333
324 326 0.733333
324 327 -0.866667
324 328 -0.466667
324 388 -0.200000
325 333 0.333333
326 334 0.066667
327 335 -0.200000
328 336 -1.000000
329 333 -0.733333
329 334 -0.066667
329 335 0.466667
329 336 0.466667
329 393 0.466667
330 333 0.600000
330 334 0.333333
330 335 0.600000
330 336 -1.666667
330 394 0.466667
331 333 0.600000
331 334 -0.466667
331 335 -0.733333
331 336 -4.333333
331 395 0.733333
332 333 -0.466667
332 334 0.333333
332 335 0.466667
332 336 -0.733333
332 396 -0.333333
333 341 0.066667
334 342 0.333333
335 343 -0.600000
336 344 -0.733333
337 341 0.200000
337 342 -0.333333
337 343 0.466667
337 344 -0.600000
337 401 0.733333
338 341 0.466667
338 342 -0.600000
338 343 -0.600000
338 344 -0.066667
338 402 -1.000000
339 341 0.866667
339 342 -1.000000
339 343 -0.733333
339 344 0.600000
339 403 -0.600000
340 341 -1.000000
340 342 -0.466667
340 343 -0.200000
340 344 0.600000
340 404 0.466667
341 349 -0.066667
342 350 -0.866667
343 351 -0.333333
344 352 -0.600000
345 349 0.333333
345 350 -0.200000
345 351 -0.733333
345 352 -0.600000
345 409 0.733333
346 349 -0.333333
346 350 0.733333
346 351 0.600000
346 352 -0.866667
346 410 -0.733333
347 349 1.000000
347 350 -0.066667
347 351 -0.200000
347 352 -0.866667
347 411 1.000000
348 349 0.200000
348 350 0.866667
348 351 0.066667
348 352 -0.733333
348 412 -0.733333
349 357 -2.333333
350 358 0.866667
351 359 0.866667
352 360 0.600000
353 357 -0.333333
353 358 -0.466667
353 359 -3.666667
353 360 0.733333
353 417 -3.666667
354 357 0.466667
354 358 1.000000
354 359 -0.333333
354 360 0.066667
354 418 -3.000000
355 357 0.466667
355 358 -0.866667
355 359 1.000000
355 360 0.200000
355 419 -0.333333
356 357 -0.333333
356 358 -0.200000
356 359 -3.000000
356 360 -0.466667
356 420 0.066667
357 365 0.200000
358 366 0.066667
359 367 2.333333
360 368 -1.000000
361 365 0.866667
361 366 0.866667
361 367 -0.600000
361 368 0.600000
361 425 -1.000000
362 365 -0.733333
362 366 -0.333333
362 367 -2.333333
362 368 1.666667
362 426 0.733333
363 365 0.866667
363 366 -0.733333
363 367 0.200000
363 368 -0.200000
363 427 1.000000
364 365 -0.733333
364 366 -0.200000
364 367 -0.866667
364 368 0.200000
364 428 0.466667
365 373 -0.733333
366 374 -0.066667
367 375 2.333333
368 376 -0.333333
369 373 -0.600000
369 374 -0.600000
369 375 -1.000000
369 376 0.333333
369 433 0.200000
370 373 -0.466667
370 374 0.200000
370 375 0.066667
370 376 -3.666667
370 434 -0.333333
371 373 -0.466667
371 374 1.000000
371 375 -0.733333
371 376 -0.866667
371 435 1.000000
372 373 -0.600000
372 374 -0.733333
372 375 1.666667
372 376 -1.000000
372 436 -0.733333
373 381 0.200000
374 382 0.066667
375 383 -0.600000
376 384 -0.200000
377 381 1.000000
377 382 0.600000
377 383 1.000000
377 384 0.466667
377 441 0.066667
378 381 -0.466667
378 382 -0.066667
378 383 -0.466667
378 384 0.333333
378 442 0.866667
379 381 -0.333333
379 382 -0.600000
379 383 0.600000
379 384 3.666667
379 443 4.333333
380 381 -1.000000
380 382 -0.466667
380 383 -0.200000
380 384 -3.000000
380 444 -0.600000
385 389 -0.733333
385 390 0.733333
385 391 3.000000
385 392 -0.600000
385 449 -0.733333
386 389 -0.066667
386 390 -0.600000
386 391 -0.600000
386 392 -1.000000
386 450 -0.600000
387 389 0.733333
387 390 0.866667
387 391 -3.000000
387 392 2.333333
387 451 -0.466667
388 389 0.866667
388 390 0.600000
388 391 -0.866667
388 392 -0.600000
388 452 -5.000000
389 397 0.866667
390 398 0.066667
391 399 -0.333333
392 400 0.600000
393 397 0.466667
393 398 -0.866667
393 399 -0.066667
393 400 0.866667
393 457 0.333333
394 397 -0.600000
394 398 -0.066667
394 399 0.600000
394 400 0.200000
394 458 -0.600000
395 397 -0.066667
395 398 -0.600000
395 399 1.000000
395 400 -0.866667
395 459 0.733333
396 397 0.333333
396 398 0.733333
396 399 -0.066667
396 400 -0.600000
396 460 0.466667
397 405 -0.600000
398 406 0.466667
399 407 0.333333
400 408 -0.733333
401 405 -0.866667
401 406 -0.866667
401 407 0.333333
401 408 -0.866667
401 465 0.600000
402 405 -0.866667
402 406 -0.200000
402 407 0.866667
402 408 -0.466667
402 466 0.866667
403 405 1.000000
403 406 -0.333333
403 407 0.600000
403 408 1.000000
403 467 -1.666667
404 405 0.866667
404 406 -0.333333
404 407 -0.600000
404 408 -0.066667
404 468 1.000000
405 413 -0.200000
406 414 -0.466667
407 415 0.866667
408 416 0.200000
409 413 -0.733333
409 414 -0.200000
409 415 0.600000
409 416 -1.000000
409 473 -1.000000
410 413 -0.200000
410 414 -0.200000
410 415 1.000000
410 416 -0.600000
410 474 -1.000000
411 413 0.066667
411 414 -0.733333
411 415 0.333333
411 416 0.200000
411 475 -0.200000
412 413 1.000000
412 414 0.333333
412 415 0.600000
412 416 -0.733333
412 476 0.866667
413 421 1.000000
414 422 -0.600000
415 423 0.466667
416 424 -0.200000
417 421 0.600000
417 422 -0.466667
417 423 0.600000
417 424 -0.333333
417 481 -4.333333
418 421 0.200000
418 422 -0.600000
418 423 -0.466667
418 424 1.000000
418 482 2.333333
419 421 -0.200000
419 422 0.600000
419 423 0.600000
419 424 0.466667
419 483 -0.466667
420 421 -0.866667
420 422 -0.466667
420 423 0.866667
420 424 0.600000
420 484 -0.600000
421 429 -0.466667
422 430 -0.333333
423 431 0.200000
424 432 -2.333333
425 429 0.200000
425 430 0.866667
425 431 -0.066667
425 432 0.600000
425 489 -0.333333
426 429 1.000000
426 430 0.066667
426 431 -0.333333
426 432 -1.000000
426 490 0.733333
427 429 -0.866667
427 430 -1.000000
427 431 0.333333
427 432 -1.666667
427 491 0.733333
428 429 -0.333333
428 430 -0.600000
428 431 -0.066667
428 432 -0.866667
428 492 -0.733333
429 437 0.600000
430 438 0.866667
431 439 -0.066667
432 440 -0.733333
433 437 0.600000
433 438 -1.000000
433 439 1.000000
433 440 -0.333333
433 497 0.866667
434 437 0.333333
434 438 0.200000
434 439 -0.466667
434 440 0.866667
434 498 -0.200000
435 437 -0.733333
435 438 -1.000000
435 439 -0.733333
435 440 -1.000000
435 499 -0.866667
436 437 0.600000
436 438 -0.466667
436 439 -0.333333
436 440 0.600000
436 500 0.066667
437 445 -0.066667
438 446 -0.600000
439 447 0.466667
440 448 -0.866667
441 445 0.066667
441 446 0.333333
441 447 -0.333333
441 448 -0.866667
441 505 0.466667
442 445 1.000000
442 446 -0.066667
442 447 -0.333333
442 448 1.000000
442 506 -0.066667
443 445 0.733333
443 446 -0.866667
443 447 1.666667
443 448 -0.466667
443 507 0.333333
444 445 0.600000
444 446 0.733333
444 447 1.000000
444 448 0.733333
444 508 0.600000
449 453 -0.866667
449 454 -1.000000
449 455 -0.333333
449 456 -0.600000
450 453 -0.333333
450 454 -0.466667
450 455 0.333333
450 456 -0.600000
451 453 -0.066667
451 454 -0.066667
451 455 0.866667
451 456 -0.600000
452 453 0.600000
452 454 0.200000
452 455 -1.000000
452 456 0.200000
453 461 -0.600000
454 462 -0.333333
455 463 -0.866667
456 464 -0.733333
457 461 0.333333
457 462 -0.333333
457 463 0.466667
457 464 -0.600000
458 461 -0.600000
458 462 1.000000
458 463 0.066667
458 464 1.000000
459 461 0.600000
459 462 -0.200000
459 463 -1.000000
459 464 0.066667
460 461 0.066667
460 462 0.066667
460 463 -0.466667
460 464 0.733333
461 469 -0.600000
462 470 -0.733333
463 471 -1.000000
464 472 -0.333333
465 469 -0.333333
465 470 -0.866667
465 471 -0.333333
465 472 -3.666667
466 469 0.733333
466 470 0.333333
466 471 -0.733333
466 472 -5.000000
467 469 -1.000000
467 470 -0.600000
467 471 4.333333
467 472 -4.333333
468 469 -0.333333
468 470 -0.866667
468 471 1.000000
468 472 0.866667
469 477 0.866667
470 478 -0.333333
471 479 -0.333333
472 480 -0.200000
473 477 -0.333333
473 478 -0.466667
473 479 0.066667
473 480 -0.066667
474 477 -0.466667
474 478 -0.866667
474 479 -0.333333
474 480 0.733333
475 477 0.600000
475 478 0.600000
475 479 -1.000000
475 480 -0.600000
476 477 0.333333
476 478 -0.600000
476 479 0.466667
476 480 0.733333
477 485 -0.733333
478 486 0.466667
479 487 -1.000000
480 488 0.466667
481 485 -0.466667
481 486 2.333333
481 487 -1.666667
481 488 -0.466667
482 485 0.066667
482 486 1.000000
482 487 -1.000000
482 488 -0.200000
483 485 0.466667
483 486 -0.066667
483 487 0.333333
483 488 0.333333
484 485 -1.000000
484 486 -0.066667
484 487 0.866667
484 488 0.333333
485 493 -0.466667
486 494 -0.066667
487 495 0.200000
488 496 0.333333
489 493 1.000000
489 494 -0.733333
489 495 0.600000
489 496 -0.866667
490 493 0.733333
490 494 -1.000000
490 495 0.466667
490 496 1.000000
491 493 -1.000000
491 494 -0.066667
491 495 0.466667
491 496 -0.600000
492 493 -0.066667
492 494 0.200000
492 495 0.466667
492 496 -0.466667
493 501 1.000000
494 502 0.466667
495 503 0.333333
496 504 0.066667
497 501 1.000000
497 502 0.866667
497 503 -0.600000
497 504 0.066667
498 501 3.000000
498 502 0.866667
498 503 0.333333
498 504 -0.333333
499 501 -1.000000
499 502 -0.600000
499 503 0.600000
499 504 -0.066667
500 501 -0.200000
500 502 0.333333
500 503 -0.866667
500 504 -0.866667
501 509 -1.000000
502 510 -0.600000
503 511 -0.200000
504 512 0.600000
505 509 -0.200000
505 510 0.866667
505 511 -1.000000
505 512 1.666667
506 509 -0.866667
506 510 -0.200000
506 511 -0.466667
506 512 2.333333
507 509 -0.866667
507 510 0.066667
507 511 -1.000000
507 512 1.000000
508 509 -0.466667
508 510 -0.866667
508 511 1.000000
508 512 -0.866667