#
1 1 -0.120000
2 2 0.120000
3 3 -0.173333
4 4 0.200000
5 5 0.200000
6 6 -0.066667
7 7 -0.013333
8 8 -0.120000
9 9 -0.040000
10 10 -0.146667
11 11 -0.040000
12 12 -0.200000
13 13 -0.146667
14 14 0.093333
15 15 -0.200000
16 16 0.093333
17 17 -0.120000
18 18 0.200000
19 19 -0.066667
20 20 0.093333
21 21 -0.146667
22 22 0.120000
23 23 -0.173333
24 24 0.120000
25 25 0.093333
26 26 -0.066667
27 27 -0.146667
28 28 -0.066667
29 29 -0.200000
30 30 0.066667
31 31 -0.066667
32 32 0.146667
33 33 0.120000
34 34 -0.013333
35 35 -0.173333
36 36 0.200000
37 37 -0.173333
38 38 0.040000
39 39 -0.013333
40 40 0.066667
41 41 -0.013333
42 42 0.066667
43 43 0.200000
44 44 -0.146667
45 45 0.146667
46 46 -0.093333
47 47 -0.093333
48 48 -0.040000
49 49 -0.200000
50 50 -0.173333
51 51 -0.093333
52 52 -0.013333
53 53 -0.013333
54 54 -0.200000
55 55 0.093333
56 56 -0.200000
57 57 -0.040000
58 58 0.146667
59 59 0.066667
60 60 0.013333
61 61 0.146667
62 62 -0.013333
63 63 -0.200000
64 64 -0.040000
65 65 -0.146667
66 66 -0.066667
67 67 0.093333
68 68 0.066667
69 69 0.040000
70 70 0.040000
71 71 -0.040000
72 72 -0.066667
73 73 0.146667
74 74 -0.120000
75 75 0.093333
76 76 0.120000
77 77 -0.120000
78 78 0.146667
79 79 0.200000
80 80 0.146667
81 81 0.146667
82 82 0.120000
83 83 0.040000
84 84 0.120000
85 85 -0.146667
86 86 0.040000
87 87 0.173333
88 88 -0.040000
89 89 0.013333
90 90 -0.146667
91 91 0.093333
92 92 0.120000
93 93 0.173333
94 94 -0.200000
95 95 0.040000
96 96 0.146667
97 97 0.013333
98 98 -0.120000
99 99 -0.173333
100 100 -0.040000
101 101 0.013333
102 102 -0.040000
103 103 0.146667
104 104 0.066667
105 105 0.173333
106 106 -0.013333
107 107 0.093333
108 108 0.146667
109 109 0.013333
110 110 -0.040000
111 111 0.120000
112 112 -0.066667
113 113 0.146667
114 114 -0.066667
115 115 -0.066667
116 116 -0.120000
117 117 0.200000
118 118 0.093333
119 119 -0.040000
120 120 -0.173333
121 121 -0.040000
122 122 0.013333
123 123 0.200000
124 124 0.146667
125 125 0.200000
126 126 -0.173333
127 127 0.200000
128 128 -0.066667
129 129 0.173333
130 130 0.146667
131 131 -0.120000
132 132 0.173333
133 133 -0.093333
134 134 0.013333
135 135 -0.013333
136 136 0.120000
137 137 0.013333
138 138 -0.120000
139 139 0.093333
140 140 0.040000
141 141 -0.120000
142 142 -0.013333
143 143 -0.146667
144 144 0.093333
145 145 -0.066667
146 146 0.173333
147 147 -0.200000
148 148 -0.093333
149 149 0.013333
150 150 0.173333
151 151 -0.040000
152 152 0.200000
153 153 -0.120000
154 154 -0.146667
155 155 0.066667
156 156 0.173333
157 157 0.173333
158 158 0.173333
159 159 0.040000
160 160 -0.093333
161 161 -0.013333
162 162 0.173333
163 163 -0.173333
164 164 -0.173333
165 165 -0.173333
166 166 0.146667
167 167 -0.120000
168 168 0.200000
169 169 0.013333
170 170 -0.066667
171 171 -0.200000
172 172 -0.146667
173 173 0.093333
174 174 -0.120000
175 175 -0.146667
176 176 0.093333
177 177 0.093333
178 178 0.013333
179 179 -0.200000
180 180 0.200000
181 181 -0.120000
182 182 0.013333
183 183 -0.040000
184 184 -0.173333
185 185 -0.173333
186 186 0.093333
187 187 -0.013333
188 188 -0.040000
189 189 -0.173333
190 190 0.173333
191 191 -0.093333
192 192 0.146667
193 193 -0.040000
194 194 0.066667
195 195 0.093333
196 196 -0.146667
197 197 0.146667
198 198 0.013333
199 199 0.146667
200 200 -0.066667
201 201 -0.093333
202 202 -0.040000
203 203 0.013333
204 204 -0.040000
205 205 0.093333
206 206 0.200000
207 207 0.200000
208 208 -0.146667
209 209 -0.200000
210 210 0.093333
211 211 -0.093333
212 212 -0.066667
213 213 -0.173333
214 214 0.120000
215 215 -0.093333
216 216 -0.173333
217 217 -0.146667
218 218 -0.200000
219 219 0.146667
220 220 0.040000
221 221 -0.013333
222 222 -0.066667
223 223 -0.066667
224 224 0.120000
225 225 -0.120000
226 226 -0.013333
227 227 0.013333
228 228 0.120000
229 229 0.066667
230 230 0.093333
231 231 -0.066667
232 232 0.013333
233 233 -0.146667
234 234 -0.066667
235 235 0.040000
236 236 -0.200000
237 237 0.120000
238 238 0.013333
239 239 -0.120000
240 240 -0.146667
241 241 -0.093333
242 242 0.146667
243 243 -0.040000
244 244 0.120000
245 245 0.066667
246 246 0.200000
247 247 0.120000
248 248 0.093333
249 249 -0.013333
250 250 0.013333
251 251 -0.040000
252 252 -0.013333
253 253 0.173333
254 254 0.066667
255 255 -0.146667
256 256 0.200000
257 257 0.066667
258 258 0.013333
259 259 -0.146667
260 260 0.013333
261 261 -0.200000
262 262 -0.146667
263 263 0.146667
264 264 -0.013333
265 265 0.173333
266 266 -0.173333
267 267 0.066667
268 268 0.200000
269 269 0.146667
270 270 -0.040000
271 271 -0.040000
272 272 0.146667
273 273 -0.066667
274 274 0.093333
275 275 -0.093333
276 276 0.066667
277 277 0.040000
278 278 0.066667
279 279 -0.093333
280 280 0.093333
281 281 0.200000
282 282 0.120000
283 283 0.040000
284 284 0.200000
285 285 -0.013333
286 286 -0.013333
287 287 0.066667
288 288 -0.146667
289 289 -0.146667
290 290 -0.173333
291 291 -0.013333
292 292 -0.173333
293 293 -0.066667
294 294 -0.173333
295 295 0.120000
296 296 0.066667
297 297 -0.013333
298 298 0.200000
299 299 -0.093333
300 300 0.013333
301 301 0.200000
302 302 -0.066667
303 303 -0.040000
304 304 0.146667
305 305 0.093333
306 306 0.120000
307 307 0.013333
308 308 0.146667
309 309 0.040000
310 310 -0.146667
311 311 -0.093333
312 312 -0.040000
313 313 -0.146667
314 314 0.200000
315 315 -0.093333
316 316 0.200000
317 317 -0.040000
318 318 0.066667
319 319 0.040000
320 320 -0.146667
321 321 0.066667
322 322 0.146667
323 323 0.013333
324 324 0.066667
325 325 -0.013333
326 326 -0.040000
327 327 -0.200000
328 328 0.040000
329 329 0.040000
330 330 -0.173333
331 331 -0.173333
332 332 0.066667
333 333 -0.066667
334 334 0.120000
335 335 -0.173333
336 336 0.040000
337 337 0.013333
338 338 -0.173333
339 339 -0.093333
340 340 0.040000
341 341 0.066667
342 342 -0.120000
343 343 -0.146667
344 344 -0.173333
345 345 -0.146667
346 346 0.173333
347 347 0.040000
348 348 -0.040000
349 349 0.013333
350 350 -0.093333
351 351 0.146667
352 352 0.093333
353 353 0.013333
354 354 0.066667
355 355 -0.120000
356 356 -0.200000
357 357 0.066667
358 358 -0.040000
359 359 -0.066667
360 360 -0.093333
361 361 -0.200000
362 362 0.066667
363 363 0.066667
364 364 0.093333
365 365 -0.173333
366 366 0.173333
367 367 0.200000
368 368 -0.093333
369 369 0.146667
370 370 0.200000
371 371 0.093333
372 372 -0.146667
373 373 -0.040000
374 374 0.120000
375 375 0.013333
376 376 0.173333
377 377 -0.120000
378 378 -0.200000
379 379 0.066667
380 380 0.173333
381 381 -0.200000
382 382 0.173333
383 383 -0.093333
384 384 0.173333
385 385 0.066667
386 386 -0.040000
387 387 0.173333
388 388 0.013333
389 389 0.146667
390 390 0.066667
391 391 -0.093333
392 392 0.120000
393 393 0.146667
394 394 -0.093333
395 395 0.013333
396 396 -0.200000
397 397 -0.040000
398 398 -0.093333
399 399 -0.040000
400 400 0.040000
401 401 0.173333
402 402 -0.040000
403 403 0.200000
404 404 -0.146667
405 405 0.200000
406 406 0.200000
407 407 -0.093333
408 408 -0.013333
409 409 0.173333
410 410 0.040000
411 411 -0.040000
412 412 0.146667
413 413 0.120000
414 414 -0.040000
415 415 0.173333
416 416 -0.093333
417 417 -0.066667
418 418 0.066667
419 419 -0.173333
420 420 -0.040000
421 421 0.040000
422 422 0.013333
423 423 -0.013333
424 424 0.146667
425 425 0.173333
426 426 0.013333
427 427 0.173333
428 428 -0.093333
429 429 -0.093333
430 430 -0.173333
431 431 -0.093333
432 432 0.093333
433 433 0.146667
434 434 -0.040000
435 435 0.173333
436 436 -0.040000
437 437 0.040000
438 438 -0.146667
439 439 0.093333
440 440 -0.173333
441 441 0.146667
442 442 0.040000
443 443 -0.066667
444 444 -0.066667
445 445 -0.013333
446 446 -0.200000
447 447 0.200000
448 448 0.093333
449 449 0.093333
450 450 0.013333
451 451 -0.120000
452 452 0.200000
453 453 -0.040000
454 454 -0.120000
455 455 -0.200000
456 456 -0.146667
457 457 -0.200000
458 458 0.040000
459 459 -0.146667
460 460 0.146667
461 461 -0.066667
462 462 -0.146667
463 463 0.093333
464 464 -0.173333
465 465 0.173333
466 466 -0.093333
467 467 -0.200000
468 468 -0.093333
469 469 -0.066667
470 470 0.120000
471 471 -0.146667
472 472 0.066667
473 473 -0.173333
474 474 0.200000
475 475 0.013333
476 476 0.146667
477 477 -0.093333
478 478 0.120000
479 479 -0.013333
480 480 -0.146667
481 481 0.200000
482 482 -0.120000
483 483 0.200000
484 484 -0.173333
485 485 -0.120000
486 486 0.013333
487 487 0.093333
488 488 -0.066667
489 489 0.200000
490 490 0.200000
491 491 -0.146667
492 492 -0.146667
493 493 0.093333
494 494 0.120000
495 495 0.040000
496 496 -0.120000
497 497 0.013333
498 498 -0.013333
499 499 0.013333
500 500 0.093333
501 501 0.040000
502 502 -0.040000
503 503 0.013333
504 504 -0.146667
505 505 -0.066667
506 506 0.120000
507 507 0.120000
508 508 -0.173333
509 509 -0.066667
510 510 -0.200000
511 511 -0.120000
512 512 -0.093333
1 5 0.333333
1 6 -0.600000
1 7 -1.000000
1 8 -0.733333
1 65 0.866667
2 5 -0.600000
2 6 0.600000
2 7 -0.466667
2 8 0.466667
2 66 0.200000
3 5 -0.200000
3 6 1.000000
3 7 -0.333333
3 8 0.866667
3 67 -0.600000
4 5 -0.600000
4 6 0.733333
4 7 0.333333
4 8 -0.600000
4 68 0.200000
5 13 0.733333
6 14 1.000000
7 15 1.000000
8 16 -0.466667
9 13 0.600000
9 14 0.466667
9 15 0.200000
9 16 -0.066667
9 73 0.333333
10 13 0.200000
10 14 1.000000
10 15 -3.666667
10 16 0.333333
10 74 -0.733333
11 13 1.000000
11 14 -1.666667
11 15 0.600000
11 16 -0.200000
11 75 -0.333333
12 13 -0.733333
12 14 -0.200000
12 15 0.600000
12 16 -0.866667
12 76 0.466667
13 21 0.466667
14 22 1.000000
15 23 0.733333
16 24 -0.466667
17 21 0.466667
17 22 0.466667
17 23 -0.600000
17 24 -0.333333
17 81 -0.600000
18 21 -0.333333
18 22 0.733333
18 23 0.333333
18 24 -0.866667
18 82 0.600000
19 21 -0.733333
19 22 0.866667
19 23 0.066667
19 24 0.200000
19 83 0.866667
20 21 -1.000000
20 22 0.333333
20 23 -0.600000
20 24 0.733333
20 84 0.733333
21 29 -0.733333
22 30 0.066667
23 31 -0.600000
24 32 0.333333
25 29 -0.466667
25 30 -0.600000
25 31 -1.000000
25 32 0.200000
25 89 0.066667
26 29 0.866667
26 30 1.000000
26 31 1.000000
26 32 -0.600000
26 90 -0.600000
27 29 0.466667
27 30 -0.466667
27 31 -1.000000
27 32 0.066667
27 91 0.600000
28 29 0.866667
28 30 -0.333333
28 31 -0.066667
28 32 -0.733333
28 92 -4.333333
29 37 -0.733333
30 38 0.200000
31 39 -0.866667
32 40 -0.200000
33 37 -0.066667
33 38 0.733333
33 39 0.333333
33 40 1.000000
33 97 -0.733333
34 37 -0.066667
34 38 0.866667
34 39 0.600000
34 40 -0.333333
34 98 0.866667
35 37 -0.466667
35 38 -4.333333
35 39 -0.200000
35 40 0.866667
35 99 -0.866667
36 37 -0.066667
36 38 -0.466667
36 39 -0.466667
36 40 -0.866667
36 100 -0.200000
37 45 0.466667
38 46 -3.000000
39 47 -0.333333
40 48 0.733333
41 45 -3.666667
41 46 0.200000
41 47 -0.600000
41 48 0.333333
41 105 -0.466667
42 45 0.733333
42 46 -0.733333
42 47 -0.066667
42 48 -0.866667
42 106 -0.733333
43 45 0.333333
43 46 -0.333333
43 47 0.200000
43 48 -0.333333
43 107 0.333333
44 45 0.600000
44 46 0.866667
44 47 -0.333333
44 48 -0.333333
44 108 -0.333333
45 53 0.066667
46 54 -0.866667
47 55 -0.866667
48 56 0.600000
49 53 0.733333
49 54 0.333333
49 55 0.600000
49 56 0.200000
49 113 -1.000000
50 53 -0.333333
50 54 0.466667
50 55 -1.666667
50 56 0.466667
50 114 -0.733333
51 53 -0.600000
51 54 -0.466667
51 55 -0.200000
51 56 -0.066667
51 115 -0.733333
52 53 -1.000000
52 54 0.200000
52 55 0.600000
52 56 -0.466667
52 116 0.733333
53 61 -0.200000
54 62 0.200000
55 63 -0.866667
56 64 -0.866667
57 61 0.066667
57 62 -0.200000
57 63 0.733333
57 64 -0.333333
57 121 0.600000
58 61 1.666667
58 62 0.200000
58 63 -0.200000
58 64 0.333333
58 122 0.600000
59 61 -2.333333
59 62 -0.600000
59 63 -4.333333
59 64 1.000000
59 123 0.866667
60 61 4.333333
60 62 -0.733333
60 63 1.000000
60 64 -1.000000
60 124 -0.333333
65 69 -0.866667
65 70 -1.000000
65 71 0.333333
65 72 0.600000
65 129 0.333333
66 69 0.600000
66 70 0.600000
66 71 -0.333333
66 72 -0.333333
66 130 0.866667
67 69 -1.000000
67 70 -0.466667
67 71 -0.466667
67 72 -0.200000
67 131 -0.733333
68 69 -0.333333
68 70 -0.733333
68 71 -0.333333
68 72 0.066667
68 132 -0.600000
69 77 0.333333
70 78 -0.866667
71 79 -0.733333
72 80 0.866667
73 77 -0.466667
73 78 -0.866667
73 79 -1.000000
73 80 -0.866667
73 137 -0.600000
74 77 -0.866667
74 78 -0.866667
74 79 0.866667
74 80 0.200000
74 138 -1.000000
75 77 -1.000000
75 78 0.866667
75 79 -0.466667
75 80 -0.466667
75 139 -0.066667
76 77 0.733333
76 78 0.866667
76 79 -0.866667
76 80 0.200000
76 140 -1.000000
77 85 0.600000
78 86 -0.200000
79 87 -1.000000
80 88 -0.600000
81 85 -0.466667
81 86 1.000000
81 87 -0.466667
81 88 0.733333
81 145 1.666667
82 85 0.333333
82 86 0.333333
82 87 0.466667
82 88 -0.600000
82 146 1.000000
83 85 -0.333333
83 86 -0.866667
83 87 0.066667
83 88 -0.200000
83 147 -1.000000
84 85 0.333333
84 86 -0.200000
84 87 0.866667
84 88 -0.466667
84 148 -0.866667
85 93 -0.066667
86 94 -0.733333
87 95 0.333333
88 96 0.066667
89 93 -0.733333
89 94 0.200000
89 95 -0.066667
89 96 -1.000000
89 153 -3.000000
90 93 -0.733333
90 94 -0.333333
90 95 0.066667
90 96 0.866667
90 154 0.066667
91 93 -2.333333
91 94 -0.200000
91 95 0.200000
91 96 -1.000000
91 155 -0.733333
92 93 0.200000
92 94 -1.000000
92 95 -0.200000
92 96 -4.333333
92 156 -5.000000
93 101 0.600000
94 102 -0.866667
95 103 0.333333
96 104 -0.200000
97 101 0.066667
97 102 -2.333333
97 103 -0.333333
97 104 -0.066667
97 161 1.000000
98 101 -1.000000
98 102 -0.866667
98 103 1.000000
98 104 0.333333
98 162 -0.466667
99 101 -0.066667
99 102 -0.866667
99 103 -0.066667
99 104 0.333333
99 163 0.066667
100 101 -0.466667
100 102 1.000000
100 103 -0.466667
100 104 -1.000000
100 164 -0.733333
101 109 0.466667
102 110 -0.066667
103 111 0.333333
104 112 -0.066667
105 109 0.866667
105 110 0.466667
105 111 4.333333
105 112 0.066667
105 169 -0.466667
106 109 -0.600000
106 110 0.333333
106 111 -0.066667
106 112 0.866667
106 170 -0.466667
107 109 1.000000
107 110 -0.866667
107 111 0.333333
107 112 0.466667
107 171 0.333333
108 109 1.000000
108 110 0.200000
108 111 0.600000
108 112 -0.600000
108 172 -0.200000
109 117 0.066667
110 118 -0.333333
111 119 0.333333
112 120 -0.866667
113 117 0.600000
113 118 0.200000
113 119 0.466667
113 120 0.600000
113 177 0.733333
114 117 0.200000
114 118 1.000000
114 119 -0.333333
114 120 0.600000
114 178 -0.600000
115 117 0.200000
115 118 -0.066667
115 119 0.200000
115 120 -0.600000
115 179 -0.600000
116 117 0.866667
116 118 0.866667
116 119 0.333333
116 120 0.066667
116 180 0.600000
117 125 0.200000
118 126 -4.333333
119 127 1.000000
120 128 -0.466667
121 125 0.066667
121 126 1.000000
121 127 1.666667
121 128 -0.466667
121 185 -0.600000
122 125 -0.733333
122 126 2.333333
122 127 0.066667
122 128 -0.600000
122 186 0.600000
123 125 1.000000
123 126 0.466667
123 127 -0.200000
123 128 0.466667
123 187 -0.866667
124 125 -5.000000
124 126 1.000000
124 127 -3.666667
124 128 -1.666667
124 188 1.000000
129 133 -0.333333
129 134 1.000000
129 135 -0.600000
129 136 1.000000
129 193 -1.000000
130 133 -0.066667
130 134 -0.200000
130 135 -0.200000
130 136 0.200000
130 194 0.466667
131 133 0.333333
131 134 0.866667
131 135 0.600000
131 136 -0.466667
131 195 -0.333333
132 133 -0.600000
132 134 0.600000
132 135 -0.200000
132 136 0.333333
132 196 -0.733333
133 141 0.866667
134 142 -1.000000
135 143 -0.333333
136 144 3.666667
137 141 -1.000000
137 142 0.333333
137 143 -0.600000
137 144 0.866667
137 201 -0.333333
138 141 0.866667
138 142 -0.733333
138 143 -0.733333
138 144 0.600000
138 202 0.466667
139 141 1.000000
139 142 0.600000
139 143 1.000000
139 144 -0.333333
139 203 1.000000
140 141 -0.333333
140 142 0.066667
140 143 -1.666667
140 144 -0.200000
140 204 -0.066667
141 149 0.200000
142 150 -0.200000
143 151 0.200000
144 152 -0.600000
145 149 0.600000
145 150 -0.200000
145 151 0.333333
145 152 0.733333
145 209 -0.066667
146 149 0.066667
146 150 1.666667
146 151 -0.066667
146 152 -0.200000
146 210 -0.866667
147 149 0.600000
147 150 0.466667
147 151 0.333333
147 152 -0.733333
147 211 -0.333333
148 149 0.866667
148 150 -0.600000
148 151 0.466667
148 152 -0.066667
148 212 0.466667
149 157 0.600000
150 158 0.733333
151 159 -0.466667
152 160 1.000000
153 157 -0.066667
153 158 0.600000
153 159 -0.733333
153 160 0.733333
153 217 0.866667
154 157 0.866667
154 158 -0.733333
154 159 0.333333
154 160 1.000000
154 218 5.000000
155 157 -0.466667
155 158 -0.866667
155 159 -0.600000
155 160 -0.333333
155 219 -1.000000
156 157 -1.666667
156 158 4.333333
156 159 0.866667
156 160 0.200000
156 220 0.600000
157 165 0.066667
158 166 0.066667
159 167 0.733333
160 168 1.000000
161 165 0.600000
161 166 0.333333
161 167 -0.600000
161 168 0.066667
161 225 -0.733333
162 165 -0.333333
162 166 -0.066667
162 167 -0.600000
162 168 -0.200000
162 226 0.866667
163 165 1.000000
163 166 0.333333
163 167 -0.600000
163 168 0.733333
163 227 -0.200000
164 165 0.600000
164 166 -0.333333
164 167 -0.733333
164 168 -0.200000
164 228 -4.333333
165 173 0.600000
166 174 -1.000000
167 175 -0.733333
168 176 -3.000000
169 173 -0.333333
169 174 0.866667
169 175 -0.733333
169 176 0.066667
169 233 -0.866667
170 173 0.866667
170 174 -0.600000
170 175 0.200000
170 176 -0.600000
170 234 -0.333333
171 173 -1.000000
171 174 0.066667
171 175 -0.866667
171 176 1.000000
171 235 1.000000
172 173 0.733333
172 174 1.000000
172 175 0.333333
172 176 -0.066667
172 236 -1.000000
173 181 0.066667
174 182 -0.066667
175 183 0.066667
176 184 4.333333
177 181 -1.000000
177 182 -0.200000
177 183 -0.733333
177 184 0.200000
177 241 0.200000
178 181 0.733333
178 182 -0.333333
178 183 1.000000
178 184 -1.000000
178 242 -0.333333
179 181 0.200000
179 182 0.066667
179 183 0.200000
179 184 0.066667
179 243 -0.600000
180 181 1.000000
180 182 -0.333333
180 183 1.000000
180 184 -0.866667
180 244 -0.600000
181 189 0.200000
182 190 0.600000
183 191 -0.866667
184 192 0.200000
185 189 0.733333
185 190 0.866667
185 191 0.333333
185 192 0.200000
185 249 1.000000
186 189 0.866667
186 190 1.000000
186 191 0.066667
186 192 -0.866667
186 250 0.600000
187 189 0.866667
187 190 -0.600000
187 191 -0.733333
187 192 0.200000
187 251 -0.066667
188 189 0.600000
188 190 0.200000
188 191 -2.333333
188 192 -0.200000
188 252 0.066667
193 197 -0.333333
193 198 0.466667
193 199 0.200000
193 200 -0.333333
193 257 0.466667
194 197 -0.600000
194 198 -2.333333
194 199 -2.333333
194 200 -0.600000
194 258 0.333333
195 197 -0.733333
195 198 0.733333
195 199 -1.000000
195 200 -0.866667
195 259 -0.333333
196 197 0.866667
196 198 -0.600000
196 199 0.600000
196 200 0.866667
196 260 -1.000000
197 205 -0.466667
198 206 -0.200000
199 207 0.066667
200 208 0.600000
201 205 -0.066667
201 206 0.733333
201 207 -0.333333
201 208 -0.866667
201 265 0.866667
202 205 -0.733333
202 206 -0.333333
202 207 -0.733333
202 208 0.200000
202 266 0.466667
203 205 0.066667
203 206 3.000000
203 207 0.200000
203 208 -0.600000
203 267 -0.866667
204 205 -0.066667
204 206 0.600000
204 207 -0.200000
204 208 0.466667
204 268 0.600000
205 213 0.866667
206 214 -0.866667
207 215 -1.000000
208 216 -0.600000
209 213 -0.333333
209 214 -0.866667
209 215 -0.866667
209 216 -0.466667
209 273 -0.600000
210 213 -0.466667
210 214 -0.333333
210 215 0.733333
210 216 0.066667
210 274 3.666667
211 213 -0.466667
211 214 0.333333
211 215 0.866667
211 216 0.733333
211 275 -0.866667
212 213 0.200000
212 214 -1.000000
212 215 0.066667
212 216 0.866667
212 276 4.333333
213 221 0.866667
214 222 0.066667
215 223 1.666667
216 224 0.466667
217 221 0.733333
217 222 -1.000000
217 223 -0.466667
217 224 5.000000
217 281 0.200000
218 221 0.600000
218 222 0.866667
218 223 -1.000000
218 224 -0.866667
218 282 -0.600000
219 221 0.866667
219 222 1.000000
219 223 0.866667
219 224 0.733333
219 283 0.866667
220 221 -0.333333
220 222 -0.066667
220 223 1.000000
220 224 1.000000
220 284 -1.000000
221 229 0.466667
222 230 0.600000
223 231 -5.000000
224 232 1.666667
225 229 4.333333
225 230 0.466667
225 231 -1.000000
225 232 0.733333
225 289 -0.733333
226 229 -0.066667
226 230 0.333333
226 231 1.000000
226 232 0.600000
226 290 0.733333
227 229 -0.600000
227 230 -0.600000
227 231 -1.000000
227 232 -0.733333
227 291 -0.733333
228 229 0.866667
228 230 3.000000
228 231 5.000000
228 232 0.866667
228 292 0.600000
229 237 0.466667
230 238 3.000000
231 239 -4.333333
232 240 -0.866667
233 237 0.200000
233 238 0.466667
233 239 -0.200000
233 240 -0.066667
233 297 0.866667
234 237 0.466667
234 238 0.466667
234 239 0.600000
234 240 -0.200000
234 298 -0.066667
235 237 0.866667
235 238 1.000000
235 239 0.200000
235 240 0.733333
235 299 -0.066667
236 237 0.333333
236 238 -0.466667
236 239 -3.666667
236 240 -0.066667
236 300 -5.000000
237 245 0.066667
238 246 -1.000000
239 247 -3.000000
240 248 3.000000
241 245 -1.000000
241 246 -2.333333
241 247 -0.333333
241 248 0.866667
241 305 -0.600000
242 245 -0.866667
242 246 0.733333
242 247 0.600000
242 248 -1.000000
242 306 0.066667
243 245 -0.466667
243 246 -0.733333
243 247 0.866667
243 248 0.333333
243 307 -0.200000
244 245 0.733333
244 246 0.866667
244 247 -4.333333
244 248 -0.200000
244 308 0.466667
245 253 -0.600000
246 254 -0.866667
247 255 -2.333333
248 256 -1.000000
249 253 0.866667
249 254 0.866667
249 255 0.200000
249 256 -0.733333
249 313 0.066667
250 253 -0.200000
250 254 0.466667
250 255 4.333333
250 256 1.000000
250 314 0.333333
251 253 -0.600000
251 254 0.200000
251 255 1.000000
251 256 3.000000
251 315 0.866667
252 253 0.466667
252 254 0.600000
252 255 0.333333
252 256 0.466667
252 316 -1.000000
257 261 0.066667
257 262 -0.333333
257 263 0.466667
257 264 0.733333
257 321 0.733333
258 261 -0.733333
258 262 0.333333
258 263 -0.333333
258 264 -0.866667
258 322 -1.000000
259 261 -1.000000
259 262 3.000000
259 263 -0.733333
259 264 0.200000
259 323 -4.333333
260 261 0.066667
260 262 1.666667
260 263 -0.200000
260 264 1.000000
260 324 -0.200000
261 269 -0.466667
262 270 1.000000
263 271 -0.066667
264 272 -0.733333
265 269 0.733333
265 270 0.066667
265 271 0.466667
265 272 -0.200000
265 329 -0.200000
266 269 -0.333333
266 270 -0.600000
266 271 -2.333333
266 272 -1.000000
266 330 1.000000
267 269 0.733333
267 270 1.000000
267 271 0.733333
267 272 0.066667
267 331 0.866667
268 269 -0.866667
268 270 0.066667
268 271 0.200000
268 272 0.600000
268 332 -0.333333
269 277 -0.466667
270 278 -0.733333
271 279 -0.333333
272 280 0.866667
273 277 -0.866667
273 278 -0.066667
273 279 -1.000000
273 280 -5.000000
273 337 0.466667
274 277 0.600000
274 278 -0.066667
274 279 -0.066667
274 280 -0.200000
274 338 -0.866667
275 277 -0.333333
275 278 0.200000
275 279 -0.466667
275 280 0.733333
275 339 -0.866667
276 277 0.600000
276 278 -4.333333
276 279 0.600000
276 280 0.200000
276 340 -0.333333
277 285 0.200000
278 286 -0.600000
279 287 0.733333
280 288 0.733333
281 285 -0.200000
281 286 0.200000
281 287 -4.333333
281 288 0.600000
281 345 -1.000000
282 285 0.200000
282 286 -3.666667
282 287 -1.666667
282 288 -0.066667
282 346 0.333333
283 285 -0.866667
283 286 -0.733333
283 287 -0.733333
283 288 0.066667
283 347 0.600000
284 285 -1.000000
284 286 0.600000
284 287 -0.600000
284 288 0.866667
284 348 0.866667
285 293 -0.333333
286 294 0.600000
287 295 -1.000000
288 296 -0.866667
289 293 -0.600000
289 294 0.066667
289 295 0.466667
289 296 0.066667
289 353 -0.733333
290 293 -0.200000
290 294 0.200000
290 295 -1.666667
290 296 0.066667
290 354 0.466667
291 293 -0.600000
291 294 0.866667
291 295 -0.733333
291 296 0.733333
291 355 -0.066667
292 293 0.200000
292 294 0.200000
292 295 0.066667
292 296 -0.200000
292 356 0.333333
293 301 0.066667
294 302 -0.733333
295 303 -0.866667
296 304 0.200000
297 301 0.866667
297 302 -0.600000
297 303 -0.333333
297 304 0.333333
297 361 1.000000
298 301 0.200000
298 302 -0.866667
298 303 0.200000
298 304 -1.000000
298 362 0.733333
299 301 -0.733333
299 302 -0.333333
299 303 0.466667
299 304 0.600000
299 363 1.000000
300 301 -0.200000
300 302 5.000000
300 303 -4.333333
300 304 -0.733333
300 364 0.333333
301 309 3.666667
302 310 0.333333
303 311 -0.066667
304 312 1.000000
305 309 -0.200000
305 310 1.000000
305 311 0.066667
305 312 0.333333
305 369 0.466667
306 309 -0.333333
306 310 -0.066667
306 311 1.000000
306 312 -0.866667
306 370 -0.866667
307 309 0.333333
307 310 0.066667
307 311 -0.866667
307 312 -0.200000
307 371 1.000000
308 309 -0.066667
308 310 0.333333
308 311 -0.733333
308 312 0.466667
308 372 1.000000
309 317 0.066667
310 318 0.200000
311 319 -0.733333
312 320 -0.066667
313 317 -1.000000
313 318 -0.066667
313 319 0.733333
313 320 -0.333333
313 377 -0.733333
314 317 0.200000
314 318 0.333333
314 319 0.066667
314 320 5.000000
314 378 0.066667
315 317 0.733333
315 318 0.733333
315 319 0.733333
315 320 1.000000
315 379 0.066667
316 317 0.066667
316 318 -1.000000
316 319 0.066667
316 320 0.466667
316 380 0.733333
321 325 0.733333
321 326 -0.200000
321 327 -0.733333
321 328 -0.066667
321 385 0.600000
322 325 0.600000
322 326 -1.000000
322 327 0.600000
322 328 0.866667
322 386 -0.333333
323 325 -0.733333
323 326 0.600000
323 327 -0.066667
323 328 -0.466667
323 387 -1.000000
324 325 0.200000
324 326 0.333333
324 327 0.466667
324 328 -0.466667
324 388 -0.600000
325 333 0.733333
326 334 0.066667
327 335 -0.200000
328 336 1.000000
329 333 0.200000
329 334 0.600000
329 335 0.466667
329 336 1.000000
329 393 0.466667
330 333 0.866667
330 334 -0.600000
330 335 1.000000
330 336 -0.066667
330 394 -0.200000
331 333 -1.000000
331 334 -0.200000
331 335 0.333333
331 336 -0.866667
331 395 -0.733333
332 333 0.866667
332 334 0.200000
332 335 -0.066667
332 336 0.866667
332 396 0.333333
333 341 -0.333333
334 342 0.200000
335 343 0.466667
336 344 1.666667
337 341 0.866667
337 342 -0.733333
337 343 -0.733333
337 344 0.733333
337 401 -0.600000
338 341 -0.466667
338 342 1.000000
338 343 0.866667
338 344 0.333333
338 402 -1.000000
339 341 3.666667
339 342 -1.000000
339 343 -0.733333
339 344 -0.600000
339 403 0.333333
340 341 0.200000
340 342 -0.200000
340 343 0.200000
340 344 0.066667
340 404 -0.733333
341 349 4.333333
342 350 -4.333333
343 351 0.466667
344 352 -0.066667
345 349 0.600000
345 350 -0.466667
345 351 0.733333
345 352 -0.466667
345 409 0.333333
346 349 -0.333333
346 350 -0.333333
346 351 -0.600000
346 352 1.000000
346 410 -0.600000
347 349 -0.466667
347 350 0.733333
347 351 -0.333333
347 352 0.066667
347 411 -0.333333
348 349 -0.866667
348 350 -0.866667
348 351 -0.200000
348 352 -0.066667
348 412 0.333333
349 357 -1.000000
350 358 -0.600000
351 359 -0.866667
352 360 -0.733333
353 357 0.466667
353 358 -0.733333
353 359 -0.466667
353 360 -0.733333
353 417 0.733333
354 357 -0.466667
354 358 -1.000000
354 359 0.866667
354 360 0.333333
354 418 1.000000
355 357 -0.733333
355 358 -0.866667
355 359 0.866667
355 360 -0.866667
355 419 0.200000
356 357 0.466667
356 358 -0.466667
356 359 -0.066667
356 360 -0.066667
356 420 -0.333333
357 365 -1.000000
358 366 0.200000
359 367 0.200000
360 368 -0.333333
361 365 0.333333
361 366 -0.466667
361 367 -0.866667
361 368 0.733333
361 425 -0.600000
362 365 -0.600000
362 366 0.466667
362 367 -3.000000
362 368 -0.466667
362 426 0.600000
363 365 0.600000
363 366 0.200000
363 367 0.066667
363 368 5.000000
363 427 -0.200000
364 365 0.733333
364 366 -0.466667
364 367 -0.333333
364 368 0.600000
364 428 0.466667
365 373 -0.733333
366 374 0.866667
367 375 0.066667
368 376 -0.733333
369 373 1.000000
369 374 0.333333
369 375 0.066667
369 376 0.600000
369 433 1.000000
370 373 0.333333
370 374 -0.866667
370 375 0.333333
370 376 1.000000
370 434 0.600000
371 373 -0.200000
371 374 0.866667
371 375 0.466667
371 376 -0.333333
371 435 -0.200000
372 373 1.000000
372 374 0.600000
372 375 -0.066667
372 376 0.066667
372 436 0.066667
373 381 0.866667
374 382 -0.866667
375 383 0.466667
376 384 0.200000
377 381 1.000000
377 382 1.000000
377 383 -0.200000
377 384 3.000000
377 441 0.466667
378 381 -1.000000
378 382 0.466667
378 383 -0.733333
378 384 -0.733333
378 442 0.866667
379 381 1.000000
379 382 0.200000
379 383 0.600000
379 384 -1.000000
379 443 0.200000
380 381 -0.200000
380 382 -0.733333
380 383 0.200000
380 384 -0.733333
380 444 -0.066667
385 389 1.666667
385 390 -0.066667
385 391 0.866667
385 392 -4.333333
385 449 -0.600000
386 389 -4.333333
386 390 0.066667
386 391 -0.866667
386 392 -0.200000
386 450 -0.466667
387 389 -0.333333
387 390 0.333333
387 391 -0.333333
387 392 0.600000
387 451 -0.600000
388 389 -0.733333
388 390 -0.466667
388 391 0.866667
388 392 -0.600000
388 452 -0.066667
389 397 0.200000
390 398 -0.466667
391 399 -0.466667
392 400 -1.000000
393 397 -0.733333
393 398 0.733333
393 399 0.466667
393 400 0.733333
393 457 0.466667
394 397 -0.333333
394 398 -0.200000
394 399 0.200000
394 400 0.200000
394 458 0.733333
395 397 0.866667
395 398 1.000000
395 399 -0.333333
395 400 1.000000
395 459 0.333333
396 397 -0.866667
396 398 -0.333333
396 399 -0.733333
396 400 0.466667
396 460 -0.333333
397 405 -0.333333
398 406 -0.333333
399 407 -1.000000
400 408 -0.066667
401 405 -2.333333
401 406 0.600000
401 407 -3.666667
401 408 0.733333
401 465 0.600000
402 405 0.866667
402 406 0.866667
402 407 0.466667
402 408 1.000000
402 466 0.466667
403 405 -0.066667
403 406 -1.000000
403 407 -0.600000
403 408 0.066667
403 467 0.466667
404 405 0.066667
404 406 -0.200000
404 407 0.200000
404 408 -0.866667
404 468 0.333333
405 413 -0.333333
406 414 -0.466667
407 415 0.866667
408 416 -0.866667
409 413 -4.333333
409 414 -0.333333
409 415 -1.000000
409 416 -1.000000
409 473 1.666667
410 413 -0.333333
410 414 -0.200000
410 415 0.466667
410 416 1.000000
410 474 -0.733333
411 413 -1.000000
411 414 -0.066667
411 415 -1.000000
411 416 -0.333333
411 475 -0.866667
412 413 -1.000000
412 414 -0.200000
412 415 -0.200000
412 416 1.000000
412 476 -0.733333
413 421 5.000000
414 422 0.066667
415 423 0.466667
416 424 0.733333
417 421 -0.866667
417 422 -0.200000
417 423 -0.866667
417 424 -0.866667
417 481 0.466667
418 421 -1.000000
418 422 -1.000000
418 423 0.600000
418 424 0.866667
418 482 -0.866667
419 421 -0.866667
419 422 0.600000
419 423 0.866667
419 424 0.600000
419 483 -0.333333
420 421 0.733333
420 422 -0.200000
420 423 0.333333
420 424 -0.600000
420 484 -0.200000
421 429 0.733333
422 430 1.000000
423 431 0.200000
424 432 -0.200000
425 429 0.333333
425 430 0.200000
425 431 4.333333
425 432 -0.066667
425 489 1.000000
426 429 -0.866667
426 430 -0.333333
426 431 0.466667
426 432 0.733333
426 490 0.466667
427 429 1.000000
427 430 -1.000000
427 431 0.600000
427 432 -0.200000
427 491 -0.333333
428 429 -0.066667
428 430 -0.466667
428 431 -0.600000
428 432 -0.600000
428 492 -0.733333
429 437 -3.666667
430 438 -0.466667
431 439 0.866667
432 440 0.466667
433 437 -0.866667
433 438 1.000000
433 439 -0.466667
433 440 -0.066667
433 497 0.733333
434 437 0.333333
434 438 -0.600000
434 439 -0.466667
434 440 0.600000
434 498 -4.333333
435 437 -0.866667
435 438 -2.333333
435 439 1.000000
435 440 0.466667
435 499 3.000000
436 437 -3.000000
436 438 3.000000
436 439 -2.333333
436 440 4.333333
436 500 -0.066667
437 445 -1.000000
438 446 0.466667
439 447 1.666667
440 448 -1.666667
441 445 -0.600000
441 446 1.000000
441 447 -1.000000
441 448 3.000000
441 505 0.600000
442 445 -0.733333
442 446 -0.333333
442 447 -0.200000
442 448 -0.600000
442 506 -0.066667
443 445 -0.333333
443 446 -2.333333
443 447 -0.600000
443 448 -1.000000
443 507 0.200000
444 445 3.000000
444 446 -0.466667
444 447 -0.866667
444 448 0.200000
444 508 1.000000
449 453 -0.466667
449 454 -0.733333
449 455 0.066667
449 456 -0.733333
450 453 0.600000
450 454 0.333333
450 455 -0.866667
450 456 -0.200000
451 453 0.466667
451 454 -0.333333
451 455 -3.666667
451 456 0.333333
452 453 -1.000000
452 454 0.866667
452 455 0.200000
452 456 -0.600000
453 461 -0.866667
454 462 -0.200000
455 463 -0.466667
456 464 0.066667
457 461 -0.066667
457 462 -0.733333
457 463 -0.733333
457 464 0.466667
458 461 -3.000000
458 462 -0.733333
458 463 -1.000000
458 464 1.000000
459 461 -0.600000
459 462 -0.466667
459 463 0.733333
459 464 0.866667
460 461 0.866667
460 462 -0.200000
460 463 -1.000000
460 464 0.333333
461 469 1.000000
462 470 -1.000000
463 471 -0.333333
464 472 0.333333
465 469 0.200000
465 470 1.000000
465 471 3.666667
465 472 1.000000
466 469 0.733333
466 470 0.733333
466 471 0.333333
466 472 1.000000
467 469 -0.200000
467 470 0.733333
467 471 -0.733333
467 472 0.866667
468 469 -0.600000
468 470 0.200000
468 471 0.733333
468 472 0.466667
469 477 -0.066667
470 478 0.466667
471 479 -0.333333
472 480 -1.000000
473 477 0.333333
473 478 0.733333
473 479 -0.866667
473 480 1.000000
474 477 0.866667
474 478 -0.466667
474 479 -0.333333
474 480 1.000000
475 477 -1.000000
475 478 0.866667
475 479 0.866667
475 480 -0.600000
476 477 0.733333
476 478 -0.466667
476 479 -0.066667
476 480 -0.200000
477 485 0.066667
478 486 0.466667
479 487 0.733333
480 488 0.466667
481 485 0.866667
481 486 -1.000000
481 487 -0.466667
481 488 -0.333333
482 485 -0.333333
482 486 -0.066667
482 487 -0.333333
482 488 0.600000
483 485 1.000000
483 486 -3.666667
483 487 3.000000
483 488 -0.066667
484 485 0.066667
484 486 0.866667
484 487 0.333333
484 488 0.200000
485 493 -1.000000
486 494 -1.000000
487 495 0.600000
488 496 0.333333
489 493 0.466667
489 494 -0.066667
489 495 -0.333333
489 496 -0.466667
490 493 0.733333
490 494 0.600000
490 495 -0.600000
490 496 -0.333333
491 493 0.333333
491 494 0.200000
491 495 0.333333
491 496 0.200000
492 493 0.733333
492 494 -0.466667
492 495 0.866667
492 496 0.600000
493 501 1.666667
494 502 2.333333
495 503 -0.066667
496 504 -0.333333
497 501 0.866667
497 502 5.000000
497 503 1.666667
497 504 -2.333333
498 501 1.000000
498 502 -0.066667
498 503 -2.333333
498 504 -1.666667
499 501 -1.666667
499 502 -0.733333
499 503 -0.333333
499 504 4.333333
500 501 0.200000
500 502 -0.733333
500 503 0.333333
500 504 1.666667
501 509 -0.200000
502 510 0.200000
503 511 -1.666667
504 512 3.000000
505 509 -0.466667
505 510 0.600000
505 511 -0.466667
505 512 0.600000
506 509 -0.333333
506 510 0.066667
506 511 -0.733333
506 512 0.866667
507 509 0.066667
507 510 1.000000
507 511 4.333333
507 512 -0.200000
508 509 0.200000
508 510 -0.600000
508 511 1.000000
508 512 -0.733333