#
1 1 -0.120000
2 2 -0.120000
3 3 0.120000
4 4 -0.013333
5 5 0.013333
6 6 -0.013333
7 7 0.040000
8 8 -0.200000
9 9 -0.093333
10 10 -0.040000
11 11 0.013333
12 12 -0.093333
13 13 -0.040000
14 14 0.173333
15 15 0.093333
16 16 -0.173333
17 17 -0.093333
18 18 0.040000
19 19 -0.200000
20 20 -0.093333
21 21 0.173333
22 22 -0.200000
23 23 0.173333
24 24 0.200000
25 25 0.013333
26 26 -0.093333
27 27 -0.120000
28 28 -0.120000
29 29 -0.200000
30 30 0.093333
31 31 -0.040000
32 32 0.120000
33 33 -0.200000
34 34 -0.040000
35 35 -0.013333
36 36 -0.146667
37 37 -0.066667
38 38 0.146667
39 39 -0.013333
40 40 0.066667
41 41 0.093333
42 42 0.146667
43 43 -0.120000
44 44 -0.120000
45 45 0.120000
46 46 0.120000
47 47 -0.040000
48 48 -0.013333
49 49 -0.146667
50 50 0.013333
51 51 -0.120000
52 52 -0.200000
53 53 0.200000
54 54 0.040000
55 55 -0.066667
56 56 0.120000
57 57 -0.120000
58 58 -0.040000
59 59 -0.120000
60 60 -0.093333
61 61 -0.013333
62 62 -0.200000
63 63 -0.066667
64 64 0.200000
65 65 0.200000
66 66 -0.013333
67 67 -0.120000
68 68 -0.146667
69 69 -0.040000
70 70 0.066667
71 71 0.146667
72 72 -0.200000
73 73 -0.093333
74 74 -0.013333
75 75 0.146667
76 76 -0.013333
77 77 0.120000
78 78 0.013333
79 79 -0.173333
80 80 0.146667
81 81 -0.173333
82 82 -0.200000
83 83 -0.173333
84 84 -0.200000
85 85 -0.066667
86 86 -0.013333
87 87 -0.013333
88 88 0.093333
89 89 0.146667
90 90 0.013333
91 91 -0.173333
92 92 -0.120000
93 93 -0.066667
94 94 -0.013333
95 95 0.120000
96 96 -0.173333
97 97 -0.173333
98 98 -0.120000
99 99 -0.093333
100 100 0.066667
101 101 -0.093333
102 102 -0.040000
103 103 0.040000
104 104 0.120000
105 105 0.146667
106 106 0.146667
107 107 0.173333
108 108 -0.013333
109 109 -0.013333
110 110 -0.066667
111 111 -0.093333
112 112 0.093333
113 113 -0.146667
114 114 -0.173333
115 115 -0.120000
116 116 -0.173333
117 117 0.066667
118 118 -0.146667
119 119 0.093333
120 120 -0.013333
121 121 -0.013333
122 122 -0.173333
123 123 0.200000
124 124 -0.093333
125 125 -0.173333
126 126 -0.120000
127 127 -0.066667
128 128 -0.120000
129 129 0.120000
130 130 0.173333
131 131 0.146667
132 132 0.173333
133 133 0.040000
134 134 0.146667
135 135 -0.200000
136 136 0.040000
137 137 0.040000
138 138 -0.040000
139 139 0.173333
140 140 0.200000
141 141 0.200000
142 142 -0.200000
143 143 0.093333
144 144 -0.013333
145 145 0.146667
146 146 -0.120000
147 147 -0.146667
148 148 0.120000
149 149 0.013333
150 150 -0.173333
151 151 0.013333
152 152 0.040000
153 153 0.146667
154 154 -0.040000
155 155 -0.013333
156 156 0.066667
157 157 0.173333
158 158 -0.146667
159 159 -0.013333
160 160 0.013333
161 161 -0.093333
162 162 0.093333
163 163 0.200000
164 164 0.120000
165 165 0.066667
166 166 -0.173333
167 167 0.013333
168 168 -0.173333
169 169 -0.120000
170 170 0.120000
171 171 -0.146667
172 172 0.013333
173 173 -0.200000
174 174 0.146667
175 175 0.066667
176 176 -0.013333
177 177 -0.040000
178 178 -0.040000
179 179 0.013333
180 180 0.200000
181 181 -0.013333
182 182 -0.040000
183 183 -0.120000
184 184 0.066667
185 185 0.066667
186 186 -0.066667
187 187 -0.093333
188 188 -0.040000
189 189 0.146667
190 190 0.120000
191 191 -0.066667
192 192 0.200000
193 193 -0.093333
194 194 -0.040000
195 195 -0.173333
196 196 0.066667
197 197 -0.120000
198 198 0.120000
199 199 -0.093333
200 200 0.093333
201 201 0.013333
202 202 -0.146667
203 203 -0.200000
204 204 0.146667
205 205 0.066667
206 206 0.173333
207 207 0.146667
208 208 -0.173333
209 209 -0.120000
210 210 -0.173333
211 211 -0.013333
212 212 0.013333
213 213 -0.200000
214 214 -0.173333
215 215 -0.040000
216 216 -0.173333
217 217 0.200000
218 218 0.173333
219 219 0.013333
220 220 -0.173333
221 221 0.200000
222 222 -0.066667
223 223 0.146667
224 224 -0.146667
225 225 -0.146667
226 226 0.040000
227 227 0.066667
228 228 -0.093333
229 229 -0.146667
230 230 0.120000
231 231 -0.066667
232 232 -0.173333
233 233 -0.013333
234 234 -0.013333
235 235 -0.120000
236 236 0.093333
237 237 0.120000
238 238 -0.066667
239 239 0.120000
240 240 -0.173333
241 241 0.066667
242 242 0.146667
243 243 -0.146667
244 244 0.200000
245 245 -0.120000
246 246 -0.013333
247 247 -0.040000
248 248 -0.120000
249 249 -0.093333
250 250 0.066667
251 251 0.013333
252 252 -0.173333
253 253 -0.093333
254 254 0.093333
255 255 0.200000
256 256 0.146667
257 257 -0.146667
258 258 -0.066667
259 259 0.093333
260 260 -0.146667
261 261 0.120000
262 262 0.040000
263 263 0.093333
264 264 -0.013333
265 265 0.120000
266 266 -0.146667
267 267 0.200000
268 268 0.173333
269 269 -0.066667
270 270 0.013333
271 271 -0.093333
272 272 0.013333
273 273 0.200000
274 274 -0.013333
275 275 0.040000
276 276 0.120000
277 277 0.173333
278 278 -0.066667
279 279 0.066667
280 280 0.173333
281 281 0.146667
282 282 0.066667
283 283 0.200000
284 284 0.200000
285 285 0.173333
286 286 -0.066667
287 287 -0.146667
288 288 -0.120000
289 289 -0.173333
290 290 0.200000
291 291 -0.200000
292 292 -0.013333
293 293 0.066667
294 294 -0.040000
295 295 0.146667
296 296 0.200000
297 297 -0.173333
298 298 0.066667
299 299 0.040000
300 300 0.013333
301 301 0.066667
302 302 0.200000
303 303 -0.200000
304 304 0.120000
305 305 0.040000
306 306 0.013333
307 307 -0.013333
308 308 0.013333
309 309 0.093333
310 310 -0.093333
311 311 -0.146667
312 312 0.120000
313 313 0.200000
314 314 0.093333
315 315 -0.146667
316 316 0.093333
317 317 0.146667
318 318 0.013333
319 319 0.066667
320 320 -0.013333
321 321 0.120000
322 322 -0.173333
323 323 -0.120000
324 324 -0.200000
325 325 -0.173333
326 326 -0.173333
327 327 -0.093333
328 328 -0.173333
329 329 -0.066667
330 330 0.013333
331 331 -0.066667
332 332 0.040000
333 333 0.093333
334 334 0.200000
335 335 -0.120000
336 336 -0.200000
337 337 0.146667
338 338 -0.040000
339 339 -0.146667
340 340 -0.040000
341 341 0.040000
342 342 -0.066667
343 343 -0.120000
344 344 -0.173333
345 345 -0.066667
346 346 -0.146667
347 347 0.146667
348 348 -0.040000
349 349 -0.066667
350 350 0.013333
351 351 0.146667
352 352 0.120000
353 353 -0.173333
354 354 -0.093333
355 355 0.200000
356 356 -0.040000
357 357 0.066667
358 358 -0.146667
359 359 -0.200000
360 360 0.173333
361 361 -0.146667
362 362 0.040000
363 363 0.146667
364 364 0.146667
365 365 -0.146667
366 366 0.173333
367 367 0.013333
368 368 -0.200000
369 369 0.173333
370 370 -0.200000
371 371 -0.066667
372 372 -0.120000
373 373 -0.093333
374 374 0.173333
375 375 -0.013333
376 376 0.040000
377 377 0.093333
378 378 -0.200000
379 379 -0.120000
380 380 0.040000
381 381 0.173333
382 382 0.173333
383 383 0.146667
384 384 -0.200000
385 385 -0.173333
386 386 -0.173333
387 387 -0.013333
388 388 0.040000
389 389 0.093333
390 390 0.173333
391 391 -0.013333
392 392 0.066667
393 393 0.200000
394 394 -0.093333
395 395 0.200000
396 396 -0.040000
397 397 0.120000
398 398 -0.200000
399 399 0.040000
400 400 0.120000
401 401 0.040000
402 402 0.146667
403 403 -0.146667
404 404 0.093333
405 405 -0.200000
406 406 0.093333
407 407 -0.066667
408 408 0.066667
409 409 -0.013333
410 410 0.200000
411 411 -0.040000
412 412 0.200000
413 413 -0.173333
414 414 0.066667
415 415 0.066667
416 416 0.093333
417 417 -0.013333
418 418 0.200000
419 419 0.173333
420 420 -0.013333
421 421 -0.120000
422 422 0.040000
423 423 0.093333
424 424 0.200000
425 425 -0.066667
426 426 -0.200000
427 427 -0.013333
428 428 0.120000
429 429 -0.040000
430 430 -0.120000
431 431 0.040000
432 432 -0.200000
433 433 0.066667
434 434 0.066667
435 435 0.173333
436 436 0.040000
437 437 0.173333
438 438 -0.066667
439 439 0.146667
440 440 0.120000
441 441 -0.120000
442 442 -0.173333
443 443 0.093333
444 444 0.066667
445 445 -0.040000
446 446 -0.040000
447 447 -0.200000
448 448 -0.173333
449 449 -0.173333
450 450 0.040000
451 451 0.146667
452 452 -0.013333
453 453 -0.013333
454 454 0.093333
455 455 0.120000
456 456 0.040000
457 457 -0.040000
458 458 0.040000
459 459 0.066667
460 460 -0.173333
461 461 -0.146667
462 462 -0.093333
463 463 0.013333
464 464 0.066667
465 465 -0.013333
466 466 -0.013333
467 467 0.146667
468 468 -0.013333
469 469 0.120000
470 470 -0.093333
471 471 0.066667
472 472 0.200000
473 473 0.040000
474 474 0.040000
475 475 0.146667
476 476 -0.120000
477 477 -0.200000
478 478 -0.040000
479 479 -0.093333
480 480 0.040000
481 481 0.040000
482 482 -0.040000
483 483 -0.066667
484 484 0.146667
485 485 -0.146667
486 486 0.173333
487 487 -0.040000
488 488 0.093333
489 489 0.200000
490 490 -0.093333
491 491 -0.173333
492 492 0.040000
493 493 -0.146667
494 494 0.146667
495 495 -0.040000
496 496 0.173333
497 497 -0.066667
498 498 -0.120000
499 499 0.173333
500 500 0.093333
501 501 -0.093333
502 502 -0.120000
503 503 0.146667
504 504 -0.013333
505 505 -0.120000
506 506 0.066667
507 507 -0.066667
508 508 -0.066667
509 509 -0.173333
510 510 -0.120000
511 511 0.120000
512 512 0.200000
1 5 -0.600000
1 6 -0.333333
1 7 -0.733333
1 8 -0.066667
1 65 0.866667
2 5 -0.600000
2 6 0.733333
2 7 -0.733333
2 8 -0.866667
2 66 0.066667
3 5 0.200000
3 6 0.066667
3 7 0.866667
3 8 -0.866667
3 67 -1.000000
4 5 0.733333
4 6 -0.866667
4 7 1.000000
4 8 -0.066667
4 68 -0.333333
5 13 -0.200000
6 14 0.866667
7 15 0.066667
8 16 0.733333
9 13 -0.466667
9 14 3.000000
9 15 -4.333333
9 16 -0.733333
9 73 2.333333
10 13 -0.066667
10 14 0.066667
10 15 0.333333
10 16 -0.600000
10 74 0.733333
11 13 0.333333
11 14 -0.866667
11 15 -0.200000
11 16 -0.333333
11 75 0.066667
12 13 0.466667
12 14 0.200000
12 15 -1.000000
12 16 0.333333
12 76 -1.000000
13 21 -1.000000
14 22 -0.466667
15 23 -0.333333
16 24 -0.600000
17 21 0.733333
17 22 0.066667
17 23 -5.000000
17 24 -0.866667
17 81 3.666667
18 21 0.333333
18 22 0.333333
18 23 4.333333
18 24 -0.066667
18 82 0.066667
19 21 0.333333
19 22 -0.200000
19 23 -0.600000
19 24 -3.666667
19 83 0.333333
20 21 -0.600000
20 22 0.600000
20 23 -0.333333
20 24 0.866667
20 84 -0.333333
21 29 1.000000
22 30 -0.733333
23 31 -0.866667
24 32 0.200000
25 29 -0.733333
25 30 0.333333
25 31 1.666667
25 32 1.666667
25 89 0.066667
26 29 1.000000
26 30 5.000000
26 31 -0.733333
26 32 4.333333
26 90 0.333333
27 29 5.000000
27 30 -0.600000
27 31 1.000000
27 32 -0.466667
27 91 0.200000
28 29 1.666667
28 30 0.333333
28 31 0.866667
28 32 0.066667
28 92 -3.666667
29 37 -1.000000
30 38 0.733333
31 39 -0.866667
32 40 -0.733333
33 37 0.733333
33 38 -0.466667
33 39 1.000000
33 40 -0.066667
33 97 0.600000
34 37 -0.066667
34 38 0.333333
34 39 -0.600000
34 40 -0.066667
34 98 -0.866667
35 37 0.066667
35 38 0.733333
35 39 -0.600000
35 40 0.333333
35 99 0.200000
36 37 -0.066667
36 38 -0.733333
36 39 -0.200000
36 40 -1.000000
36 100 0.066667
37 45 -0.733333
38 46 0.600000
39 47 -0.066667
40 48 0.733333
41 45 1.000000
41 46 -0.466667
41 47 0.733333
41 48 -0.866667
41 105 -0.333333
42 45 -0.600000
42 46 0.066667
42 47 0.733333
42 48 1.000000
42 106 1.000000
43 45 -0.866667
43 46 0.066667
43 47 -0.066667
43 48 -1.000000
43 107 -0.466667
44 45 0.866667
44 46 0.866667
44 47 -0.866667
44 48 -0.066667
44 108 0.866667
45 53 -0.866667
46 54 0.600000
47 55 1.000000
48 56 -0.200000
49 53 -0.066667
49 54 0.866667
49 55 0.600000
49 56 5.000000
49 113 0.333333
50 53 -0.066667
50 54 0.200000
50 55 0.466667
50 56 0.200000
50 114 0.600000
51 53 -0.466667
51 54 0.866667
51 55 -0.066667
51 56 1.000000
51 115 -0.066667
52 53 -1.000000
52 54 0.466667
52 55 0.733333
52 56 -0.066667
52 116 -0.733333
53 61 0.333333
54 62 -0.466667
55 63 0.333333
56 64 -0.200000
57 61 -0.333333
57 62 1.000000
57 63 -0.866667
57 64 0.200000
57 121 -1.000000
58 61 0.866667
58 62 -0.066667
58 63 0.866667
58 64 -0.600000
58 122 -0.466667
59 61 0.333333
59 62 -0.466667
59 63 -0.200000
59 64 0.200000
59 123 -0.600000
60 61 3.666667
60 62 -0.733333
60 63 0.066667
60 64 1.000000
60 124 5.000000
65 69 0.600000
65 70 -0.600000
65 71 -0.200000
65 72 0.866667
65 129 0.066667
66 69 0.066667
66 70 -0.466667
66 71 0.866667
66 72 1.000000
66 130 -0.600000
67 69 -0.866667
67 70 -0.866667
67 71 -1.000000
67 72 -0.600000
67 131 -0.333333
68 69 -0.866667
68 70 0.333333
68 71 -0.200000
68 72 -0.733333
68 132 -1.000000
69 77 1.000000
70 78 -0.733333
71 79 -0.066667
72 80 -0.733333
73 77 -0.466667
73 78 -1.000000
73 79 1.000000
73 80 0.600000
73 137 -0.466667
74 77 0.200000
74 78 1.000000
74 79 0.066667
74 80 -1.000000
74 138 -1.000000
75 77 0.866667
75 78 0.866667
75 79 -0.466667
75 80 -0.466667
75 139 -0.333333
76 77 0.466667
76 78 0.333333
76 79 0.066667
76 80 -0.200000
76 140 -0.733333
77 85 -0.466667
78 86 -5.000000
79 87 0.200000
80 88 0.866667
81 85 -3.666667
81 86 -3.666667
81 87 0.333333
81 88 -0.200000
81 145 0.600000
82 85 4.333333
82 86 -0.333333
82 87 0.333333
82 88 -5.000000
82 146 0.200000
83 85 3.666667
83 86 0.333333
83 87 0.466667
83 88 0.466667
83 147 -5.000000
84 85 -0.066667
84 86 -0.333333
84 87 0.066667
84 88 -4.333333
84 148 -1.000000
85 93 -0.466667
86 94 0.600000
87 95 0.066667
88 96 -0.466667
89 93 3.000000
89 94 0.066667
89 95 0.733333
89 96 -0.866667
89 153 0.066667
90 93 -0.200000
90 94 -0.066667
90 95 -0.600000
90 96 -0.466667
90 154 0.066667
91 93 -0.466667
91 94 0.333333
91 95 0.333333
91 96 -0.600000
91 155 -0.600000
92 93 0.466667
92 94 -3.000000
92 95 0.733333
92 96 -0.333333
92 156 1.000000
93 101 0.600000
94 102 -0.066667
95 103 -0.200000
96 104 0.733333
97 101 0.600000
97 102 0.733333
97 103 0.466667
97 104 -0.466667
97 161 -0.333333
98 101 -0.600000
98 102 0.333333
98 103 -0.200000
98 104 0.466667
98 162 0.200000
99 101 3.000000
99 102 -0.066667
99 103 3.666667
99 104 -0.600000
99 163 0.600000
100 101 -0.200000
100 102 -0.200000
100 103 -0.733333
100 104 0.733333
100 164 -0.733333
101 109 -0.600000
102 110 -0.333333
103 111 2.333333
104 112 -0.466667
105 109 0.600000
105 110 0.600000
105 111 0.066667
105 112 -0.466667
105 169 0.333333
106 109 -0.066667
106 110 0.733333
106 111 0.466667
106 112 0.733333
106 170 -0.600000
107 109 -0.733333
107 110 1.000000
107 111 -0.600000
107 112 -1.000000
107 171 -0.466667
108 109 0.866667
108 110 -0.200000
108 111 -0.733333
108 112 0.600000
108 172 0.733333
109 117 0.200000
110 118 0.333333
111 119 0.333333
112 120 0.733333
113 117 0.333333
113 118 0.066667
113 119 2.333333
113 120 0.200000
113 177 -0.066667
114 117 4.333333
114 118 -0.466667
114 119 -1.000000
114 120 -0.866667
114 178 -0.866667
115 117 0.066667
115 118 -0.066667
115 119 -0.066667
115 120 -0.866667
115 179 0.200000
116 117 1.000000
116 118 -0.333333
116 119 0.733333
116 120 -0.066667
116 180 -0.333333
117 125 0.866667
118 126 -0.600000
119 127 0.733333
120 128 4.333333
121 125 -0.600000
121 126 -0.600000
121 127 -0.066667
121 128 0.466667
121 185 1.000000
122 125 -1.000000
122 126 -1.666667
122 127 1.000000
122 128 -0.066667
122 186 0.600000
123 125 0.066667
123 126 -1.666667
123 127 -0.600000
123 128 0.066667
123 187 0.733333
124 125 -0.466667
124 126 -5.000000
124 127 -4.333333
124 128 -1.666667
124 188 -5.000000
129 133 -0.866667
129 134 0.600000
129 135 0.866667
129 136 0.066667
129 193 1.000000
130 133 -2.333333
130 134 -1.000000
130 135 0.600000
130 136 -0.466667
130 194 1.666667
131 133 -0.066667
131 134 -3.666667
131 135 -0.200000
131 136 -2.333333
131 195 1.000000
132 133 0.200000
132 134 1.666667
132 135 -0.733333
132 136 0.066667
132 196 -3.000000
133 141 0.733333
134 142 -0.733333
135 143 0.600000
136 144 -0.333333
137 141 1.000000
137 142 -0.200000
137 143 -0.866667
137 144 1.000000
137 201 -0.733333
138 141 0.733333
138 142 -0.866667
138 143 -1.000000
138 144 -0.866667
138 202 -0.733333
139 141 -0.733333
139 142 0.066667
139 143 -1.000000
139 144 0.200000
139 203 1.000000
140 141 -0.333333
140 142 -0.333333
140 143 -0.600000
140 144 0.466667
140 204 0.466667
141 149 0.733333
142 150 -0.200000
143 151 -0.200000
144 152 0.733333
145 149 -0.733333
145 150 0.866667
145 151 0.066667
145 152 0.066667
145 209 1.000000
146 149 0.466667
146 150 -0.200000
146 151 -0.200000
146 152 0.066667
146 210 -0.866667
147 149 0.066667
147 150 0.866667
147 151 -0.200000
147 152 -0.866667
147 211 1.000000
148 149 -0.200000
148 150 -1.000000
148 151 0.333333
148 152 0.200000
148 212 3.000000
149 157 0.066667
150 158 -1.666667
151 159 -0.733333
152 160 0.200000
153 157 -0.866667
153 158 0.466667
153 159 2.333333
153 160 -0.066667
153 217 5.000000
154 157 -0.733333
154 158 -3.666667
154 159 -0.066667
154 160 0.066667
154 218 -0.866667
155 157 1.000000
155 158 0.733333
155 159 -0.866667
155 160 -0.866667
155 219 0.200000
156 157 0.466667
156 158 0.200000
156 159 0.866667
156 160 0.333333
156 220 0.466667
157 165 -0.333333
158 166 0.733333
159 167 0.600000
160 168 0.866667
161 165 -0.866667
161 166 -0.200000
161 167 -0.733333
161 168 0.600000
161 225 -0.200000
162 165 0.333333
162 166 0.600000
162 167 -0.200000
162 168 -0.333333
162 226 -0.600000
163 165 0.466667
163 166 -0.466667
163 167 -0.866667
163 168 -1.000000
163 227 0.600000
164 165 0.466667
164 166 -0.866667
164 167 3.666667
164 168 -0.466667
164 228 0.866667
165 173 -5.000000
166 174 -0.200000
167 175 0.733333
168 176 -0.466667
169 173 0.466667
169 174 0.733333
169 175 -0.066667
169 176 -0.333333
169 233 0.200000
170 173 -3.000000
170 174 0.466667
170 175 0.866667
170 176 0.333333
170 234 1.000000
171 173 1.000000
171 174 -0.333333
171 175 1.000000
171 176 -0.733333
171 235 0.733333
172 173 0.200000
172 174 -0.733333
172 175 -0.066667
172 176 0.600000
172 236 -0.600000
173 181 0.066667
174 182 -0.333333
175 183 -0.066667
176 184 0.200000
177 181 0.466667
177 182 -0.200000
177 183 3.666667
177 184 0.066667
177 241 0.866667
178 181 0.333333
178 182 0.200000
178 183 -0.066667
178 184 -0.066667
178 242 -0.866667
179 181 -1.000000
179 182 -0.733333
179 183 -0.333333
179 184 -1.000000
179 243 -3.666667
180 181 -1.000000
180 182 -0.200000
180 183 -0.733333
180 184 0.866667
180 244 0.333333
181 189 0.866667
182 190 -0.866667
183 191 -0.600000
184 192 1.000000
185 189 -1.000000
185 190 -0.200000
185 191 1.000000
185 192 -0.733333
185 249 -1.000000
186 189 0.200000
186 190 0.066667
186 191 0.600000
186 192 0.866667
186 250 0.600000
187 189 0.866667
187 190 0.466667
187 191 0.866667
187 192 -1.000000
187 251 0.600000
188 189 0.600000
188 190 -3.000000
188 191 -0.333333
188 192 0.333333
188 252 0.600000
193 197 -0.066667
193 198 -0.600000
193 199 0.733333
193 200 0.866667
193 257 -0.066667
194 197 -5.000000
194 198 3.666667
194 199 0.200000
194 200 0.733333
194 258 -1.000000
195 197 -0.600000
195 198 -0.866667
195 199 -0.466667
195 200 0.466667
195 259 0.600000
196 197 3.000000
196 198 1.666667
196 199 0.333333
196 200 0.866667
196 260 1.000000
197 205 1.000000
198 206 3.666667
199 207 0.200000
200 208 3.000000
201 205 0.733333
201 206 1.000000
201 207 0.733333
201 208 -0.333333
201 265 0.733333
202 205 1.000000
202 206 -1.000000
202 207 -0.600000
202 208 -5.000000
202 266 -0.466667
203 205 -0.333333
203 206 -0.200000
203 207 -0.066667
203 208 -0.066667
203 267 1.000000
204 205 3.000000
204 206 -0.466667
204 207 -0.600000
204 208 -0.866667
204 268 1.000000
205 213 -0.866667
206 214 -0.600000
207 215 -0.466667
208 216 3.000000
209 213 0.066667
209 214 -0.866667
209 215 0.066667
209 216 -4.333333
209 273 -0.600000
210 213 1.000000
210 214 -0.733333
210 215 0.466667
210 216 -0.866667
210 274 -0.866667
211 213 0.333333
211 214 -0.600000
211 215 0.733333
211 216 -0.866667
211 275 -1.000000
212 213 0.066667
212 214 0.600000
212 215 -0.333333
212 216 0.200000
212 276 -0.066667
213 221 0.466667
214 222 -0.333333
215 223 0.866667
216 224 -0.733333
217 221 -0.066667
217 222 -0.066667
217 223 0.600000
217 224 -0.733333
217 281 -0.466667
218 221 0.466667
218 222 -0.866667
218 223 0.200000
218 224 -0.600000
218 282 -0.600000
219 221 0.066667
219 222 0.200000
219 223 0.333333
219 224 0.600000
219 283 0.333333
220 221 0.333333
220 222 -0.066667
220 223 -0.866667
220 224 -0.733333
220 284 0.733333
221 229 0.466667
222 230 0.866667
223 231 1.000000
224 232 -0.466667
225 229 0.466667
225 230 0.066667
225 231 0.066667
225 232 0.600000
225 289 0.733333
226 229 -0.866667
226 230 0.200000
226 231 -1.000000
226 232 -0.733333
226 290 0.600000
227 229 -0.733333
227 230 -0.066667
227 231 0.866667
227 232 0.600000
227 291 0.466667
228 229 -0.600000
228 230 -0.466667
228 231 0.200000
228 232 0.600000
228 292 -0.733333
229 237 2.333333
230 238 0.333333
231 239 -0.466667
232 240 -0.466667
233 237 -0.200000
233 238 0.066667
233 239 0.333333
233 240 0.466667
233 297 -0.066667
234 237 0.866667
234 238 0.733333
234 239 0.200000
234 240 -0.600000
234 298 -0.600000
235 237 0.333333
235 238 -1.000000
235 239 -0.600000
235 240 -0.733333
235 299 0.333333
236 237 -0.466667
236 238 0.333333
236 239 0.866667
236 240 -0.466667
236 300 1.000000
237 245 0.333333
238 246 0.200000
239 247 0.200000
240 248 0.600000
241 245 1.000000
241 246 -0.333333
241 247 0.200000
241 248 0.866667
241 305 -1.000000
242 245 -0.333333
242 246 0.733333
242 247 -0.466667
242 248 1.000000
242 306 0.866667
243 245 1.000000
243 246 -0.333333
243 247 -3.666667
243 248 1.000000
243 307 -0.066667
244 245 -0.200000
244 246 -1.000000
244 247 -0.866667
244 248 -0.733333
244 308 -0.066667
245 253 -0.600000
246 254 0.866667
247 255 0.200000
248 256 0.333333
249 253 0.866667
249 254 -0.600000
249 255 -0.866667
249 256 -0.600000
249 313 0.200000
250 253 0.066667
250 254 0.333333
250 255 -0.200000
250 256 -1.000000
250 314 -0.200000
251 253 -0.466667
251 254 -0.200000
251 255 0.466667
251 256 1.000000
251 315 -0.466667
252 253 0.466667
252 254 -0.466667
252 255 0.333333
252 256 -1.000000
252 316 -0.866667
257 261 0.600000
257 262 -1.000000
257 263 0.733333
257 264 0.866667
257 321 -1.000000
258 261 -0.600000
258 262 0.466667
258 263 -0.466667
258 264 -0.066667
258 322 -0.600000
259 261 0.733333
259 262 0.733333
259 263 0.466667
259 264 0.600000
259 323 -0.866667
260 261 0.333333
260 262 0.066667
260 263 -0.866667
260 264 0.600000
260 324 -3.666667
261 269 -0.600000
262 270 0.200000
263 271 -0.866667
264 272 0.466667
265 269 -0.866667
265 270 -0.333333
265 271 -0.733333
265 272 0.866667
265 329 -0.466667
266 269 0.466667
266 270 1.000000
266 271 0.733333
266 272 0.200000
266 330 -3.666667
267 269 0.466667
267 270 -0.733333
267 271 -0.866667
267 272 0.333333
267 331 -0.866667
268 269 -0.066667
268 270 0.866667
268 271 -0.066667
268 272 -0.866667
268 332 0.600000
269 277 -0.866667
270 278 5.000000
271 279 1.000000
272 280 0.866667
273 277 -0.066667
273 278 0.733333
273 279 -1.000000
273 280 -0.066667
273 337 -1.666667
274 277 -2.333333
274 278 -0.733333
274 279 0.866667
274 280 0.733333
274 338 -0.466667
275 277 -0.466667
275 278 -1.666667
275 279 -3.000000
275 280 0.733333
275 339 -0.200000
276 277 -0.733333
276 278 0.866667
276 279 -1.000000
276 280 -0.600000
276 340 1.000000
277 285 3.666667
278 286 0.466667
279 287 -0.733333
280 288 -0.733333
281 285 -0.333333
281 286 -0.333333
281 287 -0.866667
281 288 -0.200000
281 345 0.600000
282 285 -1.000000
282 286 -0.066667
282 287 0.466667
282 288 -1.000000
282 346 -0.200000
283 285 -0.733333
283 286 -1.000000
283 287 -0.600000
283 288 1.000000
283 347 0.733333
284 285 -1.000000
284 286 -0.600000
284 287 0.466667
284 288 1.000000
284 348 0.066667
285 293 -1.666667
286 294 -0.466667
287 295 0.466667
288 296 -0.600000
289 293 -0.733333
289 294 0.866667
289 295 0.466667
289 296 -0.733333
289 353 -1.000000
290 293 -0.466667
290 294 0.200000
290 295 0.733333
290 296 0.200000
290 354 0.200000
291 293 0.733333
291 294 -0.600000
291 295 1.000000
291 296 0.600000
291 355 -0.200000
292 293 0.866667
292 294 -0.200000
292 295 0.866667
292 296 0.866667
292 356 -1.000000
293 301 -1.000000
294 302 0.466667
295 303 0.200000
296 304 -0.200000
297 301 -0.733333
297 302 3.666667
297 303 0.866667
297 304 -0.600000
297 361 -0.066667
298 301 -1.000000
298 302 -0.733333
298 303 3.666667
298 304 -1.000000
298 362 0.866667
299 301 -0.866667
299 302 -4.333333
299 303 -0.066667
299 304 0.333333
299 363 -0.866667
300 301 0.333333
300 302 0.200000
300 303 -0.200000
300 304 0.200000
300 364 -0.333333
301 309 -0.066667
302 310 -0.866667
303 311 -0.200000
304 312 1.000000
305 309 -0.066667
305 310 0.733333
305 311 -0.866667
305 312 0.600000
305 369 -0.200000
306 309 -0.333333
306 310 -0.733333
306 311 -0.466667
306 312 -0.600000
306 370 -0.066667
307 309 0.066667
307 310 -0.333333
307 311 -0.066667
307 312 0.466667
307 371 -0.333333
308 309 -0.066667
308 310 -1.000000
308 311 1.000000
308 312 -1.000000
308 372 0.600000
309 317 0.466667
310 318 -3.666667
311 319 -0.600000
312 320 0.333333
313 317 0.066667
313 318 1.666667
313 319 1.666667
313 320 -3.666667
313 377 0.066667
314 317 -0.733333
314 318 -0.333333
314 319 0.600000
314 320 -0.333333
314 378 5.000000
315 317 -1.000000
315 318 -0.733333
315 319 0.600000
315 320 0.066667
315 379 0.466667
316 317 0.866667
316 318 0.333333
316 319 0.200000
316 320 -0.866667
316 380 0.733333
321 325 0.866667
321 326 0.066667
321 327 0.733333
321 328 0.333333
321 385 -0.600000
322 325 0.200000
322 326 -1.000000
322 327 -0.066667
322 328 0.866667
322 386 0.466667
323 325 -0.466667
323 326 0.600000
323 327 0.733333
323 328 0.466667
323 387 -0.066667
324 325 -0.466667
324 326 0.333333
324 327 -0.600000
324 328 4.333333
324 388 0.200000
325 333 -0.200000
326 334 -0.466667
327 335 -0.600000
328 336 -0.866667
329 333 -0.466667
329 334 0.200000
329 335 0.466667
329 336 -0.333333
329 393 -1.000000
330 333 -1.000000
330 334 0.333333
330 335 3.666667
330 336 -0.866667
330 394 -3.666667
331 333 1.666667
331 334 -0.600000
331 335 0.733333
331 336 -0.733333
331 395 -1.000000
332 333 -0.466667
332 334 0.066667
332 335 -3.000000
332 336 -1.000000
332 396 1.000000
333 341 0.733333
334 342 0.733333
335 343 -0.866667
336 344 -0.733333
337 341 0.466667
337 342 0.333333
337 343 1.000000
337 344 0.333333
337 401 -0.600000
338 341 0.466667
338 342 -0.066667
338 343 -0.200000
338 344 0.600000
338 402 0.200000
339 341 0.333333
339 342 -0.733333
339 343 0.600000
339 344 -1.000000
339 403 0.733333
340 341 0.333333
340 342 -0.866667
340 343 -0.733333
340 344 0.466667
340 404 -0.600000
341 349 0.866667
342 350 -0.866667
343 351 -0.333333
344 352 0.466667
345 349 -0.066667
345 350 -0.200000
345 351 -0.200000
345 352 0.066667
345 409 0.733333
346 349 -0.733333
346 350 -0.200000
346 351 -0.866667
346 352 0.200000
346 410 -0.333333
347 349 0.066667
347 350 0.466667
347 351 -0.333333
347 352 -0.866667
347 411 0.600000
348 349 -0.333333
348 350 -0.600000
348 351 -1.000000
348 352 0.200000
348 412 -0.466667
349 357 -0.200000
350 358 3.000000
351 359 -0.066667
352 360 0.333333
353 357 -0.733333
353 358 2.333333
353 359 -0.733333
353 360 -1.000000
353 417 0.733333
354 357 -0.733333
354 358 0.200000
354 359 0.466667
354 360 -0.466667
354 418 0.866667
355 357 0.866667
355 358 3.666667
355 359 1.000000
355 360 1.000000
355 419 0.333333
356 357 0.466667
356 358 0.733333
356 359 -0.066667
356 360 -0.733333
356 420 0.466667
357 365 3.666667
358 366 0.600000
359 367 0.733333
360 368 -0.333333
361 365 -0.333333
361 366 -1.000000
361 367 0.466667
361 368 -1.000000
361 425 0.600000
362 365 -0.733333
362 366 -0.200000
362 367 -0.200000
362 368 0.333333
362 426 -0.466667
363 365 -1.000000
363 366 -0.200000
363 367 -0.466667
363 368 0.733333
363 427 -1.000000
364 365 0.866667
364 366 0.200000
364 367 0.066667
364 368 -0.466667
364 428 -0.600000
365 373 3.666667
366 374 -0.466667
367 375 -0.200000
368 376 -0.333333
369 373 5.000000
369 374 -1.000000
369 375 0.200000
369 376 -1.000000
369 433 -0.066667
370 373 -0.466667
370 374 0.600000
370 375 0.733333
370 376 0.600000
370 434 -0.200000
371 373 4.333333
371 374 -1.000000
371 375 0.733333
371 376 0.733333
371 435 0.866667
372 373 -4.333333
372 374 0.066667
372 375 0.333333
372 376 -0.600000
372 436 0.600000
373 381 0.466667
374 382 1.000000
375 383 -1.000000
376 384 -3.666667
377 381 -0.466667
377 382 0.600000
377 383 -0.600000
377 384 -0.600000
377 441 0.200000
378 381 -1.000000
378 382 2.333333
378 383 0.200000
378 384 0.200000
378 442 -0.066667
379 381 0.866667
379 382 0.733333
379 383 0.733333
379 384 0.066667
379 443 -0.066667
380 381 -0.733333
380 382 0.200000
380 383 0.733333
380 384 0.600000
380 444 0.466667
385 389 -0.200000
385 390 -0.600000
385 391 0.866667
385 392 0.866667
385 449 0.733333
386 389 -0.866667
386 390 -0.466667
386 391 1.000000
386 392 -0.866667
386 450 -0.600000
387 389 0.200000
387 390 -0.200000
387 391 0.733333
387 392 -0.733333
387 451 -0.600000
388 389 -0.600000
388 390 0.200000
388 391 -0.066667
388 392 -0.866667
388 452 -0.200000
389 397 0.466667
390 398 -0.333333
391 399 -2.333333
392 400 0.066667
393 397 -3.666667
393 398 0.600000
393 399 -0.733333
393 400 1.000000
393 457 -0.466667
394 397 -5.000000
394 398 3.666667
394 399 3.666667
394 400 -4.333333
394 458 -0.333333
395 397 -0.333333
395 398 -1.000000
395 399 0.600000
395 400 0.333333
395 459 -1.000000
396 397 0.866667
396 398 0.066667
396 399 -0.866667
396 400 0.733333
396 460 0.066667
397 405 -0.733333
398 406 -0.066667
399 407 -0.200000
400 408 0.200000
401 405 -0.066667
401 406 0.200000
401 407 0.333333
401 408 0.333333
401 465 -1.000000
402 405 -0.600000
402 406 0.600000
402 407 0.866667
402 408 0.600000
402 466 -0.600000
403 405 1.000000
403 406 1.000000
403 407 0.066667
403 408 -0.066667
403 467 -1.000000
404 405 1.000000
404 406 -0.333333
404 407 -1.000000
404 408 3.666667
404 468 -0.066667
405 413 3.000000
406 414 -0.466667
407 415 -0.466667
408 416 -0.866667
409 413 -0.066667
409 414 1.000000
409 415 -0.733333
409 416 -0.600000
409 473 1.000000
410 413 -0.200000
410 414 0.600000
410 415 1.000000
410 416 -0.466667
410 474 0.066667
411 413 -0.066667
411 414 -0.866667
411 415 -1.000000
411 416 -0.200000
411 475 0.600000
412 413 -0.200000
412 414 0.733333
412 415 -0.466667
412 416 2.333333
412 476 0.733333
413 421 0.333333
414 422 0.866667
415 423 0.333333
416 424 0.066667
417 421 3.000000
417 422 -0.466667
417 423 0.866667
417 424 -0.333333
417 481 0.866667
418 421 1.000000
418 422 0.200000
418 423 -0.333333
418 424 -0.600000
418 482 -4.333333
419 421 -1.000000
419 422 -0.066667
419 423 0.600000
419 424 -0.600000
419 483 0.466667
420 421 -0.066667
420 422 -0.600000
420 423 0.866667
420 424 -0.466667
420 484 0.066667
421 429 0.866667
422 430 0.600000
423 431 0.466667
424 432 -0.466667
425 429 -0.200000
425 430 0.866667
425 431 0.066667
425 432 0.466667
425 489 0.066667
426 429 0.066667
426 430 -0.333333
426 431 -0.866667
426 432 -0.333333
426 490 0.066667
427 429 0.333333
427 430 0.866667
427 431 -0.200000
427 432 -0.466667
427 491 0.466667
428 429 -0.733333
428 430 0.066667
428 431 -0.466667
428 432 -0.066667
428 492 -0.733333
429 437 -1.000000
430 438 0.466667
431 439 -0.866667
432 440 -0.600000
433 437 -1.000000
433 438 0.466667
433 439 -1.000000
433 440 0.066667
433 497 -0.066667
434 437 -0.333333
434 438 -0.066667
434 439 -0.200000
434 440 0.066667
434 498 -1.000000
435 437 0.333333
435 438 -0.733333
435 439 4.333333
435 440 -1.000000
435 499 0.600000
436 437 -0.333333
436 438 0.600000
436 439 0.733333
436 440 0.866667
436 500 -1.000000
437 445 0.466667
438 446 0.733333
439 447 0.066667
440 448 -0.866667
441 445 3.000000
441 446 0.600000
441 447 -0.733333
441 448 -0.733333
441 505 3.000000
442 445 0.733333
442 446 -0.466667
442 447 0.066667
442 448 0.866667
442 506 -1.000000
443 445 -0.200000
443 446 -5.000000
443 447 -0.333333
443 448 0.466667
443 507 0.200000
444 445 4.333333
444 446 -0.066667
444 447 -0.200000
444 448 0.866667
444 508 0.200000
449 453 0.866667
449 454 0.333333
449 455 0.333333
449 456 -0.333333
450 453 -0.466667
450 454 -0.200000
450 455 -0.466667
450 456 0.600000
451 453 0.333333
451 454 -0.333333
451 455 0.200000
451 456 -0.466667
452 453 0.466667
452 454 -0.200000
452 455 -0.600000
452 456 -0.466667
453 461 -1.000000
454 462 0.200000
455 463 -0.866667
456 464 0.200000
457 461 0.866667
457 462 -0.733333
457 463 -0.333333
457 464 -1.000000
458 461 1.000000
458 462 -0.333333
458 463 0.733333
458 464 0.066667
459 461 -0.733333
459 462 0.333333
459 463 0.333333
459 464 0.333333
460 461 -1.000000
460 462 -0.066667
460 463 0.733333
460 464 -4.333333
461 469 -0.866667
462 470 0.333333
463 471 -0.466667
464 472 -0.466667
465 469 1.000000
465 470 0.600000
465 471 1.000000
465 472 -0.333333
466 469 -1.000000
466 470 -0.466667
466 471 -0.333333
466 472 0.066667
467 469 -1.000000
467 470 0.066667
467 471 -0.866667
467 472 -0.600000
468 469 0.466667
468 470 0.733333
468 471 -1.000000
468 472 -0.466667
469 477 -1.000000
470 478 0.733333
471 479 0.200000
472 480 -0.066667
473 477 -0.200000
473 478 0.866667
473 479 0.733333
473 480 -0.066667
474 477 1.000000
474 478 -0.466667
474 479 -0.200000
474 480 -0.066667
475 477 -0.066667
475 478 -0.600000
475 479 -0.600000
475 480 0.333333
476 477 -0.333333
476 478 -0.866667
476 479 0.866667
476 480 0.600000
477 485 -0.333333
478 486 -1.000000
479 487 -0.600000
480 488 -0.333333
481 485 -0.600000
481 486 0.733333
481 487 0.200000
481 488 0.200000
482 485 -0.066667
482 486 0.866667
482 487 0.733333
482 488 0.733333
483 485 0.600000
483 486 -0.333333
483 487 0.466667
483 488 -0.333333
484 485 0.200000
484 486 0.600000
484 487 -0.066667
484 488 0.200000
485 493 -0.600000
486 494 0.600000
487 495 1.000000
488 496 -0.466667
489 493 0.866667
489 494 1.000000
489 495 0.200000
489 496 -0.466667
490 493 0.200000
490 494 -0.333333
490 495 -0.200000
490 496 0.200000
491 493 -0.866667
491 494 0.866667
491 495 -0.733333
491 496 0.466667
492 493 -1.666667
492 494 -3.000000
492 495 0.066667
492 496 -0.066667
493 501 -5.000000
494 502 -0.866667
495 503 -0.466667
496 504 -0.066667
497 501 1.000000
497 502 1.000000
497 503 0.466667
497 504 -1.000000
498 501 0.733333
498 502 -0.733333
498 503 -0.066667
498 504 0.600000
499 501 -0.733333
499 502 1.000000
499 503 -3.666667
499 504 0.333333
500 501 -1.000000
500 502 -0.066667
500 503 0.733333
500 504 -0.733333
501 509 0.866667
502 510 -0.733333
503 511 0.200000
504 512 -0.600000
505 509 -1.000000
505 510 -0.600000
505 511 0.200000
505 512 0.866667
506 509 -1.000000
506 510 0.333333
506 511 0.333333
506 512 -0.333333
507 509 0.066667
507 510 -0.466667
507 511 -0.066667
507 512 -0.066667
508 509 -1.000000
508 510 0.066667
508 511 0.600000
508 512 -1.000000