#
1 1 0.200000
2 2 0.200000
3 3 0.040000
4 4 0.013333
5 5 0.066667
6 6 0.066667
7 7 0.146667
8 8 0.040000
9 9 -0.093333
10 10 0.146667
11 11 -0.066667
12 12 0.173333
13 13 0.173333
14 14 -0.120000
15 15 -0.013333
16 16 -0.093333
17 17 -0.066667
18 18 0.173333
19 19 -0.173333
20 20 -0.013333
21 21 0.146667
22 22 -0.040000
23 23 0.146667
24 24 -0.013333
25 25 -0.066667
26 26 0.200000
27 27 0.066667
28 28 0.173333
29 29 -0.120000
30 30 0.120000
31 31 -0.200000
32 32 -0.146667
33 33 0.173333
34 34 -0.040000
35 35 0.173333
36 36 -0.173333
37 37 0.200000
38 38 0.066667
39 39 0.066667
40 40 -0.040000
41 41 0.200000
42 42 0.146667
43 43 0.066667
44 44 0.173333
45 45 -0.120000
46 46 0.013333
47 47 -0.146667
48 48 0.200000
49 49 0.066667
50 50 0.200000
51 51 0.120000
52 52 0.040000
53 53 0.040000
54 54 0.040000
55 55 0.013333
56 56 0.066667
57 57 0.120000
58 58 0.066667
59 59 -0.093333
60 60 -0.093333
61 61 0.093333
62 62 0.093333
63 63 0.093333
64 64 0.066667
65 65 -0.093333
66 66 0.200000
67 67 0.146667
68 68 -0.120000
69 69 -0.146667
70 70 -0.120000
71 71 -0.146667
72 72 0.013333
73 73 -0.093333
74 74 -0.200000
75 75 -0.173333
76 76 0.146667
77 77 0.066667
78 78 0.120000
79 79 0.093333
80 80 0.120000
81 81 -0.093333
82 82 0.013333
83 83 0.120000
84 84 0.066667
85 85 -0.120000
86 86 0.200000
87 87 0.200000
88 88 -0.146667
89 89 0.146667
90 90 -0.093333
91 91 0.173333
92 92 -0.146667
93 93 0.066667
94 94 -0.146667
95 95 -0.200000
96 96 -0.040000
97 97 -0.013333
98 98 -0.173333
99 99 0.040000
100 100 0.040000
101 101 -0.066667
102 102 0.146667
103 103 0.013333
104 104 0.040000
105 105 -0.200000
106 106 -0.066667
107 107 -0.066667
108 108 -0.093333
109 109 0.093333
110 110 -0.146667
111 111 0.200000
112 112 -0.200000
113 113 -0.146667
114 114 -0.040000
115 115 -0.120000
116 116 0.173333
117 117 0.066667
118 118 -0.040000
119 119 -0.013333
120 120 -0.173333
121 121 0.093333
122 122 -0.013333
123 123 0.066667
124 124 0.013333
125 125 0.040000
126 126 0.146667
127 127 -0.066667
128 128 -0.120000
129 129 0.013333
130 130 -0.013333
131 131 0.173333
132 132 0.120000
133 133 -0.066667
134 134 -0.040000
135 135 -0.120000
136 136 -0.013333
137 137 -0.093333
138 138 0.093333
139 139 -0.120000
140 140 -0.120000
141 141 0.013333
142 142 -0.093333
143 143 -0.013333
144 144 -0.146667
145 145 -0.093333
146 146 0.146667
147 147 -0.040000
148 148 0.040000
149 149 0.120000
150 150 0.120000
151 151 -0.200000
152 152 -0.200000
153 153 -0.173333
154 154 -0.040000
155 155 -0.200000
156 156 0.013333
157 157 -0.093333
158 158 -0.200000
159 159 -0.013333
160 160 -0.066667
161 161 -0.173333
162 162 -0.173333
163 163 -0.200000
164 164 -0.200000
165 165 0.200000
166 166 -0.093333
167 167 -0.200000
168 168 -0.066667
169 169 0.146667
170 170 0.013333
171 171 0.120000
172 172 -0.146667
173 173 -0.093333
174 174 0.013333
175 175 0.120000
176 176 0.040000
177 177 -0.173333
178 178 0.200000
179 179 -0.146667
180 180 -0.173333
181 181 0.013333
182 182 0.146667
183 183 0.146667
184 184 0.066667
185 185 0.040000
186 186 0.066667
187 187 -0.146667
188 188 -0.013333
189 189 0.120000
190 190 0.093333
191 191 0.173333
192 192 -0.040000
193 193 -0.040000
194 194 -0.173333
195 195 0.093333
196 196 0.040000
197 197 0.120000
198 198 -0.013333
199 199 -0.093333
200 200 -0.146667
201 201 0.173333
202 202 0.040000
203 203 -0.040000
204 204 -0.013333
205 205 0.093333
206 206 -0.066667
207 207 0.013333
208 208 -0.146667
209 209 0.200000
210 210 -0.173333
211 211 -0.040000
212 212 -0.040000
213 213 -0.146667
214 214 -0.120000
215 215 0.093333
216 216 0.173333
217 217 -0.066667
218 218 -0.013333
219 219 0.040000
220 220 -0.173333
221 221 0.040000
222 222 -0.040000
223 223 -0.093333
224 224 -0.040000
225 225 -0.040000
226 226 0.093333
227 227 -0.120000
228 228 -0.200000
229 229 -0.066667
230 230 0.120000
231 231 -0.146667
232 232 0.013333
233 233 -0.066667
234 234 0.120000
235 235 -0.013333
236 236 -0.200000
237 237 0.066667
238 238 0.146667
239 239 -0.013333
240 240 0.146667
241 241 -0.040000
242 242 0.040000
243 243 -0.013333
244 244 0.173333
245 245 -0.146667
246 246 0.013333
247 247 -0.200000
248 248 -0.200000
249 249 -0.200000
250 250 0.013333
251 251 0.173333
252 252 0.040000
253 253 -0.173333
254 254 0.066667
255 255 -0.040000
256 256 0.146667
257 257 -0.013333
258 258 -0.066667
259 259 -0.066667
260 260 -0.120000
261 261 0.173333
262 262 -0.120000
263 263 -0.013333
264 264 -0.120000
265 265 -0.066667
266 266 0.040000
267 267 -0.066667
268 268 -0.146667
269 269 0.093333
270 270 -0.120000
271 271 0.173333
272 272 0.066667
273 273 -0.093333
274 274 0.120000
275 275 0.066667
276 276 -0.200000
277 277 0.040000
278 278 -0.120000
279 279 0.066667
280 280 0.013333
281 281 0.200000
282 282 -0.146667
283 283 0.013333
284 284 0.173333
285 285 -0.093333
286 286 0.040000
287 287 0.066667
288 288 0.200000
289 289 -0.093333
290 290 0.120000
291 291 -0.200000
292 292 0.066667
293 293 -0.173333
294 294 -0.093333
295 295 -0.093333
296 296 -0.066667
297 297 -0.173333
298 298 0.066667
299 299 0.093333
300 300 0.200000
301 301 0.146667
302 302 -0.200000
303 303 -0.093333
304 304 -0.093333
305 305 0.200000
306 306 -0.120000
307 307 0.120000
308 308 0.200000
309 309 -0.200000
310 310 0.093333
311 311 0.146667
312 312 0.013333
313 313 0.146667
314 314 -0.200000
315 315 0.093333
316 316 0.093333
317 317 0.013333
318 318 -0.093333
319 319 -0.013333
320 320 -0.066667
321 321 -0.173333
322 322 -0.040000
323 323 0.040000
324 324 0.013333
325 325 0.200000
326 326 0.173333
327 327 0.040000
328 328 -0.200000
329 329 0.013333
330 330 0.093333
331 331 0.146667
332 332 -0.093333
333 333 0.093333
334 334 -0.173333
335 335 -0.120000
336 336 -0.066667
337 337 -0.093333
338 338 -0.120000
339 339 -0.146667
340 340 -0.040000
341 341 -0.040000
342 342 -0.066667
343 343 0.146667
344 344 -0.120000
345 345 0.066667
346 346 0.146667
347 347 0.013333
348 348 0.173333
349 349 -0.120000
350 350 0.040000
351 351 -0.173333
352 352 -0.066667
353 353 0.013333
354 354 -0.013333
355 355 -0.173333
356 356 0.173333
357 357 0.173333
358 358 -0.013333
359 359 0.093333
360 360 0.146667
361 361 -0.200000
362 362 0.040000
363 363 -0.200000
364 364 -0.013333
365 365 -0.013333
366 366 0.013333
367 367 -0.013333
368 368 -0.093333
369 369 0.200000
370 370 -0.040000
371 371 0.146667
372 372 -0.200000
373 373 -0.093333
374 374 -0.066667
375 375 0.120000
376 376 0.066667
377 377 -0.173333
378 378 -0.040000
379 379 0.013333
380 380 -0.146667
381 381 -0.120000
382 382 -0.040000
383 383 0.146667
384 384 0.093333
385 385 0.120000
386 386 -0.013333
387 387 0.040000
388 388 0.200000
389 389 0.120000
390 390 -0.066667
391 391 -0.066667
392 392 0.200000
393 393 -0.093333
394 394 0.200000
395 395 -0.200000
396 396 0.093333
397 397 0.093333
398 398 0.146667
399 399 0.200000
400 400 -0.146667
401 401 0.200000
402 402 0.093333
403 403 0.173333
404 404 0.146667
405 405 0.040000
406 406 0.146667
407 407 -0.093333
408 408 0.093333
409 409 -0.146667
410 410 0.120000
411 411 0.200000
412 412 -0.013333
413 413 0.173333
414 414 -0.120000
415 415 -0.146667
416 416 0.120000
417 417 -0.120000
418 418 0.120000
419 419 0.040000
420 420 0.146667
421 421 -0.173333
422 422 0.013333
423 423 0.093333
424 424 0.040000
425 425 -0.093333
426 426 -0.173333
427 427 -0.200000
428 428 -0.040000
429 429 -0.200000
430 430 -0.093333
431 431 0.200000
432 432 0.093333
433 433 0.093333
434 434 -0.013333
435 435 0.173333
436 436 0.013333
437 437 0.173333
438 438 -0.173333
439 439 0.066667
440 440 0.066667
441 441 -0.146667
442 442 -0.066667
443 443 -0.013333
444 444 -0.173333
445 445 0.120000
446 446 -0.146667
447 447 -0.120000
448 448 0.173333
449 449 0.173333
450 450 -0.173333
451 451 -0.040000
452 452 0.120000
453 453 -0.146667
454 454 0.173333
455 455 -0.093333
456 456 0.066667
457 457 0.066667
458 458 0.173333
459 459 0.040000
460 460 0.146667
461 461 -0.013333
462 462 0.200000
463 463 0.120000
464 464 -0.066667
465 465 0.146667
466 466 0.093333
467 467 -0.200000
468 468 0.200000
469 469 -0.173333
470 470 -0.173333
471 471 0.013333
472 472 0.093333
473 473 -0.093333
474 474 -0.013333
475 475 -0.146667
476 476 -0.120000
477 477 -0.146667
478 478 0.093333
479 479 -0.040000
480 480 -0.040000
481 481 0.066667
482 482 0.120000
483 483 0.173333
484 484 0.120000
485 485 -0.200000
486 486 0.173333
487 487 0.013333
488 488 0.066667
489 489 -0.200000
490 490 -0.066667
491 491 0.093333
492 492 -0.146667
493 493 -0.173333
494 494 -0.173333
495 495 -0.146667
496 496 0.040000
497 497 0.173333
498 498 -0.173333
499 499 0.146667
500 500 -0.093333
501 501 0.066667
502 502 -0.066667
503 503 0.093333
504 504 0.200000
505 505 -0.040000
506 506 -0.200000
507 507 -0.013333
508 508 -0.200000
509 509 0.173333
510 510 -0.013333
511 511 -0.040000
512 512 -0.146667
1 5 -0.600000
1 6 -0.600000
1 7 -1.666667
1 8 -0.866667
1 65 3.000000
2 5 -0.600000
2 6 0.600000
2 7 0.066667
2 8 -0.333333
2 66 -0.600000
3 5 -0.200000
3 6 -0.600000
3 7 0.200000
3 8 1.000000
3 67 -0.066667
4 5 0.733333
4 6 -1.000000
4 7 0.600000
4 8 -1.000000
4 68 -0.866667
5 13 -0.333333
6 14 1.000000
7 15 -0.333333
8 16 -0.066667
9 13 -0.200000
9 14 0.200000
9 15 -5.000000
9 16 0.466667
9 73 0.600000
10 13 -0.466667
10 14 0.733333
10 15 0.466667
10 16 -1.000000
10 74 -0.466667
11 13 0.066667
11 14 -0.466667
11 15 0.466667
11 16 0.733333
11 75 0.066667
12 13 -0.066667
12 14 -0.200000
12 15 -0.333333
12 16 0.066667
12 76 0.333333
13 21 -0.066667
14 22 -0.200000
15 23 1.000000
16 24 -0.866667
17 21 0.466667
17 22 -0.200000
17 23 0.200000
17 24 -0.200000
17 81 -0.866667
18 21 -0.200000
18 22 -0.333333
18 23 -0.866667
18 24 0.466667
18 82 -0.200000
19 21 -0.333333
19 22 -0.333333
19 23 -0.866667
19 24 0.200000
19 83 0.066667
20 21 0.733333
20 22 0.200000
20 23 0.600000
20 24 0.466667
20 84 0.466667
21 29 0.066667
22 30 -0.733333
23 31 0.066667
24 32 -0.600000
25 29 3.000000
25 30 0.866667
25 31 -3.000000
25 32 -0.333333
25 89 -0.866667
26 29 0.066667
26 30 -0.866667
26 31 -0.333333
26 32 0.466667
26 90 -0.066667
27 29 0.466667
27 30 0.466667
27 31 -0.866667
27 32 0.200000
27 91 -0.333333
28 29 -0.600000
28 30 -0.466667
28 31 -0.333333
28 32 0.600000
28 92 0.066667
29 37 0.600000
30 38 0.333333
31 39 -0.733333
32 40 -0.066667
33 37 1.000000
33 38 -0.066667
33 39 3.000000
33 40 -1.000000
33 97 0.866667
34 37 -0.333333
34 38 -0.333333
34 39 1.000000
34 40 1.666667
34 98 0.600000
35 37 0.066667
35 38 -1.000000
35 39 -0.066667
35 40 -0.066667
35 99 -0.066667
36 37 -0.466667
36 38 0.200000
36 39 -0.066667
36 40 3.666667
36 100 -0.600000
37 45 0.466667
38 46 -1.000000
39 47 0.466667
40 48 -5.000000
41 45 2.333333
41 46 0.066667
41 47 0.066667
41 48 1.666667
41 105 0.733333
42 45 -0.200000
42 46 -0.733333
42 47 0.866667
42 48 -0.333333
42 106 2.333333
43 45 -5.000000
43 46 4.333333
43 47 -0.600000
43 48 0.066667
43 107 -0.200000
44 45 4.333333
44 46 -0.866667
44 47 -0.066667
44 48 0.600000
44 108 0.066667
45 53 1.666667
46 54 1.000000
47 55 0.333333
48 56 -0.333333
49 53 -0.733333
49 54 -0.200000
49 55 -0.600000
49 56 1.000000
49 113 -0.600000
50 53 -0.866667
50 54 0.600000
50 55 -1.000000
50 56 -1.000000
50 114 -0.866667
51 53 -0.866667
51 54 0.066667
51 55 1.000000
51 56 0.066667
51 115 0.866667
52 53 -0.866667
52 54 0.333333
52 55 0.200000
52 56 1.000000
52 116 0.733333
53 61 0.466667
54 62 4.333333
55 63 -0.733333
56 64 -0.466667
57 61 0.733333
57 62 0.600000
57 63 0.866667
57 64 0.200000
57 121 -0.200000
58 61 -1.666667
58 62 -0.333333
58 63 -4.333333
58 64 -0.866667
58 122 -1.000000
59 61 0.466667
59 62 0.333333
59 63 -1.000000
59 64 -0.333333
59 123 0.200000
60 61 -0.066667
60 62 -0.066667
60 63 4.333333
60 64 0.333333
60 124 -0.600000
65 69 -4.333333
65 70 -0.466667
65 71 -0.600000
65 72 -1.000000
65 129 0.866667
66 69 -3.666667
66 70 -0.200000
66 71 4.333333
66 72 0.066667
66 130 4.333333
67 69 0.066667
67 70 0.200000
67 71 0.600000
67 72 1.000000
67 131 4.333333
68 69 -0.066667
68 70 -0.200000
68 71 0.733333
68 72 -1.000000
68 132 0.866667
69 77 4.333333
70 78 0.866667
71 79 -0.333333
72 80 0.733333
73 77 0.066667
73 78 -0.733333
73 79 -0.733333
73 80 1.666667
73 137 -0.866667
74 77 -0.066667
74 78 0.733333
74 79 -5.000000
74 80 4.333333
74 138 1.000000
75 77 -0.600000
75 78 0.200000
75 79 0.200000
75 80 0.466667
75 139 0.333333
76 77 -1.000000
76 78 1.000000
76 79 0.466667
76 80 -4.333333
76 140 5.000000
77 85 0.466667
78 86 -0.466667
79 87 0.066667
80 88 -0.466667
81 85 -0.466667
81 86 -0.600000
81 87 0.066667
81 88 1.000000
81 145 -0.866667
82 85 -1.000000
82 86 -0.200000
82 87 -0.466667
82 88 0.200000
82 146 -0.066667
83 85 0.733333
83 86 0.600000
83 87 0.066667
83 88 -0.866667
83 147 0.200000
84 85 0.466667
84 86 0.600000
84 87 -0.200000
84 88 -0.600000
84 148 -0.066667
85 93 0.600000
86 94 0.866667
87 95 -0.600000
88 96 0.066667
89 93 0.066667
89 94 -0.466667
89 95 1.000000
89 96 0.866667
89 153 -0.200000
90 93 0.733333
90 94 0.733333
90 95 -0.466667
90 96 -1.666667
90 154 -0.600000
91 93 -0.200000
91 94 -3.666667
91 95 -1.000000
91 96 0.600000
91 155 0.200000
92 93 0.600000
92 94 0.466667
92 95 0.333333
92 96 1.000000
92 156 0.600000
93 101 0.333333
94 102 0.600000
95 103 -1.000000
96 104 -4.333333
97 101 -1.666667
97 102 0.600000
97 103 3.666667
97 104 0.733333
97 161 0.600000
98 101 -0.866667
98 102 -0.333333
98 103 -1.000000
98 104 -0.733333
98 162 -1.000000
99 101 0.333333
99 102 -1.666667
99 103 3.000000
99 104 1.000000
99 163 5.000000
100 101 -0.866667
100 102 0.600000
100 103 -0.066667
100 104 0.333333
100 164 0.466667
101 109 3.000000
102 110 2.333333
103 111 -0.733333
104 112 0.733333
105 109 -3.000000
105 110 0.600000
105 111 -0.066667
105 112 -0.333333
105 169 -0.333333
106 109 -0.866667
106 110 -3.000000
106 111 -1.000000
106 112 0.733333
106 170 -0.866667
107 109 3.000000
107 110 -0.733333
107 111 -0.466667
107 112 -0.333333
107 171 -0.600000
108 109 1.000000
108 110 0.200000
108 111 -0.200000
108 112 -0.733333
108 172 0.733333
109 117 -0.600000
110 118 0.600000
111 119 -0.866667
112 120 -1.000000
113 117 -0.466667
113 118 0.066667
113 119 0.600000
113 120 1.000000
113 177 0.866667
114 117 0.200000
114 118 0.866667
114 119 0.066667
114 120 -0.733333
114 178 -0.200000
115 117 -1.000000
115 118 -1.000000
115 119 0.600000
115 120 0.066667
115 179 0.466667
116 117 0.333333
116 118 1.000000
116 119 -0.466667
116 120 1.000000
116 180 0.333333
117 125 1.000000
118 126 -0.333333
119 127 0.866667
120 128 0.200000
121 125 0.600000
121 126 0.066667
121 127 0.733333
121 128 -0.600000
121 185 1.000000
122 125 -0.066667
122 126 0.200000
122 127 -0.466667
122 128 -0.733333
122 186 0.066667
123 125 0.066667
123 126 0.066667
123 127 0.600000
123 128 0.466667
123 187 -0.333333
124 125 -0.466667
124 126 -0.333333
124 127 -0.600000
124 128 0.466667
124 188 -2.333333
129 133 -0.600000
129 134 0.866667
129 135 1.000000
129 136 -1.000000
129 193 -0.066667
130 133 1.000000
130 134 -2.333333
130 135 0.066667
130 136 -0.600000
130 194 -1.000000
131 133 -2.333333
131 134 0.333333
131 135 1.000000
131 136 -0.333333
131 195 -0.066667
132 133 -1.666667
132 134 4.333333
132 135 -0.466667
132 136 0.733333
132 196 0.466667
133 141 -0.333333
134 142 -0.466667
135 143 0.866667
136 144 0.600000
137 141 -0.600000
137 142 0.333333
137 143 -0.600000
137 144 -0.466667
137 201 0.333333
138 141 0.600000
138 142 0.600000
138 143 0.466667
138 144 -0.200000
138 202 0.600000
139 141 -1.666667
139 142 1.666667
139 143 -0.333333
139 144 -1.000000
139 203 0.600000
140 141 3.666667
140 142 0.200000
140 143 0.600000
140 144 -1.000000
140 204 -0.733333
141 149 1.000000
142 150 -0.066667
143 151 0.600000
144 152 -0.333333
145 149 -0.333333
145 150 0.866667
145 151 -0.333333
145 152 -0.200000
145 209 0.866667
146 149 0.066667
146 150 0.200000
146 151 0.066667
146 152 0.066667
146 210 0.733333
147 149 0.600000
147 150 -0.733333
147 151 -0.200000
147 152 0.600000
147 211 0.600000
148 149 0.066667
148 150 0.733333
148 151 0.866667
148 152 0.200000
148 212 1.000000
149 157 -0.066667
150 158 -1.000000
151 159 0.866667
152 160 5.000000
153 157 -0.200000
153 158 -0.733333
153 159 -1.000000
153 160 0.066667
153 217 -1.666667
154 157 0.066667
154 158 -1.000000
154 159 0.066667
154 160 0.066667
154 218 1.000000
155 157 0.333333
155 158 0.066667
155 159 1.000000
155 160 0.200000
155 219 0.600000
156 157 0.466667
156 158 -0.733333
156 159 0.866667
156 160 -0.466667
156 220 1.000000
157 165 -0.200000
158 166 0.733333
159 167 -0.333333
160 168 0.066667
161 165 -1.000000
161 166 0.333333
161 167 -0.866667
161 168 0.066667
161 225 0.733333
162 165 -0.600000
162 166 -0.733333
162 167 -0.333333
162 168 -0.600000
162 226 0.066667
163 165 0.466667
163 166 0.200000
163 167 0.466667
163 168 1.000000
163 227 0.733333
164 165 1.000000
164 166 -0.733333
164 167 -0.600000
164 168 -0.733333
164 228 -1.000000
165 173 -0.200000
166 174 0.733333
167 175 0.733333
168 176 0.866667
169 173 0.733333
169 174 -0.333333
169 175 -0.733333
169 176 -0.600000
169 233 -0.866667
170 173 -0.733333
170 174 -1.000000
170 175 -3.000000
170 176 -0.333333
170 234 -3.000000
171 173 -0.333333
171 174 -0.333333
171 175 0.333333
171 176 0.466667
171 235 -3.666667
172 173 -0.733333
172 174 0.600000
172 175 0.600000
172 176 -0.066667
172 236 0.066667
173 181 1.000000
174 182 0.333333
175 183 -0.066667
176 184 0.866667
177 181 0.733333
177 182 -0.066667
177 183 0.733333
177 184 -0.866667
177 241 -0.333333
178 181 1.000000
178 182 0.066667
178 183 -0.600000
178 184 1.000000
178 242 -0.066667
179 181 -0.200000
179 182 -0.333333
179 183 -0.200000
179 184 0.066667
179 243 -0.866667
180 181 -0.466667
180 182 0.333333
180 183 -0.066667
180 184 1.000000
180 244 -0.600000
181 189 0.200000
182 190 1.000000
183 191 -0.333333
184 192 -0.466667
185 189 0.866667
185 190 0.733333
185 191 0.333333
185 192 -5.000000
185 249 -1.000000
186 189 3.666667
186 190 -0.333333
186 191 0.066667
186 192 5.000000
186 250 0.466667
187 189 0.600000
187 190 5.000000
187 191 0.733333
187 192 1.000000
187 251 -0.866667
188 189 -1.000000
188 190 5.000000
188 191 -0.200000
188 192 1.000000
188 252 -1.000000
193 197 -0.066667
193 198 -0.600000
193 199 -0.733333
193 200 -0.600000
193 257 -0.600000
194 197 -0.733333
194 198 0.200000
194 199 0.866667
194 200 0.466667
194 258 -0.066667
195 197 0.866667
195 198 -0.866667
195 199 -0.066667
195 200 -0.733333
195 259 0.866667
196 197 0.466667
196 198 -0.600000
196 199 0.333333
196 200 0.466667
196 260 -5.000000
197 205 0.600000
198 206 -0.866667
199 207 -0.600000
200 208 0.333333
201 205 1.000000
201 206 0.466667
201 207 0.333333
201 208 -0.866667
201 265 -0.333333
202 205 0.333333
202 206 -0.733333
202 207 0.333333
202 208 0.466667
202 266 0.200000
203 205 -0.600000
203 206 -0.733333
203 207 -0.200000
203 208 0.333333
203 267 -0.466667
204 205 -0.333333
204 206 1.666667
204 207 -0.466667
204 208 -0.066667
204 268 0.333333
205 213 -0.866667
206 214 0.600000
207 215 0.066667
208 216 0.600000
209 213 -0.066667
209 214 0.333333
209 215 0.066667
209 216 -0.733333
209 273 0.066667
210 213 0.733333
210 214 -0.733333
210 215 0.333333
210 216 -0.866667
210 274 1.000000
211 213 -0.200000
211 214 0.600000
211 215 0.866667
211 216 -0.200000
211 275 -0.733333
212 213 0.333333
212 214 -1.000000
212 215 -0.866667
212 216 -0.866667
212 276 0.866667
213 221 -0.866667
214 222 0.866667
215 223 -0.466667
216 224 -0.200000
217 221 0.733333
217 222 -0.866667
217 223 -0.200000
217 224 -0.600000
217 281 0.333333
218 221 0.466667
218 222 0.866667
218 223 -0.333333
218 224 0.600000
218 282 0.066667
219 221 1.000000
219 222 0.866667
219 223 0.066667
219 224 -0.333333
219 283 -0.200000
220 221 0.466667
220 222 1.000000
220 223 -0.466667
220 224 -0.066667
220 284 0.200000
221 229 -0.333333
222 230 0.466667
223 231 0.600000
224 232 -0.600000
225 229 -0.466667
225 230 -0.466667
225 231 -0.066667
225 232 0.866667
225 289 -0.466667
226 229 -0.600000
226 230 -0.066667
226 231 -1.000000
226 232 0.866667
226 290 -0.600000
227 229 -0.200000
227 230 -0.200000
227 231 0.200000
227 232 0.066667
227 291 0.466667
228 229 -0.333333
228 230 -0.733333
228 231 0.866667
228 232 -0.466667
228 292 -0.066667
229 237 -0.066667
230 238 0.733333
231 239 0.466667
232 240 0.600000
233 237 -0.200000
233 238 -0.466667
233 239 0.466667
233 240 1.000000
233 297 -0.333333
234 237 -0.333333
234 238 1.000000
234 239 -0.066667
234 240 -0.333333
234 298 -1.000000
235 237 0.733333
235 238 0.066667
235 239 -0.600000
235 240 0.600000
235 299 0.600000
236 237 -0.333333
236 238 0.866667
236 239 -0.600000
236 240 -0.333333
236 300 0.466667
237 245 -0.600000
238 246 -0.600000
239 247 -0.333333
240 248 0.466667
241 245 -0.200000
241 246 -0.866667
241 247 0.600000
241 248 -0.600000
241 305 0.066667
242 245 -0.733333
242 246 0.200000
242 247 0.333333
242 248 0.600000
242 306 0.866667
243 245 0.200000
243 246 -0.333333
243 247 0.200000
243 248 -0.066667
243 307 -0.200000
244 245 -0.600000
244 246 0.333333
244 247 0.600000
244 248 -0.866667
244 308 -0.333333
245 253 -0.866667
246 254 0.066667
247 255 -0.733333
248 256 0.600000
249 253 1.000000
249 254 -0.466667
249 255 0.866667
249 256 -0.600000
249 313 0.066667
250 253 0.866667
250 254 -0.866667
250 255 0.200000
250 256 -0.333333
250 314 0.733333
251 253 0.733333
251 254 0.333333
251 255 0.333333
251 256 -0.733333
251 315 0.200000
252 253 -0.866667
252 254 -0.333333
252 255 0.733333
252 256 1.666667
252 316 2.333333
257 261 -0.333333
257 262 0.333333
257 263 -0.600000
257 264 -0.333333
257 321 -0.333333
258 261 -0.333333
258 262 -1.000000
258 263 -0.600000
258 264 -1.000000
258 322 3.000000
259 261 -0.733333
259 262 -0.333333
259 263 -0.066667
259 264 0.866667
259 323 -0.466667
260 261 -0.333333
260 262 3.666667
260 263 2.333333
260 264 0.333333
260 324 0.600000
261 269 -0.866667
262 270 0.600000
263 271 0.200000
264 272 -1.000000
265 269 0.600000
265 270 -0.066667
265 271 -0.066667
265 272 -0.466667
265 329 0.600000
266 269 -0.200000
266 270 0.866667
266 271 -1.000000
266 272 -0.600000
266 330 -0.066667
267 269 -0.333333
267 270 1.000000
267 271 -0.466667
267 272 -0.333333
267 331 -0.733333
268 269 0.333333
268 270 0.466667
268 271 -0.333333
268 272 -1.000000
268 332 -0.733333
269 277 -0.200000
270 278 -0.333333
271 279 0.333333
272 280 -0.066667
273 277 -1.000000
273 278 0.600000
273 279 0.600000
273 280 0.600000
273 337 -0.333333
274 277 1.000000
274 278 0.600000
274 279 0.866667
274 280 0.200000
274 338 -0.466667
275 277 0.200000
275 278 -0.733333
275 279 0.600000
275 280 0.200000
275 339 0.200000
276 277 -1.000000
276 278 1.000000
276 279 -0.733333
276 280 0.733333
276 340 -0.733333
277 285 -1.000000
278 286 -0.866667
279 287 0.200000
280 288 -0.200000
281 285 -0.066667
281 286 -0.333333
281 287 -0.200000
281 288 0.200000
281 345 -0.600000
282 285 0.066667
282 286 -1.000000
282 287 -0.733333
282 288 -0.466667
282 346 0.466667
283 285 3.000000
283 286 0.200000
283 287 -0.733333
283 288 -1.000000
283 347 0.333333
284 285 -0.200000
284 286 0.600000
284 287 0.466667
284 288 -1.000000
284 348 -0.466667
285 293 -0.733333
286 294 0.333333
287 295 -0.600000
288 296 -0.733333
289 293 -0.333333
289 294 1.666667
289 295 -0.733333
289 296 -1.000000
289 353 -0.066667
290 293 1.000000
290 294 -0.200000
290 295 0.600000
290 296 0.466667
290 354 -0.466667
291 293 -1.000000
291 294 -0.733333
291 295 0.066667
291 296 -0.733333
291 355 1.000000
292 293 -1.000000
292 294 1.000000
292 295 -0.866667
292 296 0.866667
292 356 1.000000
293 301 -0.066667
294 302 -0.466667
295 303 -0.200000
296 304 -0.333333
297 301 -0.200000
297 302 0.200000
297 303 0.733333
297 304 0.333333
297 361 -0.333333
298 301 0.866667
298 302 -0.866667
298 303 -0.066667
298 304 -0.333333
298 362 1.000000
299 301 0.600000
299 302 -0.600000
299 303 -0.600000
299 304 -0.333333
299 363 -0.333333
300 301 0.733333
300 302 -0.600000
300 303 1.000000
300 304 0.066667
300 364 0.333333
301 309 -0.733333
302 310 -0.866667
303 311 0.333333
304 312 0.600000
305 309 0.600000
305 310 -0.733333
305 311 -1.000000
305 312 0.200000
305 369 -0.466667
306 309 -0.733333
306 310 0.866667
306 311 -0.733333
306 312 -0.333333
306 370 0.200000
307 309 0.600000
307 310 -0.333333
307 311 -0.733333
307 312 -0.466667
307 371 -1.000000
308 309 -0.600000
308 310 1.000000
308 311 1.000000
308 312 -0.066667
308 372 0.333333
309 317 -1.000000
310 318 0.600000
311 319 0.866667
312 320 0.866667
313 317 0.600000
313 318 0.733333
313 319 0.333333
313 320 0.733333
313 377 -0.333333
314 317 -0.866667
314 318 0.733333
314 319 1.000000
314 320 -0.600000
314 378 0.466667
315 317 -1.000000
315 318 0.066667
315 319 0.866667
315 320 -0.600000
315 379 -0.600000
316 317 -0.600000
316 318 -0.333333
316 319 0.600000
316 320 0.333333
316 380 -0.866667
321 325 -0.466667
321 326 1.000000
321 327 -0.066667
321 328 0.066667
321 385 -0.066667
322 325 0.466667
322 326 -0.866667
322 327 0.733333
322 328 -1.000000
322 386 -1.000000
323 325 0.333333
323 326 0.733333
323 327 0.600000
323 328 0.200000
323 387 -1.000000
324 325 -0.733333
324 326 -0.333333
324 327 -0.733333
324 328 -0.466667
324 388 -0.466667
325 333 -0.866667
326 334 -0.200000
327 335 -0.733333
328 336 -0.066667
329 333 0.200000
329 334 -0.333333
329 335 -0.333333
329 336 -0.866667
329 393 -0.866667
330 333 0.866667
330 334 0.733333
330 335 1.000000
330 336 -1.000000
330 394 -0.600000
331 333 -0.733333
331 334 -0.600000
331 335 0.733333
331 336 -0.466667
331 395 0.866667
332 333 -0.866667
332 334 -0.200000
332 335 -0.466667
332 336 -0.466667
332 396 0.600000
333 341 -0.733333
334 342 4.333333
335 343 -0.600000
336 344 0.066667
337 341 -0.600000
337 342 0.066667
337 343 0.466667
337 344 -0.333333
337 401 0.466667
338 341 0.600000
338 342 0.466667
338 343 0.200000
338 344 -0.866667
338 402 -0.866667
339 341 -0.066667
339 342 0.466667
339 343 0.733333
339 344 -1.000000
339 403 -0.333333
340 341 -0.733333
340 342 -0.733333
340 343 -0.200000
340 344 -0.333333
340 404 -0.733333
341 349 0.866667
342 350 -0.866667
343 351 0.600000
344 352 0.866667
345 349 0.866667
345 350 -0.466667
345 351 0.333333
345 352 -0.466667
345 409 -0.600000
346 349 0.866667
346 350 -0.466667
346 351 -0.200000
346 352 -0.066667
346 410 0.066667
347 349 -0.466667
347 350 0.066667
347 351 -1.000000
347 352 0.200000
347 411 -0.733333
348 349 0.733333
348 350 0.333333
348 351 -0.466667
348 352 0.733333
348 412 -0.466667
349 357 -0.866667
350 358 -0.866667
351 359 0.466667
352 360 -0.600000
353 357 0.466667
353 358 -1.000000
353 359 -0.866667
353 360 1.000000
353 417 -1.000000
354 357 -0.866667
354 358 0.733333
354 359 -1.000000
354 360 -0.333333
354 418 0.600000
355 357 -0.866667
355 358 0.866667
355 359 -0.333333
355 360 0.333333
355 419 1.000000
356 357 -0.600000
356 358 1.000000
356 359 0.866667
356 360 0.866667
356 420 -0.333333
357 365 0.600000
358 366 0.600000
359 367 -1.000000
360 368 -0.066667
361 365 -0.733333
361 366 -0.200000
361 367 0.466667
361 368 1.000000
361 425 -1.000000
362 365 0.066667
362 366 0.466667
362 367 1.000000
362 368 0.466667
362 426 0.866667
363 365 0.866667
363 366 1.000000
363 367 0.466667
363 368 1.000000
363 427 -1.000000
364 365 -0.066667
364 366 -0.866667
364 367 -0.466667
364 368 -0.200000
364 428 1.000000
365 373 0.466667
366 374 0.333333
367 375 -0.600000
368 376 0.466667
369 373 0.066667
369 374 0.200000
369 375 0.466667
369 376 0.200000
369 433 -0.333333
370 373 -0.733333
370 374 -0.066667
370 375 -1.000000
370 376 0.333333
370 434 0.866667
371 373 0.066667
371 374 -0.200000
371 375 -0.733333
371 376 -0.733333
371 435 -0.466667
372 373 -0.733333
372 374 0.066667
372 375 -0.733333
372 376 0.466667
372 436 -1.000000
373 381 -0.200000
374 382 1.000000
375 383 -0.733333
376 384 -0.866667
377 381 -0.600000
377 382 0.066667
377 383 0.066667
377 384 0.600000
377 441 -0.466667
378 381 -0.866667
378 382 0.866667
378 383 0.333333
378 384 0.200000
378 442 -0.066667
379 381 0.333333
379 382 0.200000
379 383 5.000000
379 384 -0.200000
379 443 -1.000000
380 381 -0.200000
380 382 -1.000000
380 383 -5.000000
380 384 -0.333333
380 444 3.666667
385 389 -1.000000
385 390 1.000000
385 391 -0.866667
385 392 -0.333333
385 449 -0.066667
386 389 -0.733333
386 390 0.866667
386 391 1.666667
386 392 -0.866667
386 450 -0.466667
387 389 -0.200000
387 390 -1.000000
387 391 0.200000
387 392 -0.733333
387 451 1.000000
388 389 1.000000
388 390 5.000000
388 391 -0.466667
388 392 -0.066667
388 452 -0.600000
389 397 -0.200000
390 398 1.000000
391 399 0.333333
392 400 0.733333
393 397 -1.000000
393 398 -0.466667
393 399 -0.066667
393 400 0.600000
393 457 0.733333
394 397 1.000000
394 398 0.466667
394 399 -4.333333
394 400 -0.866667
394 458 -0.200000
395 397 -0.333333
395 398 -0.466667
395 399 1.666667
395 400 0.333333
395 459 -0.600000
396 397 0.466667
396 398 0.866667
396 399 -0.333333
396 400 -0.066667
396 460 -0.733333
397 405 0.333333
398 406 1.000000
399 407 -0.333333
400 408 -0.600000
401 405 -0.600000
401 406 -0.866667
401 407 1.000000
401 408 -0.866667
401 465 -0.466667
402 405 0.466667
402 406 -0.733333
402 407 -1.000000
402 408 -0.200000
402 466 0.466667
403 405 0.866667
403 406 0.066667
403 407 -0.333333
403 408 -0.733333
403 467 -0.600000
404 405 -0.733333
404 406 -0.866667
404 407 -0.066667
404 408 0.333333
404 468 0.600000
405 413 -0.600000
406 414 -0.200000
407 415 -0.333333
408 416 -0.466667
409 413 0.066667
409 414 1.000000
409 415 -0.466667
409 416 -0.866667
409 473 -0.733333
410 413 0.600000
410 414 0.333333
410 415 0.866667
410 416 -0.200000
410 474 -0.733333
411 413 -0.200000
411 414 -1.000000
411 415 1.000000
411 416 0.733333
411 475 1.000000
412 413 0.733333
412 414 -0.333333
412 415 -0.333333
412 416 -0.866667
412 476 1.000000
413 421 -0.733333
414 422 0.466667
415 423 -0.333333
416 424 -0.466667
417 421 -1.000000
417 422 0.733333
417 423 1.000000
417 424 0.733333
417 481 -0.333333
418 421 -0.866667
418 422 0.733333
418 423 -0.333333
418 424 -0.866667
418 482 -0.333333
419 421 -0.866667
419 422 0.200000
419 423 1.000000
419 424 -0.200000
419 483 -1.000000
420 421 -0.733333
420 422 -0.200000
420 423 2.333333
420 424 1.000000
420 484 0.333333
421 429 3.666667
422 430 0.333333
423 431 -0.066667
424 432 0.866667
425 429 0.866667
425 430 0.333333
425 431 -1.000000
425 432 -0.066667
425 489 -0.866667
426 429 -0.066667
426 430 -0.866667
426 431 -0.200000
426 432 0.466667
426 490 0.333333
427 429 0.466667
427 430 -0.333333
427 431 0.866667
427 432 0.066667
427 491 0.733333
428 429 0.200000
428 430 1.000000
428 431 0.866667
428 432 0.466667
428 492 -0.333333
429 437 5.000000
430 438 5.000000
431 439 0.066667
432 440 -1.000000
433 437 -1.000000
433 438 0.200000
433 439 4.333333
433 440 3.666667
433 497 -1.000000
434 437 0.466667
434 438 0.066667
434 439 -3.666667
434 440 -0.200000
434 498 -0.466667
435 437 -1.000000
435 438 -1.666667
435 439 0.866667
435 440 -0.200000
435 499 -0.066667
436 437 -2.333333
436 438 2.333333
436 439 -0.600000
436 440 -3.666667
436 500 -0.466667
437 445 -0.200000
438 446 4.333333
439 447 0.466667
440 448 -0.733333
441 445 0.200000
441 446 -0.066667
441 447 0.866667
441 448 0.600000
441 505 -0.066667
442 445 0.733333
442 446 1.666667
442 447 0.466667
442 448 -0.200000
442 506 -0.466667
443 445 1.666667
443 446 0.466667
443 447 0.600000
443 448 0.866667
443 507 0.600000
444 445 -0.333333
444 446 -3.000000
444 447 0.600000
444 448 -0.866667
444 508 -1.000000
449 453 -1.000000
449 454 0.200000
449 455 0.200000
449 456 0.866667
450 453 0.866667
450 454 0.066667
450 455 0.866667
450 456 -0.333333
451 453 0.866667
451 454 -0.600000
451 455 -0.600000
451 456 0.333333
452 453 0.066667
452 454 -0.466667
452 455 0.600000
452 456 -0.733333
453 461 -0.466667
454 462 0.733333
455 463 -0.466667
456 464 -0.733333
457 461 -0.733333
457 462 0.066667
457 463 0.466667
457 464 -0.733333
458 461 -0.733333
458 462 0.866667
458 463 0.466667
458 464 0.466667
459 461 -0.333333
459 462 0.200000
459 463 0.333333
459 464 0.466667
460 461 0.200000
460 462 0.333333
460 463 0.600000
460 464 -0.066667
461 469 0.200000
462 470 -0.733333
463 471 0.733333
464 472 -0.333333
465 469 -0.733333
465 470 0.066667
465 471 -0.200000
465 472 -0.733333
466 469 0.333333
466 470 -0.466667
466 471 -0.733333
466 472 -0.600000
467 469 0.066667
467 470 -0.733333
467 471 -0.866667
467 472 -0.600000
468 469 0.600000
468 470 0.600000
468 471 -0.333333
468 472 0.066667
469 477 3.000000
470 478 5.000000
471 479 0.866667
472 480 0.600000
473 477 -0.200000
473 478 -0.733333
473 479 0.200000
473 480 -0.600000
474 477 -0.600000
474 478 3.666667
474 479 -0.333333
474 480 5.000000
475 477 -0.333333
475 478 -0.200000
475 479 5.000000
475 480 -0.733333
476 477 -0.466667
476 478 -1.666667
476 479 -1.000000
476 480 1.000000
477 485 0.200000
478 486 0.866667
479 487 1.666667
480 488 0.200000
481 485 -0.866667
481 486 0.733333
481 487 0.333333
481 488 0.866667
482 485 3.666667
482 486 1.000000
482 487 3.666667
482 488 -0.600000
483 485 -0.733333
483 486 3.000000
483 487 0.066667
483 488 -0.200000
484 485 0.466667
484 486 -0.866667
484 487 1.000000
484 488 -0.466667
485 493 -0.866667
486 494 -0.200000
487 495 0.333333
488 496 -0.866667
489 493 -0.066667
489 494 -0.066667
489 495 -0.866667
489 496 -0.200000
490 493 -0.600000
490 494 -0.733333
490 495 1.000000
490 496 -0.066667
491 493 2.333333
491 494 1.666667
491 495 0.333333
491 496 1.000000
492 493 -0.733333
492 494 5.000000
492 495 0.866667
492 496 -0.466667
493 501 -0.866667
494 502 -1.666667
495 503 -0.866667
496 504 -0.333333
497 501 0.466667
497 502 0.333333
497 503 0.600000
497 504 2.333333
498 501 0.466667
498 502 -0.600000
498 503 -0.066667
498 504 0.066667
499 501 0.066667
499 502 -0.600000
499 503 0.600000
499 504 1.000000
500 501 -0.600000
500 502 0.466667
500 503 0.066667
500 504 0.733333
501 509 -0.200000
502 510 3.000000
503 511 0.866667
504 512 -4.333333
505 509 1.000000
505 510 0.866667
505 511 -0.600000
505 512 0.866667
506 509 5.000000
506 510 5.000000
506 511 1.000000
506 512 0.333333
507 509 0.866667
507 510 0.866667
507 511 0.866667
507 512 -1.000000
508 509 1.000000
508 510 -0.866667
508 511 1.000000
508 512 1.000000