#
1 5 1
1 6 -2
1 7 -4
1 8 2
2 5 -1
2 6 4
2 7 1
2 8 2
3 5 1
3 6 -2
3 7 -1
3 8 1
4 5 2
4 6 -1
4 7 2
4 8 -1
9 13 2
9 14 1
9 15 1
9 16 4
10 13 4
10 14 1
10 15 -2
10 16 -4
11 13 2
11 14 -2
11 15 -4
11 16 -4
12 13 1
12 14 -1
12 15 4
12 16 1
17 21 -4
17 22 2
17 23 -4
17 24 2
18 21 -2
18 22 -1
18 23 2
18 24 4
19 21 4
19 22 -2
19 23 1
19 24 2
20 21 4
20 22 2
20 23 1
20 24 2
25 29 2
25 30 -4
25 31 -1
25 32 -4
26 29 -2
26 30 -1
26 31 1
26 32 -2
27 29 -4
27 30 2
27 31 -1
27 32 -4
28 29 -4
28 30 -2
28 31 1
28 32 4
33 37 4
33 38 -4
33 39 -1
33 40 2
34 37 -4
34 38 2
34 39 4
34 40 -1
35 37 1
35 38 4
35 39 -4
35 40 -4
36 37 2
36 38 1
36 39 -1
36 40 2
41 45 4
41 46 -2
41 47 2
41 48 -4
42 45 1
42 46 4
42 47 -1
42 48 -4
43 45 -4
43 46 -1
43 47 1
43 48 1
44 45 2
44 46 -1
44 47 1
44 48 -4
49 53 2
49 54 2
49 55 -2
49 56 -4
50 53 -1
50 54 -2
50 55 1
50 56 -1
51 53 2
51 54 -4
51 55 1
51 56 1
52 53 1
52 54 2
52 55 -1
52 56 -4
57 61 -1
57 62 -2
57 63 -4
57 64 -2
58 61 1
58 62 4
58 63 -4
58 64 1
59 61 -4
59 62 2
59 63 -1
59 64 -1
60 61 4
60 62 -2
60 63 -2
60 64 -2
65 69 2
65 70 1
65 71 1
65 72 -4
66 69 -4
66 70 2
66 71 4
66 72 -4
67 69 4
67 70 4
67 71 2
67 72 4
68 69 4
68 70 4
68 71 -2
68 72 -2
73 77 2
73 78 4
73 79 -4
73 80 1
74 77 -4
74 78 2
74 79 1
74 80 1
75 77 4
75 78 2
75 79 -2
75 80 1
76 77 2
76 78 2
76 79 1
76 80 -4
81 85 -1
81 86 -2
81 87 4
81 88 1
82 85 -2
82 86 4
82 87 2
82 88 -2
83 85 -4
83 86 -1
83 87 -2
83 88 -4
84 85 -1
84 86 4
84 87 4
84 88 1
89 93 -2
89 94 -1
89 95 -4
89 96 -1
90 93 -2
90 94 4
90 95 2
90 96 -1
91 93 -2
91 94 4
91 95 -2
91 96 -2
92 93 1
92 94 -2
92 95 -4
92 96 -4
97 101 -1
97 102 4
97 103 -4
97 104 -1
98 101 4
98 102 1
98 103 1
98 104 -2
99 101 -1
99 102 4
99 103 -4
99 104 2
100 101 4
100 102 -2
100 103 2
100 104 -1
105 109 4
105 110 1
105 111 1
105 112 1
106 109 -2
106 110 -1
106 111 -1
106 112 -1
107 109 -2
107 110 -2
107 111 -4
107 112 1
108 109 2
108 110 1
108 111 4
108 112 1
113 117 -2
113 118 -4
113 119 -2
113 120 2
114 117 -2
114 118 1
114 119 -4
114 120 -2
115 117 -1
115 118 -2
115 119 4
115 120 -1
116 117 1
116 118 1
116 119 2
116 120 -2
121 125 4
121 126 4
121 127 -1
121 128 2
122 125 4
122 126 -2
122 127 2
122 128 -2
123 125 4
123 126 -2
123 127 -4
123 128 -2
124 125 -1
124 126 -1
124 127 -1
124 128 4
129 133 2
129 134 1
129 135 2
129 136 -1
130 133 4
130 134 -2
130 135 -1
130 136 -4
131 133 1
131 134 2
131 135 4
131 136 4
132 133 -2
132 134 -1
132 135 2
132 136 1
137 141 -4
137 142 -4
137 143 4
137 144 -2
138 141 1
138 142 -1
138 143 2
138 144 -2
139 141 2
139 142 -2
139 143 4
139 144 -2
140 141 -2
140 142 -4
140 143 -4
140 144 -4
145 149 -1
145 150 2
145 151 -4
145 152 -4
146 149 -2
146 150 -2
146 151 -1
146 152 4
147 149 -2
147 150 -4
147 151 -2
147 152 4
148 149 2
148 150 4
148 151 4
148 152 1
153 157 4
153 158 -2
153 159 2
153 160 -4
154 157 -2
154 158 2
154 159 4
154 160 4
155 157 1
155 158 -4
155 159 1
155 160 4
156 157 2
156 158 4
156 159 1
156 160 -2
161 165 -2
161 166 -2
161 167 -4
161 168 -2
162 165 -1
162 166 4
162 167 1
162 168 2
163 165 -4
163 166 -2
163 167 1
163 168 -2
164 165 -4
164 166 2
164 167 -1
164 168 1
169 173 -2
169 174 -4
169 175 -4
169 176 -1
170 173 4
170 174 -1
170 175 -1
170 176 4
171 173 -1
171 174 -1
171 175 2
171 176 -2
172 173 2
172 174 4
172 175 -2
172 176 1
177 181 -4
177 182 -4
177 183 1
177 184 -2
178 181 4
178 182 2
178 183 -2
178 184 2
179 181 4
179 182 4
179 183 -2
179 184 -2
180 181 1
180 182 2
180 183 -2
180 184 1
185 189 -4
185 190 -1
185 191 -2
185 192 -4
186 189 -1
186 190 2
186 191 4
186 192 2
187 189 4
187 190 1
187 191 -2
187 192 1
188 189 4
188 190 2
188 191 2
188 192 -2
193 197 2
193 198 -1
193 199 -2
193 200 -1
194 197 -4
194 198 -2
194 199 -1
194 200 -2
195 197 1
195 198 2
195 199 4
195 200 1
196 197 1
196 198 4
196 199 4
196 200 2
201 205 2
201 206 1
201 207 -2
201 208 -1
202 205 2
202 206 1
202 207 -1
202 208 4
203 205 -2
203 206 -1
203 207 2
203 208 1
204 205 2
204 206 -1
204 207 1
204 208 -2
209 213 1
209 214 -2
209 215 -4
209 216 4
210 213 4
210 214 -1
210 215 -1
210 216 -1
211 213 2
211 214 1
211 215 2
211 216 1
212 213 -4
212 214 -2
212 215 -2
212 216 -2
217 221 2
217 222 2
217 223 4
217 224 -4
218 221 -4
218 222 2
218 223 -2
218 224 -4
219 221 -2
219 222 1
219 223 -1
219 224 2
220 221 -4
220 222 2
220 223 -1
220 224 -2
225 229 2
225 230 -4
225 231 2
225 232 2
226 229 2
226 230 2
226 231 -1
226 232 1
227 229 2
227 230 -1
227 231 4
227 232 -2
228 229 1
228 230 -2
228 231 2
228 232 4
233 237 2
233 238 2
233 239 2
233 240 -1
234 237 2
234 238 1
234 239 -2
234 240 1
235 237 -2
235 238 -1
235 239 1
235 240 -4
236 237 -4
236 238 2
236 239 -1
236 240 -2
241 245 4
241 246 -4
241 247 1
241 248 1
242 245 -1
242 246 -2
242 247 -1
242 248 -1
243 245 -1
243 246 -2
243 247 -4
243 248 2
244 245 -2
244 246 4
244 247 1
244 248 4
249 253 4
249 254 2
249 255 -2
249 256 4
250 253 1
250 254 -1
250 255 4
250 256 1
251 253 -2
251 254 2
251 255 -2
251 256 1
252 253 2
252 254 -2
252 255 2
252 256 4
257 261 -2
257 262 2
257 263 -4
257 264 -4
258 261 -4
258 262 -4
258 263 -1
258 264 -1
259 261 4
259 262 -1
259 263 -1
259 264 1
260 261 1
260 262 -2
260 263 1
260 264 -2
265 269 -1
265 270 -4
265 271 2
265 272 2
266 269 -1
266 270 -4
266 271 4
266 272 -1
267 269 -2
267 270 2
267 271 -4
267 272 -1
268 269 -1
268 270 -4
268 271 1
268 272 -2
273 277 2
273 278 4
273 279 4
273 280 -2
274 277 2
274 278 -2
274 279 -2
274 280 -4
275 277 -4
275 278 4
275 279 4
275 280 -4
276 277 -1
276 278 2
276 279 1
276 280 1
281 285 1
281 286 4
281 287 2
281 288 -4
282 285 -1
282 286 1
282 287 -1
282 288 -2
283 285 -4
283 286 1
283 287 -2
283 288 1
284 285 -1
284 286 -1
284 287 2
284 288 -1
289 293 -2
289 294 -2
289 295 -1
289 296 -2
290 293 4
290 294 1
290 295 -2
290 296 -2
291 293 -2
291 294 -1
291 295 -1
291 296 -2
292 293 -2
292 294 -4
292 295 -2
292 296 -1
297 301 1
297 302 4
297 303 -1
297 304 -4
298 301 2
298 302 -1
298 303 1
298 304 -4
299 301 4
299 302 -2
299 303 -1
299 304 -2
300 301 -2
300 302 1
300 303 1
300 304 -2
305 309 -4
305 310 -2
305 311 -4
305 312 -4
306 309 -1
306 310 4
306 311 2
306 312 -1
307 309 -2
307 310 -1
307 311 4
307 312 4
308 309 -4
308 310 4
308 311 2
308 312 2
313 317 4
313 318 -1
313 319 4
313 320 4
314 317 -2
314 318 -4
314 319 -4
314 320 -4
315 317 4
315 318 2
315 319 -1
315 320 -1
316 317 -4
316 318 4
316 319 2
316 320 4
321 325 -2
321 326 -2
321 327 2
321 328 4
322 325 2
322 326 2
322 327 1
322 328 4
323 325 1
323 326 4
323 327 -1
323 328 4
324 325 -2
324 326 -1
324 327 1
324 328 -2
329 333 1
329 334 -4
329 335 4
329 336 -1
330 333 1
330 334 4
330 335 -4
330 336 4
331 333 4
331 334 4
331 335 1
331 336 -1
332 333 -4
332 334 1
332 335 4
332 336 4
337 341 -1
337 342 4
337 343 -4
337 344 2
338 341 2
338 342 1
338 343 4
338 344 1
339 341 2
339 342 4
339 343 2
339 344 2
340 341 2
340 342 -2
340 343 -2
340 344 -4
345 349 -4
345 350 2
345 351 1
345 352 -4
346 349 1
346 350 2
346 351 -4
346 352 4
347 349 -2
347 350 2
347 351 -2
347 352 -2
348 349 1
348 350 -2
348 351 1
348 352 4
353 357 -4
353 358 4
353 359 2
353 360 2
354 357 -4
354 358 2
354 359 1
354 360 -4
355 357 -1
355 358 -2
355 359 -4
355 360 1
356 357 -4
356 358 -4
356 359 1
356 360 1
361 365 -2
361 366 1
361 367 4
361 368 2
362 365 4
362 366 -1
362 367 2
362 368 -1
363 365 2
363 366 2
363 367 -2
363 368 1
364 365 -4
364 366 -4
364 367 2
364 368 -4
369 373 4
369 374 -4
369 375 1
369 376 -4
370 373 2
370 374 -1
370 375 1
370 376 2
371 373 -2
371 374 -1
371 375 -2
371 376 2
372 373 -4
372 374 4
372 375 -4
372 376 1
377 381 -4
377 382 1
377 383 4
377 384 -4
378 381 2
378 382 -2
378 383 2
378 384 -2
379 381 4
379 382 -1
379 383 -2
379 384 4
380 381 1
380 382 2
380 383 2
380 384 4
385 389 1
385 390 -2
385 391 -4
385 392 -1
386 389 4
386 390 -2
386 391 -4
386 392 2
387 389 -1
387 390 4
387 391 -1
387 392 -1
388 389 -2
388 390 -2
388 391 2
388 392 -4
393 397 4
393 398 4
393 399 -4
393 400 -2
394 397 -4
394 398 1
394 399 2
394 400 1
395 397 4
395 398 1
395 399 4
395 400 1
396 397 -4
396 398 2
396 399 2
396 400 4
401 405 -2
401 406 4
401 407 -2
401 408 2
402 405 -2
402 406 4
402 407 4
402 408 1
403 405 -4
403 406 -4
403 407 2
403 408 1
404 405 -1
404 406 -2
404 407 2
404 408 4
409 413 2
409 414 -1
409 415 -2
409 416 -1
410 413 -1
410 414 4
410 415 -2
410 416 -4
411 413 -4
411 414 4
411 415 -1
411 416 -2
412 413 -4
412 414 -4
412 415 4
412 416 4
417 421 1
417 422 4
417 423 4
417 424 2
418 421 -4
418 422 -2
418 423 -4
418 424 -4
419 421 -1
419 422 2
419 423 1
419 424 1
420 421 -2
420 422 -4
420 423 -4
420 424 1
425 429 1
425 430 1
425 431 -2
425 432 -2
426 429 -2
426 430 -2
426 431 2
426 432 1
427 429 -1
427 430 1
427 431 -4
427 432 2
428 429 4
428 430 -2
428 431 1
428 432 -4
433 437 -1
433 438 -4
433 439 -4
433 440 -2
434 437 -2
434 438 2
434 439 -1
434 440 -4
435 437 -4
435 438 1
435 439 -1
435 440 -2
436 437 1
436 438 -1
436 439 -2
436 440 -2
441 445 -1
441 446 1
441 447 -4
441 448 2
442 445 1
442 446 1
442 447 2
442 448 2
443 445 4
443 446 4
443 447 -4
443 448 -2
444 445 4
444 446 1
444 447 4
444 448 -1
449 453 2
449 454 4
449 455 -2
449 456 1
450 453 -1
450 454 -1
450 455 -2
450 456 -1
451 453 2
451 454 2
451 455 1
451 456 1
452 453 -4
452 454 -1
452 455 2
452 456 -4
457 461 -2
457 462 -1
457 463 -1
457 464 1
458 461 -1
458 462 -1
458 463 2
458 464 2
459 461 -2
459 462 1
459 463 -1
459 464 4
460 461 2
460 462 -1
460 463 -1
460 464 4
465 469 -2
465 470 -2
465 471 -1
465 472 -2
466 469 1
466 470 -2
466 471 -4
466 472 -4
467 469 -4
467 470 4
467 471 -2
467 472 -2
468 469 -4
468 470 2
468 471 -4
468 472 -2
473 477 -2
473 478 -1
473 479 1
473 480 2
474 477 1
474 478 -1
474 479 2
474 480 -2
475 477 2
475 478 4
475 479 -1
475 480 -4
476 477 -1
476 478 1
476 479 -1
476 480 -2
481 485 1
481 486 4
481 487 2
481 488 4
482 485 -1
482 486 -4
482 487 2
482 488 -2
483 485 2
483 486 1
483 487 -1
483 488 -2
484 485 -2
484 486 -2
484 487 1
484 488 -2
489 493 4
489 494 2
489 495 -4
489 496 4
490 493 1
490 494 -1
490 495 -1
490 496 -1
491 493 -2
491 494 1
491 495 -2
491 496 4
492 493 1
492 494 -4
492 495 1
492 496 1
497 501 -4
497 502 -4
497 503 -4
497 504 2
498 501 -4
498 502 1
498 503 4
498 504 1
499 501 2
499 502 -4
499 503 -4
499 504 -2
500 501 1
500 502 -2
500 503 -4
500 504 1
505 509 1
505 510 -2
505 511 2
505 512 4
506 509 4
506 510 2
506 511 1
506 512 -2
507 509 4
507 510 -4
507 511 4
507 512 -4
508 509 4
508 510 -2
508 511 1
508 512 -1
513 517 -1
513 518 -1
513 519 2
513 520 2
514 517 -4
514 518 2
514 519 -2
514 520 -4
515 517 2
515 518 -2
515 519 1
515 520 4
516 517 1
516 518 4
516 519 -1
516 520 4
521 525 4
521 526 2
521 527 -4
521 528 4
522 525 2
522 526 -1
522 527 -1
522 528 -2
523 525 2
523 526 1
523 527 -2
523 528 -2
524 525 4
524 526 2
524 527 1
524 528 4
529 533 -2
529 534 -2
529 535 1
529 536 -1
530 533 -1
530 534 1
530 535 -1
530 536 1
531 533 2
531 534 -1
531 535 -2
531 536 -1
532 533 -4
532 534 -2
532 535 -4
532 536 4
537 541 -4
537 542 -2
537 543 -2
537 544 -1
538 541 4
538 542 1
538 543 -2
538 544 -1
539 541 4
539 542 1
539 543 4
539 544 1
540 541 -1
540 542 -4
540 543 4
540 544 4
545 549 2
545 550 -4
545 551 1
545 552 1
546 549 1
546 550 1
546 551 1
546 552 -2
547 549 4
547 550 2
547 551 -4
547 552 -2
548 549 4
548 550 -2
548 551 -2
548 552 1
553 557 -2
553 558 -4
553 559 4
553 560 2
554 557 1
554 558 4
554 559 -1
554 560 4
555 557 -2
555 558 2
555 559 1
555 560 -4
556 557 -4
556 558 4
556 559 -4
556 560 -1
561 565 4
561 566 1
561 567 1
561 568 -2
562 565 -2
562 566 1
562 567 4
562 568 -2
563 565 2
563 566 -4
563 567 1
563 568 1
564 565 -4
564 566 1
564 567 -4
564 568 4
569 573 -1
569 574 2
569 575 -4
569 576 -4
570 573 -2
570 574 4
570 575 4
570 576 -4
571 573 4
571 574 2
571 575 4
571 576 -1
572 573 -2
572 574 -4
572 575 4
572 576 1
577 581 2
577 582 2
577 583 -4
577 584 2
578 581 -1
578 582 1
578 583 4
578 584 2
579 581 4
579 582 -2
579 583 -1
579 584 -1
580 581 4
580 582 -1
580 583 4
580 584 -2
585 589 4
585 590 4
585 591 4
585 592 -1
586 589 4
586 590 2
586 591 -4
586 592 4
587 589 -4
587 590 4
587 591 -4
587 592 -4
588 589 -1
588 590 4
588 591 1
588 592 -2
593 597 -1
593 598 -2
593 599 -2
593 600 1
594 597 4
594 598 -2
594 599 4
594 600 -4
595 597 -2
595 598 -2
595 599 4
595 600 2
596 597 2
596 598 -4
596 599 2
596 600 -4
601 605 -4
601 606 -2
601 607 2
601 608 -2
602 605 1
602 606 -1
602 607 -1
602 608 -2
603 605 4
603 606 -2
603 607 -2
603 608 -1
604 605 -2
604 606 -1
604 607 2
604 608 -1
609 613 -4
609 614 -2
609 615 4
609 616 2
610 613 -2
610 614 4
610 615 1
610 616 2
611 613 2
611 614 4
611 615 -4
611 616 4
612 613 2
612 614 -2
612 615 -2
612 616 -1
617 621 -4
617 622 -1
617 623 4
617 624 -1
618 621 1
618 622 2
618 623 -4
618 624 4
619 621 2
619 622 -1
619 623 -4
619 624 1
620 621 -2
620 622 1
620 623 4
620 624 2
625 629 4
625 630 1
625 631 -4
625 632 4
626 629 2
626 630 -4
626 631 -2
626 632 2
627 629 -4
627 630 -4
627 631 4
627 632 -1
628 629 -1
628 630 -1
628 631 -1
628 632 -4
633 637 2
633 638 -4
633 639 -4
633 640 4
634 637 -4
634 638 2
634 639 1
634 640 -1
635 637 2
635 638 -4
635 639 2
635 640 2
636 637 -2
636 638 4
636 639 -1
636 640 -2
641 645 4
641 646 -1
641 647 2
641 648 -4
642 645 -4
642 646 -2
642 647 1
642 648 -1
643 645 1
643 646 2
643 647 -1
643 648 4
644 645 4
644 646 2
644 647 -2
644 648 -4
649 653 -1
649 654 -2
649 655 -2
649 656 2
650 653 2
650 654 -4
650 655 -1
650 656 1
651 653 1
651 654 -4
651 655 2
651 656 -1
652 653 1
652 654 1
652 655 -1
652 656 -2
657 661 -1
657 662 4
657 663 -2
657 664 -2
658 661 -1
658 662 4
658 663 2
658 664 1
659 661 -4
659 662 2
659 663 2
659 664 2
660 661 -2
660 662 -4
660 663 1
660 664 -1
665 669 4
665 670 1
665 671 -2
665 672 -2
666 669 -4
666 670 1
666 671 -4
666 672 -1
667 669 4
667 670 -2
667 671 2
667 672 4
668 669 1
668 670 2
668 671 -2
668 672 -1
673 677 -2
673 678 1
673 679 -4
673 680 -4
674 677 -4
674 678 -1
674 679 4
674 680 -1
675 677 -4
675 678 -4
675 679 2
675 680 -1
676 677 2
676 678 -2
676 679 -1
676 680 -1
681 685 1
681 686 -1
681 687 -4
681 688 1
682 685 -4
682 686 -4
682 687 -4
682 688 2
683 685 1
683 686 -1
683 687 1
683 688 2
684 685 1
684 686 1
684 687 -2
684 688 4
689 693 -4
689 694 -1
689 695 -4
689 696 -1
690 693 -2
690 694 -1
690 695 2
690 696 -4
691 693 -1
691 694 -2
691 695 -1
691 696 1
692 693 -4
692 694 -2
692 695 -2
692 696 -2
697 701 -4
697 702 -2
697 703 2
697 704 1
698 701 -1
698 702 -1
698 703 -4
698 704 -1
699 701 -2
699 702 -2
699 703 -4
699 704 -1
700 701 1
700 702 -1
700 703 1
700 704 -1
705 709 -1
705 710 -4
705 711 -1
705 712 4
706 709 4
706 710 2
706 711 1
706 712 -2
707 709 4
707 710 -2
707 711 -2
707 712 4
708 709 4
708 710 1
708 711 -2
708 712 -1
713 717 4
713 718 -1
713 719 2
713 720 1
714 717 -2
714 718 -4
714 719 -1
714 720 1
715 717 -1
715 718 -1
715 719 -2
715 720 -4
716 717 2
716 718 -4
716 719 -4
716 720 -4
721 725 -4
721 726 2
721 727 -2
721 728 2
722 725 2
722 726 -1
722 727 2
722 728 1
723 725 4
723 726 2
723 727 4
723 728 1
724 725 1
724 726 1
724 727 2
724 728 2
729 733 1
729 734 4
729 735 -1
729 736 -1
730 733 4
730 734 4
730 735 -1
730 736 -4
731 733 4
731 734 4
731 735 -2
731 736 1
732 733 1
732 734 -2
732 735 2
732 736 -2
737 741 4
737 742 2
737 743 -4
737 744 -4
738 741 2
738 742 4
738 743 1
738 744 -4
739 741 -1
739 742 -2
739 743 -4
739 744 4
740 741 4
740 742 -4
740 743 -4
740 744 2
745 749 -1
745 750 2
745 751 -1
745 752 -2
746 749 -4
746 750 1
746 751 4
746 752 -1
747 749 -1
747 750 1
747 751 4
747 752 4
748 749 1
748 750 -1
748 751 1
748 752 -2
753 757 -4
753 758 -1
753 759 -2
753 760 1
754 757 -4
754 758 2
754 759 4
754 760 -2
755 757 1
755 758 2
755 759 4
755 760 4
756 757 1
756 758 -2
756 759 -2
756 760 -2
761 765 2
761 766 -2
761 767 -2
761 768 4
762 765 -2
762 766 -2
762 767 -4
762 768 -2
763 765 4
763 766 -1
763 767 2
763 768 -2
764 765 4
764 766 1
764 767 -4
764 768 2
769 773 1
769 774 -4
769 775 1
769 776 1
770 773 -4
770 774 -2
770 775 -2
770 776 -4
771 773 -1
771 774 4
771 775 -1
771 776 4
772 773 -2
772 774 4
772 775 1
772 776 2
777 781 1
777 782 -2
777 783 4
777 784 1
778 781 1
778 782 2
778 783 -1
778 784 4
779 781 -2
779 782 4
779 783 -2
779 784 -1
780 781 -2
780 782 -1
780 783 1
780 784 1
785 789 -4
785 790 -4
785 791 -2
785 792 4
786 789 -2
786 790 -1
786 791 2
786 792 -2
787 789 -2
787 790 2
787 791 -1
787 792 -2
788 789 -4
788 790 -4
788 791 -1
788 792 -2
793 797 -1
793 798 -1
793 799 4
793 800 -4
794 797 4
794 798 2
794 799 2
794 800 4
795 797 4
795 798 -4
795 799 2
795 800 -4
796 797 -1
796 798 -2
796 799 -1
796 800 4
801 805 4
801 806 1
801 807 -2
801 808 4
802 805 -1
802 806 -1
802 807 4
802 808 -4
803 805 1
803 806 1
803 807 4
803 808 -2
804 805 -4
804 806 2
804 807 2
804 808 -4
809 813 4
809 814 -1
809 815 -1
809 816 -4
810 813 -1
810 814 2
810 815 -1
810 816 -2
811 813 1
811 814 4
811 815 4
811 816 1
812 813 2
812 814 -2
812 815 2
812 816 -4
817 821 1
817 822 -1
817 823 -1
817 824 4
818 821 -2
818 822 2
818 823 1
818 824 -4
819 821 -1
819 822 4
819 823 1
819 824 2
820 821 -1
820 822 -1
820 823 -1
820 824 -2
825 829 -1
825 830 -2
825 831 -2
825 832 -1
826 829 1
826 830 -2
826 831 -4
826 832 -1
827 829 -1
827 830 2
827 831 1
827 832 -2
828 829 2
828 830 1
828 831 -1
828 832 1
833 837 1
833 838 2
833 839 -2
833 840 4
834 837 1
834 838 -4
834 839 2
834 840 1
835 837 1
835 838 -4
835 839 2
835 840 -4
836 837 2
836 838 1
836 839 -2
836 840 1
841 845 -1
841 846 2
841 847 2
841 848 -4
842 845 -1
842 846 -1
842 847 -4
842 848 -2
843 845 1
843 846 4
843 847 -2
843 848 -2
844 845 -1
844 846 4
844 847 2
844 848 4
849 853 -4
849 854 1
849 855 1
849 856 2
850 853 4
850 854 -2
850 855 -1
850 856 4
851 853 -4
851 854 -4
851 855 1
851 856 2
852 853 -1
852 854 1
852 855 4
852 856 -2
857 861 -2
857 862 -2
857 863 2
857 864 1
858 861 -4
858 862 4
858 863 -1
858 864 -1
859 861 -1
859 862 2
859 863 1
859 864 -2
860 861 -1
860 862 -4
860 863 -2
860 864 1
865 869 1
865 870 2
865 871 4
865 872 -1
866 869 -2
866 870 -4
866 871 2
866 872 1
867 869 -1
867 870 2
867 871 -4
867 872 4
868 869 -1
868 870 1
868 871 -4
868 872 -4
873 877 2
873 878 2
873 879 -1
873 880 1
874 877 -4
874 878 1
874 879 -2
874 880 2
875 877 -2
875 878 -4
875 879 -1
875 880 1
876 877 -4
876 878 4
876 879 4
876 880 -2
881 885 -4
881 886 2
881 887 -2
881 888 -1
882 885 2
882 886 1
882 887 -1
882 888 -4
883 885 1
883 886 1
883 887 4
883 888 -4
884 885 -2
884 886 1
884 887 -1
884 888 2
889 893 2
889 894 -4
889 895 -2
889 896 4
890 893 -1
890 894 4
890 895 2
890 896 -2
891 893 -2
891 894 1
891 895 2
891 896 -1
892 893 4
892 894 -4
892 895 -1
892 896 -2
897 901 -1
897 902 2
897 903 2
897 904 -2
898 901 -4
898 902 -4
898 903 2
898 904 2
899 901 -1
899 902 1
899 903 -4
899 904 2
900 901 -4
900 902 -2
900 903 -2
900 904 -4
905 909 1
905 910 -2
905 911 1
905 912 -4
906 909 -1
906 910 1
906 911 -1
906 912 1
907 909 -2
907 910 1
907 911 4
907 912 2
908 909 4
908 910 -1
908 911 2
908 912 -2
913 917 -4
913 918 4
913 919 2
913 920 -4
914 917 4
914 918 -1
914 919 1
914 920 4
915 917 -4
915 918 4
915 919 4
915 920 -2
916 917 1
916 918 -1
916 919 4
916 920 -4
921 925 1
921 926 -2
921 927 1
921 928 -1
922 925 1
922 926 4
922 927 1
922 928 -1
923 925 -1
923 926 -1
923 927 1
923 928 2
924 925 4
924 926 2
924 927 -2
924 928 -4
929 933 1
929 934 -4
929 935 -2
929 936 -1
930 933 -4
930 934 4
930 935 -2
930 936 4
931 933 -1
931 934 -2
931 935 2
931 936 -4
932 933 -4
932 934 2
932 935 4
932 936 4
937 941 1
937 942 1
937 943 -2
937 944 -1
938 941 4
938 942 -4
938 943 -4
938 944 -4
939 941 4
939 942 -2
939 943 2
939 944 -4
940 941 -2
940 942 -2
940 943 2
940 944 -1
945 949 4
945 950 -1
945 951 -4
945 952 4
946 949 1
946 950 4
946 951 -4
946 952 2
947 949 1
947 950 2
947 951 -2
947 952 -4
948 949 -2
948 950 -2
948 951 -2
948 952 -2
953 957 1
953 958 -1
953 959 1
953 960 -4
954 957 -4
954 958 -4
954 959 1
954 960 -2
955 957 1
955 958 -2
955 959 -2
955 960 2
956 957 -1
956 958 -1
956 959 -4
956 960 -2
961 965 -4
961 966 1
961 967 2
961 968 2
962 965 -2
962 966 -4
962 967 -2
962 968 -1
963 965 -4
963 966 -4
963 967 2
963 968 1
964 965 1
964 966 -4
964 967 -2
964 968 1
969 973 2
969 974 1
969 975 4
969 976 -2
970 973 -4
970 974 -2
970 975 -2
970 976 1
971 973 -1
971 974 -1
971 975 1
971 976 -4
972 973 -1
972 974 -1
972 975 -4
972 976 -2
977 981 1
977 982 -1
977 983 -4
977 984 1
978 981 1
978 982 -4
978 983 -2
978 984 -1
979 981 -2
979 982 1
979 983 -1
979 984 -2
980 981 -2
980 982 2
980 983 -4
980 984 4
985 989 1
985 990 2
985 991 1
985 992 -4
986 989 2
986 990 1
986 991 -2
986 992 4
987 989 -1
987 990 -1
987 991 1
987 992 -1
988 989 1
988 990 1
988 991 2
988 992 -4
993 997 -1
993 998 1
993 999 -2
993 1000 -2
994 997 -1
994 998 -2
994 999 1
994 1000 1
995 997 1
995 998 1
995 999 2
995 1000 -1
996 997 4
996 998 4
996 999 -1
996 1000 -4
1001 1005 4
1001 1006 -2
1001 1007 1
1001 1008 1
1002 1005 4
1002 1006 -2
1002 1007 2
1002 1008 -1
1003 1005 -2
1003 1006 -1
1003 1007 2
1003 1008 4
1004 1005 -2
1004 1006 -2
1004 1007 -4
1004 1008 1
1009 1013 1
1009 1014 -1
1009 1015 -4
1009 1016 1
1010 1013 -4
1010 1014 2
1010 1015 -2
1010 1016 4
1011 1013 -2
1011 1014 2
1011 1015 2
1011 1016 -2
1012 1013 -4
1012 1014 1
1012 1015 2
1012 1016 1
1017 1021 4
1017 1022 -4
1017 1023 -2
1017 1024 2
1018 1021 -2
1018 1022 -4
1018 1023 2
1018 1024 2
1019 1021 1
1019 1022 -2
1019 1023 -1
1019 1024 -4
1020 1021 1
1020 1022 -4
1020 1023 -2
1020 1024 1
1025 1029 -4
1025 1030 4
1025 1031 1
1025 1032 1
1026 1029 4
1026 1030 4
1026 1031 4
1026 1032 2
1027 1029 4
1027 1030 -1
1027 1031 4
1027 1032 4
1028 1029 2
1028 1030 -2
1028 1031 -1
1028 1032 1
1033 1037 4
1033 1038 1
1033 1039 -1
1033 1040 2
1034 1037 1
1034 1038 2
1034 1039 4
1034 1040 2
1035 1037 4
1035 1038 -2
1035 1039 -1
1035 1040 2
1036 1037 -4
1036 1038 1
1036 1039 2
1036 1040 -2
1041 1045 1
1041 1046 -4
1041 1047 2
1041 1048 -2
1042 1045 4
1042 1046 4
1042 1047 2
1042 1048 -4
1043 1045 1
1043 1046 2
1043 1047 -1
1043 1048 1
1044 1045 1
1044 1046 -2
1044 1047 1
1044 1048 -1
1049 1053 -1
1049 1054 -1
1049 1055 -1
1049 1056 -1
1050 1053 2
1050 1054 2
1050 1055 -1
1050 1056 4
1051 1053 4
1051 1054 4
1051 1055 -1
1051 1056 -4
1052 1053 4
1052 1054 -1
1052 1055 2
1052 1056 4
1057 1061 1
1057 1062 4
1057 1063 -2
1057 1064 4
1058 1061 -4
1058 1062 -4
1058 1063 1
1058 1064 1
1059 1061 -4
1059 1062 1
1059 1063 4
1059 1064 -1
1060 1061 -1
1060 1062 -2
1060 1063 4
1060 1064 1
1065 1069 -1
1065 1070 -4
1065 1071 4
1065 1072 -4
1066 1069 -1
1066 1070 4
1066 1071 1
1066 1072 1
1067 1069 -4
1067 1070 4
1067 1071 2
1067 1072 2
1068 1069 -1
1068 1070 -1
1068 1071 -2
1068 1072 4
1073 1077 4
1073 1078 -2
1073 1079 1
1073 1080 4
1074 1077 1
1074 1078 -2
1074 1079 4
1074 1080 -1
1075 1077 -1
1075 1078 -1
1075 1079 -1
1075 1080 -1
1076 1077 4
1076 1078 4
1076 1079 -1
1076 1080 2
1081 1085 4
1081 1086 4
1081 1087 2
1081 1088 2
1082 1085 1
1082 1086 -4
1082 1087 4
1082 1088 4
1083 1085 4
1083 1086 -4
1083 1087 1
1083 1088 -1
1084 1085 1
1084 1086 -1
1084 1087 -4
1084 1088 2
1089 1093 4
1089 1094 -1
1089 1095 -4
1089 1096 -1
1090 1093 2
1090 1094 1
1090 1095 -1
1090 1096 4
1091 1093 -4
1091 1094 1
1091 1095 -1
1091 1096 -4
1092 1093 1
1092 1094 -4
1092 1095 4
1092 1096 -4
1097 1101 -4
1097 1102 4
1097 1103 -4
1097 1104 -4
1098 1101 2
1098 1102 -1
1098 1103 -1
1098 1104 1
1099 1101 -2
1099 1102 -1
1099 1103 -2
1099 1104 -2
1100 1101 -2
1100 1102 -4
1100 1103 4
1100 1104 2
1105 1109 2
1105 1110 4
1105 1111 2
1105 1112 1
1106 1109 -2
1106 1110 -1
1106 1111 1
1106 1112 -1
1107 1109 -4
1107 1110 -2
1107 1111 4
1107 1112 -1
1108 1109 1
1108 1110 -4
1108 1111 2
1108 1112 4
1113 1117 -4
1113 1118 -1
1113 1119 -1
1113 1120 -2
1114 1117 1
1114 1118 -2
1114 1119 4
1114 1120 -2
1115 1117 2
1115 1118 2
1115 1119 4
1115 1120 2
1116 1117 4
1116 1118 2
1116 1119 1
1116 1120 4
1121 1125 4
1121 1126 -2
1121 1127 -1
1121 1128 1
1122 1125 1
1122 1126 -1
1122 1127 -1
1122 1128 1
1123 1125 -4
1123 1126 1
1123 1127 4
1123 1128 1
1124 1125 -4
1124 1126 1
1124 1127 4
1124 1128 -1
1129 1133 2
1129 1134 -2
1129 1135 4
1129 1136 -1
1130 1133 4
1130 1134 4
1130 1135 4
1130 1136 -1
1131 1133 -4
1131 1134 -2
1131 1135 -1
1131 1136 -2
1132 1133 -1
1132 1134 -1
1132 1135 2
1132 1136 -2
1137 1141 4
1137 1142 -1
1137 1143 2
1137 1144 -1
1138 1141 -4
1138 1142 4
1138 1143 -4
1138 1144 4
1139 1141 -1
1139 1142 1
1139 1143 -1
1139 1144 2
1140 1141 -1
1140 1142 -2
1140 1143 -2
1140 1144 4
1145 1149 4
1145 1150 2
1145 1151 -4
1145 1152 4
1146 1149 2
1146 1150 1
1146 1151 4
1146 1152 -4
1147 1149 4
1147 1150 -2
1147 1151 -4
1147 1152 -1
1148 1149 4
1148 1150 -1
1148 1151 2
1148 1152 2
5 13 -2
6 14 1
7 15 4
8 16 -1
13 21 -1
14 22 4
15 23 -1
16 24 -2
21 29 -1
22 30 2
23 31 4
24 32 2
29 37 -4
30 38 1
31 39 -4
32 40 1
37 45 -1
38 46 1
39 47 2
40 48 1
45 53 -2
46 54 4
47 55 2
48 56 -2
53 61 -2
54 62 -1
55 63 -4
56 64 -2
61 69 1
62 70 -4
63 71 2
64 72 2
69 77 -2
70 78 2
71 79 1
72 80 2
77 85 1
78 86 -1
79 87 -1
80 88 -1
85 93 4
86 94 1
87 95 -1
88 96 1
101 109 -4
102 110 4
103 111 -1
104 112 2
109 117 -4
110 118 2
111 119 -4
112 120 -2
117 125 4
118 126 2
119 127 -1
120 128 -1
125 133 -2
126 134 2
127 135 4
128 136 -1
133 141 4
134 142 -1
135 143 4
136 144 -2
141 149 1
142 150 -2
143 151 1
144 152 -2
149 157 2
150 158 -4
151 159 -1
152 160 -1
157 165 4
158 166 2
159 167 4
160 168 4
165 173 -4
166 174 2
167 175 -2
168 176 4
173 181 1
174 182 -2
175 183 -1
176 184 -1
181 189 2
182 190 -1
183 191 -1
184 192 -1
197 205 -4
198 206 1
199 207 4
200 208 -2
205 213 -4
206 214 -2
207 215 -2
208 216 -1
213 221 4
214 222 1
215 223 -4
216 224 -1
221 229 4
222 230 -4
223 231 -4
224 232 4
229 237 4
230 238 4
231 239 1
232 240 -2
237 245 4
238 246 -2
239 247 2
240 248 1
245 253 -1
246 254 -1
247 255 1
248 256 2
253 261 2
254 262 2
255 263 1
256 264 4
261 269 -2
262 270 -1
263 271 4
264 272 -4
269 277 -1
270 278 -2
271 279 -4
272 280 -1
277 285 -4
278 286 -1
279 287 2
280 288 -1
293 301 -4
294 302 4
295 303 4
296 304 -1
301 309 2
302 310 2
303 311 1
304 312 4
309 317 -4
310 318 -4
311 319 2
312 320 -2
317 325 2
318 326 2
319 327 1
320 328 2
325 333 4
326 334 2
327 335 -4
328 336 -1
333 341 -2
334 342 2
335 343 -2
336 344 4
341 349 1
342 350 -4
343 351 1
344 352 2
349 357 1
350 358 2
351 359 -1
352 360 -1
357 365 -1
358 366 1
359 367 -4
360 368 -1
365 373 4
366 374 2
367 375 4
368 376 1
373 381 1
374 382 -2
375 383 -4
376 384 -4
389 397 -4
390 398 1
391 399 2
392 400 4
397 405 4
398 406 -2
399 407 2
400 408 -4
405 413 1
406 414 -1
407 415 -1
408 416 2
413 421 -4
414 422 1
415 423 2
416 424 1
421 429 -4
422 430 2
423 431 2
424 432 -2
429 437 2
430 438 1
431 439 -1
432 440 1
437 445 1
438 446 2
439 447 -4
440 448 -2
445 453 4
446 454 4
447 455 -1
448 456 2
453 461 1
454 462 -2
455 463 4
456 464 -4
461 469 2
462 470 2
463 471 -2
464 472 -2
469 477 2
470 478 -1
471 479 1
472 480 1
485 493 2
486 494 4
487 495 -1
488 496 -4
493 501 -2
494 502 1
495 503 -4
496 504 -4
501 509 2
502 510 1
503 511 -4
504 512 -1
509 517 -4
510 518 -2
511 519 -1
512 520 -1
517 525 1
518 526 4
519 527 1
520 528 -4
525 533 -4
526 534 -1
527 535 -2
528 536 -1
533 541 1
534 542 1
535 543 -1
536 544 -2
541 549 -1
542 550 2
543 551 -1
544 552 2
549 557 1
550 558 1
551 559 -1
552 560 -2
557 565 -2
558 566 -4
559 567 -4
560 568 1
565 573 2
566 574 -4
567 575 -2
568 576 -2
581 589 2
582 590 4
583 591 -2
584 592 1
589 597 4
590 598 1
591 599 -4
592 600 1
597 605 -2
598 606 4
599 607 -2
600 608 -2
605 613 -1
606 614 -1
607 615 -2
608 616 -2
613 621 1
614 622 1
615 623 1
616 624 2
621 629 1
622 630 4
623 631 1
624 632 4
629 637 -2
630 638 4
631 639 -2
632 640 -1
637 645 1
638 646 -4
639 647 2
640 648 4
645 653 -2
646 654 -2
647 655 -4
648 656 -2
653 661 4
654 662 -2
655 663 2
656 664 -4
661 669 -4
662 670 -1
663 671 4
664 672 -2
677 685 1
678 686 1
679 687 -2
680 688 -4
685 693 -2
686 694 2
687 695 4
688 696 2
693 701 -1
694 702 2
695 703 -1
696 704 -2
701 709 4
702 710 -1
703 711 1
704 712 2
709 717 -1
710 718 1
711 719 -4
712 720 1
717 725 -4
718 726 1
719 727 4
720 728 -2
725 733 4
726 734 2
727 735 4
728 736 4
733 741 -2
734 742 -2
735 743 -4
736 744 2
741 749 1
742 750 -2
743 751 4
744 752 -4
749 757 -4
750 758 2
751 759 4
752 760 2
757 765 4
758 766 -1
759 767 -2
760 768 1
773 781 2
774 782 1
775 783 -4
776 784 -2
781 789 -4
782 790 -1
783 791 -2
784 792 2
789 797 -2
790 798 -4
791 799 -4
792 800 -2
797 805 4
798 806 -2
799 807 -4
800 808 -1
805 813 -2
806 814 2
807 815 1
808 816 4
813 821 -4
814 822 4
815 823 -4
816 824 2
821 829 2
822 830 2
823 831 -4
824 832 4
829 837 -1
830 838 4
831 839 2
832 840 1
837 845 4
838 846 1
839 847 4
840 848 -4
845 853 -2
846 854 -2
847 855 2
848 856 -1
853 861 -4
854 862 4
855 863 -4
856 864 1
869 877 -1
870 878 1
871 879 -4
872 880 4
877 885 -1
878 886 4
879 887 -4
880 888 -1
885 893 -1
886 894 -1
887 895 -2
888 896 -2
893 901 2
894 902 -4
895 903 4
896 904 -2
901 909 4
902 910 -1
903 911 -4
904 912 4
909 917 2
910 918 -1
911 919 -4
912 920 -1
917 925 1
918 926 -4
919 927 -4
920 928 2
925 933 -2
926 934 2
927 935 -1
928 936 4
933 941 2
934 942 1
935 943 1
936 944 4
941 949 4
942 950 2
943 951 2
944 952 2
949 957 4
950 958 4
951 959 -1
952 960 1
965 973 1
966 974 4
967 975 4
968 976 -4
973 981 -1
974 982 4
975 983 4
976 984 -2
981 989 2
982 990 1
983 991 2
984 992 4
989 997 1
990 998 -1
991 999 1
992 1000 -1
997 1005 -1
998 1006 1
999 1007 1
1000 1008 -4
1005 1013 -1
1006 1014 2
1007 1015 -2
1008 1016 4
1013 1021 -2
1014 1022 -4
1015 1023 -1
1016 1024 2
1021 1029 -1
1022 1030 2
1023 1031 1
1024 1032 2
1029 1037 -1
1030 1038 -1
1031 1039 4
1032 1040 4
1037 1045 2
1038 1046 1
1039 1047 2
1040 1048 1
1045 1053 -2
1046 1054 2
1047 1055 2
1048 1056 2
1061 1069 -4
1062 1070 -4
1063 1071 -1
1064 1072 -4
1069 1077 4
1070 1078 -4
1071 1079 -4
1072 1080 -1
1077 1085 -2
1078 1086 -1
1079 1087 2
1080 1088 2
1085 1093 -1
1086 1094 -2
1087 1095 4
1088 1096 4
1093 1101 -2
1094 1102 -2
1095 1103 2
1096 1104 -1
1101 1109 -4
1102 1110 -2
1103 1111 2
1104 1112 1
1109 1117 -1
1110 1118 -2
1111 1119 1
1112 1120 1
1117 1125 -2
1118 1126 -2
1119 1127 2
1120 1128 4
1125 1133 2
1126 1134 -1
1127 1135 1
1128 1136 4
1133 1141 -4
1134 1142 1
1135 1143 -2
1136 1144 -1
1141 1149 4
1142 1150 4
1143 1151 -4
1144 1152 2
1 97 2
2 98 1
3 99 2
4 100 1
97 193 2
98 194 -2
99 195 4
100 196 4
193 289 1
194 290 2
195 291 2
196 292 1
289 385 4
290 386 4
291 387 1
292 388 -2
385 481 4
386 482 -1
387 483 2
388 484 -1
481 577 -2
482 578 -4
483 579 -4
484 580 4
577 673 -4
578 674 2
579 675 -2
580 676 -1
673 769 1
674 770 1
675 771 -1
676 772 -2
769 865 -2
770 866 -1
771 867 2
772 868 -2
865 961 -1
866 962 2
867 963 -2
868 964 2
961 1057 1
962 1058 -2
963 1059 -2
964 1060 -4
9 105 -4
10 106 -1
11 107 -4
12 108 1
105 201 -4
106 202 -2
107 203 -1
108 204 1
201 297 -4
202 298 2
203 299 1
204 300 4
297 393 -1
298 394 4
299 395 -1
300 396 -4
393 489 -4
394 490 4
395 491 2
396 492 -2
489 585 -1
490 586 -2
491 587 -4
492 588 -2
585 681 -1
586 682 -1
587 683 -1
588 684 -1
681 777 -2
682 778 2
683 779 4
684 780 -4
777 873 -1
778 874 1
779 875 -4
780 876 4
873 969 1
874 970 4
875 971 2
876 972 -4
969 1065 4
970 1066 -1
971 1067 -2
972 1068 -2
17 113 1
18 114 4
19 115 -4
20 116 -2
113 209 -4
114 210 4
115 211 -1
116 212 -1
209 305 1
210 306 2
211 307 1
212 308 4
305 401 4
306 402 1
307 403 -4
308 404 1
401 497 -2
402 498 -2
403 499 1
404 500 -4
497 593 4
498 594 -1
499 595 -2
500 596 4
593 689 -1
594 690 1
595 691 -2
596 692 -4
689 785 -2
690 786 -1
691 787 1
692 788 -1
785 881 -4
786 882 4
787 883 -2
788 884 -1
881 977 1
882 978 -2
883 979 2
884 980 -1
977 1073 2
978 1074 -4
979 1075 4
980 1076 2
25 121 -4
26 122 1
27 123 2
28 124 1
121 217 -2
122 218 -2
123 219 -4
124 220 -2
217 313 1
218 314 -2
219 315 -1
220 316 -4
313 409 -4
314 410 -4
315 411 -1
316 412 -2
409 505 -4
410 506 -1
411 507 -4
412 508 -1
505 601 -4
506 602 1
507 603 -1
508 604 -1
601 697 1
602 698 1
603 699 -2
604 700 2
697 793 4
698 794 -2
699 795 2
700 796 -2
793 889 4
794 890 -4
795 891 -1
796 892 1
889 985 -1
890 986 4
891 987 -1
892 988 -4
985 1081 -2
986 1082 2
987 1083 1
988 1084 -1
33 129 4
34 130 -1
35 131 4
36 132 -2
129 225 2
130 226 -1
131 227 -4
132 228 1
225 321 -4
226 322 -1
227 323 2
228 324 -2
321 417 1
322 418 2
323 419 -1
324 420 2
417 513 4
418 514 -1
419 515 2
420 516 2
513 609 1
514 610 4
515 611 -4
516 612 -2
609 705 -2
610 706 -1
611 707 2
612 708 1
705 801 -2
706 802 1
707 803 4
708 804 4
801 897 2
802 898 4
803 899 -4
804 900 -1
897 993 1
898 994 4
899 995 -4
900 996 -2
993 1089 2
994 1090 4
995 1091 -2
996 1092 -2
41 137 -4
42 138 -2
43 139 -1
44 140 -1
137 233 2
138 234 4
139 235 -2
140 236 4
233 329 -4
234 330 4
235 331 -4
236 332 -1
329 425 2
330 426 4
331 427 -4
332 428 -4
425 521 -4
426 522 4
427 523 -1
428 524 4
521 617 -2
522 618 1
523 619 -4
524 620 -4
617 713 2
618 714 1
619 715 1
620 716 -4
713 809 4
714 810 -4
715 811 -2
716 812 -2
809 905 4
810 906 4
811 907 -2
812 908 -2
905 1001 -4
906 1002 -4
907 1003 4
908 1004 -2
1001 1097 2
1002 1098 2
1003 1099 -4
1004 1100 -2
49 145 4
50 146 -4
51 147 -2
52 148 1
145 241 1
146 242 4
147 243 -4
148 244 -2
241 337 1
242 338 -1
243 339 2
244 340 1
337 433 1
338 434 1
339 435 -4
340 436 4
433 529 -2
434 530 4
435 531 -4
436 532 4
529 625 1
530 626 -1
531 627 2
532 628 -1
625 721 2
626 722 4
627 723 -4
628 724 -4
721 817 -2
722 818 -4
723 819 -1
724 820 -2
817 913 -1
818 914 2
819 915 -1
820 916 -1
913 1009 4
914 1010 1
915 1011 -2
916 1012 4
1009 1105 -4
1010 1106 4
1011 1107 4
1012 1108 -2
57 153 2
58 154 2
59 155 1
60 156 2
153 249 2
154 250 1
155 251 -2
156 252 2
249 345 -1
250 346 -2
251 347 4
252 348 4
345 441 -4
346 442 1
347 443 1
348 444 4
441 537 -2
442 538 1
443 539 2
444 540 -4
537 633 -2
538 634 4
539 635 4
540 636 1
633 729 -4
634 730 -4
635 731 1
636 732 1
729 825 1
730 826 -1
731 827 2
732 828 -2
825 921 -2
826 922 -2
827 923 -4
828 924 4
921 1017 -4
922 1018 4
923 1019 -2
924 1020 -2
1017 1113 -1
1018 1114 4
1019 1115 -1
1020 1116 1
65 161 -1
66 162 2
67 163 -2
68 164 -1
161 257 1
162 258 2
163 259 -4
164 260 -2
257 353 -1
258 354 2
259 355 2
260 356 2
353 449 2
354 450 -1
355 451 4
356 452 -2
449 545 1
450 546 -1
451 547 4
452 548 -1
545 641 -2
546 642 1
547 643 2
548 644 -1
641 737 2
642 738 1
643 739 1
644 740 1
737 833 1
738 834 -2
739 835 -2
740 836 4
833 929 4
834 930 2
835 931 2
836 932 -1
929 1025 -1
930 1026 4
931 1027 2
932 1028 2
1025 1121 1
1026 1122 1
1027 1123 4
1028 1124 1
73 169 -4
74 170 -2
75 171 -4
76 172 2
169 265 2
170 266 1
171 267 2
172 268 4
265 361 -1
266 362 -2
267 363 -1
268 364 4
361 457 4
362 458 1
363 459 -1
364 460 -2
457 553 4
458 554 -2
459 555 4
460 556 -4
553 649 2
554 650 2
555 651 -4
556 652 4
649 745 -4
650 746 -2
651 747 -2
652 748 4
745 841 4
746 842 4
747 843 2
748 844 -2
841 937 1
842 938 2
843 939 -4
844 940 4
937 1033 -2
938 1034 4
939 1035 -4
940 1036 -4
1033 1129 4
1034 1130 -1
1035 1131 -4
1036 1132 -4
81 177 -1
82 178 2
83 179 -4
84 180 1
177 273 1
178 274 2
179 275 -4
180 276 2
273 369 2
274 370 -1
275 371 1
276 372 1
369 465 4
370 466 -4
371 467 -2
372 468 1
465 561 4
466 562 -1
467 563 -2
468 564 -4
561 657 -4
562 658 2
563 659 1
564 660 1
657 753 2
658 754 2
659 755 -1
660 756 2
753 849 -2
754 850 2
755 851 2
756 852 1
849 945 2
850 946 -4
851 947 2
852 948 1
945 1041 -4
946 1042 2
947 1043 1
948 1044 2
1041 1137 -2
1042 1138 -2
1043 1139 -4
1044 1140 -4
89 185 -1
90 186 -2
91 187 -1
92 188 4
185 281 4
186 282 -1
187 283 -2
188 284 -1
281 377 1
282 378 -1
283 379 -2
284 380 -4
377 473 -2
378 474 -1
379 475 1
380 476 2
473 569 -1
474 570 -1
475 571 2
476 572 -1
569 665 2
570 666 -2
571 667 -4
572 668 1
665 761 -2
666 762 4
667 763 2
668 764 4
761 857 -1
762 858 2
763 859 -1
764 860 1
857 953 -1
858 954 -1
859 955 1
860 956 -4
953 1049 2
954 1050 -4
955 1051 1
956 1052 1
1049 1145 -4
1050 1146 2
1051 1147 4
1052 1148 4
