#
1 5 4
1 6 -2
1 7 -4
1 8 2
2 5 4
2 6 -1
2 7 -2
2 8 1
3 5 -1
3 6 2
3 7 -1
3 8 -1
4 5 4
4 6 -4
4 7 -4
4 8 1
9 13 1
9 14 -2
9 15 -2
9 16 -1
10 13 -2
10 14 2
10 15 4
10 16 2
11 13 1
11 14 -4
11 15 4
11 16 4
12 13 2
12 14 -4
12 15 -4
12 16 2
17 21 -4
17 22 -4
17 23 -4
17 24 1
18 21 -4
18 22 4
18 23 2
18 24 -2
19 21 4
19 22 2
19 23 -2
19 24 4
20 21 -4
20 22 -1
20 23 2
20 24 4
25 29 -4
25 30 2
25 31 1
25 32 2
26 29 2
26 30 -2
26 31 2
26 32 -4
27 29 2
27 30 -1
27 31 -1
27 32 2
28 29 -4
28 30 1
28 31 -4
28 32 -2
33 37 4
33 38 -2
33 39 4
33 40 -1
34 37 -1
34 38 4
34 39 2
34 40 -4
35 37 -1
35 38 4
35 39 -2
35 40 1
36 37 -2
36 38 -1
36 39 2
36 40 -2
41 45 -2
41 46 -1
41 47 -1
41 48 -2
42 45 -2
42 46 4
42 47 -1
42 48 4
43 45 -1
43 46 1
43 47 -2
43 48 2
44 45 -4
44 46 -4
44 47 1
44 48 -2
49 53 2
49 54 1
49 55 4
49 56 4
50 53 -2
50 54 4
50 55 -4
50 56 1
51 53 4
51 54 -1
51 55 -1
51 56 -1
52 53 2
52 54 2
52 55 -2
52 56 1
57 61 -2
57 62 -2
57 63 -4
57 64 -1
58 61 -1
58 62 -1
58 63 -4
58 64 -1
59 61 -2
59 62 4
59 63 4
59 64 -1
60 61 -1
60 62 1
60 63 4
60 64 -1
65 69 -4
65 70 -4
65 71 -2
65 72 -4
66 69 -2
66 70 4
66 71 1
66 72 2
67 69 1
67 70 1
67 71 4
67 72 -4
68 69 -4
68 70 -1
68 71 -4
68 72 2
73 77 -2
73 78 -1
73 79 2
73 80 1
74 77 -2
74 78 -2
74 79 -2
74 80 1
75 77 -1
75 78 2
75 79 -2
75 80 1
76 77 -2
76 78 -1
76 79 -4
76 80 1
81 85 -1
81 86 2
81 87 1
81 88 -1
82 85 1
82 86 1
82 87 1
82 88 4
83 85 -1
83 86 -1
83 87 4
83 88 -1
84 85 4
84 86 1
84 87 -2
84 88 1
89 93 1
89 94 -2
89 95 -4
89 96 -2
90 93 4
90 94 -2
90 95 2
90 96 -4
91 93 1
91 94 -1
91 95 -2
91 96 2
92 93 1
92 94 -4
92 95 -1
92 96 -2
97 101 -1
97 102 -2
97 103 -1
97 104 4
98 101 -1
98 102 1
98 103 -1
98 104 4
99 101 -2
99 102 2
99 103 2
99 104 2
100 101 2
100 102 -1
100 103 1
100 104 4
105 109 -1
105 110 4
105 111 -4
105 112 -1
106 109 1
106 110 -1
106 111 2
106 112 -4
107 109 -2
107 110 1
107 111 1
107 112 -4
108 109 -2
108 110 2
108 111 4
108 112 -1
113 117 1
113 118 2
113 119 -2
113 120 1
114 117 1
114 118 1
114 119 2
114 120 -2
115 117 4
115 118 -2
115 119 -1
115 120 -1
116 117 -1
116 118 1
116 119 2
116 120 4
121 125 1
121 126 -4
121 127 -1
121 128 -4
122 125 4
122 126 1
122 127 -2
122 128 -2
123 125 4
123 126 2
123 127 2
123 128 1
124 125 -4
124 126 -2
124 127 2
124 128 -1
129 133 -1
129 134 2
129 135 -1
129 136 -4
130 133 -1
130 134 2
130 135 4
130 136 4
131 133 1
131 134 2
131 135 -2
131 136 2
132 133 -2
132 134 2
132 135 2
132 136 -4
137 141 -1
137 142 -4
137 143 -4
137 144 -2
138 141 1
138 142 -1
138 143 -2
138 144 1
139 141 1
139 142 -2
139 143 -4
139 144 -4
140 141 -2
140 142 1
140 143 2
140 144 -2
145 149 -2
145 150 -1
145 151 1
145 152 -2
146 149 -2
146 150 -2
146 151 4
146 152 2
147 149 1
147 150 -4
147 151 1
147 152 4
148 149 2
148 150 2
148 151 4
148 152 2
153 157 4
153 158 4
153 159 1
153 160 -1
154 157 4
154 158 1
154 159 -1
154 160 -1
155 157 -1
155 158 1
155 159 -4
155 160 1
156 157 2
156 158 -2
156 159 -1
156 160 -2
161 165 1
161 166 -2
161 167 -1
161 168 -4
162 165 2
162 166 4
162 167 4
162 168 1
163 165 1
163 166 4
163 167 -2
163 168 -2
164 165 1
164 166 -2
164 167 2
164 168 -2
169 173 1
169 174 -1
169 175 -2
169 176 -4
170 173 -1
170 174 -1
170 175 2
170 176 2
171 173 2
171 174 4
171 175 4
171 176 4
172 173 -4
172 174 4
172 175 -2
172 176 4
177 181 1
177 182 2
177 183 1
177 184 -1
178 181 -1
178 182 4
178 183 4
178 184 2
179 181 2
179 182 -4
179 183 -1
179 184 -2
180 181 2
180 182 2
180 183 2
180 184 -1
185 189 -4
185 190 -1
185 191 2
185 192 -1
186 189 -2
186 190 2
186 191 2
186 192 -4
187 189 1
187 190 2
187 191 1
187 192 2
188 189 4
188 190 4
188 191 4
188 192 -4
193 197 -4
193 198 -1
193 199 2
193 200 4
194 197 1
194 198 2
194 199 4
194 200 2
195 197 4
195 198 -1
195 199 -2
195 200 1
196 197 2
196 198 1
196 199 -1
196 200 -2
201 205 -1
201 206 -4
201 207 1
201 208 -4
202 205 4
202 206 -2
202 207 -1
202 208 4
203 205 2
203 206 1
203 207 -4
203 208 2
204 205 -4
204 206 -1
204 207 -1
204 208 -4
209 213 -1
209 214 -1
209 215 -1
209 216 -2
210 213 2
210 214 -2
210 215 4
210 216 2
211 213 1
211 214 4
211 215 -2
211 216 -2
212 213 -2
212 214 -4
212 215 -1
212 216 -1
217 221 -2
217 222 -1
217 223 -4
217 224 -2
218 221 4
218 222 2
218 223 -2
218 224 -1
219 221 1
219 222 -1
219 223 -4
219 224 -1
220 221 2
220 222 4
220 223 -1
220 224 -2
225 229 -1
225 230 1
225 231 -1
225 232 -4
226 229 1
226 230 4
226 231 1
226 232 -1
227 229 -2
227 230 4
227 231 -4
227 232 1
228 229 -2
228 230 2
228 231 -2
228 232 2
233 237 -1
233 238 4
233 239 -4
233 240 2
234 237 4
234 238 2
234 239 2
234 240 -1
235 237 -2
235 238 -4
235 239 -1
235 240 -1
236 237 1
236 238 1
236 239 1
236 240 4
241 245 4
241 246 4
241 247 2
241 248 2
242 245 4
242 246 -4
242 247 -1
242 248 -1
243 245 4
243 246 -1
243 247 2
243 248 -4
244 245 -1
244 246 -1
244 247 -4
244 248 -2
249 253 -2
249 254 -2
249 255 -4
249 256 1
250 253 -4
250 254 1
250 255 -4
250 256 4
251 253 1
251 254 2
251 255 4
251 256 -2
252 253 4
252 254 -2
252 255 -4
252 256 4
257 261 4
257 262 -4
257 263 -2
257 264 -2
258 261 2
258 262 -2
258 263 -2
258 264 -4
259 261 1
259 262 -2
259 263 1
259 264 2
260 261 2
260 262 1
260 263 4
260 264 4
265 269 2
265 270 -2
265 271 2
265 272 4
266 269 -4
266 270 4
266 271 -4
266 272 1
267 269 2
267 270 2
267 271 -1
267 272 4
268 269 -1
268 270 -1
268 271 -4
268 272 -4
273 277 4
273 278 -4
273 279 -1
273 280 -4
274 277 4
274 278 4
274 279 1
274 280 4
275 277 1
275 278 -1
275 279 4
275 280 4
276 277 -4
276 278 2
276 279 -1
276 280 2
281 285 -2
281 286 4
281 287 4
281 288 1
282 285 -1
282 286 1
282 287 -1
282 288 1
283 285 -1
283 286 1
283 287 2
283 288 -2
284 285 2
284 286 4
284 287 1
284 288 -1
289 293 4
289 294 -2
289 295 -2
289 296 -2
290 293 -1
290 294 -2
290 295 2
290 296 -2
291 293 4
291 294 4
291 295 2
291 296 4
292 293 -4
292 294 -1
292 295 4
292 296 -2
297 301 2
297 302 -1
297 303 4
297 304 -2
298 301 2
298 302 2
298 303 2
298 304 -1
299 301 4
299 302 -4
299 303 -2
299 304 1
300 301 4
300 302 -2
300 303 -4
300 304 4
305 309 2
305 310 -2
305 311 -1
305 312 1
306 309 4
306 310 -1
306 311 1
306 312 -1
307 309 -2
307 310 -2
307 311 -4
307 312 4
308 309 -2
308 310 2
308 311 2
308 312 4
313 317 -4
313 318 -4
313 319 -4
313 320 1
314 317 -2
314 318 -2
314 319 4
314 320 1
315 317 -4
315 318 -1
315 319 4
315 320 2
316 317 -1
316 318 -4
316 319 2
316 320 -1
321 325 1
321 326 4
321 327 -2
321 328 -2
322 325 4
322 326 -1
322 327 -4
322 328 -4
323 325 4
323 326 -1
323 327 -1
323 328 -2
324 325 -2
324 326 -1
324 327 4
324 328 4
329 333 -1
329 334 -1
329 335 2
329 336 -1
330 333 -2
330 334 4
330 335 -4
330 336 -4
331 333 4
331 334 2
331 335 2
331 336 -1
332 333 -2
332 334 -1
332 335 -1
332 336 4
337 341 4
337 342 2
337 343 -1
337 344 4
338 341 2
338 342 1
338 343 -1
338 344 -1
339 341 4
339 342 4
339 343 -2
339 344 -1
340 341 1
340 342 4
340 343 4
340 344 -2
345 349 -2
345 350 4
345 351 -2
345 352 2
346 349 2
346 350 2
346 351 2
346 352 -1
347 349 1
347 350 1
347 351 -1
347 352 1
348 349 2
348 350 -4
348 351 4
348 352 4
353 357 1
353 358 -2
353 359 4
353 360 -2
354 357 1
354 358 -1
354 359 2
354 360 2
355 357 1
355 358 1
355 359 -4
355 360 -4
356 357 -1
356 358 -4
356 359 1
356 360 2
361 365 1
361 366 1
361 367 4
361 368 2
362 365 4
362 366 2
362 367 -1
362 368 -4
363 365 1
363 366 -2
363 367 -2
363 368 2
364 365 2
364 366 -2
364 367 -4
364 368 1
369 373 4
369 374 -4
369 375 -2
369 376 2
370 373 -4
370 374 4
370 375 4
370 376 -4
371 373 2
371 374 1
371 375 -2
371 376 -4
372 373 2
372 374 -2
372 375 2
372 376 1
377 381 -4
377 382 -2
377 383 1
377 384 4
378 381 2
378 382 4
378 383 -4
378 384 -2
379 381 -1
379 382 4
379 383 -1
379 384 2
380 381 -2
380 382 -4
380 383 2
380 384 -1
385 389 -4
385 390 2
385 391 -4
385 392 2
386 389 1
386 390 -4
386 391 -2
386 392 1
387 389 -1
387 390 1
387 391 -4
387 392 1
388 389 -1
388 390 -1
388 391 -2
388 392 -1
393 397 -1
393 398 1
393 399 -4
393 400 1
394 397 1
394 398 1
394 399 1
394 400 -2
395 397 4
395 398 4
395 399 -2
395 400 2
396 397 1
396 398 1
396 399 4
396 400 4
401 405 1
401 406 -2
401 407 2
401 408 -1
402 405 4
402 406 -4
402 407 1
402 408 4
403 405 -4
403 406 -4
403 407 4
403 408 1
404 405 -1
404 406 -1
404 407 -2
404 408 -4
409 413 -1
409 414 -4
409 415 -2
409 416 -1
410 413 2
410 414 4
410 415 -4
410 416 2
411 413 1
411 414 -2
411 415 4
411 416 2
412 413 1
412 414 4
412 415 1
412 416 2
417 421 -1
417 422 4
417 423 2
417 424 -2
418 421 2
418 422 -4
418 423 1
418 424 4
419 421 1
419 422 -1
419 423 1
419 424 4
420 421 -2
420 422 1
420 423 1
420 424 2
425 429 4
425 430 -4
425 431 -4
425 432 -4
426 429 -2
426 430 -4
426 431 1
426 432 -2
427 429 2
427 430 2
427 431 -2
427 432 -2
428 429 -1
428 430 1
428 431 1
428 432 -4
433 437 -1
433 438 -2
433 439 -4
433 440 -1
434 437 1
434 438 1
434 439 -4
434 440 1
435 437 -2
435 438 1
435 439 -2
435 440 -1
436 437 -4
436 438 4
436 439 2
436 440 2
441 445 -1
441 446 4
441 447 2
441 448 -4
442 445 -4
442 446 -1
442 447 -2
442 448 2
443 445 4
443 446 4
443 447 -4
443 448 4
444 445 2
444 446 -1
444 447 -2
444 448 -2
449 453 1
449 454 -1
449 455 1
449 456 2
450 453 -1
450 454 4
450 455 1
450 456 -1
451 453 2
451 454 4
451 455 -1
451 456 -4
452 453 -4
452 454 -2
452 455 -2
452 456 -1
457 461 1
457 462 1
457 463 -2
457 464 -1
458 461 -4
458 462 -1
458 463 4
458 464 -1
459 461 -2
459 462 1
459 463 -4
459 464 -1
460 461 -4
460 462 -2
460 463 -1
460 464 1
465 469 -4
465 470 4
465 471 -1
465 472 2
466 469 -2
466 470 -1
466 471 2
466 472 -4
467 469 4
467 470 -1
467 471 4
467 472 -2
468 469 1
468 470 1
468 471 1
468 472 1
473 477 1
473 478 4
473 479 -4
473 480 -4
474 477 1
474 478 1
474 479 -4
474 480 -2
475 477 -1
475 478 1
475 479 -1
475 480 1
476 477 1
476 478 2
476 479 2
476 480 2
481 485 -1
481 486 1
481 487 1
481 488 1
482 485 -2
482 486 2
482 487 -2
482 488 -2
483 485 -1
483 486 4
483 487 -4
483 488 -2
484 485 -2
484 486 4
484 487 1
484 488 4
489 493 -2
489 494 1
489 495 -2
489 496 2
490 493 -2
490 494 -2
490 495 -1
490 496 2
491 493 2
491 494 -2
491 495 4
491 496 1
492 493 -1
492 494 4
492 495 -2
492 496 4
497 501 2
497 502 4
497 503 -2
497 504 -1
498 501 -4
498 502 1
498 503 -2
498 504 -4
499 501 -4
499 502 2
499 503 1
499 504 -1
500 501 4
500 502 2
500 503 1
500 504 -4
505 509 -1
505 510 1
505 511 1
505 512 2
506 509 -1
506 510 1
506 511 -2
506 512 -4
507 509 1
507 510 -4
507 511 4
507 512 4
508 509 -1
508 510 1
508 511 1
508 512 -1
513 517 -1
513 518 4
513 519 -4
513 520 2
514 517 -4
514 518 1
514 519 -1
514 520 -1
515 517 -2
515 518 -1
515 519 -4
515 520 2
516 517 -2
516 518 4
516 519 -1
516 520 1
521 525 2
521 526 1
521 527 -4
521 528 2
522 525 -2
522 526 -1
522 527 -1
522 528 1
523 525 -4
523 526 1
523 527 1
523 528 2
524 525 -1
524 526 -1
524 527 2
524 528 1
529 533 2
529 534 -4
529 535 -4
529 536 -4
530 533 -4
530 534 -2
530 535 1
530 536 -4
531 533 2
531 534 2
531 535 4
531 536 2
532 533 1
532 534 2
532 535 -4
532 536 1
537 541 -2
537 542 -2
537 543 1
537 544 2
538 541 1
538 542 -4
538 543 -1
538 544 1
539 541 -2
539 542 2
539 543 4
539 544 4
540 541 1
540 542 -2
540 543 -1
540 544 -4
545 549 4
545 550 -2
545 551 -2
545 552 -1
546 549 -4
546 550 2
546 551 4
546 552 4
547 549 -4
547 550 1
547 551 2
547 552 -2
548 549 -2
548 550 4
548 551 -1
548 552 2
553 557 2
553 558 1
553 559 1
553 560 2
554 557 1
554 558 -1
554 559 4
554 560 -2
555 557 -4
555 558 -1
555 559 1
555 560 -4
556 557 -2
556 558 -1
556 559 -4
556 560 4
561 565 4
561 566 4
561 567 4
561 568 -1
562 565 -2
562 566 -4
562 567 1
562 568 1
563 565 -4
563 566 -4
563 567 4
563 568 -1
564 565 1
564 566 -2
564 567 -2
564 568 -1
569 573 -2
569 574 1
569 575 1
569 576 -2
570 573 -1
570 574 -2
570 575 2
570 576 -2
571 573 1
571 574 1
571 575 -4
571 576 -2
572 573 -4
572 574 -4
572 575 1
572 576 4
577 581 1
577 582 -1
577 583 -2
577 584 4
578 581 -1
578 582 2
578 583 4
578 584 -1
579 581 -2
579 582 2
579 583 -2
579 584 2
580 581 4
580 582 2
580 583 -4
580 584 -4
585 589 -4
585 590 2
585 591 -4
585 592 -4
586 589 1
586 590 2
586 591 -4
586 592 2
587 589 1
587 590 -2
587 591 2
587 592 -4
588 589 -1
588 590 -2
588 591 -4
588 592 2
593 597 -2
593 598 -1
593 599 2
593 600 -4
594 597 1
594 598 1
594 599 2
594 600 -1
595 597 1
595 598 -2
595 599 2
595 600 -2
596 597 1
596 598 4
596 599 -1
596 600 -2
601 605 -1
601 606 1
601 607 -2
601 608 -1
602 605 1
602 606 -2
602 607 -4
602 608 1
603 605 -1
603 606 4
603 607 1
603 608 1
604 605 2
604 606 1
604 607 1
604 608 -4
609 613 -1
609 614 1
609 615 2
609 616 2
610 613 -1
610 614 -1
610 615 -4
610 616 4
611 613 -2
611 614 4
611 615 -4
611 616 -2
612 613 1
612 614 4
612 615 -2
612 616 4
617 621 -2
617 622 1
617 623 -4
617 624 -4
618 621 4
618 622 1
618 623 2
618 624 4
619 621 1
619 622 -2
619 623 4
619 624 2
620 621 2
620 622 -4
620 623 4
620 624 1
625 629 1
625 630 -4
625 631 2
625 632 2
626 629 -1
626 630 -1
626 631 1
626 632 1
627 629 2
627 630 -2
627 631 -1
627 632 -2
628 629 -4
628 630 -1
628 631 -2
628 632 1
633 637 4
633 638 -4
633 639 4
633 640 2
634 637 4
634 638 2
634 639 -2
634 640 4
635 637 1
635 638 -4
635 639 4
635 640 -1
636 637 4
636 638 1
636 639 -4
636 640 2
641 645 1
641 646 -4
641 647 -1
641 648 1
642 645 1
642 646 2
642 647 1
642 648 -4
643 645 1
643 646 -1
643 647 2
643 648 -2
644 645 1
644 646 -4
644 647 -1
644 648 2
649 653 -2
649 654 1
649 655 -1
649 656 2
650 653 1
650 654 4
650 655 2
650 656 -1
651 653 2
651 654 -1
651 655 1
651 656 1
652 653 1
652 654 1
652 655 2
652 656 1
657 661 1
657 662 -4
657 663 2
657 664 -4
658 661 2
658 662 1
658 663 -4
658 664 1
659 661 -2
659 662 2
659 663 -1
659 664 2
660 661 -4
660 662 -2
660 663 4
660 664 -4
665 669 -2
665 670 -1
665 671 -1
665 672 -1
666 669 1
666 670 -2
666 671 -1
666 672 2
667 669 4
667 670 -1
667 671 1
667 672 2
668 669 2
668 670 2
668 671 -1
668 672 4
673 677 1
673 678 -1
673 679 4
673 680 4
674 677 1
674 678 4
674 679 1
674 680 4
675 677 -4
675 678 1
675 679 -1
675 680 -1
676 677 -2
676 678 -4
676 679 1
676 680 -1
681 685 -2
681 686 1
681 687 -2
681 688 -4
682 685 -4
682 686 2
682 687 -2
682 688 4
683 685 -1
683 686 1
683 687 -2
683 688 1
684 685 4
684 686 -1
684 687 1
684 688 4
689 693 -2
689 694 -2
689 695 1
689 696 -1
690 693 4
690 694 -4
690 695 -4
690 696 4
691 693 4
691 694 -4
691 695 4
691 696 -4
692 693 -4
692 694 -1
692 695 -1
692 696 1
697 701 4
697 702 1
697 703 -1
697 704 4
698 701 -1
698 702 -1
698 703 -4
698 704 2
699 701 -2
699 702 4
699 703 -4
699 704 1
700 701 -4
700 702 -1
700 703 2
700 704 4
705 709 1
705 710 2
705 711 -4
705 712 2
706 709 2
706 710 4
706 711 2
706 712 1
707 709 4
707 710 -4
707 711 2
707 712 -1
708 709 1
708 710 4
708 711 -2
708 712 1
713 717 1
713 718 -4
713 719 2
713 720 2
714 717 2
714 718 1
714 719 -1
714 720 -4
715 717 -1
715 718 -2
715 719 1
715 720 -4
716 717 2
716 718 4
716 719 4
716 720 -2
721 725 2
721 726 2
721 727 -4
721 728 -1
722 725 4
722 726 -4
722 727 -4
722 728 -2
723 725 1
723 726 4
723 727 -1
723 728 -1
724 725 -4
724 726 4
724 727 -4
724 728 -1
729 733 2
729 734 1
729 735 -1
729 736 4
730 733 4
730 734 1
730 735 4
730 736 1
731 733 -1
731 734 -1
731 735 -2
731 736 1
732 733 1
732 734 -2
732 735 1
732 736 -4
737 741 -2
737 742 -1
737 743 1
737 744 -4
738 741 -4
738 742 4
738 743 2
738 744 -2
739 741 1
739 742 1
739 743 1
739 744 4
740 741 2
740 742 -4
740 743 -4
740 744 -2
745 749 1
745 750 1
745 751 2
745 752 -1
746 749 1
746 750 4
746 751 4
746 752 1
747 749 -4
747 750 -2
747 751 1
747 752 4
748 749 4
748 750 2
748 751 -1
748 752 2
753 757 -1
753 758 -4
753 759 1
753 760 -4
754 757 -4
754 758 -2
754 759 -4
754 760 4
755 757 -4
755 758 1
755 759 1
755 760 2
756 757 -2
756 758 4
756 759 -1
756 760 -2
761 765 4
761 766 2
761 767 -4
761 768 -2
762 765 -2
762 766 -1
762 767 2
762 768 -4
763 765 -4
763 766 1
763 767 1
763 768 -1
764 765 4
764 766 2
764 767 4
764 768 -1
769 773 -2
769 774 -2
769 775 1
769 776 -2
770 773 -2
770 774 -1
770 775 -1
770 776 2
771 773 1
771 774 -1
771 775 -2
771 776 4
772 773 -1
772 774 4
772 775 1
772 776 -2
777 781 -1
777 782 4
777 783 -2
777 784 -2
778 781 -1
778 782 2
778 783 2
778 784 -2
779 781 4
779 782 -1
779 783 -4
779 784 2
780 781 -2
780 782 4
780 783 1
780 784 4
785 789 -1
785 790 4
785 791 -2
785 792 -2
786 789 -2
786 790 4
786 791 -4
786 792 -4
787 789 2
787 790 -1
787 791 -1
787 792 -2
788 789 -1
788 790 -2
788 791 -4
788 792 1
793 797 1
793 798 -2
793 799 -1
793 800 -2
794 797 -4
794 798 -1
794 799 -4
794 800 -2
795 797 4
795 798 1
795 799 4
795 800 -1
796 797 -2
796 798 2
796 799 -1
796 800 -4
801 805 -2
801 806 -4
801 807 1
801 808 -4
802 805 -2
802 806 2
802 807 4
802 808 -1
803 805 -4
803 806 1
803 807 -1
803 808 1
804 805 -2
804 806 4
804 807 -4
804 808 4
809 813 1
809 814 4
809 815 -1
809 816 1
810 813 1
810 814 1
810 815 1
810 816 4
811 813 -2
811 814 -1
811 815 2
811 816 4
812 813 -4
812 814 4
812 815 -2
812 816 4
817 821 1
817 822 -4
817 823 4
817 824 -4
818 821 2
818 822 1
818 823 -2
818 824 -2
819 821 4
819 822 -1
819 823 1
819 824 -1
820 821 -2
820 822 2
820 823 4
820 824 2
825 829 2
825 830 -2
825 831 -2
825 832 -2
826 829 -4
826 830 4
826 831 4
826 832 -4
827 829 4
827 830 2
827 831 -4
827 832 1
828 829 -4
828 830 -4
828 831 2
828 832 4
833 837 1
833 838 -4
833 839 -4
833 840 -4
834 837 4
834 838 2
834 839 -4
834 840 2
835 837 -1
835 838 -4
835 839 -4
835 840 -1
836 837 1
836 838 2
836 839 -1
836 840 1
841 845 2
841 846 4
841 847 -1
841 848 -2
842 845 -4
842 846 -1
842 847 4
842 848 4
843 845 2
843 846 -4
843 847 -4
843 848 4
844 845 -2
844 846 -4
844 847 4
844 848 -1
849 853 2
849 854 -4
849 855 -1
849 856 4
850 853 -4
850 854 1
850 855 1
850 856 -4
851 853 -2
851 854 -4
851 855 -4
851 856 -2
852 853 -2
852 854 -4
852 855 2
852 856 1
857 861 2
857 862 1
857 863 -1
857 864 2
858 861 4
858 862 -1
858 863 1
858 864 2
859 861 2
859 862 -2
859 863 1
859 864 -2
860 861 1
860 862 1
860 863 2
860 864 1
865 869 1
865 870 1
865 871 2
865 872 -2
866 869 4
866 870 1
866 871 2
866 872 1
867 869 -4
867 870 -2
867 871 -4
867 872 -4
868 869 4
868 870 -2
868 871 4
868 872 -2
873 877 2
873 878 4
873 879 1
873 880 4
874 877 -1
874 878 2
874 879 1
874 880 4
875 877 -1
875 878 2
875 879 1
875 880 4
876 877 1
876 878 2
876 879 -4
876 880 -1
881 885 -4
881 886 -4
881 887 2
881 888 4
882 885 1
882 886 -4
882 887 -4
882 888 -4
883 885 -1
883 886 2
883 887 2
883 888 2
884 885 -1
884 886 4
884 887 -1
884 888 -1
889 893 -1
889 894 -2
889 895 -4
889 896 4
890 893 1
890 894 -1
890 895 -2
890 896 -1
891 893 -2
891 894 -4
891 895 -1
891 896 -2
892 893 -1
892 894 4
892 895 -2
892 896 1
897 901 1
897 902 2
897 903 -4
897 904 -1
898 901 2
898 902 -2
898 903 2
898 904 -4
899 901 -1
899 902 -1
899 903 -2
899 904 -1
900 901 2
900 902 -2
900 903 1
900 904 1
905 909 -2
905 910 2
905 911 -1
905 912 1
906 909 -2
906 910 -1
906 911 1
906 912 -2
907 909 -4
907 910 1
907 911 -4
907 912 4
908 909 1
908 910 -2
908 911 4
908 912 -1
913 917 -2
913 918 -2
913 919 4
913 920 1
914 917 -1
914 918 -4
914 919 1
914 920 -1
915 917 2
915 918 4
915 919 -1
915 920 1
916 917 -4
916 918 -1
916 919 1
916 920 -1
921 925 2
921 926 1
921 927 2
921 928 4
922 925 4
922 926 -2
922 927 -4
922 928 -4
923 925 -2
923 926 -1
923 927 -1
923 928 -2
924 925 4
924 926 -1
924 927 -1
924 928 4
929 933 -4
929 934 4
929 935 -4
929 936 1
930 933 2
930 934 -4
930 935 -4
930 936 4
931 933 -1
931 934 -2
931 935 -4
931 936 4
932 933 -1
932 934 4
932 935 2
932 936 -2
937 941 -4
937 942 -4
937 943 1
937 944 -1
938 941 -2
938 942 -4
938 943 1
938 944 2
939 941 1
939 942 -4
939 943 -2
939 944 -1
940 941 -1
940 942 1
940 943 -4
940 944 -4
945 949 4
945 950 4
945 951 4
945 952 4
946 949 4
946 950 2
946 951 -1
946 952 1
947 949 -1
947 950 -2
947 951 1
947 952 2
948 949 -4
948 950 -1
948 951 -2
948 952 -4
953 957 -4
953 958 -2
953 959 -2
953 960 -2
954 957 4
954 958 1
954 959 2
954 960 4
955 957 -4
955 958 4
955 959 4
955 960 2
956 957 -1
956 958 4
956 959 -2
956 960 2
961 965 -4
961 966 -2
961 967 -1
961 968 2
962 965 2
962 966 -4
962 967 -2
962 968 1
963 965 4
963 966 1
963 967 -1
963 968 -4
964 965 1
964 966 -4
964 967 -2
964 968 -1
969 973 2
969 974 -2
969 975 -2
969 976 -4
970 973 2
970 974 -1
970 975 -4
970 976 1
971 973 -2
971 974 -2
971 975 -2
971 976 2
972 973 -1
972 974 4
972 975 1
972 976 -2
977 981 4
977 982 1
977 983 4
977 984 -1
978 981 2
978 982 4
978 983 1
978 984 -2
979 981 -4
979 982 -2
979 983 -4
979 984 4
980 981 4
980 982 -2
980 983 -1
980 984 2
985 989 -1
985 990 -4
985 991 -2
985 992 -1
986 989 4
986 990 -2
986 991 -1
986 992 -4
987 989 1
987 990 -1
987 991 -4
987 992 1
988 989 2
988 990 -4
988 991 -1
988 992 -2
993 997 2
993 998 -4
993 999 2
993 1000 2
994 997 4
994 998 -1
994 999 1
994 1000 4
995 997 2
995 998 2
995 999 -1
995 1000 -1
996 997 -4
996 998 1
996 999 -1
996 1000 -4
1001 1005 2
1001 1006 2
1001 1007 4
1001 1008 -1
1002 1005 4
1002 1006 -2
1002 1007 2
1002 1008 4
1003 1005 1
1003 1006 1
1003 1007 2
1003 1008 -2
1004 1005 -1
1004 1006 4
1004 1007 2
1004 1008 1
1009 1013 -2
1009 1014 1
1009 1015 2
1009 1016 -1
1010 1013 -2
1010 1014 2
1010 1015 -4
1010 1016 -4
1011 1013 4
1011 1014 2
1011 1015 1
1011 1016 2
1012 1013 -1
1012 1014 -1
1012 1015 4
1012 1016 -2
1017 1021 -1
1017 1022 4
1017 1023 -1
1017 1024 1
1018 1021 -1
1018 1022 1
1018 1023 -1
1018 1024 1
1019 1021 1
1019 1022 2
1019 1023 -1
1019 1024 1
1020 1021 1
1020 1022 2
1020 1023 1
1020 1024 -1
1025 1029 2
1025 1030 -2
1025 1031 4
1025 1032 4
1026 1029 2
1026 1030 4
1026 1031 -2
1026 1032 4
1027 1029 4
1027 1030 1
1027 1031 2
1027 1032 -2
1028 1029 2
1028 1030 -2
1028 1031 -4
1028 1032 1
1033 1037 -2
1033 1038 2
1033 1039 -1
1033 1040 -2
1034 1037 -4
1034 1038 -2
1034 1039 -2
1034 1040 1
1035 1037 -1
1035 1038 -1
1035 1039 -4
1035 1040 -4
1036 1037 4
1036 1038 -2
1036 1039 4
1036 1040 -4
1041 1045 2
1041 1046 -4
1041 1047 -2
1041 1048 2
1042 1045 -4
1042 1046 -1
1042 1047 2
1042 1048 2
1043 1045 -4
1043 1046 2
1043 1047 1
1043 1048 -4
1044 1045 1
1044 1046 4
1044 1047 4
1044 1048 -4
1049 1053 1
1049 1054 2
1049 1055 -1
1049 1056 1
1050 1053 -1
1050 1054 -2
1050 1055 -4
1050 1056 4
1051 1053 4
1051 1054 -2
1051 1055 1
1051 1056 2
1052 1053 4
1052 1054 -4
1052 1055 2
1052 1056 1
1057 1061 -4
1057 1062 4
1057 1063 -2
1057 1064 -2
1058 1061 4
1058 1062 -4
1058 1063 -1
1058 1064 -2
1059 1061 -4
1059 1062 -4
1059 1063 -4
1059 1064 1
1060 1061 2
1060 1062 4
1060 1063 -1
1060 1064 2
1065 1069 1
1065 1070 -2
1065 1071 4
1065 1072 -2
1066 1069 -2
1066 1070 2
1066 1071 4
1066 1072 1
1067 1069 2
1067 1070 4
1067 1071 -2
1067 1072 2
1068 1069 -2
1068 1070 1
1068 1071 4
1068 1072 -4
1073 1077 -4
1073 1078 -4
1073 1079 -2
1073 1080 4
1074 1077 1
1074 1078 -1
1074 1079 -1
1074 1080 4
1075 1077 4
1075 1078 2
1075 1079 4
1075 1080 -4
1076 1077 -4
1076 1078 -2
1076 1079 2
1076 1080 1
1081 1085 -2
1081 1086 4
1081 1087 -1
1081 1088 4
1082 1085 2
1082 1086 1
1082 1087 1
1082 1088 1
1083 1085 -4
1083 1086 4
1083 1087 -4
1083 1088 4
1084 1085 -4
1084 1086 -4
1084 1087 -1
1084 1088 -1
1089 1093 4
1089 1094 -1
1089 1095 1
1089 1096 -1
1090 1093 -2
1090 1094 2
1090 1095 -2
1090 1096 2
1091 1093 -2
1091 1094 -2
1091 1095 2
1091 1096 4
1092 1093 -1
1092 1094 1
1092 1095 1
1092 1096 4
1097 1101 4
1097 1102 -1
1097 1103 4
1097 1104 4
1098 1101 4
1098 1102 2
1098 1103 1
1098 1104 -2
1099 1101 -1
1099 1102 2
1099 1103 4
1099 1104 2
1100 1101 2
1100 1102 -2
1100 1103 4
1100 1104 1
1105 1109 -4
1105 1110 -4
1105 1111 1
1105 1112 4
1106 1109 1
1106 1110 1
1106 1111 -1
1106 1112 -4
1107 1109 2
1107 1110 4
1107 1111 1
1107 1112 -2
1108 1109 -1
1108 1110 2
1108 1111 -4
1108 1112 -4
1113 1117 2
1113 1118 -2
1113 1119 -4
1113 1120 1
1114 1117 1
1114 1118 2
1114 1119 4
1114 1120 1
1115 1117 -4
1115 1118 -4
1115 1119 -4
1115 1120 4
1116 1117 1
1116 1118 2
1116 1119 -4
1116 1120 -4
1121 1125 2
1121 1126 -4
1121 1127 -4
1121 1128 -4
1122 1125 -1
1122 1126 -4
1122 1127 1
1122 1128 -2
1123 1125 1
1123 1126 -2
1123 1127 2
1123 1128 2
1124 1125 -2
1124 1126 4
1124 1127 -2
1124 1128 4
1129 1133 -1
1129 1134 -1
1129 1135 -4
1129 1136 -1
1130 1133 1
1130 1134 -1
1130 1135 -2
1130 1136 -4
1131 1133 -1
1131 1134 2
1131 1135 2
1131 1136 -1
1132 1133 -4
1132 1134 4
1132 1135 -1
1132 1136 -1
1137 1141 -2
1137 1142 1
1137 1143 -2
1137 1144 -1
1138 1141 -1
1138 1142 -4
1138 1143 -4
1138 1144 2
1139 1141 -1
1139 1142 2
1139 1143 2
1139 1144 2
1140 1141 1
1140 1142 1
1140 1143 4
1140 1144 -4
1145 1149 1
1145 1150 4
1145 1151 -1
1145 1152 2
1146 1149 1
1146 1150 -2
1146 1151 -1
1146 1152 1
1147 1149 4
1147 1150 -2
1147 1151 -2
1147 1152 4
1148 1149 -4
1148 1150 -2
1148 1151 4
1148 1152 4
5 13 2
6 14 -4
7 15 -4
8 16 -4
13 21 4
14 22 -2
15 23 2
16 24 4
21 29 -4
22 30 1
23 31 4
24 32 1
29 37 4
30 38 -1
31 39 4
32 40 -2
37 45 2
38 46 -1
39 47 4
40 48 -2
45 53 -2
46 54 -2
47 55 2
48 56 1
53 61 1
54 62 -2
55 63 -2
56 64 1
61 69 -4
62 70 -2
63 71 -1
64 72 -4
69 77 -1
70 78 4
71 79 2
72 80 4
77 85 2
78 86 1
79 87 1
80 88 1
85 93 1
86 94 -2
87 95 1
88 96 -4
101 109 -2
102 110 2
103 111 1
104 112 4
109 117 1
110 118 -2
111 119 2
112 120 4
117 125 2
118 126 2
119 127 4
120 128 1
125 133 -1
126 134 1
127 135 -4
128 136 -4
133 141 4
134 142 2
135 143 -2
136 144 -1
141 149 4
142 150 -1
143 151 4
144 152 4
149 157 2
150 158 -1
151 159 1
152 160 -4
157 165 -1
158 166 -2
159 167 -2
160 168 2
165 173 -1
166 174 2
167 175 1
168 176 -2
173 181 4
174 182 -2
175 183 4
176 184 2
181 189 -1
182 190 -1
183 191 -4
184 192 -4
197 205 -2
198 206 4
199 207 -4
200 208 2
205 213 -2
206 214 -1
207 215 4
208 216 1
213 221 1
214 222 1
215 223 4
216 224 -2
221 229 2
222 230 -2
223 231 1
224 232 -4
229 237 -4
230 238 2
231 239 2
232 240 4
237 245 4
238 246 1
239 247 -1
240 248 1
245 253 1
246 254 4
247 255 2
248 256 -2
253 261 -4
254 262 4
255 263 1
256 264 -4
261 269 2
262 270 -1
263 271 1
264 272 -2
269 277 -2
270 278 4
271 279 4
272 280 2
277 285 -1
278 286 2
279 287 -2
280 288 1
293 301 4
294 302 2
295 303 1
296 304 -4
301 309 1
302 310 2
303 311 -1
304 312 -1
309 317 2
310 318 2
311 319 -4
312 320 1
317 325 1
318 326 -2
319 327 1
320 328 4
325 333 1
326 334 -4
327 335 -4
328 336 2
333 341 1
334 342 -1
335 343 -1
336 344 -4
341 349 4
342 350 -4
343 351 -2
344 352 -4
349 357 -1
350 358 -2
351 359 -1
352 360 -4
357 365 -2
358 366 -2
359 367 -2
360 368 2
365 373 -4
366 374 1
367 375 -1
368 376 -2
373 381 -2
374 382 1
375 383 2
376 384 1
389 397 -4
390 398 -1
391 399 -2
392 400 -2
397 405 -4
398 406 -4
399 407 4
400 408 1
405 413 -2
406 414 4
407 415 2
408 416 -4
413 421 -1
414 422 2
415 423 -2
416 424 2
421 429 2
422 430 -2
423 431 -2
424 432 -4
429 437 4
430 438 4
431 439 -4
432 440 -1
437 445 1
438 446 4
439 447 -2
440 448 1
445 453 1
446 454 2
447 455 2
448 456 2
453 461 2
454 462 1
455 463 2
456 464 -1
461 469 4
462 470 -2
463 471 -1
464 472 4
469 477 2
470 478 1
471 479 -1
472 480 4
485 493 2
486 494 2
487 495 1
488 496 4
493 501 4
494 502 -4
495 503 -4
496 504 -4
501 509 2
502 510 -1
503 511 -1
504 512 4
509 517 1
510 518 -1
511 519 4
512 520 2
517 525 4
518 526 -4
519 527 -2
520 528 1
525 533 -2
526 534 -4
527 535 -1
528 536 -2
533 541 1
534 542 2
535 543 -4
536 544 2
541 549 1
542 550 2
543 551 -1
544 552 2
549 557 -2
550 558 1
551 559 -2
552 560 4
557 565 -2
558 566 -1
559 567 2
560 568 4
565 573 -2
566 574 -2
567 575 -1
568 576 -4
581 589 2
582 590 -2
583 591 -2
584 592 -4
589 597 -2
590 598 1
591 599 2
592 600 1
597 605 2
598 606 4
599 607 2
600 608 -2
605 613 -1
606 614 4
607 615 2
608 616 -1
613 621 1
614 622 2
615 623 -1
616 624 4
621 629 4
622 630 4
623 631 -1
624 632 -1
629 637 2
630 638 2
631 639 1
632 640 4
637 645 1
638 646 1
639 647 1
640 648 2
645 653 1
646 654 4
647 655 1
648 656 -2
653 661 -2
654 662 1
655 663 2
656 664 2
661 669 2
662 670 -4
663 671 1
664 672 4
677 685 1
678 686 -2
679 687 -2
680 688 1
685 693 2
686 694 1
687 695 4
688 696 1
693 701 2
694 702 4
695 703 -4
696 704 2
701 709 1
702 710 4
703 711 4
704 712 2
709 717 -2
710 718 -2
711 719 -2
712 720 2
717 725 -1
718 726 4
719 727 2
720 728 4
725 733 -1
726 734 -2
727 735 4
728 736 -1
733 741 2
734 742 -4
735 743 2
736 744 2
741 749 -2
742 750 2
743 751 4
744 752 4
749 757 -2
750 758 2
751 759 1
752 760 4
757 765 -1
758 766 -1
759 767 1
760 768 1
773 781 1
774 782 2
775 783 1
776 784 -1
781 789 -4
782 790 4
783 791 -1
784 792 4
789 797 4
790 798 1
791 799 -2
792 800 1
797 805 2
798 806 1
799 807 -2
800 808 2
805 813 -2
806 814 -4
807 815 -2
808 816 4
813 821 -4
814 822 2
815 823 1
816 824 2
821 829 -1
822 830 -2
823 831 -2
824 832 1
829 837 4
830 838 2
831 839 4
832 840 -1
837 845 1
838 846 1
839 847 4
840 848 -1
845 853 4
846 854 -4
847 855 -4
848 856 4
853 861 -1
854 862 1
855 863 1
856 864 1
869 877 1
870 878 2
871 879 -4
872 880 -4
877 885 -4
878 886 -1
879 887 2
880 888 -1
885 893 1
886 894 -1
887 895 -2
888 896 1
893 901 2
894 902 -1
895 903 -1
896 904 2
901 909 -2
902 910 -4
903 911 4
904 912 -2
909 917 -1
910 918 4
911 919 4
912 920 -4
917 925 2
918 926 -1
919 927 -2
920 928 -2
925 933 1
926 934 2
927 935 4
928 936 -1
933 941 -4
934 942 2
935 943 -1
936 944 1
941 949 -4
942 950 4
943 951 -2
944 952 -1
949 957 4
950 958 -1
951 959 -2
952 960 -4
965 973 -2
966 974 4
967 975 -4
968 976 -4
973 981 -2
974 982 -1
975 983 1
976 984 1
981 989 -4
982 990 2
983 991 -2
984 992 -2
989 997 -2
990 998 1
991 999 4
992 1000 2
997 1005 4
998 1006 4
999 1007 2
1000 1008 -1
1005 1013 4
1006 1014 -1
1007 1015 2
1008 1016 2
1013 1021 -1
1014 1022 1
1015 1023 4
1016 1024 4
1021 1029 4
1022 1030 4
1023 1031 -1
1024 1032 4
1029 1037 -4
1030 1038 1
1031 1039 1
1032 1040 4
1037 1045 -1
1038 1046 -2
1039 1047 -2
1040 1048 1
1045 1053 -4
1046 1054 2
1047 1055 -2
1048 1056 2
1061 1069 2
1062 1070 -4
1063 1071 -4
1064 1072 4
1069 1077 2
1070 1078 -4
1071 1079 -2
1072 1080 2
1077 1085 1
1078 1086 4
1079 1087 -1
1080 1088 -1
1085 1093 -4
1086 1094 2
1087 1095 2
1088 1096 -1
1093 1101 1
1094 1102 4
1095 1103 2
1096 1104 -4
1101 1109 -1
1102 1110 2
1103 1111 -1
1104 1112 4
1109 1117 -4
1110 1118 -4
1111 1119 4
1112 1120 -1
1117 1125 -1
1118 1126 2
1119 1127 2
1120 1128 4
1125 1133 -1
1126 1134 -2
1127 1135 -2
1128 1136 4
1133 1141 -4
1134 1142 -1
1135 1143 -4
1136 1144 4
1141 1149 -4
1142 1150 4
1143 1151 -1
1144 1152 1
1 97 -2
2 98 4
3 99 2
4 100 1
97 193 -2
98 194 2
99 195 2
100 196 -2
193 289 -1
194 290 -4
195 291 2
196 292 4
289 385 -1
290 386 1
291 387 2
292 388 -1
385 481 1
386 482 1
387 483 -4
388 484 4
481 577 -1
482 578 -4
483 579 -2
484 580 -2
577 673 -4
578 674 2
579 675 2
580 676 1
673 769 1
674 770 -4
675 771 4
676 772 -1
769 865 4
770 866 2
771 867 4
772 868 2
865 961 4
866 962 -1
867 963 1
868 964 -1
961 1057 4
962 1058 -1
963 1059 -4
964 1060 -4
9 105 2
10 106 1
11 107 -1
12 108 -1
105 201 1
106 202 1
107 203 4
108 204 -1
201 297 1
202 298 -2
203 299 -1
204 300 1
297 393 -1
298 394 1
299 395 -1
300 396 -2
393 489 1
394 490 -2
395 491 2
396 492 2
489 585 1
490 586 2
491 587 -1
492 588 1
585 681 -2
586 682 2
587 683 1
588 684 1
681 777 -2
682 778 -4
683 779 1
684 780 -2
777 873 -1
778 874 -2
779 875 -2
780 876 -1
873 969 -1
874 970 2
875 971 -2
876 972 2
969 1065 4
970 1066 -2
971 1067 -2
972 1068 -1
17 113 -1
18 114 -1
19 115 4
20 116 1
113 209 1
114 210 2
115 211 4
116 212 1
209 305 2
210 306 1
211 307 -2
212 308 -4
305 401 -2
306 402 -4
307 403 1
308 404 -4
401 497 2
402 498 4
403 499 4
404 500 1
497 593 2
498 594 -4
499 595 4
500 596 2
593 689 1
594 690 -1
595 691 1
596 692 -1
689 785 2
690 786 2
691 787 4
692 788 4
785 881 -1
786 882 -1
787 883 2
788 884 2
881 977 -1
882 978 2
883 979 -4
884 980 2
977 1073 -2
978 1074 1
979 1075 2
980 1076 1
25 121 2
26 122 2
27 123 1
28 124 -4
121 217 4
122 218 -1
123 219 -4
124 220 -4
217 313 -4
218 314 2
219 315 1
220 316 -1
313 409 -4
314 410 -4
315 411 -2
316 412 2
409 505 2
410 506 -2
411 507 -2
412 508 -1
505 601 -2
506 602 2
507 603 -2
508 604 1
601 697 -2
602 698 4
603 699 4
604 700 -2
697 793 2
698 794 1
699 795 2
700 796 1
793 889 -1
794 890 1
795 891 1
796 892 4
889 985 -1
890 986 2
891 987 4
892 988 1
985 1081 -4
986 1082 2
987 1083 -2
988 1084 -2
33 129 -1
34 130 4
35 131 4
36 132 -2
129 225 2
130 226 -4
131 227 4
132 228 2
225 321 -2
226 322 1
227 323 1
228 324 2
321 417 2
322 418 -4
323 419 -4
324 420 -2
417 513 1
418 514 4
419 515 -4
420 516 -2
513 609 -1
514 610 4
515 611 -4
516 612 -1
609 705 4
610 706 4
611 707 -4
612 708 -1
705 801 4
706 802 4
707 803 1
708 804 1
801 897 1
802 898 -1
803 899 2
804 900 -4
897 993 -1
898 994 -2
899 995 2
900 996 1
993 1089 -2
994 1090 4
995 1091 1
996 1092 -2
41 137 4
42 138 1
43 139 -4
44 140 4
137 233 -1
138 234 4
139 235 -4
140 236 -1
233 329 -2
234 330 -4
235 331 -2
236 332 4
329 425 4
330 426 4
331 427 2
332 428 4
425 521 -2
426 522 -1
427 523 4
428 524 -2
521 617 2
522 618 -2
523 619 1
524 620 -1
617 713 -1
618 714 -1
619 715 -2
620 716 2
713 809 4
714 810 1
715 811 -2
716 812 2
809 905 -2
810 906 -4
811 907 -1
812 908 -2
905 1001 4
906 1002 2
907 1003 -2
908 1004 4
1001 1097 -4
1002 1098 1
1003 1099 -4
1004 1100 -1
49 145 -4
50 146 -4
51 147 -4
52 148 -2
145 241 -4
146 242 -1
147 243 -2
148 244 -4
241 337 -4
242 338 4
243 339 -1
244 340 -4
337 433 4
338 434 1
339 435 1
340 436 4
433 529 2
434 530 1
435 531 2
436 532 -1
529 625 -4
530 626 1
531 627 -4
532 628 -4
625 721 -4
626 722 -4
627 723 1
628 724 1
721 817 2
722 818 2
723 819 1
724 820 -4
817 913 2
818 914 -4
819 915 -2
820 916 4
913 1009 2
914 1010 2
915 1011 -1
916 1012 2
1009 1105 2
1010 1106 -2
1011 1107 -4
1012 1108 2
57 153 1
58 154 -4
59 155 4
60 156 2
153 249 1
154 250 -4
155 251 2
156 252 1
249 345 2
250 346 -4
251 347 -1
252 348 4
345 441 -2
346 442 -2
347 443 4
348 444 4
441 537 1
442 538 -1
443 539 -1
444 540 -2
537 633 4
538 634 2
539 635 -1
540 636 -2
633 729 -2
634 730 1
635 731 -2
636 732 2
729 825 -4
730 826 4
731 827 -2
732 828 4
825 921 1
826 922 -4
827 923 -1
828 924 2
921 1017 -2
922 1018 1
923 1019 -2
924 1020 2
1017 1113 1
1018 1114 -1
1019 1115 4
1020 1116 4
65 161 -1
66 162 -1
67 163 1
68 164 1
161 257 -2
162 258 -1
163 259 1
164 260 1
257 353 -1
258 354 -4
259 355 2
260 356 -2
353 449 4
354 450 -1
355 451 1
356 452 2
449 545 2
450 546 -1
451 547 2
452 548 -1
545 641 4
546 642 4
547 643 -2
548 644 -1
641 737 2
642 738 -1
643 739 -1
644 740 2
737 833 -1
738 834 -1
739 835 -2
740 836 -1
833 929 2
834 930 2
835 931 1
836 932 2
929 1025 1
930 1026 -2
931 1027 -4
932 1028 -1
1025 1121 -2
1026 1122 -1
1027 1123 4
1028 1124 -1
73 169 2
74 170 -2
75 171 1
76 172 1
169 265 2
170 266 2
171 267 1
172 268 -1
265 361 -4
266 362 4
267 363 -2
268 364 4
361 457 4
362 458 -1
363 459 -2
364 460 -1
457 553 1
458 554 -1
459 555 1
460 556 -1
553 649 -1
554 650 -1
555 651 1
556 652 -1
649 745 2
650 746 2
651 747 1
652 748 4
745 841 -1
746 842 -2
747 843 1
748 844 4
841 937 1
842 938 -1
843 939 -1
844 940 -4
937 1033 -1
938 1034 2
939 1035 -4
940 1036 -1
1033 1129 -4
1034 1130 -2
1035 1131 -2
1036 1132 -4
81 177 -4
82 178 4
83 179 -1
84 180 -4
177 273 -4
178 274 -4
179 275 4
180 276 -4
273 369 -2
274 370 4
275 371 4
276 372 4
369 465 -1
370 466 -1
371 467 1
372 468 2
465 561 -2
466 562 2
467 563 4
468 564 4
561 657 1
562 658 -4
563 659 -4
564 660 -2
657 753 -1
658 754 -1
659 755 -1
660 756 4
753 849 -1
754 850 1
755 851 2
756 852 -1
849 945 -2
850 946 4
851 947 -1
852 948 -1
945 1041 -1
946 1042 4
947 1043 2
948 1044 2
1041 1137 2
1042 1138 -4
1043 1139 1
1044 1140 -2
89 185 -2
90 186 -2
91 187 1
92 188 -1
185 281 -4
186 282 -4
187 283 2
188 284 2
281 377 -1
282 378 -1
283 379 -4
284 380 2
377 473 -2
378 474 2
379 475 -4
380 476 -4
473 569 -2
474 570 2
475 571 -1
476 572 2
569 665 -4
570 666 4
571 667 2
572 668 1
665 761 2
666 762 2
667 763 1
668 764 -1
761 857 1
762 858 2
763 859 -1
764 860 -4
857 953 -4
858 954 1
859 955 -4
860 956 -1
953 1049 4
954 1050 -4
955 1051 -2
956 1052 -1
1049 1145 1
1050 1146 -1
1051 1147 -2
1052 1148 1
