#
1 5 1
1 6 1
1 7 1
1 8 -4
2 5 -4
2 6 4
2 7 -1
2 8 -4
3 5 2
3 6 -2
3 7 2
3 8 1
4 5 4
4 6 -1
4 7 1
4 8 -4
9 13 -2
9 14 4
9 15 -1
9 16 -2
10 13 -4
10 14 -2
10 15 4
10 16 2
11 13 2
11 14 -2
11 15 1
11 16 -2
12 13 4
12 14 4
12 15 -2
12 16 -1
17 21 4
17 22 -4
17 23 -2
17 24 -4
18 21 1
18 22 4
18 23 2
18 24 -4
19 21 -2
19 22 -1
19 23 -1
19 24 -2
20 21 -2
20 22 -4
20 23 -4
20 24 1
25 29 -1
25 30 -1
25 31 -1
25 32 4
26 29 -2
26 30 -1
26 31 2
26 32 1
27 29 1
27 30 -1
27 31 4
27 32 2
28 29 -1
28 30 -1
28 31 -1
28 32 -1
33 37 -1
33 38 -2
33 39 -2
33 40 -2
34 37 -2
34 38 -4
34 39 4
34 40 2
35 37 4
35 38 -2
35 39 1
35 40 1
36 37 -4
36 38 1
36 39 2
36 40 -2
41 45 -4
41 46 -4
41 47 -1
41 48 -1
42 45 1
42 46 -1
42 47 -4
42 48 -4
43 45 1
43 46 -2
43 47 -2
43 48 2
44 45 4
44 46 4
44 47 -2
44 48 -2
49 53 2
49 54 -1
49 55 2
49 56 4
50 53 -1
50 54 -2
50 55 1
50 56 -4
51 53 1
51 54 -2
51 55 1
51 56 4
52 53 4
52 54 -2
52 55 -1
52 56 -2
57 61 -1
57 62 -2
57 63 -2
57 64 1
58 61 -1
58 62 -4
58 63 1
58 64 1
59 61 -4
59 62 -4
59 63 1
59 64 -2
60 61 2
60 62 2
60 63 -4
60 64 1
65 69 1
65 70 2
65 71 -4
65 72 -2
66 69 4
66 70 4
66 71 2
66 72 4
67 69 -1
67 70 2
67 71 2
67 72 -4
68 69 -2
68 70 4
68 71 2
68 72 -2
73 77 2
73 78 4
73 79 1
73 80 -2
74 77 4
74 78 1
74 79 -1
74 80 -1
75 77 -2
75 78 4
75 79 1
75 80 2
76 77 2
76 78 -1
76 79 1
76 80 1
81 85 4
81 86 2
81 87 2
81 88 2
82 85 -4
82 86 1
82 87 -4
82 88 1
83 85 -4
83 86 1
83 87 4
83 88 2
84 85 1
84 86 2
84 87 -4
84 88 -2
89 93 -4
89 94 1
89 95 1
89 96 -1
90 93 4
90 94 4
90 95 4
90 96 4
91 93 -4
91 94 -4
91 95 1
91 96 -1
92 93 -2
92 94 -2
92 95 -1
92 96 1
97 101 -4
97 102 -1
97 103 1
97 104 4
98 101 -4
98 102 2
98 103 1
98 104 1
99 101 2
99 102 -4
99 103 2
99 104 2
100 101 1
100 102 2
100 103 -4
100 104 -1
105 109 2
105 110 4
105 111 -4
105 112 -2
106 109 2
106 110 -4
106 111 1
106 112 1
107 109 4
107 110 -4
107 111 -4
107 112 1
108 109 2
108 110 -4
108 111 -2
108 112 -2
113 117 1
113 118 4
113 119 -4
113 120 2
114 117 -4
114 118 -4
114 119 1
114 120 -1
115 117 -2
115 118 2
115 119 -4
115 120 2
116 117 4
116 118 2
116 119 1
116 120 1
121 125 -1
121 126 4
121 127 -4
121 128 4
122 125 -4
122 126 4
122 127 2
122 128 -1
123 125 2
123 126 1
123 127 2
123 128 -4
124 125 -4
124 126 4
124 127 1
124 128 -2
129 133 2
129 134 2
129 135 2
129 136 -1
130 133 4
130 134 -1
130 135 2
130 136 1
131 133 -1
131 134 4
131 135 2
131 136 -2
132 133 -1
132 134 -1
132 135 1
132 136 -1
137 141 -2
137 142 -4
137 143 2
137 144 -2
138 141 -1
138 142 4
138 143 4
138 144 -4
139 141 -2
139 142 2
139 143 -1
139 144 2
140 141 4
140 142 -1
140 143 1
140 144 -1
145 149 2
145 150 -2
145 151 4
145 152 -1
146 149 -4
146 150 4
146 151 2
146 152 2
147 149 -4
147 150 -4
147 151 -1
147 152 1
148 149 -1
148 150 -4
148 151 4
148 152 2
153 157 -2
153 158 2
153 159 4
153 160 1
154 157 4
154 158 -4
154 159 -1
154 160 2
155 157 1
155 158 1
155 159 2
155 160 4
156 157 -2
156 158 2
156 159 1
156 160 -2
161 165 2
161 166 2
161 167 -4
161 168 -1
162 165 -2
162 166 4
162 167 -1
162 168 -2
163 165 4
163 166 -2
163 167 -2
163 168 1
164 165 2
164 166 4
164 167 1
164 168 4
169 173 -4
169 174 -2
169 175 -1
169 176 4
170 173 1
170 174 2
170 175 -1
170 176 -2
171 173 -2
171 174 4
171 175 1
171 176 4
172 173 -1
172 174 1
172 175 4
172 176 -2
177 181 -1
177 182 2
177 183 -2
177 184 4
178 181 -4
178 182 1
178 183 4
178 184 1
179 181 -2
179 182 -2
179 183 -2
179 184 4
180 181 -1
180 182 2
180 183 1
180 184 4
185 189 -2
185 190 4
185 191 -1
185 192 -1
186 189 -1
186 190 1
186 191 2
186 192 -4
187 189 -2
187 190 -2
187 191 4
187 192 2
188 189 -2
188 190 2
188 191 -4
188 192 -1
193 197 -1
193 198 2
193 199 4
193 200 1
194 197 -4
194 198 -2
194 199 -2
194 200 2
195 197 1
195 198 1
195 199 4
195 200 -1
196 197 -2
196 198 -2
196 199 -2
196 200 -1
201 205 -1
201 206 1
201 207 1
201 208 1
202 205 4
202 206 -4
202 207 4
202 208 -2
203 205 4
203 206 1
203 207 2
203 208 -2
204 205 -1
204 206 -1
204 207 -2
204 208 -4
209 213 2
209 214 -4
209 215 -2
209 216 1
210 213 4
210 214 1
210 215 -1
210 216 -1
211 213 -4
211 214 1
211 215 2
211 216 1
212 213 2
212 214 4
212 215 1
212 216 4
217 221 1
217 222 -2
217 223 2
217 224 -2
218 221 2
218 222 1
218 223 -1
218 224 1
219 221 -2
219 222 4
219 223 -4
219 224 1
220 221 -2
220 222 4
220 223 -2
220 224 2
225 229 -1
225 230 1
225 231 4
225 232 -4
226 229 4
226 230 -4
226 231 -2
226 232 4
227 229 -4
227 230 4
227 231 1
227 232 -2
228 229 2
228 230 -1
228 231 1
228 232 1
233 237 -1
233 238 1
233 239 -4
233 240 4
234 237 2
234 238 2
234 239 -1
234 240 2
235 237 4
235 238 -2
235 239 2
235 240 2
236 237 -4
236 238 -4
236 239 4
236 240 -4
241 245 1
241 246 -2
241 247 4
241 248 1
242 245 2
242 246 2
242 247 4
242 248 2
243 245 -1
243 246 -4
243 247 -4
243 248 1
244 245 -2
244 246 -2
244 247 -2
244 248 1
249 253 -2
249 254 -4
249 255 -4
249 256 -4
250 253 4
250 254 -1
250 255 -4
250 256 4
251 253 -4
251 254 2
251 255 -4
251 256 -1
252 253 -1
252 254 -1
252 255 -1
252 256 -4
257 261 1
257 262 1
257 263 4
257 264 -4
258 261 -4
258 262 4
258 263 1
258 264 1
259 261 -4
259 262 -2
259 263 4
259 264 -4
260 261 -1
260 262 2
260 263 1
260 264 -1
265 269 -4
265 270 -4
265 271 -1
265 272 2
266 269 2
266 270 2
266 271 -4
266 272 2
267 269 2
267 270 -1
267 271 4
267 272 2
268 269 4
268 270 -2
268 271 -1
268 272 1
273 277 4
273 278 -4
273 279 4
273 280 1
274 277 -1
274 278 1
274 279 -1
274 280 -2
275 277 2
275 278 4
275 279 4
275 280 -1
276 277 -1
276 278 1
276 279 -1
276 280 -1
281 285 -2
281 286 -2
281 287 1
281 288 4
282 285 2
282 286 2
282 287 2
282 288 -4
283 285 1
283 286 -4
283 287 2
283 288 -4
284 285 -4
284 286 -4
284 287 -2
284 288 -4
289 293 4
289 294 -4
289 295 -2
289 296 2
290 293 -1
290 294 -1
290 295 -1
290 296 2
291 293 -2
291 294 1
291 295 4
291 296 2
292 293 -4
292 294 2
292 295 4
292 296 1
297 301 -2
297 302 -2
297 303 -4
297 304 -4
298 301 -1
298 302 4
298 303 -4
298 304 -1
299 301 1
299 302 -1
299 303 2
299 304 -2
300 301 1
300 302 -2
300 303 -4
300 304 -1
305 309 2
305 310 -2
305 311 -1
305 312 4
306 309 -1
306 310 4
306 311 -2
306 312 -4
307 309 4
307 310 -1
307 311 4
307 312 4
308 309 -1
308 310 -4
308 311 1
308 312 2
313 317 -2
313 318 4
313 319 -1
313 320 1
314 317 -2
314 318 4
314 319 2
314 320 -1
315 317 -1
315 318 -2
315 319 -4
315 320 -4
316 317 2
316 318 4
316 319 -4
316 320 1
321 325 4
321 326 -1
321 327 2
321 328 -4
322 325 -2
322 326 -1
322 327 -1
322 328 -2
323 325 -4
323 326 -1
323 327 -4
323 328 4
324 325 2
324 326 -1
324 327 -2
324 328 -4
329 333 -2
329 334 -2
329 335 2
329 336 2
330 333 -4
330 334 -1
330 335 1
330 336 -2
331 333 -2
331 334 -4
331 335 -4
331 336 -2
332 333 2
332 334 -2
332 335 4
332 336 -1
337 341 1
337 342 1
337 343 1
337 344 1
338 341 -2
338 342 -1
338 343 -4
338 344 -2
339 341 4
339 342 1
339 343 -4
339 344 -4
340 341 -2
340 342 1
340 343 -2
340 344 1
345 349 -1
345 350 -2
345 351 4
345 352 -2
346 349 -2
346 350 -4
346 351 -4
346 352 -1
347 349 2
347 350 1
347 351 2
347 352 -4
348 349 4
348 350 -4
348 351 -1
348 352 -2
353 357 4
353 358 4
353 359 -1
353 360 1
354 357 -4
354 358 2
354 359 4
354 360 -4
355 357 -4
355 358 4
355 359 -4
355 360 -4
356 357 4
356 358 -4
356 359 -2
356 360 -2
361 365 -2
361 366 1
361 367 1
361 368 4
362 365 4
362 366 2
362 367 -1
362 368 2
363 365 -4
363 366 -1
363 367 -1
363 368 -2
364 365 -4
364 366 -2
364 367 -2
364 368 4
369 373 -1
369 374 -4
369 375 -4
369 376 -1
370 373 2
370 374 4
370 375 2
370 376 2
371 373 1
371 374 -2
371 375 4
371 376 -4
372 373 -2
372 374 1
372 375 -4
372 376 -1
377 381 -4
377 382 4
377 383 -4
377 384 1
378 381 -4
378 382 -4
378 383 -1
378 384 -2
379 381 -2
379 382 -1
379 383 1
379 384 -1
380 381 1
380 382 -2
380 383 2
380 384 1
385 389 -4
385 390 -2
385 391 2
385 392 -4
386 389 2
386 390 1
386 391 1
386 392 4
387 389 4
387 390 1
387 391 4
387 392 1
388 389 -4
388 390 -1
388 391 4
388 392 -4
393 397 1
393 398 2
393 399 -4
393 400 4
394 397 4
394 398 -1
394 399 -2
394 400 4
395 397 -4
395 398 1
395 399 -1
395 400 1
396 397 -2
396 398 -2
396 399 -4
396 400 2
401 405 -2
401 406 -2
401 407 4
401 408 -4
402 405 -2
402 406 1
402 407 -2
402 408 1
403 405 2
403 406 -2
403 407 -4
403 408 -4
404 405 -1
404 406 -2
404 407 1
404 408 4
409 413 2
409 414 -1
409 415 1
409 416 2
410 413 1
410 414 1
410 415 4
410 416 2
411 413 -1
411 414 1
411 415 -4
411 416 2
412 413 -2
412 414 -1
412 415 -2
412 416 2
417 421 -1
417 422 -1
417 423 2
417 424 4
418 421 -2
418 422 -2
418 423 2
418 424 1
419 421 -2
419 422 -2
419 423 -1
419 424 4
420 421 -4
420 422 1
420 423 1
420 424 4
425 429 -4
425 430 -1
425 431 2
425 432 -2
426 429 2
426 430 -1
426 431 -2
426 432 4
427 429 -1
427 430 1
427 431 -1
427 432 -2
428 429 4
428 430 -4
428 431 -1
428 432 1
433 437 -4
433 438 -2
433 439 2
433 440 -2
434 437 -2
434 438 -1
434 439 2
434 440 -1
435 437 4
435 438 2
435 439 -2
435 440 -1
436 437 -2
436 438 4
436 439 -4
436 440 -4
441 445 1
441 446 -2
441 447 -4
441 448 -4
442 445 1
442 446 2
442 447 2
442 448 1
443 445 2
443 446 1
443 447 -4
443 448 1
444 445 4
444 446 2
444 447 2
444 448 -1
449 453 -1
449 454 -1
449 455 4
449 456 -1
450 453 -4
450 454 1
450 455 -1
450 456 -4
451 453 -4
451 454 2
451 455 -1
451 456 -4
452 453 4
452 454 4
452 455 -1
452 456 1
457 461 -4
457 462 -1
457 463 -1
457 464 -2
458 461 2
458 462 2
458 463 -1
458 464 2
459 461 -4
459 462 -2
459 463 -4
459 464 2
460 461 2
460 462 -4
460 463 2
460 464 4
465 469 -1
465 470 1
465 471 -2
465 472 1
466 469 -4
466 470 -4
466 471 2
466 472 -1
467 469 -2
467 470 2
467 471 4
467 472 1
468 469 -4
468 470 -4
468 471 1
468 472 2
473 477 -4
473 478 1
473 479 -4
473 480 1
474 477 2
474 478 -1
474 479 2
474 480 1
475 477 -4
475 478 -1
475 479 -1
475 480 4
476 477 2
476 478 -4
476 479 4
476 480 -4
481 485 2
481 486 -4
481 487 2
481 488 2
482 485 2
482 486 4
482 487 -1
482 488 1
483 485 4
483 486 -4
483 487 -2
483 488 4
484 485 4
484 486 1
484 487 -2
484 488 2
489 493 -2
489 494 2
489 495 1
489 496 -2
490 493 2
490 494 2
490 495 4
490 496 4
491 493 -1
491 494 -1
491 495 2
491 496 -2
492 493 -4
492 494 1
492 495 -4
492 496 -2
497 501 2
497 502 -2
497 503 -2
497 504 -2
498 501 -2
498 502 4
498 503 2
498 504 -2
499 501 1
499 502 1
499 503 -4
499 504 4
500 501 4
500 502 2
500 503 2
500 504 -2
505 509 -1
505 510 2
505 511 1
505 512 1
506 509 1
506 510 -4
506 511 2
506 512 -1
507 509 -2
507 510 1
507 511 1
507 512 4
508 509 -1
508 510 -4
508 511 -4
508 512 -1
513 517 1
513 518 -2
513 519 -1
513 520 2
514 517 4
514 518 -4
514 519 1
514 520 1
515 517 -2
515 518 -1
515 519 1
515 520 -4
516 517 -1
516 518 1
516 519 -1
516 520 4
521 525 -4
521 526 4
521 527 -4
521 528 -1
522 525 -2
522 526 2
522 527 2
522 528 2
523 525 -4
523 526 -2
523 527 -1
523 528 4
524 525 -1
524 526 1
524 527 1
524 528 4
529 533 4
529 534 -1
529 535 -4
529 536 2
530 533 -4
530 534 1
530 535 2
530 536 -4
531 533 -2
531 534 -4
531 535 2
531 536 -4
532 533 -2
532 534 -1
532 535 2
532 536 -2
537 541 -1
537 542 -2
537 543 1
537 544 2
538 541 -1
538 542 4
538 543 1
538 544 4
539 541 1
539 542 2
539 543 4
539 544 1
540 541 -1
540 542 1
540 543 1
540 544 -1
545 549 -2
545 550 -2
545 551 -4
545 552 4
546 549 1
546 550 -2
546 551 2
546 552 2
547 549 -1
547 550 4
547 551 -1
547 552 -4
548 549 4
548 550 1
548 551 2
548 552 4
553 557 -4
553 558 -4
553 559 -1
553 560 -4
554 557 -2
554 558 4
554 559 4
554 560 4
555 557 1
555 558 1
555 559 1
555 560 -2
556 557 1
556 558 -1
556 559 4
556 560 -1
561 565 -4
561 566 4
561 567 1
561 568 -1
562 565 -2
562 566 1
562 567 -4
562 568 -1
563 565 -4
563 566 1
563 567 -1
563 568 -1
564 565 -2
564 566 4
564 567 4
564 568 -1
569 573 -1
569 574 1
569 575 4
569 576 2
570 573 -1
570 574 2
570 575 -2
570 576 -4
571 573 -4
571 574 -2
571 575 2
571 576 -2
572 573 -4
572 574 -4
572 575 1
572 576 4
577 581 4
577 582 -4
577 583 1
577 584 -1
578 581 -4
578 582 1
578 583 -1
578 584 4
579 581 1
579 582 -1
579 583 -2
579 584 4
580 581 -4
580 582 -4
580 583 -4
580 584 4
585 589 1
585 590 1
585 591 -2
585 592 -4
586 589 4
586 590 -2
586 591 1
586 592 2
587 589 -2
587 590 4
587 591 -1
587 592 2
588 589 -2
588 590 4
588 591 1
588 592 2
593 597 -1
593 598 4
593 599 1
593 600 2
594 597 -4
594 598 -1
594 599 1
594 600 2
595 597 -2
595 598 2
595 599 -1
595 600 1
596 597 1
596 598 -2
596 599 -2
596 600 -1
601 605 1
601 606 2
601 607 1
601 608 1
602 605 -2
602 606 -1
602 607 1
602 608 1
603 605 1
603 606 -4
603 607 2
603 608 2
604 605 4
604 606 -2
604 607 2
604 608 -2
609 613 4
609 614 -4
609 615 -2
609 616 1
610 613 4
610 614 -4
610 615 1
610 616 -2
611 613 -4
611 614 1
611 615 -2
611 616 -2
612 613 2
612 614 1
612 615 -4
612 616 -2
617 621 -1
617 622 1
617 623 2
617 624 4
618 621 -4
618 622 4
618 623 4
618 624 2
619 621 2
619 622 2
619 623 4
619 624 1
620 621 -2
620 622 2
620 623 1
620 624 -2
625 629 1
625 630 2
625 631 -1
625 632 4
626 629 4
626 630 1
626 631 -4
626 632 -1
627 629 -2
627 630 -4
627 631 2
627 632 4
628 629 -2
628 630 -1
628 631 -2
628 632 2
633 637 -1
633 638 -1
633 639 -1
633 640 -1
634 637 -1
634 638 -4
634 639 -1
634 640 2
635 637 4
635 638 4
635 639 -4
635 640 4
636 637 4
636 638 -1
636 639 2
636 640 -4
641 645 1
641 646 -4
641 647 4
641 648 1
642 645 1
642 646 4
642 647 4
642 648 -2
643 645 4
643 646 2
643 647 2
643 648 -2
644 645 -1
644 646 2
644 647 2
644 648 -4
649 653 -1
649 654 2
649 655 4
649 656 1
650 653 4
650 654 4
650 655 -1
650 656 -1
651 653 4
651 654 4
651 655 -2
651 656 4
652 653 -1
652 654 -4
652 655 2
652 656 4
657 661 2
657 662 -2
657 663 -1
657 664 1
658 661 -2
658 662 1
658 663 -1
658 664 -2
659 661 4
659 662 -1
659 663 -1
659 664 -1
660 661 2
660 662 4
660 663 1
660 664 -4
665 669 -2
665 670 -2
665 671 -1
665 672 -1
666 669 1
666 670 -2
666 671 4
666 672 4
667 669 -2
667 670 4
667 671 -1
667 672 2
668 669 -1
668 670 -4
668 671 -4
668 672 -1
673 677 -2
673 678 1
673 679 2
673 680 4
674 677 1
674 678 -4
674 679 -1
674 680 4
675 677 1
675 678 4
675 679 -1
675 680 -4
676 677 1
676 678 1
676 679 -1
676 680 -1
681 685 -2
681 686 -1
681 687 -1
681 688 -4
682 685 2
682 686 -2
682 687 1
682 688 2
683 685 2
683 686 4
683 687 -1
683 688 -1
684 685 2
684 686 4
684 687 4
684 688 1
689 693 -1
689 694 1
689 695 -4
689 696 -1
690 693 -4
690 694 -4
690 695 -4
690 696 -2
691 693 -2
691 694 1
691 695 2
691 696 1
692 693 2
692 694 -4
692 695 2
692 696 4
697 701 2
697 702 -1
697 703 4
697 704 -2
698 701 -2
698 702 2
698 703 2
698 704 1
699 701 -4
699 702 1
699 703 -4
699 704 1
700 701 1
700 702 2
700 703 -4
700 704 -2
705 709 -2
705 710 -4
705 711 -4
705 712 -2
706 709 2
706 710 -2
706 711 -2
706 712 -1
707 709 -1
707 710 4
707 711 4
707 712 -2
708 709 1
708 710 1
708 711 1
708 712 -1
713 717 -2
713 718 2
713 719 -4
713 720 2
714 717 4
714 718 1
714 719 1
714 720 -1
715 717 -2
715 718 -4
715 719 4
715 720 -2
716 717 -4
716 718 -4
716 719 2
716 720 4
721 725 -4
721 726 -1
721 727 4
721 728 -1
722 725 4
722 726 -4
722 727 4
722 728 -1
723 725 -1
723 726 4
723 727 -4
723 728 1
724 725 -4
724 726 -4
724 727 -4
724 728 -4
729 733 -4
729 734 -4
729 735 -4
729 736 -2
730 733 2
730 734 -4
730 735 4
730 736 -1
731 733 2
731 734 2
731 735 -2
731 736 -2
732 733 -2
732 734 -1
732 735 -4
732 736 -1
737 741 2
737 742 1
737 743 4
737 744 2
738 741 2
738 742 2
738 743 -4
738 744 -4
739 741 -1
739 742 -1
739 743 -1
739 744 1
740 741 -2
740 742 2
740 743 -4
740 744 4
745 749 -2
745 750 -2
745 751 2
745 752 -4
746 749 4
746 750 -2
746 751 2
746 752 4
747 749 1
747 750 1
747 751 4
747 752 1
748 749 -4
748 750 -2
748 751 4
748 752 1
753 757 -2
753 758 2
753 759 4
753 760 -2
754 757 -2
754 758 1
754 759 -4
754 760 2
755 757 -4
755 758 2
755 759 -2
755 760 -4
756 757 1
756 758 1
756 759 4
756 760 -4
761 765 4
761 766 2
761 767 -2
761 768 4
762 765 4
762 766 4
762 767 -2
762 768 -4
763 765 -1
763 766 -2
763 767 -1
763 768 1
764 765 4
764 766 4
764 767 2
764 768 -4
769 773 1
769 774 2
769 775 2
769 776 -4
770 773 2
770 774 1
770 775 -1
770 776 1
771 773 2
771 774 -4
771 775 -2
771 776 2
772 773 1
772 774 2
772 775 4
772 776 -2
777 781 1
777 782 2
777 783 -2
777 784 4
778 781 4
778 782 -1
778 783 -1
778 784 4
779 781 -1
779 782 -1
779 783 2
779 784 -2
780 781 -2
780 782 -1
780 783 -2
780 784 2
785 789 4
785 790 -4
785 791 -4
785 792 4
786 789 -4
786 790 -1
786 791 2
786 792 1
787 789 -1
787 790 -4
787 791 -4
787 792 -4
788 789 -4
788 790 4
788 791 4
788 792 4
793 797 1
793 798 2
793 799 1
793 800 -2
794 797 2
794 798 -1
794 799 4
794 800 -2
795 797 4
795 798 -1
795 799 -2
795 800 4
796 797 -1
796 798 2
796 799 2
796 800 1
801 805 1
801 806 4
801 807 -1
801 808 2
802 805 4
802 806 2
802 807 -4
802 808 1
803 805 -2
803 806 2
803 807 4
803 808 1
804 805 4
804 806 2
804 807 2
804 808 1
809 813 -4
809 814 -1
809 815 -1
809 816 -1
810 813 -1
810 814 -2
810 815 1
810 816 -1
811 813 4
811 814 -1
811 815 4
811 816 4
812 813 1
812 814 4
812 815 1
812 816 -2
817 821 -1
817 822 -1
817 823 4
817 824 -1
818 821 -4
818 822 4
818 823 -2
818 824 -1
819 821 4
819 822 -1
819 823 -2
819 824 -2
820 821 -1
820 822 -1
820 823 4
820 824 4
825 829 -1
825 830 -4
825 831 1
825 832 1
826 829 4
826 830 -4
826 831 1
826 832 -4
827 829 -1
827 830 -1
827 831 1
827 832 -1
828 829 -4
828 830 1
828 831 1
828 832 -2
833 837 -2
833 838 -2
833 839 2
833 840 1
834 837 -1
834 838 -4
834 839 1
834 840 4
835 837 4
835 838 -4
835 839 -2
835 840 1
836 837 1
836 838 -2
836 839 -1
836 840 -4
841 845 -4
841 846 2
841 847 1
841 848 -1
842 845 -4
842 846 4
842 847 -4
842 848 2
843 845 2
843 846 4
843 847 1
843 848 -4
844 845 -4
844 846 1
844 847 1
844 848 -1
849 853 4
849 854 -4
849 855 2
849 856 -1
850 853 4
850 854 -4
850 855 -2
850 856 4
851 853 -1
851 854 -1
851 855 -1
851 856 -1
852 853 1
852 854 -1
852 855 -4
852 856 1
857 861 2
857 862 -1
857 863 1
857 864 4
858 861 1
858 862 -1
858 863 4
858 864 1
859 861 1
859 862 -2
859 863 4
859 864 -4
860 861 4
860 862 1
860 863 2
860 864 -1
865 869 2
865 870 -1
865 871 -4
865 872 -4
866 869 2
866 870 -4
866 871 1
866 872 -2
867 869 -1
867 870 1
867 871 -2
867 872 -4
868 869 -1
868 870 2
868 871 -2
868 872 -2
873 877 1
873 878 2
873 879 2
873 880 1
874 877 1
874 878 -4
874 879 -1
874 880 4
875 877 4
875 878 -4
875 879 -1
875 880 -4
876 877 -1
876 878 -4
876 879 -1
876 880 4
881 885 -2
881 886 1
881 887 -1
881 888 -1
882 885 4
882 886 -1
882 887 -4
882 888 2
883 885 4
883 886 -1
883 887 -2
883 888 2
884 885 -2
884 886 -1
884 887 2
884 888 2
889 893 -2
889 894 -2
889 895 4
889 896 1
890 893 -1
890 894 -1
890 895 1
890 896 4
891 893 2
891 894 4
891 895 1
891 896 1
892 893 1
892 894 -1
892 895 -4
892 896 -4
897 901 4
897 902 -2
897 903 -2
897 904 4
898 901 2
898 902 -4
898 903 2
898 904 1
899 901 -1
899 902 -1
899 903 2
899 904 4
900 901 -4
900 902 4
900 903 -2
900 904 -4
905 909 -4
905 910 1
905 911 2
905 912 1
906 909 4
906 910 2
906 911 4
906 912 4
907 909 2
907 910 -1
907 911 1
907 912 -1
908 909 2
908 910 -2
908 911 4
908 912 -4
913 917 1
913 918 -2
913 919 2
913 920 2
914 917 2
914 918 4
914 919 -1
914 920 4
915 917 -4
915 918 -1
915 919 -1
915 920 -2
916 917 -4
916 918 2
916 919 2
916 920 4
921 925 2
921 926 -1
921 927 -1
921 928 -4
922 925 -1
922 926 1
922 927 4
922 928 4
923 925 -4
923 926 -4
923 927 -2
923 928 2
924 925 -2
924 926 2
924 927 2
924 928 1
929 933 2
929 934 1
929 935 4
929 936 1
930 933 -1
930 934 -2
930 935 4
930 936 -1
931 933 -2
931 934 4
931 935 1
931 936 -1
932 933 4
932 934 2
932 935 -1
932 936 -1
937 941 -2
937 942 -4
937 943 -2
937 944 4
938 941 -4
938 942 -1
938 943 2
938 944 4
939 941 -2
939 942 -2
939 943 -4
939 944 -4
940 941 -2
940 942 4
940 943 -1
940 944 -4
945 949 -2
945 950 -1
945 951 -4
945 952 2
946 949 1
946 950 4
946 951 -1
946 952 1
947 949 -1
947 950 1
947 951 -4
947 952 -1
948 949 4
948 950 2
948 951 4
948 952 1
953 957 -1
953 958 1
953 959 -1
953 960 2
954 957 -4
954 958 -4
954 959 2
954 960 1
955 957 -1
955 958 -1
955 959 -4
955 960 -1
956 957 4
956 958 1
956 959 4
956 960 4
961 965 4
961 966 -1
961 967 -1
961 968 4
962 965 -2
962 966 4
962 967 -2
962 968 1
963 965 -1
963 966 1
963 967 -1
963 968 4
964 965 1
964 966 -1
964 967 -1
964 968 -2
969 973 -2
969 974 -4
969 975 4
969 976 -2
970 973 -4
970 974 4
970 975 4
970 976 -4
971 973 4
971 974 4
971 975 1
971 976 2
972 973 2
972 974 2
972 975 -2
972 976 2
977 981 -4
977 982 -1
977 983 1
977 984 1
978 981 2
978 982 4
978 983 2
978 984 4
979 981 4
979 982 1
979 983 1
979 984 1
980 981 2
980 982 1
980 983 -4
980 984 4
985 989 -1
985 990 4
985 991 -2
985 992 2
986 989 1
986 990 -2
986 991 -1
986 992 -2
987 989 4
987 990 2
987 991 2
987 992 -1
988 989 -4
988 990 -2
988 991 -2
988 992 4
993 997 -2
993 998 -1
993 999 -1
993 1000 2
994 997 -2
994 998 1
994 999 -1
994 1000 2
995 997 -1
995 998 1
995 999 1
995 1000 -1
996 997 2
996 998 4
996 999 1
996 1000 2
1001 1005 1
1001 1006 2
1001 1007 -2
1001 1008 2
1002 1005 -4
1002 1006 2
1002 1007 1
1002 1008 -4
1003 1005 4
1003 1006 -2
1003 1007 -2
1003 1008 4
1004 1005 -4
1004 1006 -1
1004 1007 -4
1004 1008 1
1009 1013 -1
1009 1014 -2
1009 1015 1
1009 1016 1
1010 1013 -4
1010 1014 -1
1010 1015 -4
1010 1016 1
1011 1013 2
1011 1014 4
1011 1015 4
1011 1016 2
1012 1013 -1
1012 1014 2
1012 1015 2
1012 1016 2
1017 1021 -4
1017 1022 4
1017 1023 2
1017 1024 -2
1018 1021 1
1018 1022 1
1018 1023 -4
1018 1024 1
1019 1021 2
1019 1022 -2
1019 1023 -4
1019 1024 -2
1020 1021 4
1020 1022 -2
1020 1023 1
1020 1024 -4
1025 1029 -2
1025 1030 -2
1025 1031 -1
1025 1032 -1
1026 1029 -1
1026 1030 2
1026 1031 4
1026 1032 -4
1027 1029 4
1027 1030 1
1027 1031 -4
1027 1032 -1
1028 1029 2
1028 1030 -1
1028 1031 -4
1028 1032 4
1033 1037 4
1033 1038 -4
1033 1039 -1
1033 1040 -1
1034 1037 1
1034 1038 1
1034 1039 1
1034 1040 -1
1035 1037 4
1035 1038 -2
1035 1039 -4
1035 1040 1
1036 1037 -2
1036 1038 -1
1036 1039 -1
1036 1040 -2
1041 1045 -4
1041 1046 4
1041 1047 4
1041 1048 -2
1042 1045 1
1042 1046 1
1042 1047 1
1042 1048 -1
1043 1045 1
1043 1046 1
1043 1047 -2
1043 1048 -2
1044 1045 -4
1044 1046 1
1044 1047 -2
1044 1048 2
1049 1053 -1
1049 1054 -2
1049 1055 2
1049 1056 -1
1050 1053 -4
1050 1054 4
1050 1055 2
1050 1056 4
1051 1053 1
1051 1054 -4
1051 1055 -2
1051 1056 -4
1052 1053 -2
1052 1054 -4
1052 1055 2
1052 1056 4
1057 1061 2
1057 1062 1
1057 1063 4
1057 1064 -4
1058 1061 -4
1058 1062 4
1058 1063 -1
1058 1064 4
1059 1061 2
1059 1062 1
1059 1063 -2
1059 1064 4
1060 1061 4
1060 1062 4
1060 1063 4
1060 1064 -1
1065 1069 -4
1065 1070 -1
1065 1071 -4
1065 1072 1
1066 1069 1
1066 1070 -1
1066 1071 4
1066 1072 -2
1067 1069 -2
1067 1070 -4
1067 1071 2
1067 1072 -2
1068 1069 2
1068 1070 -1
1068 1071 2
1068 1072 1
1073 1077 -4
1073 1078 -4
1073 1079 1
1073 1080 -2
1074 1077 4
1074 1078 2
1074 1079 -2
1074 1080 -2
1075 1077 2
1075 1078 1
1075 1079 -1
1075 1080 1
1076 1077 2
1076 1078 2
1076 1079 -1
1076 1080 -2
1081 1085 1
1081 1086 -1
1081 1087 -1
1081 1088 -2
1082 1085 -4
1082 1086 2
1082 1087 4
1082 1088 2
1083 1085 -4
1083 1086 -1
1083 1087 -2
1083 1088 -1
1084 1085 -2
1084 1086 4
1084 1087 -4
1084 1088 -4
1089 1093 1
1089 1094 -1
1089 1095 1
1089 1096 -4
1090 1093 4
1090 1094 1
1090 1095 4
1090 1096 -2
1091 1093 -2
1091 1094 1
1091 1095 1
1091 1096 4
1092 1093 1
1092 1094 4
1092 1095 2
1092 1096 4
1097 1101 -4
1097 1102 2
1097 1103 -4
1097 1104 1
1098 1101 -1
1098 1102 4
1098 1103 -1
1098 1104 -2
1099 1101 1
1099 1102 4
1099 1103 -1
1099 1104 -2
1100 1101 -1
1100 1102 4
1100 1103 -4
1100 1104 4
1105 1109 2
1105 1110 -4
1105 1111 1
1105 1112 -4
1106 1109 -4
1106 1110 1
1106 1111 1
1106 1112 2
1107 1109 1
1107 1110 -4
1107 1111 -2
1107 1112 -1
1108 1109 -4
1108 1110 -4
1108 1111 -2
1108 1112 2
1113 1117 -1
1113 1118 4
1113 1119 -1
1113 1120 -1
1114 1117 2
1114 1118 2
1114 1119 2
1114 1120 -2
1115 1117 -2
1115 1118 -1
1115 1119 -4
1115 1120 -1
1116 1117 -2
1116 1118 2
1116 1119 2
1116 1120 1
1121 1125 -1
1121 1126 4
1121 1127 -4
1121 1128 2
1122 1125 -4
1122 1126 4
1122 1127 2
1122 1128 -2
1123 1125 -4
1123 1126 -2
1123 1127 -1
1123 1128 -2
1124 1125 1
1124 1126 -4
1124 1127 1
1124 1128 4
1129 1133 -2
1129 1134 4
1129 1135 2
1129 1136 -1
1130 1133 -2
1130 1134 -4
1130 1135 4
1130 1136 -2
1131 1133 -2
1131 1134 -4
1131 1135 -1
1131 1136 -4
1132 1133 1
1132 1134 -1
1132 1135 1
1132 1136 1
1137 1141 4
1137 1142 -1
1137 1143 2
1137 1144 -2
1138 1141 1
1138 1142 4
1138 1143 -1
1138 1144 2
1139 1141 -1
1139 1142 4
1139 1143 4
1139 1144 -2
1140 1141 4
1140 1142 -2
1140 1143 -1
1140 1144 -4
1145 1149 1
1145 1150 4
1145 1151 2
1145 1152 1
1146 1149 -4
1146 1150 -2
1146 1151 -2
1146 1152 -1
1147 1149 2
1147 1150 1
1147 1151 4
1147 1152 1
1148 1149 2
1148 1150 1
1148 1151 -2
1148 1152 1
5 13 -2
6 14 2
7 15 4
8 16 4
13 21 -2
14 22 1
15 23 2
16 24 -2
21 29 1
22 30 4
23 31 -4
24 32 -4
29 37 -1
30 38 1
31 39 2
32 40 1
37 45 2
38 46 -4
39 47 1
40 48 1
45 53 1
46 54 4
47 55 1
48 56 1
53 61 4
54 62 -1
55 63 1
56 64 -1
61 69 -4
62 70 2
63 71 -2
64 72 2
69 77 -1
70 78 -2
71 79 -4
72 80 -4
77 85 2
78 86 -2
79 87 2
80 88 -1
85 93 1
86 94 4
87 95 -2
88 96 2
101 109 2
102 110 2
103 111 -1
104 112 1
109 117 -2
110 118 -4
111 119 -1
112 120 -1
117 125 4
118 126 -1
119 127 -4
120 128 -1
125 133 -4
126 134 -4
127 135 -2
128 136 -4
133 141 1
134 142 1
135 143 -1
136 144 -4
141 149 1
142 150 2
143 151 -4
144 152 -1
149 157 1
150 158 2
151 159 -1
152 160 -1
157 165 2
158 166 4
159 167 2
160 168 -2
165 173 -2
166 174 2
167 175 -4
168 176 1
173 181 -4
174 182 -2
175 183 -4
176 184 1
181 189 1
182 190 2
183 191 4
184 192 -2
197 205 4
198 206 2
199 207 -2
200 208 -1
205 213 -1
206 214 2
207 215 -4
208 216 4
213 221 -4
214 222 2
215 223 1
216 224 1
221 229 2
222 230 -4
223 231 2
224 232 -4
229 237 -1
230 238 4
231 239 -4
232 240 4
237 245 -1
238 246 -4
239 247 1
240 248 -4
245 253 -2
246 254 -2
247 255 4
248 256 -1
253 261 1
254 262 1
255 263 -4
256 264 -4
261 269 -1
262 270 2
263 271 -4
264 272 1
269 277 -4
270 278 -2
271 279 2
272 280 2
277 285 -4
278 286 -1
279 287 -1
280 288 1
293 301 4
294 302 -1
295 303 -2
296 304 1
301 309 -1
302 310 1
303 311 2
304 312 -2
309 317 -1
310 318 -2
311 319 -1
312 320 1
317 325 -1
318 326 -2
319 327 1
320 328 1
325 333 2
326 334 1
327 335 -1
328 336 1
333 341 4
334 342 -1
335 343 -2
336 344 -2
341 349 2
342 350 -4
343 351 2
344 352 2
349 357 2
350 358 -2
351 359 2
352 360 1
357 365 -1
358 366 -1
359 367 1
360 368 -1
365 373 1
366 374 2
367 375 1
368 376 -1
373 381 2
374 382 1
375 383 -2
376 384 -2
389 397 -1
390 398 4
391 399 -1
392 400 1
397 405 -4
398 406 4
399 407 -4
400 408 -2
405 413 -2
406 414 4
407 415 4
408 416 1
413 421 -4
414 422 1
415 423 2
416 424 -1
421 429 -4
422 430 2
423 431 -1
424 432 -1
429 437 2
430 438 -2
431 439 4
432 440 1
437 445 1
438 446 4
439 447 4
440 448 -4
445 453 -1
446 454 2
447 455 -1
448 456 2
453 461 2
454 462 1
455 463 -2
456 464 -1
461 469 4
462 470 4
463 471 4
464 472 -2
469 477 1
470 478 2
471 479 1
472 480 -2
485 493 -2
486 494 2
487 495 -4
488 496 1
493 501 -1
494 502 4
495 503 -1
496 504 -1
501 509 4
502 510 -2
503 511 1
504 512 1
509 517 4
510 518 -2
511 519 -1
512 520 4
517 525 4
518 526 -2
519 527 -2
520 528 -4
525 533 -4
526 534 4
527 535 -1
528 536 2
533 541 4
534 542 4
535 543 1
536 544 -4
541 549 -1
542 550 1
543 551 1
544 552 -4
549 557 -2
550 558 1
551 559 2
552 560 1
557 565 -4
558 566 -2
559 567 1
560 568 -2
565 573 1
566 574 2
567 575 -2
568 576 1
581 589 1
582 590 -4
583 591 -2
584 592 -1
589 597 -4
590 598 1
591 599 1
592 600 2
597 605 -1
598 606 -2
599 607 -2
600 608 2
605 613 2
606 614 4
607 615 1
608 616 2
613 621 1
614 622 -4
615 623 2
616 624 1
621 629 -2
622 630 -2
623 631 2
624 632 -2
629 637 -1
630 638 -2
631 639 -1
632 640 2
637 645 -2
638 646 4
639 647 -4
640 648 4
645 653 -2
646 654 -1
647 655 -2
648 656 -4
653 661 2
654 662 -4
655 663 -2
656 664 1
661 669 1
662 670 -4
663 671 -4
664 672 4
677 685 2
678 686 4
679 687 -2
680 688 2
685 693 1
686 694 2
687 695 -2
688 696 2
693 701 1
694 702 -4
695 703 -4
696 704 -1
701 709 -2
702 710 -4
703 711 -4
704 712 1
709 717 4
710 718 2
711 719 -4
712 720 4
717 725 -4
718 726 2
719 727 -2
720 728 2
725 733 2
726 734 1
727 735 -4
728 736 1
733 741 2
734 742 4
735 743 -4
736 744 -1
741 749 -2
742 750 4
743 751 1
744 752 -2
749 757 4
750 758 2
751 759 4
752 760 4
757 765 -2
758 766 1
759 767 4
760 768 2
773 781 -1
774 782 -1
775 783 -1
776 784 1
781 789 -2
782 790 1
783 791 1
784 792 4
789 797 -1
790 798 -1
791 799 -4
792 800 -1
797 805 -4
798 806 -1
799 807 4
800 808 -1
805 813 -2
806 814 2
807 815 2
808 816 2
813 821 -4
814 822 4
815 823 -2
816 824 -2
821 829 1
822 830 -1
823 831 1
824 832 -4
829 837 1
830 838 2
831 839 -1
832 840 4
837 845 -2
838 846 4
839 847 -2
840 848 4
845 853 -4
846 854 -4
847 855 -4
848 856 -2
853 861 4
854 862 -2
855 863 -2
856 864 -4
869 877 -4
870 878 1
871 879 -1
872 880 2
877 885 -4
878 886 -4
879 887 4
880 888 -1
885 893 -4
886 894 -2
887 895 4
888 896 -2
893 901 -1
894 902 -1
895 903 -2
896 904 -2
901 909 2
902 910 4
903 911 -4
904 912 -2
909 917 -4
910 918 -2
911 919 -1
912 920 -1
917 925 -4
918 926 4
919 927 1
920 928 1
925 933 4
926 934 4
927 935 1
928 936 4
933 941 -1
934 942 2
935 943 2
936 944 -2
941 949 2
942 950 4
943 951 -1
944 952 -4
949 957 -4
950 958 4
951 959 -1
952 960 1
965 973 -4
966 974 -1
967 975 4
968 976 2
973 981 1
974 982 -4
975 983 -4
976 984 -2
981 989 2
982 990 -1
983 991 1
984 992 1
989 997 2
990 998 -1
991 999 2
992 1000 -2
997 1005 -1
998 1006 -2
999 1007 1
1000 1008 2
1005 1013 -2
1006 1014 4
1007 1015 -4
1008 1016 -1
1013 1021 4
1014 1022 4
1015 1023 1
1016 1024 -1
1021 1029 -4
1022 1030 4
1023 1031 2
1024 1032 4
1029 1037 2
1030 1038 1
1031 1039 4
1032 1040 -4
1037 1045 -2
1038 1046 -2
1039 1047 -4
1040 1048 2
1045 1053 4
1046 1054 -4
1047 1055 4
1048 1056 -1
1061 1069 4
1062 1070 -4
1063 1071 -1
1064 1072 -2
1069 1077 2
1070 1078 -4
1071 1079 2
1072 1080 -2
1077 1085 -2
1078 1086 -4
1079 1087 -4
1080 1088 -1
1085 1093 4
1086 1094 -1
1087 1095 -1
1088 1096 -4
1093 1101 1
1094 1102 2
1095 1103 -2
1096 1104 -1
1101 1109 -2
1102 1110 -2
1103 1111 -2
1104 1112 4
1109 1117 2
1110 1118 2
1111 1119 4
1112 1120 1
1117 1125 -1
1118 1126 -4
1119 1127 2
1120 1128 1
1125 1133 -1
1126 1134 -1
1127 1135 -2
1128 1136 4
1133 1141 4
1134 1142 -2
1135 1143 2
1136 1144 1
1141 1149 1
1142 1150 2
1143 1151 1
1144 1152 4
1 97 -4
2 98 -2
3 99 -1
4 100 2
97 193 2
98 194 -4
99 195 2
100 196 2
193 289 -2
194 290 -1
195 291 -4
196 292 4
289 385 -2
290 386 4
291 387 -2
292 388 -1
385 481 -1
386 482 4
387 483 -4
388 484 -1
481 577 1
482 578 -2
483 579 -1
484 580 1
577 673 4
578 674 2
579 675 -1
580 676 -2
673 769 -2
674 770 -1
675 771 -2
676 772 1
769 865 -4
770 866 2
771 867 1
772 868 -1
865 961 2
866 962 -2
867 963 -1
868 964 -1
961 1057 -2
962 1058 2
963 1059 2
964 1060 -4
9 105 -1
10 106 -4
11 107 4
12 108 -4
105 201 -1
106 202 2
107 203 -1
108 204 -2
201 297 -1
202 298 4
203 299 -2
204 300 2
297 393 -2
298 394 -2
299 395 1
300 396 4
393 489 4
394 490 2
395 491 -2
396 492 -2
489 585 1
490 586 -2
491 587 -1
492 588 -1
585 681 -2
586 682 1
587 683 -4
588 684 1
681 777 2
682 778 -4
683 779 -1
684 780 4
777 873 4
778 874 -2
779 875 -1
780 876 1
873 969 1
874 970 -1
875 971 4
876 972 4
969 1065 -4
970 1066 4
971 1067 -4
972 1068 2
17 113 -1
18 114 1
19 115 4
20 116 -4
113 209 2
114 210 -2
115 211 -4
116 212 -1
209 305 -1
210 306 1
211 307 4
212 308 -2
305 401 1
306 402 -1
307 403 -1
308 404 4
401 497 -4
402 498 4
403 499 4
404 500 1
497 593 -2
498 594 -2
499 595 1
500 596 -1
593 689 1
594 690 1
595 691 1
596 692 -2
689 785 -1
690 786 4
691 787 1
692 788 -1
785 881 -4
786 882 -2
787 883 2
788 884 1
881 977 1
882 978 -4
883 979 4
884 980 1
977 1073 -1
978 1074 2
979 1075 -4
980 1076 2
25 121 -4
26 122 -4
27 123 -1
28 124 2
121 217 -4
122 218 4
123 219 1
124 220 4
217 313 2
218 314 -2
219 315 2
220 316 2
313 409 1
314 410 -2
315 411 4
316 412 -1
409 505 2
410 506 1
411 507 4
412 508 -4
505 601 2
506 602 1
507 603 1
508 604 2
601 697 1
602 698 4
603 699 1
604 700 1
697 793 -4
698 794 -1
699 795 2
700 796 -1
793 889 2
794 890 2
795 891 -4
796 892 -4
889 985 4
890 986 2
891 987 4
892 988 1
985 1081 -2
986 1082 -1
987 1083 2
988 1084 -2
33 129 -2
34 130 2
35 131 -4
36 132 2
129 225 -1
130 226 -2
131 227 -1
132 228 -1
225 321 -2
226 322 4
227 323 -2
228 324 2
321 417 1
322 418 4
323 419 4
324 420 2
417 513 -1
418 514 4
419 515 4
420 516 -2
513 609 -2
514 610 2
515 611 -4
516 612 1
609 705 4
610 706 -1
611 707 -4
612 708 -1
705 801 -4
706 802 -2
707 803 1
708 804 2
801 897 -4
802 898 -2
803 899 2
804 900 4
897 993 -4
898 994 -1
899 995 -1
900 996 -4
993 1089 -1
994 1090 2
995 1091 4
996 1092 -1
41 137 -2
42 138 2
43 139 2
44 140 -2
137 233 4
138 234 -4
139 235 -4
140 236 1
233 329 -4
234 330 1
235 331 -1
236 332 -2
329 425 -2
330 426 -4
331 427 -4
332 428 -4
425 521 -2
426 522 -2
427 523 -2
428 524 4
521 617 -4
522 618 -1
523 619 -1
524 620 -1
617 713 1
618 714 -2
619 715 1
620 716 -4
713 809 1
714 810 -2
715 811 -2
716 812 -2
809 905 -1
810 906 -2
811 907 1
812 908 4
905 1001 2
906 1002 4
907 1003 1
908 1004 4
1001 1097 -4
1002 1098 2
1003 1099 -4
1004 1100 1
49 145 -1
50 146 2
51 147 -2
52 148 2
145 241 -1
146 242 4
147 243 4
148 244 -1
241 337 -1
242 338 1
243 339 -1
244 340 1
337 433 -2
338 434 1
339 435 1
340 436 -1
433 529 -1
434 530 2
435 531 -2
436 532 2
529 625 4
530 626 1
531 627 2
532 628 4
625 721 1
626 722 -1
627 723 -4
628 724 1
721 817 4
722 818 -4
723 819 1
724 820 -4
817 913 -4
818 914 2
819 915 4
820 916 -2
913 1009 2
914 1010 2
915 1011 4
916 1012 2
1009 1105 -4
1010 1106 -2
1011 1107 4
1012 1108 2
57 153 -4
58 154 -4
59 155 2
60 156 -1
153 249 -2
154 250 2
155 251 2
156 252 1
249 345 2
250 346 1
251 347 4
252 348 -2
345 441 -4
346 442 -4
347 443 1
348 444 4
441 537 1
442 538 -1
443 539 -2
444 540 -1
537 633 4
538 634 4
539 635 -2
540 636 4
633 729 -1
634 730 4
635 731 -1
636 732 -2
729 825 -1
730 826 4
731 827 4
732 828 2
825 921 4
826 922 1
827 923 4
828 924 4
921 1017 -1
922 1018 2
923 1019 -4
924 1020 -2
1017 1113 4
1018 1114 2
1019 1115 -1
1020 1116 -1
65 161 1
66 162 -1
67 163 -2
68 164 1
161 257 4
162 258 -4
163 259 2
164 260 -2
257 353 4
258 354 -4
259 355 -1
260 356 1
353 449 -1
354 450 2
355 451 1
356 452 2
449 545 2
450 546 -1
451 547 -1
452 548 2
545 641 -2
546 642 -1
547 643 -4
548 644 -4
641 737 -2
642 738 -4
643 739 -1
644 740 1
737 833 1
738 834 4
739 835 -1
740 836 -4
833 929 -2
834 930 4
835 931 -1
836 932 -1
929 1025 1
930 1026 1
931 1027 1
932 1028 2
1025 1121 2
1026 1122 2
1027 1123 -1
1028 1124 4
73 169 -1
74 170 -1
75 171 1
76 172 -4
169 265 4
170 266 -2
171 267 2
172 268 1
265 361 -2
266 362 -4
267 363 -2
268 364 1
361 457 -4
362 458 1
363 459 -4
364 460 1
457 553 -1
458 554 2
459 555 -2
460 556 4
553 649 -1
554 650 -4
555 651 -2
556 652 2
649 745 -1
650 746 2
651 747 -1
652 748 -2
745 841 -1
746 842 -1
747 843 -4
748 844 2
841 937 -1
842 938 4
843 939 1
844 940 4
937 1033 1
938 1034 -4
939 1035 -1
940 1036 4
1033 1129 2
1034 1130 1
1035 1131 2
1036 1132 -2
81 177 -1
82 178 -2
83 179 2
84 180 -1
177 273 2
178 274 -4
179 275 -4
180 276 1
273 369 1
274 370 1
275 371 -2
276 372 -4
369 465 -4
370 466 1
371 467 4
372 468 -4
465 561 1
466 562 2
467 563 2
468 564 -4
561 657 4
562 658 4
563 659 4
564 660 -4
657 753 2
658 754 -4
659 755 1
660 756 2
753 849 -4
754 850 -1
755 851 -1
756 852 -1
849 945 -1
850 946 -4
851 947 -1
852 948 -2
945 1041 1
946 1042 -2
947 1043 4
948 1044 -1
1041 1137 -2
1042 1138 -4
1043 1139 -4
1044 1140 1
89 185 2
90 186 1
91 187 -4
92 188 -2
185 281 4
186 282 1
187 283 2
188 284 2
281 377 1
282 378 -2
283 379 1
284 380 -1
377 473 -4
378 474 -2
379 475 -2
380 476 2
473 569 4
474 570 -2
475 571 -4
476 572 -1
569 665 2
570 666 -1
571 667 -2
572 668 -1
665 761 -1
666 762 1
667 763 -1
668 764 4
761 857 1
762 858 -1
763 859 -1
764 860 2
857 953 -4
858 954 -4
859 955 4
860 956 2
953 1049 1
954 1050 1
955 1051 -4
956 1052 -4
1049 1145 -1
1050 1146 -1
1051 1147 -1
1052 1148 2
