#
1 5 2
1 6 -4
1 7 2
1 8 -1
2 5 2
2 6 -1
2 7 -1
2 8 -2
3 5 -4
3 6 1
3 7 2
3 8 4
4 5 -4
4 6 2
4 7 4
4 8 -2
9 13 -4
9 14 -1
9 15 4
9 16 -4
10 13 -2
10 14 4
10 15 2
10 16 -1
11 13 2
11 14 -4
11 15 -1
11 16 -2
12 13 -1
12 14 4
12 15 -4
12 16 1
17 21 2
17 22 -1
17 23 1
17 24 -4
18 21 -1
18 22 -2
18 23 -2
18 24 -2
19 21 -1
19 22 -2
19 23 1
19 24 1
20 21 2
20 22 -4
20 23 -1
20 24 -4
25 29 1
25 30 2
25 31 -1
25 32 4
26 29 2
26 30 2
26 31 -4
26 32 -1
27 29 2
27 30 1
27 31 1
27 32 -1
28 29 4
28 30 -1
28 31 2
28 32 -1
33 37 -1
33 38 2
33 39 4
33 40 -2
34 37 4
34 38 1
34 39 1
34 40 -2
35 37 -4
35 38 -2
35 39 -1
35 40 2
36 37 -4
36 38 -4
36 39 -2
36 40 -1
41 45 -1
41 46 4
41 47 1
41 48 1
42 45 4
42 46 -1
42 47 4
42 48 -1
43 45 4
43 46 1
43 47 -4
43 48 1
44 45 -4
44 46 2
44 47 -4
44 48 -2
49 53 -1
49 54 2
49 55 2
49 56 4
50 53 2
50 54 1
50 55 -2
50 56 2
51 53 -4
51 54 1
51 55 -1
51 56 -2
52 53 -1
52 54 2
52 55 -1
52 56 1
57 61 -4
57 62 -1
57 63 1
57 64 1
58 61 -1
58 62 2
58 63 -1
58 64 2
59 61 1
59 62 4
59 63 1
59 64 2
60 61 -2
60 62 -2
60 63 -1
60 64 -4
65 69 -4
65 70 -1
65 71 -1
65 72 2
66 69 4
66 70 2
66 71 -4
66 72 -1
67 69 4
67 70 2
67 71 -4
67 72 1
68 69 1
68 70 -2
68 71 -1
68 72 -2
73 77 4
73 78 1
73 79 -4
73 80 -2
74 77 2
74 78 4
74 79 1
74 80 -4
75 77 -2
75 78 -2
75 79 1
75 80 1
76 77 1
76 78 1
76 79 -1
76 80 -4
81 85 1
81 86 4
81 87 2
81 88 -4
82 85 2
82 86 -1
82 87 4
82 88 -1
83 85 -4
83 86 -4
83 87 1
83 88 -1
84 85 -4
84 86 2
84 87 -2
84 88 -2
89 93 2
89 94 -2
89 95 -4
89 96 -1
90 93 2
90 94 -1
90 95 -1
90 96 1
91 93 1
91 94 1
91 95 -4
91 96 4
92 93 4
92 94 2
92 95 1
92 96 -4
97 101 2
97 102 -2
97 103 4
97 104 -1
98 101 4
98 102 -2
98 103 -2
98 104 2
99 101 -1
99 102 2
99 103 2
99 104 1
100 101 2
100 102 -2
100 103 -4
100 104 1
105 109 2
105 110 4
105 111 -4
105 112 1
106 109 1
106 110 2
106 111 -2
106 112 2
107 109 -1
107 110 4
107 111 2
107 112 -4
108 109 -4
108 110 2
108 111 2
108 112 1
113 117 4
113 118 1
113 119 -2
113 120 -4
114 117 -4
114 118 1
114 119 2
114 120 -2
115 117 -1
115 118 -4
115 119 1
115 120 1
116 117 -1
116 118 -2
116 119 -4
116 120 -4
121 125 2
121 126 4
121 127 -2
121 128 -2
122 125 -2
122 126 -1
122 127 4
122 128 2
123 125 2
123 126 -2
123 127 -4
123 128 4
124 125 -2
124 126 4
124 127 1
124 128 -4
129 133 -2
129 134 4
129 135 2
129 136 -2
130 133 2
130 134 1
130 135 -4
130 136 -4
131 133 2
131 134 4
131 135 -2
131 136 -1
132 133 -4
132 134 -1
132 135 2
132 136 4
137 141 4
137 142 1
137 143 2
137 144 -2
138 141 2
138 142 -1
138 143 4
138 144 4
139 141 4
139 142 -2
139 143 1
139 144 -2
140 141 -2
140 142 4
140 143 -2
140 144 1
145 149 -4
145 150 2
145 151 1
145 152 -1
146 149 1
146 150 2
146 151 1
146 152 -2
147 149 1
147 150 1
147 151 1
147 152 2
148 149 2
148 150 1
148 151 1
148 152 -2
153 157 4
153 158 2
153 159 4
153 160 -1
154 157 1
154 158 2
154 159 -4
154 160 4
155 157 2
155 158 -1
155 159 -4
155 160 -2
156 157 -4
156 158 1
156 159 4
156 160 4
161 165 -1
161 166 4
161 167 2
161 168 -4
162 165 -1
162 166 2
162 167 2
162 168 -2
163 165 4
163 166 -1
163 167 -2
163 168 1
164 165 2
164 166 1
164 167 2
164 168 4
169 173 2
169 174 4
169 175 4
169 176 -4
170 173 2
170 174 4
170 175 -2
170 176 -4
171 173 2
171 174 4
171 175 -2
171 176 -2
172 173 -4
172 174 -2
172 175 -2
172 176 -4
177 181 -4
177 182 1
177 183 -1
177 184 1
178 181 4
178 182 4
178 183 4
178 184 4
179 181 1
179 182 -1
179 183 1
179 184 -4
180 181 4
180 182 1
180 183 1
180 184 -1
185 189 4
185 190 4
185 191 -1
185 192 2
186 189 1
186 190 -1
186 191 -1
186 192 -2
187 189 -2
187 190 -4
187 191 -2
187 192 4
188 189 2
188 190 -2
188 191 1
188 192 2
193 197 1
193 198 2
193 199 -1
193 200 4
194 197 2
194 198 2
194 199 -1
194 200 -4
195 197 -4
195 198 -2
195 199 4
195 200 4
196 197 -2
196 198 -1
196 199 -2
196 200 -1
201 205 -2
201 206 -1
201 207 -1
201 208 4
202 205 1
202 206 4
202 207 4
202 208 -1
203 205 -1
203 206 4
203 207 -4
203 208 2
204 205 -4
204 206 2
204 207 1
204 208 4
209 213 -2
209 214 2
209 215 4
209 216 -2
210 213 -2
210 214 -2
210 215 -2
210 216 1
211 213 -2
211 214 -4
211 215 4
211 216 4
212 213 -1
212 214 1
212 215 -2
212 216 -2
217 221 1
217 222 2
217 223 4
217 224 -4
218 221 2
218 222 1
218 223 -2
218 224 1
219 221 4
219 222 -2
219 223 4
219 224 2
220 221 -2
220 222 4
220 223 4
220 224 -1
225 229 2
225 230 -1
225 231 -1
225 232 1
226 229 2
226 230 -2
226 231 -1
226 232 -2
227 229 -4
227 230 -2
227 231 2
227 232 1
228 229 1
228 230 -1
228 231 -4
228 232 -4
233 237 4
233 238 2
233 239 1
233 240 4
234 237 1
234 238 2
234 239 2
234 240 -1
235 237 -1
235 238 1
235 239 -4
235 240 -2
236 237 2
236 238 4
236 239 -2
236 240 4
241 245 -4
241 246 -1
241 247 2
241 248 -2
242 245 -4
242 246 -4
242 247 1
242 248 -1
243 245 4
243 246 -4
243 247 -4
243 248 -1
244 245 1
244 246 2
244 247 2
244 248 4
249 253 -1
249 254 -1
249 255 1
249 256 -1
250 253 1
250 254 2
250 255 4
250 256 -4
251 253 1
251 254 -2
251 255 2
251 256 -1
252 253 -2
252 254 -2
252 255 4
252 256 -2
257 261 4
257 262 -2
257 263 2
257 264 4
258 261 -2
258 262 4
258 263 2
258 264 2
259 261 1
259 262 1
259 263 -2
259 264 4
260 261 4
260 262 1
260 263 1
260 264 2
265 269 -2
265 270 -2
265 271 -2
265 272 2
266 269 4
266 270 -2
266 271 -2
266 272 4
267 269 4
267 270 -2
267 271 -1
267 272 -1
268 269 -2
268 270 -4
268 271 2
268 272 -1
273 277 -2
273 278 2
273 279 -2
273 280 -2
274 277 2
274 278 1
274 279 1
274 280 -1
275 277 4
275 278 2
275 279 -4
275 280 4
276 277 2
276 278 1
276 279 -4
276 280 -2
281 285 -4
281 286 -4
281 287 -1
281 288 -2
282 285 -4
282 286 2
282 287 -4
282 288 4
283 285 -2
283 286 -4
283 287 -1
283 288 -4
284 285 -1
284 286 -2
284 287 -2
284 288 -4
289 293 -1
289 294 -4
289 295 4
289 296 4
290 293 -2
290 294 2
290 295 -4
290 296 -4
291 293 -1
291 294 -4
291 295 4
291 296 2
292 293 -1
292 294 -4
292 295 -2
292 296 2
297 301 -4
297 302 -4
297 303 -2
297 304 1
298 301 1
298 302 -4
298 303 2
298 304 2
299 301 -2
299 302 2
299 303 -1
299 304 1
300 301 2
300 302 -4
300 303 -1
300 304 1
305 309 4
305 310 -1
305 311 -2
305 312 -4
306 309 4
306 310 -2
306 311 -4
306 312 -1
307 309 2
307 310 -4
307 311 -2
307 312 2
308 309 -2
308 310 1
308 311 -4
308 312 -1
313 317 2
313 318 -2
313 319 4
313 320 4
314 317 -2
314 318 -1
314 319 -2
314 320 2
315 317 1
315 318 2
315 319 -4
315 320 4
316 317 -1
316 318 -1
316 319 1
316 320 1
321 325 -2
321 326 1
321 327 2
321 328 -1
322 325 -4
322 326 2
322 327 -4
322 328 -1
323 325 -4
323 326 2
323 327 2
323 328 -2
324 325 -1
324 326 4
324 327 -1
324 328 1
329 333 4
329 334 2
329 335 4
329 336 2
330 333 4
330 334 -2
330 335 1
330 336 -2
331 333 2
331 334 -2
331 335 -4
331 336 4
332 333 -2
332 334 -2
332 335 -1
332 336 -2
337 341 4
337 342 -4
337 343 2
337 344 -1
338 341 4
338 342 4
338 343 -2
338 344 -2
339 341 -4
339 342 -4
339 343 -1
339 344 1
340 341 2
340 342 1
340 343 4
340 344 1
345 349 1
345 350 4
345 351 4
345 352 4
346 349 -2
346 350 -4
346 351 1
346 352 4
347 349 2
347 350 2
347 351 1
347 352 1
348 349 -4
348 350 4
348 351 4
348 352 4
353 357 -4
353 358 2
353 359 -4
353 360 4
354 357 -2
354 358 -4
354 359 -1
354 360 -4
355 357 -1
355 358 -4
355 359 -2
355 360 -2
356 357 -4
356 358 2
356 359 -4
356 360 -4
361 365 -4
361 366 -4
361 367 -4
361 368 4
362 365 -4
362 366 2
362 367 2
362 368 -1
363 365 -4
363 366 -4
363 367 2
363 368 -4
364 365 -2
364 366 -2
364 367 2
364 368 1
369 373 -4
369 374 -1
369 375 1
369 376 -4
370 373 -2
370 374 4
370 375 -1
370 376 2
371 373 2
371 374 2
371 375 -1
371 376 4
372 373 -4
372 374 -2
372 375 -2
372 376 -4
377 381 4
377 382 -1
377 383 -4
377 384 4
378 381 -1
378 382 -2
378 383 -1
378 384 -2
379 381 4
379 382 -1
379 383 -1
379 384 -1
380 381 -1
380 382 2
380 383 -4
380 384 -4
385 389 -2
385 390 2
385 391 -4
385 392 -4
386 389 2
386 390 1
386 391 1
386 392 -1
387 389 -4
387 390 2
387 391 -1
387 392 2
388 389 -1
388 390 4
388 391 -1
388 392 1
393 397 1
393 398 2
393 399 2
393 400 2
394 397 -4
394 398 2
394 399 4
394 400 1
395 397 2
395 398 -1
395 399 4
395 400 -1
396 397 -4
396 398 2
396 399 -4
396 400 2
401 405 4
401 406 -2
401 407 1
401 408 -2
402 405 4
402 406 1
402 407 2
402 408 2
403 405 -4
403 406 1
403 407 2
403 408 -2
404 405 -2
404 406 2
404 407 1
404 408 1
409 413 -4
409 414 -2
409 415 1
409 416 1
410 413 2
410 414 4
410 415 2
410 416 4
411 413 4
411 414 -4
411 415 -1
411 416 1
412 413 1
412 414 1
412 415 1
412 416 1
417 421 -1
417 422 2
417 423 1
417 424 -1
418 421 2
418 422 -2
418 423 -4
418 424 -4
419 421 -4
419 422 1
419 423 -2
419 424 4
420 421 -2
420 422 -2
420 423 -2
420 424 4
425 429 2
425 430 -2
425 431 2
425 432 4
426 429 -4
426 430 -1
426 431 1
426 432 4
427 429 2
427 430 1
427 431 2
427 432 -4
428 429 4
428 430 -1
428 431 -2
428 432 1
433 437 2
433 438 -4
433 439 1
433 440 -1
434 437 -2
434 438 -4
434 439 -2
434 440 2
435 437 4
435 438 -4
435 439 -4
435 440 -4
436 437 -1
436 438 2
436 439 -4
436 440 1
441 445 -2
441 446 1
441 447 -1
441 448 -2
442 445 -2
442 446 -1
442 447 -2
442 448 1
443 445 -1
443 446 2
443 447 4
443 448 -2
444 445 2
444 446 -1
444 447 -4
444 448 4
449 453 -2
449 454 1
449 455 4
449 456 1
450 453 -2
450 454 2
450 455 1
450 456 2
451 453 -4
451 454 -2
451 455 4
451 456 -1
452 453 -2
452 454 1
452 455 4
452 456 -4
457 461 -1
457 462 -4
457 463 1
457 464 1
458 461 -2
458 462 1
458 463 -2
458 464 -1
459 461 4
459 462 4
459 463 1
459 464 -1
460 461 1
460 462 -1
460 463 -2
460 464 4
465 469 -4
465 470 2
465 471 2
465 472 -4
466 469 4
466 470 -2
466 471 -4
466 472 2
467 469 -2
467 470 4
467 471 2
467 472 -1
468 469 1
468 470 4
468 471 4
468 472 1
473 477 1
473 478 -4
473 479 1
473 480 2
474 477 1
474 478 2
474 479 -1
474 480 -2
475 477 4
475 478 -1
475 479 2
475 480 -4
476 477 -1
476 478 -4
476 479 4
476 480 -4
481 485 -2
481 486 -2
481 487 -2
481 488 -2
482 485 4
482 486 1
482 487 4
482 488 4
483 485 -1
483 486 4
483 487 -1
483 488 -4
484 485 -2
484 486 4
484 487 -2
484 488 -1
489 493 4
489 494 -2
489 495 1
489 496 1
490 493 -1
490 494 -2
490 495 -1
490 496 4
491 493 -1
491 494 2
491 495 2
491 496 -4
492 493 -2
492 494 4
492 495 4
492 496 -2
497 501 4
497 502 4
497 503 -2
497 504 -2
498 501 1
498 502 1
498 503 4
498 504 -2
499 501 -1
499 502 -1
499 503 4
499 504 1
500 501 2
500 502 -2
500 503 4
500 504 -4
505 509 4
505 510 -1
505 511 2
505 512 1
506 509 -1
506 510 -4
506 511 2
506 512 1
507 509 2
507 510 1
507 511 -4
507 512 4
508 509 -1
508 510 4
508 511 4
508 512 -1
513 517 -2
513 518 -4
513 519 -4
513 520 4
514 517 4
514 518 2
514 519 -4
514 520 1
515 517 2
515 518 4
515 519 4
515 520 4
516 517 2
516 518 -4
516 519 -2
516 520 -4
521 525 2
521 526 4
521 527 -2
521 528 1
522 525 -2
522 526 4
522 527 4
522 528 4
523 525 1
523 526 -2
523 527 1
523 528 -2
524 525 -1
524 526 -1
524 527 -2
524 528 -1
529 533 -1
529 534 2
529 535 -4
529 536 -4
530 533 -2
530 534 1
530 535 -2
530 536 -2
531 533 2
531 534 2
531 535 -4
531 536 -1
532 533 1
532 534 -1
532 535 4
532 536 1
537 541 -4
537 542 -4
537 543 2
537 544 -4
538 541 -1
538 542 2
538 543 1
538 544 1
539 541 -1
539 542 -2
539 543 -1
539 544 4
540 541 -2
540 542 2
540 543 -1
540 544 1
545 549 -1
545 550 -2
545 551 4
545 552 -4
546 549 -1
546 550 4
546 551 -1
546 552 4
547 549 1
547 550 4
547 551 -4
547 552 -2
548 549 4
548 550 4
548 551 -1
548 552 -1
553 557 -2
553 558 1
553 559 -4
553 560 1
554 557 1
554 558 4
554 559 -1
554 560 2
555 557 -1
555 558 2
555 559 2
555 560 -4
556 557 -2
556 558 -4
556 559 -2
556 560 4
561 565 1
561 566 -1
561 567 2
561 568 -1
562 565 -1
562 566 1
562 567 -1
562 568 -4
563 565 -2
563 566 4
563 567 4
563 568 -4
564 565 1
564 566 2
564 567 1
564 568 -1
569 573 2
569 574 1
569 575 -1
569 576 -4
570 573 4
570 574 4
570 575 1
570 576 -2
571 573 4
571 574 2
571 575 -4
571 576 1
572 573 1
572 574 1
572 575 1
572 576 -2
577 581 -2
577 582 -2
577 583 4
577 584 -4
578 581 2
578 582 -1
578 583 -2
578 584 1
579 581 4
579 582 -1
579 583 4
579 584 1
580 581 2
580 582 2
580 583 1
580 584 4
585 589 2
585 590 -1
585 591 -2
585 592 -4
586 589 -2
586 590 2
586 591 -2
586 592 -4
587 589 -2
587 590 -4
587 591 4
587 592 4
588 589 4
588 590 1
588 591 -1
588 592 -1
593 597 4
593 598 4
593 599 2
593 600 -2
594 597 2
594 598 -4
594 599 2
594 600 -4
595 597 4
595 598 -1
595 599 4
595 600 -1
596 597 -2
596 598 -1
596 599 -4
596 600 1
601 605 -4
601 606 2
601 607 2
601 608 1
602 605 2
602 606 -1
602 607 4
602 608 -1
603 605 -1
603 606 1
603 607 -2
603 608 -1
604 605 2
604 606 2
604 607 4
604 608 -2
609 613 4
609 614 2
609 615 2
609 616 -1
610 613 -4
610 614 1
610 615 -2
610 616 -4
611 613 1
611 614 2
611 615 -2
611 616 2
612 613 -4
612 614 1
612 615 1
612 616 -2
617 621 4
617 622 -4
617 623 -1
617 624 -4
618 621 -2
618 622 -1
618 623 -1
618 624 4
619 621 -1
619 622 -4
619 623 1
619 624 2
620 621 4
620 622 -4
620 623 1
620 624 2
625 629 -4
625 630 -4
625 631 4
625 632 -1
626 629 -2
626 630 -1
626 631 1
626 632 -2
627 629 -2
627 630 -2
627 631 -1
627 632 -1
628 629 -2
628 630 -2
628 631 4
628 632 4
633 637 -1
633 638 1
633 639 -2
633 640 4
634 637 -4
634 638 4
634 639 -4
634 640 1
635 637 -1
635 638 2
635 639 -4
635 640 -2
636 637 -4
636 638 -4
636 639 2
636 640 -4
641 645 2
641 646 1
641 647 4
641 648 2
642 645 -1
642 646 1
642 647 4
642 648 -1
643 645 -2
643 646 4
643 647 1
643 648 -2
644 645 1
644 646 -1
644 647 -2
644 648 -1
649 653 -4
649 654 -4
649 655 -2
649 656 -1
650 653 -2
650 654 1
650 655 4
650 656 2
651 653 2
651 654 -4
651 655 2
651 656 -2
652 653 4
652 654 2
652 655 -4
652 656 1
657 661 2
657 662 -1
657 663 -2
657 664 2
658 661 1
658 662 2
658 663 4
658 664 4
659 661 -1
659 662 4
659 663 4
659 664 2
660 661 -1
660 662 -2
660 663 -1
660 664 2
665 669 -2
665 670 -1
665 671 -2
665 672 -1
666 669 -2
666 670 -2
666 671 -4
666 672 1
667 669 1
667 670 -1
667 671 -2
667 672 -1
668 669 -4
668 670 2
668 671 2
668 672 1
673 677 4
673 678 -1
673 679 1
673 680 -4
674 677 1
674 678 -4
674 679 -4
674 680 1
675 677 2
675 678 -4
675 679 4
675 680 1
676 677 1
676 678 -1
676 679 -4
676 680 -1
681 685 -4
681 686 2
681 687 -1
681 688 2
682 685 2
682 686 4
682 687 -2
682 688 -4
683 685 4
683 686 4
683 687 1
683 688 -2
684 685 2
684 686 2
684 687 1
684 688 -1
689 693 2
689 694 1
689 695 2
689 696 1
690 693 1
690 694 4
690 695 1
690 696 -4
691 693 2
691 694 -2
691 695 -2
691 696 -1
692 693 -1
692 694 -1
692 695 -1
692 696 4
697 701 -4
697 702 -4
697 703 -1
697 704 2
698 701 -2
698 702 -1
698 703 -2
698 704 4
699 701 -1
699 702 2
699 703 -2
699 704 2
700 701 4
700 702 4
700 703 4
700 704 -4
705 709 1
705 710 -1
705 711 -4
705 712 1
706 709 -2
706 710 -2
706 711 -1
706 712 -4
707 709 -4
707 710 4
707 711 -4
707 712 -4
708 709 -4
708 710 1
708 711 4
708 712 1
713 717 4
713 718 2
713 719 -2
713 720 4
714 717 -1
714 718 4
714 719 -2
714 720 -1
715 717 -4
715 718 2
715 719 -2
715 720 -1
716 717 -4
716 718 2
716 719 2
716 720 2
721 725 1
721 726 2
721 727 -4
721 728 -2
722 725 1
722 726 -1
722 727 4
722 728 -2
723 725 2
723 726 2
723 727 2
723 728 -1
724 725 1
724 726 -2
724 727 4
724 728 -1
729 733 -4
729 734 2
729 735 -4
729 736 -1
730 733 4
730 734 -2
730 735 -4
730 736 -2
731 733 -4
731 734 -2
731 735 -2
731 736 4
732 733 -2
732 734 2
732 735 -1
732 736 -1
737 741 -1
737 742 -2
737 743 4
737 744 -1
738 741 1
738 742 -2
738 743 -1
738 744 2
739 741 1
739 742 -2
739 743 -4
739 744 2
740 741 -2
740 742 -1
740 743 -4
740 744 -1
745 749 -2
745 750 1
745 751 2
745 752 -2
746 749 -1
746 750 2
746 751 -1
746 752 -1
747 749 1
747 750 -2
747 751 -2
747 752 1
748 749 -1
748 750 -2
748 751 -1
748 752 1
753 757 -2
753 758 -4
753 759 1
753 760 2
754 757 -2
754 758 4
754 759 1
754 760 -2
755 757 2
755 758 -1
755 759 4
755 760 1
756 757 2
756 758 1
756 759 -4
756 760 4
761 765 -2
761 766 2
761 767 2
761 768 2
762 765 1
762 766 -4
762 767 -2
762 768 4
763 765 -2
763 766 -2
763 767 1
763 768 -1
764 765 4
764 766 -2
764 767 4
764 768 4
769 773 -1
769 774 -2
769 775 -4
769 776 -1
770 773 -4
770 774 -1
770 775 1
770 776 -1
771 773 2
771 774 4
771 775 4
771 776 2
772 773 2
772 774 -4
772 775 -2
772 776 4
777 781 -4
777 782 1
777 783 4
777 784 -1
778 781 -1
778 782 -2
778 783 1
778 784 2
779 781 4
779 782 4
779 783 1
779 784 1
780 781 2
780 782 -2
780 783 2
780 784 -1
785 789 2
785 790 -1
785 791 -4
785 792 -1
786 789 -4
786 790 -4
786 791 1
786 792 -2
787 789 -1
787 790 -2
787 791 -2
787 792 2
788 789 -2
788 790 2
788 791 -4
788 792 2
793 797 -4
793 798 1
793 799 1
793 800 4
794 797 1
794 798 4
794 799 1
794 800 -4
795 797 -2
795 798 -2
795 799 4
795 800 4
796 797 2
796 798 1
796 799 4
796 800 -4
801 805 2
801 806 1
801 807 -4
801 808 -1
802 805 -4
802 806 -4
802 807 1
802 808 2
803 805 2
803 806 -2
803 807 2
803 808 4
804 805 4
804 806 -2
804 807 4
804 808 -2
809 813 -4
809 814 1
809 815 -2
809 816 2
810 813 -4
810 814 2
810 815 -4
810 816 -2
811 813 -1
811 814 -2
811 815 -1
811 816 2
812 813 4
812 814 1
812 815 4
812 816 4
817 821 -4
817 822 4
817 823 1
817 824 -2
818 821 1
818 822 -1
818 823 1
818 824 1
819 821 4
819 822 -1
819 823 4
819 824 -2
820 821 -4
820 822 4
820 823 4
820 824 -2
825 829 1
825 830 4
825 831 2
825 832 4
826 829 -4
826 830 1
826 831 -2
826 832 -2
827 829 1
827 830 -4
827 831 -4
827 832 -4
828 829 -4
828 830 1
828 831 1
828 832 2
833 837 -4
833 838 1
833 839 1
833 840 1
834 837 2
834 838 2
834 839 1
834 840 1
835 837 1
835 838 1
835 839 -2
835 840 -1
836 837 -4
836 838 -4
836 839 -2
836 840 2
841 845 2
841 846 2
841 847 -1
841 848 1
842 845 1
842 846 -4
842 847 -1
842 848 4
843 845 -2
843 846 -2
843 847 -2
843 848 2
844 845 4
844 846 1
844 847 4
844 848 2
849 853 2
849 854 -4
849 855 -4
849 856 4
850 853 4
850 854 -2
850 855 -2
850 856 4
851 853 -2
851 854 2
851 855 2
851 856 1
852 853 -4
852 854 -2
852 855 -1
852 856 -2
857 861 1
857 862 2
857 863 4
857 864 4
858 861 1
858 862 -2
858 863 4
858 864 -2
859 861 2
859 862 4
859 863 -1
859 864 -2
860 861 -4
860 862 -4
860 863 -1
860 864 1
865 869 1
865 870 2
865 871 -4
865 872 2
866 869 -1
866 870 -4
866 871 2
866 872 1
867 869 1
867 870 -2
867 871 -2
867 872 -2
868 869 -4
868 870 4
868 871 2
868 872 4
873 877 4
873 878 1
873 879 -1
873 880 -1
874 877 1
874 878 4
874 879 -1
874 880 1
875 877 -2
875 878 1
875 879 2
875 880 -1
876 877 -1
876 878 1
876 879 -2
876 880 -1
881 885 2
881 886 -1
881 887 4
881 888 -2
882 885 4
882 886 4
882 887 1
882 888 -2
883 885 -2
883 886 -1
883 887 2
883 888 -4
884 885 -1
884 886 -2
884 887 -2
884 888 -1
889 893 4
889 894 2
889 895 4
889 896 -2
890 893 -2
890 894 -2
890 895 2
890 896 -2
891 893 4
891 894 4
891 895 1
891 896 -4
892 893 -1
892 894 -1
892 895 2
892 896 -2
897 901 1
897 902 4
897 903 -1
897 904 1
898 901 -4
898 902 -2
898 903 2
898 904 -1
899 901 4
899 902 -1
899 903 4
899 904 -2
900 901 4
900 902 2
900 903 -1
900 904 -1
905 909 -1
905 910 -1
905 911 1
905 912 4
906 909 1
906 910 1
906 911 2
906 912 -4
907 909 4
907 910 1
907 911 1
907 912 -4
908 909 1
908 910 4
908 911 4
908 912 1
913 917 4
913 918 4
913 919 2
913 920 -2
914 917 2
914 918 -4
914 919 -2
914 920 1
915 917 -2
915 918 -1
915 919 2
915 920 -2
916 917 2
916 918 4
916 919 1
916 920 -1
921 925 1
921 926 -1
921 927 -2
921 928 -1
922 925 -1
922 926 -1
922 927 2
922 928 -2
923 925 1
923 926 4
923 927 4
923 928 4
924 925 4
924 926 2
924 927 -2
924 928 -1
929 933 -1
929 934 -1
929 935 2
929 936 -4
930 933 -1
930 934 1
930 935 2
930 936 -1
931 933 4
931 934 2
931 935 2
931 936 1
932 933 -1
932 934 1
932 935 2
932 936 -2
937 941 -1
937 942 -2
937 943 -1
937 944 -2
938 941 2
938 942 -2
938 943 -1
938 944 -2
939 941 2
939 942 -1
939 943 4
939 944 4
940 941 1
940 942 4
940 943 4
940 944 4
945 949 -2
945 950 -1
945 951 -2
945 952 -1
946 949 2
946 950 4
946 951 1
946 952 1
947 949 4
947 950 2
947 951 -4
947 952 1
948 949 1
948 950 2
948 951 -2
948 952 2
953 957 2
953 958 -1
953 959 -4
953 960 -2
954 957 -2
954 958 -4
954 959 2
954 960 2
955 957 1
955 958 2
955 959 -4
955 960 -4
956 957 -2
956 958 4
956 959 4
956 960 1
961 965 2
961 966 2
961 967 1
961 968 -4
962 965 -1
962 966 -4
962 967 -2
962 968 -2
963 965 4
963 966 -1
963 967 1
963 968 1
964 965 1
964 966 -1
964 967 1
964 968 -1
969 973 4
969 974 -2
969 975 2
969 976 -2
970 973 -1
970 974 2
970 975 -2
970 976 -4
971 973 -1
971 974 1
971 975 -4
971 976 4
972 973 1
972 974 1
972 975 4
972 976 -4
977 981 4
977 982 -2
977 983 4
977 984 -4
978 981 -4
978 982 1
978 983 2
978 984 -1
979 981 -1
979 982 -4
979 983 4
979 984 2
980 981 -2
980 982 -4
980 983 1
980 984 -2
985 989 2
985 990 -4
985 991 -2
985 992 1
986 989 1
986 990 -1
986 991 4
986 992 -1
987 989 1
987 990 -2
987 991 -1
987 992 -4
988 989 1
988 990 -4
988 991 2
988 992 -4
993 997 4
993 998 1
993 999 -4
993 1000 -4
994 997 -1
994 998 4
994 999 4
994 1000 4
995 997 2
995 998 -1
995 999 1
995 1000 -4
996 997 1
996 998 2
996 999 2
996 1000 1
1001 1005 -1
1001 1006 -4
1001 1007 -1
1001 1008 2
1002 1005 -2
1002 1006 1
1002 1007 2
1002 1008 2
1003 1005 -4
1003 1006 -1
1003 1007 1
1003 1008 -1
1004 1005 -1
1004 1006 4
1004 1007 -1
1004 1008 -2
1009 1013 2
1009 1014 -1
1009 1015 1
1009 1016 4
1010 1013 -4
1010 1014 -4
1010 1015 4
1010 1016 4
1011 1013 -2
1011 1014 1
1011 1015 -4
1011 1016 -2
1012 1013 2
1012 1014 -1
1012 1015 1
1012 1016 -2
1017 1021 -1
1017 1022 -2
1017 1023 4
1017 1024 -4
1018 1021 -4
1018 1022 -1
1018 1023 1
1018 1024 4
1019 1021 4
1019 1022 2
1019 1023 4
1019 1024 2
1020 1021 2
1020 1022 -4
1020 1023 -2
1020 1024 -4
1025 1029 -4
1025 1030 -2
1025 1031 2
1025 1032 -2
1026 1029 -1
1026 1030 4
1026 1031 4
1026 1032 -2
1027 1029 -4
1027 1030 -1
1027 1031 -2
1027 1032 4
1028 1029 -1
1028 1030 -4
1028 1031 -2
1028 1032 -1
1033 1037 1
1033 1038 -4
1033 1039 2
1033 1040 4
1034 1037 -1
1034 1038 2
1034 1039 -4
1034 1040 -2
1035 1037 2
1035 1038 -2
1035 1039 1
1035 1040 -1
1036 1037 -2
1036 1038 2
1036 1039 4
1036 1040 1
1041 1045 2
1041 1046 -4
1041 1047 2
1041 1048 2
1042 1045 -4
1042 1046 -4
1042 1047 -1
1042 1048 1
1043 1045 -4
1043 1046 -1
1043 1047 -4
1043 1048 2
1044 1045 1
1044 1046 1
1044 1047 1
1044 1048 -2
1049 1053 -1
1049 1054 -2
1049 1055 -1
1049 1056 2
1050 1053 -4
1050 1054 -4
1050 1055 1
1050 1056 4
1051 1053 4
1051 1054 2
1051 1055 4
1051 1056 4
1052 1053 1
1052 1054 -2
1052 1055 1
1052 1056 -4
1057 1061 -1
1057 1062 -1
1057 1063 1
1057 1064 4
1058 1061 4
1058 1062 -1
1058 1063 -1
1058 1064 2
1059 1061 -1
1059 1062 4
1059 1063 -1
1059 1064 -1
1060 1061 1
1060 1062 -1
1060 1063 4
1060 1064 1
1065 1069 -4
1065 1070 1
1065 1071 4
1065 1072 -1
1066 1069 4
1066 1070 2
1066 1071 1
1066 1072 1
1067 1069 -2
1067 1070 -4
1067 1071 4
1067 1072 -4
1068 1069 1
1068 1070 -1
1068 1071 -2
1068 1072 4
1073 1077 -4
1073 1078 -1
1073 1079 2
1073 1080 -2
1074 1077 4
1074 1078 2
1074 1079 -4
1074 1080 -2
1075 1077 2
1075 1078 1
1075 1079 1
1075 1080 -1
1076 1077 -4
1076 1078 1
1076 1079 -4
1076 1080 1
1081 1085 -1
1081 1086 -4
1081 1087 -1
1081 1088 1
1082 1085 -4
1082 1086 1
1082 1087 4
1082 1088 2
1083 1085 1
1083 1086 2
1083 1087 2
1083 1088 1
1084 1085 1
1084 1086 -4
1084 1087 4
1084 1088 -2
1089 1093 2
1089 1094 -4
1089 1095 -2
1089 1096 1
1090 1093 -2
1090 1094 -1
1090 1095 -2
1090 1096 1
1091 1093 -1
1091 1094 4
1091 1095 1
1091 1096 -2
1092 1093 1
1092 1094 2
1092 1095 2
1092 1096 -2
1097 1101 4
1097 1102 4
1097 1103 4
1097 1104 -2
1098 1101 -4
1098 1102 -4
1098 1103 -2
1098 1104 -2
1099 1101 -4
1099 1102 -2
1099 1103 -4
1099 1104 4
1100 1101 2
1100 1102 -1
1100 1103 -2
1100 1104 -1
1105 1109 1
1105 1110 1
1105 1111 -1
1105 1112 -1
1106 1109 2
1106 1110 -4
1106 1111 -2
1106 1112 1
1107 1109 4
1107 1110 2
1107 1111 -2
1107 1112 -2
1108 1109 -1
1108 1110 1
1108 1111 2
1108 1112 -4
1113 1117 -1
1113 1118 -4
1113 1119 2
1113 1120 -4
1114 1117 1
1114 1118 -2
1114 1119 -1
1114 1120 4
1115 1117 1
1115 1118 1
1115 1119 -2
1115 1120 -2
1116 1117 1
1116 1118 1
1116 1119 -2
1116 1120 -2
1121 1125 1
1121 1126 -4
1121 1127 4
1121 1128 1
1122 1125 -1
1122 1126 -4
1122 1127 4
1122 1128 -2
1123 1125 -4
1123 1126 2
1123 1127 -4
1123 1128 -2
1124 1125 -4
1124 1126 1
1124 1127 -2
1124 1128 4
1129 1133 -2
1129 1134 -4
1129 1135 -1
1129 1136 -1
1130 1133 4
1130 1134 -4
1130 1135 -4
1130 1136 2
1131 1133 -4
1131 1134 1
1131 1135 -1
1131 1136 -2
1132 1133 -4
1132 1134 -4
1132 1135 4
1132 1136 2
1137 1141 4
1137 1142 1
1137 1143 -2
1137 1144 -4
1138 1141 1
1138 1142 -2
1138 1143 -1
1138 1144 -1
1139 1141 4
1139 1142 -1
1139 1143 -1
1139 1144 -2
1140 1141 4
1140 1142 2
1140 1143 -1
1140 1144 -1
1145 1149 4
1145 1150 4
1145 1151 4
1145 1152 -4
1146 1149 -4
1146 1150 -2
1146 1151 -4
1146 1152 4
1147 1149 2
1147 1150 -1
1147 1151 1
1147 1152 -2
1148 1149 1
1148 1150 1
1148 1151 -2
1148 1152 1
5 13 -4
6 14 2
7 15 1
8 16 4
13 21 -4
14 22 1
15 23 2
16 24 1
21 29 1
22 30 1
23 31 4
24 32 -4
29 37 1
30 38 4
31 39 -2
32 40 2
37 45 1
38 46 -1
39 47 -4
40 48 2
45 53 2
46 54 -2
47 55 -2
48 56 2
53 61 -2
54 62 4
55 63 -4
56 64 1
61 69 -4
62 70 4
63 71 4
64 72 -2
69 77 4
70 78 -1
71 79 1
72 80 2
77 85 2
78 86 -1
79 87 4
80 88 -1
85 93 4
86 94 2
87 95 2
88 96 -4
101 109 2
102 110 -2
103 111 1
104 112 4
109 117 1
110 118 -4
111 119 1
112 120 1
117 125 -1
118 126 2
119 127 1
120 128 -1
125 133 -1
126 134 -4
127 135 1
128 136 1
133 141 -4
134 142 4
135 143 4
136 144 -2
141 149 1
142 150 -1
143 151 1
144 152 -2
149 157 -4
150 158 -1
151 159 -2
152 160 1
157 165 -1
158 166 1
159 167 1
160 168 4
165 173 -4
166 174 -4
167 175 -1
168 176 -1
173 181 1
174 182 -1
175 183 -1
176 184 2
181 189 1
182 190 4
183 191 1
184 192 1
197 205 -4
198 206 2
199 207 -1
200 208 1
205 213 2
206 214 -4
207 215 4
208 216 -4
213 221 1
214 222 1
215 223 1
216 224 2
221 229 -1
222 230 -1
223 231 -2
224 232 1
229 237 4
230 238 -1
231 239 -2
232 240 -4
237 245 -2
238 246 4
239 247 1
240 248 1
245 253 -1
246 254 2
247 255 4
248 256 -2
253 261 -2
254 262 -4
255 263 4
256 264 1
261 269 -2
262 270 -2
263 271 -4
264 272 2
269 277 -2
270 278 2
271 279 2
272 280 -2
277 285 2
278 286 -1
279 287 4
280 288 4
293 301 2
294 302 4
295 303 2
296 304 4
301 309 -2
302 310 1
303 311 4
304 312 4
309 317 4
310 318 4
311 319 -4
312 320 -4
317 325 2
318 326 2
319 327 4
320 328 -1
325 333 4
326 334 4
327 335 2
328 336 2
333 341 -1
334 342 4
335 343 -1
336 344 4
341 349 -4
342 350 -4
343 351 -2
344 352 -4
349 357 -1
350 358 -2
351 359 2
352 360 4
357 365 -4
358 366 2
359 367 -1
360 368 4
365 373 -4
366 374 4
367 375 4
368 376 -4
373 381 2
374 382 1
375 383 2
376 384 -4
389 397 -1
390 398 1
391 399 1
392 400 1
397 405 -4
398 406 4
399 407 -1
400 408 -1
405 413 4
406 414 4
407 415 4
408 416 4
413 421 -2
414 422 -4
415 423 -1
416 424 4
421 429 -2
422 430 1
423 431 1
424 432 -2
429 437 4
430 438 4
431 439 -1
432 440 1
437 445 -4
438 446 4
439 447 1
440 448 -2
445 453 -1
446 454 4
447 455 -1
448 456 2
453 461 -4
454 462 -4
455 463 2
456 464 4
461 469 1
462 470 1
463 471 2
464 472 -1
469 477 -2
470 478 4
471 479 2
472 480 -4
485 493 -4
486 494 -4
487 495 2
488 496 -4
493 501 -1
494 502 4
495 503 4
496 504 -4
501 509 1
502 510 4
503 511 4
504 512 1
509 517 2
510 518 -2
511 519 4
512 520 2
517 525 4
518 526 -4
519 527 -4
520 528 -1
525 533 4
526 534 4
527 535 1
528 536 -4
533 541 2
534 542 1
535 543 2
536 544 -2
541 549 2
542 550 2
543 551 4
544 552 4
549 557 -2
550 558 -4
551 559 2
552 560 4
557 565 2
558 566 2
559 567 -2
560 568 1
565 573 -4
566 574 2
567 575 4
568 576 2
581 589 1
582 590 1
583 591 4
584 592 2
589 597 1
590 598 -1
591 599 -2
592 600 1
597 605 -1
598 606 -1
599 607 4
600 608 -1
605 613 2
606 614 1
607 615 2
608 616 -4
613 621 -1
614 622 -2
615 623 -2
616 624 -4
621 629 4
622 630 -2
623 631 -4
624 632 2
629 637 2
630 638 -2
631 639 -4
632 640 -1
637 645 -1
638 646 2
639 647 -1
640 648 1
645 653 -4
646 654 -4
647 655 -4
648 656 2
653 661 1
654 662 -4
655 663 -1
656 664 -4
661 669 -1
662 670 1
663 671 -1
664 672 -2
677 685 -4
678 686 -4
679 687 1
680 688 4
685 693 -2
686 694 -1
687 695 -1
688 696 -4
693 701 2
694 702 -2
695 703 2
696 704 4
701 709 2
702 710 -4
703 711 4
704 712 -2
709 717 2
710 718 1
711 719 -4
712 720 -1
717 725 -2
718 726 1
719 727 -4
720 728 -4
725 733 -1
726 734 -2
727 735 -1
728 736 -4
733 741 -1
734 742 -1
735 743 2
736 744 -1
741 749 4
742 750 1
743 751 -2
744 752 -2
749 757 2
750 758 4
751 759 -2
752 760 -1
757 765 4
758 766 1
759 767 -1
760 768 1
773 781 1
774 782 -4
775 783 -4
776 784 2
781 789 -4
782 790 1
783 791 -1
784 792 2
789 797 -2
790 798 -2
791 799 -4
792 800 4
797 805 -4
798 806 -4
799 807 -4
800 808 2
805 813 2
806 814 4
807 815 1
808 816 4
813 821 -1
814 822 2
815 823 1
816 824 -4
821 829 2
822 830 4
823 831 1
824 832 -1
829 837 -1
830 838 2
831 839 2
832 840 2
837 845 -2
838 846 -2
839 847 -2
840 848 -4
845 853 -1
846 854 4
847 855 -1
848 856 -1
853 861 -1
854 862 1
855 863 -4
856 864 4
869 877 -2
870 878 -2
871 879 -2
872 880 2
877 885 4
878 886 -1
879 887 2
880 888 2
885 893 -4
886 894 1
887 895 4
888 896 1
893 901 -1
894 902 -4
895 903 1
896 904 -2
901 909 -1
902 910 4
903 911 2
904 912 -4
909 917 4
910 918 -4
911 919 2
912 920 -1
917 925 1
918 926 4
919 927 2
920 928 2
925 933 -4
926 934 -1
927 935 -1
928 936 -1
933 941 2
934 942 -2
935 943 -2
936 944 2
941 949 4
942 950 -4
943 951 -2
944 952 4
949 957 1
950 958 -4
951 959 -1
952 960 1
965 973 -2
966 974 -2
967 975 -4
968 976 -4
973 981 2
974 982 1
975 983 4
976 984 2
981 989 4
982 990 4
983 991 -1
984 992 2
989 997 1
990 998 -4
991 999 4
992 1000 2
997 1005 -1
998 1006 -2
999 1007 -1
1000 1008 -2
1005 1013 -1
1006 1014 4
1007 1015 -4
1008 1016 -4
1013 1021 -4
1014 1022 -2
1015 1023 -1
1016 1024 -2
1021 1029 1
1022 1030 -1
1023 1031 1
1024 1032 -2
1029 1037 1
1030 1038 2
1031 1039 2
1032 1040 -1
1037 1045 4
1038 1046 -2
1039 1047 -1
1040 1048 2
1045 1053 2
1046 1054 -4
1047 1055 -1
1048 1056 1
1061 1069 -2
1062 1070 -4
1063 1071 -2
1064 1072 4
1069 1077 -2
1070 1078 1
1071 1079 2
1072 1080 4
1077 1085 -1
1078 1086 1
1079 1087 -1
1080 1088 1
1085 1093 -1
1086 1094 4
1087 1095 -2
1088 1096 1
1093 1101 4
1094 1102 -1
1095 1103 2
1096 1104 2
1101 1109 -4
1102 1110 2
1103 1111 1
1104 1112 -1
1109 1117 -2
1110 1118 4
1111 1119 -2
1112 1120 -4
1117 1125 2
1118 1126 2
1119 1127 -2
1120 1128 -4
1125 1133 -1
1126 1134 2
1127 1135 -2
1128 1136 -4
1133 1141 -1
1134 1142 -1
1135 1143 -4
1136 1144 -2
1141 1149 2
1142 1150 2
1143 1151 1
1144 1152 -4
1 97 -1
2 98 -4
3 99 -2
4 100 -2
97 193 -4
98 194 2
99 195 1
100 196 1
193 289 2
194 290 -1
195 291 -2
196 292 2
289 385 1
290 386 -4
291 387 2
292 388 1
385 481 2
386 482 2
387 483 4
388 484 -4
481 577 -1
482 578 1
483 579 1
484 580 2
577 673 1
578 674 2
579 675 4
580 676 -2
673 769 -1
674 770 -1
675 771 4
676 772 4
769 865 2
770 866 2
771 867 2
772 868 1
865 961 1
866 962 -2
867 963 -1
868 964 1
961 1057 4
962 1058 2
963 1059 -4
964 1060 -2
9 105 -2
10 106 2
11 107 1
12 108 4
105 201 2
106 202 4
107 203 2
108 204 -4
201 297 2
202 298 -2
203 299 -2
204 300 4
297 393 -4
298 394 -4
299 395 2
300 396 -4
393 489 1
394 490 -1
395 491 1
396 492 4
489 585 -2
490 586 -4
491 587 -1
492 588 2
585 681 4
586 682 -1
587 683 2
588 684 -1
681 777 -4
682 778 -4
683 779 -1
684 780 -1
777 873 -4
778 874 -2
779 875 4
780 876 1
873 969 4
874 970 1
875 971 4
876 972 2
969 1065 -1
970 1066 1
971 1067 -1
972 1068 -4
17 113 1
18 114 2
19 115 -4
20 116 -4
113 209 -4
114 210 -1
115 211 1
116 212 -2
209 305 4
210 306 -2
211 307 -4
212 308 -1
305 401 4
306 402 -1
307 403 1
308 404 4
401 497 2
402 498 1
403 499 -4
404 500 2
497 593 2
498 594 -1
499 595 2
500 596 -2
593 689 1
594 690 -1
595 691 -4
596 692 -1
689 785 -1
690 786 -4
691 787 2
692 788 4
785 881 1
786 882 1
787 883 4
788 884 4
881 977 -2
882 978 -1
883 979 2
884 980 -2
977 1073 -1
978 1074 -4
979 1075 4
980 1076 4
25 121 -1
26 122 -1
27 123 -2
28 124 4
121 217 -1
122 218 -1
123 219 4
124 220 2
217 313 -1
218 314 -2
219 315 4
220 316 2
313 409 2
314 410 2
315 411 -1
316 412 4
409 505 2
410 506 1
411 507 -4
412 508 1
505 601 4
506 602 1
507 603 -1
508 604 -4
601 697 -4
602 698 -4
603 699 -2
604 700 2
697 793 1
698 794 -2
699 795 -1
700 796 2
793 889 -1
794 890 2
795 891 -2
796 892 2
889 985 -2
890 986 1
891 987 -4
892 988 -1
985 1081 -4
986 1082 -2
987 1083 4
988 1084 1
33 129 2
34 130 4
35 131 -2
36 132 4
129 225 4
130 226 2
131 227 4
132 228 -4
225 321 -1
226 322 4
227 323 4
228 324 -1
321 417 -4
322 418 -2
323 419 2
324 420 1
417 513 -2
418 514 4
419 515 -2
420 516 -4
513 609 2
514 610 2
515 611 1
516 612 -4
609 705 2
610 706 4
611 707 1
612 708 -4
705 801 -2
706 802 1
707 803 -2
708 804 1
801 897 2
802 898 -2
803 899 -2
804 900 -4
897 993 4
898 994 2
899 995 1
900 996 2
993 1089 -4
994 1090 2
995 1091 -1
996 1092 -2
41 137 2
42 138 -2
43 139 -1
44 140 -1
137 233 -4
138 234 -1
139 235 2
140 236 4
233 329 -4
234 330 -2
235 331 -2
236 332 -1
329 425 -2
330 426 4
331 427 -4
332 428 4
425 521 2
426 522 -2
427 523 2
428 524 4
521 617 4
522 618 4
523 619 -2
524 620 -2
617 713 2
618 714 2
619 715 -2
620 716 2
713 809 4
714 810 -2
715 811 -2
716 812 -4
809 905 -2
810 906 2
811 907 -2
812 908 -2
905 1001 1
906 1002 2
907 1003 2
908 1004 -2
1001 1097 -1
1002 1098 -2
1003 1099 2
1004 1100 -4
49 145 2
50 146 4
51 147 4
52 148 -4
145 241 1
146 242 -1
147 243 -2
148 244 1
241 337 -2
242 338 -4
243 339 -1
244 340 2
337 433 2
338 434 2
339 435 1
340 436 4
433 529 -1
434 530 -2
435 531 -2
436 532 -4
529 625 2
530 626 2
531 627 4
532 628 -1
625 721 4
626 722 -1
627 723 1
628 724 1
721 817 -2
722 818 -1
723 819 -4
724 820 2
817 913 -2
818 914 -2
819 915 -1
820 916 -2
913 1009 -2
914 1010 1
915 1011 1
916 1012 -2
1009 1105 2
1010 1106 -4
1011 1107 2
1012 1108 1
57 153 -1
58 154 2
59 155 -4
60 156 4
153 249 -1
154 250 2
155 251 4
156 252 -1
249 345 1
250 346 2
251 347 -1
252 348 2
345 441 4
346 442 -2
347 443 1
348 444 2
441 537 2
442 538 1
443 539 1
444 540 4
537 633 1
538 634 2
539 635 1
540 636 -2
633 729 -2
634 730 1
635 731 -1
636 732 -2
729 825 -2
730 826 -4
731 827 4
732 828 2
825 921 -2
826 922 1
827 923 1
828 924 2
921 1017 1
922 1018 4
923 1019 1
924 1020 1
1017 1113 -2
1018 1114 -4
1019 1115 4
1020 1116 2
65 161 4
66 162 1
67 163 -2
68 164 2
161 257 -2
162 258 -4
163 259 4
164 260 -1
257 353 -1
258 354 -4
259 355 -4
260 356 -2
353 449 1
354 450 -1
355 451 -2
356 452 -1
449 545 -4
450 546 4
451 547 1
452 548 -1
545 641 -1
546 642 -4
547 643 2
548 644 -1
641 737 4
642 738 4
643 739 4
644 740 -4
737 833 -1
738 834 -2
739 835 1
740 836 2
833 929 -2
834 930 -4
835 931 4
836 932 -2
929 1025 2
930 1026 -4
931 1027 -1
932 1028 -4
1025 1121 -4
1026 1122 1
1027 1123 1
1028 1124 -4
73 169 2
74 170 1
75 171 -1
76 172 4
169 265 2
170 266 4
171 267 4
172 268 1
265 361 -2
266 362 4
267 363 1
268 364 -1
361 457 -4
362 458 1
363 459 2
364 460 4
457 553 -4
458 554 -2
459 555 -1
460 556 2
553 649 4
554 650 1
555 651 -4
556 652 -1
649 745 1
650 746 1
651 747 4
652 748 4
745 841 1
746 842 4
747 843 4
748 844 1
841 937 -1
842 938 4
843 939 2
844 940 1
937 1033 -2
938 1034 -1
939 1035 2
940 1036 1
1033 1129 -2
1034 1130 1
1035 1131 4
1036 1132 -1
81 177 4
82 178 -1
83 179 -2
84 180 -1
177 273 -2
178 274 4
179 275 1
180 276 -2
273 369 -4
274 370 1
275 371 1
276 372 1
369 465 -4
370 466 -4
371 467 2
372 468 2
465 561 -2
466 562 2
467 563 -2
468 564 -4
561 657 1
562 658 -1
563 659 -2
564 660 1
657 753 1
658 754 4
659 755 -4
660 756 -2
753 849 2
754 850 -4
755 851 1
756 852 2
849 945 4
850 946 -4
851 947 1
852 948 2
945 1041 4
946 1042 2
947 1043 4
948 1044 2
1041 1137 -4
1042 1138 -4
1043 1139 1
1044 1140 -1
89 185 2
90 186 1
91 187 -2
92 188 4
185 281 2
186 282 -2
187 283 1
188 284 -2
281 377 -4
282 378 -2
283 379 -2
284 380 1
377 473 1
378 474 -4
379 475 -1
380 476 -4
473 569 4
474 570 4
475 571 2
476 572 -4
569 665 -2
570 666 1
571 667 -2
572 668 -1
665 761 2
666 762 -2
667 763 -4
668 764 4
761 857 -4
762 858 -4
763 859 -2
764 860 -2
857 953 2
858 954 -1
859 955 -1
860 956 4
953 1049 -1
954 1050 -1
955 1051 -2
956 1052 4
1049 1145 -1
1050 1146 2
1051 1147 -1
1052 1148 -4
