#
1 5 -1
1 6 4
1 7 -1
1 8 4
2 5 4
2 6 4
2 7 -1
2 8 2
3 5 -4
3 6 2
3 7 2
3 8 -4
4 5 2
4 6 4
4 7 -2
4 8 1
9 13 4
9 14 -2
9 15 -4
9 16 -2
10 13 1
10 14 -4
10 15 4
10 16 2
11 13 2
11 14 1
11 15 4
11 16 4
12 13 -1
12 14 -1
12 15 2
12 16 1
17 21 -4
17 22 -2
17 23 -4
17 24 -4
18 21 -4
18 22 -4
18 23 -4
18 24 -4
19 21 -1
19 22 -2
19 23 1
19 24 1
20 21 4
20 22 -4
20 23 1
20 24 4
25 29 -2
25 30 2
25 31 -2
25 32 -1
26 29 -1
26 30 -1
26 31 1
26 32 -2
27 29 2
27 30 2
27 31 1
27 32 4
28 29 -4
28 30 -1
28 31 -2
28 32 -1
33 37 -2
33 38 2
33 39 4
33 40 -4
34 37 -1
34 38 4
34 39 2
34 40 -1
35 37 -4
35 38 4
35 39 4
35 40 2
36 37 -2
36 38 4
36 39 -4
36 40 2
41 45 2
41 46 -1
41 47 -1
41 48 -2
42 45 1
42 46 4
42 47 -2
42 48 -4
43 45 1
43 46 4
43 47 -1
43 48 2
44 45 2
44 46 -2
44 47 -4
44 48 -2
49 53 -4
49 54 4
49 55 -4
49 56 -1
50 53 4
50 54 -4
50 55 2
50 56 4
51 53 -2
51 54 -1
51 55 4
51 56 1
52 53 1
52 54 -4
52 55 4
52 56 -2
57 61 -1
57 62 2
57 63 2
57 64 -2
58 61 4
58 62 1
58 63 1
58 64 -1
59 61 4
59 62 2
59 63 2
59 64 2
60 61 1
60 62 1
60 63 -1
60 64 2
65 69 2
65 70 -2
65 71 1
65 72 -1
66 69 -4
66 70 2
66 71 -1
66 72 -2
67 69 2
67 70 -2
67 71 4
67 72 4
68 69 -4
68 70 4
68 71 -1
68 72 1
73 77 -1
73 78 4
73 79 2
73 80 2
74 77 4
74 78 -2
74 79 -2
74 80 1
75 77 4
75 78 4
75 79 -2
75 80 2
76 77 2
76 78 2
76 79 -4
76 80 4
81 85 -1
81 86 2
81 87 -2
81 88 -2
82 85 2
82 86 4
82 87 4
82 88 2
83 85 -2
83 86 -1
83 87 4
83 88 -4
84 85 1
84 86 -1
84 87 4
84 88 -1
89 93 2
89 94 4
89 95 -2
89 96 -2
90 93 2
90 94 2
90 95 1
90 96 -4
91 93 1
91 94 -4
91 95 1
91 96 4
92 93 -1
92 94 -1
92 95 -1
92 96 -4
97 101 1
97 102 -1
97 103 -2
97 104 -2
98 101 -4
98 102 -2
98 103 -4
98 104 2
99 101 -1
99 102 -4
99 103 -4
99 104 2
100 101 -1
100 102 1
100 103 1
100 104 1
105 109 2
105 110 4
105 111 1
105 112 -1
106 109 2
106 110 2
106 111 2
106 112 -1
107 109 2
107 110 1
107 111 -2
107 112 -2
108 109 -2
108 110 -2
108 111 4
108 112 2
113 117 -2
113 118 -4
113 119 -2
113 120 -4
114 117 2
114 118 -4
114 119 -2
114 120 1
115 117 -2
115 118 -4
115 119 1
115 120 -2
116 117 -2
116 118 -1
116 119 -2
116 120 4
121 125 -2
121 126 2
121 127 -1
121 128 4
122 125 -4
122 126 4
122 127 2
122 128 -1
123 125 -1
123 126 4
123 127 4
123 128 -1
124 125 -4
124 126 -1
124 127 -4
124 128 2
129 133 -1
129 134 4
129 135 -2
129 136 -2
130 133 2
130 134 1
130 135 1
130 136 -4
131 133 -1
131 134 -4
131 135 -4
131 136 1
132 133 -1
132 134 -2
132 135 1
132 136 4
137 141 2
137 142 -2
137 143 4
137 144 -4
138 141 2
138 142 2
138 143 -4
138 144 -2
139 141 4
139 142 4
139 143 1
139 144 4
140 141 -4
140 142 -2
140 143 2
140 144 -1
145 149 -4
145 150 4
145 151 1
145 152 -1
146 149 4
146 150 4
146 151 4
146 152 2
147 149 -4
147 150 4
147 151 2
147 152 -4
148 149 1
148 150 4
148 151 -1
148 152 -4
153 157 2
153 158 2
153 159 2
153 160 -1
154 157 -2
154 158 -2
154 159 -2
154 160 -1
155 157 -2
155 158 -2
155 159 4
155 160 1
156 157 4
156 158 -2
156 159 -4
156 160 -2
161 165 1
161 166 1
161 167 -2
161 168 -1
162 165 4
162 166 4
162 167 -4
162 168 -1
163 165 -1
163 166 -2
163 167 4
163 168 4
164 165 2
164 166 4
164 167 -4
164 168 2
169 173 -2
169 174 1
169 175 -1
169 176 -4
170 173 1
170 174 -1
170 175 -2
170 176 2
171 173 -1
171 174 4
171 175 2
171 176 -2
172 173 1
172 174 -2
172 175 -2
172 176 1
177 181 4
177 182 -4
177 183 2
177 184 4
178 181 -4
178 182 4
178 183 -2
178 184 -2
179 181 -1
179 182 4
179 183 1
179 184 4
180 181 4
180 182 2
180 183 1
180 184 -4
185 189 4
185 190 4
185 191 2
185 192 -4
186 189 2
186 190 -4
186 191 2
186 192 4
187 189 4
187 190 1
187 191 -1
187 192 4
188 189 4
188 190 -2
188 191 -4
188 192 -1
193 197 -2
193 198 -2
193 199 1
193 200 -1
194 197 -4
194 198 -1
194 199 -2
194 200 -2
195 197 -1
195 198 -1
195 199 1
195 200 1
196 197 -4
196 198 -2
196 199 -1
196 200 1
201 205 -2
201 206 1
201 207 4
201 208 4
202 205 1
202 206 2
202 207 2
202 208 -1
203 205 -4
203 206 -2
203 207 -1
203 208 4
204 205 -2
204 206 -1
204 207 -1
204 208 2
209 213 1
209 214 -1
209 215 -1
209 216 4
210 213 2
210 214 -2
210 215 -4
210 216 -2
211 213 2
211 214 -2
211 215 2
211 216 -2
212 213 4
212 214 -1
212 215 4
212 216 -2
217 221 -4
217 222 -2
217 223 -1
217 224 -1
218 221 4
218 222 2
218 223 4
218 224 -4
219 221 4
219 222 1
219 223 4
219 224 -1
220 221 4
220 222 -2
220 223 2
220 224 -1
225 229 -2
225 230 4
225 231 -4
225 232 -2
226 229 -1
226 230 1
226 231 1
226 232 -4
227 229 -4
227 230 1
227 231 2
227 232 -2
228 229 -1
228 230 4
228 231 1
228 232 -4
233 237 -4
233 238 1
233 239 1
233 240 -2
234 237 -2
234 238 4
234 239 -2
234 240 1
235 237 2
235 238 2
235 239 2
235 240 -4
236 237 4
236 238 1
236 239 -4
236 240 -2
241 245 -1
241 246 -2
241 247 2
241 248 1
242 245 2
242 246 4
242 247 -4
242 248 -4
243 245 1
243 246 -2
243 247 -2
243 248 2
244 245 1
244 246 -2
244 247 2
244 248 4
249 253 -4
249 254 -2
249 255 -4
249 256 -1
250 253 2
250 254 -1
250 255 2
250 256 -4
251 253 -1
251 254 -1
251 255 2
251 256 -1
252 253 -1
252 254 -2
252 255 -1
252 256 -4
257 261 -2
257 262 2
257 263 -4
257 264 -2
258 261 4
258 262 1
258 263 -1
258 264 -2
259 261 -1
259 262 2
259 263 4
259 264 -2
260 261 -2
260 262 -4
260 263 -2
260 264 -1
265 269 -2
265 270 -4
265 271 -1
265 272 1
266 269 2
266 270 -4
266 271 4
266 272 2
267 269 -2
267 270 1
267 271 -2
267 272 2
268 269 -2
268 270 2
268 271 -4
268 272 -2
273 277 2
273 278 4
273 279 2
273 280 2
274 277 2
274 278 4
274 279 -4
274 280 1
275 277 -1
275 278 -1
275 279 -4
275 280 2
276 277 -4
276 278 -2
276 279 -2
276 280 4
281 285 1
281 286 1
281 287 1
281 288 2
282 285 -2
282 286 1
282 287 1
282 288 4
283 285 -1
283 286 4
283 287 -1
283 288 -4
284 285 -1
284 286 -4
284 287 4
284 288 -4
289 293 -2
289 294 2
289 295 2
289 296 -4
290 293 -1
290 294 -4
290 295 -1
290 296 -1
291 293 -1
291 294 -2
291 295 2
291 296 1
292 293 1
292 294 4
292 295 -2
292 296 -2
297 301 -4
297 302 -1
297 303 -1
297 304 4
298 301 4
298 302 2
298 303 -1
298 304 4
299 301 4
299 302 4
299 303 -4
299 304 4
300 301 -1
300 302 4
300 303 1
300 304 2
305 309 -2
305 310 1
305 311 1
305 312 -1
306 309 -1
306 310 -1
306 311 4
306 312 -2
307 309 -2
307 310 -2
307 311 -4
307 312 -1
308 309 2
308 310 -1
308 311 2
308 312 2
313 317 -2
313 318 4
313 319 4
313 320 4
314 317 1
314 318 4
314 319 2
314 320 -2
315 317 -2
315 318 2
315 319 4
315 320 1
316 317 4
316 318 -4
316 319 4
316 320 -2
321 325 -4
321 326 -1
321 327 2
321 328 -1
322 325 2
322 326 4
322 327 -4
322 328 -1
323 325 1
323 326 1
323 327 4
323 328 -2
324 325 -1
324 326 2
324 327 -2
324 328 2
329 333 -1
329 334 1
329 335 -4
329 336 -4
330 333 2
330 334 -1
330 335 -4
330 336 -4
331 333 -2
331 334 4
331 335 -1
331 336 -4
332 333 -2
332 334 -1
332 335 -1
332 336 1
337 341 -4
337 342 -1
337 343 -1
337 344 2
338 341 4
338 342 -1
338 343 1
338 344 1
339 341 -2
339 342 2
339 343 2
339 344 4
340 341 -1
340 342 -2
340 343 2
340 344 4
345 349 -2
345 350 4
345 351 -2
345 352 -4
346 349 4
346 350 -2
346 351 1
346 352 -1
347 349 2
347 350 1
347 351 -2
347 352 -2
348 349 -1
348 350 4
348 351 2
348 352 1
353 357 -2
353 358 1
353 359 4
353 360 1
354 357 1
354 358 -4
354 359 1
354 360 2
355 357 1
355 358 -4
355 359 4
355 360 1
356 357 1
356 358 4
356 359 -2
356 360 1
361 365 1
361 366 -1
361 367 4
361 368 -4
362 365 2
362 366 1
362 367 2
362 368 4
363 365 4
363 366 1
363 367 -1
363 368 2
364 365 -1
364 366 2
364 367 -2
364 368 -4
369 373 2
369 374 -2
369 375 -2
369 376 -1
370 373 1
370 374 -2
370 375 -2
370 376 2
371 373 4
371 374 1
371 375 -4
371 376 2
372 373 2
372 374 4
372 375 -1
372 376 2
377 381 -2
377 382 2
377 383 4
377 384 1
378 381 -4
378 382 -2
378 383 -4
378 384 1
379 381 2
379 382 -4
379 383 -2
379 384 2
380 381 -1
380 382 -2
380 383 -2
380 384 2
385 389 1
385 390 2
385 391 1
385 392 -2
386 389 -2
386 390 -4
386 391 -1
386 392 -1
387 389 -2
387 390 4
387 391 -4
387 392 4
388 389 -4
388 390 -2
388 391 1
388 392 4
393 397 1
393 398 -2
393 399 1
393 400 -4
394 397 -2
394 398 1
394 399 2
394 400 -1
395 397 -4
395 398 -2
395 399 -1
395 400 -2
396 397 2
396 398 -1
396 399 4
396 400 -1
401 405 2
401 406 1
401 407 2
401 408 1
402 405 -4
402 406 -4
402 407 2
402 408 -1
403 405 -4
403 406 4
403 407 -4
403 408 -1
404 405 -4
404 406 2
404 407 -2
404 408 -1
409 413 2
409 414 -2
409 415 -4
409 416 1
410 413 -2
410 414 4
410 415 2
410 416 4
411 413 4
411 414 -1
411 415 2
411 416 -2
412 413 -2
412 414 1
412 415 1
412 416 -4
417 421 -1
417 422 -1
417 423 1
417 424 -2
418 421 -1
418 422 -4
418 423 -4
418 424 -2
419 421 2
419 422 1
419 423 2
419 424 -4
420 421 -4
420 422 -1
420 423 2
420 424 -1
425 429 4
425 430 1
425 431 2
425 432 2
426 429 -1
426 430 4
426 431 1
426 432 1
427 429 1
427 430 -1
427 431 -4
427 432 -1
428 429 4
428 430 -1
428 431 4
428 432 -1
433 437 -2
433 438 -1
433 439 -4
433 440 2
434 437 -4
434 438 -1
434 439 -1
434 440 -1
435 437 4
435 438 -4
435 439 -2
435 440 4
436 437 -4
436 438 -1
436 439 4
436 440 2
441 445 -1
441 446 -1
441 447 4
441 448 -1
442 445 -4
442 446 -1
442 447 -1
442 448 -4
443 445 -2
443 446 2
443 447 -1
443 448 -4
444 445 -2
444 446 -2
444 447 1
444 448 1
449 453 1
449 454 1
449 455 -2
449 456 2
450 453 1
450 454 -1
450 455 1
450 456 -4
451 453 2
451 454 -2
451 455 2
451 456 -1
452 453 -1
452 454 2
452 455 -1
452 456 4
457 461 -2
457 462 1
457 463 -1
457 464 2
458 461 -4
458 462 2
458 463 1
458 464 -1
459 461 2
459 462 -4
459 463 4
459 464 1
460 461 1
460 462 -1
460 463 1
460 464 -2
465 469 2
465 470 -1
465 471 4
465 472 4
466 469 4
466 470 4
466 471 2
466 472 -1
467 469 -1
467 470 -4
467 471 -1
467 472 -4
468 469 2
468 470 -1
468 471 -2
468 472 -2
473 477 1
473 478 -1
473 479 -2
473 480 -4
474 477 4
474 478 -2
474 479 2
474 480 1
475 477 -1
475 478 1
475 479 -2
475 480 -2
476 477 -2
476 478 4
476 479 -1
476 480 -4
481 485 1
481 486 4
481 487 -2
481 488 2
482 485 -1
482 486 4
482 487 1
482 488 -4
483 485 1
483 486 4
483 487 -1
483 488 -2
484 485 2
484 486 -4
484 487 -2
484 488 4
489 493 -2
489 494 -2
489 495 -2
489 496 -1
490 493 4
490 494 2
490 495 -1
490 496 2
491 493 1
491 494 -2
491 495 -4
491 496 4
492 493 4
492 494 4
492 495 -1
492 496 4
497 501 -2
497 502 2
497 503 -2
497 504 -4
498 501 2
498 502 4
498 503 -2
498 504 -1
499 501 2
499 502 -1
499 503 -1
499 504 -4
500 501 -4
500 502 1
500 503 2
500 504 -2
505 509 -4
505 510 -2
505 511 -2
505 512 -2
506 509 -2
506 510 1
506 511 -2
506 512 -1
507 509 1
507 510 -4
507 511 -4
507 512 -1
508 509 1
508 510 2
508 511 -4
508 512 -4
513 517 2
513 518 -4
513 519 -2
513 520 -4
514 517 -2
514 518 2
514 519 1
514 520 4
515 517 1
515 518 1
515 519 1
515 520 -2
516 517 2
516 518 -2
516 519 2
516 520 1
521 525 -4
521 526 1
521 527 -2
521 528 -4
522 525 -4
522 526 -2
522 527 -4
522 528 4
523 525 4
523 526 -1
523 527 -1
523 528 -4
524 525 1
524 526 1
524 527 -2
524 528 1
529 533 -1
529 534 4
529 535 -2
529 536 2
530 533 4
530 534 2
530 535 -1
530 536 2
531 533 -2
531 534 1
531 535 -4
531 536 4
532 533 1
532 534 -4
532 535 4
532 536 4
537 541 2
537 542 -4
537 543 -4
537 544 4
538 541 -4
538 542 2
538 543 2
538 544 4
539 541 -1
539 542 2
539 543 2
539 544 -1
540 541 1
540 542 -1
540 543 1
540 544 -1
545 549 2
545 550 1
545 551 1
545 552 2
546 549 1
546 550 2
546 551 4
546 552 4
547 549 -1
547 550 2
547 551 1
547 552 -2
548 549 1
548 550 4
548 551 -4
548 552 -2
553 557 -2
553 558 2
553 559 4
553 560 1
554 557 -2
554 558 4
554 559 1
554 560 -1
555 557 -4
555 558 4
555 559 2
555 560 4
556 557 1
556 558 4
556 559 -2
556 560 4
561 565 -4
561 566 -1
561 567 -2
561 568 -1
562 565 2
562 566 -2
562 567 1
562 568 4
563 565 1
563 566 -2
563 567 -2
563 568 2
564 565 4
564 566 -4
564 567 -2
564 568 4
569 573 -4
569 574 -4
569 575 -1
569 576 -4
570 573 1
570 574 -1
570 575 -4
570 576 -4
571 573 2
571 574 -4
571 575 2
571 576 2
572 573 1
572 574 4
572 575 -4
572 576 -2
577 581 -4
577 582 4
577 583 1
577 584 -4
578 581 -2
578 582 4
578 583 1
578 584 -2
579 581 -4
579 582 1
579 583 -1
579 584 4
580 581 -4
580 582 2
580 583 4
580 584 1
585 589 1
585 590 1
585 591 -4
585 592 4
586 589 -4
586 590 1
586 591 1
586 592 1
587 589 4
587 590 -1
587 591 1
587 592 -1
588 589 2
588 590 4
588 591 1
588 592 -2
593 597 -2
593 598 2
593 599 -2
593 600 -1
594 597 4
594 598 4
594 599 4
594 600 -4
595 597 4
595 598 2
595 599 -1
595 600 -4
596 597 1
596 598 1
596 599 -4
596 600 -2
601 605 4
601 606 4
601 607 -4
601 608 -2
602 605 2
602 606 -2
602 607 4
602 608 2
603 605 -1
603 606 -4
603 607 -4
603 608 -1
604 605 -2
604 606 4
604 607 2
604 608 -4
609 613 -2
609 614 -2
609 615 -4
609 616 -4
610 613 1
610 614 4
610 615 4
610 616 4
611 613 1
611 614 2
611 615 4
611 616 4
612 613 -1
612 614 -2
612 615 2
612 616 1
617 621 4
617 622 -4
617 623 2
617 624 2
618 621 1
618 622 1
618 623 4
618 624 -2
619 621 2
619 622 2
619 623 -2
619 624 1
620 621 -2
620 622 2
620 623 2
620 624 1
625 629 2
625 630 2
625 631 1
625 632 -2
626 629 -2
626 630 1
626 631 1
626 632 -4
627 629 1
627 630 -1
627 631 2
627 632 -4
628 629 1
628 630 -1
628 631 -1
628 632 1
633 637 4
633 638 -1
633 639 2
633 640 2
634 637 -4
634 638 -4
634 639 -2
634 640 -4
635 637 -2
635 638 1
635 639 2
635 640 4
636 637 1
636 638 1
636 639 -4
636 640 4
641 645 -1
641 646 4
641 647 1
641 648 -4
642 645 -4
642 646 -2
642 647 4
642 648 1
643 645 4
643 646 -1
643 647 -1
643 648 1
644 645 4
644 646 -1
644 647 -1
644 648 1
649 653 -4
649 654 -2
649 655 2
649 656 1
650 653 -1
650 654 2
650 655 2
650 656 -2
651 653 -1
651 654 4
651 655 1
651 656 -1
652 653 2
652 654 -4
652 655 -2
652 656 2
657 661 1
657 662 2
657 663 1
657 664 -2
658 661 2
658 662 -2
658 663 -4
658 664 -2
659 661 -1
659 662 1
659 663 -4
659 664 -2
660 661 1
660 662 1
660 663 -4
660 664 -4
665 669 -1
665 670 1
665 671 -4
665 672 -4
666 669 -1
666 670 -2
666 671 -1
666 672 -2
667 669 -1
667 670 -4
667 671 2
667 672 1
668 669 2
668 670 4
668 671 -4
668 672 4
673 677 4
673 678 -2
673 679 -2
673 680 -2
674 677 -4
674 678 1
674 679 4
674 680 -1
675 677 4
675 678 4
675 679 -4
675 680 -2
676 677 2
676 678 -2
676 679 2
676 680 4
681 685 4
681 686 -4
681 687 4
681 688 1
682 685 -2
682 686 -2
682 687 4
682 688 4
683 685 4
683 686 2
683 687 -4
683 688 -2
684 685 2
684 686 4
684 687 -2
684 688 4
689 693 4
689 694 4
689 695 1
689 696 2
690 693 4
690 694 -4
690 695 1
690 696 -2
691 693 -1
691 694 -1
691 695 2
691 696 4
692 693 1
692 694 2
692 695 2
692 696 -2
697 701 2
697 702 -4
697 703 2
697 704 -2
698 701 -2
698 702 2
698 703 1
698 704 4
699 701 -1
699 702 2
699 703 -2
699 704 -2
700 701 1
700 702 2
700 703 4
700 704 -1
705 709 2
705 710 -1
705 711 -4
705 712 1
706 709 2
706 710 2
706 711 -4
706 712 -4
707 709 2
707 710 -4
707 711 -1
707 712 2
708 709 -4
708 710 -1
708 711 -2
708 712 -4
713 717 -4
713 718 -2
713 719 -4
713 720 -2
714 717 -4
714 718 -2
714 719 1
714 720 4
715 717 -2
715 718 1
715 719 1
715 720 1
716 717 4
716 718 -1
716 719 -4
716 720 4
721 725 2
721 726 1
721 727 -4
721 728 -4
722 725 -4
722 726 -1
722 727 4
722 728 4
723 725 -4
723 726 1
723 727 1
723 728 -1
724 725 -4
724 726 -4
724 727 -2
724 728 2
729 733 -4
729 734 -2
729 735 -2
729 736 2
730 733 2
730 734 -2
730 735 -1
730 736 -2
731 733 -1
731 734 2
731 735 4
731 736 4
732 733 2
732 734 4
732 735 -4
732 736 -2
737 741 4
737 742 -1
737 743 1
737 744 2
738 741 -1
738 742 -1
738 743 1
738 744 -1
739 741 4
739 742 -1
739 743 -2
739 744 2
740 741 1
740 742 -4
740 743 4
740 744 -2
745 749 -2
745 750 2
745 751 -1
745 752 1
746 749 -2
746 750 4
746 751 4
746 752 1
747 749 2
747 750 -4
747 751 -4
747 752 4
748 749 4
748 750 -4
748 751 1
748 752 -4
753 757 4
753 758 2
753 759 -4
753 760 1
754 757 -1
754 758 -2
754 759 2
754 760 1
755 757 -4
755 758 -2
755 759 2
755 760 1
756 757 4
756 758 2
756 759 4
756 760 -4
761 765 -4
761 766 2
761 767 -1
761 768 -1
762 765 -4
762 766 4
762 767 -4
762 768 -2
763 765 4
763 766 -1
763 767 4
763 768 -4
764 765 1
764 766 4
764 767 4
764 768 -2
769 773 4
769 774 2
769 775 2
769 776 2
770 773 -1
770 774 -1
770 775 1
770 776 -2
771 773 2
771 774 1
771 775 -4
771 776 4
772 773 4
772 774 -1
772 775 -1
772 776 2
777 781 -4
777 782 -4
777 783 -2
777 784 1
778 781 4
778 782 -1
778 783 2
778 784 -4
779 781 2
779 782 -4
779 783 1
779 784 -1
780 781 2
780 782 2
780 783 2
780 784 4
785 789 -2
785 790 -1
785 791 4
785 792 -1
786 789 1
786 790 4
786 791 1
786 792 -4
787 789 4
787 790 4
787 791 1
787 792 -2
788 789 1
788 790 -1
788 791 4
788 792 -1
793 797 -1
793 798 -4
793 799 4
793 800 4
794 797 4
794 798 -2
794 799 4
794 800 -1
795 797 4
795 798 -1
795 799 -4
795 800 2
796 797 -2
796 798 -2
796 799 2
796 800 -1
801 805 -4
801 806 1
801 807 1
801 808 -2
802 805 1
802 806 2
802 807 -1
802 808 1
803 805 4
803 806 -1
803 807 4
803 808 -4
804 805 1
804 806 4
804 807 2
804 808 2
809 813 1
809 814 -1
809 815 -4
809 816 4
810 813 2
810 814 -1
810 815 -1
810 816 -2
811 813 1
811 814 -1
811 815 1
811 816 1
812 813 1
812 814 4
812 815 4
812 816 -1
817 821 1
817 822 1
817 823 -1
817 824 4
818 821 -1
818 822 1
818 823 -2
818 824 2
819 821 4
819 822 1
819 823 1
819 824 2
820 821 -2
820 822 -2
820 823 2
820 824 4
825 829 -1
825 830 1
825 831 -1
825 832 -1
826 829 4
826 830 4
826 831 -4
826 832 4
827 829 -2
827 830 -4
827 831 -4
827 832 -4
828 829 -4
828 830 2
828 831 -1
828 832 4
833 837 2
833 838 1
833 839 -1
833 840 1
834 837 1
834 838 4
834 839 -2
834 840 -1
835 837 -1
835 838 1
835 839 -4
835 840 1
836 837 1
836 838 4
836 839 -2
836 840 -2
841 845 -1
841 846 4
841 847 -2
841 848 4
842 845 2
842 846 2
842 847 -4
842 848 -4
843 845 -1
843 846 1
843 847 4
843 848 -2
844 845 -2
844 846 1
844 847 4
844 848 -1
849 853 1
849 854 -1
849 855 -2
849 856 -2
850 853 4
850 854 4
850 855 -2
850 856 -2
851 853 4
851 854 4
851 855 2
851 856 -2
852 853 1
852 854 -1
852 855 -1
852 856 -1
857 861 1
857 862 2
857 863 1
857 864 -4
858 861 4
858 862 2
858 863 -2
858 864 -4
859 861 1
859 862 1
859 863 2
859 864 -2
860 861 4
860 862 2
860 863 2
860 864 -2
865 869 -2
865 870 1
865 871 2
865 872 -2
866 869 -1
866 870 -1
866 871 1
866 872 4
867 869 1
867 870 4
867 871 -1
867 872 2
868 869 -2
868 870 -1
868 871 -2
868 872 4
873 877 -1
873 878 4
873 879 -1
873 880 2
874 877 -1
874 878 -1
874 879 -4
874 880 4
875 877 -4
875 878 -4
875 879 4
875 880 -2
876 877 -1
876 878 -1
876 879 -2
876 880 -2
881 885 4
881 886 1
881 887 1
881 888 -2
882 885 -1
882 886 2
882 887 -2
882 888 4
883 885 1
883 886 2
883 887 -4
883 888 -4
884 885 2
884 886 2
884 887 -2
884 888 -1
889 893 -1
889 894 -2
889 895 4
889 896 4
890 893 2
890 894 -2
890 895 -1
890 896 4
891 893 -2
891 894 -1
891 895 4
891 896 -4
892 893 1
892 894 1
892 895 4
892 896 -1
897 901 -1
897 902 -2
897 903 1
897 904 -2
898 901 -1
898 902 -1
898 903 2
898 904 2
899 901 -4
899 902 4
899 903 1
899 904 -2
900 901 2
900 902 -1
900 903 4
900 904 -2
905 909 1
905 910 -2
905 911 4
905 912 -4
906 909 -4
906 910 4
906 911 -2
906 912 -4
907 909 4
907 910 -4
907 911 -2
907 912 -2
908 909 1
908 910 -2
908 911 1
908 912 -2
913 917 -4
913 918 2
913 919 2
913 920 -4
914 917 -4
914 918 -4
914 919 1
914 920 1
915 917 -1
915 918 2
915 919 4
915 920 -2
916 917 -4
916 918 -4
916 919 4
916 920 1
921 925 -1
921 926 -4
921 927 2
921 928 1
922 925 -1
922 926 -1
922 927 -2
922 928 4
923 925 1
923 926 2
923 927 2
923 928 -2
924 925 4
924 926 1
924 927 2
924 928 -1
929 933 4
929 934 2
929 935 -2
929 936 -2
930 933 -1
930 934 2
930 935 1
930 936 -2
931 933 -2
931 934 -4
931 935 -4
931 936 4
932 933 -2
932 934 2
932 935 -4
932 936 -1
937 941 -1
937 942 -1
937 943 4
937 944 -1
938 941 -4
938 942 4
938 943 -1
938 944 -2
939 941 2
939 942 1
939 943 -4
939 944 4
940 941 2
940 942 1
940 943 -1
940 944 -1
945 949 -4
945 950 -2
945 951 -2
945 952 1
946 949 1
946 950 -2
946 951 2
946 952 1
947 949 1
947 950 2
947 951 -2
947 952 4
948 949 1
948 950 2
948 951 4
948 952 1
953 957 -2
953 958 -4
953 959 1
953 960 2
954 957 1
954 958 -2
954 959 -4
954 960 -2
955 957 2
955 958 -4
955 959 4
955 960 -4
956 957 -2
956 958 2
956 959 -1
956 960 -4
961 965 2
961 966 2
961 967 2
961 968 2
962 965 4
962 966 2
962 967 2
962 968 4
963 965 -2
963 966 -2
963 967 4
963 968 4
964 965 -1
964 966 1
964 967 2
964 968 4
969 973 -1
969 974 -4
969 975 -4
969 976 1
970 973 2
970 974 -1
970 975 1
970 976 -2
971 973 2
971 974 2
971 975 -2
971 976 1
972 973 -1
972 974 -2
972 975 -1
972 976 -4
977 981 -4
977 982 -4
977 983 4
977 984 2
978 981 -4
978 982 4
978 983 -2
978 984 -4
979 981 1
979 982 -2
979 983 -1
979 984 -2
980 981 4
980 982 1
980 983 -1
980 984 4
985 989 1
985 990 -4
985 991 1
985 992 -2
986 989 -1
986 990 -2
986 991 2
986 992 4
987 989 -2
987 990 4
987 991 2
987 992 2
988 989 2
988 990 1
988 991 -4
988 992 -1
993 997 -4
993 998 -2
993 999 4
993 1000 4
994 997 2
994 998 -1
994 999 -1
994 1000 1
995 997 2
995 998 1
995 999 -1
995 1000 2
996 997 -1
996 998 -1
996 999 2
996 1000 1
1001 1005 -2
1001 1006 4
1001 1007 -2
1001 1008 4
1002 1005 -4
1002 1006 -4
1002 1007 4
1002 1008 -2
1003 1005 -1
1003 1006 -1
1003 1007 4
1003 1008 2
1004 1005 4
1004 1006 1
1004 1007 2
1004 1008 1
1009 1013 -4
1009 1014 -4
1009 1015 2
1009 1016 1
1010 1013 -2
1010 1014 1
1010 1015 -4
1010 1016 2
1011 1013 -4
1011 1014 2
1011 1015 -4
1011 1016 -2
1012 1013 -2
1012 1014 -2
1012 1015 -4
1012 1016 2
1017 1021 4
1017 1022 -4
1017 1023 -4
1017 1024 1
1018 1021 -2
1018 1022 -4
1018 1023 -4
1018 1024 1
1019 1021 1
1019 1022 -4
1019 1023 -1
1019 1024 -4
1020 1021 1
1020 1022 2
1020 1023 4
1020 1024 4
1025 1029 -1
1025 1030 4
1025 1031 2
1025 1032 -2
1026 1029 1
1026 1030 4
1026 1031 2
1026 1032 1
1027 1029 -4
1027 1030 1
1027 1031 -2
1027 1032 2
1028 1029 -1
1028 1030 2
1028 1031 4
1028 1032 2
1033 1037 -1
1033 1038 -4
1033 1039 -1
1033 1040 -2
1034 1037 2
1034 1038 -4
1034 1039 -1
1034 1040 2
1035 1037 1
1035 1038 -1
1035 1039 4
1035 1040 -2
1036 1037 1
1036 1038 1
1036 1039 1
1036 1040 -1
1041 1045 2
1041 1046 4
1041 1047 4
1041 1048 -4
1042 1045 -2
1042 1046 -2
1042 1047 -4
1042 1048 -4
1043 1045 2
1043 1046 4
1043 1047 -4
1043 1048 -2
1044 1045 2
1044 1046 -4
1044 1047 -4
1044 1048 4
1049 1053 -1
1049 1054 -4
1049 1055 2
1049 1056 2
1050 1053 -1
1050 1054 -2
1050 1055 -4
1050 1056 1
1051 1053 2
1051 1054 -1
1051 1055 -1
1051 1056 -4
1052 1053 2
1052 1054 2
1052 1055 2
1052 1056 4
1057 1061 1
1057 1062 1
1057 1063 -2
1057 1064 1
1058 1061 -2
1058 1062 -1
1058 1063 1
1058 1064 4
1059 1061 1
1059 1062 1
1059 1063 4
1059 1064 -2
1060 1061 -4
1060 1062 -1
1060 1063 4
1060 1064 2
1065 1069 -1
1065 1070 -2
1065 1071 2
1065 1072 4
1066 1069 4
1066 1070 1
1066 1071 -4
1066 1072 -1
1067 1069 4
1067 1070 -4
1067 1071 -4
1067 1072 2
1068 1069 1
1068 1070 4
1068 1071 1
1068 1072 2
1073 1077 4
1073 1078 1
1073 1079 1
1073 1080 -1
1074 1077 2
1074 1078 -4
1074 1079 1
1074 1080 -1
1075 1077 1
1075 1078 -2
1075 1079 4
1075 1080 -1
1076 1077 -2
1076 1078 -2
1076 1079 1
1076 1080 4
1081 1085 -1
1081 1086 -4
1081 1087 4
1081 1088 4
1082 1085 -4
1082 1086 2
1082 1087 -4
1082 1088 -2
1083 1085 4
1083 1086 -2
1083 1087 -2
1083 1088 4
1084 1085 4
1084 1086 -2
1084 1087 -1
1084 1088 2
1089 1093 2
1089 1094 2
1089 1095 4
1089 1096 -2
1090 1093 -2
1090 1094 -1
1090 1095 2
1090 1096 -4
1091 1093 4
1091 1094 2
1091 1095 1
1091 1096 -1
1092 1093 4
1092 1094 -2
1092 1095 4
1092 1096 -1
1097 1101 1
1097 1102 2
1097 1103 2
1097 1104 -4
1098 1101 -1
1098 1102 2
1098 1103 -2
1098 1104 2
1099 1101 -4
1099 1102 2
1099 1103 -2
1099 1104 2
1100 1101 2
1100 1102 1
1100 1103 1
1100 1104 -2
1105 1109 4
1105 1110 1
1105 1111 -1
1105 1112 2
1106 1109 -1
1106 1110 4
1106 1111 1
1106 1112 -1
1107 1109 -1
1107 1110 -2
1107 1111 1
1107 1112 -4
1108 1109 4
1108 1110 1
1108 1111 4
1108 1112 -4
1113 1117 1
1113 1118 1
1113 1119 -2
1113 1120 4
1114 1117 -4
1114 1118 -2
1114 1119 1
1114 1120 1
1115 1117 2
1115 1118 2
1115 1119 -4
1115 1120 4
1116 1117 -2
1116 1118 1
1116 1119 -2
1116 1120 4
1121 1125 -4
1121 1126 4
1121 1127 -4
1121 1128 4
1122 1125 2
1122 1126 -2
1122 1127 2
1122 1128 4
1123 1125 -2
1123 1126 2
1123 1127 -2
1123 1128 4
1124 1125 -2
1124 1126 -1
1124 1127 4
1124 1128 -4
1129 1133 -2
1129 1134 2
1129 1135 4
1129 1136 4
1130 1133 4
1130 1134 2
1130 1135 1
1130 1136 1
1131 1133 1
1131 1134 4
1131 1135 -1
1131 1136 -1
1132 1133 -4
1132 1134 -4
1132 1135 1
1132 1136 -4
1137 1141 -4
1137 1142 -2
1137 1143 -4
1137 1144 4
1138 1141 1
1138 1142 -2
1138 1143 -2
1138 1144 -1
1139 1141 -2
1139 1142 4
1139 1143 -1
1139 1144 2
1140 1141 1
1140 1142 -1
1140 1143 -1
1140 1144 -1
1145 1149 4
1145 1150 -2
1145 1151 -2
1145 1152 -1
1146 1149 -2
1146 1150 2
1146 1151 -4
1146 1152 2
1147 1149 4
1147 1150 1
1147 1151 1
1147 1152 -1
1148 1149 -4
1148 1150 4
1148 1151 -2
1148 1152 4
5 13 -2
6 14 2
7 15 -4
8 16 -4
13 21 2
14 22 2
15 23 1
16 24 4
21 29 2
22 30 -1
23 31 2
24 32 -1
29 37 -1
30 38 -1
31 39 2
32 40 -1
37 45 -4
38 46 1
39 47 4
40 48 -2
45 53 1
46 54 4
47 55 2
48 56 -4
53 61 -2
54 62 -1
55 63 2
56 64 1
61 69 -4
62 70 -1
63 71 -1
64 72 2
69 77 1
70 78 -4
71 79 1
72 80 -1
77 85 2
78 86 2
79 87 1
80 88 -4
85 93 4
86 94 4
87 95 -2
88 96 4
101 109 4
102 110 -1
103 111 4
104 112 -2
109 117 4
110 118 4
111 119 -4
112 120 1
117 125 -2
118 126 -2
119 127 -1
120 128 -1
125 133 1
126 134 -4
127 135 -2
128 136 2
133 141 -1
134 142 -4
135 143 4
136 144 -2
141 149 -4
142 150 -1
143 151 -4
144 152 -4
149 157 -2
150 158 -4
151 159 -1
152 160 1
157 165 -2
158 166 -2
159 167 -4
160 168 1
165 173 4
166 174 1
167 175 4
168 176 -1
173 181 -2
174 182 -4
175 183 -2
176 184 4
181 189 -1
182 190 -4
183 191 -2
184 192 4
197 205 4
198 206 -2
199 207 -4
200 208 -2
205 213 -4
206 214 4
207 215 -2
208 216 2
213 221 -4
214 222 -2
215 223 2
216 224 -1
221 229 4
222 230 2
223 231 4
224 232 -2
229 237 -4
230 238 -2
231 239 -1
232 240 4
237 245 -2
238 246 -2
239 247 -4
240 248 -1
245 253 2
246 254 4
247 255 4
248 256 -1
253 261 -2
254 262 -1
255 263 2
256 264 2
261 269 -1
262 270 4
263 271 -4
264 272 -4
269 277 2
270 278 4
271 279 2
272 280 1
277 285 -2
278 286 -4
279 287 2
280 288 -1
293 301 -1
294 302 -2
295 303 -1
296 304 -1
301 309 -1
302 310 -2
303 311 -1
304 312 -2
309 317 1
310 318 -2
311 319 2
312 320 4
317 325 2
318 326 1
319 327 -2
320 328 -2
325 333 1
326 334 4
327 335 1
328 336 1
333 341 2
334 342 4
335 343 2
336 344 1
341 349 4
342 350 -1
343 351 1
344 352 1
349 357 -4
350 358 1
351 359 -1
352 360 1
357 365 -2
358 366 1
359 367 -4
360 368 -4
365 373 1
366 374 2
367 375 -1
368 376 -2
373 381 4
374 382 1
375 383 -4
376 384 4
389 397 -2
390 398 1
391 399 -1
392 400 -1
397 405 -1
398 406 1
399 407 1
400 408 2
405 413 4
406 414 1
407 415 1
408 416 1
413 421 -2
414 422 2
415 423 1
416 424 -2
421 429 1
422 430 -2
423 431 4
424 432 2
429 437 -1
430 438 -1
431 439 -2
432 440 -2
437 445 -1
438 446 -2
439 447 -4
440 448 -4
445 453 2
446 454 -2
447 455 -4
448 456 2
453 461 -4
454 462 -1
455 463 2
456 464 -2
461 469 2
462 470 1
463 471 -1
464 472 1
469 477 4
470 478 2
471 479 -4
472 480 4
485 493 1
486 494 -4
487 495 -1
488 496 -2
493 501 2
494 502 2
495 503 1
496 504 1
501 509 -1
502 510 -4
503 511 -4
504 512 2
509 517 -1
510 518 2
511 519 4
512 520 4
517 525 4
518 526 4
519 527 -4
520 528 -4
525 533 1
526 534 4
527 535 2
528 536 4
533 541 -1
534 542 2
535 543 -4
536 544 4
541 549 4
542 550 -1
543 551 -1
544 552 1
549 557 1
550 558 1
551 559 -4
552 560 1
557 565 2
558 566 -1
559 567 1
560 568 -1
565 573 4
566 574 4
567 575 -4
568 576 4
581 589 -2
582 590 -1
583 591 -4
584 592 2
589 597 -1
590 598 -2
591 599 1
592 600 4
597 605 1
598 606 2
599 607 2
600 608 -4
605 613 1
606 614 -1
607 615 2
608 616 2
613 621 1
614 622 -4
615 623 1
616 624 -4
621 629 -1
622 630 1
623 631 4
624 632 -2
629 637 -2
630 638 -1
631 639 -1
632 640 -2
637 645 -2
638 646 1
639 647 4
640 648 -1
645 653 -2
646 654 1
647 655 1
648 656 4
653 661 -4
654 662 1
655 663 -2
656 664 1
661 669 -4
662 670 4
663 671 4
664 672 1
677 685 -1
678 686 1
679 687 -1
680 688 1
685 693 -2
686 694 -4
687 695 1
688 696 -2
693 701 -2
694 702 -2
695 703 2
696 704 4
701 709 -2
702 710 -4
703 711 -1
704 712 2
709 717 4
710 718 4
711 719 -4
712 720 -1
717 725 4
718 726 -1
719 727 4
720 728 -1
725 733 -2
726 734 4
727 735 -2
728 736 4
733 741 4
734 742 4
735 743 4
736 744 -1
741 749 4
742 750 -1
743 751 -2
744 752 1
749 757 -1
750 758 1
751 759 4
752 760 2
757 765 4
758 766 -4
759 767 1
760 768 1
773 781 -2
774 782 4
775 783 -2
776 784 -4
781 789 -4
782 790 -1
783 791 1
784 792 -1
789 797 -4
790 798 -1
791 799 -2
792 800 4
797 805 -4
798 806 -2
799 807 -2
800 808 -2
805 813 -1
806 814 -4
807 815 2
808 816 4
813 821 2
814 822 -1
815 823 -4
816 824 1
821 829 2
822 830 2
823 831 4
824 832 1
829 837 2
830 838 -2
831 839 4
832 840 1
837 845 -2
838 846 2
839 847 2
840 848 -1
845 853 -4
846 854 -4
847 855 4
848 856 -2
853 861 -1
854 862 -2
855 863 -1
856 864 -2
869 877 2
870 878 2
871 879 -2
872 880 4
877 885 -2
878 886 1
879 887 4
880 888 -2
885 893 -2
886 894 2
887 895 -1
888 896 -4
893 901 -2
894 902 -4
895 903 -1
896 904 4
901 909 4
902 910 2
903 911 -1
904 912 4
909 917 -2
910 918 -2
911 919 -4
912 920 -2
917 925 4
918 926 -2
919 927 -2
920 928 -2
925 933 -4
926 934 -4
927 935 -1
928 936 -4
933 941 -2
934 942 -1
935 943 -4
936 944 1
941 949 -1
942 950 2
943 951 2
944 952 4
949 957 -4
950 958 -4
951 959 -4
952 960 -1
965 973 1
966 974 -2
967 975 -4
968 976 4
973 981 -1
974 982 4
975 983 1
976 984 -4
981 989 4
982 990 1
983 991 2
984 992 1
989 997 -4
990 998 -2
991 999 1
992 1000 -2
997 1005 -1
998 1006 -2
999 1007 2
1000 1008 4
1005 1013 -1
1006 1014 -4
1007 1015 1
1008 1016 1
1013 1021 -2
1014 1022 -2
1015 1023 1
1016 1024 -2
1021 1029 1
1022 1030 -4
1023 1031 -2
1024 1032 2
1029 1037 -1
1030 1038 4
1031 1039 -4
1032 1040 2
1037 1045 1
1038 1046 1
1039 1047 2
1040 1048 -4
1045 1053 -1
1046 1054 -4
1047 1055 1
1048 1056 4
1061 1069 1
1062 1070 -1
1063 1071 1
1064 1072 2
1069 1077 2
1070 1078 -4
1071 1079 2
1072 1080 -1
1077 1085 1
1078 1086 -1
1079 1087 -2
1080 1088 -2
1085 1093 -2
1086 1094 -2
1087 1095 -1
1088 1096 -2
1093 1101 2
1094 1102 2
1095 1103 -1
1096 1104 -2
1101 1109 4
1102 1110 1
1103 1111 -1
1104 1112 -1
1109 1117 4
1110 1118 1
1111 1119 -4
1112 1120 -4
1117 1125 2
1118 1126 2
1119 1127 -1
1120 1128 4
1125 1133 2
1126 1134 -1
1127 1135 2
1128 1136 1
1133 1141 2
1134 1142 2
1135 1143 -1
1136 1144 4
1141 1149 1
1142 1150 -2
1143 1151 4
1144 1152 1
1 97 -4
2 98 1
3 99 4
4 100 1
97 193 -1
98 194 -1
99 195 -2
100 196 -4
193 289 -2
194 290 -2
195 291 -4
196 292 -2
289 385 -4
290 386 -2
291 387 2
292 388 -4
385 481 2
386 482 -4
387 483 1
388 484 2
481 577 4
482 578 2
483 579 2
484 580 -4
577 673 4
578 674 -1
579 675 -2
580 676 -4
673 769 -4
674 770 -2
675 771 4
676 772 -2
769 865 1
770 866 2
771 867 -2
772 868 -2
865 961 -1
866 962 -1
867 963 4
868 964 2
961 1057 4
962 1058 -2
963 1059 2
964 1060 2
9 105 2
10 106 4
11 107 -1
12 108 1
105 201 1
106 202 -4
107 203 -4
108 204 -1
201 297 1
202 298 -2
203 299 -2
204 300 -4
297 393 -2
298 394 1
299 395 -1
300 396 1
393 489 4
394 490 2
395 491 -4
396 492 4
489 585 4
490 586 -1
491 587 -4
492 588 4
585 681 2
586 682 4
587 683 4
588 684 -4
681 777 -4
682 778 4
683 779 2
684 780 -2
777 873 4
778 874 -4
779 875 -4
780 876 -1
873 969 4
874 970 -4
875 971 -2
876 972 4
969 1065 -1
970 1066 1
971 1067 -2
972 1068 -1
17 113 4
18 114 2
19 115 -4
20 116 2
113 209 -4
114 210 -4
115 211 2
116 212 -4
209 305 -1
210 306 -2
211 307 2
212 308 2
305 401 -2
306 402 -2
307 403 -1
308 404 4
401 497 1
402 498 -4
403 499 -2
404 500 2
497 593 2
498 594 4
499 595 -4
500 596 -4
593 689 -2
594 690 -2
595 691 -1
596 692 2
689 785 -2
690 786 1
691 787 1
692 788 -1
785 881 1
786 882 4
787 883 4
788 884 4
881 977 -2
882 978 -4
883 979 1
884 980 1
977 1073 1
978 1074 -4
979 1075 1
980 1076 4
25 121 4
26 122 2
27 123 2
28 124 -2
121 217 1
122 218 -1
123 219 1
124 220 2
217 313 1
218 314 2
219 315 4
220 316 1
313 409 4
314 410 1
315 411 -4
316 412 4
409 505 -1
410 506 4
411 507 2
412 508 1
505 601 -1
506 602 4
507 603 -2
508 604 -4
601 697 -1
602 698 -1
603 699 -1
604 700 1
697 793 -1
698 794 -1
699 795 -2
700 796 4
793 889 1
794 890 -1
795 891 4
796 892 -1
889 985 2
890 986 4
891 987 -2
892 988 4
985 1081 2
986 1082 1
987 1083 -4
988 1084 -4
33 129 2
34 130 -4
35 131 -2
36 132 1
129 225 -4
130 226 -1
131 227 -1
132 228 4
225 321 -2
226 322 -1
227 323 1
228 324 1
321 417 -4
322 418 1
323 419 -4
324 420 1
417 513 -1
418 514 4
419 515 -1
420 516 -2
513 609 -4
514 610 4
515 611 -1
516 612 -4
609 705 -1
610 706 -1
611 707 2
612 708 -1
705 801 1
706 802 2
707 803 4
708 804 -1
801 897 4
802 898 -4
803 899 -1
804 900 2
897 993 -2
898 994 2
899 995 4
900 996 -1
993 1089 4
994 1090 1
995 1091 -2
996 1092 2
41 137 4
42 138 -1
43 139 -2
44 140 1
137 233 -2
138 234 -1
139 235 -1
140 236 -4
233 329 2
234 330 1
235 331 2
236 332 1
329 425 -4
330 426 2
331 427 -1
332 428 -2
425 521 4
426 522 1
427 523 2
428 524 -4
521 617 -1
522 618 -1
523 619 -4
524 620 -2
617 713 -1
618 714 2
619 715 2
620 716 2
713 809 -4
714 810 -1
715 811 1
716 812 -4
809 905 -2
810 906 4
811 907 1
812 908 -2
905 1001 2
906 1002 2
907 1003 4
908 1004 4
1001 1097 2
1002 1098 -2
1003 1099 -4
1004 1100 -2
49 145 4
50 146 1
51 147 4
52 148 -4
145 241 -1
146 242 -2
147 243 -4
148 244 1
241 337 4
242 338 -2
243 339 1
244 340 1
337 433 -2
338 434 -2
339 435 4
340 436 4
433 529 2
434 530 -4
435 531 4
436 532 1
529 625 -4
530 626 -4
531 627 2
532 628 1
625 721 2
626 722 -4
627 723 -4
628 724 4
721 817 4
722 818 -4
723 819 -1
724 820 1
817 913 -1
818 914 4
819 915 -2
820 916 2
913 1009 -1
914 1010 1
915 1011 1
916 1012 1
1009 1105 -4
1010 1106 -1
1011 1107 4
1012 1108 -2
57 153 -4
58 154 -2
59 155 2
60 156 2
153 249 2
154 250 -2
155 251 -1
156 252 -4
249 345 -2
250 346 -4
251 347 4
252 348 -1
345 441 2
346 442 1
347 443 -4
348 444 2
441 537 2
442 538 4
443 539 2
444 540 -1
537 633 1
538 634 -4
539 635 2
540 636 1
633 729 1
634 730 -2
635 731 4
636 732 -1
729 825 1
730 826 -2
731 827 4
732 828 -4
825 921 -2
826 922 2
827 923 -1
828 924 1
921 1017 2
922 1018 -1
923 1019 4
924 1020 -2
1017 1113 1
1018 1114 -2
1019 1115 1
1020 1116 2
65 161 2
66 162 -2
67 163 4
68 164 -1
161 257 1
162 258 -1
163 259 4
164 260 -2
257 353 -2
258 354 -1
259 355 -1
260 356 -1
353 449 1
354 450 -1
355 451 -2
356 452 2
449 545 -2
450 546 -4
451 547 1
452 548 1
545 641 1
546 642 2
547 643 -2
548 644 -4
641 737 -4
642 738 -2
643 739 4
644 740 1
737 833 -1
738 834 -4
739 835 -1
740 836 1
833 929 -1
834 930 1
835 931 -2
836 932 -2
929 1025 2
930 1026 -2
931 1027 1
932 1028 2
1025 1121 -2
1026 1122 -4
1027 1123 -2
1028 1124 2
73 169 -1
74 170 -2
75 171 -2
76 172 1
169 265 1
170 266 2
171 267 4
172 268 -2
265 361 -4
266 362 1
267 363 4
268 364 -2
361 457 -4
362 458 -4
363 459 2
364 460 2
457 553 4
458 554 -4
459 555 1
460 556 -1
553 649 2
554 650 -2
555 651 4
556 652 -2
649 745 -1
650 746 -2
651 747 -2
652 748 2
745 841 4
746 842 -2
747 843 -2
748 844 -1
841 937 1
842 938 2
843 939 -4
844 940 -2
937 1033 1
938 1034 -1
939 1035 4
940 1036 -4
1033 1129 1
1034 1130 1
1035 1131 4
1036 1132 4
81 177 -4
82 178 1
83 179 2
84 180 1
177 273 -4
178 274 -1
179 275 1
180 276 2
273 369 -2
274 370 2
275 371 1
276 372 -4
369 465 2
370 466 4
371 467 -1
372 468 -4
465 561 -1
466 562 4
467 563 -1
468 564 -2
561 657 -2
562 658 -4
563 659 2
564 660 -1
657 753 1
658 754 4
659 755 -4
660 756 -4
753 849 -4
754 850 1
755 851 4
756 852 4
849 945 4
850 946 -2
851 947 1
852 948 2
945 1041 4
946 1042 -4
947 1043 1
948 1044 -2
1041 1137 4
1042 1138 1
1043 1139 -2
1044 1140 -2
89 185 2
90 186 -4
91 187 -2
92 188 -2
185 281 4
186 282 -1
187 283 -1
188 284 4
281 377 -4
282 378 2
283 379 4
284 380 1
377 473 4
378 474 2
379 475 -1
380 476 4
473 569 -2
474 570 4
475 571 -2
476 572 -4
569 665 2
570 666 -4
571 667 1
572 668 -4
665 761 1
666 762 2
667 763 -2
668 764 4
761 857 4
762 858 -4
763 859 -2
764 860 -1
857 953 -2
858 954 1
859 955 -4
860 956 2
953 1049 -1
954 1050 2
955 1051 4
956 1052 -1
1049 1145 -2
1050 1146 -4
1051 1147 1
1052 1148 4
