#
1 5 -1
1 6 1
1 7 -1
1 8 -2
2 5 -2
2 6 -1
2 7 -2
2 8 4
3 5 -4
3 6 1
3 7 1
3 8 4
4 5 4
4 6 -1
4 7 4
4 8 -1
9 13 -2
9 14 2
9 15 1
9 16 1
10 13 -2
10 14 -2
10 15 -1
10 16 2
11 13 -4
11 14 -1
11 15 4
11 16 -2
12 13 -2
12 14 4
12 15 -4
12 16 -2
17 21 -2
17 22 2
17 23 -2
17 24 -4
18 21 -2
18 22 2
18 23 1
18 24 1
19 21 -4
19 22 -1
19 23 1
19 24 -1
20 21 2
20 22 1
20 23 4
20 24 -2
25 29 -4
25 30 -2
25 31 2
25 32 -1
26 29 4
26 30 -2
26 31 1
26 32 2
27 29 -1
27 30 2
27 31 -4
27 32 -4
28 29 -4
28 30 -2
28 31 -4
28 32 -2
33 37 -1
33 38 -2
33 39 1
33 40 2
34 37 -2
34 38 -1
34 39 -2
34 40 2
35 37 4
35 38 -2
35 39 1
35 40 4
36 37 -2
36 38 -1
36 39 -2
36 40 -1
41 45 1
41 46 4
41 47 2
41 48 4
42 45 1
42 46 -2
42 47 1
42 48 -4
43 45 1
43 46 1
43 47 2
43 48 -1
44 45 1
44 46 4
44 47 2
44 48 -2
49 53 -2
49 54 2
49 55 1
49 56 -1
50 53 -4
50 54 -2
50 55 -4
50 56 4
51 53 -1
51 54 4
51 55 -2
51 56 -4
52 53 2
52 54 2
52 55 4
52 56 2
57 61 -4
57 62 2
57 63 -2
57 64 -4
58 61 -4
58 62 -1
58 63 2
58 64 -2
59 61 2
59 62 4
59 63 -4
59 64 4
60 61 -4
60 62 1
60 63 4
60 64 1
65 69 4
65 70 2
65 71 1
65 72 2
66 69 -4
66 70 2
66 71 4
66 72 1
67 69 4
67 70 2
67 71 -1
67 72 1
68 69 -2
68 70 -2
68 71 -4
68 72 -4
73 77 2
73 78 2
73 79 -2
73 80 -2
74 77 -4
74 78 4
74 79 -4
74 80 2
75 77 1
75 78 -1
75 79 -2
75 80 -4
76 77 -4
76 78 4
76 79 -4
76 80 2
81 85 2
81 86 -4
81 87 4
81 88 4
82 85 4
82 86 -1
82 87 1
82 88 4
83 85 -2
83 86 -2
83 87 1
83 88 -4
84 85 2
84 86 2
84 87 -2
84 88 2
89 93 1
89 94 2
89 95 -4
89 96 -2
90 93 -2
90 94 4
90 95 -2
90 96 2
91 93 4
91 94 2
91 95 2
91 96 -4
92 93 4
92 94 2
92 95 -2
92 96 1
97 101 1
97 102 2
97 103 4
97 104 4
98 101 2
98 102 2
98 103 -4
98 104 2
99 101 1
99 102 4
99 103 4
99 104 -1
100 101 -2
100 102 -2
100 103 1
100 104 4
105 109 2
105 110 1
105 111 4
105 112 4
106 109 -1
106 110 1
106 111 -1
106 112 2
107 109 -2
107 110 -1
107 111 4
107 112 1
108 109 4
108 110 -1
108 111 2
108 112 2
113 117 -1
113 118 2
113 119 -4
113 120 -1
114 117 -4
114 118 -1
114 119 -1
114 120 2
115 117 -2
115 118 1
115 119 -2
115 120 -2
116 117 -1
116 118 -1
116 119 2
116 120 -1
121 125 -2
121 126 4
121 127 1
121 128 -1
122 125 -2
122 126 -1
122 127 1
122 128 -1
123 125 1
123 126 1
123 127 4
123 128 -4
124 125 4
124 126 -1
124 127 -4
124 128 -2
129 133 2
129 134 4
129 135 4
129 136 4
130 133 -2
130 134 -1
130 135 -1
130 136 -1
131 133 -2
131 134 -4
131 135 2
131 136 1
132 133 1
132 134 1
132 135 -2
132 136 2
137 141 -2
137 142 1
137 143 2
137 144 4
138 141 -2
138 142 -2
138 143 -4
138 144 -2
139 141 2
139 142 -4
139 143 4
139 144 4
140 141 1
140 142 -1
140 143 -2
140 144 -2
145 149 4
145 150 1
145 151 1
145 152 -4
146 149 1
146 150 -4
146 151 2
146 152 2
147 149 -1
147 150 2
147 151 -1
147 152 -1
148 149 1
148 150 4
148 151 1
148 152 -4
153 157 -4
153 158 -2
153 159 -2
153 160 2
154 157 -1
154 158 2
154 159 -4
154 160 -2
155 157 2
155 158 1
155 159 2
155 160 -4
156 157 2
156 158 1
156 159 1
156 160 1
161 165 2
161 166 4
161 167 2
161 168 4
162 165 1
162 166 2
162 167 2
162 168 2
163 165 4
163 166 -1
163 167 2
163 168 -1
164 165 -1
164 166 4
164 167 -1
164 168 1
169 173 4
169 174 -1
169 175 -4
169 176 1
170 173 -4
170 174 -4
170 175 -4
170 176 -4
171 173 4
171 174 4
171 175 -1
171 176 -1
172 173 4
172 174 2
172 175 -2
172 176 1
177 181 2
177 182 -4
177 183 -2
177 184 2
178 181 -4
178 182 4
178 183 -4
178 184 2
179 181 4
179 182 1
179 183 2
179 184 2
180 181 -1
180 182 -2
180 183 2
180 184 2
185 189 -1
185 190 1
185 191 2
185 192 -1
186 189 2
186 190 -2
186 191 4
186 192 1
187 189 1
187 190 -1
187 191 1
187 192 -1
188 189 4
188 190 -1
188 191 2
188 192 4
193 197 -1
193 198 1
193 199 2
193 200 -2
194 197 -2
194 198 4
194 199 4
194 200 -2
195 197 -2
195 198 1
195 199 -2
195 200 1
196 197 1
196 198 2
196 199 -2
196 200 1
201 205 -1
201 206 4
201 207 -2
201 208 -4
202 205 -2
202 206 4
202 207 2
202 208 -4
203 205 4
203 206 -2
203 207 -4
203 208 -2
204 205 4
204 206 2
204 207 -1
204 208 4
209 213 1
209 214 4
209 215 -1
209 216 -4
210 213 -4
210 214 -4
210 215 -1
210 216 -2
211 213 -4
211 214 -4
211 215 4
211 216 -1
212 213 4
212 214 -1
212 215 -1
212 216 -4
217 221 -2
217 222 -4
217 223 -4
217 224 1
218 221 1
218 222 2
218 223 -4
218 224 -4
219 221 -2
219 222 1
219 223 -4
219 224 4
220 221 -2
220 222 2
220 223 1
220 224 -4
225 229 -1
225 230 1
225 231 -1
225 232 1
226 229 1
226 230 -1
226 231 2
226 232 4
227 229 2
227 230 2
227 231 -4
227 232 4
228 229 1
228 230 -1
228 231 -4
228 232 -1
233 237 2
233 238 -1
233 239 1
233 240 -1
234 237 -1
234 238 2
234 239 -1
234 240 1
235 237 -1
235 238 -2
235 239 -1
235 240 4
236 237 4
236 238 -4
236 239 2
236 240 4
241 245 -1
241 246 1
241 247 -4
241 248 4
242 245 1
242 246 -4
242 247 -2
242 248 1
243 245 -1
243 246 1
243 247 4
243 248 -2
244 245 -4
244 246 -2
244 247 2
244 248 -4
249 253 1
249 254 -4
249 255 -1
249 256 -4
250 253 -1
250 254 2
250 255 -4
250 256 -2
251 253 -1
251 254 -4
251 255 -2
251 256 4
252 253 -4
252 254 1
252 255 -4
252 256 2
257 261 1
257 262 1
257 263 4
257 264 1
258 261 -2
258 262 -1
258 263 1
258 264 -2
259 261 4
259 262 2
259 263 -1
259 264 -1
260 261 2
260 262 1
260 263 4
260 264 1
265 269 1
265 270 2
265 271 -1
265 272 4
266 269 1
266 270 4
266 271 4
266 272 2
267 269 -2
267 270 4
267 271 1
267 272 -2
268 269 -2
268 270 -4
268 271 -2
268 272 4
273 277 -2
273 278 1
273 279 2
273 280 4
274 277 -1
274 278 2
274 279 -1
274 280 -2
275 277 -2
275 278 2
275 279 1
275 280 4
276 277 -1
276 278 2
276 279 2
276 280 -2
281 285 -4
281 286 4
281 287 -4
281 288 2
282 285 2
282 286 -4
282 287 1
282 288 -4
283 285 -4
283 286 4
283 287 1
283 288 -4
284 285 -2
284 286 1
284 287 -1
284 288 -4
289 293 -2
289 294 -2
289 295 1
289 296 1
290 293 4
290 294 1
290 295 1
290 296 -4
291 293 -2
291 294 -1
291 295 -4
291 296 -4
292 293 -2
292 294 1
292 295 2
292 296 4
297 301 1
297 302 -4
297 303 4
297 304 1
298 301 1
298 302 -2
298 303 4
298 304 2
299 301 2
299 302 -4
299 303 4
299 304 -4
300 301 -1
300 302 1
300 303 4
300 304 -4
305 309 4
305 310 4
305 311 1
305 312 4
306 309 1
306 310 2
306 311 -1
306 312 2
307 309 -2
307 310 2
307 311 4
307 312 -4
308 309 -1
308 310 -1
308 311 -1
308 312 -1
313 317 -4
313 318 -4
313 319 -1
313 320 -4
314 317 -2
314 318 1
314 319 -1
314 320 4
315 317 -4
315 318 -4
315 319 2
315 320 2
316 317 -2
316 318 -2
316 319 -2
316 320 -2
321 325 4
321 326 -1
321 327 -1
321 328 -2
322 325 -2
322 326 4
322 327 -2
322 328 -4
323 325 -2
323 326 -2
323 327 -2
323 328 -2
324 325 1
324 326 -2
324 327 2
324 328 2
329 333 -4
329 334 -2
329 335 -1
329 336 1
330 333 -4
330 334 -2
330 335 -1
330 336 1
331 333 -1
331 334 1
331 335 -2
331 336 1
332 333 1
332 334 -4
332 335 2
332 336 2
337 341 2
337 342 -4
337 343 -2
337 344 2
338 341 -2
338 342 4
338 343 -4
338 344 1
339 341 4
339 342 4
339 343 4
339 344 -4
340 341 -2
340 342 -4
340 343 -1
340 344 -2
345 349 -2
345 350 4
345 351 -2
345 352 -2
346 349 1
346 350 -4
346 351 -4
346 352 -1
347 349 -1
347 350 4
347 351 1
347 352 -1
348 349 -1
348 350 -2
348 351 -4
348 352 4
353 357 4
353 358 -2
353 359 -2
353 360 -4
354 357 -4
354 358 -4
354 359 2
354 360 4
355 357 -2
355 358 1
355 359 -1
355 360 -2
356 357 1
356 358 4
356 359 4
356 360 4
361 365 1
361 366 2
361 367 -4
361 368 1
362 365 1
362 366 -4
362 367 1
362 368 -2
363 365 -4
363 366 1
363 367 1
363 368 2
364 365 -4
364 366 1
364 367 -2
364 368 -2
369 373 4
369 374 -2
369 375 -2
369 376 1
370 373 4
370 374 -1
370 375 -1
370 376 1
371 373 2
371 374 4
371 375 4
371 376 -2
372 373 -1
372 374 -4
372 375 -4
372 376 -2
377 381 1
377 382 -4
377 383 1
377 384 -4
378 381 1
378 382 1
378 383 -2
378 384 4
379 381 -1
379 382 -4
379 383 2
379 384 -1
380 381 -1
380 382 -4
380 383 -4
380 384 -2
385 389 1
385 390 2
385 391 2
385 392 1
386 389 4
386 390 4
386 391 -1
386 392 1
387 389 -2
387 390 1
387 391 -2
387 392 4
388 389 4
388 390 4
388 391 1
388 392 -4
393 397 1
393 398 4
393 399 -1
393 400 2
394 397 2
394 398 -4
394 399 2
394 400 4
395 397 -4
395 398 -2
395 399 1
395 400 -4
396 397 -1
396 398 2
396 399 1
396 400 -1
401 405 -4
401 406 -2
401 407 -2
401 408 -1
402 405 2
402 406 -2
402 407 1
402 408 -4
403 405 4
403 406 -4
403 407 -4
403 408 -4
404 405 4
404 406 4
404 407 4
404 408 -1
409 413 1
409 414 -1
409 415 -1
409 416 4
410 413 2
410 414 -1
410 415 -4
410 416 4
411 413 -1
411 414 -2
411 415 -2
411 416 -2
412 413 1
412 414 -2
412 415 -4
412 416 -2
417 421 2
417 422 -1
417 423 2
417 424 4
418 421 2
418 422 -1
418 423 2
418 424 -4
419 421 -2
419 422 -1
419 423 -2
419 424 4
420 421 -4
420 422 1
420 423 1
420 424 4
425 429 1
425 430 -2
425 431 -2
425 432 -2
426 429 -2
426 430 4
426 431 1
426 432 -1
427 429 -1
427 430 4
427 431 2
427 432 -1
428 429 -4
428 430 2
428 431 2
428 432 2
433 437 4
433 438 -2
433 439 -1
433 440 -1
434 437 -2
434 438 -4
434 439 -4
434 440 -1
435 437 1
435 438 2
435 439 2
435 440 -1
436 437 -2
436 438 -2
436 439 2
436 440 -2
441 445 1
441 446 1
441 447 2
441 448 4
442 445 -1
442 446 2
442 447 -1
442 448 -4
443 445 -1
443 446 1
443 447 -1
443 448 4
444 445 4
444 446 -1
444 447 4
444 448 -4
449 453 -4
449 454 -4
449 455 2
449 456 -4
450 453 -1
450 454 2
450 455 2
450 456 -2
451 453 4
451 454 4
451 455 4
451 456 1
452 453 -2
452 454 -2
452 455 -4
452 456 -4
457 461 2
457 462 -1
457 463 1
457 464 -1
458 461 4
458 462 -4
458 463 -2
458 464 -4
459 461 2
459 462 -1
459 463 -1
459 464 -1
460 461 -1
460 462 4
460 463 1
460 464 -1
465 469 4
465 470 1
465 471 1
465 472 -4
466 469 -1
466 470 -2
466 471 2
466 472 -2
467 469 -1
467 470 1
467 471 -1
467 472 -2
468 469 1
468 470 -2
468 471 -2
468 472 2
473 477 -2
473 478 1
473 479 2
473 480 2
474 477 1
474 478 -2
474 479 -2
474 480 -2
475 477 4
475 478 4
475 479 2
475 480 4
476 477 -1
476 478 -4
476 479 2
476 480 -1
481 485 -1
481 486 -2
481 487 4
481 488 2
482 485 -2
482 486 2
482 487 -4
482 488 -2
483 485 4
483 486 -2
483 487 -4
483 488 1
484 485 4
484 486 -2
484 487 2
484 488 -4
489 493 4
489 494 -2
489 495 -2
489 496 -1
490 493 -4
490 494 -1
490 495 1
490 496 -4
491 493 1
491 494 2
491 495 4
491 496 -1
492 493 4
492 494 -1
492 495 1
492 496 4
497 501 4
497 502 -4
497 503 -4
497 504 1
498 501 -2
498 502 -4
498 503 2
498 504 2
499 501 -1
499 502 -2
499 503 1
499 504 1
500 501 1
500 502 2
500 503 1
500 504 2
505 509 4
505 510 -1
505 511 -1
505 512 -2
506 509 2
506 510 -1
506 511 4
506 512 -4
507 509 -2
507 510 -4
507 511 -4
507 512 2
508 509 -2
508 510 4
508 511 -2
508 512 2
513 517 -1
513 518 1
513 519 -2
513 520 -2
514 517 2
514 518 4
514 519 2
514 520 -2
515 517 2
515 518 4
515 519 -4
515 520 4
516 517 1
516 518 -4
516 519 2
516 520 -2
521 525 -2
521 526 -4
521 527 -4
521 528 -4
522 525 4
522 526 4
522 527 4
522 528 -1
523 525 -1
523 526 1
523 527 4
523 528 4
524 525 -4
524 526 4
524 527 -4
524 528 4
529 533 -2
529 534 2
529 535 -2
529 536 1
530 533 2
530 534 2
530 535 2
530 536 -4
531 533 -4
531 534 1
531 535 -2
531 536 2
532 533 4
532 534 -4
532 535 -1
532 536 -1
537 541 -4
537 542 -4
537 543 -1
537 544 4
538 541 2
538 542 1
538 543 -4
538 544 1
539 541 2
539 542 1
539 543 -4
539 544 1
540 541 4
540 542 1
540 543 1
540 544 -4
545 549 -2
545 550 -2
545 551 -4
545 552 -1
546 549 -1
546 550 2
546 551 1
546 552 2
547 549 -2
547 550 1
547 551 -4
547 552 1
548 549 -2
548 550 -1
548 551 -1
548 552 4
553 557 2
553 558 4
553 559 4
553 560 1
554 557 4
554 558 -2
554 559 1
554 560 -4
555 557 2
555 558 -4
555 559 1
555 560 -2
556 557 -2
556 558 4
556 559 -4
556 560 -2
561 565 4
561 566 -2
561 567 -1
561 568 4
562 565 -4
562 566 -4
562 567 -2
562 568 -2
563 565 1
563 566 -4
563 567 -1
563 568 -2
564 565 -4
564 566 -2
564 567 -4
564 568 -2
569 573 -4
569 574 1
569 575 2
569 576 4
570 573 1
570 574 4
570 575 1
570 576 -2
571 573 4
571 574 -2
571 575 -2
571 576 -4
572 573 -2
572 574 -2
572 575 2
572 576 4
577 581 -1
577 582 -1
577 583 2
577 584 2
578 581 -1
578 582 2
578 583 4
578 584 -4
579 581 -1
579 582 1
579 583 -2
579 584 -2
580 581 2
580 582 -4
580 583 2
580 584 1
585 589 -4
585 590 -4
585 591 2
585 592 2
586 589 -1
586 590 -2
586 591 -4
586 592 2
587 589 -2
587 590 -4
587 591 2
587 592 2
588 589 -1
588 590 -2
588 591 -1
588 592 -2
593 597 -1
593 598 -2
593 599 -1
593 600 -4
594 597 -4
594 598 -2
594 599 4
594 600 -4
595 597 4
595 598 2
595 599 2
595 600 2
596 597 1
596 598 -1
596 599 4
596 600 -1
601 605 -4
601 606 -1
601 607 4
601 608 2
602 605 -4
602 606 4
602 607 -4
602 608 2
603 605 -4
603 606 -4
603 607 2
603 608 1
604 605 -1
604 606 2
604 607 4
604 608 2
609 613 2
609 614 -1
609 615 -1
609 616 4
610 613 -1
610 614 2
610 615 2
610 616 -2
611 613 2
611 614 -1
611 615 -1
611 616 -4
612 613 4
612 614 2
612 615 -1
612 616 2
617 621 2
617 622 2
617 623 -1
617 624 -1
618 621 2
618 622 -1
618 623 -2
618 624 4
619 621 -1
619 622 -2
619 623 -2
619 624 -4
620 621 2
620 622 1
620 623 2
620 624 4
625 629 2
625 630 2
625 631 2
625 632 4
626 629 2
626 630 -4
626 631 -1
626 632 -4
627 629 -4
627 630 -1
627 631 1
627 632 -2
628 629 -2
628 630 4
628 631 -4
628 632 1
633 637 -4
633 638 4
633 639 -1
633 640 -1
634 637 2
634 638 4
634 639 4
634 640 -4
635 637 -1
635 638 -4
635 639 4
635 640 2
636 637 -4
636 638 1
636 639 -1
636 640 4
641 645 1
641 646 -2
641 647 -1
641 648 1
642 645 -2
642 646 1
642 647 -4
642 648 4
643 645 1
643 646 1
643 647 -4
643 648 1
644 645 1
644 646 -1
644 647 -2
644 648 -4
649 653 -1
649 654 -2
649 655 1
649 656 -4
650 653 -2
650 654 4
650 655 4
650 656 -4
651 653 1
651 654 1
651 655 -2
651 656 1
652 653 -4
652 654 -1
652 655 1
652 656 -2
657 661 4
657 662 -1
657 663 1
657 664 -4
658 661 1
658 662 2
658 663 -4
658 664 2
659 661 -1
659 662 -4
659 663 -4
659 664 -2
660 661 -1
660 662 -4
660 663 1
660 664 -1
665 669 1
665 670 -4
665 671 1
665 672 1
666 669 -4
666 670 2
666 671 -2
666 672 1
667 669 -2
667 670 2
667 671 -4
667 672 1
668 669 4
668 670 -4
668 671 -4
668 672 1
673 677 2
673 678 1
673 679 2
673 680 -2
674 677 -2
674 678 -4
674 679 -4
674 680 4
675 677 4
675 678 2
675 679 2
675 680 -2
676 677 2
676 678 4
676 679 4
676 680 2
681 685 2
681 686 -2
681 687 2
681 688 -4
682 685 -4
682 686 -1
682 687 1
682 688 1
683 685 -1
683 686 -2
683 687 4
683 688 4
684 685 1
684 686 4
684 687 4
684 688 2
689 693 -1
689 694 4
689 695 -4
689 696 -1
690 693 4
690 694 4
690 695 1
690 696 -1
691 693 -1
691 694 1
691 695 4
691 696 -1
692 693 -1
692 694 -1
692 695 1
692 696 2
697 701 2
697 702 -4
697 703 2
697 704 -1
698 701 -4
698 702 -4
698 703 -4
698 704 -4
699 701 2
699 702 -2
699 703 4
699 704 -1
700 701 1
700 702 4
700 703 1
700 704 -4
705 709 -4
705 710 1
705 711 -2
705 712 4
706 709 -2
706 710 4
706 711 -2
706 712 -4
707 709 -1
707 710 -2
707 711 4
707 712 -4
708 709 -2
708 710 -2
708 711 -1
708 712 4
713 717 4
713 718 4
713 719 -2
713 720 2
714 717 4
714 718 1
714 719 -2
714 720 -2
715 717 1
715 718 2
715 719 -2
715 720 4
716 717 1
716 718 4
716 719 1
716 720 1
721 725 1
721 726 1
721 727 2
721 728 1
722 725 -1
722 726 -2
722 727 -4
722 728 2
723 725 -2
723 726 2
723 727 4
723 728 -2
724 725 -4
724 726 -4
724 727 -2
724 728 1
729 733 -1
729 734 -1
729 735 4
729 736 -1
730 733 4
730 734 -2
730 735 -1
730 736 4
731 733 -2
731 734 4
731 735 -4
731 736 4
732 733 -2
732 734 2
732 735 1
732 736 -1
737 741 -4
737 742 2
737 743 2
737 744 -2
738 741 2
738 742 4
738 743 1
738 744 4
739 741 2
739 742 -1
739 743 -1
739 744 -4
740 741 -2
740 742 -4
740 743 -4
740 744 -1
745 749 -4
745 750 1
745 751 1
745 752 4
746 749 1
746 750 4
746 751 -1
746 752 -2
747 749 -4
747 750 -2
747 751 4
747 752 2
748 749 -1
748 750 2
748 751 4
748 752 1
753 757 -4
753 758 -1
753 759 4
753 760 -2
754 757 -2
754 758 -4
754 759 1
754 760 -2
755 757 2
755 758 2
755 759 1
755 760 1
756 757 2
756 758 1
756 759 -4
756 760 1
761 765 4
761 766 -2
761 767 4
761 768 -2
762 765 -4
762 766 1
762 767 -2
762 768 2
763 765 -1
763 766 4
763 767 2
763 768 4
764 765 -4
764 766 4
764 767 4
764 768 2
769 773 1
769 774 1
769 775 -2
769 776 1
770 773 1
770 774 -1
770 775 1
770 776 -2
771 773 4
771 774 -4
771 775 1
771 776 -1
772 773 -4
772 774 -1
772 775 4
772 776 4
777 781 1
777 782 4
777 783 -1
777 784 2
778 781 -1
778 782 -2
778 783 -4
778 784 1
779 781 1
779 782 -2
779 783 -1
779 784 1
780 781 -2
780 782 -2
780 783 -1
780 784 1
785 789 4
785 790 -1
785 791 -1
785 792 1
786 789 4
786 790 -2
786 791 4
786 792 4
787 789 -4
787 790 4
787 791 4
787 792 4
788 789 -4
788 790 4
788 791 2
788 792 -4
793 797 1
793 798 2
793 799 2
793 800 1
794 797 -4
794 798 2
794 799 1
794 800 1
795 797 -4
795 798 -1
795 799 -2
795 800 -4
796 797 -2
796 798 4
796 799 -2
796 800 2
801 805 4
801 806 -4
801 807 -2
801 808 -1
802 805 1
802 806 4
802 807 -1
802 808 -1
803 805 4
803 806 1
803 807 -2
803 808 -2
804 805 -4
804 806 2
804 807 -2
804 808 -2
809 813 2
809 814 2
809 815 -2
809 816 -2
810 813 -2
810 814 1
810 815 4
810 816 1
811 813 4
811 814 1
811 815 -2
811 816 4
812 813 -2
812 814 1
812 815 1
812 816 1
817 821 2
817 822 4
817 823 4
817 824 2
818 821 1
818 822 4
818 823 -4
818 824 4
819 821 2
819 822 1
819 823 -1
819 824 -1
820 821 -4
820 822 4
820 823 2
820 824 2
825 829 -4
825 830 -1
825 831 -4
825 832 -1
826 829 -4
826 830 4
826 831 1
826 832 -4
827 829 -2
827 830 2
827 831 -4
827 832 4
828 829 -2
828 830 -2
828 831 -4
828 832 -4
833 837 4
833 838 4
833 839 -2
833 840 2
834 837 4
834 838 1
834 839 -4
834 840 2
835 837 4
835 838 4
835 839 1
835 840 -1
836 837 -2
836 838 2
836 839 2
836 840 2
841 845 -4
841 846 -2
841 847 -4
841 848 1
842 845 -2
842 846 2
842 847 4
842 848 -1
843 845 2
843 846 -4
843 847 -2
843 848 1
844 845 1
844 846 1
844 847 2
844 848 -1
849 853 -1
849 854 -4
849 855 1
849 856 4
850 853 2
850 854 -1
850 855 2
850 856 -2
851 853 2
851 854 -1
851 855 -1
851 856 -2
852 853 -1
852 854 4
852 855 -4
852 856 1
857 861 4
857 862 4
857 863 -2
857 864 -2
858 861 -4
858 862 -4
858 863 2
858 864 -2
859 861 1
859 862 4
859 863 4
859 864 2
860 861 -1
860 862 -2
860 863 1
860 864 1
865 869 -2
865 870 2
865 871 2
865 872 2
866 869 4
866 870 -2
866 871 1
866 872 1
867 869 1
867 870 4
867 871 2
867 872 1
868 869 1
868 870 -2
868 871 -1
868 872 1
873 877 4
873 878 -4
873 879 -1
873 880 2
874 877 4
874 878 -2
874 879 -2
874 880 1
875 877 -4
875 878 2
875 879 4
875 880 -2
876 877 -1
876 878 4
876 879 1
876 880 1
881 885 4
881 886 -2
881 887 1
881 888 -4
882 885 -1
882 886 -4
882 887 4
882 888 4
883 885 1
883 886 -1
883 887 1
883 888 -4
884 885 -4
884 886 -4
884 887 1
884 888 -2
889 893 4
889 894 4
889 895 -4
889 896 -2
890 893 -4
890 894 4
890 895 4
890 896 2
891 893 1
891 894 2
891 895 -1
891 896 -2
892 893 4
892 894 -2
892 895 -1
892 896 -2
897 901 2
897 902 2
897 903 -4
897 904 -2
898 901 4
898 902 -2
898 903 -1
898 904 -2
899 901 -2
899 902 -4
899 903 4
899 904 2
900 901 2
900 902 4
900 903 4
900 904 -2
905 909 -2
905 910 1
905 911 -2
905 912 2
906 909 -2
906 910 -2
906 911 4
906 912 2
907 909 1
907 910 1
907 911 -2
907 912 1
908 909 -4
908 910 -4
908 911 -4
908 912 -4
913 917 -2
913 918 -1
913 919 -4
913 920 4
914 917 -4
914 918 -2
914 919 -1
914 920 -4
915 917 2
915 918 1
915 919 2
915 920 1
916 917 -1
916 918 -2
916 919 2
916 920 -1
921 925 2
921 926 1
921 927 4
921 928 -1
922 925 1
922 926 1
922 927 -1
922 928 -4
923 925 2
923 926 -4
923 927 2
923 928 2
924 925 -1
924 926 -1
924 927 -1
924 928 -4
929 933 -4
929 934 -2
929 935 -2
929 936 1
930 933 -1
930 934 2
930 935 4
930 936 2
931 933 -4
931 934 4
931 935 2
931 936 -4
932 933 -1
932 934 2
932 935 -1
932 936 2
937 941 4
937 942 2
937 943 2
937 944 -1
938 941 -1
938 942 4
938 943 2
938 944 -4
939 941 -1
939 942 -2
939 943 1
939 944 2
940 941 -1
940 942 4
940 943 -2
940 944 1
945 949 2
945 950 4
945 951 -2
945 952 1
946 949 -1
946 950 -2
946 951 -1
946 952 2
947 949 1
947 950 1
947 951 4
947 952 -1
948 949 2
948 950 2
948 951 -4
948 952 -4
953 957 -1
953 958 -4
953 959 1
953 960 -2
954 957 2
954 958 -2
954 959 4
954 960 2
955 957 -4
955 958 -1
955 959 -2
955 960 4
956 957 -1
956 958 -2
956 959 -1
956 960 1
961 965 -1
961 966 -1
961 967 4
961 968 -4
962 965 -1
962 966 -4
962 967 -1
962 968 -2
963 965 -1
963 966 4
963 967 2
963 968 -4
964 965 1
964 966 4
964 967 -2
964 968 1
969 973 2
969 974 -1
969 975 1
969 976 -4
970 973 1
970 974 -2
970 975 -4
970 976 4
971 973 -1
971 974 2
971 975 1
971 976 4
972 973 2
972 974 -2
972 975 -1
972 976 -1
977 981 1
977 982 2
977 983 -4
977 984 -2
978 981 4
978 982 -2
978 983 -4
978 984 -4
979 981 -4
979 982 -4
979 983 1
979 984 1
980 981 -1
980 982 2
980 983 2
980 984 4
985 989 -1
985 990 -4
985 991 -1
985 992 -2
986 989 2
986 990 -2
986 991 1
986 992 -2
987 989 4
987 990 -2
987 991 2
987 992 -4
988 989 4
988 990 -2
988 991 2
988 992 4
993 997 -2
993 998 4
993 999 -1
993 1000 2
994 997 -1
994 998 -2
994 999 -1
994 1000 -4
995 997 2
995 998 2
995 999 -1
995 1000 -2
996 997 2
996 998 2
996 999 1
996 1000 2
1001 1005 2
1001 1006 -4
1001 1007 4
1001 1008 2
1002 1005 -1
1002 1006 -4
1002 1007 1
1002 1008 -4
1003 1005 -1
1003 1006 -4
1003 1007 2
1003 1008 4
1004 1005 4
1004 1006 -1
1004 1007 -1
1004 1008 2
1009 1013 1
1009 1014 4
1009 1015 -2
1009 1016 2
1010 1013 -4
1010 1014 2
1010 1015 1
1010 1016 1
1011 1013 2
1011 1014 -4
1011 1015 -2
1011 1016 -2
1012 1013 -1
1012 1014 -4
1012 1015 -4
1012 1016 1
1017 1021 4
1017 1022 1
1017 1023 4
1017 1024 -1
1018 1021 -1
1018 1022 4
1018 1023 -1
1018 1024 4
1019 1021 2
1019 1022 1
1019 1023 -4
1019 1024 -4
1020 1021 -1
1020 1022 -1
1020 1023 -4
1020 1024 2
1025 1029 4
1025 1030 4
1025 1031 2
1025 1032 -1
1026 1029 1
1026 1030 -2
1026 1031 -2
1026 1032 1
1027 1029 4
1027 1030 -4
1027 1031 4
1027 1032 -2
1028 1029 -2
1028 1030 1
1028 1031 1
1028 1032 -2
1033 1037 -2
1033 1038 2
1033 1039 4
1033 1040 1
1034 1037 -1
1034 1038 -4
1034 1039 1
1034 1040 -1
1035 1037 2
1035 1038 -2
1035 1039 -1
1035 1040 -2
1036 1037 4
1036 1038 -4
1036 1039 -4
1036 1040 1
1041 1045 -2
1041 1046 1
1041 1047 -1
1041 1048 4
1042 1045 -1
1042 1046 -2
1042 1047 -2
1042 1048 1
1043 1045 2
1043 1046 -4
1043 1047 2
1043 1048 -1
1044 1045 2
1044 1046 -4
1044 1047 2
1044 1048 -1
1049 1053 1
1049 1054 -2
1049 1055 4
1049 1056 -1
1050 1053 -1
1050 1054 -4
1050 1055 -2
1050 1056 2
1051 1053 -4
1051 1054 1
1051 1055 2
1051 1056 -1
1052 1053 4
1052 1054 -2
1052 1055 -4
1052 1056 -1
1057 1061 -4
1057 1062 -2
1057 1063 4
1057 1064 2
1058 1061 -2
1058 1062 -1
1058 1063 4
1058 1064 -1
1059 1061 4
1059 1062 -4
1059 1063 2
1059 1064 -4
1060 1061 -2
1060 1062 2
1060 1063 2
1060 1064 1
1065 1069 4
1065 1070 -4
1065 1071 -2
1065 1072 2
1066 1069 4
1066 1070 -2
1066 1071 -4
1066 1072 -2
1067 1069 -2
1067 1070 1
1067 1071 2
1067 1072 2
1068 1069 -4
1068 1070 1
1068 1071 2
1068 1072 1
1073 1077 1
1073 1078 -2
1073 1079 1
1073 1080 4
1074 1077 4
1074 1078 4
1074 1079 -4
1074 1080 1
1075 1077 -4
1075 1078 1
1075 1079 2
1075 1080 4
1076 1077 2
1076 1078 2
1076 1079 2
1076 1080 -2
1081 1085 4
1081 1086 4
1081 1087 2
1081 1088 1
1082 1085 -2
1082 1086 4
1082 1087 -2
1082 1088 4
1083 1085 -2
1083 1086 1
1083 1087 -1
1083 1088 -1
1084 1085 -1
1084 1086 1
1084 1087 -1
1084 1088 -2
1089 1093 1
1089 1094 2
1089 1095 -2
1089 1096 1
1090 1093 -2
1090 1094 4
1090 1095 2
1090 1096 1
1091 1093 2
1091 1094 4
1091 1095 4
1091 1096 4
1092 1093 4
1092 1094 -1
1092 1095 -2
1092 1096 4
1097 1101 -2
1097 1102 -4
1097 1103 2
1097 1104 4
1098 1101 -4
1098 1102 4
1098 1103 -2
1098 1104 2
1099 1101 -4
1099 1102 -1
1099 1103 -2
1099 1104 -2
1100 1101 -2
1100 1102 1
1100 1103 2
1100 1104 1
1105 1109 2
1105 1110 4
1105 1111 4
1105 1112 -1
1106 1109 -2
1106 1110 -2
1106 1111 -1
1106 1112 -2
1107 1109 -2
1107 1110 4
1107 1111 -2
1107 1112 2
1108 1109 -1
1108 1110 -4
1108 1111 1
1108 1112 -2
1113 1117 -1
1113 1118 2
1113 1119 4
1113 1120 -1
1114 1117 2
1114 1118 4
1114 1119 2
1114 1120 1
1115 1117 -4
1115 1118 -4
1115 1119 -2
1115 1120 -1
1116 1117 -2
1116 1118 -1
1116 1119 -2
1116 1120 -4
1121 1125 2
1121 1126 2
1121 1127 -4
1121 1128 -1
1122 1125 1
1122 1126 -1
1122 1127 -1
1122 1128 2
1123 1125 1
1123 1126 2
1123 1127 -1
1123 1128 2
1124 1125 -2
1124 1126 -1
1124 1127 1
1124 1128 2
1129 1133 -4
1129 1134 -2
1129 1135 -4
1129 1136 -4
1130 1133 -1
1130 1134 -2
1130 1135 -4
1130 1136 4
1131 1133 2
1131 1134 4
1131 1135 1
1131 1136 -1
1132 1133 -4
1132 1134 4
1132 1135 -4
1132 1136 -2
1137 1141 -1
1137 1142 -4
1137 1143 -4
1137 1144 4
1138 1141 4
1138 1142 1
1138 1143 4
1138 1144 -4
1139 1141 4
1139 1142 -2
1139 1143 -1
1139 1144 -1
1140 1141 -2
1140 1142 1
1140 1143 2
1140 1144 -1
1145 1149 -2
1145 1150 -4
1145 1151 -1
1145 1152 -2
1146 1149 4
1146 1150 -2
1146 1151 -4
1146 1152 -1
1147 1149 -4
1147 1150 1
1147 1151 -1
1147 1152 4
1148 1149 4
1148 1150 1
1148 1151 2
1148 1152 2
5 13 4
6 14 2
7 15 4
8 16 -1
13 21 -1
14 22 -2
15 23 -1
16 24 4
21 29 2
22 30 -2
23 31 -4
24 32 -2
29 37 2
30 38 -4
31 39 -1
32 40 -1
37 45 2
38 46 2
39 47 1
40 48 -2
45 53 2
46 54 2
47 55 1
48 56 4
53 61 -4
54 62 -4
55 63 2
56 64 -2
61 69 -4
62 70 -2
63 71 -4
64 72 -4
69 77 -4
70 78 -1
71 79 1
72 80 -2
77 85 2
78 86 1
79 87 -4
80 88 1
85 93 -2
86 94 -2
87 95 1
88 96 1
101 109 1
102 110 -1
103 111 4
104 112 -4
109 117 4
110 118 4
111 119 -4
112 120 -1
117 125 1
118 126 1
119 127 -4
120 128 1
125 133 2
126 134 -1
127 135 -4
128 136 4
133 141 2
134 142 -4
135 143 4
136 144 4
141 149 -4
142 150 -1
143 151 2
144 152 -2
149 157 1
150 158 2
151 159 1
152 160 4
157 165 -1
158 166 -1
159 167 -2
160 168 4
165 173 4
166 174 1
167 175 4
168 176 4
173 181 2
174 182 -1
175 183 1
176 184 -4
181 189 -4
182 190 2
183 191 1
184 192 -1
197 205 -1
198 206 -2
199 207 -4
200 208 -2
205 213 -1
206 214 -1
207 215 1
208 216 2
213 221 -4
214 222 4
215 223 1
216 224 1
221 229 -4
222 230 2
223 231 4
224 232 -1
229 237 -2
230 238 2
231 239 4
232 240 1
237 245 -1
238 246 1
239 247 -2
240 248 -1
245 253 -2
246 254 2
247 255 1
248 256 1
253 261 -2
254 262 -1
255 263 -4
256 264 -4
261 269 -1
262 270 2
263 271 4
264 272 2
269 277 -4
270 278 1
271 279 -1
272 280 -2
277 285 2
278 286 -4
279 287 1
280 288 1
293 301 -4
294 302 -1
295 303 -2
296 304 -4
301 309 2
302 310 -4
303 311 -4
304 312 4
309 317 1
310 318 -2
311 319 -4
312 320 -2
317 325 -2
318 326 -1
319 327 1
320 328 4
325 333 -1
326 334 -2
327 335 4
328 336 -1
333 341 -2
334 342 -2
335 343 -2
336 344 -4
341 349 4
342 350 1
343 351 -1
344 352 -1
349 357 -4
350 358 -1
351 359 4
352 360 -1
357 365 -1
358 366 -1
359 367 4
360 368 -1
365 373 4
366 374 -1
367 375 2
368 376 2
373 381 2
374 382 1
375 383 1
376 384 -1
389 397 1
390 398 -4
391 399 -1
392 400 1
397 405 -1
398 406 -1
399 407 -2
400 408 -1
405 413 -1
406 414 4
407 415 2
408 416 2
413 421 -2
414 422 2
415 423 -2
416 424 1
421 429 -2
422 430 -4
423 431 -4
424 432 -1
429 437 2
430 438 2
431 439 4
432 440 -2
437 445 -2
438 446 4
439 447 2
440 448 -2
445 453 -1
446 454 -1
447 455 4
448 456 2
453 461 -4
454 462 -1
455 463 2
456 464 -4
461 469 -2
462 470 2
463 471 2
464 472 2
469 477 4
470 478 -1
471 479 -2
472 480 2
485 493 1
486 494 -1
487 495 1
488 496 4
493 501 -1
494 502 -4
495 503 2
496 504 2
501 509 2
502 510 -4
503 511 -4
504 512 1
509 517 -1
510 518 -2
511 519 -2
512 520 4
517 525 2
518 526 -4
519 527 4
520 528 1
525 533 2
526 534 1
527 535 1
528 536 2
533 541 1
534 542 2
535 543 -4
536 544 -4
541 549 4
542 550 -1
543 551 -1
544 552 1
549 557 -1
550 558 -4
551 559 -2
552 560 1
557 565 2
558 566 4
559 567 4
560 568 1
565 573 -4
566 574 1
567 575 1
568 576 -4
581 589 -1
582 590 1
583 591 4
584 592 -4
589 597 -2
590 598 1
591 599 -4
592 600 2
597 605 -4
598 606 4
599 607 1
600 608 -4
605 613 1
606 614 4
607 615 4
608 616 -2
613 621 -4
614 622 4
615 623 2
616 624 1
621 629 1
622 630 2
623 631 -4
624 632 -4
629 637 -2
630 638 1
631 639 -4
632 640 -1
637 645 2
638 646 2
639 647 4
640 648 -4
645 653 -1
646 654 1
647 655 -2
648 656 4
653 661 1
654 662 2
655 663 2
656 664 1
661 669 4
662 670 -2
663 671 -4
664 672 4
677 685 -4
678 686 2
679 687 2
680 688 -4
685 693 -1
686 694 1
687 695 1
688 696 1
693 701 -4
694 702 1
695 703 -1
696 704 2
701 709 -1
702 710 -4
703 711 -1
704 712 4
709 717 -1
710 718 -4
711 719 4
712 720 4
717 725 -2
718 726 2
719 727 -4
720 728 1
725 733 1
726 734 -4
727 735 4
728 736 1
733 741 4
734 742 -2
735 743 -4
736 744 -1
741 749 1
742 750 2
743 751 -2
744 752 1
749 757 4
750 758 -2
751 759 1
752 760 -1
757 765 1
758 766 -1
759 767 -2
760 768 -4
773 781 2
774 782 4
775 783 2
776 784 -1
781 789 -2
782 790 -2
783 791 2
784 792 -1
789 797 -2
790 798 4
791 799 -1
792 800 -2
797 805 1
798 806 -4
799 807 1
800 808 -2
805 813 -1
806 814 2
807 815 -2
808 816 -1
813 821 -2
814 822 2
815 823 -1
816 824 1
821 829 -1
822 830 -1
823 831 -1
824 832 1
829 837 -2
830 838 4
831 839 -4
832 840 -2
837 845 -4
838 846 -4
839 847 -2
840 848 2
845 853 -4
846 854 4
847 855 2
848 856 -2
853 861 -1
854 862 4
855 863 -1
856 864 -1
869 877 2
870 878 -1
871 879 -4
872 880 -1
877 885 -1
878 886 -4
879 887 -4
880 888 -1
885 893 2
886 894 -1
887 895 2
888 896 1
893 901 -4
894 902 -1
895 903 1
896 904 2
901 909 4
902 910 -1
903 911 2
904 912 -4
909 917 2
910 918 -1
911 919 -2
912 920 -4
917 925 1
918 926 -4
919 927 -4
920 928 1
925 933 2
926 934 -2
927 935 -1
928 936 -4
933 941 4
934 942 -4
935 943 2
936 944 -1
941 949 -4
942 950 -4
943 951 -1
944 952 2
949 957 -2
950 958 1
951 959 -2
952 960 4
965 973 -1
966 974 -4
967 975 2
968 976 2
973 981 2
974 982 1
975 983 4
976 984 4
981 989 -4
982 990 -1
983 991 4
984 992 -4
989 997 2
990 998 -1
991 999 -1
992 1000 -1
997 1005 4
998 1006 -1
999 1007 2
1000 1008 -1
1005 1013 4
1006 1014 -2
1007 1015 -4
1008 1016 -4
1013 1021 -2
1014 1022 2
1015 1023 1
1016 1024 2
1021 1029 2
1022 1030 2
1023 1031 2
1024 1032 -4
1029 1037 -1
1030 1038 4
1031 1039 1
1032 1040 -4
1037 1045 4
1038 1046 1
1039 1047 -4
1040 1048 1
1045 1053 2
1046 1054 1
1047 1055 -2
1048 1056 -2
1061 1069 -4
1062 1070 1
1063 1071 1
1064 1072 2
1069 1077 -2
1070 1078 -2
1071 1079 -1
1072 1080 4
1077 1085 -2
1078 1086 -1
1079 1087 1
1080 1088 2
1085 1093 2
1086 1094 -4
1087 1095 -4
1088 1096 -4
1093 1101 1
1094 1102 -4
1095 1103 -2
1096 1104 -4
1101 1109 -2
1102 1110 -4
1103 1111 -4
1104 1112 1
1109 1117 -4
1110 1118 1
1111 1119 4
1112 1120 2
1117 1125 -1
1118 1126 -1
1119 1127 4
1120 1128 -4
1125 1133 -2
1126 1134 4
1127 1135 -1
1128 1136 -4
1133 1141 -2
1134 1142 4
1135 1143 -1
1136 1144 4
1141 1149 2
1142 1150 -1
1143 1151 1
1144 1152 2
1 97 -4
2 98 -2
3 99 -1
4 100 2
97 193 -2
98 194 2
99 195 -4
100 196 2
193 289 1
194 290 -4
195 291 2
196 292 -1
289 385 1
290 386 4
291 387 2
292 388 1
385 481 -4
386 482 1
387 483 -4
388 484 -1
481 577 2
482 578 -2
483 579 1
484 580 -2
577 673 -2
578 674 2
579 675 1
580 676 -4
673 769 1
674 770 4
675 771 -2
676 772 2
769 865 2
770 866 2
771 867 -1
772 868 -2
865 961 -2
866 962 2
867 963 1
868 964 -2
961 1057 -2
962 1058 -4
963 1059 1
964 1060 2
9 105 -1
10 106 -4
11 107 -4
12 108 -4
105 201 1
106 202 1
107 203 2
108 204 4
201 297 2
202 298 2
203 299 -1
204 300 1
297 393 -1
298 394 -2
299 395 4
300 396 -2
393 489 4
394 490 -1
395 491 -2
396 492 2
489 585 -2
490 586 -1
491 587 2
492 588 1
585 681 -4
586 682 -1
587 683 -1
588 684 -4
681 777 -4
682 778 2
683 779 1
684 780 1
777 873 4
778 874 2
779 875 2
780 876 2
873 969 -2
874 970 1
875 971 2
876 972 4
969 1065 -2
970 1066 -2
971 1067 -2
972 1068 4
17 113 4
18 114 -4
19 115 -1
20 116 1
113 209 -4
114 210 2
115 211 -2
116 212 2
209 305 -2
210 306 1
211 307 -2
212 308 -4
305 401 -1
306 402 -2
307 403 -1
308 404 -4
401 497 1
402 498 -1
403 499 2
404 500 -2
497 593 4
498 594 1
499 595 -4
500 596 4
593 689 4
594 690 -1
595 691 2
596 692 -2
689 785 1
690 786 -1
691 787 -2
692 788 4
785 881 2
786 882 4
787 883 1
788 884 1
881 977 2
882 978 -4
883 979 -2
884 980 -4
977 1073 -4
978 1074 1
979 1075 -2
980 1076 -1
25 121 -4
26 122 -1
27 123 -1
28 124 -4
121 217 2
122 218 2
123 219 -2
124 220 1
217 313 -2
218 314 -4
219 315 2
220 316 -2
313 409 -2
314 410 1
315 411 2
316 412 2
409 505 -4
410 506 2
411 507 2
412 508 4
505 601 1
506 602 -4
507 603 -2
508 604 -4
601 697 -1
602 698 2
603 699 4
604 700 -1
697 793 4
698 794 -2
699 795 4
700 796 -1
793 889 -4
794 890 -2
795 891 -2
796 892 -4
889 985 -2
890 986 -1
891 987 -4
892 988 2
985 1081 -4
986 1082 -1
987 1083 -4
988 1084 -2
33 129 1
34 130 4
35 131 -2
36 132 2
129 225 -4
130 226 4
131 227 4
132 228 2
225 321 -2
226 322 4
227 323 -4
228 324 -2
321 417 -4
322 418 -2
323 419 -2
324 420 -1
417 513 -2
418 514 -1
419 515 4
420 516 -1
513 609 -2
514 610 2
515 611 -2
516 612 -4
609 705 -1
610 706 2
611 707 -4
612 708 1
705 801 1
706 802 2
707 803 -2
708 804 -4
801 897 4
802 898 -4
803 899 1
804 900 4
897 993 -1
898 994 -2
899 995 -1
900 996 1
993 1089 1
994 1090 -4
995 1091 -2
996 1092 4
41 137 1
42 138 4
43 139 -1
44 140 -2
137 233 -2
138 234 -2
139 235 -1
140 236 -2
233 329 1
234 330 2
235 331 1
236 332 1
329 425 -2
330 426 -4
331 427 -1
332 428 -2
425 521 -1
426 522 -4
427 523 -1
428 524 -1
521 617 1
522 618 2
523 619 -2
524 620 4
617 713 -1
618 714 2
619 715 -1
620 716 -4
713 809 1
714 810 -2
715 811 1
716 812 -4
809 905 1
810 906 -2
811 907 4
812 908 1
905 1001 2
906 1002 1
907 1003 4
908 1004 2
1001 1097 2
1002 1098 4
1003 1099 4
1004 1100 -4
49 145 -2
50 146 2
51 147 4
52 148 2
145 241 -2
146 242 -2
147 243 -1
148 244 2
241 337 4
242 338 2
243 339 -4
244 340 2
337 433 -2
338 434 1
339 435 -2
340 436 4
433 529 -1
434 530 2
435 531 4
436 532 1
529 625 -4
530 626 -4
531 627 4
532 628 4
625 721 -4
626 722 -4
627 723 -4
628 724 -2
721 817 2
722 818 1
723 819 -2
724 820 2
817 913 1
818 914 4
819 915 2
820 916 4
913 1009 -2
914 1010 1
915 1011 4
916 1012 1
1009 1105 -1
1010 1106 2
1011 1107 1
1012 1108 1
57 153 -4
58 154 -1
59 155 4
60 156 2
153 249 1
154 250 2
155 251 -4
156 252 -1
249 345 -1
250 346 -2
251 347 2
252 348 1
345 441 -2
346 442 2
347 443 1
348 444 4
441 537 -4
442 538 2
443 539 -1
444 540 -1
537 633 4
538 634 -1
539 635 4
540 636 4
633 729 2
634 730 2
635 731 1
636 732 2
729 825 -1
730 826 4
731 827 -4
732 828 1
825 921 2
826 922 1
827 923 1
828 924 -1
921 1017 2
922 1018 4
923 1019 2
924 1020 2
1017 1113 1
1018 1114 4
1019 1115 -4
1020 1116 -4
65 161 -2
66 162 1
67 163 -2
68 164 1
161 257 1
162 258 -4
163 259 2
164 260 -2
257 353 -2
258 354 -4
259 355 1
260 356 -1
353 449 -4
354 450 4
355 451 -1
356 452 1
449 545 1
450 546 2
451 547 -2
452 548 -1
545 641 1
546 642 -2
547 643 1
548 644 2
641 737 2
642 738 1
643 739 4
644 740 -4
737 833 -1
738 834 4
739 835 2
740 836 -2
833 929 -4
834 930 2
835 931 2
836 932 4
929 1025 -4
930 1026 -4
931 1027 -1
932 1028 2
1025 1121 -2
1026 1122 2
1027 1123 -1
1028 1124 4
73 169 4
74 170 -4
75 171 4
76 172 4
169 265 1
170 266 1
171 267 -4
172 268 -2
265 361 2
266 362 2
267 363 -2
268 364 -4
361 457 -1
362 458 4
363 459 1
364 460 4
457 553 -4
458 554 2
459 555 -2
460 556 -2
553 649 -4
554 650 4
555 651 -4
556 652 -2
649 745 4
650 746 1
651 747 -4
652 748 1
745 841 -1
746 842 4
747 843 -4
748 844 2
841 937 4
842 938 -1
843 939 -2
844 940 1
937 1033 2
938 1034 -2
939 1035 4
940 1036 2
1033 1129 -2
1034 1130 4
1035 1131 -1
1036 1132 4
81 177 -4
82 178 4
83 179 -1
84 180 2
177 273 1
178 274 2
179 275 1
180 276 -1
273 369 -4
274 370 4
275 371 -2
276 372 -1
369 465 4
370 466 2
371 467 -4
372 468 -2
465 561 2
466 562 2
467 563 1
468 564 2
561 657 1
562 658 4
563 659 -4
564 660 4
657 753 1
658 754 -1
659 755 -4
660 756 -1
753 849 -1
754 850 4
755 851 1
756 852 1
849 945 -2
850 946 1
851 947 2
852 948 -4
945 1041 2
946 1042 -4
947 1043 -2
948 1044 -1
1041 1137 4
1042 1138 -1
1043 1139 -2
1044 1140 4
89 185 -1
90 186 -2
91 187 -2
92 188 -2
185 281 2
186 282 -2
187 283 -4
188 284 4
281 377 4
282 378 -2
283 379 4
284 380 1
377 473 -1
378 474 4
379 475 4
380 476 -4
473 569 -4
474 570 2
475 571 1
476 572 -1
569 665 1
570 666 -2
571 667 2
572 668 2
665 761 -1
666 762 1
667 763 -4
668 764 -1
761 857 -1
762 858 -2
763 859 -4
764 860 -4
857 953 1
858 954 2
859 955 4
860 956 -1
953 1049 -2
954 1050 4
955 1051 4
956 1052 -1
1049 1145 4
1050 1146 2
1051 1147 2
1052 1148 1
