#
1 5 4
1 6 -2
1 7 -1
1 8 -4
2 5 1
2 6 2
2 7 -4
2 8 -1
3 5 -2
3 6 2
3 7 -4
3 8 -1
4 5 1
4 6 -2
4 7 2
4 8 -4
9 13 4
9 14 1
9 15 -1
9 16 1
10 13 2
10 14 -4
10 15 -1
10 16 -1
11 13 -4
11 14 -2
11 15 -1
11 16 4
12 13 -4
12 14 2
12 15 -2
12 16 -2
17 21 -1
17 22 -4
17 23 4
17 24 -1
18 21 1
18 22 1
18 23 -1
18 24 4
19 21 2
19 22 -2
19 23 2
19 24 4
20 21 4
20 22 2
20 23 -2
20 24 1
25 29 2
25 30 1
25 31 1
25 32 1
26 29 2
26 30 -1
26 31 -2
26 32 4
27 29 2
27 30 -2
27 31 -4
27 32 -2
28 29 -4
28 30 -4
28 31 -1
28 32 2
33 37 2
33 38 -4
33 39 4
33 40 1
34 37 -1
34 38 -2
34 39 1
34 40 -4
35 37 -1
35 38 -2
35 39 2
35 40 -2
36 37 -4
36 38 2
36 39 2
36 40 -4
41 45 4
41 46 -2
41 47 2
41 48 4
42 45 -4
42 46 -2
42 47 2
42 48 1
43 45 -4
43 46 -4
43 47 -1
43 48 2
44 45 2
44 46 4
44 47 -4
44 48 2
49 53 -2
49 54 -4
49 55 1
49 56 4
50 53 2
50 54 -1
50 55 -1
50 56 -2
51 53 -1
51 54 4
51 55 1
51 56 1
52 53 -4
52 54 -2
52 55 -2
52 56 1
57 61 -1
57 62 4
57 63 -4
57 64 2
58 61 -2
58 62 -2
58 63 4
58 64 2
59 61 2
59 62 -4
59 63 1
59 64 -2
60 61 4
60 62 2
60 63 -1
60 64 -1
65 69 2
65 70 2
65 71 -4
65 72 -4
66 69 -4
66 70 -4
66 71 -2
66 72 2
67 69 1
67 70 1
67 71 2
67 72 1
68 69 4
68 70 -4
68 71 -2
68 72 2
73 77 4
73 78 4
73 79 2
73 80 -4
74 77 4
74 78 -2
74 79 -1
74 80 1
75 77 -1
75 78 -2
75 79 2
75 80 -4
76 77 4
76 78 4
76 79 -2
76 80 -2
81 85 -2
81 86 -1
81 87 1
81 88 -2
82 85 2
82 86 2
82 87 -1
82 88 -2
83 85 -1
83 86 1
83 87 2
83 88 1
84 85 -2
84 86 2
84 87 4
84 88 -4
89 93 1
89 94 -4
89 95 2
89 96 -1
90 93 2
90 94 -2
90 95 -2
90 96 1
91 93 -1
91 94 2
91 95 2
91 96 -2
92 93 4
92 94 1
92 95 -2
92 96 4
97 101 -1
97 102 1
97 103 4
97 104 4
98 101 1
98 102 2
98 103 4
98 104 1
99 101 -4
99 102 -2
99 103 4
99 104 -2
100 101 2
100 102 2
100 103 -1
100 104 1
105 109 -2
105 110 -1
105 111 -1
105 112 -2
106 109 1
106 110 1
106 111 2
106 112 -2
107 109 1
107 110 4
107 111 1
107 112 2
108 109 1
108 110 2
108 111 2
108 112 -4
113 117 -4
113 118 -4
113 119 -2
113 120 -2
114 117 -2
114 118 4
114 119 -4
114 120 -1
115 117 1
115 118 -1
115 119 -2
115 120 2
116 117 -4
116 118 -1
116 119 -1
116 120 -2
121 125 4
121 126 1
121 127 2
121 128 -4
122 125 -4
122 126 4
122 127 4
122 128 -4
123 125 1
123 126 -1
123 127 -4
123 128 2
124 125 -4
124 126 1
124 127 1
124 128 1
129 133 -2
129 134 -4
129 135 1
129 136 2
130 133 1
130 134 1
130 135 1
130 136 -2
131 133 -2
131 134 -2
131 135 -4
131 136 -2
132 133 -2
132 134 -2
132 135 2
132 136 4
137 141 1
137 142 -4
137 143 4
137 144 -2
138 141 2
138 142 -2
138 143 -4
138 144 2
139 141 -4
139 142 2
139 143 -2
139 144 -2
140 141 1
140 142 2
140 143 -1
140 144 2
145 149 -2
145 150 1
145 151 4
145 152 -2
146 149 2
146 150 -1
146 151 1
146 152 1
147 149 2
147 150 2
147 151 -1
147 152 2
148 149 4
148 150 -4
148 151 2
148 152 4
153 157 -1
153 158 -2
153 159 -4
153 160 -1
154 157 -4
154 158 -4
154 159 -2
154 160 1
155 157 2
155 158 1
155 159 -2
155 160 -4
156 157 1
156 158 -2
156 159 -4
156 160 -2
161 165 -2
161 166 4
161 167 4
161 168 -1
162 165 -1
162 166 2
162 167 4
162 168 2
163 165 1
163 166 -2
163 167 -2
163 168 1
164 165 1
164 166 -1
164 167 1
164 168 -4
169 173 -4
169 174 4
169 175 2
169 176 1
170 173 -4
170 174 -2
170 175 -4
170 176 2
171 173 1
171 174 -1
171 175 -2
171 176 -4
172 173 4
172 174 4
172 175 1
172 176 1
177 181 -1
177 182 2
177 183 -4
177 184 4
178 181 -2
178 182 -2
178 183 2
178 184 -4
179 181 -4
179 182 4
179 183 -4
179 184 2
180 181 -4
180 182 -1
180 183 1
180 184 1
185 189 -4
185 190 -2
185 191 -4
185 192 -4
186 189 -1
186 190 -4
186 191 -2
186 192 2
187 189 -1
187 190 2
187 191 -1
187 192 -4
188 189 1
188 190 -1
188 191 4
188 192 -1
193 197 -2
193 198 2
193 199 -4
193 200 -4
194 197 -4
194 198 -1
194 199 -1
194 200 -2
195 197 4
195 198 4
195 199 2
195 200 -4
196 197 -4
196 198 -2
196 199 -1
196 200 4
201 205 -4
201 206 4
201 207 -1
201 208 -2
202 205 1
202 206 -1
202 207 -4
202 208 -4
203 205 1
203 206 4
203 207 -4
203 208 -4
204 205 2
204 206 1
204 207 -4
204 208 2
209 213 -1
209 214 -4
209 215 2
209 216 -1
210 213 4
210 214 -1
210 215 -4
210 216 1
211 213 4
211 214 2
211 215 -1
211 216 1
212 213 -2
212 214 2
212 215 2
212 216 -4
217 221 4
217 222 -2
217 223 -1
217 224 4
218 221 1
218 222 -2
218 223 4
218 224 2
219 221 -4
219 222 -4
219 223 -2
219 224 -2
220 221 -1
220 222 -2
220 223 1
220 224 -1
225 229 4
225 230 -1
225 231 1
225 232 4
226 229 1
226 230 1
226 231 -1
226 232 -2
227 229 1
227 230 1
227 231 -1
227 232 2
228 229 -2
228 230 1
228 231 -1
228 232 1
233 237 -4
233 238 1
233 239 1
233 240 -4
234 237 4
234 238 -2
234 239 -1
234 240 -1
235 237 1
235 238 -2
235 239 2
235 240 -1
236 237 2
236 238 -2
236 239 2
236 240 1
241 245 -2
241 246 1
241 247 -1
241 248 -2
242 245 1
242 246 2
242 247 -4
242 248 -2
243 245 2
243 246 -1
243 247 -4
243 248 1
244 245 -1
244 246 1
244 247 4
244 248 1
249 253 4
249 254 -2
249 255 -2
249 256 2
250 253 -4
250 254 -4
250 255 2
250 256 -1
251 253 1
251 254 -1
251 255 -2
251 256 -1
252 253 -4
252 254 4
252 255 -4
252 256 -2
257 261 2
257 262 -1
257 263 4
257 264 1
258 261 4
258 262 2
258 263 -4
258 264 -2
259 261 -1
259 262 1
259 263 -2
259 264 -4
260 261 -4
260 262 4
260 263 -1
260 264 -2
265 269 -4
265 270 -4
265 271 4
265 272 -2
266 269 4
266 270 4
266 271 4
266 272 1
267 269 2
267 270 2
267 271 -4
267 272 -2
268 269 -1
268 270 -4
268 271 -1
268 272 4
273 277 2
273 278 1
273 279 4
273 280 -1
274 277 -2
274 278 2
274 279 -4
274 280 -2
275 277 1
275 278 4
275 279 -1
275 280 4
276 277 1
276 278 -4
276 279 4
276 280 -4
281 285 2
281 286 2
281 287 -1
281 288 -2
282 285 -4
282 286 4
282 287 4
282 288 4
283 285 2
283 286 -2
283 287 4
283 288 1
284 285 -4
284 286 -4
284 287 1
284 288 -1
289 293 1
289 294 1
289 295 -1
289 296 -2
290 293 -4
290 294 -4
290 295 -2
290 296 2
291 293 4
291 294 2
291 295 -2
291 296 -4
292 293 -2
292 294 2
292 295 -2
292 296 1
297 301 -1
297 302 2
297 303 -2
297 304 4
298 301 1
298 302 1
298 303 4
298 304 2
299 301 -1
299 302 4
299 303 -4
299 304 1
300 301 4
300 302 -2
300 303 2
300 304 4
305 309 -4
305 310 -4
305 311 -2
305 312 2
306 309 -2
306 310 -2
306 311 -4
306 312 4
307 309 -2
307 310 2
307 311 -1
307 312 1
308 309 -1
308 310 -2
308 311 -2
308 312 1
313 317 -1
313 318 2
313 319 -1
313 320 2
314 317 -1
314 318 1
314 319 2
314 320 1
315 317 4
315 318 2
315 319 4
315 320 -4
316 317 -1
316 318 -4
316 319 2
316 320 -4
321 325 2
321 326 4
321 327 4
321 328 -1
322 325 -2
322 326 4
322 327 2
322 328 4
323 325 -2
323 326 1
323 327 -4
323 328 1
324 325 -4
324 326 -1
324 327 -1
324 328 -1
329 333 2
329 334 2
329 335 1
329 336 4
330 333 -4
330 334 -2
330 335 2
330 336 -2
331 333 -4
331 334 4
331 335 4
331 336 -4
332 333 1
332 334 1
332 335 1
332 336 2
337 341 4
337 342 2
337 343 -1
337 344 4
338 341 -4
338 342 -4
338 343 4
338 344 -1
339 341 -2
339 342 -4
339 343 2
339 344 1
340 341 -1
340 342 2
340 343 4
340 344 -1
345 349 -1
345 350 -2
345 351 2
345 352 -2
346 349 1
346 350 4
346 351 1
346 352 1
347 349 -2
347 350 1
347 351 1
347 352 -4
348 349 4
348 350 -4
348 351 4
348 352 -4
353 357 2
353 358 1
353 359 1
353 360 2
354 357 -2
354 358 -4
354 359 2
354 360 -2
355 357 2
355 358 -2
355 359 -4
355 360 4
356 357 -1
356 358 1
356 359 -2
356 360 1
361 365 -2
361 366 -1
361 367 -2
361 368 2
362 365 1
362 366 -2
362 367 4
362 368 -1
363 365 -2
363 366 4
363 367 -2
363 368 -4
364 365 -2
364 366 -2
364 367 2
364 368 4
369 373 4
369 374 -4
369 375 -4
369 376 2
370 373 -4
370 374 -1
370 375 1
370 376 -1
371 373 1
371 374 1
371 375 -2
371 376 4
372 373 -1
372 374 2
372 375 1
372 376 2
377 381 -1
377 382 -4
377 383 4
377 384 4
378 381 -4
378 382 -1
378 383 -2
378 384 -1
379 381 -1
379 382 -1
379 383 -4
379 384 -2
380 381 2
380 382 1
380 383 -2
380 384 -4
385 389 -2
385 390 -1
385 391 -2
385 392 2
386 389 4
386 390 1
386 391 4
386 392 -1
387 389 4
387 390 1
387 391 -2
387 392 -4
388 389 -2
388 390 -4
388 391 1
388 392 1
393 397 -4
393 398 -4
393 399 -2
393 400 -2
394 397 -2
394 398 -1
394 399 -4
394 400 2
395 397 -2
395 398 -4
395 399 2
395 400 2
396 397 2
396 398 1
396 399 4
396 400 -2
401 405 1
401 406 2
401 407 2
401 408 -2
402 405 -4
402 406 -1
402 407 -2
402 408 -1
403 405 -1
403 406 1
403 407 2
403 408 -4
404 405 -2
404 406 2
404 407 -1
404 408 4
409 413 -1
409 414 4
409 415 -4
409 416 -4
410 413 2
410 414 -4
410 415 4
410 416 -1
411 413 -4
411 414 -2
411 415 2
411 416 -2
412 413 2
412 414 1
412 415 -1
412 416 -2
417 421 1
417 422 -4
417 423 -2
417 424 -2
418 421 1
418 422 1
418 423 1
418 424 1
419 421 -1
419 422 2
419 423 -4
419 424 -1
420 421 -1
420 422 2
420 423 4
420 424 -2
425 429 4
425 430 -1
425 431 1
425 432 -4
426 429 -4
426 430 -1
426 431 -4
426 432 4
427 429 4
427 430 -2
427 431 -2
427 432 2
428 429 -4
428 430 -2
428 431 -4
428 432 1
433 437 1
433 438 4
433 439 -1
433 440 4
434 437 2
434 438 4
434 439 4
434 440 2
435 437 2
435 438 1
435 439 1
435 440 -2
436 437 4
436 438 -4
436 439 -4
436 440 -2
441 445 -1
441 446 2
441 447 2
441 448 2
442 445 -1
442 446 4
442 447 -4
442 448 4
443 445 4
443 446 -1
443 447 1
443 448 -2
444 445 -4
444 446 -4
444 447 1
444 448 -4
449 453 4
449 454 -2
449 455 -1
449 456 -2
450 453 1
450 454 -2
450 455 -2
450 456 1
451 453 -1
451 454 -1
451 455 2
451 456 -2
452 453 -2
452 454 -2
452 455 4
452 456 4
457 461 -2
457 462 4
457 463 2
457 464 1
458 461 -2
458 462 4
458 463 2
458 464 1
459 461 -4
459 462 -1
459 463 -1
459 464 -1
460 461 -1
460 462 2
460 463 1
460 464 -2
465 469 -4
465 470 -2
465 471 -2
465 472 4
466 469 2
466 470 -1
466 471 -2
466 472 2
467 469 4
467 470 2
467 471 2
467 472 -4
468 469 -4
468 470 2
468 471 -1
468 472 2
473 477 -2
473 478 -4
473 479 -4
473 480 4
474 477 2
474 478 1
474 479 1
474 480 1
475 477 1
475 478 -2
475 479 -4
475 480 2
476 477 4
476 478 -2
476 479 -2
476 480 4
481 485 -1
481 486 -4
481 487 -1
481 488 -2
482 485 -1
482 486 4
482 487 1
482 488 1
483 485 -1
483 486 -4
483 487 -4
483 488 -1
484 485 1
484 486 -1
484 487 2
484 488 2
489 493 -4
489 494 4
489 495 -4
489 496 -4
490 493 1
490 494 -2
490 495 2
490 496 -4
491 493 -1
491 494 -1
491 495 -1
491 496 -4
492 493 2
492 494 4
492 495 2
492 496 -4
497 501 -2
497 502 4
497 503 2
497 504 -2
498 501 1
498 502 4
498 503 4
498 504 4
499 501 -2
499 502 -4
499 503 2
499 504 -2
500 501 -2
500 502 -4
500 503 1
500 504 4
505 509 -2
505 510 1
505 511 2
505 512 2
506 509 1
506 510 -1
506 511 4
506 512 2
507 509 2
507 510 2
507 511 -2
507 512 4
508 509 -4
508 510 -2
508 511 2
508 512 1
513 517 -4
513 518 4
513 519 -4
513 520 1
514 517 2
514 518 1
514 519 -4
514 520 1
515 517 1
515 518 -2
515 519 -2
515 520 2
516 517 4
516 518 -1
516 519 -4
516 520 2
521 525 1
521 526 2
521 527 -1
521 528 -1
522 525 1
522 526 -1
522 527 -1
522 528 1
523 525 -1
523 526 -2
523 527 -2
523 528 4
524 525 -4
524 526 1
524 527 2
524 528 -4
529 533 4
529 534 4
529 535 -1
529 536 2
530 533 -2
530 534 2
530 535 4
530 536 2
531 533 4
531 534 4
531 535 4
531 536 -2
532 533 4
532 534 -4
532 535 2
532 536 4
537 541 2
537 542 1
537 543 4
537 544 -4
538 541 1
538 542 -1
538 543 -4
538 544 -4
539 541 2
539 542 -2
539 543 2
539 544 1
540 541 -1
540 542 -4
540 543 -2
540 544 -2
545 549 1
545 550 4
545 551 -2
545 552 -1
546 549 4
546 550 -2
546 551 -4
546 552 -1
547 549 4
547 550 -2
547 551 -4
547 552 -2
548 549 1
548 550 2
548 551 1
548 552 -1
553 557 -4
553 558 -4
553 559 -2
553 560 4
554 557 -2
554 558 -1
554 559 -4
554 560 -1
555 557 2
555 558 -2
555 559 1
555 560 -1
556 557 2
556 558 2
556 559 -4
556 560 2
561 565 4
561 566 4
561 567 4
561 568 2
562 565 -1
562 566 -1
562 567 -2
562 568 -2
563 565 4
563 566 2
563 567 2
563 568 2
564 565 -1
564 566 -2
564 567 -1
564 568 4
569 573 2
569 574 4
569 575 1
569 576 4
570 573 1
570 574 -1
570 575 -1
570 576 2
571 573 -2
571 574 1
571 575 -4
571 576 -2
572 573 4
572 574 4
572 575 -1
572 576 1
577 581 1
577 582 -1
577 583 -4
577 584 -2
578 581 2
578 582 -4
578 583 -1
578 584 2
579 581 2
579 582 -2
579 583 4
579 584 -1
580 581 -1
580 582 4
580 583 4
580 584 -4
585 589 -4
585 590 4
585 591 -4
585 592 2
586 589 -4
586 590 1
586 591 1
586 592 1
587 589 -4
587 590 1
587 591 2
587 592 -2
588 589 -1
588 590 1
588 591 -2
588 592 2
593 597 -2
593 598 2
593 599 -4
593 600 2
594 597 4
594 598 1
594 599 -2
594 600 -4
595 597 1
595 598 1
595 599 -4
595 600 4
596 597 -1
596 598 -2
596 599 -2
596 600 2
601 605 4
601 606 1
601 607 -2
601 608 -4
602 605 1
602 606 -4
602 607 4
602 608 2
603 605 -1
603 606 -2
603 607 -1
603 608 -1
604 605 1
604 606 -2
604 607 -2
604 608 -4
609 613 -2
609 614 2
609 615 -4
609 616 4
610 613 -4
610 614 -2
610 615 4
610 616 -4
611 613 -4
611 614 -1
611 615 4
611 616 2
612 613 -4
612 614 2
612 615 -2
612 616 1
617 621 4
617 622 1
617 623 -2
617 624 -4
618 621 -2
618 622 1
618 623 -4
618 624 -4
619 621 -2
619 622 -2
619 623 -2
619 624 2
620 621 4
620 622 1
620 623 -4
620 624 -2
625 629 2
625 630 -4
625 631 1
625 632 -4
626 629 -1
626 630 -1
626 631 4
626 632 -1
627 629 1
627 630 -4
627 631 1
627 632 -2
628 629 -1
628 630 4
628 631 2
628 632 -1
633 637 -1
633 638 -4
633 639 -1
633 640 -2
634 637 -2
634 638 4
634 639 -4
634 640 2
635 637 -2
635 638 4
635 639 -2
635 640 2
636 637 4
636 638 -1
636 639 1
636 640 2
641 645 -1
641 646 -2
641 647 1
641 648 4
642 645 4
642 646 4
642 647 -4
642 648 2
643 645 -1
643 646 -1
643 647 1
643 648 2
644 645 4
644 646 1
644 647 4
644 648 -2
649 653 1
649 654 4
649 655 1
649 656 1
650 653 2
650 654 2
650 655 2
650 656 -1
651 653 -4
651 654 -2
651 655 1
651 656 4
652 653 -1
652 654 -1
652 655 -1
652 656 2
657 661 -1
657 662 -1
657 663 -1
657 664 4
658 661 1
658 662 -2
658 663 -1
658 664 -1
659 661 -2
659 662 -4
659 663 2
659 664 2
660 661 -1
660 662 4
660 663 1
660 664 2
665 669 -1
665 670 4
665 671 -1
665 672 1
666 669 1
666 670 -2
666 671 1
666 672 -4
667 669 2
667 670 1
667 671 -1
667 672 -2
668 669 2
668 670 2
668 671 -2
668 672 -2
673 677 2
673 678 2
673 679 4
673 680 -1
674 677 -1
674 678 1
674 679 -2
674 680 1
675 677 2
675 678 1
675 679 4
675 680 2
676 677 1
676 678 2
676 679 1
676 680 -2
681 685 -1
681 686 1
681 687 -2
681 688 1
682 685 2
682 686 -4
682 687 4
682 688 2
683 685 2
683 686 4
683 687 4
683 688 -1
684 685 4
684 686 -2
684 687 -2
684 688 -2
689 693 -1
689 694 -4
689 695 1
689 696 4
690 693 4
690 694 -1
690 695 -1
690 696 -4
691 693 1
691 694 1
691 695 1
691 696 1
692 693 -2
692 694 1
692 695 -2
692 696 1
697 701 1
697 702 2
697 703 1
697 704 -2
698 701 -2
698 702 -2
698 703 1
698 704 -4
699 701 -4
699 702 -2
699 703 2
699 704 -2
700 701 -1
700 702 2
700 703 -2
700 704 4
705 709 1
705 710 -1
705 711 4
705 712 2
706 709 -4
706 710 -4
706 711 2
706 712 2
707 709 1
707 710 2
707 711 1
707 712 -1
708 709 2
708 710 -4
708 711 -2
708 712 -1
713 717 1
713 718 -4
713 719 4
713 720 4
714 717 -1
714 718 -1
714 719 2
714 720 -1
715 717 -2
715 718 -2
715 719 -2
715 720 2
716 717 4
716 718 1
716 719 -4
716 720 -1
721 725 -2
721 726 -1
721 727 -4
721 728 -1
722 725 1
722 726 -2
722 727 -1
722 728 4
723 725 2
723 726 2
723 727 1
723 728 -1
724 725 1
724 726 2
724 727 1
724 728 -2
729 733 -2
729 734 1
729 735 -4
729 736 1
730 733 2
730 734 1
730 735 -4
730 736 -1
731 733 -4
731 734 1
731 735 4
731 736 -2
732 733 -1
732 734 -2
732 735 4
732 736 1
737 741 -4
737 742 -1
737 743 -2
737 744 -4
738 741 4
738 742 4
738 743 -2
738 744 -1
739 741 1
739 742 2
739 743 2
739 744 -2
740 741 -4
740 742 4
740 743 -2
740 744 -1
745 749 -1
745 750 -1
745 751 -2
745 752 -4
746 749 -1
746 750 2
746 751 -1
746 752 4
747 749 2
747 750 -2
747 751 2
747 752 -1
748 749 -1
748 750 -1
748 751 -4
748 752 1
753 757 -2
753 758 -4
753 759 -4
753 760 -4
754 757 -4
754 758 -2
754 759 -1
754 760 1
755 757 2
755 758 2
755 759 4
755 760 -1
756 757 -4
756 758 4
756 759 -1
756 760 2
761 765 -1
761 766 1
761 767 -2
761 768 -2
762 765 2
762 766 1
762 767 1
762 768 2
763 765 -2
763 766 -4
763 767 -2
763 768 2
764 765 -4
764 766 -2
764 767 -1
764 768 2
769 773 2
769 774 4
769 775 -2
769 776 -1
770 773 4
770 774 -1
770 775 2
770 776 4
771 773 2
771 774 -2
771 775 -1
771 776 -4
772 773 -2
772 774 4
772 775 4
772 776 1
777 781 1
777 782 -4
777 783 4
777 784 1
778 781 -2
778 782 -4
778 783 1
778 784 4
779 781 1
779 782 2
779 783 2
779 784 4
780 781 4
780 782 -1
780 783 1
780 784 -1
785 789 4
785 790 2
785 791 2
785 792 1
786 789 2
786 790 1
786 791 4
786 792 1
787 789 2
787 790 4
787 791 4
787 792 -2
788 789 2
788 790 -1
788 791 -2
788 792 -4
793 797 1
793 798 2
793 799 2
793 800 -4
794 797 1
794 798 2
794 799 2
794 800 -2
795 797 -1
795 798 -4
795 799 -1
795 800 -4
796 797 -1
796 798 4
796 799 -4
796 800 -1
801 805 4
801 806 -1
801 807 4
801 808 -1
802 805 2
802 806 1
802 807 2
802 808 1
803 805 -4
803 806 -2
803 807 4
803 808 4
804 805 -4
804 806 -4
804 807 -1
804 808 1
809 813 -4
809 814 -4
809 815 2
809 816 2
810 813 1
810 814 2
810 815 2
810 816 -4
811 813 1
811 814 1
811 815 4
811 816 4
812 813 2
812 814 2
812 815 2
812 816 2
817 821 -2
817 822 1
817 823 -4
817 824 1
818 821 1
818 822 -1
818 823 4
818 824 -1
819 821 4
819 822 4
819 823 2
819 824 2
820 821 -1
820 822 2
820 823 -1
820 824 -2
825 829 -4
825 830 -4
825 831 2
825 832 -2
826 829 4
826 830 1
826 831 4
826 832 -2
827 829 -1
827 830 -2
827 831 1
827 832 -4
828 829 -1
828 830 -1
828 831 1
828 832 2
833 837 4
833 838 -2
833 839 4
833 840 2
834 837 2
834 838 4
834 839 -4
834 840 -1
835 837 2
835 838 4
835 839 4
835 840 -1
836 837 4
836 838 2
836 839 4
836 840 -2
841 845 4
841 846 -4
841 847 4
841 848 4
842 845 2
842 846 -1
842 847 1
842 848 -2
843 845 -1
843 846 1
843 847 4
843 848 -4
844 845 -2
844 846 1
844 847 -4
844 848 -4
849 853 1
849 854 -4
849 855 4
849 856 -2
850 853 1
850 854 -1
850 855 1
850 856 4
851 853 -4
851 854 -4
851 855 -4
851 856 1
852 853 -4
852 854 -1
852 855 -4
852 856 -1
857 861 4
857 862 4
857 863 -2
857 864 -4
858 861 -1
858 862 2
858 863 2
858 864 -4
859 861 -4
859 862 2
859 863 1
859 864 2
860 861 -1
860 862 -1
860 863 -2
860 864 -2
865 869 -1
865 870 1
865 871 -1
865 872 -2
866 869 -2
866 870 4
866 871 -1
866 872 -1
867 869 2
867 870 2
867 871 2
867 872 -1
868 869 -1
868 870 1
868 871 -2
868 872 -4
873 877 4
873 878 2
873 879 -4
873 880 4
874 877 -4
874 878 2
874 879 -1
874 880 1
875 877 -4
875 878 -2
875 879 -1
875 880 -4
876 877 -2
876 878 4
876 879 1
876 880 -4
881 885 -2
881 886 -2
881 887 1
881 888 -2
882 885 1
882 886 -2
882 887 2
882 888 4
883 885 -4
883 886 4
883 887 -4
883 888 -4
884 885 4
884 886 4
884 887 1
884 888 -4
889 893 2
889 894 -1
889 895 -4
889 896 -2
890 893 2
890 894 1
890 895 2
890 896 2
891 893 -2
891 894 -2
891 895 -1
891 896 -4
892 893 -1
892 894 -1
892 895 -4
892 896 1
897 901 -2
897 902 1
897 903 2
897 904 -4
898 901 -1
898 902 2
898 903 1
898 904 1
899 901 2
899 902 -4
899 903 -4
899 904 -1
900 901 -2
900 902 2
900 903 -2
900 904 2
905 909 -2
905 910 4
905 911 -4
905 912 1
906 909 2
906 910 4
906 911 -4
906 912 -2
907 909 -2
907 910 -2
907 911 1
907 912 2
908 909 -1
908 910 -2
908 911 1
908 912 -1
913 917 -4
913 918 -2
913 919 -1
913 920 4
914 917 -4
914 918 1
914 919 -4
914 920 4
915 917 2
915 918 -4
915 919 -4
915 920 1
916 917 -2
916 918 -4
916 919 4
916 920 2
921 925 -2
921 926 -1
921 927 -4
921 928 1
922 925 4
922 926 2
922 927 -4
922 928 -4
923 925 -4
923 926 -2
923 927 4
923 928 -4
924 925 4
924 926 -1
924 927 -4
924 928 -4
929 933 1
929 934 -1
929 935 4
929 936 -2
930 933 4
930 934 -1
930 935 4
930 936 -2
931 933 4
931 934 2
931 935 4
931 936 1
932 933 2
932 934 -1
932 935 -2
932 936 -2
937 941 -1
937 942 1
937 943 -4
937 944 -4
938 941 -1
938 942 1
938 943 1
938 944 -2
939 941 -1
939 942 -1
939 943 2
939 944 -2
940 941 -2
940 942 4
940 943 -4
940 944 4
945 949 1
945 950 1
945 951 4
945 952 2
946 949 1
946 950 -1
946 951 2
946 952 4
947 949 4
947 950 1
947 951 1
947 952 -2
948 949 4
948 950 1
948 951 4
948 952 -4
953 957 -4
953 958 -2
953 959 1
953 960 -4
954 957 2
954 958 1
954 959 -1
954 960 1
955 957 -2
955 958 -1
955 959 -4
955 960 -4
956 957 -2
956 958 4
956 959 4
956 960 1
961 965 -1
961 966 4
961 967 -4
961 968 -1
962 965 -1
962 966 2
962 967 -4
962 968 1
963 965 -1
963 966 1
963 967 -1
963 968 1
964 965 -4
964 966 -1
964 967 1
964 968 -2
969 973 -4
969 974 2
969 975 1
969 976 -2
970 973 2
970 974 4
970 975 4
970 976 -1
971 973 -2
971 974 1
971 975 2
971 976 -1
972 973 2
972 974 4
972 975 4
972 976 -1
977 981 1
977 982 1
977 983 2
977 984 2
978 981 2
978 982 1
978 983 4
978 984 -4
979 981 -2
979 982 2
979 983 2
979 984 -2
980 981 -2
980 982 2
980 983 2
980 984 2
985 989 1
985 990 -4
985 991 -2
985 992 -4
986 989 -1
986 990 -2
986 991 4
986 992 -2
987 989 1
987 990 2
987 991 4
987 992 -1
988 989 1
988 990 -1
988 991 -1
988 992 2
993 997 2
993 998 -1
993 999 -1
993 1000 1
994 997 4
994 998 4
994 999 -1
994 1000 -2
995 997 -2
995 998 1
995 999 4
995 1000 2
996 997 -4
996 998 2
996 999 -1
996 1000 2
1001 1005 4
1001 1006 2
1001 1007 1
1001 1008 1
1002 1005 -4
1002 1006 4
1002 1007 -2
1002 1008 -2
1003 1005 1
1003 1006 1
1003 1007 4
1003 1008 1
1004 1005 2
1004 1006 -1
1004 1007 -1
1004 1008 -4
1009 1013 -1
1009 1014 4
1009 1015 4
1009 1016 -4
1010 1013 -1
1010 1014 -1
1010 1015 -1
1010 1016 -4
1011 1013 -4
1011 1014 -4
1011 1015 2
1011 1016 -1
1012 1013 4
1012 1014 2
1012 1015 4
1012 1016 -1
1017 1021 -1
1017 1022 -4
1017 1023 -1
1017 1024 -1
1018 1021 -2
1018 1022 4
1018 1023 1
1018 1024 -4
1019 1021 1
1019 1022 1
1019 1023 1
1019 1024 -1
1020 1021 -1
1020 1022 -4
1020 1023 2
1020 1024 1
1025 1029 2
1025 1030 -1
1025 1031 -2
1025 1032 -1
1026 1029 2
1026 1030 1
1026 1031 1
1026 1032 -1
1027 1029 -2
1027 1030 -2
1027 1031 1
1027 1032 -4
1028 1029 -1
1028 1030 2
1028 1031 2
1028 1032 2
1033 1037 -4
1033 1038 -2
1033 1039 -1
1033 1040 -2
1034 1037 1
1034 1038 -2
1034 1039 -1
1034 1040 4
1035 1037 1
1035 1038 -2
1035 1039 -1
1035 1040 -1
1036 1037 -2
1036 1038 -4
1036 1039 1
1036 1040 1
1041 1045 -4
1041 1046 1
1041 1047 -4
1041 1048 -4
1042 1045 1
1042 1046 -4
1042 1047 -2
1042 1048 1
1043 1045 1
1043 1046 4
1043 1047 -2
1043 1048 -4
1044 1045 -2
1044 1046 4
1044 1047 4
1044 1048 1
1049 1053 -2
1049 1054 -2
1049 1055 4
1049 1056 -1
1050 1053 -1
1050 1054 -4
1050 1055 -1
1050 1056 -1
1051 1053 -2
1051 1054 -4
1051 1055 -4
1051 1056 -1
1052 1053 -1
1052 1054 -2
1052 1055 -1
1052 1056 4
1057 1061 4
1057 1062 4
1057 1063 2
1057 1064 4
1058 1061 -1
1058 1062 4
1058 1063 4
1058 1064 -2
1059 1061 2
1059 1062 2
1059 1063 -2
1059 1064 4
1060 1061 -2
1060 1062 -2
1060 1063 -1
1060 1064 -4
1065 1069 -4
1065 1070 4
1065 1071 -4
1065 1072 2
1066 1069 -2
1066 1070 -4
1066 1071 1
1066 1072 4
1067 1069 1
1067 1070 -1
1067 1071 1
1067 1072 4
1068 1069 -1
1068 1070 1
1068 1071 -1
1068 1072 -2
1073 1077 -1
1073 1078 -1
1073 1079 2
1073 1080 -1
1074 1077 -2
1074 1078 2
1074 1079 -4
1074 1080 2
1075 1077 1
1075 1078 1
1075 1079 1
1075 1080 -1
1076 1077 -1
1076 1078 4
1076 1079 -4
1076 1080 4
1081 1085 -1
1081 1086 -4
1081 1087 2
1081 1088 2
1082 1085 1
1082 1086 -4
1082 1087 -2
1082 1088 2
1083 1085 2
1083 1086 -4
1083 1087 4
1083 1088 -2
1084 1085 4
1084 1086 -1
1084 1087 2
1084 1088 2
1089 1093 -4
1089 1094 -1
1089 1095 -1
1089 1096 4
1090 1093 2
1090 1094 -4
1090 1095 -2
1090 1096 -2
1091 1093 2
1091 1094 -4
1091 1095 -1
1091 1096 2
1092 1093 -4
1092 1094 -1
1092 1095 4
1092 1096 2
1097 1101 -2
1097 1102 1
1097 1103 1
1097 1104 -2
1098 1101 1
1098 1102 4
1098 1103 1
1098 1104 1
1099 1101 -4
1099 1102 -4
1099 1103 -1
1099 1104 2
1100 1101 4
1100 1102 2
1100 1103 -4
1100 1104 -1
1105 1109 1
1105 1110 -2
1105 1111 -1
1105 1112 1
1106 1109 -1
1106 1110 2
1106 1111 -1
1106 1112 -4
1107 1109 -2
1107 1110 4
1107 1111 -4
1107 1112 2
1108 1109 -2
1108 1110 -1
1108 1111 -2
1108 1112 -4
1113 1117 1
1113 1118 -1
1113 1119 -2
1113 1120 2
1114 1117 1
1114 1118 1
1114 1119 -1
1114 1120 -1
1115 1117 -1
1115 1118 -2
1115 1119 2
1115 1120 -4
1116 1117 -2
1116 1118 -2
1116 1119 2
1116 1120 -1
1121 1125 -2
1121 1126 -4
1121 1127 2
1121 1128 1
1122 1125 -4
1122 1126 1
1122 1127 -4
1122 1128 2
1123 1125 2
1123 1126 2
1123 1127 2
1123 1128 4
1124 1125 4
1124 1126 1
1124 1127 2
1124 1128 1
1129 1133 1
1129 1134 -4
1129 1135 -1
1129 1136 -2
1130 1133 -1
1130 1134 2
1130 1135 -2
1130 1136 2
1131 1133 1
1131 1134 -4
1131 1135 4
1131 1136 1
1132 1133 4
1132 1134 2
1132 1135 -1
1132 1136 1
1137 1141 4
1137 1142 -4
1137 1143 -1
1137 1144 -2
1138 1141 -1
1138 1142 -2
1138 1143 -1
1138 1144 4
1139 1141 -4
1139 1142 -4
1139 1143 -1
1139 1144 2
1140 1141 -4
1140 1142 -2
1140 1143 2
1140 1144 -4
1145 1149 -4
1145 1150 -4
1145 1151 2
1145 1152 -1
1146 1149 1
1146 1150 -1
1146 1151 2
1146 1152 4
1147 1149 2
1147 1150 2
1147 1151 -2
1147 1152 4
1148 1149 2
1148 1150 2
1148 1151 -1
1148 1152 -4
5 13 -4
6 14 1
7 15 -4
8 16 -4
13 21 -4
14 22 -4
15 23 -2
16 24 1
21 29 -2
22 30 2
23 31 -1
24 32 -4
29 37 4
30 38 2
31 39 2
32 40 2
37 45 -2
38 46 -4
39 47 -4
40 48 2
45 53 4
46 54 -1
47 55 2
48 56 4
53 61 4
54 62 1
55 63 -2
56 64 2
61 69 2
62 70 1
63 71 -4
64 72 -1
69 77 -1
70 78 -4
71 79 -1
72 80 -4
77 85 -2
78 86 -1
79 87 1
80 88 -1
85 93 -2
86 94 -1
87 95 -2
88 96 -2
101 109 4
102 110 4
103 111 -4
104 112 1
109 117 -1
110 118 1
111 119 2
112 120 2
117 125 1
118 126 2
119 127 -1
120 128 -1
125 133 2
126 134 -1
127 135 4
128 136 -4
133 141 -1
134 142 4
135 143 -4
136 144 1
141 149 2
142 150 -2
143 151 -1
144 152 4
149 157 -1
150 158 1
151 159 -2
152 160 1
157 165 2
158 166 2
159 167 -4
160 168 4
165 173 1
166 174 -2
167 175 4
168 176 4
173 181 -2
174 182 -4
175 183 1
176 184 2
181 189 -2
182 190 2
183 191 -2
184 192 -4
197 205 2
198 206 -2
199 207 -2
200 208 4
205 213 -1
206 214 1
207 215 1
208 216 -4
213 221 -4
214 222 -1
215 223 -1
216 224 1
221 229 2
222 230 -2
223 231 1
224 232 -2
229 237 -2
230 238 -2
231 239 4
232 240 4
237 245 -2
238 246 1
239 247 -1
240 248 4
245 253 4
246 254 -2
247 255 -2
248 256 2
253 261 4
254 262 2
255 263 -2
256 264 -2
261 269 2
262 270 1
263 271 -1
264 272 1
269 277 1
270 278 -1
271 279 4
272 280 4
277 285 -4
278 286 -1
279 287 -4
280 288 -4
293 301 2
294 302 2
295 303 -1
296 304 -4
301 309 -1
302 310 -1
303 311 -2
304 312 1
309 317 -4
310 318 -4
311 319 -2
312 320 -2
317 325 -4
318 326 2
319 327 -1
320 328 1
325 333 -1
326 334 -4
327 335 4
328 336 -2
333 341 2
334 342 2
335 343 -4
336 344 4
341 349 -4
342 350 -1
343 351 -4
344 352 1
349 357 4
350 358 -2
351 359 -1
352 360 -4
357 365 -2
358 366 -1
359 367 4
360 368 2
365 373 -1
366 374 4
367 375 1
368 376 1
373 381 1
374 382 4
375 383 -2
376 384 -2
389 397 -4
390 398 -4
391 399 -1
392 400 1
397 405 1
398 406 4
399 407 -2
400 408 4
405 413 -2
406 414 -4
407 415 -1
408 416 2
413 421 -4
414 422 -2
415 423 -4
416 424 -4
421 429 -2
422 430 1
423 431 -2
424 432 -1
429 437 1
430 438 -4
431 439 2
432 440 -2
437 445 1
438 446 -2
439 447 2
440 448 -2
445 453 -4
446 454 -2
447 455 2
448 456 4
453 461 -4
454 462 4
455 463 -2
456 464 -2
461 469 -1
462 470 -1
463 471 1
464 472 -1
469 477 -1
470 478 -1
471 479 -1
472 480 1
485 493 4
486 494 -2
487 495 2
488 496 1
493 501 1
494 502 -2
495 503 -2
496 504 -2
501 509 -4
502 510 -2
503 511 4
504 512 -1
509 517 2
510 518 -1
511 519 2
512 520 -2
517 525 -4
518 526 4
519 527 -2
520 528 -2
525 533 -2
526 534 2
527 535 -1
528 536 4
533 541 4
534 542 1
535 543 -4
536 544 -1
541 549 1
542 550 4
543 551 -2
544 552 2
549 557 -2
550 558 1
551 559 -4
552 560 -4
557 565 2
558 566 2
559 567 1
560 568 2
565 573 -2
566 574 -2
567 575 -4
568 576 1
581 589 -4
582 590 2
583 591 4
584 592 -1
589 597 2
590 598 -2
591 599 -1
592 600 4
597 605 -1
598 606 2
599 607 -4
600 608 -4
605 613 -4
606 614 1
607 615 -4
608 616 -4
613 621 2
614 622 2
615 623 1
616 624 -4
621 629 -4
622 630 1
623 631 -2
624 632 -2
629 637 2
630 638 2
631 639 -4
632 640 4
637 645 -4
638 646 -1
639 647 1
640 648 -2
645 653 -1
646 654 2
647 655 4
648 656 1
653 661 1
654 662 4
655 663 2
656 664 -1
661 669 1
662 670 4
663 671 1
664 672 1
677 685 -1
678 686 -1
679 687 1
680 688 -1
685 693 -2
686 694 1
687 695 -1
688 696 -4
693 701 -2
694 702 1
695 703 4
696 704 4
701 709 -2
702 710 -2
703 711 2
704 712 1
709 717 -4
710 718 1
711 719 1
712 720 2
717 725 1
718 726 -2
719 727 2
720 728 -1
725 733 -1
726 734 1
727 735 4
728 736 -1
733 741 4
734 742 4
735 743 2
736 744 -2
741 749 -4
742 750 -2
743 751 -4
744 752 -1
749 757 2
750 758 1
751 759 4
752 760 2
757 765 -2
758 766 1
759 767 -1
760 768 -1
773 781 -1
774 782 4
775 783 2
776 784 -2
781 789 -1
782 790 -4
783 791 -1
784 792 4
789 797 -1
790 798 -4
791 799 2
792 800 -2
797 805 2
798 806 -1
799 807 2
800 808 2
805 813 1
806 814 4
807 815 -2
808 816 2
813 821 4
814 822 2
815 823 -1
816 824 -2
821 829 -2
822 830 -1
823 831 -2
824 832 -2
829 837 -4
830 838 -4
831 839 -2
832 840 -4
837 845 4
838 846 1
839 847 -2
840 848 1
845 853 4
846 854 2
847 855 4
848 856 1
853 861 -2
854 862 -2
855 863 -1
856 864 4
869 877 4
870 878 2
871 879 -1
872 880 -2
877 885 2
878 886 4
879 887 -1
880 888 -4
885 893 4
886 894 -2
887 895 -4
888 896 2
893 901 -1
894 902 2
895 903 1
896 904 -2
901 909 2
902 910 -4
903 911 4
904 912 -2
909 917 2
910 918 -2
911 919 2
912 920 2
917 925 2
918 926 -4
919 927 -4
920 928 -1
925 933 -4
926 934 1
927 935 1
928 936 -2
933 941 4
934 942 4
935 943 -4
936 944 2
941 949 -2
942 950 1
943 951 4
944 952 -2
949 957 -2
950 958 -1
951 959 2
952 960 -2
965 973 -2
966 974 -2
967 975 1
968 976 1
973 981 -1
974 982 4
975 983 -2
976 984 -1
981 989 -2
982 990 -4
983 991 -2
984 992 2
989 997 1
990 998 -4
991 999 1
992 1000 -2
997 1005 2
998 1006 4
999 1007 2
1000 1008 -1
1005 1013 -4
1006 1014 4
1007 1015 -2
1008 1016 4
1013 1021 4
1014 1022 1
1015 1023 -4
1016 1024 -4
1021 1029 4
1022 1030 -4
1023 1031 4
1024 1032 2
1029 1037 -1
1030 1038 -4
1031 1039 1
1032 1040 2
1037 1045 -2
1038 1046 1
1039 1047 1
1040 1048 2
1045 1053 1
1046 1054 -4
1047 1055 -2
1048 1056 2
1061 1069 4
1062 1070 -1
1063 1071 -1
1064 1072 4
1069 1077 1
1070 1078 1
1071 1079 1
1072 1080 1
1077 1085 -1
1078 1086 1
1079 1087 1
1080 1088 4
1085 1093 2
1086 1094 1
1087 1095 -2
1088 1096 -4
1093 1101 -2
1094 1102 -4
1095 1103 4
1096 1104 1
1101 1109 2
1102 1110 4
1103 1111 -1
1104 1112 1
1109 1117 2
1110 1118 2
1111 1119 2
1112 1120 -1
1117 1125 -1
1118 1126 4
1119 1127 -2
1120 1128 2
1125 1133 -4
1126 1134 -1
1127 1135 2
1128 1136 2
1133 1141 4
1134 1142 1
1135 1143 1
1136 1144 1
1141 1149 1
1142 1150 -1
1143 1151 -1
1144 1152 -2
1 97 2
2 98 -1
3 99 1
4 100 1
97 193 2
98 194 1
99 195 -4
100 196 4
193 289 4
194 290 -4
195 291 2
196 292 -4
289 385 -1
290 386 1
291 387 -2
292 388 -1
385 481 -2
386 482 -2
387 483 -2
388 484 1
481 577 4
482 578 4
483 579 2
484 580 -1
577 673 1
578 674 4
579 675 -4
580 676 4
673 769 2
674 770 4
675 771 -2
676 772 -4
769 865 -4
770 866 1
771 867 1
772 868 2
865 961 2
866 962 2
867 963 -2
868 964 -4
961 1057 -4
962 1058 1
963 1059 4
964 1060 2
9 105 -2
10 106 1
11 107 1
12 108 1
105 201 -1
106 202 1
107 203 4
108 204 4
201 297 -4
202 298 1
203 299 2
204 300 2
297 393 -1
298 394 -4
299 395 2
300 396 2
393 489 2
394 490 4
395 491 1
396 492 -2
489 585 -1
490 586 -4
491 587 -2
492 588 -4
585 681 -4
586 682 1
587 683 2
588 684 4
681 777 4
682 778 1
683 779 -1
684 780 -1
777 873 -1
778 874 -2
779 875 -1
780 876 1
873 969 -2
874 970 -1
875 971 1
876 972 4
969 1065 -2
970 1066 1
971 1067 -4
972 1068 4
17 113 -1
18 114 1
19 115 1
20 116 4
113 209 -2
114 210 1
115 211 2
116 212 -2
209 305 1
210 306 -1
211 307 2
212 308 1
305 401 2
306 402 -4
307 403 4
308 404 2
401 497 -2
402 498 -2
403 499 4
404 500 -2
497 593 2
498 594 -4
499 595 1
500 596 -1
593 689 1
594 690 1
595 691 4
596 692 -2
689 785 -2
690 786 -2
691 787 4
692 788 -2
785 881 -2
786 882 -4
787 883 1
788 884 -2
881 977 -4
882 978 -1
883 979 -2
884 980 -4
977 1073 -4
978 1074 -1
979 1075 -4
980 1076 -4
25 121 -4
26 122 2
27 123 -1
28 124 -1
121 217 2
122 218 4
123 219 4
124 220 -4
217 313 -1
218 314 4
219 315 -2
220 316 -2
313 409 -2
314 410 2
315 411 -4
316 412 -4
409 505 1
410 506 4
411 507 4
412 508 2
505 601 4
506 602 1
507 603 -4
508 604 4
601 697 -1
602 698 1
603 699 4
604 700 -2
697 793 -1
698 794 2
699 795 -4
700 796 -2
793 889 1
794 890 4
795 891 -2
796 892 -2
889 985 2
890 986 1
891 987 -4
892 988 -2
985 1081 1
986 1082 2
987 1083 2
988 1084 1
33 129 -2
34 130 -4
35 131 -2
36 132 2
129 225 -2
130 226 1
131 227 -4
132 228 1
225 321 -1
226 322 -4
227 323 1
228 324 2
321 417 4
322 418 -2
323 419 1
324 420 1
417 513 -1
418 514 -2
419 515 1
420 516 -4
513 609 -4
514 610 4
515 611 -1
516 612 -2
609 705 2
610 706 -1
611 707 4
612 708 -2
705 801 -2
706 802 -2
707 803 -4
708 804 4
801 897 -2
802 898 4
803 899 -2
804 900 2
897 993 -4
898 994 -1
899 995 -4
900 996 1
993 1089 -2
994 1090 -2
995 1091 4
996 1092 4
41 137 -4
42 138 -1
43 139 1
44 140 1
137 233 -1
138 234 2
139 235 4
140 236 -4
233 329 2
234 330 -2
235 331 -4
236 332 -1
329 425 4
330 426 2
331 427 1
332 428 -2
425 521 -2
426 522 2
427 523 -4
428 524 2
521 617 -1
522 618 -2
523 619 2
524 620 1
617 713 1
618 714 2
619 715 -4
620 716 2
713 809 -2
714 810 -1
715 811 1
716 812 4
809 905 -4
810 906 2
811 907 -1
812 908 1
905 1001 2
906 1002 -1
907 1003 1
908 1004 1
1001 1097 -2
1002 1098 4
1003 1099 4
1004 1100 -1
49 145 1
50 146 2
51 147 2
52 148 2
145 241 4
146 242 -4
147 243 -1
148 244 2
241 337 1
242 338 2
243 339 -4
244 340 1
337 433 -2
338 434 -2
339 435 -1
340 436 4
433 529 -4
434 530 1
435 531 -1
436 532 -4
529 625 2
530 626 -1
531 627 2
532 628 -1
625 721 2
626 722 -2
627 723 -1
628 724 2
721 817 -2
722 818 -1
723 819 -4
724 820 1
817 913 -4
818 914 -1
819 915 1
820 916 4
913 1009 1
914 1010 -4
915 1011 2
916 1012 -4
1009 1105 -4
1010 1106 1
1011 1107 -2
1012 1108 4
57 153 -1
58 154 -4
59 155 1
60 156 1
153 249 -4
154 250 2
155 251 4
156 252 -4
249 345 -4
250 346 -1
251 347 -1
252 348 1
345 441 2
346 442 -4
347 443 4
348 444 -2
441 537 -1
442 538 -2
443 539 2
444 540 1
537 633 -2
538 634 2
539 635 -1
540 636 4
633 729 -1
634 730 -1
635 731 -1
636 732 -4
729 825 -2
730 826 2
731 827 -4
732 828 -4
825 921 1
826 922 4
827 923 -2
828 924 -4
921 1017 4
922 1018 -2
923 1019 -4
924 1020 2
1017 1113 -4
1018 1114 -2
1019 1115 1
1020 1116 -2
65 161 -1
66 162 2
67 163 1
68 164 -2
161 257 -1
162 258 -4
163 259 2
164 260 4
257 353 -4
258 354 2
259 355 -2
260 356 2
353 449 -1
354 450 -1
355 451 2
356 452 4
449 545 2
450 546 -4
451 547 -2
452 548 2
545 641 2
546 642 1
547 643 4
548 644 2
641 737 4
642 738 1
643 739 4
644 740 -4
737 833 -4
738 834 2
739 835 1
740 836 -1
833 929 -1
834 930 1
835 931 1
836 932 -2
929 1025 -2
930 1026 -2
931 1027 -2
932 1028 4
1025 1121 -2
1026 1122 -1
1027 1123 -2
1028 1124 -1
73 169 2
74 170 -2
75 171 1
76 172 1
169 265 -4
170 266 -4
171 267 -2
172 268 -4
265 361 -2
266 362 1
267 363 4
268 364 1
361 457 -2
362 458 -4
363 459 -1
364 460 1
457 553 -1
458 554 4
459 555 -2
460 556 -1
553 649 4
554 650 2
555 651 2
556 652 4
649 745 -1
650 746 4
651 747 4
652 748 -4
745 841 2
746 842 1
747 843 -2
748 844 -4
841 937 1
842 938 4
843 939 -2
844 940 -4
937 1033 -4
938 1034 2
939 1035 1
940 1036 4
1033 1129 -4
1034 1130 -4
1035 1131 1
1036 1132 1
81 177 -2
82 178 -1
83 179 4
84 180 -2
177 273 -4
178 274 -4
179 275 1
180 276 2
273 369 1
274 370 2
275 371 -1
276 372 -1
369 465 1
370 466 -1
371 467 -1
372 468 -1
465 561 4
466 562 -2
467 563 -1
468 564 4
561 657 -2
562 658 -2
563 659 -1
564 660 -2
657 753 2
658 754 2
659 755 2
660 756 -4
753 849 -1
754 850 -2
755 851 2
756 852 4
849 945 -1
850 946 2
851 947 2
852 948 4
945 1041 -4
946 1042 4
947 1043 -4
948 1044 2
1041 1137 -1
1042 1138 1
1043 1139 1
1044 1140 4
89 185 2
90 186 -2
91 187 -1
92 188 -1
185 281 1
186 282 -4
187 283 4
188 284 -2
281 377 4
282 378 -2
283 379 2
284 380 -2
377 473 1
378 474 -4
379 475 4
380 476 -1
473 569 1
474 570 4
475 571 1
476 572 4
569 665 -4
570 666 -1
571 667 -2
572 668 -4
665 761 1
666 762 -4
667 763 1
668 764 -2
761 857 -2
762 858 -2
763 859 4
764 860 -1
857 953 -4
858 954 2
859 955 -2
860 956 2
953 1049 -2
954 1050 4
955 1051 1
956 1052 -1
1049 1145 -2
1050 1146 -2
1051 1147 1
1052 1148 -4
