#
1 5 4
1 6 -1
1 7 1
1 8 -1
2 5 -1
2 6 2
2 7 2
2 8 1
3 5 -1
3 6 -2
3 7 1
3 8 2
4 5 4
4 6 -2
4 7 1
4 8 -4
9 13 -4
9 14 -2
9 15 -4
9 16 2
10 13 -4
10 14 -2
10 15 -2
10 16 1
11 13 -2
11 14 -4
11 15 -4
11 16 -4
12 13 2
12 14 -2
12 15 1
12 16 -4
17 21 -2
17 22 2
17 23 -2
17 24 -4
18 21 -4
18 22 4
18 23 -1
18 24 4
19 21 4
19 22 -2
19 23 2
19 24 -1
20 21 -4
20 22 -4
20 23 -1
20 24 2
25 29 -2
25 30 2
25 31 4
25 32 -4
26 29 -4
26 30 4
26 31 -2
26 32 -4
27 29 -2
27 30 -1
27 31 2
27 32 2
28 29 1
28 30 -4
28 31 4
28 32 2
33 37 -1
33 38 -4
33 39 -4
33 40 4
34 37 4
34 38 1
34 39 -1
34 40 -2
35 37 2
35 38 -4
35 39 -4
35 40 -2
36 37 4
36 38 -4
36 39 1
36 40 -4
41 45 -1
41 46 -1
41 47 1
41 48 1
42 45 -4
42 46 2
42 47 -4
42 48 2
43 45 -2
43 46 -1
43 47 -4
43 48 4
44 45 4
44 46 -1
44 47 1
44 48 4
49 53 -4
49 54 -2
49 55 -2
49 56 2
50 53 -1
50 54 -4
50 55 1
50 56 1
51 53 1
51 54 -1
51 55 1
51 56 -1
52 53 -1
52 54 2
52 55 -4
52 56 1
57 61 4
57 62 4
57 63 -4
57 64 1
58 61 -2
58 62 -4
58 63 -1
58 64 1
59 61 2
59 62 1
59 63 4
59 64 2
60 61 1
60 62 -2
60 63 1
60 64 -4
65 69 1
65 70 1
65 71 1
65 72 -2
66 69 -2
66 70 2
66 71 1
66 72 -1
67 69 -2
67 70 -1
67 71 -2
67 72 2
68 69 -4
68 70 -2
68 71 4
68 72 2
73 77 -4
73 78 -4
73 79 4
73 80 -2
74 77 -1
74 78 2
74 79 -2
74 80 1
75 77 4
75 78 -4
75 79 -4
75 80 -1
76 77 -2
76 78 -1
76 79 2
76 80 4
81 85 -2
81 86 -1
81 87 4
81 88 -2
82 85 -1
82 86 4
82 87 2
82 88 2
83 85 -4
83 86 -1
83 87 4
83 88 -4
84 85 1
84 86 -2
84 87 -2
84 88 2
89 93 -4
89 94 2
89 95 2
89 96 -4
90 93 2
90 94 1
90 95 -2
90 96 1
91 93 -2
91 94 -4
91 95 -4
91 96 -4
92 93 -4
92 94 2
92 95 -4
92 96 -2
97 101 -2
97 102 -2
97 103 -2
97 104 -1
98 101 4
98 102 2
98 103 -4
98 104 -4
99 101 1
99 102 4
99 103 2
99 104 -1
100 101 -2
100 102 -1
100 103 1
100 104 1
105 109 -1
105 110 -1
105 111 -4
105 112 -2
106 109 4
106 110 -2
106 111 2
106 112 1
107 109 -1
107 110 -4
107 111 4
107 112 4
108 109 -2
108 110 -1
108 111 2
108 112 -2
113 117 -2
113 118 -2
113 119 1
113 120 1
114 117 4
114 118 1
114 119 -1
114 120 1
115 117 1
115 118 -2
115 119 4
115 120 4
116 117 -4
116 118 4
116 119 4
116 120 2
121 125 4
121 126 -1
121 127 -4
121 128 1
122 125 -4
122 126 -2
122 127 -2
122 128 -2
123 125 4
123 126 2
123 127 1
123 128 2
124 125 -4
124 126 4
124 127 1
124 128 1
129 133 2
129 134 4
129 135 4
129 136 4
130 133 4
130 134 2
130 135 4
130 136 1
131 133 4
131 134 -1
131 135 -2
131 136 -2
132 133 -1
132 134 1
132 135 2
132 136 4
137 141 -4
137 142 -1
137 143 -1
137 144 1
138 141 1
138 142 -1
138 143 -4
138 144 4
139 141 2
139 142 -2
139 143 2
139 144 -2
140 141 -2
140 142 -2
140 143 -1
140 144 -2
145 149 1
145 150 -1
145 151 1
145 152 2
146 149 -1
146 150 1
146 151 -2
146 152 4
147 149 -4
147 150 -1
147 151 1
147 152 4
148 149 1
148 150 -4
148 151 -2
148 152 1
153 157 4
153 158 -1
153 159 -1
153 160 2
154 157 -2
154 158 4
154 159 -4
154 160 -1
155 157 -2
155 158 -2
155 159 4
155 160 4
156 157 4
156 158 1
156 159 2
156 160 -4
161 165 4
161 166 2
161 167 -2
161 168 2
162 165 -4
162 166 2
162 167 -2
162 168 1
163 165 1
163 166 1
163 167 2
163 168 -2
164 165 4
164 166 4
164 167 4
164 168 2
169 173 1
169 174 -4
169 175 -2
169 176 1
170 173 1
170 174 -1
170 175 4
170 176 -1
171 173 -4
171 174 -4
171 175 1
171 176 1
172 173 4
172 174 -2
172 175 -4
172 176 -2
177 181 -4
177 182 -1
177 183 4
177 184 -1
178 181 -2
178 182 -1
178 183 4
178 184 -2
179 181 -2
179 182 -2
179 183 -1
179 184 -2
180 181 -2
180 182 2
180 183 4
180 184 2
185 189 -2
185 190 -2
185 191 -4
185 192 4
186 189 1
186 190 -2
186 191 1
186 192 2
187 189 2
187 190 -4
187 191 1
187 192 -4
188 189 4
188 190 -2
188 191 4
188 192 1
193 197 -1
193 198 1
193 199 -4
193 200 1
194 197 4
194 198 4
194 199 1
194 200 4
195 197 -1
195 198 -2
195 199 2
195 200 1
196 197 4
196 198 4
196 199 2
196 200 -1
201 205 -4
201 206 4
201 207 -2
201 208 2
202 205 -2
202 206 -2
202 207 -2
202 208 -2
203 205 2
203 206 4
203 207 4
203 208 -1
204 205 -2
204 206 4
204 207 -4
204 208 -4
209 213 2
209 214 4
209 215 2
209 216 -2
210 213 2
210 214 1
210 215 4
210 216 -1
211 213 2
211 214 1
211 215 4
211 216 -4
212 213 -2
212 214 -2
212 215 4
212 216 -4
217 221 1
217 222 2
217 223 1
217 224 -2
218 221 4
218 222 -4
218 223 4
218 224 1
219 221 -4
219 222 -2
219 223 -4
219 224 -1
220 221 -2
220 222 -2
220 223 -2
220 224 2
225 229 2
225 230 2
225 231 1
225 232 4
226 229 -1
226 230 -1
226 231 -4
226 232 2
227 229 -1
227 230 4
227 231 -2
227 232 2
228 229 -2
228 230 2
228 231 -1
228 232 -2
233 237 1
233 238 4
233 239 -1
233 240 2
234 237 4
234 238 1
234 239 -4
234 240 -4
235 237 2
235 238 -2
235 239 1
235 240 4
236 237 4
236 238 2
236 239 -4
236 240 -2
241 245 -4
241 246 1
241 247 -4
241 248 -2
242 245 1
242 246 4
242 247 4
242 248 4
243 245 4
243 246 1
243 247 -2
243 248 1
244 245 -4
244 246 -1
244 247 -2
244 248 -1
249 253 -1
249 254 -4
249 255 4
249 256 2
250 253 -2
250 254 -1
250 255 2
250 256 -2
251 253 -4
251 254 4
251 255 4
251 256 -1
252 253 -4
252 254 -1
252 255 2
252 256 -2
257 261 4
257 262 4
257 263 -2
257 264 1
258 261 -2
258 262 1
258 263 1
258 264 4
259 261 -1
259 262 2
259 263 4
259 264 1
260 261 -2
260 262 2
260 263 -1
260 264 -1
265 269 -2
265 270 -1
265 271 2
265 272 -2
266 269 -1
266 270 2
266 271 2
266 272 -4
267 269 -4
267 270 2
267 271 -2
267 272 2
268 269 -1
268 270 2
268 271 1
268 272 -2
273 277 1
273 278 2
273 279 -2
273 280 -1
274 277 -2
274 278 1
274 279 2
274 280 4
275 277 -1
275 278 2
275 279 4
275 280 -4
276 277 2
276 278 -4
276 279 -4
276 280 -1
281 285 4
281 286 -1
281 287 -2
281 288 -4
282 285 -1
282 286 -4
282 287 2
282 288 4
283 285 -2
283 286 -4
283 287 -4
283 288 4
284 285 -1
284 286 2
284 287 -4
284 288 -1
289 293 1
289 294 4
289 295 -1
289 296 4
290 293 4
290 294 4
290 295 -1
290 296 4
291 293 2
291 294 -1
291 295 -2
291 296 4
292 293 2
292 294 -4
292 295 -1
292 296 2
297 301 -1
297 302 1
297 303 1
297 304 -1
298 301 2
298 302 -2
298 303 4
298 304 -4
299 301 1
299 302 -1
299 303 4
299 304 -1
300 301 1
300 302 -1
300 303 4
300 304 2
305 309 -4
305 310 4
305 311 4
305 312 -2
306 309 4
306 310 -2
306 311 2
306 312 -2
307 309 1
307 310 -4
307 311 2
307 312 2
308 309 -1
308 310 -2
308 311 -4
308 312 -1
313 317 4
313 318 2
313 319 4
313 320 4
314 317 -4
314 318 1
314 319 -4
314 320 2
315 317 -4
315 318 -1
315 319 1
315 320 -1
316 317 1
316 318 -4
316 319 -4
316 320 2
321 325 -4
321 326 4
321 327 2
321 328 -1
322 325 1
322 326 -4
322 327 -2
322 328 -2
323 325 -1
323 326 4
323 327 -1
323 328 -2
324 325 4
324 326 4
324 327 -1
324 328 -2
329 333 4
329 334 4
329 335 -1
329 336 4
330 333 1
330 334 1
330 335 4
330 336 1
331 333 -2
331 334 1
331 335 -4
331 336 -4
332 333 4
332 334 -1
332 335 -1
332 336 -1
337 341 1
337 342 2
337 343 -4
337 344 1
338 341 -1
338 342 -4
338 343 -2
338 344 2
339 341 2
339 342 -2
339 343 2
339 344 -4
340 341 2
340 342 -1
340 343 -4
340 344 -1
345 349 -4
345 350 4
345 351 -1
345 352 -4
346 349 -1
346 350 4
346 351 -1
346 352 -4
347 349 -2
347 350 2
347 351 2
347 352 -2
348 349 -1
348 350 -1
348 351 -4
348 352 2
353 357 -1
353 358 -1
353 359 -2
353 360 4
354 357 4
354 358 -2
354 359 1
354 360 1
355 357 2
355 358 4
355 359 2
355 360 -1
356 357 1
356 358 -4
356 359 -4
356 360 -2
361 365 1
361 366 1
361 367 -2
361 368 -4
362 365 4
362 366 1
362 367 4
362 368 4
363 365 -4
363 366 1
363 367 -4
363 368 2
364 365 -4
364 366 4
364 367 2
364 368 -1
369 373 4
369 374 -1
369 375 4
369 376 -2
370 373 4
370 374 4
370 375 -4
370 376 -2
371 373 -1
371 374 1
371 375 -1
371 376 -2
372 373 1
372 374 -2
372 375 -4
372 376 -1
377 381 4
377 382 -2
377 383 1
377 384 -2
378 381 4
378 382 1
378 383 -2
378 384 4
379 381 -1
379 382 1
379 383 1
379 384 -2
380 381 2
380 382 -1
380 383 1
380 384 2
385 389 2
385 390 4
385 391 -1
385 392 1
386 389 1
386 390 1
386 391 4
386 392 2
387 389 4
387 390 -1
387 391 1
387 392 1
388 389 2
388 390 4
388 391 -1
388 392 -2
393 397 1
393 398 1
393 399 -4
393 400 -4
394 397 -1
394 398 4
394 399 -1
394 400 -1
395 397 -2
395 398 1
395 399 2
395 400 -4
396 397 -4
396 398 2
396 399 -1
396 400 -1
401 405 -1
401 406 -2
401 407 1
401 408 1
402 405 2
402 406 4
402 407 1
402 408 1
403 405 1
403 406 -1
403 407 2
403 408 -2
404 405 2
404 406 -1
404 407 2
404 408 1
409 413 2
409 414 -4
409 415 1
409 416 1
410 413 -2
410 414 -4
410 415 -4
410 416 1
411 413 1
411 414 -1
411 415 2
411 416 4
412 413 -1
412 414 -1
412 415 -1
412 416 2
417 421 1
417 422 -1
417 423 -4
417 424 -1
418 421 -4
418 422 -1
418 423 -4
418 424 -2
419 421 -4
419 422 4
419 423 -2
419 424 -2
420 421 -4
420 422 4
420 423 -4
420 424 -1
425 429 -1
425 430 -4
425 431 2
425 432 -4
426 429 -1
426 430 -2
426 431 2
426 432 -4
427 429 1
427 430 2
427 431 -1
427 432 1
428 429 -4
428 430 2
428 431 -4
428 432 4
433 437 -4
433 438 -4
433 439 -2
433 440 -4
434 437 -1
434 438 1
434 439 2
434 440 4
435 437 -1
435 438 -2
435 439 2
435 440 2
436 437 -2
436 438 -4
436 439 4
436 440 1
441 445 -1
441 446 2
441 447 1
441 448 -1
442 445 -2
442 446 -4
442 447 2
442 448 1
443 445 1
443 446 1
443 447 2
443 448 1
444 445 -2
444 446 -2
444 447 -2
444 448 -4
449 453 -4
449 454 -4
449 455 -4
449 456 -1
450 453 4
450 454 -1
450 455 -4
450 456 -2
451 453 4
451 454 -4
451 455 -1
451 456 2
452 453 -4
452 454 4
452 455 2
452 456 2
457 461 -2
457 462 -2
457 463 4
457 464 2
458 461 2
458 462 1
458 463 -1
458 464 -4
459 461 1
459 462 4
459 463 -1
459 464 1
460 461 1
460 462 -2
460 463 4
460 464 -2
465 469 -4
465 470 -1
465 471 -4
465 472 -4
466 469 4
466 470 1
466 471 2
466 472 -1
467 469 -4
467 470 -1
467 471 4
467 472 1
468 469 1
468 470 -2
468 471 2
468 472 2
473 477 1
473 478 -2
473 479 4
473 480 1
474 477 -1
474 478 -1
474 479 1
474 480 2
475 477 4
475 478 1
475 479 4
475 480 -1
476 477 -4
476 478 2
476 479 -2
476 480 1
481 485 1
481 486 2
481 487 -4
481 488 2
482 485 -2
482 486 4
482 487 -4
482 488 -1
483 485 -1
483 486 2
483 487 -2
483 488 -2
484 485 2
484 486 1
484 487 -2
484 488 1
489 493 1
489 494 2
489 495 1
489 496 4
490 493 2
490 494 -1
490 495 -4
490 496 -1
491 493 4
491 494 -1
491 495 2
491 496 2
492 493 1
492 494 1
492 495 2
492 496 1
497 501 -4
497 502 4
497 503 1
497 504 -4
498 501 4
498 502 1
498 503 4
498 504 1
499 501 4
499 502 1
499 503 -4
499 504 -1
500 501 2
500 502 -1
500 503 1
500 504 1
505 509 -2
505 510 -4
505 511 2
505 512 -2
506 509 2
506 510 -4
506 511 2
506 512 4
507 509 -2
507 510 1
507 511 2
507 512 -1
508 509 -1
508 510 1
508 511 2
508 512 -1
513 517 -2
513 518 -4
513 519 2
513 520 2
514 517 -2
514 518 -2
514 519 -2
514 520 -1
515 517 -2
515 518 -2
515 519 -2
515 520 -4
516 517 1
516 518 2
516 519 -4
516 520 2
521 525 -1
521 526 -2
521 527 -4
521 528 4
522 525 -4
522 526 -1
522 527 -2
522 528 4
523 525 -4
523 526 -2
523 527 4
523 528 1
524 525 1
524 526 4
524 527 -4
524 528 -1
529 533 4
529 534 -4
529 535 2
529 536 4
530 533 4
530 534 -4
530 535 -4
530 536 -4
531 533 1
531 534 2
531 535 2
531 536 -1
532 533 2
532 534 -2
532 535 4
532 536 -4
537 541 4
537 542 -2
537 543 1
537 544 2
538 541 -4
538 542 -1
538 543 1
538 544 4
539 541 2
539 542 -1
539 543 1
539 544 -1
540 541 4
540 542 1
540 543 -1
540 544 1
545 549 -4
545 550 4
545 551 4
545 552 -4
546 549 -1
546 550 -1
546 551 4
546 552 -4
547 549 1
547 550 1
547 551 -1
547 552 -1
548 549 -1
548 550 -1
548 551 -2
548 552 -2
553 557 -2
553 558 -2
553 559 2
553 560 4
554 557 -4
554 558 4
554 559 -2
554 560 -4
555 557 -4
555 558 1
555 559 -1
555 560 -4
556 557 2
556 558 -1
556 559 1
556 560 -1
561 565 1
561 566 -2
561 567 1
561 568 2
562 565 4
562 566 -2
562 567 -2
562 568 -4
563 565 -4
563 566 -1
563 567 -4
563 568 1
564 565 4
564 566 -2
564 567 -1
564 568 1
569 573 -1
569 574 -4
569 575 2
569 576 -1
570 573 -1
570 574 -1
570 575 -2
570 576 -1
571 573 -4
571 574 1
571 575 -4
571 576 1
572 573 -2
572 574 -2
572 575 -1
572 576 -4
577 581 -2
577 582 -2
577 583 -1
577 584 -4
578 581 4
578 582 -1
578 583 -1
578 584 1
579 581 1
579 582 1
579 583 -4
579 584 -2
580 581 4
580 582 -1
580 583 -2
580 584 2
585 589 -1
585 590 -2
585 591 -4
585 592 1
586 589 1
586 590 -1
586 591 4
586 592 -1
587 589 -1
587 590 -1
587 591 -2
587 592 4
588 589 4
588 590 4
588 591 -4
588 592 -1
593 597 -2
593 598 4
593 599 -4
593 600 2
594 597 -4
594 598 -1
594 599 -2
594 600 2
595 597 2
595 598 4
595 599 1
595 600 1
596 597 -1
596 598 -4
596 599 -2
596 600 1
601 605 -2
601 606 -4
601 607 -4
601 608 2
602 605 2
602 606 -2
602 607 4
602 608 -1
603 605 -4
603 606 -1
603 607 -2
603 608 -4
604 605 4
604 606 1
604 607 -1
604 608 -1
609 613 1
609 614 -4
609 615 -1
609 616 4
610 613 4
610 614 -4
610 615 4
610 616 -1
611 613 2
611 614 -4
611 615 -4
611 616 4
612 613 1
612 614 -4
612 615 -4
612 616 -2
617 621 1
617 622 -2
617 623 -4
617 624 -2
618 621 -4
618 622 -1
618 623 1
618 624 -1
619 621 -1
619 622 -1
619 623 1
619 624 2
620 621 -4
620 622 -1
620 623 2
620 624 2
625 629 4
625 630 -4
625 631 4
625 632 2
626 629 -4
626 630 -2
626 631 -2
626 632 -4
627 629 2
627 630 -2
627 631 -2
627 632 -2
628 629 -1
628 630 4
628 631 1
628 632 1
633 637 2
633 638 -4
633 639 4
633 640 2
634 637 -2
634 638 2
634 639 -1
634 640 1
635 637 -2
635 638 -2
635 639 -1
635 640 2
636 637 -2
636 638 -4
636 639 -1
636 640 -2
641 645 1
641 646 -4
641 647 -4
641 648 2
642 645 -4
642 646 4
642 647 4
642 648 1
643 645 -1
643 646 2
643 647 4
643 648 2
644 645 1
644 646 2
644 647 4
644 648 -2
649 653 1
649 654 4
649 655 -1
649 656 1
650 653 -1
650 654 -2
650 655 2
650 656 -4
651 653 -4
651 654 -1
651 655 -1
651 656 -2
652 653 -4
652 654 4
652 655 1
652 656 -4
657 661 -1
657 662 2
657 663 -2
657 664 -4
658 661 -1
658 662 4
658 663 4
658 664 2
659 661 -1
659 662 -1
659 663 1
659 664 -2
660 661 -4
660 662 -2
660 663 1
660 664 2
665 669 -4
665 670 2
665 671 2
665 672 -4
666 669 2
666 670 2
666 671 -1
666 672 -4
667 669 -1
667 670 -1
667 671 -1
667 672 1
668 669 2
668 670 -1
668 671 1
668 672 1
673 677 -2
673 678 2
673 679 -2
673 680 -1
674 677 2
674 678 2
674 679 -2
674 680 4
675 677 1
675 678 -2
675 679 -4
675 680 2
676 677 1
676 678 -4
676 679 -1
676 680 -1
681 685 -2
681 686 2
681 687 1
681 688 4
682 685 1
682 686 -2
682 687 -4
682 688 2
683 685 1
683 686 -1
683 687 4
683 688 2
684 685 -2
684 686 4
684 687 -1
684 688 2
689 693 -2
689 694 -2
689 695 1
689 696 -4
690 693 2
690 694 -4
690 695 -2
690 696 1
691 693 -2
691 694 -1
691 695 -1
691 696 -2
692 693 -4
692 694 1
692 695 1
692 696 -4
697 701 -2
697 702 1
697 703 -2
697 704 1
698 701 4
698 702 4
698 703 -4
698 704 4
699 701 1
699 702 4
699 703 -2
699 704 -4
700 701 2
700 702 4
700 703 -1
700 704 4
705 709 -2
705 710 -1
705 711 -4
705 712 2
706 709 1
706 710 4
706 711 1
706 712 1
707 709 1
707 710 4
707 711 2
707 712 4
708 709 1
708 710 -4
708 711 -1
708 712 2
713 717 -1
713 718 4
713 719 1
713 720 1
714 717 -1
714 718 -1
714 719 -1
714 720 4
715 717 -2
715 718 -1
715 719 -4
715 720 1
716 717 -1
716 718 4
716 719 -2
716 720 4
721 725 4
721 726 2
721 727 -1
721 728 -4
722 725 2
722 726 4
722 727 1
722 728 -2
723 725 4
723 726 1
723 727 2
723 728 -2
724 725 1
724 726 4
724 727 -2
724 728 4
729 733 -2
729 734 1
729 735 4
729 736 -4
730 733 4
730 734 -1
730 735 -1
730 736 -4
731 733 -1
731 734 -4
731 735 4
731 736 1
732 733 1
732 734 -1
732 735 -4
732 736 4
737 741 -2
737 742 -4
737 743 2
737 744 -4
738 741 2
738 742 -2
738 743 4
738 744 1
739 741 2
739 742 -4
739 743 2
739 744 2
740 741 4
740 742 1
740 743 2
740 744 4
745 749 1
745 750 1
745 751 -2
745 752 2
746 749 2
746 750 1
746 751 -1
746 752 1
747 749 -2
747 750 4
747 751 4
747 752 2
748 749 4
748 750 1
748 751 1
748 752 2
753 757 4
753 758 -1
753 759 -2
753 760 1
754 757 -1
754 758 -4
754 759 1
754 760 -2
755 757 2
755 758 -2
755 759 -4
755 760 -2
756 757 4
756 758 2
756 759 -2
756 760 -1
761 765 -2
761 766 4
761 767 4
761 768 -2
762 765 2
762 766 2
762 767 -4
762 768 -4
763 765 -2
763 766 -1
763 767 -1
763 768 -4
764 765 1
764 766 -1
764 767 -2
764 768 -1
769 773 -2
769 774 -2
769 775 2
769 776 4
770 773 4
770 774 -2
770 775 4
770 776 -2
771 773 -2
771 774 -2
771 775 -2
771 776 -2
772 773 -2
772 774 -1
772 775 -4
772 776 -2
777 781 -2
777 782 -2
777 783 4
777 784 2
778 781 -4
778 782 -1
778 783 1
778 784 4
779 781 -2
779 782 -1
779 783 1
779 784 -4
780 781 -4
780 782 2
780 783 -1
780 784 -1
785 789 -4
785 790 1
785 791 -4
785 792 -2
786 789 -2
786 790 -4
786 791 -2
786 792 2
787 789 4
787 790 -2
787 791 2
787 792 2
788 789 -1
788 790 2
788 791 -4
788 792 -1
793 797 -2
793 798 -2
793 799 -2
793 800 -1
794 797 1
794 798 -1
794 799 4
794 800 -2
795 797 -4
795 798 -4
795 799 1
795 800 1
796 797 1
796 798 4
796 799 -2
796 800 -4
801 805 2
801 806 2
801 807 -4
801 808 -4
802 805 2
802 806 4
802 807 -4
802 808 -4
803 805 1
803 806 -4
803 807 2
803 808 2
804 805 1
804 806 2
804 807 -2
804 808 2
809 813 4
809 814 4
809 815 -2
809 816 1
810 813 -2
810 814 -2
810 815 -2
810 816 4
811 813 2
811 814 4
811 815 -2
811 816 4
812 813 -2
812 814 1
812 815 1
812 816 2
817 821 -4
817 822 1
817 823 -2
817 824 -2
818 821 1
818 822 -2
818 823 -4
818 824 -4
819 821 -2
819 822 1
819 823 4
819 824 4
820 821 1
820 822 -4
820 823 4
820 824 4
825 829 2
825 830 -4
825 831 -2
825 832 -2
826 829 1
826 830 -2
826 831 -2
826 832 2
827 829 -4
827 830 -2
827 831 -2
827 832 4
828 829 4
828 830 -2
828 831 4
828 832 2
833 837 -1
833 838 -4
833 839 -1
833 840 1
834 837 4
834 838 2
834 839 -2
834 840 1
835 837 1
835 838 -2
835 839 -1
835 840 -2
836 837 -1
836 838 2
836 839 1
836 840 -2
841 845 4
841 846 2
841 847 1
841 848 -1
842 845 -4
842 846 4
842 847 4
842 848 2
843 845 -4
843 846 2
843 847 -2
843 848 4
844 845 2
844 846 -2
844 847 4
844 848 1
849 853 -1
849 854 -4
849 855 1
849 856 -1
850 853 -4
850 854 -1
850 855 2
850 856 -4
851 853 4
851 854 4
851 855 2
851 856 2
852 853 -4
852 854 1
852 855 2
852 856 1
857 861 4
857 862 -1
857 863 -2
857 864 -2
858 861 -1
858 862 -4
858 863 1
858 864 -1
859 861 1
859 862 -4
859 863 -1
859 864 1
860 861 -4
860 862 4
860 863 -2
860 864 -1
865 869 -2
865 870 4
865 871 4
865 872 -4
866 869 -2
866 870 2
866 871 -1
866 872 -2
867 869 -1
867 870 -2
867 871 -4
867 872 4
868 869 -2
868 870 -1
868 871 -1
868 872 2
873 877 -4
873 878 -1
873 879 -2
873 880 4
874 877 -1
874 878 4
874 879 -2
874 880 1
875 877 -1
875 878 4
875 879 1
875 880 2
876 877 -4
876 878 2
876 879 -1
876 880 -4
881 885 -2
881 886 1
881 887 4
881 888 2
882 885 4
882 886 4
882 887 1
882 888 -4
883 885 -1
883 886 -4
883 887 -2
883 888 1
884 885 -4
884 886 -4
884 887 1
884 888 -1
889 893 1
889 894 1
889 895 -1
889 896 2
890 893 -4
890 894 2
890 895 4
890 896 -1
891 893 4
891 894 1
891 895 -4
891 896 4
892 893 4
892 894 1
892 895 -4
892 896 1
897 901 4
897 902 -2
897 903 4
897 904 2
898 901 -1
898 902 -1
898 903 2
898 904 -2
899 901 -4
899 902 -4
899 903 -4
899 904 -1
900 901 -1
900 902 -1
900 903 2
900 904 -4
905 909 -2
905 910 -1
905 911 -2
905 912 -4
906 909 -1
906 910 -4
906 911 -2
906 912 -1
907 909 -1
907 910 -2
907 911 -1
907 912 2
908 909 4
908 910 -2
908 911 4
908 912 -2
913 917 -1
913 918 4
913 919 -4
913 920 2
914 917 -2
914 918 1
914 919 1
914 920 2
915 917 -2
915 918 2
915 919 2
915 920 -2
916 917 2
916 918 2
916 919 4
916 920 -4
921 925 -4
921 926 -2
921 927 -1
921 928 1
922 925 1
922 926 -4
922 927 -1
922 928 -2
923 925 1
923 926 -1
923 927 1
923 928 -4
924 925 -1
924 926 1
924 927 -2
924 928 1
929 933 4
929 934 -4
929 935 1
929 936 1
930 933 -4
930 934 1
930 935 4
930 936 -4
931 933 1
931 934 -4
931 935 1
931 936 -4
932 933 -2
932 934 1
932 935 -4
932 936 2
937 941 -4
937 942 -4
937 943 -2
937 944 2
938 941 4
938 942 1
938 943 -4
938 944 -4
939 941 1
939 942 -2
939 943 4
939 944 -4
940 941 -2
940 942 1
940 943 2
940 944 -2
945 949 1
945 950 -4
945 951 2
945 952 -4
946 949 -1
946 950 -1
946 951 1
946 952 4
947 949 1
947 950 2
947 951 4
947 952 2
948 949 -4
948 950 -1
948 951 -2
948 952 1
953 957 4
953 958 -2
953 959 2
953 960 -4
954 957 4
954 958 2
954 959 -1
954 960 -2
955 957 2
955 958 -1
955 959 2
955 960 -1
956 957 4
956 958 -4
956 959 4
956 960 -4
961 965 1
961 966 2
961 967 -4
961 968 1
962 965 2
962 966 2
962 967 -2
962 968 -1
963 965 -2
963 966 2
963 967 -4
963 968 -4
964 965 -1
964 966 -4
964 967 2
964 968 -2
969 973 2
969 974 -1
969 975 -2
969 976 -1
970 973 -2
970 974 -4
970 975 2
970 976 -2
971 973 4
971 974 1
971 975 4
971 976 -2
972 973 -1
972 974 2
972 975 -4
972 976 -1
977 981 -2
977 982 4
977 983 2
977 984 2
978 981 -2
978 982 -2
978 983 1
978 984 -4
979 981 4
979 982 4
979 983 1
979 984 2
980 981 2
980 982 2
980 983 -1
980 984 -1
985 989 2
985 990 -1
985 991 4
985 992 2
986 989 2
986 990 -2
986 991 -2
986 992 1
987 989 -4
987 990 -2
987 991 1
987 992 1
988 989 1
988 990 4
988 991 2
988 992 2
993 997 2
993 998 4
993 999 1
993 1000 -2
994 997 2
994 998 2
994 999 -1
994 1000 -2
995 997 -2
995 998 4
995 999 1
995 1000 2
996 997 4
996 998 1
996 999 4
996 1000 -1
1001 1005 2
1001 1006 -1
1001 1007 -2
1001 1008 -2
1002 1005 2
1002 1006 -2
1002 1007 -4
1002 1008 -1
1003 1005 -4
1003 1006 -2
1003 1007 -4
1003 1008 -1
1004 1005 -2
1004 1006 -2
1004 1007 2
1004 1008 -1
1009 1013 -1
1009 1014 4
1009 1015 2
1009 1016 -1
1010 1013 -4
1010 1014 4
1010 1015 4
1010 1016 -1
1011 1013 2
1011 1014 2
1011 1015 -1
1011 1016 -1
1012 1013 -2
1012 1014 4
1012 1015 1
1012 1016 -4
1017 1021 -1
1017 1022 4
1017 1023 -4
1017 1024 2
1018 1021 2
1018 1022 2
1018 1023 4
1018 1024 1
1019 1021 -4
1019 1022 -2
1019 1023 -4
1019 1024 -4
1020 1021 4
1020 1022 -4
1020 1023 4
1020 1024 -1
1025 1029 2
1025 1030 2
1025 1031 4
1025 1032 -2
1026 1029 -1
1026 1030 2
1026 1031 2
1026 1032 2
1027 1029 4
1027 1030 -1
1027 1031 1
1027 1032 -1
1028 1029 -1
1028 1030 -4
1028 1031 -4
1028 1032 2
1033 1037 2
1033 1038 2
1033 1039 -1
1033 1040 -1
1034 1037 4
1034 1038 1
1034 1039 -2
1034 1040 4
1035 1037 -4
1035 1038 -4
1035 1039 -4
1035 1040 1
1036 1037 -4
1036 1038 -1
1036 1039 -2
1036 1040 -4
1041 1045 4
1041 1046 2
1041 1047 2
1041 1048 -2
1042 1045 -4
1042 1046 -4
1042 1047 -1
1042 1048 -2
1043 1045 -4
1043 1046 1
1043 1047 2
1043 1048 4
1044 1045 2
1044 1046 -2
1044 1047 -2
1044 1048 4
1049 1053 -2
1049 1054 -1
1049 1055 -1
1049 1056 -2
1050 1053 -2
1050 1054 2
1050 1055 -4
1050 1056 -4
1051 1053 -2
1051 1054 -1
1051 1055 4
1051 1056 2
1052 1053 -4
1052 1054 -2
1052 1055 2
1052 1056 -2
1057 1061 2
1057 1062 2
1057 1063 1
1057 1064 4
1058 1061 -2
1058 1062 -4
1058 1063 -2
1058 1064 1
1059 1061 -2
1059 1062 -4
1059 1063 -4
1059 1064 1
1060 1061 2
1060 1062 2
1060 1063 -1
1060 1064 4
1065 1069 -1
1065 1070 -2
1065 1071 2
1065 1072 -1
1066 1069 -1
1066 1070 -2
1066 1071 4
1066 1072 -2
1067 1069 -1
1067 1070 -2
1067 1071 4
1067 1072 1
1068 1069 -1
1068 1070 -4
1068 1071 2
1068 1072 4
1073 1077 -1
1073 1078 1
1073 1079 2
1073 1080 4
1074 1077 -2
1074 1078 1
1074 1079 1
1074 1080 2
1075 1077 4
1075 1078 -1
1075 1079 4
1075 1080 -1
1076 1077 2
1076 1078 2
1076 1079 4
1076 1080 -2
1081 1085 -2
1081 1086 -2
1081 1087 2
1081 1088 2
1082 1085 -2
1082 1086 2
1082 1087 -1
1082 1088 1
1083 1085 -4
1083 1086 -1
1083 1087 -4
1083 1088 2
1084 1085 2
1084 1086 4
1084 1087 -1
1084 1088 1
1089 1093 4
1089 1094 4
1089 1095 -2
1089 1096 -1
1090 1093 -4
1090 1094 2
1090 1095 -1
1090 1096 -1
1091 1093 -1
1091 1094 1
1091 1095 4
1091 1096 -4
1092 1093 -1
1092 1094 1
1092 1095 1
1092 1096 1
1097 1101 2
1097 1102 4
1097 1103 1
1097 1104 -1
1098 1101 -4
1098 1102 4
1098 1103 -4
1098 1104 -2
1099 1101 -1
1099 1102 -4
1099 1103 4
1099 1104 -1
1100 1101 -4
1100 1102 -4
1100 1103 1
1100 1104 2
1105 1109 -4
1105 1110 4
1105 1111 1
1105 1112 1
1106 1109 -4
1106 1110 -1
1106 1111 4
1106 1112 -4
1107 1109 1
1107 1110 1
1107 1111 1
1107 1112 -1
1108 1109 -1
1108 1110 4
1108 1111 4
1108 1112 1
1113 1117 -2
1113 1118 2
1113 1119 -4
1113 1120 -4
1114 1117 2
1114 1118 -2
1114 1119 -1
1114 1120 -1
1115 1117 -1
1115 1118 -4
1115 1119 -2
1115 1120 1
1116 1117 2
1116 1118 -4
1116 1119 -4
1116 1120 1
1121 1125 -1
1121 1126 4
1121 1127 -4
1121 1128 1
1122 1125 -4
1122 1126 2
1122 1127 -4
1122 1128 2
1123 1125 4
1123 1126 -2
1123 1127 2
1123 1128 -4
1124 1125 -4
1124 1126 1
1124 1127 -2
1124 1128 2
1129 1133 4
1129 1134 -4
1129 1135 4
1129 1136 4
1130 1133 -2
1130 1134 1
1130 1135 -1
1130 1136 2
1131 1133 -4
1131 1134 -1
1131 1135 -4
1131 1136 1
1132 1133 -4
1132 1134 -1
1132 1135 -1
1132 1136 -4
1137 1141 -4
1137 1142 -1
1137 1143 4
1137 1144 -4
1138 1141 -4
1138 1142 -1
1138 1143 -1
1138 1144 -1
1139 1141 -4
1139 1142 4
1139 1143 -1
1139 1144 4
1140 1141 -4
1140 1142 4
1140 1143 4
1140 1144 4
1145 1149 2
1145 1150 4
1145 1151 -1
1145 1152 -1
1146 1149 4
1146 1150 -1
1146 1151 -2
1146 1152 4
1147 1149 1
1147 1150 -4
1147 1151 4
1147 1152 4
1148 1149 -4
1148 1150 4
1148 1151 -1
1148 1152 4
5 13 2
6 14 -2
7 15 -4
8 16 -1
13 21 2
14 22 -2
15 23 1
16 24 1
21 29 1
22 30 -2
23 31 -1
24 32 2
29 37 4
30 38 -4
31 39 -2
32 40 -1
37 45 2
38 46 2
39 47 -4
40 48 1
45 53 -1
46 54 2
47 55 4
48 56 1
53 61 -1
54 62 4
55 63 -2
56 64 2
61 69 2
62 70 -4
63 71 4
64 72 4
69 77 4
70 78 4
71 79 -1
72 80 1
77 85 -4
78 86 2
79 87 -4
80 88 4
85 93 4
86 94 -1
87 95 -4
88 96 4
101 109 -4
102 110 4
103 111 -2
104 112 -1
109 117 -1
110 118 -1
111 119 -2
112 120 -1
117 125 -1
118 126 -2
119 127 -1
120 128 2
125 133 4
126 134 -4
127 135 2
128 136 1
133 141 4
134 142 -1
135 143 -4
136 144 1
141 149 -4
142 150 -2
143 151 -1
144 152 -1
149 157 2
150 158 1
151 159 2
152 160 1
157 165 4
158 166 -2
159 167 1
160 168 2
165 173 4
166 174 1
167 175 2
168 176 -4
173 181 -2
174 182 -1
175 183 1
176 184 4
181 189 2
182 190 4
183 191 -2
184 192 -1
197 205 -2
198 206 4
199 207 -2
200 208 -4
205 213 -2
206 214 2
207 215 -4
208 216 4
213 221 -2
214 222 2
215 223 -4
216 224 1
221 229 4
222 230 -1
223 231 4
224 232 -2
229 237 2
230 238 -4
231 239 1
232 240 -2
237 245 1
238 246 -1
239 247 -4
240 248 -4
245 253 1
246 254 -4
247 255 1
248 256 2
253 261 2
254 262 4
255 263 -4
256 264 -1
261 269 4
262 270 2
263 271 4
264 272 -1
269 277 -1
270 278 1
271 279 -4
272 280 1
277 285 2
278 286 2
279 287 -2
280 288 1
293 301 1
294 302 -2
295 303 -1
296 304 -1
301 309 4
302 310 1
303 311 -4
304 312 2
309 317 -4
310 318 -1
311 319 4
312 320 4
317 325 1
318 326 -4
319 327 -2
320 328 1
325 333 -1
326 334 -4
327 335 -4
328 336 1
333 341 -2
334 342 -2
335 343 -1
336 344 -1
341 349 -2
342 350 2
343 351 -1
344 352 2
349 357 -2
350 358 -2
351 359 -1
352 360 1
357 365 -1
358 366 1
359 367 -4
360 368 2
365 373 2
366 374 1
367 375 1
368 376 -4
373 381 1
374 382 -1
375 383 -2
376 384 -1
389 397 -4
390 398 -1
391 399 -4
392 400 4
397 405 -4
398 406 -4
399 407 -1
400 408 -4
405 413 -4
406 414 1
407 415 -4
408 416 -4
413 421 4
414 422 4
415 423 2
416 424 4
421 429 -1
422 430 -4
423 431 2
424 432 1
429 437 -4
430 438 -1
431 439 4
432 440 -4
437 445 -1
438 446 1
439 447 -2
440 448 -4
445 453 1
446 454 1
447 455 -2
448 456 -4
453 461 -2
454 462 -2
455 463 -1
456 464 -1
461 469 2
462 470 -2
463 471 -1
464 472 1
469 477 4
470 478 -1
471 479 1
472 480 -4
485 493 -2
486 494 -2
487 495 4
488 496 4
493 501 4
494 502 2
495 503 2
496 504 1
501 509 -1
502 510 4
503 511 2
504 512 -2
509 517 -1
510 518 -2
511 519 -4
512 520 -2
517 525 1
518 526 -2
519 527 -1
520 528 -4
525 533 2
526 534 -1
527 535 -1
528 536 -1
533 541 -1
534 542 -1
535 543 4
536 544 4
541 549 -1
542 550 2
543 551 4
544 552 -1
549 557 4
550 558 -1
551 559 -1
552 560 -2
557 565 2
558 566 1
559 567 -1
560 568 1
565 573 4
566 574 1
567 575 -2
568 576 -1
581 589 4
582 590 2
583 591 2
584 592 -2
589 597 -2
590 598 -1
591 599 -4
592 600 1
597 605 4
598 606 -4
599 607 1
600 608 -2
605 613 -2
606 614 4
607 615 4
608 616 2
613 621 4
614 622 -2
615 623 1
616 624 -2
621 629 2
622 630 1
623 631 -2
624 632 -4
629 637 4
630 638 4
631 639 1
632 640 -4
637 645 4
638 646 -4
639 647 -1
640 648 -4
645 653 2
646 654 4
647 655 -4
648 656 -1
653 661 -2
654 662 4
655 663 4
656 664 -2
661 669 2
662 670 -2
663 671 2
664 672 -2
677 685 2
678 686 2
679 687 1
680 688 -2
685 693 -1
686 694 1
687 695 4
688 696 2
693 701 -1
694 702 2
695 703 -2
696 704 -4
701 709 -2
702 710 -2
703 711 -2
704 712 -2
709 717 -2
710 718 2
711 719 2
712 720 -2
717 725 1
718 726 -2
719 727 -4
720 728 4
725 733 -2
726 734 -4
727 735 -4
728 736 -4
733 741 1
734 742 -1
735 743 -1
736 744 4
741 749 -4
742 750 4
743 751 1
744 752 -2
749 757 -4
750 758 4
751 759 -4
752 760 4
757 765 -1
758 766 -1
759 767 1
760 768 2
773 781 -1
774 782 4
775 783 4
776 784 -4
781 789 -1
782 790 2
783 791 -2
784 792 -2
789 797 -1
790 798 1
791 799 2
792 800 2
797 805 2
798 806 -4
799 807 4
800 808 4
805 813 -2
806 814 -2
807 815 -4
808 816 -2
813 821 4
814 822 -4
815 823 -1
816 824 4
821 829 1
822 830 2
823 831 -1
824 832 -2
829 837 -2
830 838 -1
831 839 -2
832 840 1
837 845 1
838 846 -1
839 847 -1
840 848 2
845 853 1
846 854 -4
847 855 2
848 856 1
853 861 -4
854 862 -2
855 863 -1
856 864 2
869 877 2
870 878 2
871 879 4
872 880 -1
877 885 2
878 886 1
879 887 -2
880 888 -4
885 893 -4
886 894 -4
887 895 -4
888 896 -1
893 901 2
894 902 2
895 903 -2
896 904 -2
901 909 -1
902 910 -1
903 911 -1
904 912 -4
909 917 2
910 918 4
911 919 -2
912 920 4
917 925 -2
918 926 1
919 927 -4
920 928 4
925 933 2
926 934 -4
927 935 4
928 936 -4
933 941 1
934 942 -2
935 943 4
936 944 2
941 949 2
942 950 -4
943 951 -4
944 952 -2
949 957 -4
950 958 4
951 959 -2
952 960 -2
965 973 4
966 974 4
967 975 -4
968 976 -4
973 981 2
974 982 -1
975 983 -1
976 984 2
981 989 -2
982 990 -2
983 991 -1
984 992 2
989 997 -4
990 998 -2
991 999 4
992 1000 1
997 1005 -2
998 1006 -4
999 1007 -2
1000 1008 4
1005 1013 4
1006 1014 -1
1007 1015 -2
1008 1016 4
1013 1021 -2
1014 1022 1
1015 1023 -2
1016 1024 4
1021 1029 -2
1022 1030 2
1023 1031 -4
1024 1032 -1
1029 1037 1
1030 1038 -1
1031 1039 2
1032 1040 -1
1037 1045 -1
1038 1046 4
1039 1047 4
1040 1048 -4
1045 1053 -2
1046 1054 -2
1047 1055 4
1048 1056 -1
1061 1069 1
1062 1070 -2
1063 1071 1
1064 1072 2
1069 1077 -1
1070 1078 -4
1071 1079 2
1072 1080 -1
1077 1085 2
1078 1086 -2
1079 1087 2
1080 1088 2
1085 1093 4
1086 1094 2
1087 1095 4
1088 1096 -4
1093 1101 -4
1094 1102 -4
1095 1103 2
1096 1104 -4
1101 1109 1
1102 1110 -1
1103 1111 2
1104 1112 -4
1109 1117 4
1110 1118 -1
1111 1119 1
1112 1120 4
1117 1125 -2
1118 1126 2
1119 1127 1
1120 1128 -2
1125 1133 -4
1126 1134 2
1127 1135 -4
1128 1136 -1
1133 1141 4
1134 1142 -4
1135 1143 4
1136 1144 2
1141 1149 -2
1142 1150 4
1143 1151 2
1144 1152 2
1 97 1
2 98 4
3 99 -1
4 100 -1
97 193 1
98 194 -2
99 195 -4
100 196 -2
193 289 1
194 290 2
195 291 -4
196 292 -2
289 385 -1
290 386 -2
291 387 2
292 388 4
385 481 -4
386 482 -1
387 483 1
388 484 -1
481 577 2
482 578 -2
483 579 -1
484 580 -2
577 673 -4
578 674 2
579 675 1
580 676 4
673 769 2
674 770 -1
675 771 4
676 772 -1
769 865 -2
770 866 -1
771 867 -4
772 868 1
865 961 -4
866 962 -4
867 963 -4
868 964 -1
961 1057 1
962 1058 -2
963 1059 2
964 1060 1
9 105 -1
10 106 1
11 107 2
12 108 -1
105 201 -2
106 202 -2
107 203 1
108 204 -1
201 297 -4
202 298 -2
203 299 2
204 300 -2
297 393 -1
298 394 4
299 395 -4
300 396 1
393 489 -2
394 490 -2
395 491 -1
396 492 -1
489 585 -4
490 586 -4
491 587 -2
492 588 -2
585 681 1
586 682 -2
587 683 4
588 684 4
681 777 1
682 778 2
683 779 4
684 780 -1
777 873 1
778 874 -1
779 875 4
780 876 -4
873 969 -2
874 970 2
875 971 -1
876 972 -2
969 1065 -1
970 1066 2
971 1067 -4
972 1068 4
17 113 2
18 114 -1
19 115 4
20 116 -1
113 209 -1
114 210 -1
115 211 -1
116 212 -2
209 305 -4
210 306 -2
211 307 -2
212 308 4
305 401 1
306 402 -2
307 403 2
308 404 1
401 497 2
402 498 -4
403 499 4
404 500 4
497 593 -4
498 594 2
499 595 2
500 596 -2
593 689 4
594 690 -2
595 691 -4
596 692 2
689 785 -4
690 786 4
691 787 1
692 788 -1
785 881 1
786 882 4
787 883 -1
788 884 -2
881 977 -4
882 978 -2
883 979 2
884 980 4
977 1073 -1
978 1074 2
979 1075 4
980 1076 -4
25 121 -1
26 122 -1
27 123 -4
28 124 -2
121 217 4
122 218 4
123 219 2
124 220 4
217 313 2
218 314 -2
219 315 -4
220 316 2
313 409 -4
314 410 -2
315 411 2
316 412 1
409 505 2
410 506 2
411 507 4
412 508 -2
505 601 2
506 602 -1
507 603 -4
508 604 2
601 697 -4
602 698 1
603 699 -1
604 700 -4
697 793 4
698 794 2
699 795 -2
700 796 -2
793 889 -4
794 890 -4
795 891 -1
796 892 4
889 985 4
890 986 -2
891 987 -2
892 988 1
985 1081 -1
986 1082 2
987 1083 4
988 1084 -2
33 129 -2
34 130 -4
35 131 -4
36 132 2
129 225 -2
130 226 2
131 227 4
132 228 2
225 321 -4
226 322 2
227 323 -2
228 324 -1
321 417 4
322 418 -4
323 419 2
324 420 -1
417 513 -4
418 514 4
419 515 -4
420 516 1
513 609 -2
514 610 4
515 611 4
516 612 -4
609 705 1
610 706 -1
611 707 4
612 708 2
705 801 2
706 802 1
707 803 4
708 804 2
801 897 4
802 898 1
803 899 4
804 900 4
897 993 1
898 994 -1
899 995 1
900 996 -2
993 1089 1
994 1090 -1
995 1091 -4
996 1092 1
41 137 2
42 138 1
43 139 -4
44 140 -2
137 233 -4
138 234 -4
139 235 -1
140 236 4
233 329 2
234 330 -4
235 331 -4
236 332 1
329 425 4
330 426 -4
331 427 4
332 428 4
425 521 4
426 522 2
427 523 -1
428 524 -2
521 617 -1
522 618 -2
523 619 -2
524 620 1
617 713 -2
618 714 1
619 715 -2
620 716 2
713 809 1
714 810 -4
715 811 -4
716 812 -1
809 905 -1
810 906 2
811 907 2
812 908 2
905 1001 -2
906 1002 1
907 1003 4
908 1004 4
1001 1097 4
1002 1098 4
1003 1099 1
1004 1100 -1
49 145 -1
50 146 2
51 147 -2
52 148 1
145 241 1
146 242 -1
147 243 2
148 244 1
241 337 -2
242 338 2
243 339 -4
244 340 -1
337 433 2
338 434 -2
339 435 -2
340 436 2
433 529 -4
434 530 -2
435 531 1
436 532 2
529 625 2
530 626 -2
531 627 1
532 628 2
625 721 -4
626 722 -1
627 723 -1
628 724 -2
721 817 -4
722 818 -1
723 819 -4
724 820 1
817 913 4
818 914 -1
819 915 2
820 916 1
913 1009 2
914 1010 -4
915 1011 4
916 1012 1
1009 1105 -1
1010 1106 -2
1011 1107 1
1012 1108 1
57 153 1
58 154 -1
59 155 2
60 156 -2
153 249 2
154 250 -1
155 251 -1
156 252 -2
249 345 -1
250 346 -2
251 347 -2
252 348 2
345 441 -1
346 442 -4
347 443 -1
348 444 -4
441 537 2
442 538 -2
443 539 2
444 540 -4
537 633 -1
538 634 1
539 635 2
540 636 1
633 729 4
634 730 1
635 731 -2
636 732 1
729 825 1
730 826 -1
731 827 -2
732 828 -1
825 921 -1
826 922 2
827 923 -2
828 924 1
921 1017 2
922 1018 -4
923 1019 -4
924 1020 -4
1017 1113 1
1018 1114 2
1019 1115 1
1020 1116 -2
65 161 1
66 162 2
67 163 -4
68 164 -1
161 257 -1
162 258 1
163 259 -2
164 260 -1
257 353 -2
258 354 4
259 355 -4
260 356 -2
353 449 2
354 450 1
355 451 -4
356 452 1
449 545 1
450 546 -2
451 547 -1
452 548 4
545 641 1
546 642 1
547 643 -4
548 644 4
641 737 -1
642 738 -2
643 739 4
644 740 4
737 833 4
738 834 4
739 835 -1
740 836 2
833 929 4
834 930 -1
835 931 4
836 932 -2
929 1025 -2
930 1026 -2
931 1027 4
932 1028 -2
1025 1121 -1
1026 1122 1
1027 1123 1
1028 1124 -4
73 169 -1
74 170 -2
75 171 -1
76 172 1
169 265 4
170 266 1
171 267 -2
172 268 2
265 361 2
266 362 -2
267 363 -2
268 364 -4
361 457 -4
362 458 1
363 459 2
364 460 -1
457 553 4
458 554 -1
459 555 -1
460 556 -2
553 649 1
554 650 -2
555 651 1
556 652 -4
649 745 4
650 746 -1
651 747 -4
652 748 -4
745 841 -2
746 842 1
747 843 -1
748 844 2
841 937 1
842 938 -4
843 939 -1
844 940 -4
937 1033 2
938 1034 2
939 1035 -2
940 1036 -1
1033 1129 -1
1034 1130 1
1035 1131 2
1036 1132 1
81 177 -4
82 178 -4
83 179 -1
84 180 -4
177 273 2
178 274 4
179 275 -4
180 276 4
273 369 1
274 370 1
275 371 -2
276 372 1
369 465 1
370 466 2
371 467 -4
372 468 -1
465 561 -4
466 562 4
467 563 -4
468 564 2
561 657 1
562 658 -1
563 659 -2
564 660 -4
657 753 1
658 754 1
659 755 4
660 756 -2
753 849 2
754 850 4
755 851 -1
756 852 -4
849 945 1
850 946 1
851 947 4
852 948 -4
945 1041 2
946 1042 2
947 1043 1
948 1044 -4
1041 1137 2
1042 1138 -1
1043 1139 -4
1044 1140 2
89 185 1
90 186 4
91 187 -1
92 188 1
185 281 -4
186 282 1
187 283 4
188 284 -4
281 377 -1
282 378 -1
283 379 4
284 380 -2
377 473 1
378 474 4
379 475 -1
380 476 -1
473 569 1
474 570 -1
475 571 4
476 572 -2
569 665 1
570 666 4
571 667 2
572 668 4
665 761 -4
666 762 1
667 763 -2
668 764 4
761 857 1
762 858 4
763 859 1
764 860 2
857 953 1
858 954 1
859 955 -1
860 956 -4
953 1049 -4
954 1050 1
955 1051 -1
956 1052 -2
1049 1145 -4
1050 1146 1
1051 1147 -1
1052 1148 -1
