#
1 5 2
1 6 -4
1 7 1
1 8 1
2 5 4
2 6 -4
2 7 -4
2 8 -2
3 5 2
3 6 1
3 7 4
3 8 4
4 5 -4
4 6 4
4 7 2
4 8 4
9 13 -1
9 14 -1
9 15 -2
9 16 1
10 13 4
10 14 1
10 15 4
10 16 2
11 13 -2
11 14 1
11 15 4
11 16 4
12 13 -2
12 14 -2
12 15 -4
12 16 -1
17 21 -4
17 22 4
17 23 4
17 24 2
18 21 4
18 22 4
18 23 2
18 24 -4
19 21 1
19 22 1
19 23 1
19 24 2
20 21 2
20 22 1
20 23 -1
20 24 4
25 29 2
25 30 1
25 31 -1
25 32 -1
26 29 -1
26 30 -1
26 31 -4
26 32 -2
27 29 -1
27 30 -2
27 31 4
27 32 4
28 29 -1
28 30 2
28 31 -2
28 32 -4
33 37 4
33 38 -4
33 39 -4
33 40 2
34 37 -1
34 38 4
34 39 2
34 40 1
35 37 2
35 38 -4
35 39 -2
35 40 2
36 37 -4
36 38 -4
36 39 -1
36 40 4
41 45 2
41 46 4
41 47 1
41 48 4
42 45 4
42 46 1
42 47 2
42 48 2
43 45 4
43 46 -2
43 47 4
43 48 -4
44 45 2
44 46 -4
44 47 -1
44 48 -2
49 53 4
49 54 1
49 55 -4
49 56 2
50 53 4
50 54 4
50 55 -2
50 56 4
51 53 -2
51 54 -4
51 55 2
51 56 2
52 53 4
52 54 1
52 55 1
52 56 -1
57 61 -1
57 62 1
57 63 2
57 64 -4
58 61 1
58 62 2
58 63 -4
58 64 -2
59 61 -2
59 62 -2
59 63 2
59 64 -1
60 61 2
60 62 -1
60 63 2
60 64 -2
65 69 2
65 70 4
65 71 -1
65 72 -4
66 69 -2
66 70 -1
66 71 -4
66 72 -4
67 69 2
67 70 -1
67 71 4
67 72 -2
68 69 -4
68 70 -2
68 71 2
68 72 1
73 77 2
73 78 1
73 79 2
73 80 -2
74 77 1
74 78 1
74 79 4
74 80 -2
75 77 -4
75 78 -2
75 79 -1
75 80 -2
76 77 2
76 78 4
76 79 1
76 80 -2
81 85 1
81 86 2
81 87 1
81 88 1
82 85 -4
82 86 1
82 87 1
82 88 2
83 85 4
83 86 -4
83 87 1
83 88 -2
84 85 -4
84 86 -1
84 87 -4
84 88 1
89 93 -1
89 94 -1
89 95 -2
89 96 -4
90 93 1
90 94 4
90 95 -2
90 96 4
91 93 2
91 94 2
91 95 -2
91 96 -1
92 93 -4
92 94 -2
92 95 2
92 96 -2
97 101 1
97 102 2
97 103 1
97 104 2
98 101 -2
98 102 -1
98 103 4
98 104 4
99 101 4
99 102 -2
99 103 4
99 104 -1
100 101 2
100 102 -4
100 103 -2
100 104 -2
105 109 -1
105 110 1
105 111 -1
105 112 4
106 109 -2
106 110 2
106 111 -2
106 112 1
107 109 4
107 110 -2
107 111 1
107 112 4
108 109 1
108 110 -2
108 111 4
108 112 -2
113 117 -4
113 118 -1
113 119 -1
113 120 -1
114 117 4
114 118 -2
114 119 1
114 120 1
115 117 1
115 118 -2
115 119 1
115 120 1
116 117 1
116 118 4
116 119 -1
116 120 2
121 125 4
121 126 -1
121 127 -2
121 128 -1
122 125 -4
122 126 2
122 127 -1
122 128 4
123 125 -1
123 126 4
123 127 4
123 128 1
124 125 2
124 126 1
124 127 -4
124 128 2
129 133 -2
129 134 -1
129 135 -4
129 136 2
130 133 1
130 134 -2
130 135 1
130 136 2
131 133 -1
131 134 1
131 135 2
131 136 1
132 133 -1
132 134 -1
132 135 -2
132 136 2
137 141 -4
137 142 -2
137 143 -1
137 144 -2
138 141 -4
138 142 -4
138 143 -1
138 144 4
139 141 2
139 142 -1
139 143 1
139 144 -4
140 141 2
140 142 4
140 143 2
140 144 -4
145 149 -2
145 150 -2
145 151 1
145 152 -4
146 149 4
146 150 2
146 151 4
146 152 1
147 149 -4
147 150 -1
147 151 -4
147 152 -2
148 149 -1
148 150 -1
148 151 -2
148 152 2
153 157 2
153 158 -1
153 159 -4
153 160 -2
154 157 -1
154 158 -1
154 159 -1
154 160 2
155 157 -4
155 158 -1
155 159 1
155 160 1
156 157 1
156 158 -4
156 159 4
156 160 -1
161 165 1
161 166 4
161 167 1
161 168 -2
162 165 -2
162 166 2
162 167 -2
162 168 -2
163 165 4
163 166 4
163 167 -2
163 168 -2
164 165 -1
164 166 -4
164 167 -2
164 168 4
169 173 -2
169 174 -1
169 175 -1
169 176 4
170 173 1
170 174 -1
170 175 4
170 176 -4
171 173 1
171 174 1
171 175 2
171 176 1
172 173 2
172 174 -2
172 175 -4
172 176 -1
177 181 -4
177 182 -2
177 183 1
177 184 -1
178 181 2
178 182 2
178 183 -1
178 184 -1
179 181 -4
179 182 -2
179 183 -2
179 184 1
180 181 -1
180 182 -2
180 183 -2
180 184 1
185 189 4
185 190 -2
185 191 -4
185 192 -2
186 189 2
186 190 2
186 191 1
186 192 4
187 189 1
187 190 1
187 191 4
187 192 1
188 189 -2
188 190 -2
188 191 -2
188 192 -4
193 197 1
193 198 2
193 199 4
193 200 -2
194 197 1
194 198 -4
194 199 4
194 200 4
195 197 4
195 198 -4
195 199 4
195 200 -4
196 197 -1
196 198 -2
196 199 -2
196 200 2
201 205 1
201 206 1
201 207 1
201 208 -4
202 205 -2
202 206 -2
202 207 1
202 208 -4
203 205 2
203 206 1
203 207 -1
203 208 -2
204 205 2
204 206 -4
204 207 -1
204 208 -2
209 213 4
209 214 -2
209 215 -2
209 216 1
210 213 -1
210 214 4
210 215 4
210 216 1
211 213 -4
211 214 -2
211 215 4
211 216 4
212 213 1
212 214 4
212 215 -2
212 216 1
217 221 -1
217 222 -2
217 223 -4
217 224 -4
218 221 -2
218 222 4
218 223 1
218 224 2
219 221 4
219 222 1
219 223 4
219 224 2
220 221 2
220 222 2
220 223 2
220 224 1
225 229 2
225 230 4
225 231 -4
225 232 -2
226 229 1
226 230 -1
226 231 4
226 232 4
227 229 -1
227 230 1
227 231 -2
227 232 -2
228 229 2
228 230 -2
228 231 -1
228 232 1
233 237 2
233 238 2
233 239 4
233 240 4
234 237 1
234 238 -4
234 239 4
234 240 -4
235 237 2
235 238 2
235 239 4
235 240 1
236 237 1
236 238 4
236 239 -1
236 240 -1
241 245 4
241 246 2
241 247 -4
241 248 2
242 245 -1
242 246 -1
242 247 4
242 248 4
243 245 -4
243 246 -2
243 247 -2
243 248 1
244 245 -1
244 246 -1
244 247 -2
244 248 1
249 253 -1
249 254 2
249 255 -2
249 256 4
250 253 1
250 254 -2
250 255 -4
250 256 4
251 253 2
251 254 4
251 255 2
251 256 -1
252 253 1
252 254 -4
252 255 -4
252 256 -4
257 261 1
257 262 1
257 263 -2
257 264 1
258 261 4
258 262 2
258 263 2
258 264 1
259 261 1
259 262 4
259 263 4
259 264 -2
260 261 4
260 262 1
260 263 -2
260 264 4
265 269 2
265 270 1
265 271 1
265 272 1
266 269 -1
266 270 2
266 271 -4
266 272 -1
267 269 1
267 270 1
267 271 -2
267 272 4
268 269 4
268 270 -2
268 271 1
268 272 2
273 277 4
273 278 2
273 279 4
273 280 -2
274 277 -4
274 278 4
274 279 -2
274 280 2
275 277 -2
275 278 4
275 279 1
275 280 1
276 277 4
276 278 -1
276 279 -4
276 280 -2
281 285 1
281 286 2
281 287 1
281 288 1
282 285 1
282 286 -1
282 287 4
282 288 -1
283 285 -4
283 286 2
283 287 1
283 288 -2
284 285 4
284 286 1
284 287 -2
284 288 -2
289 293 4
289 294 -1
289 295 -1
289 296 -2
290 293 1
290 294 4
290 295 4
290 296 4
291 293 -1
291 294 1
291 295 -2
291 296 4
292 293 -2
292 294 -2
292 295 4
292 296 -1
297 301 -4
297 302 4
297 303 -1
297 304 4
298 301 2
298 302 -1
298 303 4
298 304 -2
299 301 -4
299 302 2
299 303 -4
299 304 -1
300 301 4
300 302 -1
300 303 1
300 304 -1
305 309 2
305 310 2
305 311 -1
305 312 4
306 309 1
306 310 2
306 311 2
306 312 -4
307 309 -4
307 310 -1
307 311 -2
307 312 1
308 309 -1
308 310 -2
308 311 1
308 312 2
313 317 1
313 318 -2
313 319 4
313 320 -2
314 317 1
314 318 -4
314 319 4
314 320 -4
315 317 -2
315 318 1
315 319 -1
315 320 -4
316 317 -4
316 318 2
316 319 4
316 320 -2
321 325 -1
321 326 -2
321 327 4
321 328 4
322 325 1
322 326 -1
322 327 2
322 328 -1
323 325 2
323 326 -2
323 327 1
323 328 -2
324 325 2
324 326 -2
324 327 2
324 328 -4
329 333 -1
329 334 1
329 335 1
329 336 -4
330 333 4
330 334 1
330 335 4
330 336 -2
331 333 1
331 334 -1
331 335 1
331 336 1
332 333 2
332 334 -2
332 335 1
332 336 4
337 341 4
337 342 2
337 343 1
337 344 1
338 341 -1
338 342 2
338 343 -2
338 344 -4
339 341 4
339 342 1
339 343 -4
339 344 2
340 341 -2
340 342 1
340 343 -2
340 344 -4
345 349 -4
345 350 -2
345 351 -1
345 352 -1
346 349 2
346 350 -1
346 351 2
346 352 -2
347 349 -2
347 350 -2
347 351 -2
347 352 -1
348 349 -2
348 350 -2
348 351 -4
348 352 -1
353 357 -1
353 358 -4
353 359 1
353 360 -4
354 357 1
354 358 4
354 359 -2
354 360 4
355 357 -2
355 358 -1
355 359 1
355 360 -2
356 357 4
356 358 1
356 359 1
356 360 -1
361 365 -1
361 366 -2
361 367 4
361 368 -4
362 365 -1
362 366 -2
362 367 -2
362 368 -2
363 365 2
363 366 4
363 367 -4
363 368 -4
364 365 4
364 366 2
364 367 -2
364 368 -4
369 373 -4
369 374 1
369 375 1
369 376 -1
370 373 -2
370 374 1
370 375 -2
370 376 -4
371 373 2
371 374 1
371 375 1
371 376 2
372 373 -2
372 374 -4
372 375 -4
372 376 1
377 381 4
377 382 -4
377 383 2
377 384 -4
378 381 -2
378 382 -2
378 383 1
378 384 4
379 381 -4
379 382 1
379 383 4
379 384 1
380 381 -4
380 382 -4
380 383 2
380 384 2
385 389 2
385 390 1
385 391 1
385 392 2
386 389 2
386 390 4
386 391 -2
386 392 -1
387 389 -2
387 390 -1
387 391 -2
387 392 -4
388 389 2
388 390 4
388 391 2
388 392 -4
393 397 -4
393 398 -2
393 399 4
393 400 -4
394 397 -4
394 398 -1
394 399 1
394 400 1
395 397 -1
395 398 -2
395 399 -1
395 400 -1
396 397 4
396 398 2
396 399 2
396 400 1
401 405 4
401 406 2
401 407 -4
401 408 4
402 405 1
402 406 -2
402 407 -4
402 408 4
403 405 1
403 406 -2
403 407 -2
403 408 -1
404 405 4
404 406 -2
404 407 -4
404 408 -4
409 413 -4
409 414 -1
409 415 -1
409 416 -1
410 413 1
410 414 4
410 415 -4
410 416 -1
411 413 -1
411 414 -1
411 415 -2
411 416 1
412 413 4
412 414 -4
412 415 1
412 416 -1
417 421 1
417 422 2
417 423 1
417 424 -2
418 421 1
418 422 2
418 423 4
418 424 4
419 421 1
419 422 -4
419 423 1
419 424 4
420 421 -4
420 422 1
420 423 -1
420 424 2
425 429 1
425 430 1
425 431 -4
425 432 -4
426 429 2
426 430 2
426 431 2
426 432 -2
427 429 -2
427 430 -4
427 431 -1
427 432 -4
428 429 2
428 430 4
428 431 4
428 432 -1
433 437 1
433 438 4
433 439 4
433 440 2
434 437 -4
434 438 -4
434 439 -1
434 440 -1
435 437 1
435 438 -4
435 439 4
435 440 1
436 437 2
436 438 4
436 439 4
436 440 1
441 445 2
441 446 2
441 447 -1
441 448 1
442 445 -1
442 446 2
442 447 2
442 448 2
443 445 -4
443 446 -4
443 447 -4
443 448 -4
444 445 1
444 446 4
444 447 1
444 448 4
449 453 -4
449 454 4
449 455 -4
449 456 -2
450 453 -1
450 454 -4
450 455 2
450 456 -1
451 453 -4
451 454 -4
451 455 -2
451 456 -2
452 453 -4
452 454 -4
452 455 2
452 456 -1
457 461 -2
457 462 4
457 463 1
457 464 4
458 461 4
458 462 -4
458 463 2
458 464 2
459 461 -4
459 462 2
459 463 -2
459 464 -4
460 461 1
460 462 -4
460 463 -1
460 464 -1
465 469 2
465 470 1
465 471 2
465 472 -2
466 469 -1
466 470 -1
466 471 -2
466 472 4
467 469 -1
467 470 -4
467 471 -1
467 472 -1
468 469 1
468 470 2
468 471 2
468 472 -4
473 477 1
473 478 -1
473 479 2
473 480 -1
474 477 -2
474 478 -1
474 479 1
474 480 2
475 477 2
475 478 -2
475 479 1
475 480 -2
476 477 -1
476 478 -4
476 479 4
476 480 2
481 485 1
481 486 -4
481 487 -4
481 488 -1
482 485 -1
482 486 1
482 487 2
482 488 2
483 485 1
483 486 2
483 487 -2
483 488 1
484 485 -4
484 486 4
484 487 -2
484 488 2
489 493 -1
489 494 4
489 495 1
489 496 2
490 493 -2
490 494 4
490 495 -1
490 496 2
491 493 -1
491 494 -4
491 495 2
491 496 2
492 493 -1
492 494 -1
492 495 4
492 496 4
497 501 1
497 502 -2
497 503 1
497 504 -1
498 501 -4
498 502 -2
498 503 -2
498 504 2
499 501 -1
499 502 -4
499 503 -2
499 504 1
500 501 2
500 502 2
500 503 4
500 504 1
505 509 1
505 510 -1
505 511 1
505 512 -4
506 509 -1
506 510 -2
506 511 2
506 512 2
507 509 -1
507 510 -4
507 511 -4
507 512 -2
508 509 -2
508 510 -2
508 511 1
508 512 -4
513 517 -2
513 518 -2
513 519 2
513 520 -4
514 517 -1
514 518 -4
514 519 -1
514 520 1
515 517 4
515 518 -1
515 519 -4
515 520 -2
516 517 4
516 518 2
516 519 -2
516 520 -2
521 525 -4
521 526 1
521 527 1
521 528 -4
522 525 4
522 526 -2
522 527 2
522 528 -2
523 525 2
523 526 1
523 527 -1
523 528 -4
524 525 2
524 526 1
524 527 -1
524 528 -2
529 533 1
529 534 2
529 535 2
529 536 2
530 533 -4
530 534 4
530 535 -4
530 536 2
531 533 1
531 534 -2
531 535 -4
531 536 -1
532 533 2
532 534 2
532 535 -2
532 536 1
537 541 -2
537 542 1
537 543 4
537 544 -1
538 541 -2
538 542 -2
538 543 2
538 544 2
539 541 4
539 542 4
539 543 1
539 544 2
540 541 4
540 542 -4
540 543 2
540 544 1
545 549 -2
545 550 -4
545 551 -1
545 552 -2
546 549 -1
546 550 -1
546 551 1
546 552 -2
547 549 -4
547 550 1
547 551 -4
547 552 4
548 549 -4
548 550 1
548 551 -1
548 552 2
553 557 -4
553 558 1
553 559 1
553 560 -1
554 557 -2
554 558 2
554 559 -1
554 560 -1
555 557 -2
555 558 1
555 559 -4
555 560 4
556 557 -1
556 558 1
556 559 1
556 560 2
561 565 4
561 566 4
561 567 1
561 568 1
562 565 -1
562 566 4
562 567 -2
562 568 -4
563 565 2
563 566 1
563 567 -2
563 568 -1
564 565 1
564 566 -4
564 567 1
564 568 2
569 573 1
569 574 1
569 575 -2
569 576 4
570 573 -1
570 574 -1
570 575 1
570 576 1
571 573 1
571 574 1
571 575 2
571 576 2
572 573 -2
572 574 -4
572 575 1
572 576 1
577 581 4
577 582 -4
577 583 2
577 584 4
578 581 2
578 582 -2
578 583 2
578 584 1
579 581 -1
579 582 4
579 583 1
579 584 -1
580 581 -2
580 582 2
580 583 4
580 584 -4
585 589 -1
585 590 4
585 591 -1
585 592 -4
586 589 1
586 590 -4
586 591 1
586 592 4
587 589 -2
587 590 -2
587 591 1
587 592 2
588 589 -4
588 590 -2
588 591 4
588 592 1
593 597 -4
593 598 1
593 599 2
593 600 -4
594 597 1
594 598 1
594 599 -1
594 600 1
595 597 -1
595 598 1
595 599 -2
595 600 2
596 597 -2
596 598 -4
596 599 -2
596 600 4
601 605 1
601 606 1
601 607 -1
601 608 2
602 605 -4
602 606 -4
602 607 -2
602 608 -2
603 605 -1
603 606 1
603 607 -1
603 608 4
604 605 2
604 606 -4
604 607 -4
604 608 2
609 613 1
609 614 4
609 615 4
609 616 4
610 613 -1
610 614 1
610 615 -1
610 616 -4
611 613 -1
611 614 -4
611 615 -4
611 616 -1
612 613 1
612 614 -4
612 615 -4
612 616 -1
617 621 4
617 622 2
617 623 -2
617 624 -1
618 621 -2
618 622 -1
618 623 -1
618 624 -4
619 621 1
619 622 -4
619 623 4
619 624 -4
620 621 4
620 622 -2
620 623 -2
620 624 4
625 629 -2
625 630 -4
625 631 1
625 632 -1
626 629 -2
626 630 2
626 631 1
626 632 -2
627 629 4
627 630 -1
627 631 4
627 632 4
628 629 -2
628 630 2
628 631 2
628 632 1
633 637 -4
633 638 -1
633 639 -1
633 640 -1
634 637 -1
634 638 4
634 639 1
634 640 1
635 637 2
635 638 2
635 639 2
635 640 -4
636 637 4
636 638 -4
636 639 1
636 640 -4
641 645 -2
641 646 -1
641 647 2
641 648 2
642 645 -2
642 646 -1
642 647 2
642 648 -1
643 645 4
643 646 4
643 647 4
643 648 2
644 645 2
644 646 -1
644 647 2
644 648 1
649 653 -2
649 654 4
649 655 1
649 656 -1
650 653 1
650 654 2
650 655 4
650 656 -1
651 653 1
651 654 1
651 655 -4
651 656 4
652 653 4
652 654 1
652 655 -1
652 656 -4
657 661 1
657 662 -1
657 663 -1
657 664 -2
658 661 2
658 662 -1
658 663 1
658 664 -4
659 661 -2
659 662 2
659 663 2
659 664 -4
660 661 1
660 662 2
660 663 4
660 664 2
665 669 4
665 670 4
665 671 2
665 672 1
666 669 4
666 670 4
666 671 -4
666 672 1
667 669 -2
667 670 4
667 671 2
667 672 4
668 669 1
668 670 -2
668 671 -1
668 672 -1
673 677 1
673 678 2
673 679 1
673 680 4
674 677 1
674 678 -2
674 679 1
674 680 -4
675 677 -4
675 678 1
675 679 2
675 680 -1
676 677 4
676 678 4
676 679 4
676 680 1
681 685 -2
681 686 -2
681 687 1
681 688 -4
682 685 -4
682 686 -2
682 687 2
682 688 -2
683 685 -4
683 686 -4
683 687 -4
683 688 -2
684 685 4
684 686 -2
684 687 -1
684 688 -1
689 693 -1
689 694 4
689 695 4
689 696 -2
690 693 -1
690 694 -2
690 695 2
690 696 -1
691 693 -1
691 694 4
691 695 2
691 696 1
692 693 1
692 694 -2
692 695 2
692 696 4
697 701 2
697 702 2
697 703 1
697 704 -1
698 701 2
698 702 -4
698 703 -4
698 704 4
699 701 -1
699 702 4
699 703 2
699 704 -4
700 701 1
700 702 -4
700 703 -4
700 704 -4
705 709 -2
705 710 2
705 711 -2
705 712 -1
706 709 -2
706 710 -4
706 711 -1
706 712 -2
707 709 -4
707 710 1
707 711 1
707 712 4
708 709 -1
708 710 2
708 711 4
708 712 2
713 717 1
713 718 1
713 719 -4
713 720 4
714 717 4
714 718 -4
714 719 2
714 720 1
715 717 1
715 718 4
715 719 -4
715 720 -4
716 717 -4
716 718 2
716 719 -1
716 720 -4
721 725 -4
721 726 -2
721 727 1
721 728 2
722 725 2
722 726 -1
722 727 1
722 728 1
723 725 -4
723 726 -4
723 727 1
723 728 -4
724 725 -2
724 726 1
724 727 -4
724 728 -2
729 733 4
729 734 -4
729 735 2
729 736 2
730 733 1
730 734 2
730 735 -4
730 736 -4
731 733 4
731 734 -2
731 735 2
731 736 -4
732 733 -1
732 734 -1
732 735 4
732 736 -4
737 741 1
737 742 -1
737 743 4
737 744 -4
738 741 1
738 742 2
738 743 -4
738 744 -4
739 741 4
739 742 -1
739 743 4
739 744 1
740 741 2
740 742 2
740 743 4
740 744 -1
745 749 4
745 750 4
745 751 -2
745 752 2
746 749 4
746 750 -1
746 751 2
746 752 1
747 749 -4
747 750 -1
747 751 -2
747 752 -4
748 749 1
748 750 1
748 751 1
748 752 -2
753 757 1
753 758 4
753 759 -4
753 760 1
754 757 4
754 758 -4
754 759 -4
754 760 -2
755 757 -1
755 758 -1
755 759 2
755 760 4
756 757 -1
756 758 1
756 759 1
756 760 -2
761 765 4
761 766 1
761 767 -4
761 768 4
762 765 -2
762 766 4
762 767 -4
762 768 4
763 765 -1
763 766 -4
763 767 -2
763 768 -2
764 765 -2
764 766 1
764 767 -1
764 768 -1
769 773 4
769 774 -1
769 775 -4
769 776 -1
770 773 1
770 774 -4
770 775 -1
770 776 -1
771 773 4
771 774 4
771 775 4
771 776 -1
772 773 2
772 774 -1
772 775 2
772 776 -1
777 781 1
777 782 1
777 783 1
777 784 -4
778 781 -4
778 782 -4
778 783 4
778 784 4
779 781 -2
779 782 -1
779 783 -4
779 784 2
780 781 2
780 782 1
780 783 -4
780 784 4
785 789 -4
785 790 -4
785 791 -2
785 792 -4
786 789 2
786 790 -4
786 791 -2
786 792 -1
787 789 -4
787 790 1
787 791 -4
787 792 1
788 789 4
788 790 4
788 791 4
788 792 1
793 797 1
793 798 -2
793 799 4
793 800 -4
794 797 1
794 798 -1
794 799 -1
794 800 4
795 797 2
795 798 4
795 799 2
795 800 -1
796 797 -1
796 798 1
796 799 -1
796 800 2
801 805 -1
801 806 4
801 807 4
801 808 4
802 805 1
802 806 4
802 807 -4
802 808 -4
803 805 1
803 806 -2
803 807 -4
803 808 4
804 805 1
804 806 -2
804 807 4
804 808 4
809 813 -2
809 814 4
809 815 4
809 816 -1
810 813 -1
810 814 4
810 815 1
810 816 2
811 813 -2
811 814 4
811 815 -4
811 816 2
812 813 -4
812 814 2
812 815 4
812 816 -4
817 821 2
817 822 -2
817 823 -4
817 824 -1
818 821 4
818 822 4
818 823 2
818 824 -4
819 821 -1
819 822 -2
819 823 -1
819 824 -2
820 821 1
820 822 1
820 823 4
820 824 -1
825 829 -2
825 830 1
825 831 2
825 832 -1
826 829 2
826 830 4
826 831 1
826 832 4
827 829 -4
827 830 4
827 831 1
827 832 -4
828 829 -1
828 830 -1
828 831 4
828 832 4
833 837 -2
833 838 2
833 839 1
833 840 -2
834 837 2
834 838 -4
834 839 4
834 840 -2
835 837 -1
835 838 -4
835 839 2
835 840 1
836 837 -4
836 838 4
836 839 -4
836 840 1
841 845 1
841 846 -2
841 847 -1
841 848 -2
842 845 -1
842 846 -4
842 847 2
842 848 4
843 845 1
843 846 -2
843 847 -1
843 848 -2
844 845 1
844 846 -2
844 847 -1
844 848 1
849 853 1
849 854 4
849 855 4
849 856 -1
850 853 -4
850 854 2
850 855 2
850 856 1
851 853 4
851 854 4
851 855 1
851 856 -1
852 853 2
852 854 -4
852 855 2
852 856 -2
857 861 1
857 862 4
857 863 -4
857 864 1
858 861 2
858 862 4
858 863 1
858 864 -1
859 861 -2
859 862 2
859 863 1
859 864 2
860 861 2
860 862 -1
860 863 4
860 864 -4
865 869 1
865 870 1
865 871 4
865 872 -2
866 869 4
866 870 -1
866 871 2
866 872 4
867 869 4
867 870 2
867 871 4
867 872 -1
868 869 -4
868 870 1
868 871 -1
868 872 -1
873 877 -2
873 878 1
873 879 -2
873 880 -2
874 877 4
874 878 -4
874 879 -4
874 880 1
875 877 -2
875 878 2
875 879 1
875 880 1
876 877 -1
876 878 2
876 879 -1
876 880 4
881 885 -4
881 886 -2
881 887 -4
881 888 4
882 885 -1
882 886 4
882 887 -1
882 888 2
883 885 -2
883 886 -2
883 887 -2
883 888 4
884 885 -2
884 886 -4
884 887 4
884 888 -1
889 893 -4
889 894 4
889 895 1
889 896 2
890 893 -2
890 894 -2
890 895 1
890 896 -4
891 893 2
891 894 1
891 895 -2
891 896 4
892 893 2
892 894 -2
892 895 -1
892 896 4
897 901 4
897 902 -1
897 903 -4
897 904 -2
898 901 -2
898 902 -4
898 903 -4
898 904 -1
899 901 -1
899 902 1
899 903 -4
899 904 -2
900 901 1
900 902 2
900 903 -4
900 904 -1
905 909 1
905 910 -4
905 911 4
905 912 2
906 909 4
906 910 -2
906 911 -4
906 912 1
907 909 2
907 910 -1
907 911 -2
907 912 4
908 909 -1
908 910 4
908 911 1
908 912 4
913 917 2
913 918 1
913 919 4
913 920 4
914 917 -2
914 918 -1
914 919 -1
914 920 2
915 917 -4
915 918 -2
915 919 2
915 920 4
916 917 4
916 918 -1
916 919 -2
916 920 -1
921 925 1
921 926 -1
921 927 1
921 928 -2
922 925 -4
922 926 -2
922 927 1
922 928 4
923 925 4
923 926 -4
923 927 -4
923 928 2
924 925 -1
924 926 -1
924 927 -4
924 928 4
929 933 4
929 934 -1
929 935 -2
929 936 -2
930 933 1
930 934 -2
930 935 1
930 936 -2
931 933 1
931 934 -4
931 935 1
931 936 2
932 933 2
932 934 4
932 935 1
932 936 -4
937 941 4
937 942 1
937 943 2
937 944 1
938 941 1
938 942 -4
938 943 1
938 944 1
939 941 4
939 942 2
939 943 2
939 944 1
940 941 1
940 942 -2
940 943 -4
940 944 -4
945 949 2
945 950 1
945 951 1
945 952 4
946 949 4
946 950 1
946 951 1
946 952 2
947 949 -4
947 950 -1
947 951 -1
947 952 -1
948 949 -1
948 950 -2
948 951 1
948 952 1
953 957 1
953 958 -1
953 959 -4
953 960 4
954 957 4
954 958 -2
954 959 -2
954 960 2
955 957 1
955 958 -4
955 959 -2
955 960 1
956 957 1
956 958 -4
956 959 -2
956 960 2
961 965 -2
961 966 1
961 967 -4
961 968 -2
962 965 -1
962 966 2
962 967 -2
962 968 -2
963 965 1
963 966 -4
963 967 4
963 968 2
964 965 1
964 966 -1
964 967 2
964 968 -4
969 973 -4
969 974 -1
969 975 -1
969 976 -4
970 973 -4
970 974 -2
970 975 -1
970 976 -2
971 973 -4
971 974 -1
971 975 -4
971 976 4
972 973 1
972 974 -2
972 975 2
972 976 4
977 981 -4
977 982 -1
977 983 -1
977 984 -4
978 981 1
978 982 -2
978 983 -1
978 984 4
979 981 2
979 982 4
979 983 -4
979 984 -2
980 981 -4
980 982 4
980 983 2
980 984 -1
985 989 2
985 990 -2
985 991 -1
985 992 2
986 989 2
986 990 -4
986 991 1
986 992 4
987 989 1
987 990 -2
987 991 4
987 992 -1
988 989 -4
988 990 -4
988 991 -2
988 992 4
993 997 -2
993 998 4
993 999 4
993 1000 1
994 997 -4
994 998 -4
994 999 -1
994 1000 2
995 997 2
995 998 2
995 999 4
995 1000 -1
996 997 1
996 998 4
996 999 1
996 1000 2
1001 1005 1
1001 1006 -4
1001 1007 -2
1001 1008 4
1002 1005 -4
1002 1006 -2
1002 1007 -4
1002 1008 -2
1003 1005 2
1003 1006 -2
1003 1007 1
1003 1008 -1
1004 1005 -1
1004 1006 4
1004 1007 -1
1004 1008 4
1009 1013 -4
1009 1014 2
1009 1015 -2
1009 1016 -4
1010 1013 2
1010 1014 -1
1010 1015 2
1010 1016 -2
1011 1013 -1
1011 1014 2
1011 1015 -4
1011 1016 4
1012 1013 2
1012 1014 1
1012 1015 1
1012 1016 2
1017 1021 -4
1017 1022 2
1017 1023 -1
1017 1024 1
1018 1021 2
1018 1022 2
1018 1023 4
1018 1024 -1
1019 1021 4
1019 1022 -1
1019 1023 2
1019 1024 -4
1020 1021 1
1020 1022 -2
1020 1023 2
1020 1024 -1
1025 1029 -2
1025 1030 -4
1025 1031 4
1025 1032 4
1026 1029 -1
1026 1030 1
1026 1031 2
1026 1032 -2
1027 1029 -2
1027 1030 2
1027 1031 -4
1027 1032 -2
1028 1029 -2
1028 1030 4
1028 1031 -1
1028 1032 1
1033 1037 1
1033 1038 -4
1033 1039 -2
1033 1040 2
1034 1037 1
1034 1038 -4
1034 1039 4
1034 1040 2
1035 1037 -4
1035 1038 2
1035 1039 2
1035 1040 -2
1036 1037 1
1036 1038 -1
1036 1039 1
1036 1040 -1
1041 1045 -4
1041 1046 1
1041 1047 1
1041 1048 -4
1042 1045 2
1042 1046 1
1042 1047 -4
1042 1048 2
1043 1045 -1
1043 1046 -2
1043 1047 -4
1043 1048 2
1044 1045 -1
1044 1046 -1
1044 1047 -1
1044 1048 4
1049 1053 4
1049 1054 4
1049 1055 4
1049 1056 -2
1050 1053 2
1050 1054 4
1050 1055 -4
1050 1056 2
1051 1053 4
1051 1054 -2
1051 1055 4
1051 1056 -2
1052 1053 1
1052 1054 1
1052 1055 -4
1052 1056 -2
1057 1061 -2
1057 1062 1
1057 1063 -1
1057 1064 1
1058 1061 2
1058 1062 4
1058 1063 -2
1058 1064 4
1059 1061 1
1059 1062 -4
1059 1063 -1
1059 1064 -1
1060 1061 1
1060 1062 -2
1060 1063 2
1060 1064 -4
1065 1069 -4
1065 1070 4
1065 1071 4
1065 1072 -1
1066 1069 1
1066 1070 -4
1066 1071 2
1066 1072 4
1067 1069 1
1067 1070 1
1067 1071 2
1067 1072 1
1068 1069 1
1068 1070 -2
1068 1071 1
1068 1072 4
1073 1077 4
1073 1078 1
1073 1079 2
1073 1080 4
1074 1077 -4
1074 1078 -4
1074 1079 -4
1074 1080 1
1075 1077 1
1075 1078 -2
1075 1079 -2
1075 1080 -1
1076 1077 -4
1076 1078 -2
1076 1079 -1
1076 1080 -2
1081 1085 4
1081 1086 4
1081 1087 1
1081 1088 -4
1082 1085 -2
1082 1086 -1
1082 1087 1
1082 1088 4
1083 1085 -4
1083 1086 -2
1083 1087 -4
1083 1088 -4
1084 1085 -1
1084 1086 -2
1084 1087 2
1084 1088 4
1089 1093 -2
1089 1094 -2
1089 1095 4
1089 1096 -2
1090 1093 -4
1090 1094 -2
1090 1095 1
1090 1096 4
1091 1093 -4
1091 1094 -4
1091 1095 -4
1091 1096 2
1092 1093 -4
1092 1094 -4
1092 1095 2
1092 1096 4
1097 1101 1
1097 1102 2
1097 1103 2
1097 1104 1
1098 1101 -2
1098 1102 -4
1098 1103 -2
1098 1104 4
1099 1101 -1
1099 1102 2
1099 1103 4
1099 1104 4
1100 1101 4
1100 1102 4
1100 1103 -4
1100 1104 4
1105 1109 -1
1105 1110 2
1105 1111 -1
1105 1112 -4
1106 1109 1
1106 1110 -2
1106 1111 2
1106 1112 4
1107 1109 -4
1107 1110 -2
1107 1111 -2
1107 1112 -4
1108 1109 -2
1108 1110 2
1108 1111 -1
1108 1112 2
1113 1117 4
1113 1118 4
1113 1119 -1
1113 1120 -1
1114 1117 -1
1114 1118 4
1114 1119 2
1114 1120 -1
1115 1117 2
1115 1118 -4
1115 1119 1
1115 1120 4
1116 1117 -1
1116 1118 -4
1116 1119 -1
1116 1120 4
1121 1125 1
1121 1126 -2
1121 1127 -4
1121 1128 -1
1122 1125 -4
1122 1126 2
1122 1127 -1
1122 1128 1
1123 1125 1
1123 1126 -2
1123 1127 1
1123 1128 -4
1124 1125 -4
1124 1126 -4
1124 1127 -1
1124 1128 1
1129 1133 -4
1129 1134 -1
1129 1135 2
1129 1136 -4
1130 1133 1
1130 1134 1
1130 1135 -1
1130 1136 -4
1131 1133 2
1131 1134 2
1131 1135 -1
1131 1136 -1
1132 1133 -2
1132 1134 1
1132 1135 4
1132 1136 1
1137 1141 -4
1137 1142 -2
1137 1143 -2
1137 1144 1
1138 1141 4
1138 1142 1
1138 1143 -1
1138 1144 -2
1139 1141 -1
1139 1142 2
1139 1143 -2
1139 1144 1
1140 1141 4
1140 1142 -4
1140 1143 -4
1140 1144 1
1145 1149 4
1145 1150 4
1145 1151 2
1145 1152 1
1146 1149 -2
1146 1150 4
1146 1151 -1
1146 1152 2
1147 1149 4
1147 1150 -1
1147 1151 -1
1147 1152 -4
1148 1149 -4
1148 1150 1
1148 1151 1
1148 1152 -1
5 13 1
6 14 -1
7 15 -2
8 16 -1
13 21 1
14 22 2
15 23 2
16 24 -1
21 29 2
22 30 2
23 31 -2
24 32 -4
29 37 2
30 38 2
31 39 -1
32 40 -1
37 45 2
38 46 2
39 47 -2
40 48 -1
45 53 -2
46 54 -1
47 55 -2
48 56 1
53 61 4
54 62 -2
55 63 -1
56 64 -1
61 69 1
62 70 4
63 71 -2
64 72 -4
69 77 -2
70 78 4
71 79 -4
72 80 4
77 85 -4
78 86 4
79 87 1
80 88 1
85 93 4
86 94 2
87 95 -4
88 96 4
101 109 -2
102 110 2
103 111 -2
104 112 -4
109 117 -1
110 118 -4
111 119 -1
112 120 -4
117 125 2
118 126 -1
119 127 -1
120 128 -4
125 133 -2
126 134 4
127 135 2
128 136 -1
133 141 4
134 142 -4
135 143 4
136 144 4
141 149 1
142 150 2
143 151 2
144 152 -1
149 157 -2
150 158 -2
151 159 4
152 160 4
157 165 -2
158 166 4
159 167 -2
160 168 -1
165 173 -4
166 174 -1
167 175 2
168 176 4
173 181 -2
174 182 -4
175 183 2
176 184 -1
181 189 -1
182 190 -1
183 191 1
184 192 -1
197 205 1
198 206 -1
199 207 1
200 208 4
205 213 -4
206 214 2
207 215 -4
208 216 -2
213 221 2
214 222 -4
215 223 1
216 224 2
221 229 1
222 230 -1
223 231 2
224 232 2
229 237 -4
230 238 4
231 239 4
232 240 -1
237 245 -2
238 246 2
239 247 -4
240 248 -1
245 253 -4
246 254 -1
247 255 -2
248 256 -1
253 261 2
254 262 2
255 263 4
256 264 1
261 269 4
262 270 -2
263 271 -2
264 272 1
269 277 -1
270 278 1
271 279 4
272 280 -1
277 285 -2
278 286 4
279 287 -4
280 288 2
293 301 4
294 302 1
295 303 2
296 304 4
301 309 -1
302 310 1
303 311 1
304 312 4
309 317 -1
310 318 -1
311 319 -1
312 320 2
317 325 4
318 326 -1
319 327 -4
320 328 -1
325 333 1
326 334 4
327 335 1
328 336 -1
333 341 -2
334 342 2
335 343 4
336 344 -4
341 349 -2
342 350 1
343 351 -1
344 352 -2
349 357 -2
350 358 4
351 359 1
352 360 -2
357 365 1
358 366 2
359 367 1
360 368 -4
365 373 2
366 374 -2
367 375 -1
368 376 -1
373 381 -4
374 382 1
375 383 1
376 384 4
389 397 4
390 398 2
391 399 4
392 400 4
397 405 -1
398 406 1
399 407 -2
400 408 1
405 413 2
406 414 1
407 415 -2
408 416 1
413 421 2
414 422 2
415 423 4
416 424 2
421 429 1
422 430 -2
423 431 -2
424 432 -4
429 437 -4
430 438 -2
431 439 4
432 440 -1
437 445 4
438 446 1
439 447 2
440 448 -1
445 453 4
446 454 2
447 455 4
448 456 -4
453 461 2
454 462 -2
455 463 -4
456 464 4
461 469 1
462 470 2
463 471 4
464 472 -1
469 477 4
470 478 -1
471 479 4
472 480 4
485 493 -1
486 494 -1
487 495 -4
488 496 2
493 501 -4
494 502 -1
495 503 1
496 504 -4
501 509 2
502 510 2
503 511 -2
504 512 -2
509 517 1
510 518 -2
511 519 4
512 520 -1
517 525 -1
518 526 4
519 527 -1
520 528 -2
525 533 2
526 534 1
527 535 2
528 536 1
533 541 -2
534 542 -1
535 543 -1
536 544 -4
541 549 -1
542 550 2
543 551 4
544 552 4
549 557 4
550 558 -2
551 559 1
552 560 -4
557 565 -4
558 566 -4
559 567 4
560 568 4
565 573 -4
566 574 -4
567 575 -1
568 576 -4
581 589 2
582 590 1
583 591 2
584 592 2
589 597 -2
590 598 -2
591 599 1
592 600 1
597 605 2
598 606 1
599 607 -1
600 608 2
605 613 -2
606 614 -1
607 615 -2
608 616 -2
613 621 4
614 622 1
615 623 1
616 624 2
621 629 -1
622 630 2
623 631 1
624 632 2
629 637 -1
630 638 -2
631 639 -1
632 640 -4
637 645 2
638 646 2
639 647 -4
640 648 4
645 653 -4
646 654 2
647 655 -1
648 656 -4
653 661 -2
654 662 -1
655 663 -2
656 664 1
661 669 4
662 670 2
663 671 1
664 672 -4
677 685 -1
678 686 -4
679 687 -1
680 688 -4
685 693 -2
686 694 -2
687 695 2
688 696 4
693 701 -2
694 702 -1
695 703 -2
696 704 1
701 709 2
702 710 -4
703 711 -2
704 712 4
709 717 1
710 718 -4
711 719 -2
712 720 -1
717 725 2
718 726 -2
719 727 2
720 728 -1
725 733 1
726 734 -2
727 735 1
728 736 4
733 741 -1
734 742 -4
735 743 4
736 744 4
741 749 -1
742 750 -1
743 751 4
744 752 -2
749 757 -4
750 758 -2
751 759 -2
752 760 4
757 765 -1
758 766 4
759 767 4
760 768 1
773 781 -1
774 782 1
775 783 -4
776 784 -1
781 789 -4
782 790 2
783 791 -2
784 792 2
789 797 4
790 798 -1
791 799 4
792 800 -2
797 805 -2
798 806 -1
799 807 4
800 808 1
805 813 1
806 814 -1
807 815 1
808 816 4
813 821 -2
814 822 2
815 823 -1
816 824 -1
821 829 1
822 830 -1
823 831 -1
824 832 4
829 837 -1
830 838 -2
831 839 -1
832 840 1
837 845 -2
838 846 4
839 847 4
840 848 -4
845 853 -1
846 854 -2
847 855 -2
848 856 -1
853 861 -2
854 862 4
855 863 2
856 864 -4
869 877 2
870 878 -1
871 879 4
872 880 2
877 885 -1
878 886 -1
879 887 2
880 888 -4
885 893 -4
886 894 2
887 895 -2
888 896 4
893 901 -4
894 902 -2
895 903 -2
896 904 -1
901 909 -4
902 910 -2
903 911 -2
904 912 1
909 917 1
910 918 -1
911 919 -2
912 920 2
917 925 -2
918 926 4
919 927 1
920 928 -2
925 933 -1
926 934 -1
927 935 -4
928 936 1
933 941 -2
934 942 -4
935 943 -4
936 944 4
941 949 2
942 950 -4
943 951 -1
944 952 1
949 957 -4
950 958 -4
951 959 2
952 960 2
965 973 2
966 974 1
967 975 4
968 976 2
973 981 -2
974 982 -4
975 983 1
976 984 4
981 989 -1
982 990 4
983 991 2
984 992 -2
989 997 4
990 998 -4
991 999 -2
992 1000 1
997 1005 -4
998 1006 1
999 1007 -4
1000 1008 2
1005 1013 4
1006 1014 1
1007 1015 4
1008 1016 4
1013 1021 -2
1014 1022 -1
1015 1023 2
1016 1024 1
1021 1029 1
1022 1030 2
1023 1031 4
1024 1032 4
1029 1037 1
1030 1038 1
1031 1039 2
1032 1040 -2
1037 1045 -4
1038 1046 2
1039 1047 -2
1040 1048 -1
1045 1053 -1
1046 1054 -1
1047 1055 4
1048 1056 2
1061 1069 -4
1062 1070 -1
1063 1071 1
1064 1072 -1
1069 1077 -2
1070 1078 -4
1071 1079 2
1072 1080 -2
1077 1085 -4
1078 1086 -2
1079 1087 1
1080 1088 1
1085 1093 -1
1086 1094 -1
1087 1095 4
1088 1096 -4
1093 1101 -1
1094 1102 1
1095 1103 2
1096 1104 1
1101 1109 -1
1102 1110 4
1103 1111 -4
1104 1112 2
1109 1117 -1
1110 1118 -1
1111 1119 -4
1112 1120 -1
1117 1125 -2
1118 1126 4
1119 1127 4
1120 1128 2
1125 1133 2
1126 1134 -2
1127 1135 1
1128 1136 2
1133 1141 -2
1134 1142 4
1135 1143 -2
1136 1144 -1
1141 1149 -2
1142 1150 1
1143 1151 -4
1144 1152 1
1 97 -1
2 98 1
3 99 -4
4 100 2
97 193 4
98 194 4
99 195 4
100 196 -4
193 289 -4
194 290 2
195 291 1
196 292 -2
289 385 -2
290 386 -4
291 387 -1
292 388 -1
385 481 -2
386 482 -4
387 483 -2
388 484 -4
481 577 1
482 578 2
483 579 4
484 580 -1
577 673 1
578 674 4
579 675 -2
580 676 2
673 769 4
674 770 -4
675 771 -1
676 772 4
769 865 -2
770 866 -2
771 867 -4
772 868 -1
865 961 -4
866 962 1
867 963 -2
868 964 1
961 1057 4
962 1058 2
963 1059 -2
964 1060 -4
9 105 -1
10 106 -2
11 107 4
12 108 -2
105 201 -4
106 202 -2
107 203 1
108 204 1
201 297 -2
202 298 2
203 299 2
204 300 1
297 393 1
298 394 -1
299 395 2
300 396 2
393 489 -1
394 490 -2
395 491 -4
396 492 -4
489 585 -1
490 586 -2
491 587 -2
492 588 -4
585 681 4
586 682 -4
587 683 -4
588 684 1
681 777 2
682 778 -2
683 779 -2
684 780 2
777 873 -2
778 874 -1
779 875 -4
780 876 -1
873 969 -4
874 970 4
875 971 -2
876 972 2
969 1065 4
970 1066 4
971 1067 -1
972 1068 -4
17 113 1
18 114 -4
19 115 4
20 116 4
113 209 -1
114 210 4
115 211 -2
116 212 1
209 305 2
210 306 1
211 307 4
212 308 4
305 401 -1
306 402 -1
307 403 2
308 404 1
401 497 -4
402 498 -1
403 499 4
404 500 -2
497 593 1
498 594 -1
499 595 -2
500 596 1
593 689 4
594 690 -2
595 691 -2
596 692 -2
689 785 1
690 786 2
691 787 -1
692 788 -1
785 881 -4
786 882 -1
787 883 1
788 884 4
881 977 4
882 978 -4
883 979 -1
884 980 -1
977 1073 1
978 1074 -4
979 1075 4
980 1076 -4
25 121 4
26 122 -4
27 123 1
28 124 -4
121 217 -4
122 218 2
123 219 -4
124 220 2
217 313 4
218 314 2
219 315 -1
220 316 1
313 409 -4
314 410 -1
315 411 -1
316 412 -4
409 505 2
410 506 -2
411 507 2
412 508 -4
505 601 -2
506 602 -2
507 603 -1
508 604 -2
601 697 2
602 698 -1
603 699 1
604 700 -4
697 793 -4
698 794 2
699 795 -2
700 796 -1
793 889 4
794 890 -1
795 891 2
796 892 4
889 985 1
890 986 -2
891 987 1
892 988 2
985 1081 1
986 1082 -4
987 1083 -1
988 1084 2
33 129 -4
34 130 -4
35 131 -4
36 132 2
129 225 1
130 226 4
131 227 4
132 228 1
225 321 -2
226 322 -1
227 323 -1
228 324 2
321 417 1
322 418 2
323 419 -4
324 420 -2
417 513 -4
418 514 -4
419 515 -4
420 516 1
513 609 2
514 610 1
515 611 -4
516 612 2
609 705 2
610 706 -1
611 707 4
612 708 -4
705 801 1
706 802 2
707 803 2
708 804 -4
801 897 4
802 898 1
803 899 4
804 900 -1
897 993 -1
898 994 -4
899 995 2
900 996 4
993 1089 1
994 1090 4
995 1091 4
996 1092 -1
41 137 2
42 138 2
43 139 1
44 140 -4
137 233 -2
138 234 2
139 235 -4
140 236 4
233 329 -4
234 330 -4
235 331 -4
236 332 -1
329 425 -2
330 426 1
331 427 -2
332 428 -4
425 521 -4
426 522 1
427 523 -4
428 524 -2
521 617 -4
522 618 1
523 619 1
524 620 2
617 713 1
618 714 -2
619 715 -1
620 716 1
713 809 1
714 810 -2
715 811 4
716 812 -2
809 905 2
810 906 4
811 907 -1
812 908 -1
905 1001 -4
906 1002 4
907 1003 2
908 1004 -2
1001 1097 -2
1002 1098 4
1003 1099 -1
1004 1100 -4
49 145 1
50 146 -2
51 147 -1
52 148 -1
145 241 4
146 242 4
147 243 4
148 244 1
241 337 -2
242 338 2
243 339 -4
244 340 4
337 433 -1
338 434 -2
339 435 -1
340 436 -4
433 529 2
434 530 -4
435 531 4
436 532 -4
529 625 -1
530 626 4
531 627 1
532 628 4
625 721 -4
626 722 -4
627 723 -2
628 724 -4
721 817 1
722 818 -1
723 819 2
724 820 -4
817 913 1
818 914 -4
819 915 -1
820 916 -4
913 1009 1
914 1010 -4
915 1011 1
916 1012 4
1009 1105 -2
1010 1106 4
1011 1107 -4
1012 1108 1
57 153 -4
58 154 4
59 155 -4
60 156 4
153 249 -1
154 250 -1
155 251 4
156 252 -4
249 345 1
250 346 1
251 347 1
252 348 1
345 441 -1
346 442 -2
347 443 2
348 444 1
441 537 -2
442 538 1
443 539 2
444 540 -1
537 633 -4
538 634 1
539 635 4
540 636 -1
633 729 4
634 730 -2
635 731 1
636 732 -1
729 825 -4
730 826 2
731 827 2
732 828 4
825 921 -1
826 922 2
827 923 1
828 924 -4
921 1017 -2
922 1018 4
923 1019 4
924 1020 4
1017 1113 -4
1018 1114 1
1019 1115 4
1020 1116 2
65 161 -4
66 162 4
67 163 2
68 164 2
161 257 4
162 258 -2
163 259 -2
164 260 -1
257 353 2
258 354 -2
259 355 -2
260 356 2
353 449 1
354 450 -2
355 451 -2
356 452 -1
449 545 4
450 546 1
451 547 1
452 548 1
545 641 -2
546 642 -4
547 643 -4
548 644 1
641 737 -2
642 738 1
643 739 2
644 740 1
737 833 1
738 834 2
739 835 -1
740 836 -2
833 929 -2
834 930 -1
835 931 4
836 932 -1
929 1025 1
930 1026 1
931 1027 -4
932 1028 4
1025 1121 -2
1026 1122 -4
1027 1123 2
1028 1124 -2
73 169 2
74 170 -2
75 171 1
76 172 -2
169 265 4
170 266 4
171 267 -1
172 268 -4
265 361 -2
266 362 -2
267 363 -2
268 364 2
361 457 -1
362 458 4
363 459 4
364 460 -4
457 553 -4
458 554 2
459 555 2
460 556 4
553 649 2
554 650 -1
555 651 2
556 652 4
649 745 -4
650 746 1
651 747 -1
652 748 -4
745 841 4
746 842 -2
747 843 1
748 844 4
841 937 -1
842 938 2
843 939 2
844 940 4
937 1033 -1
938 1034 2
939 1035 2
940 1036 -2
1033 1129 -1
1034 1130 1
1035 1131 1
1036 1132 -4
81 177 2
82 178 4
83 179 2
84 180 -2
177 273 -1
178 274 -4
179 275 -2
180 276 -1
273 369 4
274 370 1
275 371 -4
276 372 -1
369 465 1
370 466 -4
371 467 1
372 468 -2
465 561 4
466 562 1
467 563 -4
468 564 -1
561 657 4
562 658 -2
563 659 2
564 660 4
657 753 1
658 754 -4
659 755 1
660 756 -1
753 849 -1
754 850 -2
755 851 4
756 852 4
849 945 4
850 946 -1
851 947 1
852 948 4
945 1041 -4
946 1042 -2
947 1043 4
948 1044 2
1041 1137 4
1042 1138 1
1043 1139 1
1044 1140 4
89 185 -1
90 186 2
91 187 -2
92 188 -1
185 281 4
186 282 2
187 283 1
188 284 1
281 377 1
282 378 -2
283 379 -1
284 380 -4
377 473 -1
378 474 2
379 475 -2
380 476 -1
473 569 1
474 570 -2
475 571 4
476 572 2
569 665 4
570 666 -1
571 667 1
572 668 -4
665 761 -4
666 762 2
667 763 2
668 764 2
761 857 2
762 858 1
763 859 2
764 860 1
857 953 -4
858 954 2
859 955 2
860 956 1
953 1049 4
954 1050 -1
955 1051 2
956 1052 2
1049 1145 2
1050 1146 -2
1051 1147 1
1052 1148 2
