#
1 5 2
1 6 4
1 7 -4
1 8 4
2 5 4
2 6 4
2 7 4
2 8 2
3 5 2
3 6 -2
3 7 -2
3 8 -4
4 5 1
4 6 -2
4 7 -4
4 8 2
9 13 2
9 14 2
9 15 -1
9 16 4
10 13 -1
10 14 -1
10 15 1
10 16 4
11 13 -4
11 14 4
11 15 1
11 16 2
12 13 4
12 14 4
12 15 2
12 16 -4
17 21 -1
17 22 4
17 23 1
17 24 -2
18 21 4
18 22 1
18 23 2
18 24 -1
19 21 -4
19 22 4
19 23 -2
19 24 -4
20 21 2
20 22 -1
20 23 4
20 24 -4
25 29 -2
25 30 1
25 31 -2
25 32 1
26 29 -2
26 30 -1
26 31 -1
26 32 2
27 29 1
27 30 -2
27 31 -1
27 32 1
28 29 -1
28 30 -4
28 31 1
28 32 4
33 37 4
33 38 -2
33 39 -2
33 40 -2
34 37 4
34 38 1
34 39 4
34 40 1
35 37 -2
35 38 -2
35 39 4
35 40 4
36 37 1
36 38 -4
36 39 1
36 40 4
41 45 2
41 46 -2
41 47 -2
41 48 -1
42 45 1
42 46 -4
42 47 -1
42 48 -1
43 45 2
43 46 1
43 47 1
43 48 4
44 45 -1
44 46 -2
44 47 4
44 48 -2
49 53 -1
49 54 1
49 55 2
49 56 1
50 53 -1
50 54 -4
50 55 -2
50 56 -2
51 53 2
51 54 -4
51 55 4
51 56 1
52 53 -2
52 54 -1
52 55 1
52 56 2
57 61 1
57 62 2
57 63 2
57 64 -4
58 61 -2
58 62 -2
58 63 -4
58 64 -1
59 61 -4
59 62 -1
59 63 -1
59 64 -1
60 61 -1
60 62 -2
60 63 -4
60 64 -1
65 69 1
65 70 -2
65 71 1
65 72 -2
66 69 -2
66 70 2
66 71 -1
66 72 2
67 69 2
67 70 2
67 71 1
67 72 -2
68 69 -1
68 70 2
68 71 -1
68 72 1
73 77 -4
73 78 2
73 79 -1
73 80 1
74 77 -2
74 78 -2
74 79 -4
74 80 4
75 77 -1
75 78 -1
75 79 1
75 80 -2
76 77 1
76 78 -4
76 79 4
76 80 2
81 85 4
81 86 -1
81 87 4
81 88 1
82 85 2
82 86 -1
82 87 1
82 88 -2
83 85 -4
83 86 1
83 87 1
83 88 4
84 85 -1
84 86 2
84 87 -1
84 88 4
89 93 -4
89 94 -2
89 95 2
89 96 -1
90 93 2
90 94 1
90 95 -4
90 96 -2
91 93 2
91 94 1
91 95 2
91 96 -4
92 93 -1
92 94 1
92 95 2
92 96 4
97 101 2
97 102 1
97 103 -1
97 104 4
98 101 -2
98 102 1
98 103 2
98 104 -2
99 101 -1
99 102 2
99 103 4
99 104 4
100 101 -2
100 102 2
100 103 -1
100 104 1
105 109 -2
105 110 1
105 111 4
105 112 -4
106 109 -4
106 110 1
106 111 -4
106 112 -4
107 109 -4
107 110 -2
107 111 2
107 112 -1
108 109 -1
108 110 -1
108 111 -4
108 112 4
113 117 4
113 118 2
113 119 4
113 120 -2
114 117 4
114 118 -2
114 119 -2
114 120 -2
115 117 -2
115 118 4
115 119 -4
115 120 4
116 117 -2
116 118 4
116 119 1
116 120 -2
121 125 -2
121 126 2
121 127 2
121 128 4
122 125 2
122 126 -2
122 127 1
122 128 4
123 125 2
123 126 -2
123 127 -2
123 128 -2
124 125 2
124 126 -4
124 127 -4
124 128 1
129 133 1
129 134 -2
129 135 -1
129 136 2
130 133 -4
130 134 -2
130 135 -1
130 136 2
131 133 -1
131 134 -1
131 135 -2
131 136 -1
132 133 1
132 134 1
132 135 -4
132 136 1
137 141 -1
137 142 4
137 143 2
137 144 1
138 141 1
138 142 4
138 143 4
138 144 -2
139 141 4
139 142 -1
139 143 2
139 144 1
140 141 -2
140 142 1
140 143 -1
140 144 4
145 149 -4
145 150 2
145 151 -4
145 152 1
146 149 -2
146 150 1
146 151 4
146 152 1
147 149 -1
147 150 -1
147 151 4
147 152 1
148 149 -4
148 150 -1
148 151 -2
148 152 -2
153 157 -2
153 158 4
153 159 4
153 160 -1
154 157 -1
154 158 -2
154 159 -1
154 160 -2
155 157 1
155 158 -4
155 159 4
155 160 2
156 157 2
156 158 1
156 159 -4
156 160 -2
161 165 -2
161 166 -2
161 167 1
161 168 2
162 165 -1
162 166 -4
162 167 -4
162 168 4
163 165 1
163 166 4
163 167 4
163 168 4
164 165 -4
164 166 -4
164 167 -2
164 168 -1
169 173 1
169 174 -4
169 175 2
169 176 4
170 173 -1
170 174 -4
170 175 -2
170 176 -1
171 173 -1
171 174 1
171 175 -1
171 176 -1
172 173 -2
172 174 -4
172 175 -4
172 176 2
177 181 -4
177 182 1
177 183 -1
177 184 2
178 181 -1
178 182 2
178 183 1
178 184 2
179 181 2
179 182 1
179 183 2
179 184 2
180 181 -1
180 182 1
180 183 -1
180 184 -4
185 189 -2
185 190 -4
185 191 -2
185 192 -2
186 189 -2
186 190 2
186 191 -1
186 192 1
187 189 4
187 190 -2
187 191 -4
187 192 -2
188 189 -4
188 190 2
188 191 1
188 192 -4
193 197 2
193 198 4
193 199 4
193 200 1
194 197 -4
194 198 -2
194 199 2
194 200 4
195 197 1
195 198 2
195 199 4
195 200 -4
196 197 1
196 198 4
196 199 4
196 200 1
201 205 1
201 206 -2
201 207 -1
201 208 -2
202 205 2
202 206 1
202 207 -1
202 208 -2
203 205 4
203 206 -1
203 207 4
203 208 -4
204 205 -4
204 206 4
204 207 2
204 208 1
209 213 1
209 214 2
209 215 4
209 216 -4
210 213 -4
210 214 -4
210 215 4
210 216 -1
211 213 -4
211 214 -2
211 215 -4
211 216 -1
212 213 2
212 214 -1
212 215 -1
212 216 -1
217 221 -2
217 222 -1
217 223 -4
217 224 4
218 221 -4
218 222 -4
218 223 4
218 224 -2
219 221 -1
219 222 -1
219 223 1
219 224 2
220 221 1
220 222 -1
220 223 2
220 224 1
225 229 -1
225 230 -2
225 231 1
225 232 -1
226 229 -2
226 230 -2
226 231 -2
226 232 -4
227 229 -4
227 230 -2
227 231 4
227 232 -1
228 229 -4
228 230 2
228 231 2
228 232 -4
233 237 4
233 238 1
233 239 2
233 240 -4
234 237 1
234 238 1
234 239 -1
234 240 4
235 237 -4
235 238 -4
235 239 -4
235 240 -1
236 237 -1
236 238 4
236 239 -4
236 240 -2
241 245 2
241 246 1
241 247 -2
241 248 -2
242 245 -1
242 246 1
242 247 2
242 248 4
243 245 4
243 246 -1
243 247 1
243 248 -1
244 245 -4
244 246 4
244 247 4
244 248 -2
249 253 -2
249 254 4
249 255 -1
249 256 2
250 253 -1
250 254 -1
250 255 -1
250 256 -4
251 253 2
251 254 1
251 255 -4
251 256 4
252 253 -4
252 254 -4
252 255 1
252 256 1
257 261 -2
257 262 2
257 263 2
257 264 -1
258 261 1
258 262 -1
258 263 2
258 264 1
259 261 2
259 262 1
259 263 4
259 264 2
260 261 4
260 262 2
260 263 1
260 264 2
265 269 -4
265 270 -1
265 271 -2
265 272 4
266 269 -1
266 270 -1
266 271 1
266 272 -2
267 269 -2
267 270 -2
267 271 2
267 272 4
268 269 -1
268 270 -4
268 271 -4
268 272 -1
273 277 4
273 278 2
273 279 1
273 280 4
274 277 1
274 278 1
274 279 2
274 280 2
275 277 1
275 278 1
275 279 -2
275 280 1
276 277 -2
276 278 2
276 279 2
276 280 2
281 285 2
281 286 -4
281 287 -1
281 288 1
282 285 1
282 286 -2
282 287 -2
282 288 4
283 285 1
283 286 1
283 287 -1
283 288 -2
284 285 -1
284 286 1
284 287 4
284 288 2
289 293 2
289 294 4
289 295 2
289 296 1
290 293 -2
290 294 -4
290 295 4
290 296 1
291 293 4
291 294 -2
291 295 -1
291 296 2
292 293 -4
292 294 -4
292 295 4
292 296 -1
297 301 -4
297 302 2
297 303 -2
297 304 -1
298 301 -4
298 302 4
298 303 4
298 304 4
299 301 -1
299 302 1
299 303 4
299 304 1
300 301 -2
300 302 2
300 303 -1
300 304 1
305 309 -1
305 310 1
305 311 -2
305 312 4
306 309 -1
306 310 2
306 311 -1
306 312 -2
307 309 -2
307 310 2
307 311 4
307 312 1
308 309 -1
308 310 -2
308 311 4
308 312 -2
313 317 -1
313 318 4
313 319 4
313 320 -1
314 317 1
314 318 -1
314 319 -4
314 320 -2
315 317 -1
315 318 2
315 319 4
315 320 -1
316 317 -1
316 318 -4
316 319 2
316 320 -1
321 325 -4
321 326 2
321 327 -2
321 328 4
322 325 -2
322 326 1
322 327 -2
322 328 -4
323 325 4
323 326 -4
323 327 -4
323 328 1
324 325 -2
324 326 -2
324 327 1
324 328 2
329 333 -1
329 334 1
329 335 -2
329 336 2
330 333 1
330 334 -2
330 335 -4
330 336 -2
331 333 1
331 334 1
331 335 -4
331 336 4
332 333 -2
332 334 1
332 335 -4
332 336 4
337 341 2
337 342 -4
337 343 -4
337 344 2
338 341 1
338 342 2
338 343 1
338 344 1
339 341 -1
339 342 -1
339 343 -4
339 344 -4
340 341 -1
340 342 4
340 343 2
340 344 -4
345 349 -2
345 350 1
345 351 -2
345 352 4
346 349 -2
346 350 2
346 351 -2
346 352 -4
347 349 1
347 350 -4
347 351 2
347 352 -2
348 349 -1
348 350 -4
348 351 -4
348 352 1
353 357 -1
353 358 -4
353 359 1
353 360 4
354 357 -2
354 358 -4
354 359 -2
354 360 1
355 357 2
355 358 -1
355 359 2
355 360 -1
356 357 -2
356 358 2
356 359 -2
356 360 -2
361 365 4
361 366 -4
361 367 -4
361 368 4
362 365 2
362 366 -1
362 367 -1
362 368 2
363 365 -1
363 366 1
363 367 -1
363 368 -1
364 365 -2
364 366 -4
364 367 4
364 368 -2
369 373 -4
369 374 1
369 375 4
369 376 2
370 373 -1
370 374 1
370 375 4
370 376 -1
371 373 -2
371 374 -4
371 375 4
371 376 -1
372 373 4
372 374 -4
372 375 1
372 376 4
377 381 -1
377 382 -1
377 383 -2
377 384 -2
378 381 4
378 382 -4
378 383 -1
378 384 -1
379 381 -4
379 382 -4
379 383 -4
379 384 2
380 381 4
380 382 -1
380 383 -1
380 384 -2
385 389 -4
385 390 4
385 391 -2
385 392 2
386 389 -1
386 390 -1
386 391 1
386 392 -4
387 389 -1
387 390 -4
387 391 2
387 392 -4
388 389 4
388 390 -4
388 391 -2
388 392 4
393 397 1
393 398 -4
393 399 -4
393 400 -1
394 397 2
394 398 2
394 399 2
394 400 1
395 397 1
395 398 2
395 399 -1
395 400 2
396 397 -1
396 398 2
396 399 1
396 400 4
401 405 -1
401 406 -2
401 407 -2
401 408 -2
402 405 4
402 406 2
402 407 4
402 408 -4
403 405 -1
403 406 2
403 407 1
403 408 -2
404 405 -2
404 406 -2
404 407 -1
404 408 -1
409 413 2
409 414 4
409 415 -2
409 416 -4
410 413 4
410 414 4
410 415 4
410 416 1
411 413 -1
411 414 1
411 415 -1
411 416 -2
412 413 -2
412 414 -2
412 415 -1
412 416 -1
417 421 2
417 422 -4
417 423 -4
417 424 -1
418 421 -2
418 422 4
418 423 4
418 424 -1
419 421 -1
419 422 2
419 423 4
419 424 -2
420 421 2
420 422 2
420 423 4
420 424 -4
425 429 4
425 430 -4
425 431 -2
425 432 -1
426 429 1
426 430 -2
426 431 2
426 432 1
427 429 1
427 430 1
427 431 2
427 432 2
428 429 -1
428 430 4
428 431 -1
428 432 1
433 437 2
433 438 4
433 439 1
433 440 -1
434 437 1
434 438 4
434 439 1
434 440 -1
435 437 1
435 438 -2
435 439 4
435 440 4
436 437 -1
436 438 -4
436 439 -2
436 440 -2
441 445 -4
441 446 1
441 447 4
441 448 1
442 445 -4
442 446 2
442 447 -4
442 448 -1
443 445 -2
443 446 -1
443 447 -1
443 448 -2
444 445 4
444 446 1
444 447 -2
444 448 -2
449 453 -1
449 454 4
449 455 -1
449 456 2
450 453 4
450 454 4
450 455 1
450 456 -2
451 453 1
451 454 2
451 455 -2
451 456 -4
452 453 4
452 454 -4
452 455 -1
452 456 4
457 461 4
457 462 1
457 463 -1
457 464 4
458 461 -4
458 462 -4
458 463 -1
458 464 -4
459 461 4
459 462 -4
459 463 -4
459 464 -2
460 461 1
460 462 4
460 463 -2
460 464 -2
465 469 1
465 470 -4
465 471 -4
465 472 1
466 469 1
466 470 1
466 471 2
466 472 4
467 469 1
467 470 2
467 471 1
467 472 -4
468 469 1
468 470 -1
468 471 -1
468 472 1
473 477 1
473 478 -4
473 479 2
473 480 1
474 477 -4
474 478 1
474 479 4
474 480 4
475 477 -1
475 478 -4
475 479 4
475 480 2
476 477 1
476 478 1
476 479 4
476 480 -4
481 485 4
481 486 -2
481 487 -2
481 488 -2
482 485 -2
482 486 -1
482 487 2
482 488 -1
483 485 4
483 486 -1
483 487 -1
483 488 -4
484 485 -1
484 486 1
484 487 2
484 488 -1
489 493 1
489 494 2
489 495 -4
489 496 1
490 493 -1
490 494 4
490 495 -1
490 496 -4
491 493 -4
491 494 -4
491 495 1
491 496 -2
492 493 4
492 494 -4
492 495 -1
492 496 4
497 501 1
497 502 1
497 503 -4
497 504 4
498 501 -4
498 502 1
498 503 1
498 504 4
499 501 4
499 502 -4
499 503 -1
499 504 -2
500 501 -4
500 502 -1
500 503 2
500 504 4
505 509 1
505 510 -2
505 511 -4
505 512 4
506 509 1
506 510 -1
506 511 4
506 512 4
507 509 2
507 510 2
507 511 -4
507 512 -4
508 509 4
508 510 -2
508 511 1
508 512 2
513 517 -2
513 518 -4
513 519 -4
513 520 -4
514 517 1
514 518 -1
514 519 -2
514 520 4
515 517 -4
515 518 -4
515 519 4
515 520 1
516 517 1
516 518 -4
516 519 -1
516 520 2
521 525 -2
521 526 -4
521 527 -4
521 528 -4
522 525 1
522 526 4
522 527 -4
522 528 -1
523 525 -2
523 526 -1
523 527 2
523 528 4
524 525 1
524 526 -2
524 527 2
524 528 2
529 533 1
529 534 2
529 535 4
529 536 4
530 533 -2
530 534 -4
530 535 -1
530 536 -1
531 533 -1
531 534 -2
531 535 -1
531 536 4
532 533 1
532 534 1
532 535 2
532 536 2
537 541 -1
537 542 -1
537 543 -4
537 544 -4
538 541 1
538 542 -4
538 543 -1
538 544 2
539 541 -1
539 542 1
539 543 -4
539 544 1
540 541 1
540 542 4
540 543 -1
540 544 1
545 549 4
545 550 -2
545 551 -4
545 552 -2
546 549 2
546 550 -1
546 551 1
546 552 -2
547 549 1
547 550 -4
547 551 -1
547 552 -4
548 549 4
548 550 -4
548 551 1
548 552 -2
553 557 -2
553 558 2
553 559 -1
553 560 -1
554 557 -2
554 558 4
554 559 4
554 560 -1
555 557 -2
555 558 2
555 559 -2
555 560 2
556 557 -2
556 558 2
556 559 4
556 560 4
561 565 1
561 566 2
561 567 -1
561 568 -1
562 565 -1
562 566 4
562 567 -4
562 568 -1
563 565 -1
563 566 -2
563 567 -1
563 568 -4
564 565 4
564 566 4
564 567 1
564 568 2
569 573 -2
569 574 -4
569 575 2
569 576 -2
570 573 -4
570 574 4
570 575 4
570 576 -2
571 573 1
571 574 -2
571 575 2
571 576 -2
572 573 -1
572 574 4
572 575 1
572 576 -2
577 581 -2
577 582 2
577 583 -1
577 584 -4
578 581 2
578 582 -2
578 583 1
578 584 -2
579 581 -1
579 582 -2
579 583 -2
579 584 4
580 581 1
580 582 1
580 583 4
580 584 -2
585 589 -4
585 590 2
585 591 2
585 592 1
586 589 -1
586 590 -2
586 591 1
586 592 -2
587 589 2
587 590 -1
587 591 1
587 592 -4
588 589 2
588 590 -2
588 591 -2
588 592 2
593 597 -4
593 598 -1
593 599 1
593 600 1
594 597 2
594 598 -4
594 599 2
594 600 -4
595 597 -1
595 598 -2
595 599 -2
595 600 -2
596 597 -2
596 598 1
596 599 4
596 600 -1
601 605 -4
601 606 4
601 607 -2
601 608 -1
602 605 2
602 606 -1
602 607 -2
602 608 -1
603 605 2
603 606 -4
603 607 -2
603 608 1
604 605 4
604 606 -4
604 607 4
604 608 -2
609 613 -4
609 614 1
609 615 -1
609 616 1
610 613 1
610 614 4
610 615 1
610 616 2
611 613 -2
611 614 1
611 615 4
611 616 -1
612 613 4
612 614 -1
612 615 -1
612 616 2
617 621 2
617 622 -1
617 623 -2
617 624 1
618 621 4
618 622 2
618 623 1
618 624 2
619 621 -1
619 622 -2
619 623 2
619 624 1
620 621 4
620 622 -4
620 623 -4
620 624 2
625 629 2
625 630 -1
625 631 4
625 632 1
626 629 -4
626 630 1
626 631 -2
626 632 4
627 629 -4
627 630 2
627 631 -4
627 632 -2
628 629 -1
628 630 -1
628 631 1
628 632 1
633 637 -2
633 638 1
633 639 1
633 640 -4
634 637 -4
634 638 -4
634 639 4
634 640 1
635 637 2
635 638 -4
635 639 4
635 640 -4
636 637 2
636 638 1
636 639 -2
636 640 4
641 645 -4
641 646 -2
641 647 -2
641 648 1
642 645 -4
642 646 1
642 647 2
642 648 1
643 645 1
643 646 4
643 647 -2
643 648 2
644 645 4
644 646 1
644 647 2
644 648 -1
649 653 -4
649 654 -1
649 655 -2
649 656 -4
650 653 1
650 654 -1
650 655 -2
650 656 1
651 653 -2
651 654 -1
651 655 4
651 656 1
652 653 2
652 654 2
652 655 -1
652 656 -1
657 661 2
657 662 -1
657 663 4
657 664 4
658 661 1
658 662 -1
658 663 -4
658 664 -4
659 661 -1
659 662 -1
659 663 -1
659 664 -1
660 661 -4
660 662 -2
660 663 2
660 664 -4
665 669 -2
665 670 -2
665 671 2
665 672 -2
666 669 4
666 670 2
666 671 -2
666 672 4
667 669 1
667 670 -4
667 671 4
667 672 -2
668 669 -2
668 670 1
668 671 -2
668 672 4
673 677 -2
673 678 -1
673 679 1
673 680 -2
674 677 2
674 678 2
674 679 -1
674 680 4
675 677 -1
675 678 -2
675 679 1
675 680 2
676 677 -4
676 678 4
676 679 1
676 680 -4
681 685 -4
681 686 2
681 687 -2
681 688 -1
682 685 -1
682 686 2
682 687 1
682 688 -4
683 685 -1
683 686 -1
683 687 -2
683 688 1
684 685 4
684 686 -1
684 687 1
684 688 -2
689 693 -2
689 694 1
689 695 -4
689 696 1
690 693 4
690 694 -2
690 695 4
690 696 -4
691 693 -4
691 694 -2
691 695 2
691 696 -4
692 693 -2
692 694 2
692 695 -4
692 696 -4
697 701 2
697 702 -4
697 703 -2
697 704 4
698 701 -4
698 702 4
698 703 1
698 704 -1
699 701 4
699 702 -2
699 703 -2
699 704 -1
700 701 -4
700 702 -1
700 703 -1
700 704 -2
705 709 -2
705 710 -1
705 711 1
705 712 1
706 709 1
706 710 -1
706 711 -1
706 712 1
707 709 4
707 710 4
707 711 4
707 712 -1
708 709 4
708 710 -4
708 711 4
708 712 2
713 717 -2
713 718 4
713 719 4
713 720 -1
714 717 -4
714 718 -2
714 719 4
714 720 4
715 717 -2
715 718 2
715 719 1
715 720 -1
716 717 -2
716 718 -4
716 719 -4
716 720 -4
721 725 -4
721 726 -1
721 727 1
721 728 -1
722 725 4
722 726 -1
722 727 -2
722 728 -4
723 725 -2
723 726 2
723 727 -4
723 728 4
724 725 2
724 726 -4
724 727 -1
724 728 2
729 733 2
729 734 -4
729 735 -1
729 736 4
730 733 -4
730 734 -2
730 735 -4
730 736 -2
731 733 -1
731 734 -2
731 735 -4
731 736 4
732 733 -4
732 734 1
732 735 4
732 736 4
737 741 -2
737 742 -4
737 743 -2
737 744 2
738 741 -2
738 742 -2
738 743 -1
738 744 2
739 741 1
739 742 2
739 743 -4
739 744 2
740 741 -1
740 742 -2
740 743 4
740 744 1
745 749 2
745 750 -4
745 751 -2
745 752 -2
746 749 4
746 750 -2
746 751 -1
746 752 1
747 749 4
747 750 2
747 751 -2
747 752 1
748 749 2
748 750 4
748 751 4
748 752 -1
753 757 4
753 758 -1
753 759 -4
753 760 2
754 757 4
754 758 -1
754 759 2
754 760 -4
755 757 -4
755 758 4
755 759 2
755 760 4
756 757 1
756 758 4
756 759 4
756 760 4
761 765 1
761 766 -1
761 767 -4
761 768 2
762 765 -1
762 766 -2
762 767 -4
762 768 1
763 765 1
763 766 -4
763 767 2
763 768 4
764 765 -1
764 766 4
764 767 2
764 768 1
769 773 4
769 774 2
769 775 -2
769 776 -1
770 773 4
770 774 -4
770 775 2
770 776 -4
771 773 1
771 774 -2
771 775 -1
771 776 4
772 773 -4
772 774 1
772 775 4
772 776 2
777 781 4
777 782 2
777 783 4
777 784 -4
778 781 1
778 782 -2
778 783 -2
778 784 -2
779 781 4
779 782 4
779 783 -1
779 784 2
780 781 2
780 782 -4
780 783 4
780 784 -2
785 789 4
785 790 -1
785 791 1
785 792 4
786 789 -2
786 790 -2
786 791 -1
786 792 -1
787 789 -1
787 790 -4
787 791 -4
787 792 -4
788 789 -2
788 790 -4
788 791 -2
788 792 -2
793 797 -4
793 798 2
793 799 -1
793 800 -2
794 797 2
794 798 -1
794 799 1
794 800 -4
795 797 -4
795 798 2
795 799 -4
795 800 1
796 797 -1
796 798 -1
796 799 4
796 800 -1
801 805 4
801 806 1
801 807 -1
801 808 -2
802 805 4
802 806 2
802 807 2
802 808 2
803 805 4
803 806 4
803 807 -2
803 808 -4
804 805 -1
804 806 2
804 807 -4
804 808 4
809 813 -1
809 814 2
809 815 -2
809 816 1
810 813 -2
810 814 2
810 815 -2
810 816 1
811 813 2
811 814 4
811 815 -4
811 816 -2
812 813 -2
812 814 2
812 815 -4
812 816 -2
817 821 1
817 822 -1
817 823 -4
817 824 1
818 821 4
818 822 4
818 823 -1
818 824 2
819 821 1
819 822 1
819 823 -4
819 824 -2
820 821 -4
820 822 -4
820 823 -4
820 824 4
825 829 1
825 830 2
825 831 2
825 832 1
826 829 -1
826 830 -2
826 831 -1
826 832 -2
827 829 -1
827 830 -2
827 831 2
827 832 -1
828 829 -2
828 830 1
828 831 -1
828 832 -4
833 837 4
833 838 2
833 839 4
833 840 -2
834 837 -2
834 838 -1
834 839 -4
834 840 1
835 837 1
835 838 -4
835 839 -2
835 840 4
836 837 -4
836 838 2
836 839 2
836 840 -1
841 845 -4
841 846 -1
841 847 1
841 848 4
842 845 1
842 846 1
842 847 -4
842 848 -1
843 845 -4
843 846 -2
843 847 -2
843 848 1
844 845 2
844 846 -1
844 847 2
844 848 4
849 853 1
849 854 4
849 855 -1
849 856 -1
850 853 -4
850 854 -2
850 855 4
850 856 2
851 853 4
851 854 -2
851 855 -4
851 856 -1
852 853 -4
852 854 -2
852 855 4
852 856 -2
857 861 -2
857 862 -4
857 863 1
857 864 2
858 861 2
858 862 1
858 863 1
858 864 4
859 861 -4
859 862 -4
859 863 2
859 864 -2
860 861 2
860 862 1
860 863 -4
860 864 2
865 869 -4
865 870 -1
865 871 -1
865 872 -4
866 869 4
866 870 1
866 871 4
866 872 -4
867 869 2
867 870 2
867 871 2
867 872 -4
868 869 -4
868 870 -4
868 871 2
868 872 2
873 877 1
873 878 -4
873 879 -4
873 880 2
874 877 -1
874 878 -1
874 879 2
874 880 4
875 877 1
875 878 4
875 879 2
875 880 -2
876 877 -4
876 878 4
876 879 -1
876 880 2
881 885 -1
881 886 2
881 887 4
881 888 2
882 885 -1
882 886 -1
882 887 -4
882 888 -2
883 885 2
883 886 2
883 887 -4
883 888 -2
884 885 -1
884 886 -4
884 887 -2
884 888 -1
889 893 2
889 894 -4
889 895 -4
889 896 1
890 893 4
890 894 -4
890 895 4
890 896 -2
891 893 -1
891 894 4
891 895 2
891 896 -2
892 893 1
892 894 -4
892 895 1
892 896 1
897 901 -4
897 902 -1
897 903 1
897 904 2
898 901 -1
898 902 4
898 903 4
898 904 2
899 901 4
899 902 1
899 903 -2
899 904 1
900 901 2
900 902 -2
900 903 -2
900 904 2
905 909 -1
905 910 -1
905 911 -1
905 912 -4
906 909 2
906 910 1
906 911 -4
906 912 4
907 909 -2
907 910 -4
907 911 -2
907 912 2
908 909 1
908 910 2
908 911 2
908 912 -4
913 917 1
913 918 1
913 919 2
913 920 -1
914 917 1
914 918 -1
914 919 -1
914 920 1
915 917 -1
915 918 4
915 919 4
915 920 2
916 917 -2
916 918 2
916 919 1
916 920 4
921 925 -4
921 926 2
921 927 -4
921 928 -4
922 925 1
922 926 -4
922 927 -2
922 928 2
923 925 -1
923 926 -1
923 927 -1
923 928 -1
924 925 -2
924 926 2
924 927 -4
924 928 -2
929 933 -2
929 934 -4
929 935 4
929 936 -2
930 933 4
930 934 1
930 935 -1
930 936 -2
931 933 4
931 934 4
931 935 1
931 936 -4
932 933 -1
932 934 -4
932 935 -1
932 936 4
937 941 -2
937 942 2
937 943 -1
937 944 -1
938 941 -2
938 942 4
938 943 1
938 944 4
939 941 1
939 942 -1
939 943 1
939 944 -1
940 941 1
940 942 4
940 943 2
940 944 1
945 949 -1
945 950 2
945 951 -1
945 952 4
946 949 -1
946 950 -4
946 951 -2
946 952 -4
947 949 2
947 950 1
947 951 -2
947 952 -4
948 949 -2
948 950 -2
948 951 4
948 952 1
953 957 2
953 958 4
953 959 1
953 960 -1
954 957 -1
954 958 2
954 959 1
954 960 -1
955 957 4
955 958 -2
955 959 4
955 960 1
956 957 -2
956 958 -1
956 959 4
956 960 4
961 965 4
961 966 -1
961 967 2
961 968 -1
962 965 2
962 966 1
962 967 -2
962 968 2
963 965 4
963 966 1
963 967 1
963 968 -4
964 965 2
964 966 -4
964 967 -2
964 968 4
969 973 1
969 974 2
969 975 1
969 976 -4
970 973 -4
970 974 -4
970 975 -4
970 976 -1
971 973 1
971 974 -2
971 975 -2
971 976 -2
972 973 -2
972 974 2
972 975 -4
972 976 -4
977 981 -2
977 982 -4
977 983 -4
977 984 2
978 981 4
978 982 4
978 983 -1
978 984 4
979 981 -1
979 982 -4
979 983 -4
979 984 -4
980 981 -1
980 982 1
980 983 1
980 984 1
985 989 -2
985 990 1
985 991 1
985 992 1
986 989 -2
986 990 -2
986 991 4
986 992 -4
987 989 2
987 990 -4
987 991 -1
987 992 4
988 989 -2
988 990 1
988 991 -1
988 992 1
993 997 1
993 998 4
993 999 -2
993 1000 1
994 997 4
994 998 2
994 999 -2
994 1000 -1
995 997 2
995 998 4
995 999 2
995 1000 -1
996 997 4
996 998 -1
996 999 -2
996 1000 -2
1001 1005 4
1001 1006 2
1001 1007 1
1001 1008 -1
1002 1005 1
1002 1006 -1
1002 1007 4
1002 1008 -2
1003 1005 1
1003 1006 -4
1003 1007 -1
1003 1008 1
1004 1005 4
1004 1006 4
1004 1007 2
1004 1008 2
1009 1013 -2
1009 1014 1
1009 1015 2
1009 1016 4
1010 1013 4
1010 1014 4
1010 1015 -2
1010 1016 -4
1011 1013 -2
1011 1014 4
1011 1015 1
1011 1016 2
1012 1013 -1
1012 1014 -4
1012 1015 1
1012 1016 -2
1017 1021 1
1017 1022 -2
1017 1023 4
1017 1024 -1
1018 1021 4
1018 1022 -2
1018 1023 -2
1018 1024 -4
1019 1021 2
1019 1022 -1
1019 1023 -1
1019 1024 4
1020 1021 2
1020 1022 -4
1020 1023 1
1020 1024 2
1025 1029 -2
1025 1030 -1
1025 1031 2
1025 1032 -2
1026 1029 4
1026 1030 2
1026 1031 2
1026 1032 -1
1027 1029 -1
1027 1030 -1
1027 1031 1
1027 1032 1
1028 1029 1
1028 1030 -1
1028 1031 2
1028 1032 -4
1033 1037 2
1033 1038 1
1033 1039 -4
1033 1040 -4
1034 1037 1
1034 1038 -2
1034 1039 -1
1034 1040 4
1035 1037 -1
1035 1038 -1
1035 1039 -4
1035 1040 -1
1036 1037 -4
1036 1038 4
1036 1039 -1
1036 1040 4
1041 1045 -1
1041 1046 4
1041 1047 2
1041 1048 2
1042 1045 2
1042 1046 -4
1042 1047 1
1042 1048 -4
1043 1045 -1
1043 1046 -2
1043 1047 -4
1043 1048 -1
1044 1045 -4
1044 1046 4
1044 1047 -1
1044 1048 -1
1049 1053 -1
1049 1054 -4
1049 1055 -1
1049 1056 -4
1050 1053 -4
1050 1054 1
1050 1055 -1
1050 1056 -4
1051 1053 -1
1051 1054 2
1051 1055 1
1051 1056 1
1052 1053 -1
1052 1054 1
1052 1055 1
1052 1056 -1
1057 1061 1
1057 1062 4
1057 1063 -4
1057 1064 -1
1058 1061 1
1058 1062 -4
1058 1063 1
1058 1064 1
1059 1061 2
1059 1062 -1
1059 1063 2
1059 1064 4
1060 1061 2
1060 1062 -2
1060 1063 2
1060 1064 -1
1065 1069 2
1065 1070 -2
1065 1071 -2
1065 1072 4
1066 1069 -2
1066 1070 4
1066 1071 -1
1066 1072 -2
1067 1069 -2
1067 1070 1
1067 1071 -2
1067 1072 -1
1068 1069 4
1068 1070 1
1068 1071 -2
1068 1072 4
1073 1077 2
1073 1078 2
1073 1079 -1
1073 1080 1
1074 1077 4
1074 1078 2
1074 1079 -2
1074 1080 -2
1075 1077 2
1075 1078 -1
1075 1079 -4
1075 1080 -4
1076 1077 4
1076 1078 -2
1076 1079 -2
1076 1080 4
1081 1085 -4
1081 1086 -4
1081 1087 2
1081 1088 -2
1082 1085 2
1082 1086 4
1082 1087 -2
1082 1088 -4
1083 1085 -2
1083 1086 2
1083 1087 1
1083 1088 4
1084 1085 2
1084 1086 -1
1084 1087 -1
1084 1088 4
1089 1093 -4
1089 1094 -1
1089 1095 1
1089 1096 1
1090 1093 1
1090 1094 -1
1090 1095 -4
1090 1096 -1
1091 1093 -4
1091 1094 2
1091 1095 1
1091 1096 4
1092 1093 1
1092 1094 2
1092 1095 -4
1092 1096 4
1097 1101 1
1097 1102 -4
1097 1103 -4
1097 1104 -2
1098 1101 1
1098 1102 -1
1098 1103 -1
1098 1104 1
1099 1101 -1
1099 1102 -2
1099 1103 -4
1099 1104 2
1100 1101 4
1100 1102 2
1100 1103 4
1100 1104 2
1105 1109 -1
1105 1110 -4
1105 1111 1
1105 1112 -1
1106 1109 2
1106 1110 1
1106 1111 1
1106 1112 1
1107 1109 4
1107 1110 4
1107 1111 -2
1107 1112 -1
1108 1109 2
1108 1110 1
1108 1111 -1
1108 1112 -2
1113 1117 -1
1113 1118 -2
1113 1119 -1
1113 1120 1
1114 1117 1
1114 1118 1
1114 1119 -1
1114 1120 1
1115 1117 4
1115 1118 4
1115 1119 -4
1115 1120 1
1116 1117 1
1116 1118 2
1116 1119 -1
1116 1120 1
1121 1125 2
1121 1126 -4
1121 1127 -2
1121 1128 2
1122 1125 2
1122 1126 1
1122 1127 2
1122 1128 -2
1123 1125 -1
1123 1126 -2
1123 1127 2
1123 1128 1
1124 1125 2
1124 1126 4
1124 1127 -4
1124 1128 -2
1129 1133 -2
1129 1134 4
1129 1135 2
1129 1136 -2
1130 1133 4
1130 1134 -2
1130 1135 -1
1130 1136 1
1131 1133 -4
1131 1134 2
1131 1135 -1
1131 1136 -4
1132 1133 2
1132 1134 1
1132 1135 -4
1132 1136 -4
1137 1141 2
1137 1142 -2
1137 1143 -4
1137 1144 -2
1138 1141 -1
1138 1142 4
1138 1143 -1
1138 1144 2
1139 1141 -2
1139 1142 -4
1139 1143 1
1139 1144 1
1140 1141 2
1140 1142 -4
1140 1143 -2
1140 1144 -2
1145 1149 2
1145 1150 -2
1145 1151 4
1145 1152 -2
1146 1149 1
1146 1150 1
1146 1151 -2
1146 1152 -2
1147 1149 -1
1147 1150 2
1147 1151 -2
1147 1152 1
1148 1149 1
1148 1150 4
1148 1151 4
1148 1152 -4
5 13 2
6 14 2
7 15 -1
8 16 -2
13 21 4
14 22 -1
15 23 4
16 24 1
21 29 -4
22 30 -1
23 31 -1
24 32 4
29 37 -2
30 38 -4
31 39 4
32 40 1
37 45 1
38 46 1
39 47 -1
40 48 4
45 53 -4
46 54 -1
47 55 2
48 56 2
53 61 -2
54 62 -1
55 63 1
56 64 -1
61 69 4
62 70 4
63 71 -4
64 72 -2
69 77 1
70 78 -4
71 79 2
72 80 -4
77 85 2
78 86 -2
79 87 4
80 88 2
85 93 1
86 94 1
87 95 4
88 96 -2
101 109 -4
102 110 -1
103 111 -4
104 112 -2
109 117 -4
110 118 2
111 119 -4
112 120 2
117 125 2
118 126 -4
119 127 -1
120 128 -4
125 133 -2
126 134 2
127 135 1
128 136 4
133 141 -2
134 142 -1
135 143 2
136 144 -1
141 149 -4
142 150 -2
143 151 -1
144 152 -2
149 157 -1
150 158 2
151 159 1
152 160 2
157 165 -4
158 166 -1
159 167 -1
160 168 -1
165 173 -4
166 174 -4
167 175 1
168 176 4
173 181 4
174 182 1
175 183 -4
176 184 4
181 189 -2
182 190 -1
183 191 -1
184 192 -1
197 205 -1
198 206 -1
199 207 -4
200 208 -2
205 213 -2
206 214 4
207 215 -4
208 216 -2
213 221 4
214 222 2
215 223 1
216 224 1
221 229 -2
222 230 -1
223 231 -4
224 232 2
229 237 1
230 238 4
231 239 -4
232 240 -4
237 245 -2
238 246 1
239 247 -4
240 248 1
245 253 1
246 254 -4
247 255 2
248 256 4
253 261 2
254 262 4
255 263 1
256 264 -1
261 269 -2
262 270 1
263 271 -4
264 272 -2
269 277 -1
270 278 1
271 279 1
272 280 2
277 285 1
278 286 -1
279 287 1
280 288 1
293 301 1
294 302 -1
295 303 -4
296 304 -2
301 309 1
302 310 2
303 311 -4
304 312 4
309 317 2
310 318 -1
311 319 -1
312 320 -1
317 325 4
318 326 1
319 327 2
320 328 4
325 333 1
326 334 4
327 335 4
328 336 -4
333 341 2
334 342 -4
335 343 4
336 344 1
341 349 -1
342 350 -2
343 351 -2
344 352 -2
349 357 2
350 358 1
351 359 4
352 360 -2
357 365 -4
358 366 2
359 367 -2
360 368 4
365 373 2
366 374 2
367 375 4
368 376 -2
373 381 1
374 382 -4
375 383 -2
376 384 2
389 397 1
390 398 -1
391 399 -4
392 400 1
397 405 -4
398 406 -2
399 407 1
400 408 -2
405 413 -2
406 414 1
407 415 4
408 416 -4
413 421 4
414 422 -2
415 423 -2
416 424 -2
421 429 1
422 430 2
423 431 4
424 432 2
429 437 2
430 438 -2
431 439 -4
432 440 2
437 445 2
438 446 -1
439 447 2
440 448 1
445 453 -4
446 454 -2
447 455 -1
448 456 4
453 461 4
454 462 4
455 463 -4
456 464 -4
461 469 4
462 470 4
463 471 1
464 472 -2
469 477 4
470 478 4
471 479 2
472 480 -1
485 493 4
486 494 -2
487 495 -1
488 496 1
493 501 -4
494 502 2
495 503 -1
496 504 -4
501 509 1
502 510 -1
503 511 -1
504 512 -1
509 517 -1
510 518 1
511 519 1
512 520 -1
517 525 -4
518 526 2
519 527 2
520 528 -4
525 533 4
526 534 4
527 535 4
528 536 2
533 541 1
534 542 4
535 543 -2
536 544 1
541 549 -1
542 550 -1
543 551 -2
544 552 4
549 557 -4
550 558 -1
551 559 -2
552 560 -1
557 565 -4
558 566 -1
559 567 -1
560 568 1
565 573 2
566 574 2
567 575 -1
568 576 4
581 589 2
582 590 4
583 591 2
584 592 4
589 597 4
590 598 1
591 599 -1
592 600 1
597 605 1
598 606 -1
599 607 -2
600 608 -1
605 613 2
606 614 -4
607 615 1
608 616 -2
613 621 4
614 622 -2
615 623 -4
616 624 -2
621 629 -1
622 630 2
623 631 -2
624 632 -1
629 637 4
630 638 2
631 639 1
632 640 -2
637 645 -2
638 646 -2
639 647 -2
640 648 2
645 653 -2
646 654 -2
647 655 -1
648 656 4
653 661 4
654 662 -1
655 663 1
656 664 -4
661 669 4
662 670 -2
663 671 4
664 672 -2
677 685 -4
678 686 -2
679 687 4
680 688 1
685 693 -2
686 694 -4
687 695 2
688 696 -2
693 701 -2
694 702 1
695 703 2
696 704 4
701 709 1
702 710 -1
703 711 -2
704 712 4
709 717 4
710 718 1
711 719 2
712 720 -1
717 725 -1
718 726 -4
719 727 -1
720 728 4
725 733 2
726 734 -2
727 735 -1
728 736 -4
733 741 4
734 742 2
735 743 -1
736 744 -2
741 749 -2
742 750 2
743 751 4
744 752 1
749 757 -4
750 758 -4
751 759 2
752 760 4
757 765 2
758 766 -1
759 767 -4
760 768 -4
773 781 1
774 782 1
775 783 -2
776 784 1
781 789 -2
782 790 -2
783 791 -2
784 792 -1
789 797 -4
790 798 -4
791 799 -4
792 800 1
797 805 2
798 806 -2
799 807 -1
800 808 -1
805 813 -2
806 814 1
807 815 -4
808 816 4
813 821 -2
814 822 4
815 823 -4
816 824 1
821 829 -2
822 830 -1
823 831 -4
824 832 2
829 837 -2
830 838 1
831 839 -4
832 840 -2
837 845 2
838 846 1
839 847 1
840 848 1
845 853 4
846 854 2
847 855 -1
848 856 -4
853 861 -4
854 862 1
855 863 -2
856 864 -4
869 877 1
870 878 -2
871 879 -4
872 880 -4
877 885 -1
878 886 -4
879 887 2
880 888 4
885 893 -2
886 894 -4
887 895 -1
888 896 -2
893 901 -2
894 902 -4
895 903 2
896 904 1
901 909 -4
902 910 4
903 911 -1
904 912 1
909 917 -1
910 918 -4
911 919 2
912 920 4
917 925 -2
918 926 -1
919 927 1
920 928 -2
925 933 1
926 934 4
927 935 2
928 936 -2
933 941 2
934 942 4
935 943 -1
936 944 -1
941 949 4
942 950 4
943 951 1
944 952 -4
949 957 -4
950 958 1
951 959 -1
952 960 2
965 973 4
966 974 2
967 975 4
968 976 4
973 981 -2
974 982 -2
975 983 -2
976 984 2
981 989 -1
982 990 1
983 991 -4
984 992 1
989 997 -4
990 998 -4
991 999 -2
992 1000 4
997 1005 4
998 1006 -2
999 1007 1
1000 1008 1
1005 1013 -2
1006 1014 -2
1007 1015 -4
1008 1016 1
1013 1021 4
1014 1022 -2
1015 1023 1
1016 1024 -2
1021 1029 2
1022 1030 2
1023 1031 -4
1024 1032 1
1029 1037 1
1030 1038 1
1031 1039 -2
1032 1040 1
1037 1045 -2
1038 1046 2
1039 1047 2
1040 1048 1
1045 1053 4
1046 1054 2
1047 1055 -2
1048 1056 4
1061 1069 2
1062 1070 -1
1063 1071 -1
1064 1072 -4
1069 1077 -4
1070 1078 4
1071 1079 4
1072 1080 -1
1077 1085 -4
1078 1086 1
1079 1087 -4
1080 1088 -4
1085 1093 1
1086 1094 1
1087 1095 2
1088 1096 1
1093 1101 -2
1094 1102 -4
1095 1103 2
1096 1104 4
1101 1109 -4
1102 1110 -1
1103 1111 -1
1104 1112 -2
1109 1117 -2
1110 1118 -2
1111 1119 -2
1112 1120 -2
1117 1125 1
1118 1126 -2
1119 1127 2
1120 1128 1
1125 1133 -1
1126 1134 -4
1127 1135 1
1128 1136 4
1133 1141 4
1134 1142 -1
1135 1143 2
1136 1144 1
1141 1149 -2
1142 1150 -4
1143 1151 4
1144 1152 -4
1 97 -1
2 98 -2
3 99 -2
4 100 1
97 193 1
98 194 -1
99 195 -1
100 196 4
193 289 -1
194 290 2
195 291 2
196 292 2
289 385 4
290 386 -4
291 387 1
292 388 2
385 481 -1
386 482 -4
387 483 4
388 484 -4
481 577 -4
482 578 1
483 579 2
484 580 -1
577 673 -1
578 674 -1
579 675 -2
580 676 -1
673 769 2
674 770 4
675 771 -2
676 772 -2
769 865 -1
770 866 -1
771 867 2
772 868 1
865 961 1
866 962 4
867 963 -4
868 964 -1
961 1057 -1
962 1058 2
963 1059 -1
964 1060 -4
9 105 -2
10 106 -2
11 107 2
12 108 2
105 201 2
106 202 4
107 203 2
108 204 -2
201 297 -1
202 298 -1
203 299 1
204 300 -4
297 393 2
298 394 1
299 395 -2
300 396 -4
393 489 2
394 490 1
395 491 1
396 492 -2
489 585 -2
490 586 -1
491 587 -2
492 588 -2
585 681 4
586 682 -1
587 683 -4
588 684 -4
681 777 2
682 778 -1
683 779 -2
684 780 2
777 873 -2
778 874 -4
779 875 -4
780 876 -2
873 969 2
874 970 1
875 971 -1
876 972 4
969 1065 2
970 1066 -2
971 1067 -2
972 1068 2
17 113 2
18 114 -4
19 115 -4
20 116 2
113 209 -1
114 210 2
115 211 4
116 212 -1
209 305 2
210 306 -4
211 307 4
212 308 -1
305 401 2
306 402 -1
307 403 -2
308 404 -4
401 497 1
402 498 -2
403 499 -1
404 500 1
497 593 -1
498 594 -4
499 595 -1
500 596 -4
593 689 1
594 690 4
595 691 -2
596 692 -2
689 785 1
690 786 4
691 787 -2
692 788 -4
785 881 -1
786 882 -1
787 883 2
788 884 2
881 977 -4
882 978 4
883 979 -1
884 980 4
977 1073 -4
978 1074 1
979 1075 4
980 1076 -4
25 121 -2
26 122 4
27 123 2
28 124 4
121 217 -2
122 218 -2
123 219 4
124 220 1
217 313 2
218 314 -4
219 315 2
220 316 2
313 409 -4
314 410 1
315 411 -4
316 412 -2
409 505 -4
410 506 4
411 507 1
412 508 2
505 601 4
506 602 -1
507 603 1
508 604 1
601 697 4
602 698 -1
603 699 2
604 700 4
697 793 2
698 794 -1
699 795 -4
700 796 -2
793 889 -4
794 890 2
795 891 -4
796 892 -1
889 985 2
890 986 1
891 987 1
892 988 -1
985 1081 1
986 1082 -1
987 1083 -2
988 1084 -2
33 129 -1
34 130 4
35 131 2
36 132 4
129 225 -2
130 226 -2
131 227 -1
132 228 -2
225 321 -1
226 322 1
227 323 -4
228 324 -1
321 417 1
322 418 1
323 419 2
324 420 1
417 513 -4
418 514 -2
419 515 1
420 516 -4
513 609 1
514 610 -1
515 611 -4
516 612 -1
609 705 4
610 706 -2
611 707 -4
612 708 -1
705 801 -4
706 802 2
707 803 2
708 804 1
801 897 -4
802 898 -2
803 899 -4
804 900 1
897 993 2
898 994 2
899 995 4
900 996 -1
993 1089 1
994 1090 4
995 1091 4
996 1092 2
41 137 -2
42 138 4
43 139 4
44 140 -1
137 233 4
138 234 -2
139 235 4
140 236 4
233 329 -1
234 330 4
235 331 -1
236 332 1
329 425 1
330 426 -1
331 427 2
332 428 1
425 521 -4
426 522 1
427 523 -1
428 524 -2
521 617 1
522 618 1
523 619 4
524 620 4
617 713 4
618 714 -1
619 715 -1
620 716 2
713 809 -1
714 810 4
715 811 -1
716 812 1
809 905 -1
810 906 1
811 907 -2
812 908 1
905 1001 -1
906 1002 -1
907 1003 4
908 1004 -4
1001 1097 1
1002 1098 -1
1003 1099 1
1004 1100 -4
49 145 2
50 146 1
51 147 1
52 148 1
145 241 -4
146 242 -4
147 243 4
148 244 -1
241 337 -4
242 338 2
243 339 -1
244 340 2
337 433 1
338 434 4
339 435 -1
340 436 2
433 529 2
434 530 2
435 531 -2
436 532 4
529 625 -2
530 626 -2
531 627 -1
532 628 4
625 721 -2
626 722 -2
627 723 -2
628 724 1
721 817 1
722 818 -1
723 819 -4
724 820 4
817 913 -1
818 914 2
819 915 -2
820 916 -2
913 1009 1
914 1010 1
915 1011 1
916 1012 4
1009 1105 2
1010 1106 -2
1011 1107 1
1012 1108 4
57 153 1
58 154 1
59 155 -2
60 156 4
153 249 -1
154 250 2
155 251 4
156 252 4
249 345 -1
250 346 -2
251 347 -4
252 348 4
345 441 2
346 442 2
347 443 1
348 444 -2
441 537 2
442 538 -1
443 539 2
444 540 4
537 633 4
538 634 -4
539 635 -2
540 636 1
633 729 -1
634 730 1
635 731 1
636 732 -2
729 825 1
730 826 -4
731 827 1
732 828 4
825 921 -1
826 922 -4
827 923 -4
828 924 2
921 1017 -1
922 1018 -2
923 1019 -4
924 1020 -1
1017 1113 -1
1018 1114 -4
1019 1115 4
1020 1116 -2
65 161 2
66 162 -2
67 163 -1
68 164 2
161 257 1
162 258 -2
163 259 -4
164 260 1
257 353 -1
258 354 1
259 355 1
260 356 1
353 449 -2
354 450 -2
355 451 -4
356 452 2
449 545 1
450 546 -2
451 547 4
452 548 -2
545 641 -4
546 642 1
547 643 -2
548 644 -2
641 737 2
642 738 -2
643 739 -2
644 740 -2
737 833 -1
738 834 -2
739 835 1
740 836 -4
833 929 -2
834 930 -4
835 931 -2
836 932 -4
929 1025 -1
930 1026 4
931 1027 2
932 1028 -4
1025 1121 -1
1026 1122 1
1027 1123 -1
1028 1124 2
73 169 -4
74 170 4
75 171 4
76 172 2
169 265 1
170 266 4
171 267 -2
172 268 -1
265 361 1
266 362 -2
267 363 -1
268 364 -1
361 457 2
362 458 1
363 459 4
364 460 -1
457 553 -2
458 554 4
459 555 -2
460 556 -2
553 649 -2
554 650 1
555 651 -1
556 652 1
649 745 -1
650 746 1
651 747 -1
652 748 2
745 841 2
746 842 4
747 843 -2
748 844 -1
841 937 1
842 938 -2
843 939 2
844 940 -2
937 1033 1
938 1034 -1
939 1035 -2
940 1036 -1
1033 1129 -1
1034 1130 -4
1035 1131 -1
1036 1132 1
81 177 -2
82 178 2
83 179 -2
84 180 1
177 273 2
178 274 2
179 275 -4
180 276 -2
273 369 1
274 370 2
275 371 -1
276 372 1
369 465 -1
370 466 2
371 467 1
372 468 2
465 561 1
466 562 4
467 563 1
468 564 1
561 657 4
562 658 4
563 659 4
564 660 -1
657 753 -4
658 754 1
659 755 -2
660 756 -1
753 849 -2
754 850 1
755 851 2
756 852 -4
849 945 -4
850 946 -2
851 947 1
852 948 -2
945 1041 2
946 1042 4
947 1043 -4
948 1044 2
1041 1137 -1
1042 1138 2
1043 1139 4
1044 1140 2
89 185 -4
90 186 -4
91 187 2
92 188 -4
185 281 -2
186 282 2
187 283 1
188 284 2
281 377 4
282 378 -1
283 379 -1
284 380 -2
377 473 -1
378 474 -4
379 475 -4
380 476 -1
473 569 -1
474 570 1
475 571 2
476 572 -1
569 665 4
570 666 1
571 667 2
572 668 -1
665 761 1
666 762 4
667 763 1
668 764 4
761 857 1
762 858 -2
763 859 -1
764 860 -1
857 953 4
858 954 4
859 955 1
860 956 4
953 1049 1
954 1050 -2
955 1051 -2
956 1052 4
1049 1145 -1
1050 1146 -1
1051 1147 -4
1052 1148 2
