#
1 5 -4
1 6 -4
1 7 -4
1 8 1
2 5 1
2 6 1
2 7 1
2 8 4
3 5 2
3 6 -1
3 7 -2
3 8 -4
4 5 1
4 6 -1
4 7 -1
4 8 -4
9 13 2
9 14 -2
9 15 -2
9 16 -4
10 13 -1
10 14 -2
10 15 -4
10 16 4
11 13 -1
11 14 -2
11 15 2
11 16 2
12 13 1
12 14 -2
12 15 -4
12 16 -1
17 21 -4
17 22 1
17 23 -1
17 24 -2
18 21 -4
18 22 2
18 23 2
18 24 2
19 21 -2
19 22 -1
19 23 4
19 24 2
20 21 4
20 22 -4
20 23 4
20 24 -2
25 29 1
25 30 2
25 31 -1
25 32 -1
26 29 4
26 30 1
26 31 2
26 32 2
27 29 4
27 30 -4
27 31 2
27 32 1
28 29 -4
28 30 -4
28 31 -1
28 32 -4
33 37 -1
33 38 -4
33 39 4
33 40 4
34 37 -1
34 38 -1
34 39 1
34 40 2
35 37 -4
35 38 4
35 39 1
35 40 2
36 37 2
36 38 -4
36 39 -2
36 40 1
41 45 -2
41 46 -2
41 47 -4
41 48 -2
42 45 1
42 46 4
42 47 1
42 48 -4
43 45 -1
43 46 1
43 47 4
43 48 1
44 45 -2
44 46 1
44 47 4
44 48 1
49 53 -4
49 54 -2
49 55 4
49 56 -1
50 53 -1
50 54 -2
50 55 -4
50 56 -2
51 53 -4
51 54 4
51 55 2
51 56 1
52 53 4
52 54 2
52 55 -4
52 56 -4
57 61 -1
57 62 4
57 63 -1
57 64 4
58 61 2
58 62 -4
58 63 2
58 64 -4
59 61 -2
59 62 1
59 63 -1
59 64 1
60 61 -1
60 62 2
60 63 1
60 64 -1
65 69 -4
65 70 4
65 71 -4
65 72 -1
66 69 2
66 70 1
66 71 2
66 72 2
67 69 1
67 70 2
67 71 -4
67 72 -1
68 69 2
68 70 -4
68 71 1
68 72 4
73 77 4
73 78 -4
73 79 -4
73 80 4
74 77 4
74 78 -4
74 79 1
74 80 4
75 77 -4
75 78 2
75 79 1
75 80 -4
76 77 -1
76 78 1
76 79 4
76 80 -4
81 85 -2
81 86 1
81 87 -1
81 88 -4
82 85 2
82 86 2
82 87 1
82 88 -1
83 85 4
83 86 -4
83 87 2
83 88 -2
84 85 -2
84 86 -4
84 87 1
84 88 -1
89 93 -4
89 94 -2
89 95 4
89 96 2
90 93 -2
90 94 4
90 95 -4
90 96 2
91 93 -2
91 94 -4
91 95 -1
91 96 -4
92 93 4
92 94 1
92 95 -1
92 96 2
97 101 2
97 102 1
97 103 -4
97 104 -1
98 101 4
98 102 -2
98 103 1
98 104 -1
99 101 -4
99 102 -2
99 103 1
99 104 -1
100 101 2
100 102 4
100 103 4
100 104 2
105 109 2
105 110 -1
105 111 4
105 112 1
106 109 -1
106 110 2
106 111 -4
106 112 -4
107 109 4
107 110 -4
107 111 -4
107 112 -4
108 109 -2
108 110 -1
108 111 2
108 112 2
113 117 4
113 118 1
113 119 1
113 120 -2
114 117 -4
114 118 4
114 119 -1
114 120 2
115 117 1
115 118 -4
115 119 1
115 120 1
116 117 -1
116 118 1
116 119 -2
116 120 1
121 125 -2
121 126 1
121 127 4
121 128 -4
122 125 2
122 126 -2
122 127 2
122 128 -4
123 125 4
123 126 1
123 127 -2
123 128 2
124 125 -2
124 126 -2
124 127 -2
124 128 1
129 133 -4
129 134 2
129 135 1
129 136 -1
130 133 -2
130 134 -2
130 135 1
130 136 -2
131 133 -1
131 134 2
131 135 -4
131 136 -2
132 133 4
132 134 1
132 135 2
132 136 4
137 141 -1
137 142 -4
137 143 4
137 144 4
138 141 -4
138 142 2
138 143 1
138 144 -4
139 141 2
139 142 -4
139 143 1
139 144 4
140 141 1
140 142 2
140 143 2
140 144 4
145 149 2
145 150 -4
145 151 -1
145 152 -1
146 149 1
146 150 4
146 151 4
146 152 -2
147 149 -4
147 150 1
147 151 -1
147 152 -2
148 149 -1
148 150 -1
148 151 2
148 152 2
153 157 4
153 158 4
153 159 4
153 160 -2
154 157 -1
154 158 -2
154 159 -1
154 160 2
155 157 1
155 158 -4
155 159 1
155 160 -1
156 157 -4
156 158 -2
156 159 2
156 160 2
161 165 -1
161 166 -2
161 167 1
161 168 4
162 165 -1
162 166 1
162 167 -4
162 168 2
163 165 2
163 166 4
163 167 1
163 168 1
164 165 1
164 166 2
164 167 -4
164 168 -1
169 173 -2
169 174 -1
169 175 2
169 176 2
170 173 -1
170 174 2
170 175 4
170 176 -4
171 173 -4
171 174 -4
171 175 -2
171 176 -2
172 173 4
172 174 1
172 175 4
172 176 -4
177 181 4
177 182 1
177 183 2
177 184 -2
178 181 2
178 182 1
178 183 2
178 184 1
179 181 -4
179 182 2
179 183 -2
179 184 -2
180 181 1
180 182 2
180 183 -1
180 184 -4
185 189 1
185 190 -4
185 191 -2
185 192 2
186 189 -2
186 190 -1
186 191 2
186 192 -2
187 189 -2
187 190 2
187 191 -4
187 192 -2
188 189 1
188 190 4
188 191 1
188 192 -2
193 197 -4
193 198 -1
193 199 -2
193 200 4
194 197 -2
194 198 -4
194 199 4
194 200 -4
195 197 -1
195 198 2
195 199 -1
195 200 -2
196 197 1
196 198 4
196 199 1
196 200 -1
201 205 1
201 206 1
201 207 -1
201 208 -4
202 205 1
202 206 4
202 207 2
202 208 -4
203 205 -1
203 206 2
203 207 1
203 208 2
204 205 1
204 206 2
204 207 4
204 208 -4
209 213 -4
209 214 4
209 215 -1
209 216 2
210 213 -2
210 214 1
210 215 2
210 216 -1
211 213 4
211 214 -4
211 215 4
211 216 -2
212 213 2
212 214 4
212 215 -1
212 216 2
217 221 1
217 222 -4
217 223 1
217 224 1
218 221 2
218 222 1
218 223 -1
218 224 -1
219 221 -4
219 222 -1
219 223 1
219 224 -1
220 221 2
220 222 1
220 223 4
220 224 -1
225 229 2
225 230 -4
225 231 4
225 232 2
226 229 -2
226 230 -4
226 231 4
226 232 -1
227 229 1
227 230 4
227 231 4
227 232 1
228 229 -2
228 230 -2
228 231 4
228 232 -2
233 237 -2
233 238 4
233 239 -2
233 240 1
234 237 -4
234 238 1
234 239 -1
234 240 4
235 237 2
235 238 -2
235 239 4
235 240 -1
236 237 -1
236 238 -1
236 239 -2
236 240 4
241 245 1
241 246 -1
241 247 -4
241 248 -1
242 245 2
242 246 -1
242 247 1
242 248 -2
243 245 -2
243 246 2
243 247 -2
243 248 -2
244 245 2
244 246 2
244 247 -2
244 248 -4
249 253 -4
249 254 -2
249 255 4
249 256 4
250 253 2
250 254 4
250 255 -2
250 256 -1
251 253 4
251 254 -4
251 255 -1
251 256 -1
252 253 2
252 254 -1
252 255 1
252 256 -1
257 261 -2
257 262 1
257 263 -4
257 264 -2
258 261 -1
258 262 -1
258 263 -1
258 264 -1
259 261 -1
259 262 -4
259 263 4
259 264 -2
260 261 4
260 262 -1
260 263 4
260 264 4
265 269 -1
265 270 -1
265 271 4
265 272 -2
266 269 2
266 270 -4
266 271 -4
266 272 1
267 269 -2
267 270 4
267 271 -2
267 272 -1
268 269 2
268 270 1
268 271 1
268 272 -2
273 277 -4
273 278 -2
273 279 -2
273 280 1
274 277 -1
274 278 1
274 279 4
274 280 1
275 277 4
275 278 2
275 279 2
275 280 1
276 277 -2
276 278 -1
276 279 -2
276 280 4
281 285 1
281 286 1
281 287 2
281 288 2
282 285 1
282 286 -4
282 287 1
282 288 2
283 285 4
283 286 1
283 287 1
283 288 1
284 285 2
284 286 4
284 287 4
284 288 4
289 293 2
289 294 -1
289 295 -4
289 296 -2
290 293 2
290 294 -2
290 295 2
290 296 -4
291 293 4
291 294 1
291 295 -4
291 296 -1
292 293 -4
292 294 -2
292 295 1
292 296 -4
297 301 -1
297 302 1
297 303 -4
297 304 4
298 301 2
298 302 2
298 303 2
298 304 2
299 301 2
299 302 4
299 303 -4
299 304 -1
300 301 4
300 302 -2
300 303 -2
300 304 -2
305 309 -2
305 310 -2
305 311 1
305 312 -4
306 309 4
306 310 1
306 311 -1
306 312 -2
307 309 -4
307 310 -1
307 311 -2
307 312 -2
308 309 2
308 310 4
308 311 1
308 312 4
313 317 1
313 318 -4
313 319 -1
313 320 4
314 317 -1
314 318 1
314 319 1
314 320 -1
315 317 2
315 318 -2
315 319 -2
315 320 -1
316 317 -4
316 318 -4
316 319 2
316 320 -2
321 325 -1
321 326 -2
321 327 -2
321 328 4
322 325 4
322 326 1
322 327 1
322 328 4
323 325 -1
323 326 -2
323 327 -1
323 328 -4
324 325 2
324 326 -2
324 327 2
324 328 4
329 333 -1
329 334 -4
329 335 -2
329 336 2
330 333 4
330 334 4
330 335 1
330 336 2
331 333 -1
331 334 -1
331 335 1
331 336 -1
332 333 2
332 334 1
332 335 -1
332 336 -1
337 341 -1
337 342 1
337 343 -4
337 344 1
338 341 2
338 342 -1
338 343 -4
338 344 -2
339 341 -4
339 342 -4
339 343 -4
339 344 -1
340 341 -2
340 342 -2
340 343 1
340 344 4
345 349 1
345 350 -4
345 351 1
345 352 1
346 349 -1
346 350 1
346 351 -4
346 352 -2
347 349 -1
347 350 2
347 351 2
347 352 1
348 349 1
348 350 -1
348 351 2
348 352 4
353 357 -1
353 358 -2
353 359 -4
353 360 4
354 357 1
354 358 -4
354 359 4
354 360 2
355 357 4
355 358 1
355 359 -4
355 360 1
356 357 -1
356 358 1
356 359 -4
356 360 -2
361 365 -4
361 366 -2
361 367 -4
361 368 1
362 365 2
362 366 -1
362 367 -4
362 368 4
363 365 2
363 366 1
363 367 4
363 368 -4
364 365 -4
364 366 -1
364 367 -2
364 368 -1
369 373 4
369 374 -2
369 375 -4
369 376 2
370 373 2
370 374 1
370 375 -1
370 376 2
371 373 2
371 374 1
371 375 -1
371 376 2
372 373 -1
372 374 1
372 375 2
372 376 -1
377 381 -2
377 382 2
377 383 -2
377 384 -1
378 381 4
378 382 -2
378 383 -4
378 384 4
379 381 2
379 382 2
379 383 -2
379 384 2
380 381 1
380 382 -1
380 383 2
380 384 -1
385 389 1
385 390 -4
385 391 -4
385 392 -1
386 389 -4
386 390 -1
386 391 -1
386 392 -4
387 389 -4
387 390 -2
387 391 -1
387 392 -1
388 389 2
388 390 1
388 391 2
388 392 4
393 397 4
393 398 -2
393 399 2
393 400 4
394 397 2
394 398 4
394 399 -1
394 400 -4
395 397 -1
395 398 2
395 399 4
395 400 2
396 397 -4
396 398 1
396 399 4
396 400 -4
401 405 -2
401 406 -1
401 407 4
401 408 -1
402 405 -2
402 406 -4
402 407 1
402 408 -2
403 405 -1
403 406 -1
403 407 1
403 408 -4
404 405 -2
404 406 -2
404 407 2
404 408 -4
409 413 -2
409 414 -4
409 415 1
409 416 -2
410 413 -2
410 414 -4
410 415 1
410 416 -2
411 413 -1
411 414 2
411 415 1
411 416 2
412 413 1
412 414 -2
412 415 1
412 416 -2
417 421 -1
417 422 -2
417 423 4
417 424 -1
418 421 -2
418 422 4
418 423 1
418 424 -4
419 421 2
419 422 -1
419 423 1
419 424 2
420 421 -1
420 422 -2
420 423 4
420 424 -4
425 429 -4
425 430 -4
425 431 -2
425 432 4
426 429 2
426 430 -1
426 431 -4
426 432 -1
427 429 4
427 430 1
427 431 -1
427 432 2
428 429 -4
428 430 2
428 431 -4
428 432 -2
433 437 -2
433 438 1
433 439 -2
433 440 4
434 437 4
434 438 2
434 439 -4
434 440 -2
435 437 2
435 438 1
435 439 4
435 440 2
436 437 1
436 438 4
436 439 -4
436 440 -2
441 445 4
441 446 1
441 447 -2
441 448 1
442 445 4
442 446 -4
442 447 -4
442 448 2
443 445 -2
443 446 -4
443 447 2
443 448 -1
444 445 1
444 446 1
444 447 -2
444 448 -2
449 453 4
449 454 -4
449 455 -4
449 456 2
450 453 -1
450 454 -4
450 455 -2
450 456 -4
451 453 -2
451 454 2
451 455 -2
451 456 -1
452 453 -1
452 454 4
452 455 4
452 456 -1
457 461 -4
457 462 -4
457 463 -2
457 464 1
458 461 1
458 462 -4
458 463 2
458 464 -4
459 461 2
459 462 2
459 463 2
459 464 -1
460 461 -1
460 462 -2
460 463 4
460 464 -2
465 469 1
465 470 -2
465 471 -4
465 472 -1
466 469 2
466 470 -4
466 471 2
466 472 -2
467 469 2
467 470 1
467 471 -1
467 472 4
468 469 1
468 470 -1
468 471 -2
468 472 1
473 477 -4
473 478 2
473 479 -1
473 480 -1
474 477 2
474 478 -2
474 479 4
474 480 4
475 477 4
475 478 4
475 479 -4
475 480 -2
476 477 2
476 478 2
476 479 -2
476 480 4
481 485 -2
481 486 -1
481 487 4
481 488 -1
482 485 -2
482 486 1
482 487 4
482 488 2
483 485 -2
483 486 -4
483 487 -4
483 488 -1
484 485 -1
484 486 -2
484 487 2
484 488 1
489 493 -4
489 494 -1
489 495 -1
489 496 -1
490 493 -2
490 494 -2
490 495 4
490 496 -1
491 493 2
491 494 4
491 495 1
491 496 4
492 493 -2
492 494 -4
492 495 -1
492 496 -2
497 501 -4
497 502 -4
497 503 -2
497 504 -4
498 501 -1
498 502 -2
498 503 2
498 504 2
499 501 4
499 502 1
499 503 -1
499 504 -1
500 501 2
500 502 -2
500 503 -1
500 504 1
505 509 -2
505 510 -2
505 511 -1
505 512 2
506 509 -2
506 510 -4
506 511 -1
506 512 -4
507 509 4
507 510 1
507 511 4
507 512 1
508 509 -1
508 510 -1
508 511 1
508 512 -2
513 517 1
513 518 -1
513 519 -4
513 520 2
514 517 1
514 518 -1
514 519 -4
514 520 2
515 517 -1
515 518 2
515 519 2
515 520 -1
516 517 -2
516 518 -1
516 519 1
516 520 -1
521 525 -2
521 526 -1
521 527 1
521 528 1
522 525 -1
522 526 -4
522 527 1
522 528 -4
523 525 2
523 526 -4
523 527 1
523 528 2
524 525 1
524 526 -2
524 527 1
524 528 4
529 533 -4
529 534 1
529 535 1
529 536 2
530 533 1
530 534 1
530 535 1
530 536 -1
531 533 -1
531 534 4
531 535 1
531 536 -1
532 533 2
532 534 -2
532 535 1
532 536 -4
537 541 -1
537 542 -4
537 543 -2
537 544 2
538 541 2
538 542 2
538 543 -1
538 544 1
539 541 2
539 542 1
539 543 1
539 544 1
540 541 2
540 542 -1
540 543 -1
540 544 -1
545 549 1
545 550 1
545 551 -1
545 552 -4
546 549 1
546 550 -4
546 551 2
546 552 4
547 549 -2
547 550 1
547 551 1
547 552 -1
548 549 -1
548 550 -4
548 551 1
548 552 -2
553 557 4
553 558 -4
553 559 2
553 560 -1
554 557 2
554 558 4
554 559 -1
554 560 2
555 557 -4
555 558 -1
555 559 -4
555 560 4
556 557 1
556 558 2
556 559 2
556 560 -1
561 565 2
561 566 1
561 567 -4
561 568 -2
562 565 -1
562 566 -2
562 567 -1
562 568 -4
563 565 1
563 566 2
563 567 -1
563 568 -4
564 565 -2
564 566 4
564 567 2
564 568 4
569 573 -2
569 574 1
569 575 2
569 576 1
570 573 -4
570 574 -4
570 575 4
570 576 2
571 573 1
571 574 1
571 575 -2
571 576 1
572 573 -4
572 574 -4
572 575 1
572 576 1
577 581 2
577 582 2
577 583 4
577 584 -4
578 581 1
578 582 2
578 583 2
578 584 -1
579 581 2
579 582 2
579 583 -4
579 584 1
580 581 4
580 582 -1
580 583 -1
580 584 1
585 589 -1
585 590 1
585 591 -1
585 592 -4
586 589 -2
586 590 -1
586 591 -4
586 592 -4
587 589 2
587 590 4
587 591 -4
587 592 2
588 589 -1
588 590 1
588 591 2
588 592 2
593 597 -1
593 598 2
593 599 -4
593 600 -2
594 597 -1
594 598 2
594 599 -2
594 600 -2
595 597 1
595 598 -1
595 599 -2
595 600 -2
596 597 -2
596 598 -1
596 599 -2
596 600 -4
601 605 -2
601 606 -4
601 607 -1
601 608 -1
602 605 1
602 606 4
602 607 -4
602 608 -4
603 605 -4
603 606 -1
603 607 2
603 608 -2
604 605 1
604 606 2
604 607 -2
604 608 2
609 613 2
609 614 4
609 615 4
609 616 -4
610 613 2
610 614 1
610 615 -4
610 616 -4
611 613 1
611 614 1
611 615 1
611 616 2
612 613 4
612 614 -4
612 615 4
612 616 1
617 621 4
617 622 4
617 623 -1
617 624 2
618 621 -4
618 622 4
618 623 1
618 624 -2
619 621 1
619 622 2
619 623 -2
619 624 1
620 621 -2
620 622 -4
620 623 -2
620 624 -1
625 629 2
625 630 -2
625 631 1
625 632 -2
626 629 1
626 630 -1
626 631 -1
626 632 -2
627 629 -1
627 630 1
627 631 -1
627 632 -1
628 629 1
628 630 2
628 631 4
628 632 1
633 637 -4
633 638 2
633 639 -1
633 640 -2
634 637 4
634 638 -1
634 639 -4
634 640 4
635 637 -4
635 638 1
635 639 -4
635 640 -4
636 637 -1
636 638 -2
636 639 4
636 640 -4
641 645 -1
641 646 -2
641 647 -2
641 648 1
642 645 -1
642 646 -1
642 647 -1
642 648 1
643 645 -4
643 646 4
643 647 -2
643 648 -2
644 645 -1
644 646 -1
644 647 2
644 648 -4
649 653 -4
649 654 -2
649 655 1
649 656 -4
650 653 4
650 654 -2
650 655 1
650 656 1
651 653 -2
651 654 -4
651 655 -1
651 656 -2
652 653 4
652 654 4
652 655 2
652 656 2
657 661 1
657 662 -4
657 663 -2
657 664 2
658 661 -2
658 662 2
658 663 -4
658 664 -2
659 661 -4
659 662 4
659 663 2
659 664 -2
660 661 -2
660 662 2
660 663 -2
660 664 1
665 669 -2
665 670 -1
665 671 -2
665 672 2
666 669 4
666 670 -1
666 671 -1
666 672 2
667 669 2
667 670 2
667 671 1
667 672 1
668 669 -4
668 670 -2
668 671 -4
668 672 4
673 677 -2
673 678 -2
673 679 -4
673 680 4
674 677 -1
674 678 -4
674 679 4
674 680 1
675 677 -1
675 678 1
675 679 2
675 680 2
676 677 1
676 678 2
676 679 4
676 680 -2
681 685 1
681 686 4
681 687 2
681 688 -1
682 685 -2
682 686 -2
682 687 2
682 688 -2
683 685 -1
683 686 2
683 687 -2
683 688 2
684 685 2
684 686 -2
684 687 2
684 688 1
689 693 -1
689 694 -4
689 695 4
689 696 -4
690 693 4
690 694 4
690 695 -4
690 696 -2
691 693 -2
691 694 2
691 695 -4
691 696 4
692 693 4
692 694 -4
692 695 2
692 696 -4
697 701 4
697 702 1
697 703 -2
697 704 4
698 701 2
698 702 1
698 703 -1
698 704 -4
699 701 1
699 702 4
699 703 1
699 704 -2
700 701 4
700 702 2
700 703 2
700 704 1
705 709 -1
705 710 -4
705 711 -1
705 712 1
706 709 -1
706 710 -4
706 711 4
706 712 -4
707 709 4
707 710 4
707 711 -4
707 712 -2
708 709 -1
708 710 -4
708 711 -1
708 712 -1
713 717 -1
713 718 -1
713 719 -1
713 720 -1
714 717 1
714 718 2
714 719 4
714 720 -4
715 717 -4
715 718 -1
715 719 -1
715 720 4
716 717 -4
716 718 4
716 719 -4
716 720 1
721 725 -2
721 726 -4
721 727 -2
721 728 2
722 725 -2
722 726 -1
722 727 -1
722 728 -2
723 725 1
723 726 -4
723 727 -4
723 728 -1
724 725 -2
724 726 4
724 727 4
724 728 2
729 733 2
729 734 2
729 735 4
729 736 -2
730 733 4
730 734 -2
730 735 -1
730 736 -2
731 733 -1
731 734 -4
731 735 -1
731 736 -1
732 733 4
732 734 -1
732 735 -1
732 736 -1
737 741 2
737 742 1
737 743 -4
737 744 2
738 741 1
738 742 -1
738 743 -2
738 744 1
739 741 4
739 742 -4
739 743 -1
739 744 2
740 741 -1
740 742 -1
740 743 2
740 744 4
745 749 -4
745 750 -2
745 751 2
745 752 -4
746 749 4
746 750 4
746 751 4
746 752 -4
747 749 -4
747 750 1
747 751 -4
747 752 2
748 749 -1
748 750 4
748 751 -2
748 752 1
753 757 4
753 758 -2
753 759 -4
753 760 1
754 757 -4
754 758 -4
754 759 4
754 760 -2
755 757 -4
755 758 1
755 759 -4
755 760 1
756 757 -1
756 758 -4
756 759 -1
756 760 -4
761 765 2
761 766 -4
761 767 -1
761 768 -4
762 765 -2
762 766 -2
762 767 2
762 768 -2
763 765 4
763 766 -4
763 767 -2
763 768 4
764 765 2
764 766 -1
764 767 2
764 768 1
769 773 -2
769 774 -4
769 775 4
769 776 -4
770 773 -4
770 774 -4
770 775 1
770 776 1
771 773 -4
771 774 -2
771 775 2
771 776 4
772 773 1
772 774 4
772 775 1
772 776 2
777 781 1
777 782 -2
777 783 4
777 784 1
778 781 4
778 782 4
778 783 -2
778 784 -2
779 781 4
779 782 1
779 783 4
779 784 1
780 781 -4
780 782 -2
780 783 -1
780 784 -1
785 789 -1
785 790 -1
785 791 -2
785 792 -4
786 789 1
786 790 1
786 791 1
786 792 1
787 789 1
787 790 2
787 791 -4
787 792 -4
788 789 2
788 790 -1
788 791 1
788 792 -4
793 797 -2
793 798 2
793 799 -1
793 800 -4
794 797 4
794 798 1
794 799 -2
794 800 4
795 797 -2
795 798 -2
795 799 -1
795 800 -4
796 797 4
796 798 1
796 799 2
796 800 -1
801 805 -1
801 806 -2
801 807 4
801 808 -2
802 805 -1
802 806 -2
802 807 -1
802 808 2
803 805 4
803 806 2
803 807 -1
803 808 -2
804 805 1
804 806 -1
804 807 -2
804 808 2
809 813 2
809 814 1
809 815 -1
809 816 1
810 813 -2
810 814 4
810 815 -2
810 816 2
811 813 -1
811 814 1
811 815 -2
811 816 -1
812 813 -1
812 814 -4
812 815 4
812 816 -4
817 821 -4
817 822 -1
817 823 1
817 824 4
818 821 -2
818 822 -4
818 823 2
818 824 1
819 821 -1
819 822 2
819 823 2
819 824 2
820 821 4
820 822 -4
820 823 -2
820 824 -4
825 829 -4
825 830 -2
825 831 -2
825 832 4
826 829 1
826 830 4
826 831 -4
826 832 4
827 829 2
827 830 -1
827 831 -4
827 832 4
828 829 4
828 830 4
828 831 4
828 832 -1
833 837 -1
833 838 1
833 839 -4
833 840 4
834 837 4
834 838 -2
834 839 -4
834 840 -4
835 837 4
835 838 -1
835 839 -4
835 840 -4
836 837 -4
836 838 4
836 839 1
836 840 -4
841 845 4
841 846 -4
841 847 4
841 848 -4
842 845 2
842 846 4
842 847 -4
842 848 -4
843 845 -4
843 846 2
843 847 -2
843 848 -1
844 845 -2
844 846 -1
844 847 4
844 848 -1
849 853 4
849 854 2
849 855 4
849 856 4
850 853 1
850 854 2
850 855 -4
850 856 -4
851 853 4
851 854 -4
851 855 -2
851 856 4
852 853 4
852 854 2
852 855 -4
852 856 2
857 861 1
857 862 -2
857 863 2
857 864 -4
858 861 4
858 862 1
858 863 -1
858 864 -2
859 861 -4
859 862 -4
859 863 -1
859 864 4
860 861 2
860 862 -1
860 863 2
860 864 1
865 869 2
865 870 1
865 871 -2
865 872 -1
866 869 4
866 870 -2
866 871 -4
866 872 1
867 869 -1
867 870 1
867 871 -1
867 872 -1
868 869 2
868 870 -4
868 871 -2
868 872 2
873 877 2
873 878 2
873 879 4
873 880 4
874 877 2
874 878 -4
874 879 2
874 880 -1
875 877 -2
875 878 -1
875 879 -1
875 880 -4
876 877 4
876 878 2
876 879 -1
876 880 -2
881 885 -2
881 886 2
881 887 -4
881 888 2
882 885 2
882 886 -1
882 887 -1
882 888 -1
883 885 -4
883 886 -4
883 887 2
883 888 -4
884 885 2
884 886 2
884 887 2
884 888 -2
889 893 1
889 894 -1
889 895 1
889 896 1
890 893 4
890 894 -4
890 895 2
890 896 1
891 893 1
891 894 1
891 895 1
891 896 1
892 893 -1
892 894 -1
892 895 2
892 896 -1
897 901 2
897 902 -1
897 903 -1
897 904 -2
898 901 -4
898 902 -4
898 903 -1
898 904 1
899 901 1
899 902 2
899 903 -2
899 904 2
900 901 2
900 902 2
900 903 4
900 904 -4
905 909 -2
905 910 4
905 911 -1
905 912 2
906 909 -2
906 910 -1
906 911 2
906 912 1
907 909 1
907 910 -4
907 911 -4
907 912 -2
908 909 1
908 910 4
908 911 4
908 912 1
913 917 2
913 918 -2
913 919 1
913 920 -4
914 917 -2
914 918 2
914 919 -2
914 920 -1
915 917 1
915 918 4
915 919 4
915 920 -4
916 917 1
916 918 1
916 919 -4
916 920 -2
921 925 4
921 926 1
921 927 -2
921 928 1
922 925 4
922 926 1
922 927 1
922 928 -1
923 925 -4
923 926 -2
923 927 -1
923 928 2
924 925 4
924 926 -1
924 927 -2
924 928 1
929 933 2
929 934 -2
929 935 -1
929 936 1
930 933 1
930 934 2
930 935 4
930 936 1
931 933 1
931 934 1
931 935 -1
931 936 2
932 933 -1
932 934 -4
932 935 1
932 936 1
937 941 2
937 942 2
937 943 2
937 944 1
938 941 4
938 942 4
938 943 1
938 944 1
939 941 4
939 942 1
939 943 -1
939 944 4
940 941 2
940 942 -4
940 943 1
940 944 -4
945 949 4
945 950 2
945 951 -2
945 952 -4
946 949 4
946 950 -4
946 951 4
946 952 1
947 949 4
947 950 -2
947 951 -4
947 952 -2
948 949 -2
948 950 2
948 951 -1
948 952 -1
953 957 2
953 958 4
953 959 2
953 960 1
954 957 -4
954 958 -1
954 959 2
954 960 2
955 957 -2
955 958 4
955 959 -4
955 960 -4
956 957 2
956 958 2
956 959 -4
956 960 1
961 965 -2
961 966 4
961 967 -2
961 968 -2
962 965 2
962 966 1
962 967 -1
962 968 4
963 965 1
963 966 -2
963 967 2
963 968 -2
964 965 -2
964 966 2
964 967 -2
964 968 4
969 973 -1
969 974 2
969 975 -2
969 976 1
970 973 4
970 974 4
970 975 -2
970 976 2
971 973 1
971 974 -4
971 975 -2
971 976 -2
972 973 1
972 974 4
972 975 -4
972 976 2
977 981 -4
977 982 4
977 983 2
977 984 -4
978 981 -2
978 982 1
978 983 2
978 984 1
979 981 2
979 982 2
979 983 -2
979 984 1
980 981 4
980 982 1
980 983 1
980 984 1
985 989 2
985 990 1
985 991 2
985 992 -1
986 989 -2
986 990 -1
986 991 -2
986 992 -4
987 989 2
987 990 -2
987 991 -4
987 992 -4
988 989 -4
988 990 -2
988 991 -2
988 992 1
993 997 -4
993 998 2
993 999 -2
993 1000 -2
994 997 4
994 998 1
994 999 -4
994 1000 -4
995 997 -4
995 998 -4
995 999 4
995 1000 4
996 997 4
996 998 2
996 999 -2
996 1000 2
1001 1005 -1
1001 1006 -4
1001 1007 2
1001 1008 -1
1002 1005 2
1002 1006 1
1002 1007 -1
1002 1008 -4
1003 1005 4
1003 1006 4
1003 1007 -2
1003 1008 -4
1004 1005 1
1004 1006 4
1004 1007 1
1004 1008 1
1009 1013 -1
1009 1014 2
1009 1015 -1
1009 1016 -1
1010 1013 -2
1010 1014 1
1010 1015 4
1010 1016 -4
1011 1013 1
1011 1014 -1
1011 1015 -2
1011 1016 -4
1012 1013 4
1012 1014 -4
1012 1015 1
1012 1016 -2
1017 1021 1
1017 1022 1
1017 1023 4
1017 1024 1
1018 1021 4
1018 1022 2
1018 1023 -4
1018 1024 1
1019 1021 -4
1019 1022 -1
1019 1023 -4
1019 1024 1
1020 1021 -4
1020 1022 -2
1020 1023 2
1020 1024 2
1025 1029 1
1025 1030 4
1025 1031 2
1025 1032 4
1026 1029 -1
1026 1030 2
1026 1031 4
1026 1032 1
1027 1029 4
1027 1030 -2
1027 1031 -1
1027 1032 -1
1028 1029 1
1028 1030 -2
1028 1031 -4
1028 1032 2
1033 1037 2
1033 1038 1
1033 1039 1
1033 1040 -4
1034 1037 2
1034 1038 -1
1034 1039 -2
1034 1040 -2
1035 1037 2
1035 1038 -1
1035 1039 4
1035 1040 1
1036 1037 -4
1036 1038 2
1036 1039 2
1036 1040 -1
1041 1045 1
1041 1046 4
1041 1047 -4
1041 1048 -2
1042 1045 2
1042 1046 -2
1042 1047 2
1042 1048 -2
1043 1045 4
1043 1046 -4
1043 1047 2
1043 1048 -1
1044 1045 4
1044 1046 1
1044 1047 1
1044 1048 4
1049 1053 -4
1049 1054 -1
1049 1055 -4
1049 1056 -2
1050 1053 1
1050 1054 -2
1050 1055 -1
1050 1056 2
1051 1053 1
1051 1054 -2
1051 1055 2
1051 1056 -4
1052 1053 -1
1052 1054 2
1052 1055 -1
1052 1056 -1
1057 1061 1
1057 1062 4
1057 1063 4
1057 1064 4
1058 1061 -2
1058 1062 4
1058 1063 -1
1058 1064 4
1059 1061 -2
1059 1062 2
1059 1063 -1
1059 1064 -2
1060 1061 -1
1060 1062 1
1060 1063 2
1060 1064 1
1065 1069 2
1065 1070 -1
1065 1071 -1
1065 1072 -2
1066 1069 4
1066 1070 1
1066 1071 -4
1066 1072 -1
1067 1069 -4
1067 1070 -2
1067 1071 4
1067 1072 -4
1068 1069 4
1068 1070 -2
1068 1071 -2
1068 1072 4
1073 1077 -4
1073 1078 -4
1073 1079 -2
1073 1080 1
1074 1077 -2
1074 1078 -4
1074 1079 1
1074 1080 4
1075 1077 -4
1075 1078 4
1075 1079 -1
1075 1080 2
1076 1077 -2
1076 1078 4
1076 1079 4
1076 1080 2
1081 1085 4
1081 1086 -1
1081 1087 -4
1081 1088 -4
1082 1085 2
1082 1086 4
1082 1087 2
1082 1088 -4
1083 1085 2
1083 1086 -2
1083 1087 -2
1083 1088 4
1084 1085 4
1084 1086 2
1084 1087 2
1084 1088 -2
1089 1093 -4
1089 1094 -1
1089 1095 -4
1089 1096 -4
1090 1093 -2
1090 1094 -2
1090 1095 -1
1090 1096 -2
1091 1093 2
1091 1094 -1
1091 1095 2
1091 1096 -2
1092 1093 2
1092 1094 -1
1092 1095 2
1092 1096 -1
1097 1101 -4
1097 1102 4
1097 1103 4
1097 1104 4
1098 1101 -4
1098 1102 1
1098 1103 -4
1098 1104 4
1099 1101 2
1099 1102 -4
1099 1103 1
1099 1104 1
1100 1101 -1
1100 1102 1
1100 1103 1
1100 1104 1
1105 1109 1
1105 1110 1
1105 1111 1
1105 1112 2
1106 1109 1
1106 1110 4
1106 1111 -1
1106 1112 -2
1107 1109 -2
1107 1110 -4
1107 1111 -4
1107 1112 -4
1108 1109 2
1108 1110 -4
1108 1111 2
1108 1112 1
1113 1117 2
1113 1118 -1
1113 1119 2
1113 1120 1
1114 1117 -2
1114 1118 -4
1114 1119 -4
1114 1120 -1
1115 1117 4
1115 1118 -4
1115 1119 1
1115 1120 -2
1116 1117 2
1116 1118 -4
1116 1119 4
1116 1120 1
1121 1125 4
1121 1126 4
1121 1127 1
1121 1128 4
1122 1125 2
1122 1126 2
1122 1127 1
1122 1128 -1
1123 1125 4
1123 1126 1
1123 1127 -4
1123 1128 4
1124 1125 2
1124 1126 -1
1124 1127 4
1124 1128 2
1129 1133 -1
1129 1134 -2
1129 1135 1
1129 1136 -4
1130 1133 -2
1130 1134 4
1130 1135 -4
1130 1136 -4
1131 1133 -2
1131 1134 4
1131 1135 2
1131 1136 -1
1132 1133 1
1132 1134 -2
1132 1135 1
1132 1136 -2
1137 1141 -2
1137 1142 1
1137 1143 -1
1137 1144 -4
1138 1141 -1
1138 1142 2
1138 1143 2
1138 1144 2
1139 1141 -1
1139 1142 4
1139 1143 -2
1139 1144 -4
1140 1141 1
1140 1142 1
1140 1143 4
1140 1144 -2
1145 1149 -1
1145 1150 1
1145 1151 4
1145 1152 4
1146 1149 -2
1146 1150 2
1146 1151 1
1146 1152 4
1147 1149 -4
1147 1150 4
1147 1151 -2
1147 1152 4
1148 1149 4
1148 1150 -2
1148 1151 1
1148 1152 1
5 13 -1
6 14 -4
7 15 4
8 16 -2
13 21 -1
14 22 -4
15 23 1
16 24 2
21 29 2
22 30 -1
23 31 4
24 32 2
29 37 1
30 38 -2
31 39 -2
32 40 2
37 45 -4
38 46 -1
39 47 4
40 48 -4
45 53 4
46 54 -1
47 55 4
48 56 -1
53 61 -1
54 62 -2
55 63 -4
56 64 -4
61 69 -4
62 70 -1
63 71 -2
64 72 2
69 77 -4
70 78 -1
71 79 1
72 80 -1
77 85 1
78 86 -2
79 87 4
80 88 1
85 93 4
86 94 -1
87 95 -2
88 96 -1
101 109 4
102 110 1
103 111 2
104 112 -2
109 117 4
110 118 -2
111 119 4
112 120 4
117 125 1
118 126 -1
119 127 -2
120 128 2
125 133 -1
126 134 -2
127 135 -4
128 136 -1
133 141 -2
134 142 1
135 143 -1
136 144 4
141 149 2
142 150 2
143 151 -4
144 152 -1
149 157 -4
150 158 4
151 159 4
152 160 4
157 165 1
158 166 1
159 167 4
160 168 -2
165 173 -4
166 174 4
167 175 4
168 176 2
173 181 -1
174 182 4
175 183 -1
176 184 4
181 189 -4
182 190 1
183 191 1
184 192 -1
197 205 -4
198 206 1
199 207 1
200 208 -4
205 213 -2
206 214 1
207 215 2
208 216 -4
213 221 -2
214 222 -2
215 223 -1
216 224 2
221 229 4
222 230 4
223 231 -2
224 232 4
229 237 4
230 238 -2
231 239 -2
232 240 -2
237 245 -1
238 246 1
239 247 1
240 248 1
245 253 2
246 254 -2
247 255 -4
248 256 -1
253 261 -2
254 262 1
255 263 -1
256 264 4
261 269 2
262 270 4
263 271 4
264 272 -4
269 277 -1
270 278 2
271 279 -1
272 280 1
277 285 -4
278 286 2
279 287 -1
280 288 -1
293 301 -4
294 302 4
295 303 -2
296 304 -4
301 309 4
302 310 4
303 311 4
304 312 2
309 317 -2
310 318 -1
311 319 -2
312 320 -2
317 325 -2
318 326 4
319 327 2
320 328 4
325 333 -2
326 334 1
327 335 -1
328 336 -2
333 341 2
334 342 -2
335 343 -2
336 344 2
341 349 2
342 350 -2
343 351 2
344 352 4
349 357 4
350 358 -4
351 359 -2
352 360 -1
357 365 -4
358 366 2
359 367 -1
360 368 4
365 373 -4
366 374 -4
367 375 -1
368 376 2
373 381 4
374 382 2
375 383 -2
376 384 4
389 397 -4
390 398 4
391 399 1
392 400 -4
397 405 -1
398 406 -4
399 407 2
400 408 1
405 413 -2
406 414 -2
407 415 -4
408 416 4
413 421 -4
414 422 -4
415 423 -4
416 424 4
421 429 4
422 430 -2
423 431 -4
424 432 4
429 437 -1
430 438 -1
431 439 2
432 440 4
437 445 1
438 446 -1
439 447 -2
440 448 -2
445 453 -1
446 454 2
447 455 -1
448 456 -2
453 461 -4
454 462 1
455 463 -1
456 464 -1
461 469 4
462 470 4
463 471 1
464 472 2
469 477 2
470 478 4
471 479 4
472 480 -4
485 493 1
486 494 2
487 495 -2
488 496 1
493 501 -1
494 502 -1
495 503 1
496 504 4
501 509 1
502 510 1
503 511 -2
504 512 -1
509 517 1
510 518 2
511 519 4
512 520 4
517 525 4
518 526 4
519 527 2
520 528 -2
525 533 -4
526 534 -1
527 535 -2
528 536 2
533 541 4
534 542 -2
535 543 -1
536 544 -2
541 549 4
542 550 -4
543 551 2
544 552 -4
549 557 4
550 558 -1
551 559 2
552 560 -1
557 565 -2
558 566 -4
559 567 1
560 568 1
565 573 2
566 574 -1
567 575 -2
568 576 -2
581 589 1
582 590 -1
583 591 1
584 592 1
589 597 2
590 598 1
591 599 1
592 600 2
597 605 -4
598 606 -4
599 607 4
600 608 -4
605 613 2
606 614 2
607 615 -2
608 616 1
613 621 -2
614 622 -2
615 623 -1
616 624 2
621 629 -4
622 630 2
623 631 2
624 632 1
629 637 1
630 638 -1
631 639 2
632 640 -4
637 645 -1
638 646 2
639 647 4
640 648 -4
645 653 2
646 654 1
647 655 -2
648 656 -4
653 661 -1
654 662 -4
655 663 1
656 664 -1
661 669 -1
662 670 1
663 671 -1
664 672 4
677 685 2
678 686 2
679 687 2
680 688 -2
685 693 1
686 694 4
687 695 4
688 696 1
693 701 4
694 702 4
695 703 1
696 704 -2
701 709 2
702 710 2
703 711 4
704 712 2
709 717 1
710 718 2
711 719 2
712 720 1
717 725 2
718 726 -4
719 727 4
720 728 4
725 733 4
726 734 -4
727 735 -1
728 736 4
733 741 2
734 742 -1
735 743 4
736 744 4
741 749 -2
742 750 1
743 751 4
744 752 -2
749 757 -2
750 758 4
751 759 -2
752 760 -4
757 765 -2
758 766 1
759 767 1
760 768 2
773 781 1
774 782 -1
775 783 2
776 784 4
781 789 4
782 790 1
783 791 2
784 792 2
789 797 -2
790 798 -1
791 799 2
792 800 1
797 805 -4
798 806 -4
799 807 1
800 808 -1
805 813 -4
806 814 1
807 815 2
808 816 2
813 821 -1
814 822 1
815 823 -2
816 824 2
821 829 -2
822 830 -4
823 831 -2
824 832 -2
829 837 -2
830 838 2
831 839 -4
832 840 -1
837 845 2
838 846 2
839 847 2
840 848 -2
845 853 2
846 854 -4
847 855 -2
848 856 -2
853 861 4
854 862 -1
855 863 -2
856 864 1
869 877 2
870 878 -1
871 879 -2
872 880 -1
877 885 -4
878 886 -1
879 887 2
880 888 1
885 893 -4
886 894 -2
887 895 1
888 896 1
893 901 4
894 902 4
895 903 -2
896 904 -1
901 909 -4
902 910 4
903 911 -4
904 912 -2
909 917 -1
910 918 -1
911 919 1
912 920 -1
917 925 4
918 926 -4
919 927 -1
920 928 4
925 933 4
926 934 2
927 935 1
928 936 -1
933 941 -4
934 942 -1
935 943 2
936 944 4
941 949 -1
942 950 -4
943 951 -2
944 952 -2
949 957 -1
950 958 -2
951 959 -2
952 960 -4
965 973 4
966 974 -2
967 975 -1
968 976 -2
973 981 -2
974 982 2
975 983 -1
976 984 -1
981 989 4
982 990 -4
983 991 -1
984 992 1
989 997 2
990 998 -2
991 999 -1
992 1000 -4
997 1005 1
998 1006 -4
999 1007 -1
1000 1008 1
1005 1013 -1
1006 1014 -1
1007 1015 -1
1008 1016 1
1013 1021 1
1014 1022 4
1015 1023 4
1016 1024 -2
1021 1029 2
1022 1030 2
1023 1031 -1
1024 1032 -2
1029 1037 4
1030 1038 -1
1031 1039 -1
1032 1040 2
1037 1045 -2
1038 1046 -4
1039 1047 -2
1040 1048 4
1045 1053 -4
1046 1054 -2
1047 1055 2
1048 1056 2
1061 1069 4
1062 1070 4
1063 1071 2
1064 1072 -1
1069 1077 -2
1070 1078 2
1071 1079 -1
1072 1080 -2
1077 1085 -2
1078 1086 4
1079 1087 -4
1080 1088 -4
1085 1093 -2
1086 1094 -2
1087 1095 2
1088 1096 -2
1093 1101 1
1094 1102 4
1095 1103 -4
1096 1104 4
1101 1109 1
1102 1110 2
1103 1111 -4
1104 1112 2
1109 1117 -4
1110 1118 -2
1111 1119 4
1112 1120 -4
1117 1125 -2
1118 1126 4
1119 1127 -4
1120 1128 -2
1125 1133 4
1126 1134 4
1127 1135 2
1128 1136 -4
1133 1141 -1
1134 1142 2
1135 1143 -2
1136 1144 4
1141 1149 4
1142 1150 1
1143 1151 4
1144 1152 2
1 97 2
2 98 -4
3 99 -4
4 100 4
97 193 2
98 194 2
99 195 1
100 196 -1
193 289 -4
194 290 -1
195 291 4
196 292 -4
289 385 -4
290 386 -2
291 387 1
292 388 1
385 481 4
386 482 -2
387 483 2
388 484 4
481 577 4
482 578 1
483 579 2
484 580 -4
577 673 1
578 674 2
579 675 -1
580 676 1
673 769 -1
674 770 1
675 771 4
676 772 -1
769 865 -1
770 866 1
771 867 -4
772 868 4
865 961 2
866 962 2
867 963 4
868 964 2
961 1057 1
962 1058 4
963 1059 1
964 1060 -4
9 105 4
10 106 -1
11 107 4
12 108 4
105 201 2
106 202 4
107 203 -1
108 204 -4
201 297 2
202 298 1
203 299 2
204 300 2
297 393 4
298 394 -2
299 395 1
300 396 -1
393 489 -4
394 490 2
395 491 4
396 492 -4
489 585 4
490 586 4
491 587 2
492 588 -1
585 681 4
586 682 -1
587 683 1
588 684 1
681 777 2
682 778 -4
683 779 -1
684 780 -4
777 873 2
778 874 2
779 875 1
780 876 2
873 969 1
874 970 -4
875 971 2
876 972 4
969 1065 -1
970 1066 -4
971 1067 -1
972 1068 -2
17 113 2
18 114 2
19 115 4
20 116 2
113 209 2
114 210 -4
115 211 1
116 212 -2
209 305 -1
210 306 -4
211 307 -4
212 308 -1
305 401 -4
306 402 1
307 403 -2
308 404 1
401 497 -4
402 498 -2
403 499 4
404 500 -1
497 593 2
498 594 -2
499 595 -4
500 596 -1
593 689 -4
594 690 -2
595 691 1
596 692 -2
689 785 -4
690 786 -1
691 787 -2
692 788 -1
785 881 2
786 882 -4
787 883 -4
788 884 4
881 977 1
882 978 -1
883 979 2
884 980 2
977 1073 -2
978 1074 1
979 1075 1
980 1076 1
25 121 -4
26 122 -1
27 123 -1
28 124 2
121 217 -4
122 218 1
123 219 1
124 220 -4
217 313 4
218 314 -1
219 315 -1
220 316 4
313 409 2
314 410 4
315 411 -4
316 412 4
409 505 -2
410 506 2
411 507 4
412 508 -4
505 601 -2
506 602 -1
507 603 -2
508 604 2
601 697 -1
602 698 -2
603 699 -4
604 700 1
697 793 -4
698 794 2
699 795 -1
700 796 -4
793 889 2
794 890 4
795 891 -4
796 892 1
889 985 4
890 986 2
891 987 1
892 988 -4
985 1081 4
986 1082 -4
987 1083 -4
988 1084 -4
33 129 -1
34 130 2
35 131 -1
36 132 -4
129 225 1
130 226 -2
131 227 -4
132 228 1
225 321 1
226 322 2
227 323 -2
228 324 -4
321 417 2
322 418 -4
323 419 -4
324 420 1
417 513 4
418 514 -1
419 515 -2
420 516 1
513 609 -4
514 610 1
515 611 4
516 612 2
609 705 4
610 706 -2
611 707 1
612 708 4
705 801 2
706 802 2
707 803 -2
708 804 2
801 897 2
802 898 -4
803 899 -2
804 900 2
897 993 -4
898 994 -1
899 995 2
900 996 1
993 1089 2
994 1090 -1
995 1091 1
996 1092 -1
41 137 2
42 138 -2
43 139 -1
44 140 -2
137 233 2
138 234 -2
139 235 2
140 236 4
233 329 -1
234 330 -4
235 331 -4
236 332 -2
329 425 -1
330 426 -4
331 427 4
332 428 -1
425 521 -4
426 522 2
427 523 -1
428 524 1
521 617 -1
522 618 4
523 619 -1
524 620 -4
617 713 4
618 714 4
619 715 -1
620 716 1
713 809 4
714 810 4
715 811 -4
716 812 1
809 905 2
810 906 -4
811 907 4
812 908 4
905 1001 -1
906 1002 -1
907 1003 -2
908 1004 -4
1001 1097 2
1002 1098 2
1003 1099 -1
1004 1100 1
49 145 -4
50 146 -4
51 147 -1
52 148 1
145 241 -4
146 242 1
147 243 -2
148 244 1
241 337 4
242 338 1
243 339 -2
244 340 1
337 433 -1
338 434 4
339 435 2
340 436 4
433 529 -1
434 530 4
435 531 -4
436 532 2
529 625 -4
530 626 4
531 627 1
532 628 -4
625 721 -4
626 722 -1
627 723 -2
628 724 -4
721 817 4
722 818 -2
723 819 2
724 820 2
817 913 -1
818 914 -1
819 915 1
820 916 2
913 1009 -2
914 1010 1
915 1011 -1
916 1012 4
1009 1105 -4
1010 1106 4
1011 1107 -1
1012 1108 4
57 153 -4
58 154 2
59 155 2
60 156 2
153 249 -1
154 250 1
155 251 2
156 252 -1
249 345 1
250 346 -2
251 347 -1
252 348 1
345 441 4
346 442 2
347 443 2
348 444 2
441 537 -1
442 538 1
443 539 1
444 540 1
537 633 4
538 634 2
539 635 -2
540 636 -2
633 729 -4
634 730 2
635 731 2
636 732 1
729 825 -2
730 826 -1
731 827 -4
732 828 -1
825 921 2
826 922 -1
827 923 -2
828 924 -1
921 1017 2
922 1018 2
923 1019 1
924 1020 -2
1017 1113 -4
1018 1114 4
1019 1115 4
1020 1116 2
65 161 4
66 162 2
67 163 1
68 164 -2
161 257 4
162 258 1
163 259 4
164 260 2
257 353 4
258 354 -1
259 355 4
260 356 -4
353 449 4
354 450 -4
355 451 1
356 452 -1
449 545 -2
450 546 -4
451 547 2
452 548 -2
545 641 -4
546 642 -4
547 643 -1
548 644 1
641 737 2
642 738 -1
643 739 -1
644 740 2
737 833 -2
738 834 4
739 835 1
740 836 2
833 929 4
834 930 2
835 931 -2
836 932 2
929 1025 1
930 1026 4
931 1027 -4
932 1028 -1
1025 1121 2
1026 1122 -1
1027 1123 1
1028 1124 -2
73 169 -4
74 170 1
75 171 4
76 172 1
169 265 4
170 266 1
171 267 4
172 268 1
265 361 2
266 362 -2
267 363 -2
268 364 1
361 457 -1
362 458 2
363 459 2
364 460 2
457 553 1
458 554 -1
459 555 1
460 556 -2
553 649 -2
554 650 -4
555 651 -2
556 652 4
649 745 1
650 746 -2
651 747 1
652 748 4
745 841 2
746 842 4
747 843 -1
748 844 -2
841 937 -4
842 938 2
843 939 -2
844 940 -1
937 1033 -1
938 1034 -4
939 1035 4
940 1036 1
1033 1129 1
1034 1130 2
1035 1131 2
1036 1132 -4
81 177 1
82 178 -4
83 179 -2
84 180 -2
177 273 2
178 274 2
179 275 -2
180 276 -4
273 369 -4
274 370 2
275 371 1
276 372 -2
369 465 -4
370 466 -1
371 467 4
372 468 2
465 561 -2
466 562 -4
467 563 1
468 564 -4
561 657 -4
562 658 4
563 659 1
564 660 -1
657 753 1
658 754 2
659 755 4
660 756 -1
753 849 -2
754 850 1
755 851 -1
756 852 1
849 945 -4
850 946 -2
851 947 1
852 948 -2
945 1041 -4
946 1042 -1
947 1043 -2
948 1044 -1
1041 1137 2
1042 1138 -2
1043 1139 4
1044 1140 2
89 185 4
90 186 -2
91 187 2
92 188 2
185 281 4
186 282 -1
187 283 -2
188 284 -4
281 377 2
282 378 -4
283 379 1
284 380 4
377 473 4
378 474 -4
379 475 -2
380 476 1
473 569 1
474 570 4
475 571 -4
476 572 2
569 665 1
570 666 -1
571 667 -2
572 668 -4
665 761 4
666 762 1
667 763 4
668 764 4
761 857 -4
762 858 -2
763 859 -1
764 860 -1
857 953 -2
858 954 2
859 955 -1
860 956 -1
953 1049 1
954 1050 -2
955 1051 4
956 1052 -2
1049 1145 -4
1050 1146 2
1051 1147 4
1052 1148 1
