#
1 5 1
1 6 1
1 7 -4
1 8 -4
2 5 -1
2 6 1
2 7 -4
2 8 1
3 5 1
3 6 -1
3 7 -2
3 8 -1
4 5 2
4 6 -4
4 7 1
4 8 -4
9 13 1
9 14 4
9 15 4
9 16 4
10 13 -2
10 14 4
10 15 -2
10 16 -2
11 13 1
11 14 1
11 15 2
11 16 -4
12 13 4
12 14 -4
12 15 -2
12 16 1
17 21 -2
17 22 -1
17 23 -4
17 24 -2
18 21 1
18 22 -1
18 23 2
18 24 -4
19 21 -2
19 22 -2
19 23 -4
19 24 2
20 21 4
20 22 2
20 23 -4
20 24 4
25 29 -4
25 30 -4
25 31 1
25 32 2
26 29 2
26 30 1
26 31 2
26 32 4
27 29 -4
27 30 -1
27 31 1
27 32 4
28 29 2
28 30 1
28 31 4
28 32 -4
33 37 2
33 38 2
33 39 -2
33 40 1
34 37 2
34 38 -4
34 39 -1
34 40 -2
35 37 -4
35 38 -4
35 39 -4
35 40 4
36 37 -4
36 38 -4
36 39 -4
36 40 4
41 45 -2
41 46 4
41 47 2
41 48 2
42 45 2
42 46 -1
42 47 1
42 48 2
43 45 -2
43 46 -4
43 47 2
43 48 -4
44 45 2
44 46 -4
44 47 -4
44 48 -4
49 53 -2
49 54 1
49 55 4
49 56 -4
50 53 -2
50 54 -2
50 55 4
50 56 -2
51 53 -2
51 54 -1
51 55 4
51 56 2
52 53 1
52 54 -4
52 55 -4
52 56 -1
57 61 -1
57 62 2
57 63 -2
57 64 4
58 61 2
58 62 1
58 63 -4
58 64 -2
59 61 2
59 62 -2
59 63 -4
59 64 2
60 61 -1
60 62 -4
60 63 -1
60 64 -2
65 69 2
65 70 -2
65 71 2
65 72 4
66 69 4
66 70 1
66 71 2
66 72 -4
67 69 -4
67 70 2
67 71 -2
67 72 4
68 69 4
68 70 -1
68 71 4
68 72 2
73 77 -1
73 78 2
73 79 -4
73 80 2
74 77 -1
74 78 -4
74 79 -2
74 80 -4
75 77 -2
75 78 2
75 79 1
75 80 2
76 77 -2
76 78 -1
76 79 4
76 80 -1
81 85 -4
81 86 -2
81 87 -2
81 88 -4
82 85 1
82 86 -4
82 87 -2
82 88 -4
83 85 2
83 86 -4
83 87 -2
83 88 -4
84 85 -2
84 86 -2
84 87 -4
84 88 1
89 93 1
89 94 1
89 95 -4
89 96 -1
90 93 -4
90 94 -4
90 95 4
90 96 4
91 93 -2
91 94 2
91 95 -1
91 96 2
92 93 -2
92 94 -1
92 95 -4
92 96 -1
97 101 1
97 102 4
97 103 2
97 104 -4
98 101 4
98 102 -1
98 103 -4
98 104 1
99 101 -2
99 102 -4
99 103 -1
99 104 2
100 101 -2
100 102 -1
100 103 4
100 104 -4
105 109 -4
105 110 1
105 111 2
105 112 2
106 109 2
106 110 1
106 111 2
106 112 1
107 109 4
107 110 4
107 111 -2
107 112 2
108 109 -1
108 110 1
108 111 4
108 112 4
113 117 1
113 118 -4
113 119 4
113 120 -1
114 117 -2
114 118 1
114 119 4
114 120 -1
115 117 -4
115 118 -1
115 119 -4
115 120 -1
116 117 -2
116 118 -1
116 119 4
116 120 -4
121 125 1
121 126 1
121 127 4
121 128 -4
122 125 1
122 126 -2
122 127 -4
122 128 -1
123 125 1
123 126 4
123 127 -2
123 128 2
124 125 1
124 126 1
124 127 2
124 128 -1
129 133 -1
129 134 -1
129 135 2
129 136 2
130 133 4
130 134 -4
130 135 -1
130 136 4
131 133 1
131 134 -2
131 135 2
131 136 2
132 133 -2
132 134 1
132 135 4
132 136 2
137 141 -4
137 142 -1
137 143 1
137 144 -2
138 141 2
138 142 -1
138 143 -2
138 144 1
139 141 -2
139 142 1
139 143 4
139 144 -1
140 141 1
140 142 -1
140 143 -1
140 144 -1
145 149 1
145 150 -4
145 151 -2
145 152 -2
146 149 -4
146 150 -1
146 151 1
146 152 -2
147 149 -4
147 150 -1
147 151 -1
147 152 -1
148 149 1
148 150 -1
148 151 2
148 152 2
153 157 1
153 158 -1
153 159 2
153 160 -1
154 157 4
154 158 4
154 159 2
154 160 4
155 157 -2
155 158 -4
155 159 -1
155 160 2
156 157 1
156 158 2
156 159 -2
156 160 -1
161 165 -4
161 166 -1
161 167 4
161 168 -1
162 165 1
162 166 4
162 167 1
162 168 1
163 165 -2
163 166 -4
163 167 -2
163 168 4
164 165 1
164 166 4
164 167 -2
164 168 -2
169 173 -2
169 174 -1
169 175 2
169 176 -2
170 173 1
170 174 -2
170 175 4
170 176 2
171 173 -4
171 174 1
171 175 2
171 176 -1
172 173 -2
172 174 -2
172 175 1
172 176 -1
177 181 4
177 182 4
177 183 -2
177 184 -1
178 181 2
178 182 4
178 183 -4
178 184 2
179 181 4
179 182 -1
179 183 2
179 184 1
180 181 2
180 182 4
180 183 4
180 184 2
185 189 1
185 190 2
185 191 -2
185 192 -4
186 189 4
186 190 1
186 191 1
186 192 4
187 189 1
187 190 1
187 191 -1
187 192 -1
188 189 -1
188 190 2
188 191 1
188 192 2
193 197 -2
193 198 -2
193 199 2
193 200 4
194 197 1
194 198 -1
194 199 -2
194 200 -1
195 197 -4
195 198 1
195 199 2
195 200 4
196 197 2
196 198 1
196 199 -4
196 200 -2
201 205 2
201 206 -4
201 207 -4
201 208 1
202 205 -2
202 206 2
202 207 -4
202 208 1
203 205 -4
203 206 -2
203 207 2
203 208 -4
204 205 -2
204 206 -1
204 207 -4
204 208 -2
209 213 -4
209 214 -2
209 215 -1
209 216 4
210 213 -4
210 214 1
210 215 -2
210 216 -1
211 213 2
211 214 2
211 215 4
211 216 -2
212 213 1
212 214 1
212 215 4
212 216 -2
217 221 1
217 222 4
217 223 2
217 224 2
218 221 -4
218 222 1
218 223 1
218 224 2
219 221 -1
219 222 1
219 223 2
219 224 -2
220 221 2
220 222 1
220 223 -4
220 224 -2
225 229 -1
225 230 1
225 231 1
225 232 2
226 229 -2
226 230 -1
226 231 -4
226 232 4
227 229 2
227 230 -2
227 231 2
227 232 4
228 229 4
228 230 -1
228 231 -1
228 232 1
233 237 2
233 238 -4
233 239 -1
233 240 1
234 237 1
234 238 -1
234 239 -2
234 240 -4
235 237 -2
235 238 2
235 239 4
235 240 2
236 237 -1
236 238 -1
236 239 4
236 240 2
241 245 -4
241 246 -1
241 247 -4
241 248 2
242 245 -4
242 246 -1
242 247 -1
242 248 4
243 245 -4
243 246 1
243 247 -1
243 248 -2
244 245 2
244 246 -4
244 247 4
244 248 -2
249 253 -2
249 254 -2
249 255 1
249 256 -1
250 253 -4
250 254 -1
250 255 4
250 256 4
251 253 -1
251 254 1
251 255 1
251 256 4
252 253 2
252 254 4
252 255 2
252 256 4
257 261 -4
257 262 -4
257 263 -1
257 264 -4
258 261 -4
258 262 1
258 263 1
258 264 -4
259 261 4
259 262 -4
259 263 -1
259 264 -2
260 261 -1
260 262 2
260 263 4
260 264 1
265 269 -2
265 270 2
265 271 -1
265 272 1
266 269 2
266 270 2
266 271 1
266 272 -4
267 269 -2
267 270 -4
267 271 -1
267 272 2
268 269 4
268 270 1
268 271 4
268 272 4
273 277 -2
273 278 -2
273 279 -4
273 280 -1
274 277 4
274 278 -4
274 279 2
274 280 1
275 277 1
275 278 -4
275 279 -4
275 280 2
276 277 -4
276 278 4
276 279 -2
276 280 -1
281 285 4
281 286 -4
281 287 4
281 288 1
282 285 -4
282 286 -4
282 287 -4
282 288 1
283 285 2
283 286 -2
283 287 -4
283 288 -2
284 285 -1
284 286 -4
284 287 -2
284 288 1
289 293 -1
289 294 -2
289 295 2
289 296 -1
290 293 4
290 294 -2
290 295 -4
290 296 -1
291 293 1
291 294 1
291 295 -1
291 296 -4
292 293 2
292 294 -1
292 295 1
292 296 -4
297 301 -1
297 302 -2
297 303 -1
297 304 -4
298 301 2
298 302 1
298 303 -1
298 304 -1
299 301 4
299 302 2
299 303 -1
299 304 1
300 301 4
300 302 4
300 303 1
300 304 -2
305 309 -2
305 310 -4
305 311 2
305 312 4
306 309 -2
306 310 2
306 311 2
306 312 -2
307 309 1
307 310 1
307 311 -4
307 312 2
308 309 -2
308 310 2
308 311 2
308 312 -4
313 317 1
313 318 2
313 319 1
313 320 -4
314 317 -4
314 318 -4
314 319 -4
314 320 2
315 317 4
315 318 4
315 319 -1
315 320 4
316 317 -2
316 318 -2
316 319 -2
316 320 -1
321 325 2
321 326 2
321 327 -2
321 328 4
322 325 -1
322 326 4
322 327 -1
322 328 -4
323 325 4
323 326 1
323 327 -4
323 328 2
324 325 -1
324 326 -1
324 327 1
324 328 -4
329 333 2
329 334 4
329 335 -2
329 336 -2
330 333 -2
330 334 4
330 335 2
330 336 -4
331 333 -4
331 334 1
331 335 -1
331 336 -2
332 333 2
332 334 -2
332 335 2
332 336 -4
337 341 1
337 342 2
337 343 2
337 344 2
338 341 1
338 342 -1
338 343 4
338 344 -1
339 341 -1
339 342 4
339 343 4
339 344 -4
340 341 2
340 342 -4
340 343 4
340 344 -1
345 349 2
345 350 2
345 351 -4
345 352 4
346 349 -4
346 350 -4
346 351 -4
346 352 -2
347 349 4
347 350 -4
347 351 4
347 352 -2
348 349 -1
348 350 -4
348 351 -1
348 352 4
353 357 1
353 358 -1
353 359 4
353 360 -4
354 357 1
354 358 2
354 359 -4
354 360 4
355 357 2
355 358 2
355 359 1
355 360 4
356 357 2
356 358 1
356 359 -1
356 360 -1
361 365 1
361 366 -4
361 367 -2
361 368 -2
362 365 -1
362 366 1
362 367 1
362 368 1
363 365 2
363 366 2
363 367 4
363 368 -4
364 365 1
364 366 2
364 367 4
364 368 1
369 373 2
369 374 -1
369 375 -2
369 376 1
370 373 -4
370 374 -1
370 375 4
370 376 -4
371 373 -1
371 374 -2
371 375 -4
371 376 -4
372 373 1
372 374 1
372 375 2
372 376 -2
377 381 -4
377 382 -1
377 383 -1
377 384 2
378 381 4
378 382 1
378 383 4
378 384 1
379 381 -1
379 382 1
379 383 1
379 384 -4
380 381 2
380 382 4
380 383 -2
380 384 2
385 389 -2
385 390 4
385 391 -2
385 392 1
386 389 -4
386 390 2
386 391 2
386 392 2
387 389 1
387 390 -2
387 391 -1
387 392 -2
388 389 4
388 390 -2
388 391 -4
388 392 4
393 397 -2
393 398 4
393 399 1
393 400 4
394 397 2
394 398 -4
394 399 -2
394 400 4
395 397 -1
395 398 -4
395 399 2
395 400 2
396 397 2
396 398 1
396 399 -4
396 400 2
401 405 2
401 406 -1
401 407 4
401 408 4
402 405 -2
402 406 -4
402 407 2
402 408 -4
403 405 -1
403 406 -2
403 407 4
403 408 4
404 405 2
404 406 -1
404 407 4
404 408 -4
409 413 -4
409 414 1
409 415 -4
409 416 -1
410 413 -4
410 414 -1
410 415 1
410 416 -2
411 413 -2
411 414 4
411 415 1
411 416 -4
412 413 2
412 414 -1
412 415 -2
412 416 2
417 421 -4
417 422 -2
417 423 -4
417 424 -4
418 421 -4
418 422 4
418 423 4
418 424 -2
419 421 1
419 422 4
419 423 -1
419 424 -4
420 421 1
420 422 -2
420 423 2
420 424 1
425 429 -2
425 430 -1
425 431 -2
425 432 -4
426 429 -4
426 430 -1
426 431 1
426 432 4
427 429 2
427 430 -2
427 431 2
427 432 4
428 429 -4
428 430 2
428 431 -4
428 432 2
433 437 -1
433 438 4
433 439 -1
433 440 -2
434 437 -1
434 438 2
434 439 -2
434 440 -1
435 437 1
435 438 -2
435 439 -4
435 440 -2
436 437 4
436 438 -2
436 439 1
436 440 -2
441 445 -1
441 446 1
441 447 -4
441 448 2
442 445 -2
442 446 2
442 447 1
442 448 1
443 445 -4
443 446 -2
443 447 -2
443 448 2
444 445 -1
444 446 -2
444 447 -1
444 448 4
449 453 1
449 454 2
449 455 2
449 456 -4
450 453 2
450 454 1
450 455 2
450 456 2
451 453 1
451 454 4
451 455 -2
451 456 -4
452 453 2
452 454 -2
452 455 2
452 456 -1
457 461 2
457 462 -1
457 463 -2
457 464 -1
458 461 2
458 462 2
458 463 2
458 464 -2
459 461 1
459 462 -1
459 463 1
459 464 2
460 461 -2
460 462 -2
460 463 1
460 464 1
465 469 -2
465 470 -2
465 471 -1
465 472 1
466 469 4
466 470 -4
466 471 -2
466 472 1
467 469 -1
467 470 -1
467 471 -1
467 472 1
468 469 -2
468 470 -1
468 471 1
468 472 -4
473 477 -1
473 478 -4
473 479 -2
473 480 1
474 477 -4
474 478 1
474 479 -4
474 480 1
475 477 -2
475 478 1
475 479 -1
475 480 -4
476 477 -4
476 478 -4
476 479 -2
476 480 2
481 485 4
481 486 -1
481 487 4
481 488 -4
482 485 1
482 486 2
482 487 4
482 488 -1
483 485 2
483 486 -4
483 487 -4
483 488 2
484 485 1
484 486 1
484 487 2
484 488 2
489 493 -4
489 494 -2
489 495 1
489 496 -4
490 493 1
490 494 1
490 495 -1
490 496 -4
491 493 -2
491 494 -1
491 495 -2
491 496 -4
492 493 1
492 494 4
492 495 2
492 496 -1
497 501 -4
497 502 4
497 503 -2
497 504 -1
498 501 2
498 502 4
498 503 2
498 504 -2
499 501 2
499 502 4
499 503 1
499 504 2
500 501 2
500 502 -4
500 503 -1
500 504 4
505 509 2
505 510 2
505 511 1
505 512 1
506 509 1
506 510 -2
506 511 1
506 512 -2
507 509 -2
507 510 4
507 511 2
507 512 1
508 509 -1
508 510 1
508 511 1
508 512 -1
513 517 -4
513 518 4
513 519 1
513 520 -4
514 517 1
514 518 2
514 519 2
514 520 4
515 517 -1
515 518 -4
515 519 4
515 520 -2
516 517 1
516 518 2
516 519 2
516 520 -2
521 525 -1
521 526 -2
521 527 4
521 528 2
522 525 2
522 526 1
522 527 -2
522 528 -4
523 525 4
523 526 -2
523 527 -4
523 528 4
524 525 2
524 526 2
524 527 -4
524 528 1
529 533 -2
529 534 -2
529 535 -1
529 536 -1
530 533 2
530 534 2
530 535 -4
530 536 -1
531 533 -1
531 534 -1
531 535 -4
531 536 -4
532 533 4
532 534 -4
532 535 1
532 536 1
537 541 1
537 542 -4
537 543 1
537 544 2
538 541 -4
538 542 1
538 543 -2
538 544 4
539 541 -2
539 542 4
539 543 -4
539 544 -1
540 541 1
540 542 4
540 543 2
540 544 -1
545 549 4
545 550 2
545 551 -1
545 552 -4
546 549 -1
546 550 -1
546 551 2
546 552 -2
547 549 -4
547 550 -4
547 551 -1
547 552 -2
548 549 2
548 550 4
548 551 1
548 552 -4
553 557 1
553 558 -2
553 559 -2
553 560 1
554 557 4
554 558 -1
554 559 2
554 560 -1
555 557 1
555 558 4
555 559 4
555 560 2
556 557 -2
556 558 -4
556 559 1
556 560 1
561 565 1
561 566 2
561 567 -1
561 568 2
562 565 4
562 566 -2
562 567 1
562 568 1
563 565 1
563 566 2
563 567 -2
563 568 -1
564 565 -1
564 566 -2
564 567 -4
564 568 -1
569 573 -1
569 574 -4
569 575 1
569 576 -4
570 573 -4
570 574 -2
570 575 -1
570 576 -4
571 573 -1
571 574 2
571 575 -2
571 576 -1
572 573 -1
572 574 -2
572 575 2
572 576 -4
577 581 -1
577 582 2
577 583 1
577 584 1
578 581 2
578 582 -4
578 583 2
578 584 4
579 581 2
579 582 -4
579 583 2
579 584 -1
580 581 -2
580 582 2
580 583 -2
580 584 -1
585 589 -1
585 590 1
585 591 -4
585 592 -4
586 589 -1
586 590 4
586 591 4
586 592 4
587 589 -1
587 590 4
587 591 -2
587 592 -1
588 589 -1
588 590 -4
588 591 -1
588 592 1
593 597 -1
593 598 -1
593 599 -1
593 600 4
594 597 2
594 598 -2
594 599 -2
594 600 4
595 597 -1
595 598 -2
595 599 1
595 600 -1
596 597 2
596 598 4
596 599 1
596 600 -4
601 605 2
601 606 2
601 607 2
601 608 -1
602 605 -1
602 606 1
602 607 2
602 608 4
603 605 -1
603 606 -4
603 607 2
603 608 1
604 605 -1
604 606 2
604 607 -2
604 608 4
609 613 -1
609 614 2
609 615 -1
609 616 -1
610 613 -2
610 614 2
610 615 -4
610 616 -4
611 613 -2
611 614 1
611 615 4
611 616 2
612 613 -4
612 614 2
612 615 -1
612 616 1
617 621 -4
617 622 2
617 623 1
617 624 2
618 621 4
618 622 -4
618 623 2
618 624 1
619 621 4
619 622 1
619 623 2
619 624 -2
620 621 1
620 622 -1
620 623 -2
620 624 -4
625 629 4
625 630 1
625 631 1
625 632 -2
626 629 4
626 630 1
626 631 -1
626 632 -2
627 629 2
627 630 1
627 631 -2
627 632 2
628 629 1
628 630 -2
628 631 -1
628 632 2
633 637 1
633 638 1
633 639 2
633 640 2
634 637 -1
634 638 1
634 639 1
634 640 2
635 637 2
635 638 -1
635 639 1
635 640 -1
636 637 4
636 638 2
636 639 1
636 640 1
641 645 4
641 646 -2
641 647 2
641 648 1
642 645 2
642 646 2
642 647 4
642 648 -4
643 645 1
643 646 4
643 647 1
643 648 -1
644 645 1
644 646 -1
644 647 -4
644 648 2
649 653 4
649 654 -1
649 655 -4
649 656 1
650 653 -4
650 654 -2
650 655 4
650 656 2
651 653 -4
651 654 -2
651 655 -1
651 656 4
652 653 -2
652 654 4
652 655 -4
652 656 -2
657 661 1
657 662 1
657 663 -4
657 664 1
658 661 1
658 662 -1
658 663 -2
658 664 -2
659 661 -1
659 662 2
659 663 -1
659 664 2
660 661 -1
660 662 -4
660 663 2
660 664 4
665 669 2
665 670 2
665 671 -4
665 672 -1
666 669 -4
666 670 -4
666 671 1
666 672 -2
667 669 -4
667 670 2
667 671 -2
667 672 -1
668 669 -1
668 670 1
668 671 -1
668 672 4
673 677 1
673 678 -1
673 679 -4
673 680 4
674 677 1
674 678 -2
674 679 -2
674 680 4
675 677 2
675 678 -4
675 679 -4
675 680 -4
676 677 -2
676 678 -4
676 679 -1
676 680 -4
681 685 -1
681 686 1
681 687 2
681 688 1
682 685 -1
682 686 -2
682 687 4
682 688 4
683 685 2
683 686 1
683 687 -2
683 688 -1
684 685 1
684 686 -2
684 687 2
684 688 -2
689 693 2
689 694 -1
689 695 1
689 696 2
690 693 4
690 694 -2
690 695 -2
690 696 -4
691 693 -2
691 694 -4
691 695 -1
691 696 -4
692 693 -2
692 694 1
692 695 -4
692 696 1
697 701 2
697 702 -2
697 703 -2
697 704 -1
698 701 -4
698 702 4
698 703 -4
698 704 -1
699 701 -4
699 702 2
699 703 -2
699 704 -2
700 701 4
700 702 -4
700 703 4
700 704 4
705 709 2
705 710 2
705 711 -1
705 712 -1
706 709 -1
706 710 -1
706 711 -4
706 712 4
707 709 -1
707 710 4
707 711 2
707 712 -1
708 709 4
708 710 -2
708 711 4
708 712 4
713 717 -4
713 718 -2
713 719 -4
713 720 2
714 717 4
714 718 -2
714 719 -4
714 720 -1
715 717 -1
715 718 2
715 719 4
715 720 -4
716 717 4
716 718 2
716 719 2
716 720 4
721 725 4
721 726 -4
721 727 4
721 728 1
722 725 1
722 726 4
722 727 4
722 728 -2
723 725 2
723 726 1
723 727 -2
723 728 -2
724 725 1
724 726 1
724 727 2
724 728 4
729 733 -2
729 734 4
729 735 -2
729 736 1
730 733 -1
730 734 2
730 735 -4
730 736 2
731 733 -4
731 734 4
731 735 -2
731 736 -1
732 733 2
732 734 -4
732 735 1
732 736 -4
737 741 -2
737 742 -1
737 743 2
737 744 4
738 741 -2
738 742 -4
738 743 4
738 744 -4
739 741 2
739 742 -2
739 743 4
739 744 2
740 741 2
740 742 2
740 743 -4
740 744 2
745 749 1
745 750 -4
745 751 1
745 752 4
746 749 1
746 750 2
746 751 4
746 752 -1
747 749 4
747 750 4
747 751 4
747 752 2
748 749 -2
748 750 1
748 751 -1
748 752 1
753 757 -4
753 758 4
753 759 -1
753 760 1
754 757 4
754 758 -1
754 759 -4
754 760 -4
755 757 -1
755 758 4
755 759 1
755 760 1
756 757 -2
756 758 2
756 759 2
756 760 -1
761 765 -1
761 766 -4
761 767 4
761 768 -1
762 765 4
762 766 -2
762 767 -4
762 768 -2
763 765 4
763 766 -1
763 767 -2
763 768 4
764 765 -1
764 766 1
764 767 4
764 768 -1
769 773 1
769 774 4
769 775 4
769 776 -1
770 773 -2
770 774 -1
770 775 4
770 776 -4
771 773 -1
771 774 -1
771 775 1
771 776 1
772 773 4
772 774 2
772 775 -2
772 776 1
777 781 -2
777 782 -1
777 783 -1
777 784 -1
778 781 2
778 782 2
778 783 1
778 784 1
779 781 -1
779 782 -4
779 783 4
779 784 -1
780 781 -4
780 782 -4
780 783 -1
780 784 -2
785 789 -2
785 790 4
785 791 -1
785 792 1
786 789 -1
786 790 -1
786 791 4
786 792 -2
787 789 2
787 790 -2
787 791 2
787 792 -4
788 789 -4
788 790 -4
788 791 -1
788 792 -4
793 797 -4
793 798 -4
793 799 1
793 800 -2
794 797 -2
794 798 4
794 799 2
794 800 -1
795 797 4
795 798 -2
795 799 -1
795 800 -2
796 797 1
796 798 -4
796 799 2
796 800 1
801 805 -1
801 806 -2
801 807 -2
801 808 1
802 805 -1
802 806 1
802 807 4
802 808 -2
803 805 4
803 806 4
803 807 -1
803 808 -2
804 805 2
804 806 4
804 807 2
804 808 -1
809 813 4
809 814 -4
809 815 -2
809 816 -2
810 813 4
810 814 -1
810 815 -4
810 816 -4
811 813 1
811 814 -4
811 815 -1
811 816 -1
812 813 -1
812 814 -2
812 815 1
812 816 -4
817 821 -1
817 822 -2
817 823 4
817 824 -2
818 821 -1
818 822 -1
818 823 -2
818 824 -4
819 821 -1
819 822 4
819 823 4
819 824 -4
820 821 2
820 822 -4
820 823 -4
820 824 4
825 829 4
825 830 1
825 831 -4
825 832 4
826 829 -1
826 830 -1
826 831 -1
826 832 -4
827 829 2
827 830 -1
827 831 2
827 832 4
828 829 -4
828 830 4
828 831 -1
828 832 -2
833 837 -2
833 838 1
833 839 -1
833 840 -4
834 837 4
834 838 -4
834 839 2
834 840 -2
835 837 2
835 838 -2
835 839 -1
835 840 1
836 837 -1
836 838 1
836 839 1
836 840 -4
841 845 -4
841 846 -4
841 847 -2
841 848 -4
842 845 -4
842 846 -1
842 847 -4
842 848 2
843 845 -2
843 846 -2
843 847 -4
843 848 1
844 845 -2
844 846 2
844 847 -4
844 848 2
849 853 2
849 854 -2
849 855 -2
849 856 2
850 853 2
850 854 -1
850 855 1
850 856 -4
851 853 -4
851 854 -1
851 855 -2
851 856 4
852 853 4
852 854 4
852 855 1
852 856 2
857 861 4
857 862 2
857 863 2
857 864 -1
858 861 4
858 862 4
858 863 1
858 864 1
859 861 -1
859 862 1
859 863 4
859 864 -1
860 861 1
860 862 -4
860 863 -1
860 864 -2
865 869 -4
865 870 2
865 871 4
865 872 4
866 869 1
866 870 -1
866 871 2
866 872 1
867 869 1
867 870 -2
867 871 -4
867 872 4
868 869 2
868 870 -1
868 871 -4
868 872 4
873 877 4
873 878 1
873 879 -2
873 880 -4
874 877 -2
874 878 4
874 879 2
874 880 -1
875 877 -1
875 878 1
875 879 -2
875 880 2
876 877 -4
876 878 -2
876 879 1
876 880 2
881 885 1
881 886 2
881 887 2
881 888 4
882 885 -1
882 886 2
882 887 2
882 888 2
883 885 1
883 886 -1
883 887 1
883 888 -2
884 885 -1
884 886 1
884 887 2
884 888 2
889 893 4
889 894 2
889 895 -2
889 896 4
890 893 4
890 894 1
890 895 -4
890 896 -1
891 893 -2
891 894 -1
891 895 2
891 896 -4
892 893 1
892 894 4
892 895 1
892 896 -4
897 901 -1
897 902 1
897 903 -2
897 904 -2
898 901 1
898 902 -2
898 903 -2
898 904 -2
899 901 -2
899 902 -2
899 903 2
899 904 -2
900 901 1
900 902 -1
900 903 1
900 904 -2
905 909 2
905 910 2
905 911 -4
905 912 1
906 909 -4
906 910 1
906 911 4
906 912 2
907 909 -2
907 910 -1
907 911 4
907 912 -4
908 909 -1
908 910 2
908 911 1
908 912 -2
913 917 -1
913 918 -4
913 919 2
913 920 1
914 917 4
914 918 -4
914 919 4
914 920 1
915 917 2
915 918 -4
915 919 -2
915 920 -2
916 917 -4
916 918 -1
916 919 -1
916 920 2
921 925 -4
921 926 4
921 927 -1
921 928 1
922 925 -4
922 926 -1
922 927 4
922 928 -1
923 925 4
923 926 -1
923 927 2
923 928 -1
924 925 -1
924 926 -4
924 927 2
924 928 1
929 933 -4
929 934 4
929 935 4
929 936 2
930 933 4
930 934 -1
930 935 2
930 936 1
931 933 4
931 934 -4
931 935 -1
931 936 4
932 933 -4
932 934 4
932 935 2
932 936 -4
937 941 -1
937 942 -2
937 943 1
937 944 1
938 941 -1
938 942 -4
938 943 -4
938 944 -2
939 941 -4
939 942 4
939 943 2
939 944 4
940 941 -1
940 942 4
940 943 4
940 944 2
945 949 4
945 950 -4
945 951 -4
945 952 -4
946 949 4
946 950 1
946 951 -1
946 952 2
947 949 -4
947 950 -4
947 951 1
947 952 -4
948 949 1
948 950 -2
948 951 -1
948 952 -4
953 957 4
953 958 2
953 959 -1
953 960 1
954 957 2
954 958 2
954 959 2
954 960 1
955 957 2
955 958 -1
955 959 -4
955 960 1
956 957 -1
956 958 -1
956 959 4
956 960 -2
961 965 -4
961 966 -2
961 967 1
961 968 -4
962 965 -1
962 966 4
962 967 -2
962 968 -4
963 965 1
963 966 1
963 967 -1
963 968 -2
964 965 2
964 966 -2
964 967 4
964 968 1
969 973 -4
969 974 -1
969 975 -2
969 976 1
970 973 -1
970 974 4
970 975 -2
970 976 2
971 973 1
971 974 -4
971 975 4
971 976 -1
972 973 4
972 974 2
972 975 -1
972 976 -2
977 981 1
977 982 2
977 983 2
977 984 -1
978 981 4
978 982 -2
978 983 4
978 984 -2
979 981 2
979 982 -4
979 983 -2
979 984 4
980 981 -1
980 982 1
980 983 2
980 984 -1
985 989 2
985 990 -2
985 991 4
985 992 -2
986 989 1
986 990 4
986 991 2
986 992 -2
987 989 1
987 990 4
987 991 4
987 992 1
988 989 1
988 990 -2
988 991 4
988 992 -2
993 997 -2
993 998 -4
993 999 -1
993 1000 -1
994 997 -2
994 998 4
994 999 -4
994 1000 2
995 997 1
995 998 -4
995 999 -1
995 1000 -2
996 997 -2
996 998 -2
996 999 -1
996 1000 2
1001 1005 -4
1001 1006 4
1001 1007 4
1001 1008 -2
1002 1005 2
1002 1006 -4
1002 1007 4
1002 1008 -1
1003 1005 -2
1003 1006 -1
1003 1007 4
1003 1008 4
1004 1005 -2
1004 1006 -2
1004 1007 1
1004 1008 2
1009 1013 2
1009 1014 -1
1009 1015 -1
1009 1016 -1
1010 1013 2
1010 1014 -4
1010 1015 -2
1010 1016 4
1011 1013 -2
1011 1014 -1
1011 1015 2
1011 1016 -1
1012 1013 1
1012 1014 -4
1012 1015 4
1012 1016 2
1017 1021 -4
1017 1022 1
1017 1023 4
1017 1024 2
1018 1021 -2
1018 1022 1
1018 1023 2
1018 1024 1
1019 1021 4
1019 1022 1
1019 1023 2
1019 1024 1
1020 1021 -2
1020 1022 1
1020 1023 2
1020 1024 -2
1025 1029 -2
1025 1030 -1
1025 1031 -4
1025 1032 -1
1026 1029 2
1026 1030 4
1026 1031 -2
1026 1032 -1
1027 1029 -1
1027 1030 1
1027 1031 -2
1027 1032 2
1028 1029 -4
1028 1030 -4
1028 1031 -4
1028 1032 1
1033 1037 -2
1033 1038 -2
1033 1039 -2
1033 1040 -4
1034 1037 -2
1034 1038 4
1034 1039 2
1034 1040 2
1035 1037 -1
1035 1038 2
1035 1039 1
1035 1040 -2
1036 1037 -1
1036 1038 2
1036 1039 -1
1036 1040 -1
1041 1045 2
1041 1046 -4
1041 1047 -2
1041 1048 4
1042 1045 2
1042 1046 1
1042 1047 2
1042 1048 -2
1043 1045 -2
1043 1046 -4
1043 1047 2
1043 1048 1
1044 1045 4
1044 1046 1
1044 1047 -4
1044 1048 -2
1049 1053 -2
1049 1054 2
1049 1055 2
1049 1056 1
1050 1053 2
1050 1054 -4
1050 1055 2
1050 1056 4
1051 1053 -2
1051 1054 -1
1051 1055 -1
1051 1056 -2
1052 1053 -2
1052 1054 1
1052 1055 -2
1052 1056 -4
1057 1061 4
1057 1062 1
1057 1063 -1
1057 1064 -1
1058 1061 -1
1058 1062 -4
1058 1063 -4
1058 1064 -4
1059 1061 -1
1059 1062 4
1059 1063 1
1059 1064 -2
1060 1061 4
1060 1062 -4
1060 1063 1
1060 1064 1
1065 1069 4
1065 1070 2
1065 1071 4
1065 1072 2
1066 1069 2
1066 1070 -4
1066 1071 2
1066 1072 1
1067 1069 -1
1067 1070 -4
1067 1071 -2
1067 1072 -1
1068 1069 -2
1068 1070 2
1068 1071 -1
1068 1072 4
1073 1077 4
1073 1078 1
1073 1079 2
1073 1080 4
1074 1077 -4
1074 1078 2
1074 1079 -1
1074 1080 -2
1075 1077 -1
1075 1078 1
1075 1079 -2
1075 1080 4
1076 1077 4
1076 1078 1
1076 1079 2
1076 1080 2
1081 1085 -2
1081 1086 -2
1081 1087 -1
1081 1088 -2
1082 1085 2
1082 1086 2
1082 1087 4
1082 1088 1
1083 1085 -2
1083 1086 2
1083 1087 -2
1083 1088 2
1084 1085 4
1084 1086 -1
1084 1087 1
1084 1088 2
1089 1093 -4
1089 1094 -1
1089 1095 1
1089 1096 2
1090 1093 4
1090 1094 1
1090 1095 -1
1090 1096 -4
1091 1093 2
1091 1094 2
1091 1095 -4
1091 1096 1
1092 1093 4
1092 1094 4
1092 1095 -2
1092 1096 -4
1097 1101 2
1097 1102 2
1097 1103 -4
1097 1104 -4
1098 1101 1
1098 1102 2
1098 1103 -4
1098 1104 4
1099 1101 1
1099 1102 1
1099 1103 -4
1099 1104 1
1100 1101 4
1100 1102 -1
1100 1103 -2
1100 1104 -1
1105 1109 4
1105 1110 -4
1105 1111 1
1105 1112 1
1106 1109 1
1106 1110 -4
1106 1111 -4
1106 1112 -2
1107 1109 2
1107 1110 -1
1107 1111 1
1107 1112 4
1108 1109 2
1108 1110 4
1108 1111 -4
1108 1112 2
1113 1117 -2
1113 1118 4
1113 1119 2
1113 1120 -1
1114 1117 1
1114 1118 4
1114 1119 1
1114 1120 -4
1115 1117 -2
1115 1118 -2
1115 1119 -1
1115 1120 -2
1116 1117 1
1116 1118 -1
1116 1119 -2
1116 1120 -4
1121 1125 4
1121 1126 2
1121 1127 4
1121 1128 -1
1122 1125 -2
1122 1126 2
1122 1127 -1
1122 1128 1
1123 1125 -1
1123 1126 1
1123 1127 -4
1123 1128 -2
1124 1125 -1
1124 1126 -4
1124 1127 -1
1124 1128 4
1129 1133 4
1129 1134 4
1129 1135 2
1129 1136 -2
1130 1133 1
1130 1134 1
1130 1135 -4
1130 1136 -4
1131 1133 -2
1131 1134 -1
1131 1135 1
1131 1136 -4
1132 1133 -2
1132 1134 4
1132 1135 2
1132 1136 -2
1137 1141 -2
1137 1142 2
1137 1143 2
1137 1144 -2
1138 1141 -2
1138 1142 -4
1138 1143 -2
1138 1144 4
1139 1141 -2
1139 1142 -4
1139 1143 4
1139 1144 2
1140 1141 -1
1140 1142 -1
1140 1143 -4
1140 1144 -2
1145 1149 -4
1145 1150 4
1145 1151 -1
1145 1152 1
1146 1149 2
1146 1150 4
1146 1151 -4
1146 1152 2
1147 1149 -2
1147 1150 -2
1147 1151 -2
1147 1152 1
1148 1149 -1
1148 1150 -1
1148 1151 -4
1148 1152 1
5 13 2
6 14 -4
7 15 1
8 16 2
13 21 4
14 22 4
15 23 4
16 24 -1
21 29 -4
22 30 1
23 31 1
24 32 -1
29 37 -2
30 38 -1
31 39 -1
32 40 4
37 45 1
38 46 -4
39 47 4
40 48 -2
45 53 -1
46 54 -2
47 55 -4
48 56 4
53 61 4
54 62 2
55 63 -2
56 64 -4
61 69 -2
62 70 -4
63 71 1
64 72 -2
69 77 -2
70 78 4
71 79 -2
72 80 -2
77 85 -2
78 86 1
79 87 2
80 88 -2
85 93 1
86 94 2
87 95 1
88 96 1
101 109 -4
102 110 -1
103 111 1
104 112 2
109 117 4
110 118 -2
111 119 2
112 120 2
117 125 2
118 126 2
119 127 4
120 128 1
125 133 -2
126 134 -4
127 135 -1
128 136 -1
133 141 -2
134 142 -4
135 143 -1
136 144 2
141 149 4
142 150 -4
143 151 1
144 152 -1
149 157 2
150 158 -4
151 159 1
152 160 1
157 165 2
158 166 -2
159 167 4
160 168 2
165 173 -2
166 174 -1
167 175 -4
168 176 -1
173 181 -2
174 182 4
175 183 1
176 184 -4
181 189 -4
182 190 1
183 191 -4
184 192 2
197 205 -2
198 206 2
199 207 -1
200 208 2
205 213 -4
206 214 2
207 215 -2
208 216 -2
213 221 -2
214 222 1
215 223 2
216 224 -2
221 229 -4
222 230 4
223 231 4
224 232 2
229 237 2
230 238 2
231 239 -2
232 240 -1
237 245 -2
238 246 -1
239 247 -1
240 248 -1
245 253 -1
246 254 2
247 255 -1
248 256 1
253 261 -2
254 262 2
255 263 1
256 264 -1
261 269 -2
262 270 1
263 271 4
264 272 4
269 277 4
270 278 2
271 279 -4
272 280 -4
277 285 -1
278 286 -1
279 287 2
280 288 -1
293 301 4
294 302 1
295 303 1
296 304 -2
301 309 -4
302 310 -2
303 311 1
304 312 -1
309 317 -4
310 318 4
311 319 -4
312 320 -2
317 325 -4
318 326 4
319 327 1
320 328 -2
325 333 4
326 334 4
327 335 4
328 336 -4
333 341 -4
334 342 -2
335 343 -4
336 344 -1
341 349 1
342 350 -4
343 351 2
344 352 1
349 357 -1
350 358 1
351 359 -4
352 360 1
357 365 4
358 366 -2
359 367 2
360 368 -2
365 373 -4
366 374 2
367 375 -4
368 376 4
373 381 1
374 382 4
375 383 -4
376 384 -4
389 397 -4
390 398 2
391 399 4
392 400 -4
397 405 -1
398 406 -4
399 407 -1
400 408 -2
405 413 -2
406 414 -2
407 415 -1
408 416 4
413 421 4
414 422 -4
415 423 1
416 424 -1
421 429 1
422 430 4
423 431 -1
424 432 -4
429 437 2
430 438 1
431 439 4
432 440 -4
437 445 -4
438 446 1
439 447 -2
440 448 -2
445 453 4
446 454 2
447 455 -1
448 456 2
453 461 2
454 462 -1
455 463 -2
456 464 1
461 469 1
462 470 1
463 471 1
464 472 2
469 477 1
470 478 4
471 479 -1
472 480 2
485 493 2
486 494 -2
487 495 -4
488 496 2
493 501 -1
494 502 4
495 503 -4
496 504 -1
501 509 -2
502 510 -1
503 511 -2
504 512 2
509 517 1
510 518 -2
511 519 -1
512 520 -1
517 525 1
518 526 2
519 527 -1
520 528 -4
525 533 -1
526 534 -4
527 535 -2
528 536 -4
533 541 -1
534 542 -4
535 543 -4
536 544 2
541 549 -1
542 550 4
543 551 -1
544 552 1
549 557 2
550 558 -2
551 559 -4
552 560 4
557 565 -4
558 566 -1
559 567 -2
560 568 1
565 573 2
566 574 -2
567 575 -2
568 576 -4
581 589 -1
582 590 -4
583 591 4
584 592 4
589 597 1
590 598 4
591 599 -4
592 600 -1
597 605 4
598 606 -1
599 607 -2
600 608 4
605 613 4
606 614 -2
607 615 2
608 616 4
613 621 4
614 622 -2
615 623 -2
616 624 1
621 629 1
622 630 2
623 631 -4
624 632 -1
629 637 -2
630 638 2
631 639 -2
632 640 -1
637 645 -2
638 646 -2
639 647 -4
640 648 -2
645 653 -2
646 654 -2
647 655 -1
648 656 2
653 661 1
654 662 2
655 663 -1
656 664 -1
661 669 2
662 670 2
663 671 2
664 672 4
677 685 4
678 686 1
679 687 -4
680 688 1
685 693 4
686 694 4
687 695 -2
688 696 -1
693 701 2
694 702 1
695 703 1
696 704 -1
701 709 2
702 710 -1
703 711 1
704 712 2
709 717 4
710 718 1
711 719 1
712 720 2
717 725 1
718 726 -2
719 727 -2
720 728 2
725 733 -2
726 734 1
727 735 4
728 736 -1
733 741 1
734 742 -2
735 743 -4
736 744 4
741 749 2
742 750 1
743 751 -1
744 752 1
749 757 -2
750 758 2
751 759 -1
752 760 1
757 765 -1
758 766 -1
759 767 -1
760 768 -4
773 781 2
774 782 -1
775 783 4
776 784 4
781 789 -2
782 790 4
783 791 -1
784 792 2
789 797 2
790 798 -4
791 799 -1
792 800 -4
797 805 -1
798 806 -1
799 807 -2
800 808 -4
805 813 -2
806 814 -4
807 815 -4
808 816 4
813 821 -1
814 822 1
815 823 4
816 824 4
821 829 -1
822 830 2
823 831 -2
824 832 4
829 837 -1
830 838 -1
831 839 1
832 840 -2
837 845 -2
838 846 2
839 847 -1
840 848 -4
845 853 -4
846 854 -2
847 855 -2
848 856 1
853 861 -1
854 862 1
855 863 -2
856 864 4
869 877 1
870 878 4
871 879 4
872 880 1
877 885 2
878 886 2
879 887 -4
880 888 4
885 893 -4
886 894 4
887 895 2
888 896 -1
893 901 4
894 902 1
895 903 1
896 904 -1
901 909 1
902 910 1
903 911 -4
904 912 4
909 917 -2
910 918 4
911 919 4
912 920 -2
917 925 4
918 926 4
919 927 4
920 928 4
925 933 -2
926 934 4
927 935 -1
928 936 -4
933 941 4
934 942 -4
935 943 -4
936 944 -1
941 949 4
942 950 1
943 951 2
944 952 4
949 957 1
950 958 -2
951 959 -4
952 960 -2
965 973 -1
966 974 4
967 975 -1
968 976 -2
973 981 2
974 982 1
975 983 4
976 984 -4
981 989 -1
982 990 -1
983 991 -4
984 992 -2
989 997 1
990 998 2
991 999 -1
992 1000 -2
997 1005 2
998 1006 -1
999 1007 4
1000 1008 -2
1005 1013 -2
1006 1014 2
1007 1015 1
1008 1016 4
1013 1021 -4
1014 1022 1
1015 1023 -1
1016 1024 2
1021 1029 1
1022 1030 2
1023 1031 4
1024 1032 1
1029 1037 2
1030 1038 1
1031 1039 1
1032 1040 -2
1037 1045 1
1038 1046 -4
1039 1047 4
1040 1048 -4
1045 1053 1
1046 1054 2
1047 1055 -2
1048 1056 4
1061 1069 -1
1062 1070 -2
1063 1071 -4
1064 1072 2
1069 1077 1
1070 1078 -1
1071 1079 -4
1072 1080 -2
1077 1085 4
1078 1086 -2
1079 1087 -1
1080 1088 1
1085 1093 -2
1086 1094 -2
1087 1095 -1
1088 1096 2
1093 1101 -2
1094 1102 -1
1095 1103 4
1096 1104 4
1101 1109 -2
1102 1110 1
1103 1111 4
1104 1112 2
1109 1117 2
1110 1118 -1
1111 1119 -2
1112 1120 -4
1117 1125 1
1118 1126 2
1119 1127 -4
1120 1128 -2
1125 1133 2
1126 1134 -1
1127 1135 4
1128 1136 -4
1133 1141 2
1134 1142 1
1135 1143 -2
1136 1144 4
1141 1149 -2
1142 1150 -4
1143 1151 4
1144 1152 2
1 97 2
2 98 -4
3 99 -4
4 100 4
97 193 2
98 194 -1
99 195 -2
100 196 1
193 289 -2
194 290 2
195 291 -1
196 292 4
289 385 -2
290 386 -1
291 387 2
292 388 -4
385 481 -4
386 482 4
387 483 -2
388 484 -1
481 577 -4
482 578 -4
483 579 -2
484 580 1
577 673 1
578 674 4
579 675 -4
580 676 -4
673 769 -1
674 770 1
675 771 4
676 772 -4
769 865 -1
770 866 1
771 867 -4
772 868 -4
865 961 -1
866 962 -1
867 963 -4
868 964 -1
961 1057 1
962 1058 -4
963 1059 -2
964 1060 1
9 105 -1
10 106 1
11 107 -4
12 108 -2
105 201 -1
106 202 -1
107 203 4
108 204 4
201 297 1
202 298 -2
203 299 -2
204 300 -1
297 393 2
298 394 2
299 395 2
300 396 1
393 489 -2
394 490 -2
395 491 1
396 492 -4
489 585 -2
490 586 2
491 587 -2
492 588 -2
585 681 1
586 682 4
587 683 -2
588 684 2
681 777 -1
682 778 1
683 779 -4
684 780 -4
777 873 -4
778 874 1
779 875 -4
780 876 -4
873 969 -4
874 970 -1
875 971 4
876 972 1
969 1065 1
970 1066 1
971 1067 1
972 1068 1
17 113 2
18 114 2
19 115 -1
20 116 -2
113 209 -2
114 210 1
115 211 -4
116 212 -2
209 305 2
210 306 2
211 307 -4
212 308 2
305 401 2
306 402 1
307 403 2
308 404 2
401 497 2
402 498 -4
403 499 -2
404 500 -4
497 593 -2
498 594 -1
499 595 -4
500 596 1
593 689 -1
594 690 -4
595 691 4
596 692 2
689 785 2
690 786 2
691 787 1
692 788 -4
785 881 2
786 882 1
787 883 2
788 884 -1
881 977 2
882 978 -4
883 979 1
884 980 4
977 1073 -2
978 1074 -4
979 1075 2
980 1076 -1
25 121 -2
26 122 -4
27 123 -2
28 124 2
121 217 -2
122 218 1
123 219 -2
124 220 1
217 313 -2
218 314 -2
219 315 -4
220 316 -1
313 409 -1
314 410 -1
315 411 -2
316 412 -2
409 505 4
410 506 -1
411 507 -1
412 508 2
505 601 2
506 602 2
507 603 -1
508 604 -2
601 697 2
602 698 -1
603 699 -1
604 700 1
697 793 -1
698 794 2
699 795 4
700 796 -4
793 889 4
794 890 1
795 891 -2
796 892 -1
889 985 1
890 986 2
891 987 1
892 988 -4
985 1081 2
986 1082 -1
987 1083 1
988 1084 -1
33 129 -1
34 130 -4
35 131 -2
36 132 2
129 225 -2
130 226 -1
131 227 -4
132 228 1
225 321 -4
226 322 -1
227 323 4
228 324 -2
321 417 -2
322 418 4
323 419 2
324 420 -1
417 513 -2
418 514 2
419 515 4
420 516 1
513 609 4
514 610 -1
515 611 2
516 612 -1
609 705 1
610 706 1
611 707 1
612 708 4
705 801 1
706 802 -4
707 803 2
708 804 1
801 897 4
802 898 2
803 899 1
804 900 -1
897 993 -2
898 994 -2
899 995 1
900 996 -1
993 1089 4
994 1090 -4
995 1091 -1
996 1092 -1
41 137 2
42 138 4
43 139 1
44 140 -4
137 233 2
138 234 -4
139 235 -1
140 236 2
233 329 2
234 330 -1
235 331 4
236 332 -1
329 425 -4
330 426 1
331 427 2
332 428 -2
425 521 -4
426 522 1
427 523 -4
428 524 1
521 617 2
522 618 -4
523 619 1
524 620 -2
617 713 -2
618 714 1
619 715 2
620 716 -1
713 809 -2
714 810 2
715 811 -2
716 812 -2
809 905 1
810 906 2
811 907 4
812 908 1
905 1001 2
906 1002 -2
907 1003 2
908 1004 2
1001 1097 2
1002 1098 -4
1003 1099 1
1004 1100 4
49 145 2
50 146 1
51 147 -2
52 148 -2
145 241 4
146 242 -1
147 243 -2
148 244 2
241 337 -1
242 338 -1
243 339 -4
244 340 -2
337 433 4
338 434 1
339 435 4
340 436 4
433 529 -2
434 530 4
435 531 -4
436 532 -4
529 625 4
530 626 1
531 627 4
532 628 2
625 721 -1
626 722 4
627 723 1
628 724 -4
721 817 -1
722 818 -2
723 819 2
724 820 -1
817 913 -4
818 914 -4
819 915 -4
820 916 -2
913 1009 1
914 1010 4
915 1011 2
916 1012 -2
1009 1105 -1
1010 1106 2
1011 1107 -2
1012 1108 -1
57 153 2
58 154 -4
59 155 -2
60 156 -1
153 249 -1
154 250 4
155 251 -4
156 252 -4
249 345 2
250 346 -1
251 347 1
252 348 4
345 441 -4
346 442 -1
347 443 4
348 444 1
441 537 -2
442 538 -2
443 539 4
444 540 -1
537 633 2
538 634 -2
539 635 -1
540 636 -4
633 729 -4
634 730 -2
635 731 2
636 732 -2
729 825 -4
730 826 1
731 827 2
732 828 -2
825 921 2
826 922 -1
827 923 -2
828 924 2
921 1017 4
922 1018 -1
923 1019 -2
924 1020 2
1017 1113 -1
1018 1114 2
1019 1115 -4
1020 1116 -1
65 161 4
66 162 4
67 163 2
68 164 1
161 257 -2
162 258 4
163 259 1
164 260 2
257 353 4
258 354 1
259 355 -1
260 356 -1
353 449 4
354 450 -1
355 451 4
356 452 -4
449 545 -1
450 546 4
451 547 1
452 548 -2
545 641 2
546 642 2
547 643 4
548 644 -2
641 737 -2
642 738 1
643 739 4
644 740 -4
737 833 -2
738 834 -2
739 835 2
740 836 1
833 929 -4
834 930 -2
835 931 -1
836 932 1
929 1025 -4
930 1026 4
931 1027 1
932 1028 -2
1025 1121 2
1026 1122 -4
1027 1123 4
1028 1124 4
73 169 1
74 170 1
75 171 2
76 172 4
169 265 -2
170 266 -2
171 267 2
172 268 2
265 361 1
266 362 -1
267 363 -4
268 364 -1
361 457 -2
362 458 4
363 459 -2
364 460 1
457 553 2
458 554 2
459 555 4
460 556 1
553 649 -4
554 650 -2
555 651 4
556 652 2
649 745 4
650 746 -1
651 747 -2
652 748 -4
745 841 4
746 842 1
747 843 4
748 844 2
841 937 4
842 938 -1
843 939 -4
844 940 1
937 1033 2
938 1034 -1
939 1035 2
940 1036 4
1033 1129 -2
1034 1130 -4
1035 1131 -2
1036 1132 2
81 177 1
82 178 2
83 179 -2
84 180 -4
177 273 4
178 274 4
179 275 1
180 276 4
273 369 4
274 370 -2
275 371 -2
276 372 -2
369 465 1
370 466 -4
371 467 -4
372 468 4
465 561 2
466 562 -2
467 563 4
468 564 -4
561 657 -2
562 658 4
563 659 -1
564 660 1
657 753 -1
658 754 2
659 755 1
660 756 2
753 849 2
754 850 -4
755 851 2
756 852 -4
849 945 -2
850 946 -4
851 947 4
852 948 -2
945 1041 1
946 1042 4
947 1043 -2
948 1044 -4
1041 1137 -2
1042 1138 -4
1043 1139 -2
1044 1140 -4
89 185 -4
90 186 -4
91 187 -2
92 188 2
185 281 1
186 282 -1
187 283 -1
188 284 1
281 377 2
282 378 -2
283 379 2
284 380 1
377 473 -2
378 474 -4
379 475 1
380 476 2
473 569 1
474 570 -1
475 571 -1
476 572 -1
569 665 2
570 666 1
571 667 2
572 668 4
665 761 4
666 762 4
667 763 1
668 764 4
761 857 -1
762 858 1
763 859 -1
764 860 4
857 953 2
858 954 -2
859 955 2
860 956 4
953 1049 2
954 1050 -4
955 1051 1
956 1052 -4
1049 1145 1
1050 1146 -4
1051 1147 1
1052 1148 -2
