#
1 5 -1
1 6 2
1 7 2
1 8 4
2 5 -2
2 6 1
2 7 2
2 8 -2
3 5 2
3 6 1
3 7 -1
3 8 1
4 5 2
4 6 -1
4 7 -1
4 8 -4
9 13 2
9 14 -1
9 15 1
9 16 2
10 13 2
10 14 1
10 15 2
10 16 4
11 13 2
11 14 -1
11 15 -1
11 16 -2
12 13 4
12 14 2
12 15 -2
12 16 -1
17 21 -1
17 22 1
17 23 -1
17 24 -4
18 21 -1
18 22 -4
18 23 1
18 24 -2
19 21 -1
19 22 1
19 23 1
19 24 2
20 21 -1
20 22 2
20 23 -1
20 24 -2
25 29 -2
25 30 -2
25 31 -2
25 32 2
26 29 -1
26 30 -1
26 31 -2
26 32 4
27 29 1
27 30 -1
27 31 2
27 32 -2
28 29 -1
28 30 1
28 31 -4
28 32 1
33 37 1
33 38 -2
33 39 -1
33 40 4
34 37 -4
34 38 1
34 39 2
34 40 -1
35 37 -2
35 38 -4
35 39 2
35 40 -2
36 37 1
36 38 2
36 39 1
36 40 4
41 45 -1
41 46 4
41 47 -1
41 48 4
42 45 -1
42 46 -2
42 47 -2
42 48 -4
43 45 2
43 46 -1
43 47 2
43 48 1
44 45 1
44 46 2
44 47 -4
44 48 -1
49 53 -4
49 54 -1
49 55 -2
49 56 1
50 53 2
50 54 2
50 55 -2
50 56 1
51 53 -4
51 54 4
51 55 4
51 56 2
52 53 -4
52 54 -1
52 55 -2
52 56 -4
57 61 2
57 62 4
57 63 -1
57 64 2
58 61 -2
58 62 1
58 63 -2
58 64 4
59 61 4
59 62 1
59 63 -4
59 64 -1
60 61 -1
60 62 -4
60 63 1
60 64 -4
65 69 4
65 70 -4
65 71 4
65 72 -2
66 69 -2
66 70 1
66 71 -2
66 72 2
67 69 -4
67 70 -1
67 71 4
67 72 2
68 69 4
68 70 4
68 71 -2
68 72 -1
73 77 -1
73 78 4
73 79 2
73 80 1
74 77 1
74 78 1
74 79 1
74 80 -2
75 77 -1
75 78 -1
75 79 4
75 80 1
76 77 2
76 78 2
76 79 4
76 80 -1
81 85 -2
81 86 -2
81 87 -1
81 88 -1
82 85 4
82 86 -2
82 87 1
82 88 1
83 85 1
83 86 -1
83 87 4
83 88 -1
84 85 4
84 86 -4
84 87 -1
84 88 -2
89 93 -2
89 94 -4
89 95 -1
89 96 4
90 93 -4
90 94 4
90 95 4
90 96 -4
91 93 2
91 94 1
91 95 2
91 96 -2
92 93 -2
92 94 2
92 95 -2
92 96 -2
97 101 4
97 102 2
97 103 4
97 104 -1
98 101 -2
98 102 -4
98 103 -2
98 104 -4
99 101 4
99 102 2
99 103 2
99 104 4
100 101 -1
100 102 1
100 103 -4
100 104 1
105 109 2
105 110 4
105 111 -1
105 112 -1
106 109 2
106 110 2
106 111 1
106 112 2
107 109 -4
107 110 1
107 111 -2
107 112 -1
108 109 -4
108 110 -1
108 111 1
108 112 1
113 117 -4
113 118 2
113 119 -1
113 120 -2
114 117 1
114 118 -2
114 119 -4
114 120 -4
115 117 -2
115 118 -1
115 119 2
115 120 1
116 117 -2
116 118 -2
116 119 2
116 120 -4
121 125 -1
121 126 2
121 127 4
121 128 -1
122 125 2
122 126 -2
122 127 -2
122 128 4
123 125 -4
123 126 4
123 127 1
123 128 -1
124 125 -1
124 126 -2
124 127 2
124 128 -2
129 133 2
129 134 4
129 135 2
129 136 -1
130 133 -4
130 134 4
130 135 -1
130 136 -4
131 133 2
131 134 -4
131 135 1
131 136 -1
132 133 2
132 134 2
132 135 4
132 136 4
137 141 2
137 142 -2
137 143 2
137 144 1
138 141 -4
138 142 2
138 143 -1
138 144 4
139 141 4
139 142 2
139 143 4
139 144 -2
140 141 -2
140 142 2
140 143 -2
140 144 4
145 149 -2
145 150 -4
145 151 -4
145 152 1
146 149 1
146 150 1
146 151 1
146 152 -4
147 149 4
147 150 2
147 151 4
147 152 4
148 149 2
148 150 1
148 151 4
148 152 -1
153 157 1
153 158 -2
153 159 -2
153 160 -1
154 157 -1
154 158 2
154 159 1
154 160 -4
155 157 -1
155 158 -4
155 159 1
155 160 -2
156 157 2
156 158 -4
156 159 -4
156 160 4
161 165 4
161 166 -4
161 167 -1
161 168 2
162 165 1
162 166 2
162 167 -4
162 168 -1
163 165 2
163 166 1
163 167 1
163 168 1
164 165 -1
164 166 1
164 167 4
164 168 1
169 173 2
169 174 1
169 175 -2
169 176 1
170 173 2
170 174 -4
170 175 2
170 176 -2
171 173 4
171 174 -2
171 175 4
171 176 2
172 173 1
172 174 1
172 175 4
172 176 -4
177 181 4
177 182 -4
177 183 -2
177 184 4
178 181 1
178 182 4
178 183 -4
178 184 -2
179 181 4
179 182 1
179 183 1
179 184 1
180 181 -1
180 182 1
180 183 4
180 184 -1
185 189 4
185 190 -2
185 191 -2
185 192 4
186 189 -4
186 190 4
186 191 1
186 192 -4
187 189 4
187 190 -4
187 191 -2
187 192 2
188 189 -2
188 190 -2
188 191 1
188 192 -2
193 197 1
193 198 -2
193 199 4
193 200 1
194 197 1
194 198 -4
194 199 1
194 200 2
195 197 2
195 198 2
195 199 4
195 200 4
196 197 1
196 198 -1
196 199 1
196 200 -1
201 205 -1
201 206 2
201 207 -4
201 208 -4
202 205 -2
202 206 -4
202 207 1
202 208 -4
203 205 1
203 206 4
203 207 2
203 208 -2
204 205 1
204 206 -1
204 207 2
204 208 -1
209 213 4
209 214 -2
209 215 -2
209 216 -1
210 213 -4
210 214 1
210 215 -1
210 216 -4
211 213 4
211 214 1
211 215 -1
211 216 -2
212 213 -4
212 214 1
212 215 -4
212 216 2
217 221 -2
217 222 2
217 223 4
217 224 4
218 221 -4
218 222 4
218 223 2
218 224 1
219 221 -4
219 222 -4
219 223 -4
219 224 -2
220 221 -1
220 222 4
220 223 -1
220 224 -4
225 229 1
225 230 4
225 231 4
225 232 -2
226 229 4
226 230 -1
226 231 -4
226 232 -1
227 229 2
227 230 4
227 231 4
227 232 -1
228 229 2
228 230 -4
228 231 1
228 232 2
233 237 4
233 238 1
233 239 -2
233 240 -4
234 237 -1
234 238 4
234 239 -4
234 240 -2
235 237 -2
235 238 4
235 239 4
235 240 -2
236 237 2
236 238 2
236 239 1
236 240 -1
241 245 4
241 246 -2
241 247 -1
241 248 -1
242 245 -4
242 246 -2
242 247 4
242 248 -1
243 245 -4
243 246 -2
243 247 -2
243 248 4
244 245 4
244 246 2
244 247 -2
244 248 1
249 253 -2
249 254 4
249 255 1
249 256 2
250 253 -4
250 254 2
250 255 -1
250 256 2
251 253 4
251 254 -4
251 255 -4
251 256 -1
252 253 -1
252 254 -1
252 255 -2
252 256 2
257 261 4
257 262 1
257 263 -4
257 264 4
258 261 -4
258 262 -2
258 263 4
258 264 1
259 261 -2
259 262 4
259 263 -1
259 264 4
260 261 4
260 262 -4
260 263 2
260 264 4
265 269 4
265 270 -4
265 271 1
265 272 -4
266 269 4
266 270 2
266 271 -2
266 272 -4
267 269 4
267 270 4
267 271 2
267 272 2
268 269 1
268 270 4
268 271 -2
268 272 4
273 277 1
273 278 2
273 279 2
273 280 -2
274 277 4
274 278 4
274 279 -2
274 280 -1
275 277 -1
275 278 -4
275 279 -4
275 280 4
276 277 -1
276 278 2
276 279 2
276 280 2
281 285 -1
281 286 -1
281 287 1
281 288 1
282 285 -4
282 286 -2
282 287 -2
282 288 -4
283 285 4
283 286 1
283 287 2
283 288 2
284 285 -1
284 286 1
284 287 2
284 288 -4
289 293 -1
289 294 4
289 295 -1
289 296 4
290 293 2
290 294 4
290 295 -4
290 296 -1
291 293 -2
291 294 1
291 295 -1
291 296 -4
292 293 4
292 294 -4
292 295 -4
292 296 -4
297 301 -2
297 302 -2
297 303 1
297 304 4
298 301 1
298 302 4
298 303 -2
298 304 -4
299 301 -2
299 302 -4
299 303 -2
299 304 1
300 301 2
300 302 -2
300 303 1
300 304 4
305 309 -2
305 310 1
305 311 -4
305 312 4
306 309 -4
306 310 4
306 311 4
306 312 -1
307 309 -1
307 310 -4
307 311 4
307 312 -2
308 309 -4
308 310 2
308 311 2
308 312 -1
313 317 1
313 318 2
313 319 4
313 320 -4
314 317 -2
314 318 -2
314 319 -4
314 320 1
315 317 -1
315 318 4
315 319 -2
315 320 -1
316 317 -2
316 318 2
316 319 1
316 320 1
321 325 1
321 326 -4
321 327 2
321 328 4
322 325 -4
322 326 2
322 327 4
322 328 4
323 325 -4
323 326 -1
323 327 -4
323 328 2
324 325 -1
324 326 -1
324 327 4
324 328 1
329 333 -4
329 334 2
329 335 -4
329 336 4
330 333 -4
330 334 -4
330 335 1
330 336 1
331 333 2
331 334 -2
331 335 2
331 336 -4
332 333 1
332 334 2
332 335 -1
332 336 -4
337 341 -1
337 342 2
337 343 4
337 344 2
338 341 4
338 342 -1
338 343 -1
338 344 -2
339 341 4
339 342 2
339 343 -1
339 344 2
340 341 2
340 342 -1
340 343 2
340 344 -1
345 349 -2
345 350 -1
345 351 -1
345 352 -2
346 349 -4
346 350 2
346 351 -2
346 352 -4
347 349 -2
347 350 -2
347 351 1
347 352 -2
348 349 -2
348 350 4
348 351 1
348 352 4
353 357 1
353 358 -2
353 359 2
353 360 2
354 357 4
354 358 -4
354 359 -2
354 360 -4
355 357 -1
355 358 -2
355 359 1
355 360 -1
356 357 -2
356 358 -2
356 359 2
356 360 4
361 365 -4
361 366 -4
361 367 4
361 368 4
362 365 -4
362 366 -2
362 367 2
362 368 -2
363 365 -4
363 366 -4
363 367 -4
363 368 -2
364 365 -1
364 366 1
364 367 1
364 368 -1
369 373 1
369 374 -2
369 375 -4
369 376 -2
370 373 4
370 374 4
370 375 1
370 376 -2
371 373 -2
371 374 -2
371 375 1
371 376 -4
372 373 -4
372 374 -4
372 375 2
372 376 -1
377 381 4
377 382 1
377 383 2
377 384 -4
378 381 1
378 382 4
378 383 -1
378 384 2
379 381 -4
379 382 -2
379 383 -4
379 384 4
380 381 -1
380 382 -1
380 383 1
380 384 1
385 389 2
385 390 -2
385 391 1
385 392 -4
386 389 -4
386 390 1
386 391 4
386 392 2
387 389 1
387 390 4
387 391 1
387 392 1
388 389 -2
388 390 4
388 391 4
388 392 4
393 397 2
393 398 -4
393 399 1
393 400 -2
394 397 -2
394 398 2
394 399 -1
394 400 4
395 397 -2
395 398 -2
395 399 -4
395 400 1
396 397 4
396 398 2
396 399 -1
396 400 2
401 405 -4
401 406 -4
401 407 -1
401 408 -2
402 405 1
402 406 -1
402 407 -4
402 408 1
403 405 -4
403 406 -2
403 407 4
403 408 1
404 405 -1
404 406 -1
404 407 1
404 408 -4
409 413 -2
409 414 4
409 415 4
409 416 1
410 413 1
410 414 -4
410 415 4
410 416 -4
411 413 -2
411 414 -1
411 415 2
411 416 -1
412 413 2
412 414 2
412 415 4
412 416 -2
417 421 -1
417 422 2
417 423 -4
417 424 -1
418 421 -2
418 422 2
418 423 -1
418 424 4
419 421 -4
419 422 -4
419 423 -2
419 424 -1
420 421 -1
420 422 4
420 423 1
420 424 -1
425 429 -1
425 430 4
425 431 2
425 432 -2
426 429 -1
426 430 1
426 431 -2
426 432 -4
427 429 4
427 430 2
427 431 -1
427 432 1
428 429 2
428 430 2
428 431 2
428 432 1
433 437 2
433 438 4
433 439 1
433 440 2
434 437 4
434 438 1
434 439 4
434 440 -1
435 437 2
435 438 -2
435 439 1
435 440 -4
436 437 1
436 438 2
436 439 -4
436 440 -4
441 445 -1
441 446 2
441 447 2
441 448 4
442 445 1
442 446 2
442 447 -4
442 448 2
443 445 -2
443 446 -1
443 447 -2
443 448 -2
444 445 -1
444 446 2
444 447 -2
444 448 -2
449 453 -4
449 454 -2
449 455 1
449 456 1
450 453 -1
450 454 4
450 455 -2
450 456 -1
451 453 -4
451 454 -4
451 455 4
451 456 -4
452 453 -4
452 454 1
452 455 -2
452 456 1
457 461 2
457 462 2
457 463 1
457 464 -2
458 461 2
458 462 -4
458 463 -2
458 464 -4
459 461 -2
459 462 -2
459 463 -1
459 464 1
460 461 -1
460 462 2
460 463 -2
460 464 4
465 469 2
465 470 -1
465 471 -4
465 472 1
466 469 -4
466 470 -2
466 471 4
466 472 -4
467 469 -1
467 470 -4
467 471 -1
467 472 -1
468 469 -4
468 470 4
468 471 -4
468 472 2
473 477 -2
473 478 -4
473 479 -4
473 480 -4
474 477 4
474 478 -2
474 479 -2
474 480 -4
475 477 1
475 478 1
475 479 -2
475 480 2
476 477 -1
476 478 1
476 479 -2
476 480 -2
481 485 -4
481 486 -1
481 487 -1
481 488 -2
482 485 -1
482 486 -4
482 487 -4
482 488 -2
483 485 -1
483 486 -1
483 487 2
483 488 2
484 485 -1
484 486 -2
484 487 4
484 488 4
489 493 -2
489 494 2
489 495 -4
489 496 -2
490 493 -4
490 494 -2
490 495 1
490 496 4
491 493 1
491 494 -1
491 495 -1
491 496 4
492 493 2
492 494 1
492 495 1
492 496 -1
497 501 1
497 502 -4
497 503 2
497 504 -1
498 501 4
498 502 2
498 503 2
498 504 2
499 501 2
499 502 1
499 503 -4
499 504 -1
500 501 1
500 502 -1
500 503 -2
500 504 4
505 509 -2
505 510 4
505 511 1
505 512 4
506 509 2
506 510 1
506 511 -1
506 512 2
507 509 -4
507 510 1
507 511 -1
507 512 -4
508 509 4
508 510 4
508 511 -1
508 512 1
513 517 2
513 518 4
513 519 1
513 520 4
514 517 1
514 518 4
514 519 -4
514 520 1
515 517 2
515 518 4
515 519 1
515 520 -1
516 517 -2
516 518 -2
516 519 -4
516 520 2
521 525 -2
521 526 -2
521 527 1
521 528 -1
522 525 -1
522 526 2
522 527 -4
522 528 2
523 525 -4
523 526 1
523 527 -1
523 528 -4
524 525 -2
524 526 4
524 527 4
524 528 -1
529 533 2
529 534 -4
529 535 -1
529 536 -1
530 533 4
530 534 -4
530 535 4
530 536 -2
531 533 -1
531 534 1
531 535 4
531 536 1
532 533 -2
532 534 4
532 535 1
532 536 4
537 541 1
537 542 2
537 543 1
537 544 -4
538 541 -2
538 542 1
538 543 -1
538 544 -4
539 541 4
539 542 -4
539 543 1
539 544 -2
540 541 1
540 542 -4
540 543 1
540 544 2
545 549 2
545 550 1
545 551 2
545 552 4
546 549 4
546 550 -2
546 551 -2
546 552 -4
547 549 -2
547 550 2
547 551 -2
547 552 -4
548 549 -4
548 550 2
548 551 1
548 552 2
553 557 4
553 558 2
553 559 -1
553 560 2
554 557 1
554 558 -2
554 559 -2
554 560 1
555 557 2
555 558 -4
555 559 -1
555 560 -2
556 557 2
556 558 -1
556 559 -4
556 560 4
561 565 -2
561 566 -4
561 567 -1
561 568 4
562 565 4
562 566 -4
562 567 4
562 568 -4
563 565 -1
563 566 1
563 567 -2
563 568 -2
564 565 -2
564 566 1
564 567 1
564 568 4
569 573 -2
569 574 2
569 575 1
569 576 1
570 573 1
570 574 2
570 575 -2
570 576 -4
571 573 1
571 574 -1
571 575 2
571 576 1
572 573 1
572 574 -4
572 575 -1
572 576 -4
577 581 4
577 582 4
577 583 1
577 584 2
578 581 4
578 582 -1
578 583 4
578 584 2
579 581 1
579 582 2
579 583 -2
579 584 1
580 581 1
580 582 2
580 583 -2
580 584 1
585 589 -2
585 590 2
585 591 -1
585 592 2
586 589 4
586 590 -2
586 591 2
586 592 -4
587 589 4
587 590 -2
587 591 -1
587 592 1
588 589 2
588 590 1
588 591 -1
588 592 -2
593 597 1
593 598 1
593 599 1
593 600 -4
594 597 4
594 598 -2
594 599 1
594 600 1
595 597 1
595 598 -1
595 599 1
595 600 -4
596 597 -4
596 598 -4
596 599 4
596 600 -2
601 605 1
601 606 -1
601 607 1
601 608 -1
602 605 -4
602 606 -4
602 607 -2
602 608 -2
603 605 -1
603 606 -1
603 607 -1
603 608 1
604 605 4
604 606 -4
604 607 -2
604 608 4
609 613 -4
609 614 -2
609 615 -2
609 616 1
610 613 4
610 614 -2
610 615 2
610 616 -1
611 613 -2
611 614 2
611 615 1
611 616 -1
612 613 -4
612 614 4
612 615 -2
612 616 2
617 621 -1
617 622 1
617 623 -2
617 624 -1
618 621 -4
618 622 -2
618 623 -1
618 624 -4
619 621 -1
619 622 -4
619 623 -4
619 624 1
620 621 -4
620 622 2
620 623 -1
620 624 4
625 629 -1
625 630 4
625 631 4
625 632 -4
626 629 -2
626 630 2
626 631 4
626 632 -4
627 629 2
627 630 -2
627 631 2
627 632 2
628 629 1
628 630 -1
628 631 4
628 632 1
633 637 -1
633 638 4
633 639 2
633 640 4
634 637 -4
634 638 -2
634 639 -1
634 640 -2
635 637 1
635 638 -4
635 639 2
635 640 -1
636 637 2
636 638 -2
636 639 1
636 640 -1
641 645 2
641 646 -1
641 647 -2
641 648 -1
642 645 -4
642 646 4
642 647 1
642 648 2
643 645 2
643 646 4
643 647 -4
643 648 4
644 645 4
644 646 -1
644 647 -1
644 648 -4
649 653 1
649 654 1
649 655 -2
649 656 2
650 653 -1
650 654 2
650 655 -4
650 656 4
651 653 2
651 654 1
651 655 1
651 656 4
652 653 4
652 654 -4
652 655 -2
652 656 -4
657 661 -1
657 662 1
657 663 -4
657 664 -2
658 661 -4
658 662 1
658 663 -2
658 664 4
659 661 1
659 662 -4
659 663 1
659 664 2
660 661 1
660 662 1
660 663 1
660 664 2
665 669 2
665 670 -4
665 671 2
665 672 -4
666 669 -4
666 670 2
666 671 -4
666 672 -1
667 669 -1
667 670 4
667 671 -4
667 672 -4
668 669 4
668 670 -1
668 671 -2
668 672 1
673 677 1
673 678 2
673 679 1
673 680 2
674 677 -4
674 678 1
674 679 -4
674 680 -1
675 677 -4
675 678 1
675 679 1
675 680 1
676 677 -4
676 678 -1
676 679 -1
676 680 2
681 685 1
681 686 -4
681 687 -4
681 688 1
682 685 4
682 686 4
682 687 -2
682 688 -2
683 685 -2
683 686 4
683 687 4
683 688 2
684 685 4
684 686 1
684 687 1
684 688 -2
689 693 -1
689 694 -2
689 695 1
689 696 1
690 693 2
690 694 -1
690 695 -4
690 696 -1
691 693 4
691 694 -4
691 695 -1
691 696 -4
692 693 -2
692 694 -4
692 695 -2
692 696 1
697 701 -2
697 702 -4
697 703 -4
697 704 1
698 701 2
698 702 2
698 703 -1
698 704 4
699 701 2
699 702 -4
699 703 -4
699 704 2
700 701 2
700 702 -1
700 703 2
700 704 -2
705 709 -4
705 710 -1
705 711 -1
705 712 -4
706 709 -1
706 710 4
706 711 4
706 712 1
707 709 4
707 710 4
707 711 -4
707 712 4
708 709 4
708 710 1
708 711 -1
708 712 2
713 717 -4
713 718 -4
713 719 1
713 720 -1
714 717 2
714 718 -2
714 719 1
714 720 -4
715 717 -1
715 718 4
715 719 4
715 720 1
716 717 2
716 718 4
716 719 -2
716 720 -2
721 725 4
721 726 -2
721 727 2
721 728 -2
722 725 1
722 726 4
722 727 4
722 728 2
723 725 2
723 726 4
723 727 1
723 728 1
724 725 2
724 726 4
724 727 -4
724 728 -4
729 733 -2
729 734 -2
729 735 -2
729 736 -2
730 733 1
730 734 2
730 735 1
730 736 -1
731 733 1
731 734 2
731 735 1
731 736 4
732 733 4
732 734 -2
732 735 -1
732 736 -2
737 741 4
737 742 4
737 743 1
737 744 2
738 741 -4
738 742 -4
738 743 -1
738 744 1
739 741 2
739 742 -1
739 743 1
739 744 -4
740 741 2
740 742 4
740 743 4
740 744 -1
745 749 -1
745 750 -4
745 751 -1
745 752 1
746 749 -1
746 750 -1
746 751 4
746 752 2
747 749 2
747 750 1
747 751 1
747 752 -2
748 749 2
748 750 4
748 751 4
748 752 -1
753 757 -4
753 758 4
753 759 -1
753 760 -2
754 757 4
754 758 -4
754 759 -1
754 760 1
755 757 -2
755 758 4
755 759 4
755 760 1
756 757 1
756 758 4
756 759 4
756 760 -4
761 765 -2
761 766 -1
761 767 -2
761 768 2
762 765 1
762 766 -2
762 767 2
762 768 4
763 765 1
763 766 4
763 767 2
763 768 -4
764 765 -1
764 766 4
764 767 -2
764 768 -1
769 773 2
769 774 2
769 775 4
769 776 2
770 773 2
770 774 -4
770 775 1
770 776 4
771 773 2
771 774 -4
771 775 -4
771 776 -1
772 773 -4
772 774 2
772 775 -2
772 776 -1
777 781 -2
777 782 1
777 783 -1
777 784 -1
778 781 2
778 782 -1
778 783 2
778 784 -4
779 781 4
779 782 -4
779 783 -4
779 784 2
780 781 -1
780 782 -2
780 783 1
780 784 2
785 789 -4
785 790 4
785 791 2
785 792 -1
786 789 -1
786 790 1
786 791 -2
786 792 2
787 789 2
787 790 4
787 791 -4
787 792 2
788 789 -1
788 790 1
788 791 4
788 792 -2
793 797 1
793 798 4
793 799 1
793 800 1
794 797 4
794 798 -2
794 799 1
794 800 -4
795 797 2
795 798 -2
795 799 -4
795 800 -4
796 797 -1
796 798 -1
796 799 -4
796 800 4
801 805 2
801 806 -4
801 807 -2
801 808 -4
802 805 4
802 806 1
802 807 1
802 808 1
803 805 -2
803 806 1
803 807 -4
803 808 -2
804 805 -2
804 806 1
804 807 -4
804 808 -1
809 813 -4
809 814 4
809 815 2
809 816 -4
810 813 -4
810 814 -1
810 815 1
810 816 -2
811 813 4
811 814 -1
811 815 1
811 816 -2
812 813 -2
812 814 4
812 815 -2
812 816 -4
817 821 1
817 822 1
817 823 -4
817 824 -1
818 821 -4
818 822 -1
818 823 -4
818 824 -2
819 821 -2
819 822 1
819 823 -4
819 824 2
820 821 -4
820 822 4
820 823 4
820 824 -1
825 829 -1
825 830 -1
825 831 4
825 832 4
826 829 -1
826 830 2
826 831 -4
826 832 2
827 829 4
827 830 -4
827 831 -2
827 832 4
828 829 -2
828 830 -2
828 831 2
828 832 1
833 837 4
833 838 1
833 839 4
833 840 4
834 837 -2
834 838 -2
834 839 2
834 840 4
835 837 -1
835 838 2
835 839 2
835 840 -4
836 837 2
836 838 -2
836 839 -1
836 840 -2
841 845 -4
841 846 -2
841 847 4
841 848 -2
842 845 2
842 846 4
842 847 1
842 848 -2
843 845 2
843 846 1
843 847 -2
843 848 -1
844 845 -4
844 846 -4
844 847 -4
844 848 -4
849 853 1
849 854 1
849 855 -1
849 856 -2
850 853 1
850 854 -2
850 855 -2
850 856 4
851 853 1
851 854 2
851 855 4
851 856 2
852 853 -4
852 854 -2
852 855 -2
852 856 -1
857 861 1
857 862 2
857 863 1
857 864 4
858 861 1
858 862 2
858 863 -4
858 864 -2
859 861 -4
859 862 -1
859 863 2
859 864 1
860 861 -2
860 862 2
860 863 4
860 864 4
865 869 1
865 870 2
865 871 -4
865 872 1
866 869 1
866 870 1
866 871 -2
866 872 -1
867 869 -4
867 870 1
867 871 -4
867 872 -4
868 869 -1
868 870 4
868 871 1
868 872 4
873 877 2
873 878 -1
873 879 -4
873 880 -4
874 877 1
874 878 2
874 879 -4
874 880 -1
875 877 -4
875 878 4
875 879 4
875 880 -1
876 877 4
876 878 -1
876 879 -1
876 880 -4
881 885 2
881 886 4
881 887 -1
881 888 -2
882 885 -1
882 886 4
882 887 -1
882 888 1
883 885 -4
883 886 -4
883 887 -1
883 888 -1
884 885 4
884 886 1
884 887 2
884 888 2
889 893 4
889 894 -4
889 895 -2
889 896 2
890 893 1
890 894 2
890 895 -1
890 896 1
891 893 -2
891 894 -4
891 895 4
891 896 4
892 893 -2
892 894 1
892 895 2
892 896 -2
897 901 1
897 902 -4
897 903 4
897 904 1
898 901 2
898 902 4
898 903 2
898 904 -4
899 901 -4
899 902 1
899 903 -1
899 904 4
900 901 -2
900 902 -1
900 903 1
900 904 -1
905 909 -1
905 910 -1
905 911 -2
905 912 2
906 909 1
906 910 4
906 911 4
906 912 -4
907 909 -1
907 910 -1
907 911 -4
907 912 -1
908 909 -2
908 910 2
908 911 -4
908 912 -2
913 917 2
913 918 4
913 919 2
913 920 4
914 917 -2
914 918 2
914 919 2
914 920 4
915 917 1
915 918 -4
915 919 -4
915 920 1
916 917 -2
916 918 -2
916 919 -1
916 920 -4
921 925 -4
921 926 -2
921 927 -2
921 928 -2
922 925 -1
922 926 -1
922 927 1
922 928 2
923 925 -1
923 926 4
923 927 4
923 928 -2
924 925 -4
924 926 2
924 927 2
924 928 4
929 933 -2
929 934 1
929 935 1
929 936 -4
930 933 4
930 934 -1
930 935 -1
930 936 -1
931 933 1
931 934 -2
931 935 1
931 936 -4
932 933 -1
932 934 2
932 935 2
932 936 4
937 941 -1
937 942 -2
937 943 4
937 944 4
938 941 -4
938 942 2
938 943 4
938 944 -4
939 941 2
939 942 2
939 943 1
939 944 4
940 941 1
940 942 1
940 943 -4
940 944 -4
945 949 -1
945 950 2
945 951 -4
945 952 -4
946 949 4
946 950 -4
946 951 -4
946 952 -4
947 949 -2
947 950 4
947 951 1
947 952 4
948 949 1
948 950 1
948 951 -1
948 952 -1
953 957 -1
953 958 -1
953 959 -4
953 960 -4
954 957 2
954 958 -4
954 959 2
954 960 1
955 957 1
955 958 1
955 959 -2
955 960 1
956 957 -4
956 958 2
956 959 1
956 960 1
961 965 2
961 966 -4
961 967 2
961 968 -2
962 965 -1
962 966 -4
962 967 4
962 968 -2
963 965 -4
963 966 4
963 967 2
963 968 1
964 965 -2
964 966 4
964 967 4
964 968 1
969 973 4
969 974 -2
969 975 -2
969 976 -1
970 973 -4
970 974 -2
970 975 -2
970 976 4
971 973 2
971 974 -1
971 975 -4
971 976 -2
972 973 4
972 974 4
972 975 1
972 976 -4
977 981 -2
977 982 1
977 983 4
977 984 1
978 981 -2
978 982 -1
978 983 4
978 984 -4
979 981 1
979 982 -4
979 983 2
979 984 2
980 981 -2
980 982 -2
980 983 2
980 984 1
985 989 -2
985 990 4
985 991 4
985 992 -2
986 989 -1
986 990 2
986 991 2
986 992 -1
987 989 1
987 990 -1
987 991 2
987 992 -4
988 989 -1
988 990 -4
988 991 2
988 992 -2
993 997 4
993 998 1
993 999 2
993 1000 -4
994 997 4
994 998 -2
994 999 -1
994 1000 -1
995 997 -1
995 998 -2
995 999 -4
995 1000 4
996 997 -2
996 998 4
996 999 1
996 1000 1
1001 1005 -4
1001 1006 1
1001 1007 -4
1001 1008 -2
1002 1005 2
1002 1006 4
1002 1007 -2
1002 1008 1
1003 1005 2
1003 1006 -2
1003 1007 -1
1003 1008 -4
1004 1005 -4
1004 1006 -2
1004 1007 -2
1004 1008 -4
1009 1013 4
1009 1014 1
1009 1015 -1
1009 1016 -1
1010 1013 1
1010 1014 4
1010 1015 4
1010 1016 1
1011 1013 -2
1011 1014 2
1011 1015 -4
1011 1016 -2
1012 1013 -1
1012 1014 -1
1012 1015 4
1012 1016 4
1017 1021 -4
1017 1022 -2
1017 1023 -4
1017 1024 4
1018 1021 4
1018 1022 4
1018 1023 -2
1018 1024 4
1019 1021 1
1019 1022 1
1019 1023 -4
1019 1024 -2
1020 1021 1
1020 1022 4
1020 1023 4
1020 1024 -2
1025 1029 4
1025 1030 4
1025 1031 -4
1025 1032 -4
1026 1029 2
1026 1030 1
1026 1031 1
1026 1032 -1
1027 1029 4
1027 1030 -1
1027 1031 -4
1027 1032 2
1028 1029 1
1028 1030 -1
1028 1031 4
1028 1032 1
1033 1037 -4
1033 1038 -2
1033 1039 -1
1033 1040 -1
1034 1037 4
1034 1038 -4
1034 1039 1
1034 1040 -2
1035 1037 -2
1035 1038 -1
1035 1039 -1
1035 1040 1
1036 1037 2
1036 1038 1
1036 1039 -4
1036 1040 -1
1041 1045 -1
1041 1046 -4
1041 1047 4
1041 1048 2
1042 1045 4
1042 1046 2
1042 1047 4
1042 1048 4
1043 1045 -2
1043 1046 2
1043 1047 4
1043 1048 4
1044 1045 -4
1044 1046 -2
1044 1047 -4
1044 1048 4
1049 1053 1
1049 1054 2
1049 1055 -4
1049 1056 4
1050 1053 -1
1050 1054 4
1050 1055 2
1050 1056 -1
1051 1053 -4
1051 1054 -2
1051 1055 1
1051 1056 -2
1052 1053 -4
1052 1054 -4
1052 1055 4
1052 1056 1
1057 1061 -1
1057 1062 2
1057 1063 2
1057 1064 2
1058 1061 2
1058 1062 2
1058 1063 4
1058 1064 -2
1059 1061 -4
1059 1062 -4
1059 1063 -4
1059 1064 2
1060 1061 1
1060 1062 -4
1060 1063 4
1060 1064 1
1065 1069 -4
1065 1070 4
1065 1071 -2
1065 1072 4
1066 1069 2
1066 1070 1
1066 1071 -1
1066 1072 -1
1067 1069 -1
1067 1070 2
1067 1071 -1
1067 1072 -1
1068 1069 -4
1068 1070 -2
1068 1071 -2
1068 1072 2
1073 1077 1
1073 1078 -1
1073 1079 -1
1073 1080 -2
1074 1077 2
1074 1078 1
1074 1079 -4
1074 1080 4
1075 1077 4
1075 1078 -1
1075 1079 -1
1075 1080 2
1076 1077 1
1076 1078 1
1076 1079 -2
1076 1080 1
1081 1085 4
1081 1086 2
1081 1087 2
1081 1088 -4
1082 1085 -1
1082 1086 2
1082 1087 2
1082 1088 1
1083 1085 1
1083 1086 4
1083 1087 4
1083 1088 -1
1084 1085 2
1084 1086 2
1084 1087 -2
1084 1088 1
1089 1093 -1
1089 1094 1
1089 1095 4
1089 1096 -4
1090 1093 -4
1090 1094 4
1090 1095 2
1090 1096 2
1091 1093 4
1091 1094 2
1091 1095 -4
1091 1096 4
1092 1093 -1
1092 1094 -2
1092 1095 -2
1092 1096 -2
1097 1101 -4
1097 1102 1
1097 1103 2
1097 1104 2
1098 1101 2
1098 1102 -2
1098 1103 -2
1098 1104 2
1099 1101 1
1099 1102 2
1099 1103 -4
1099 1104 -1
1100 1101 1
1100 1102 1
1100 1103 1
1100 1104 -4
1105 1109 -1
1105 1110 -2
1105 1111 -2
1105 1112 4
1106 1109 -4
1106 1110 -2
1106 1111 -2
1106 1112 4
1107 1109 -2
1107 1110 -1
1107 1111 4
1107 1112 2
1108 1109 1
1108 1110 -4
1108 1111 1
1108 1112 4
1113 1117 2
1113 1118 -1
1113 1119 2
1113 1120 1
1114 1117 -1
1114 1118 4
1114 1119 -2
1114 1120 2
1115 1117 4
1115 1118 2
1115 1119 -4
1115 1120 1
1116 1117 -4
1116 1118 1
1116 1119 -4
1116 1120 -1
1121 1125 1
1121 1126 2
1121 1127 -1
1121 1128 2
1122 1125 4
1122 1126 1
1122 1127 -1
1122 1128 -4
1123 1125 2
1123 1126 1
1123 1127 -4
1123 1128 1
1124 1125 4
1124 1126 -1
1124 1127 -2
1124 1128 -1
1129 1133 -4
1129 1134 1
1129 1135 -4
1129 1136 1
1130 1133 -4
1130 1134 4
1130 1135 2
1130 1136 -2
1131 1133 -2
1131 1134 -1
1131 1135 2
1131 1136 -1
1132 1133 -2
1132 1134 4
1132 1135 2
1132 1136 -2
1137 1141 4
1137 1142 -1
1137 1143 4
1137 1144 4
1138 1141 -2
1138 1142 4
1138 1143 -4
1138 1144 -2
1139 1141 2
1139 1142 -4
1139 1143 4
1139 1144 -4
1140 1141 -4
1140 1142 1
1140 1143 2
1140 1144 1
1145 1149 -4
1145 1150 1
1145 1151 2
1145 1152 -1
1146 1149 -2
1146 1150 1
1146 1151 -4
1146 1152 -1
1147 1149 2
1147 1150 -1
1147 1151 -1
1147 1152 1
1148 1149 2
1148 1150 -4
1148 1151 -4
1148 1152 -2
5 13 1
6 14 -4
7 15 -4
8 16 -2
13 21 -4
14 22 1
15 23 1
16 24 -2
21 29 -4
22 30 -2
23 31 2
24 32 -1
29 37 4
30 38 -4
31 39 -1
32 40 4
37 45 -2
38 46 2
39 47 2
40 48 -4
45 53 2
46 54 -2
47 55 -1
48 56 4
53 61 4
54 62 -4
55 63 4
56 64 4
61 69 1
62 70 -2
63 71 -4
64 72 -1
69 77 4
70 78 2
71 79 -2
72 80 1
77 85 1
78 86 1
79 87 1
80 88 -1
85 93 -1
86 94 -1
87 95 -2
88 96 -1
101 109 1
102 110 4
103 111 2
104 112 -1
109 117 2
110 118 -1
111 119 -4
112 120 2
117 125 1
118 126 -4
119 127 -1
120 128 -2
125 133 2
126 134 4
127 135 4
128 136 1
133 141 4
134 142 -1
135 143 4
136 144 -1
141 149 -4
142 150 -2
143 151 -1
144 152 -2
149 157 1
150 158 2
151 159 1
152 160 -4
157 165 -2
158 166 -1
159 167 4
160 168 1
165 173 1
166 174 -4
167 175 -4
168 176 -2
173 181 -4
174 182 -2
175 183 -4
176 184 1
181 189 4
182 190 2
183 191 2
184 192 -1
197 205 2
198 206 4
199 207 4
200 208 1
205 213 -1
206 214 2
207 215 4
208 216 -1
213 221 2
214 222 2
215 223 -2
216 224 4
221 229 -1
222 230 -2
223 231 -4
224 232 4
229 237 -2
230 238 -1
231 239 -1
232 240 -1
237 245 4
238 246 4
239 247 -1
240 248 -4
245 253 2
246 254 -4
247 255 -1
248 256 2
253 261 4
254 262 -2
255 263 2
256 264 4
261 269 -2
262 270 4
263 271 -4
264 272 4
269 277 1
270 278 -4
271 279 1
272 280 -1
277 285 -4
278 286 1
279 287 -4
280 288 4
293 301 -1
294 302 -1
295 303 -4
296 304 4
301 309 1
302 310 4
303 311 2
304 312 1
309 317 -4
310 318 4
311 319 -1
312 320 -2
317 325 -2
318 326 -1
319 327 -4
320 328 1
325 333 2
326 334 4
327 335 -4
328 336 -2
333 341 -4
334 342 4
335 343 -2
336 344 4
341 349 -2
342 350 -1
343 351 -4
344 352 4
349 357 -1
350 358 1
351 359 -4
352 360 2
357 365 -2
358 366 -1
359 367 -4
360 368 1
365 373 4
366 374 1
367 375 -2
368 376 2
373 381 -1
374 382 4
375 383 2
376 384 4
389 397 -1
390 398 -4
391 399 2
392 400 -4
397 405 -1
398 406 -2
399 407 4
400 408 1
405 413 -1
406 414 -4
407 415 1
408 416 1
413 421 1
414 422 -1
415 423 1
416 424 4
421 429 -2
422 430 -2
423 431 4
424 432 4
429 437 4
430 438 -2
431 439 -2
432 440 -2
437 445 -4
438 446 -1
439 447 2
440 448 -2
445 453 -4
446 454 2
447 455 1
448 456 4
453 461 -1
454 462 -1
455 463 4
456 464 2
461 469 -4
462 470 -4
463 471 4
464 472 2
469 477 -4
470 478 -2
471 479 2
472 480 -1
485 493 1
486 494 4
487 495 -2
488 496 -4
493 501 -2
494 502 -2
495 503 -2
496 504 -1
501 509 2
502 510 1
503 511 1
504 512 -2
509 517 2
510 518 -4
511 519 -4
512 520 1
517 525 2
518 526 -4
519 527 -4
520 528 2
525 533 -1
526 534 1
527 535 1
528 536 1
533 541 -2
534 542 2
535 543 -4
536 544 -2
541 549 -4
542 550 2
543 551 -2
544 552 4
549 557 4
550 558 -1
551 559 1
552 560 1
557 565 -2
558 566 4
559 567 -1
560 568 1
565 573 4
566 574 -4
567 575 -4
568 576 -4
581 589 -1
582 590 -4
583 591 -4
584 592 -2
589 597 -1
590 598 -1
591 599 -2
592 600 2
597 605 -1
598 606 4
599 607 1
600 608 -2
605 613 -4
606 614 4
607 615 -1
608 616 2
613 621 4
614 622 2
615 623 2
616 624 1
621 629 -2
622 630 1
623 631 -4
624 632 -1
629 637 4
630 638 -1
631 639 4
632 640 1
637 645 -1
638 646 2
639 647 4
640 648 -4
645 653 -1
646 654 -4
647 655 -2
648 656 -1
653 661 -1
654 662 2
655 663 2
656 664 4
661 669 1
662 670 2
663 671 4
664 672 4
677 685 2
678 686 -4
679 687 -4
680 688 1
685 693 -4
686 694 -1
687 695 1
688 696 -2
693 701 1
694 702 -4
695 703 4
696 704 -1
701 709 4
702 710 -2
703 711 1
704 712 -1
709 717 4
710 718 2
711 719 -4
712 720 -2
717 725 2
718 726 -1
719 727 -4
720 728 -4
725 733 -4
726 734 -4
727 735 1
728 736 1
733 741 -1
734 742 2
735 743 2
736 744 4
741 749 4
742 750 -1
743 751 1
744 752 -4
749 757 2
750 758 -1
751 759 4
752 760 2
757 765 -2
758 766 -2
759 767 -2
760 768 1
773 781 1
774 782 1
775 783 -4
776 784 -1
781 789 -4
782 790 2
783 791 -2
784 792 2
789 797 1
790 798 1
791 799 1
792 800 -2
797 805 -2
798 806 -4
799 807 2
800 808 -2
805 813 -2
806 814 4
807 815 -1
808 816 1
813 821 -4
814 822 -2
815 823 1
816 824 -1
821 829 -2
822 830 1
823 831 2
824 832 2
829 837 2
830 838 2
831 839 2
832 840 -4
837 845 -1
838 846 -2
839 847 -4
840 848 4
845 853 -4
846 854 -1
847 855 2
848 856 -1
853 861 -4
854 862 4
855 863 4
856 864 4
869 877 -1
870 878 -1
871 879 2
872 880 2
877 885 2
878 886 4
879 887 4
880 888 -1
885 893 2
886 894 4
887 895 -4
888 896 -1
893 901 -4
894 902 2
895 903 1
896 904 -2
901 909 2
902 910 2
903 911 4
904 912 -2
909 917 2
910 918 -2
911 919 4
912 920 -1
917 925 1
918 926 -2
919 927 -1
920 928 4
925 933 -1
926 934 -2
927 935 -1
928 936 -4
933 941 -1
934 942 -1
935 943 1
936 944 2
941 949 2
942 950 -4
943 951 -2
944 952 -1
949 957 -4
950 958 2
951 959 1
952 960 1
965 973 -2
966 974 -2
967 975 -2
968 976 4
973 981 -1
974 982 4
975 983 1
976 984 -2
981 989 -1
982 990 -4
983 991 -1
984 992 4
989 997 -1
990 998 -2
991 999 -1
992 1000 -4
997 1005 -4
998 1006 1
999 1007 -4
1000 1008 -1
1005 1013 2
1006 1014 4
1007 1015 1
1008 1016 1
1013 1021 4
1014 1022 2
1015 1023 4
1016 1024 2
1021 1029 -4
1022 1030 2
1023 1031 4
1024 1032 1
1029 1037 2
1030 1038 -2
1031 1039 4
1032 1040 1
1037 1045 1
1038 1046 -2
1039 1047 -2
1040 1048 -1
1045 1053 4
1046 1054 -1
1047 1055 -4
1048 1056 -2
1061 1069 4
1062 1070 -2
1063 1071 1
1064 1072 -1
1069 1077 -1
1070 1078 -2
1071 1079 -4
1072 1080 -4
1077 1085 -1
1078 1086 1
1079 1087 -4
1080 1088 -4
1085 1093 4
1086 1094 -2
1087 1095 2
1088 1096 -2
1093 1101 -4
1094 1102 2
1095 1103 -2
1096 1104 -4
1101 1109 4
1102 1110 -2
1103 1111 4
1104 1112 -2
1109 1117 4
1110 1118 -2
1111 1119 -1
1112 1120 1
1117 1125 -2
1118 1126 -4
1119 1127 1
1120 1128 -1
1125 1133 -4
1126 1134 2
1127 1135 -4
1128 1136 -1
1133 1141 4
1134 1142 -1
1135 1143 -1
1136 1144 1
1141 1149 1
1142 1150 -4
1143 1151 2
1144 1152 -4
1 97 -2
2 98 -2
3 99 -4
4 100 -2
97 193 4
98 194 2
99 195 -2
100 196 2
193 289 2
194 290 -1
195 291 1
196 292 -2
289 385 1
290 386 -1
291 387 -4
292 388 -1
385 481 -4
386 482 -2
387 483 2
388 484 4
481 577 1
482 578 2
483 579 2
484 580 -4
577 673 -2
578 674 2
579 675 1
580 676 -2
673 769 1
674 770 -4
675 771 1
676 772 4
769 865 1
770 866 2
771 867 -1
772 868 1
865 961 -4
866 962 -4
867 963 4
868 964 4
961 1057 -4
962 1058 -1
963 1059 1
964 1060 4
9 105 -2
10 106 -2
11 107 -4
12 108 -4
105 201 -4
106 202 -2
107 203 -2
108 204 2
201 297 -1
202 298 -4
203 299 4
204 300 -1
297 393 4
298 394 -4
299 395 1
300 396 4
393 489 1
394 490 -2
395 491 4
396 492 -4
489 585 4
490 586 -1
491 587 -1
492 588 -1
585 681 2
586 682 1
587 683 -1
588 684 -4
681 777 -2
682 778 4
683 779 4
684 780 -1
777 873 -4
778 874 -4
779 875 4
780 876 4
873 969 4
874 970 -4
875 971 2
876 972 -4
969 1065 4
970 1066 1
971 1067 2
972 1068 2
17 113 2
18 114 4
19 115 -2
20 116 -4
113 209 -2
114 210 -2
115 211 -2
116 212 -2
209 305 2
210 306 -4
211 307 -4
212 308 -1
305 401 -2
306 402 -2
307 403 -4
308 404 -2
401 497 -4
402 498 -4
403 499 -4
404 500 -2
497 593 2
498 594 2
499 595 -1
500 596 1
593 689 -2
594 690 -4
595 691 1
596 692 -4
689 785 -2
690 786 -2
691 787 4
692 788 4
785 881 4
786 882 -1
787 883 2
788 884 -1
881 977 -2
882 978 -1
883 979 1
884 980 -1
977 1073 -1
978 1074 -2
979 1075 1
980 1076 -4
25 121 1
26 122 -1
27 123 1
28 124 -4
121 217 -4
122 218 1
123 219 1
124 220 -4
217 313 -2
218 314 2
219 315 1
220 316 -2
313 409 4
314 410 4
315 411 4
316 412 -1
409 505 4
410 506 -2
411 507 -2
412 508 -4
505 601 -4
506 602 -1
507 603 4
508 604 2
601 697 1
602 698 4
603 699 -1
604 700 2
697 793 -2
698 794 1
699 795 1
700 796 2
793 889 4
794 890 -2
795 891 -4
796 892 -4
889 985 -4
890 986 1
891 987 -2
892 988 1
985 1081 -1
986 1082 1
987 1083 1
988 1084 4
33 129 2
34 130 -2
35 131 -2
36 132 -2
129 225 -4
130 226 4
131 227 -4
132 228 -4
225 321 4
226 322 1
227 323 2
228 324 -4
321 417 -1
322 418 1
323 419 4
324 420 -1
417 513 1
418 514 2
419 515 -4
420 516 4
513 609 -4
514 610 4
515 611 2
516 612 -1
609 705 4
610 706 -2
611 707 -2
612 708 4
705 801 4
706 802 -1
707 803 -2
708 804 1
801 897 -2
802 898 1
803 899 2
804 900 -4
897 993 4
898 994 4
899 995 -2
900 996 -2
993 1089 2
994 1090 4
995 1091 2
996 1092 1
41 137 -4
42 138 -4
43 139 -4
44 140 -4
137 233 1
138 234 2
139 235 1
140 236 4
233 329 2
234 330 -4
235 331 4
236 332 -2
329 425 2
330 426 2
331 427 -2
332 428 -1
425 521 -2
426 522 2
427 523 -1
428 524 -2
521 617 -1
522 618 2
523 619 -2
524 620 -2
617 713 2
618 714 -1
619 715 2
620 716 -4
713 809 -2
714 810 4
715 811 -1
716 812 2
809 905 4
810 906 -4
811 907 -2
812 908 1
905 1001 1
906 1002 -1
907 1003 1
908 1004 -4
1001 1097 2
1002 1098 2
1003 1099 -2
1004 1100 -2
49 145 4
50 146 2
51 147 -1
52 148 -1
145 241 4
146 242 2
147 243 -2
148 244 1
241 337 -1
242 338 1
243 339 4
244 340 -2
337 433 -4
338 434 -1
339 435 -2
340 436 -2
433 529 4
434 530 4
435 531 -4
436 532 2
529 625 -4
530 626 2
531 627 -4
532 628 2
625 721 2
626 722 2
627 723 -2
628 724 -4
721 817 -1
722 818 -1
723 819 -1
724 820 2
817 913 2
818 914 -2
819 915 -4
820 916 2
913 1009 -1
914 1010 4
915 1011 4
916 1012 -2
1009 1105 -4
1010 1106 -1
1011 1107 -1
1012 1108 2
57 153 2
58 154 1
59 155 -2
60 156 -1
153 249 4
154 250 4
155 251 1
156 252 -1
249 345 -4
250 346 4
251 347 1
252 348 -2
345 441 1
346 442 -1
347 443 -4
348 444 4
441 537 1
442 538 2
443 539 -4
444 540 -2
537 633 1
538 634 -4
539 635 -1
540 636 1
633 729 -1
634 730 1
635 731 -2
636 732 -1
729 825 4
730 826 4
731 827 -4
732 828 1
825 921 -4
826 922 -2
827 923 -4
828 924 -4
921 1017 1
922 1018 -4
923 1019 1
924 1020 -1
1017 1113 1
1018 1114 4
1019 1115 -2
1020 1116 -1
65 161 -4
66 162 -1
67 163 1
68 164 4
161 257 1
162 258 4
163 259 4
164 260 -4
257 353 2
258 354 2
259 355 4
260 356 -2
353 449 -2
354 450 -4
355 451 -2
356 452 4
449 545 4
450 546 -4
451 547 4
452 548 2
545 641 4
546 642 -1
547 643 2
548 644 2
641 737 1
642 738 1
643 739 -2
644 740 -2
737 833 -4
738 834 -1
739 835 1
740 836 -4
833 929 -1
834 930 1
835 931 1
836 932 -2
929 1025 4
930 1026 2
931 1027 -4
932 1028 1
1025 1121 -2
1026 1122 4
1027 1123 1
1028 1124 -1
73 169 -1
74 170 1
75 171 4
76 172 -2
169 265 -4
170 266 -2
171 267 -1
172 268 1
265 361 -4
266 362 -1
267 363 1
268 364 4
361 457 4
362 458 1
363 459 -2
364 460 1
457 553 1
458 554 2
459 555 -2
460 556 4
553 649 4
554 650 2
555 651 4
556 652 -2
649 745 1
650 746 4
651 747 -4
652 748 -4
745 841 4
746 842 1
747 843 -1
748 844 -4
841 937 -2
842 938 4
843 939 -4
844 940 -4
937 1033 2
938 1034 -4
939 1035 4
940 1036 -1
1033 1129 2
1034 1130 -1
1035 1131 1
1036 1132 -2
81 177 -4
82 178 -2
83 179 -2
84 180 -2
177 273 -2
178 274 -1
179 275 2
180 276 -2
273 369 -4
274 370 2
275 371 -2
276 372 -2
369 465 -2
370 466 -4
371 467 -2
372 468 -4
465 561 -2
466 562 2
467 563 1
468 564 4
561 657 -4
562 658 4
563 659 -1
564 660 4
657 753 -2
658 754 2
659 755 -4
660 756 4
753 849 2
754 850 -4
755 851 1
756 852 4
849 945 -2
850 946 4
851 947 2
852 948 -4
945 1041 -1
946 1042 -1
947 1043 4
948 1044 1
1041 1137 1
1042 1138 -2
1043 1139 4
1044 1140 -1
89 185 -1
90 186 2
91 187 -1
92 188 -2
185 281 1
186 282 1
187 283 2
188 284 1
281 377 -2
282 378 -4
283 379 -2
284 380 -4
377 473 -4
378 474 -4
379 475 2
380 476 -1
473 569 2
474 570 4
475 571 1
476 572 1
569 665 -4
570 666 2
571 667 -2
572 668 1
665 761 -4
666 762 -2
667 763 4
668 764 2
761 857 -4
762 858 1
763 859 -2
764 860 -4
857 953 1
858 954 -2
859 955 -1
860 956 -2
953 1049 4
954 1050 4
955 1051 -1
956 1052 -2
1049 1145 4
1050 1146 4
1051 1147 4
1052 1148 4
