#
1 5 2
1 6 1
1 7 2
1 8 -2
2 5 -4
2 6 4
2 7 2
2 8 4
3 5 -4
3 6 1
3 7 4
3 8 -1
4 5 4
4 6 4
4 7 -1
4 8 1
9 13 2
9 14 2
9 15 -4
9 16 -4
10 13 -1
10 14 -2
10 15 2
10 16 -1
11 13 2
11 14 -4
11 15 1
11 16 4
12 13 -1
12 14 4
12 15 1
12 16 4
17 21 -1
17 22 2
17 23 4
17 24 2
18 21 4
18 22 -2
18 23 4
18 24 -1
19 21 4
19 22 4
19 23 2
19 24 -4
20 21 -1
20 22 1
20 23 4
20 24 1
25 29 1
25 30 -1
25 31 -1
25 32 4
26 29 2
26 30 1
26 31 -1
26 32 4
27 29 1
27 30 -4
27 31 4
27 32 2
28 29 -1
28 30 -4
28 31 2
28 32 -1
33 37 -1
33 38 -1
33 39 1
33 40 -1
34 37 2
34 38 4
34 39 2
34 40 -2
35 37 -1
35 38 -2
35 39 1
35 40 -4
36 37 1
36 38 -1
36 39 -1
36 40 1
41 45 -4
41 46 4
41 47 -4
41 48 2
42 45 -1
42 46 -1
42 47 -4
42 48 -2
43 45 -4
43 46 -1
43 47 4
43 48 2
44 45 2
44 46 -2
44 47 1
44 48 -1
49 53 -4
49 54 1
49 55 4
49 56 -1
50 53 4
50 54 -1
50 55 -2
50 56 -1
51 53 -4
51 54 -4
51 55 -1
51 56 1
52 53 1
52 54 -4
52 55 1
52 56 -4
57 61 4
57 62 -1
57 63 2
57 64 4
58 61 -4
58 62 -4
58 63 2
58 64 2
59 61 4
59 62 -4
59 63 -4
59 64 -2
60 61 -1
60 62 -4
60 63 -1
60 64 4
65 69 1
65 70 -2
65 71 2
65 72 2
66 69 2
66 70 4
66 71 -1
66 72 -4
67 69 -4
67 70 -2
67 71 1
67 72 4
68 69 2
68 70 -4
68 71 -2
68 72 2
73 77 -2
73 78 4
73 79 1
73 80 -2
74 77 1
74 78 2
74 79 -4
74 80 1
75 77 -2
75 78 1
75 79 2
75 80 -2
76 77 -4
76 78 2
76 79 4
76 80 -2
81 85 -1
81 86 2
81 87 4
81 88 1
82 85 1
82 86 -1
82 87 -2
82 88 4
83 85 -2
83 86 2
83 87 2
83 88 2
84 85 4
84 86 1
84 87 -4
84 88 -2
89 93 -1
89 94 -2
89 95 4
89 96 -4
90 93 -1
90 94 1
90 95 2
90 96 1
91 93 -1
91 94 -4
91 95 1
91 96 -1
92 93 -2
92 94 -4
92 95 1
92 96 -4
97 101 -1
97 102 2
97 103 -1
97 104 -4
98 101 -2
98 102 -2
98 103 1
98 104 -1
99 101 2
99 102 4
99 103 -4
99 104 -4
100 101 2
100 102 -1
100 103 2
100 104 2
105 109 2
105 110 4
105 111 4
105 112 -2
106 109 2
106 110 -1
106 111 4
106 112 4
107 109 1
107 110 -1
107 111 -1
107 112 4
108 109 -2
108 110 1
108 111 1
108 112 -2
113 117 2
113 118 1
113 119 -4
113 120 -1
114 117 -2
114 118 2
114 119 -1
114 120 -1
115 117 -4
115 118 4
115 119 4
115 120 2
116 117 1
116 118 -2
116 119 4
116 120 2
121 125 1
121 126 -4
121 127 4
121 128 -4
122 125 -4
122 126 4
122 127 -4
122 128 1
123 125 -2
123 126 -4
123 127 -4
123 128 -4
124 125 4
124 126 1
124 127 -2
124 128 4
129 133 -1
129 134 -4
129 135 -2
129 136 4
130 133 1
130 134 -2
130 135 4
130 136 -1
131 133 2
131 134 -1
131 135 4
131 136 2
132 133 2
132 134 1
132 135 4
132 136 -2
137 141 -4
137 142 2
137 143 2
137 144 1
138 141 1
138 142 4
138 143 -1
138 144 4
139 141 -1
139 142 -2
139 143 -4
139 144 2
140 141 4
140 142 1
140 143 -2
140 144 4
145 149 2
145 150 -2
145 151 4
145 152 -2
146 149 -2
146 150 -1
146 151 -1
146 152 -2
147 149 -1
147 150 1
147 151 -4
147 152 -1
148 149 -4
148 150 -2
148 151 4
148 152 4
153 157 2
153 158 1
153 159 -2
153 160 4
154 157 2
154 158 -4
154 159 -4
154 160 -1
155 157 1
155 158 2
155 159 1
155 160 2
156 157 1
156 158 1
156 159 2
156 160 1
161 165 -4
161 166 4
161 167 1
161 168 -1
162 165 4
162 166 2
162 167 -1
162 168 -4
163 165 4
163 166 1
163 167 -2
163 168 4
164 165 2
164 166 2
164 167 -1
164 168 -1
169 173 -1
169 174 -2
169 175 -4
169 176 4
170 173 4
170 174 -2
170 175 -2
170 176 -2
171 173 -1
171 174 1
171 175 -4
171 176 -2
172 173 2
172 174 -2
172 175 -4
172 176 -4
177 181 -4
177 182 -1
177 183 1
177 184 -4
178 181 -2
178 182 1
178 183 4
178 184 4
179 181 1
179 182 -1
179 183 2
179 184 -4
180 181 -1
180 182 1
180 183 4
180 184 1
185 189 4
185 190 -1
185 191 4
185 192 1
186 189 -2
186 190 1
186 191 -2
186 192 -2
187 189 4
187 190 -2
187 191 -4
187 192 -4
188 189 -2
188 190 -1
188 191 -1
188 192 -4
193 197 -1
193 198 -1
193 199 -1
193 200 1
194 197 -1
194 198 2
194 199 1
194 200 -2
195 197 -2
195 198 -4
195 199 -2
195 200 2
196 197 4
196 198 4
196 199 -4
196 200 1
201 205 4
201 206 1
201 207 -1
201 208 -1
202 205 -2
202 206 4
202 207 -1
202 208 -2
203 205 4
203 206 2
203 207 1
203 208 -2
204 205 1
204 206 1
204 207 -2
204 208 2
209 213 -2
209 214 -1
209 215 4
209 216 -1
210 213 4
210 214 -2
210 215 -2
210 216 2
211 213 -1
211 214 2
211 215 -1
211 216 1
212 213 2
212 214 -2
212 215 4
212 216 1
217 221 4
217 222 2
217 223 1
217 224 1
218 221 -4
218 222 1
218 223 1
218 224 1
219 221 1
219 222 -2
219 223 -2
219 224 -4
220 221 4
220 222 -1
220 223 -2
220 224 -1
225 229 4
225 230 -1
225 231 4
225 232 -2
226 229 -4
226 230 -1
226 231 -4
226 232 4
227 229 -4
227 230 -4
227 231 -4
227 232 2
228 229 2
228 230 -4
228 231 2
228 232 4
233 237 1
233 238 -1
233 239 1
233 240 -2
234 237 2
234 238 -4
234 239 -2
234 240 1
235 237 1
235 238 2
235 239 2
235 240 -2
236 237 -2
236 238 1
236 239 -1
236 240 1
241 245 2
241 246 -1
241 247 -1
241 248 -4
242 245 1
242 246 4
242 247 4
242 248 4
243 245 -4
243 246 1
243 247 -4
243 248 -4
244 245 -4
244 246 -4
244 247 1
244 248 -4
249 253 -4
249 254 -2
249 255 -1
249 256 -2
250 253 -4
250 254 -4
250 255 -1
250 256 -4
251 253 -1
251 254 1
251 255 4
251 256 -1
252 253 -1
252 254 -2
252 255 1
252 256 1
257 261 -1
257 262 4
257 263 1
257 264 -2
258 261 4
258 262 -2
258 263 -1
258 264 -1
259 261 -2
259 262 2
259 263 4
259 264 -1
260 261 2
260 262 -1
260 263 -4
260 264 -1
265 269 2
265 270 -4
265 271 1
265 272 -4
266 269 -1
266 270 1
266 271 -4
266 272 2
267 269 1
267 270 -4
267 271 1
267 272 4
268 269 -4
268 270 -2
268 271 1
268 272 -4
273 277 -4
273 278 -1
273 279 1
273 280 -4
274 277 -2
274 278 4
274 279 1
274 280 2
275 277 -1
275 278 1
275 279 1
275 280 -1
276 277 4
276 278 -2
276 279 -4
276 280 -2
281 285 4
281 286 4
281 287 4
281 288 4
282 285 4
282 286 -2
282 287 2
282 288 -4
283 285 -4
283 286 4
283 287 -1
283 288 -4
284 285 4
284 286 -2
284 287 -2
284 288 -1
289 293 -4
289 294 -1
289 295 -4
289 296 -2
290 293 -4
290 294 -1
290 295 1
290 296 4
291 293 1
291 294 -4
291 295 1
291 296 2
292 293 -2
292 294 1
292 295 4
292 296 1
297 301 -2
297 302 2
297 303 4
297 304 4
298 301 -4
298 302 -4
298 303 2
298 304 2
299 301 4
299 302 1
299 303 -2
299 304 4
300 301 -1
300 302 -4
300 303 4
300 304 1
305 309 -2
305 310 -4
305 311 -2
305 312 -1
306 309 2
306 310 -1
306 311 4
306 312 -1
307 309 -4
307 310 1
307 311 -1
307 312 2
308 309 -1
308 310 4
308 311 4
308 312 -4
313 317 4
313 318 -1
313 319 -2
313 320 2
314 317 -4
314 318 -4
314 319 1
314 320 -1
315 317 -1
315 318 -1
315 319 -1
315 320 -2
316 317 -2
316 318 -4
316 319 2
316 320 -1
321 325 -1
321 326 1
321 327 -4
321 328 4
322 325 1
322 326 -4
322 327 1
322 328 4
323 325 -1
323 326 2
323 327 -2
323 328 1
324 325 4
324 326 2
324 327 2
324 328 -1
329 333 -2
329 334 4
329 335 -4
329 336 2
330 333 -4
330 334 -2
330 335 1
330 336 1
331 333 2
331 334 -1
331 335 1
331 336 1
332 333 -2
332 334 4
332 335 -1
332 336 4
337 341 -2
337 342 -4
337 343 1
337 344 -4
338 341 1
338 342 4
338 343 -2
338 344 2
339 341 1
339 342 2
339 343 -2
339 344 -2
340 341 2
340 342 -1
340 343 1
340 344 -4
345 349 2
345 350 1
345 351 1
345 352 -2
346 349 -1
346 350 1
346 351 -1
346 352 -4
347 349 -4
347 350 2
347 351 -4
347 352 -4
348 349 -4
348 350 1
348 351 -2
348 352 -4
353 357 2
353 358 4
353 359 2
353 360 -4
354 357 1
354 358 2
354 359 -4
354 360 2
355 357 -4
355 358 2
355 359 -4
355 360 2
356 357 4
356 358 2
356 359 -2
356 360 4
361 365 -1
361 366 -2
361 367 -2
361 368 -1
362 365 -1
362 366 2
362 367 1
362 368 -4
363 365 4
363 366 1
363 367 -4
363 368 4
364 365 -2
364 366 1
364 367 1
364 368 4
369 373 -1
369 374 -1
369 375 2
369 376 -1
370 373 4
370 374 1
370 375 2
370 376 -1
371 373 -1
371 374 1
371 375 -4
371 376 4
372 373 4
372 374 1
372 375 4
372 376 2
377 381 -2
377 382 1
377 383 -1
377 384 -2
378 381 -2
378 382 -2
378 383 -4
378 384 -1
379 381 -2
379 382 1
379 383 2
379 384 4
380 381 4
380 382 -2
380 383 -4
380 384 -1
385 389 -2
385 390 1
385 391 4
385 392 4
386 389 -2
386 390 2
386 391 -4
386 392 2
387 389 1
387 390 1
387 391 -2
387 392 4
388 389 1
388 390 -4
388 391 1
388 392 -1
393 397 -1
393 398 1
393 399 2
393 400 1
394 397 -1
394 398 2
394 399 4
394 400 -4
395 397 2
395 398 -2
395 399 2
395 400 -4
396 397 2
396 398 4
396 399 2
396 400 4
401 405 1
401 406 1
401 407 -4
401 408 2
402 405 1
402 406 2
402 407 1
402 408 -2
403 405 1
403 406 4
403 407 1
403 408 4
404 405 2
404 406 1
404 407 -2
404 408 2
409 413 -4
409 414 -2
409 415 4
409 416 1
410 413 4
410 414 -1
410 415 -4
410 416 -2
411 413 -2
411 414 -4
411 415 -1
411 416 -2
412 413 4
412 414 2
412 415 -1
412 416 -2
417 421 4
417 422 -4
417 423 4
417 424 -4
418 421 -4
418 422 1
418 423 -2
418 424 2
419 421 -4
419 422 2
419 423 1
419 424 2
420 421 4
420 422 4
420 423 2
420 424 4
425 429 2
425 430 4
425 431 -2
425 432 -1
426 429 1
426 430 -2
426 431 4
426 432 2
427 429 -1
427 430 1
427 431 2
427 432 2
428 429 -2
428 430 1
428 431 -1
428 432 2
433 437 -4
433 438 -4
433 439 -2
433 440 -1
434 437 -4
434 438 -1
434 439 -4
434 440 -4
435 437 1
435 438 4
435 439 1
435 440 -1
436 437 4
436 438 -4
436 439 -1
436 440 1
441 445 -1
441 446 -4
441 447 4
441 448 -1
442 445 2
442 446 -2
442 447 -2
442 448 4
443 445 2
443 446 -1
443 447 4
443 448 -1
444 445 -2
444 446 -2
444 447 -2
444 448 1
449 453 2
449 454 -2
449 455 -1
449 456 2
450 453 4
450 454 -2
450 455 2
450 456 -4
451 453 -2
451 454 1
451 455 -2
451 456 1
452 453 2
452 454 -4
452 455 2
452 456 4
457 461 2
457 462 4
457 463 -4
457 464 -4
458 461 1
458 462 -1
458 463 -1
458 464 -2
459 461 1
459 462 1
459 463 -4
459 464 -2
460 461 4
460 462 -2
460 463 1
460 464 -2
465 469 -1
465 470 1
465 471 2
465 472 4
466 469 1
466 470 2
466 471 4
466 472 1
467 469 -2
467 470 4
467 471 4
467 472 2
468 469 4
468 470 1
468 471 4
468 472 -1
473 477 -1
473 478 2
473 479 -1
473 480 -1
474 477 -4
474 478 -2
474 479 2
474 480 -1
475 477 -1
475 478 -1
475 479 -1
475 480 1
476 477 -4
476 478 -2
476 479 -2
476 480 -1
481 485 -2
481 486 -4
481 487 -1
481 488 -2
482 485 -2
482 486 -1
482 487 2
482 488 2
483 485 -1
483 486 -2
483 487 2
483 488 -4
484 485 2
484 486 4
484 487 -1
484 488 4
489 493 4
489 494 -2
489 495 4
489 496 1
490 493 -4
490 494 -4
490 495 -1
490 496 4
491 493 -2
491 494 -4
491 495 1
491 496 4
492 493 -4
492 494 -4
492 495 1
492 496 -4
497 501 -2
497 502 -2
497 503 2
497 504 4
498 501 2
498 502 -2
498 503 -2
498 504 4
499 501 1
499 502 -1
499 503 4
499 504 -1
500 501 -4
500 502 -2
500 503 1
500 504 2
505 509 2
505 510 -4
505 511 4
505 512 -1
506 509 1
506 510 4
506 511 -2
506 512 1
507 509 2
507 510 2
507 511 -2
507 512 -2
508 509 -4
508 510 4
508 511 -1
508 512 -2
513 517 -1
513 518 -1
513 519 1
513 520 -4
514 517 2
514 518 4
514 519 1
514 520 4
515 517 -1
515 518 -4
515 519 1
515 520 4
516 517 2
516 518 2
516 519 2
516 520 -4
521 525 4
521 526 -1
521 527 1
521 528 -1
522 525 -4
522 526 -1
522 527 -4
522 528 -2
523 525 -4
523 526 2
523 527 4
523 528 -4
524 525 2
524 526 -2
524 527 -2
524 528 1
529 533 -2
529 534 -2
529 535 -2
529 536 4
530 533 -1
530 534 1
530 535 2
530 536 -4
531 533 -2
531 534 4
531 535 -4
531 536 2
532 533 4
532 534 -4
532 535 1
532 536 -2
537 541 2
537 542 1
537 543 -1
537 544 1
538 541 -4
538 542 2
538 543 2
538 544 2
539 541 -2
539 542 -2
539 543 -2
539 544 -1
540 541 -2
540 542 -1
540 543 1
540 544 1
545 549 -1
545 550 -2
545 551 -2
545 552 -1
546 549 1
546 550 -1
546 551 1
546 552 1
547 549 -4
547 550 2
547 551 -2
547 552 -1
548 549 1
548 550 1
548 551 4
548 552 1
553 557 -4
553 558 2
553 559 1
553 560 -4
554 557 2
554 558 4
554 559 1
554 560 1
555 557 -2
555 558 2
555 559 1
555 560 -4
556 557 2
556 558 4
556 559 -4
556 560 4
561 565 -2
561 566 2
561 567 -1
561 568 2
562 565 -4
562 566 -1
562 567 -4
562 568 4
563 565 1
563 566 1
563 567 4
563 568 1
564 565 1
564 566 -4
564 567 1
564 568 4
569 573 1
569 574 -2
569 575 -2
569 576 -1
570 573 -4
570 574 -4
570 575 -4
570 576 -2
571 573 1
571 574 -4
571 575 -1
571 576 2
572 573 2
572 574 1
572 575 -4
572 576 -2
577 581 4
577 582 4
577 583 1
577 584 2
578 581 -4
578 582 -1
578 583 -1
578 584 -4
579 581 1
579 582 -4
579 583 -1
579 584 1
580 581 -1
580 582 -4
580 583 -2
580 584 -4
585 589 4
585 590 2
585 591 -1
585 592 1
586 589 -1
586 590 4
586 591 -2
586 592 1
587 589 -4
587 590 2
587 591 4
587 592 1
588 589 2
588 590 1
588 591 -1
588 592 -4
593 597 4
593 598 -2
593 599 1
593 600 -2
594 597 4
594 598 2
594 599 4
594 600 -1
595 597 -4
595 598 -4
595 599 2
595 600 2
596 597 2
596 598 -4
596 599 1
596 600 -4
601 605 -4
601 606 2
601 607 4
601 608 2
602 605 -2
602 606 -4
602 607 -4
602 608 -2
603 605 2
603 606 1
603 607 2
603 608 2
604 605 1
604 606 -4
604 607 -2
604 608 -2
609 613 2
609 614 4
609 615 2
609 616 2
610 613 2
610 614 2
610 615 4
610 616 2
611 613 -1
611 614 -4
611 615 -2
611 616 1
612 613 1
612 614 1
612 615 -1
612 616 -2
617 621 -1
617 622 2
617 623 -1
617 624 2
618 621 -4
618 622 -1
618 623 2
618 624 -4
619 621 -1
619 622 -1
619 623 -1
619 624 -4
620 621 2
620 622 4
620 623 4
620 624 4
625 629 -2
625 630 -2
625 631 -4
625 632 2
626 629 -2
626 630 4
626 631 -4
626 632 2
627 629 -1
627 630 -4
627 631 -4
627 632 2
628 629 4
628 630 4
628 631 1
628 632 -1
633 637 1
633 638 4
633 639 -4
633 640 -1
634 637 -4
634 638 -2
634 639 4
634 640 2
635 637 -4
635 638 -2
635 639 1
635 640 -1
636 637 1
636 638 1
636 639 -2
636 640 1
641 645 2
641 646 1
641 647 1
641 648 -2
642 645 1
642 646 4
642 647 -4
642 648 4
643 645 1
643 646 -1
643 647 -2
643 648 2
644 645 1
644 646 -2
644 647 -1
644 648 2
649 653 1
649 654 -4
649 655 -2
649 656 -2
650 653 -4
650 654 4
650 655 -1
650 656 1
651 653 -2
651 654 4
651 655 4
651 656 -1
652 653 -4
652 654 2
652 655 1
652 656 -4
657 661 -1
657 662 -2
657 663 -2
657 664 1
658 661 2
658 662 -1
658 663 2
658 664 -2
659 661 4
659 662 1
659 663 -4
659 664 2
660 661 4
660 662 4
660 663 4
660 664 -2
665 669 -2
665 670 1
665 671 -1
665 672 -4
666 669 -1
666 670 -1
666 671 4
666 672 -4
667 669 -2
667 670 2
667 671 1
667 672 1
668 669 -4
668 670 -4
668 671 -4
668 672 1
673 677 1
673 678 1
673 679 -1
673 680 4
674 677 2
674 678 1
674 679 2
674 680 -4
675 677 1
675 678 2
675 679 4
675 680 1
676 677 -2
676 678 -2
676 679 2
676 680 -1
681 685 -2
681 686 2
681 687 2
681 688 2
682 685 2
682 686 4
682 687 4
682 688 -4
683 685 2
683 686 -2
683 687 -1
683 688 -1
684 685 1
684 686 -4
684 687 -2
684 688 4
689 693 -1
689 694 -4
689 695 1
689 696 -1
690 693 2
690 694 1
690 695 -1
690 696 4
691 693 -2
691 694 -2
691 695 -4
691 696 -1
692 693 1
692 694 -2
692 695 2
692 696 4
697 701 1
697 702 -2
697 703 -1
697 704 -1
698 701 -1
698 702 1
698 703 -2
698 704 -1
699 701 -1
699 702 -4
699 703 4
699 704 -4
700 701 1
700 702 -2
700 703 1
700 704 1
705 709 -2
705 710 4
705 711 -1
705 712 1
706 709 4
706 710 1
706 711 4
706 712 2
707 709 -1
707 710 -1
707 711 1
707 712 4
708 709 1
708 710 -2
708 711 2
708 712 4
713 717 1
713 718 -2
713 719 -4
713 720 4
714 717 2
714 718 2
714 719 -1
714 720 -4
715 717 1
715 718 -1
715 719 -1
715 720 -1
716 717 -2
716 718 1
716 719 1
716 720 2
721 725 -4
721 726 4
721 727 -2
721 728 1
722 725 -1
722 726 2
722 727 1
722 728 2
723 725 -4
723 726 2
723 727 2
723 728 2
724 725 -2
724 726 4
724 727 -1
724 728 4
729 733 -4
729 734 -4
729 735 -1
729 736 -1
730 733 4
730 734 -2
730 735 2
730 736 1
731 733 4
731 734 4
731 735 1
731 736 1
732 733 -2
732 734 4
732 735 2
732 736 -1
737 741 -2
737 742 2
737 743 -4
737 744 -1
738 741 4
738 742 -1
738 743 -2
738 744 -1
739 741 -2
739 742 1
739 743 1
739 744 -2
740 741 4
740 742 -1
740 743 -1
740 744 1
745 749 2
745 750 -4
745 751 2
745 752 2
746 749 -1
746 750 -2
746 751 -2
746 752 4
747 749 4
747 750 -1
747 751 2
747 752 1
748 749 4
748 750 1
748 751 2
748 752 2
753 757 4
753 758 -1
753 759 2
753 760 -1
754 757 -1
754 758 -2
754 759 -4
754 760 -2
755 757 -4
755 758 -1
755 759 -2
755 760 -2
756 757 -4
756 758 -1
756 759 -1
756 760 -1
761 765 -1
761 766 4
761 767 1
761 768 -2
762 765 -4
762 766 -4
762 767 -2
762 768 4
763 765 -4
763 766 -1
763 767 2
763 768 2
764 765 2
764 766 2
764 767 4
764 768 2
769 773 -4
769 774 2
769 775 4
769 776 -4
770 773 -2
770 774 -1
770 775 2
770 776 -4
771 773 -2
771 774 4
771 775 4
771 776 4
772 773 -1
772 774 -4
772 775 4
772 776 -1
777 781 -2
777 782 4
777 783 1
777 784 2
778 781 2
778 782 -4
778 783 2
778 784 -1
779 781 1
779 782 -1
779 783 -4
779 784 1
780 781 -2
780 782 -2
780 783 -1
780 784 1
785 789 -1
785 790 4
785 791 4
785 792 -2
786 789 -2
786 790 2
786 791 -1
786 792 -2
787 789 1
787 790 2
787 791 2
787 792 -4
788 789 2
788 790 1
788 791 -2
788 792 2
793 797 2
793 798 2
793 799 1
793 800 4
794 797 2
794 798 -4
794 799 -2
794 800 -2
795 797 1
795 798 -1
795 799 -4
795 800 1
796 797 -1
796 798 -1
796 799 -4
796 800 4
801 805 -1
801 806 -4
801 807 4
801 808 -2
802 805 4
802 806 4
802 807 -1
802 808 2
803 805 -1
803 806 -1
803 807 -1
803 808 -1
804 805 -2
804 806 -4
804 807 4
804 808 -2
809 813 -2
809 814 2
809 815 -4
809 816 2
810 813 1
810 814 2
810 815 -1
810 816 -1
811 813 -1
811 814 -2
811 815 1
811 816 -2
812 813 -1
812 814 1
812 815 1
812 816 1
817 821 4
817 822 4
817 823 2
817 824 -4
818 821 -4
818 822 -2
818 823 -4
818 824 4
819 821 -1
819 822 1
819 823 1
819 824 -1
820 821 -4
820 822 -4
820 823 -2
820 824 2
825 829 2
825 830 -1
825 831 4
825 832 2
826 829 -2
826 830 2
826 831 -1
826 832 1
827 829 -1
827 830 -2
827 831 4
827 832 4
828 829 2
828 830 1
828 831 4
828 832 -1
833 837 1
833 838 1
833 839 -4
833 840 -4
834 837 4
834 838 1
834 839 2
834 840 -1
835 837 -1
835 838 -1
835 839 2
835 840 -4
836 837 1
836 838 -2
836 839 4
836 840 1
841 845 2
841 846 -4
841 847 2
841 848 -2
842 845 -1
842 846 2
842 847 1
842 848 2
843 845 -2
843 846 1
843 847 -4
843 848 -1
844 845 -4
844 846 -1
844 847 1
844 848 -1
849 853 -2
849 854 1
849 855 1
849 856 2
850 853 4
850 854 1
850 855 2
850 856 1
851 853 -2
851 854 1
851 855 2
851 856 1
852 853 2
852 854 2
852 855 -4
852 856 4
857 861 4
857 862 4
857 863 -2
857 864 2
858 861 4
858 862 1
858 863 -4
858 864 -2
859 861 1
859 862 -4
859 863 -4
859 864 -2
860 861 2
860 862 -4
860 863 4
860 864 -4
865 869 4
865 870 2
865 871 -2
865 872 1
866 869 -2
866 870 -2
866 871 -2
866 872 1
867 869 4
867 870 4
867 871 4
867 872 2
868 869 -4
868 870 -4
868 871 -1
868 872 -2
873 877 -4
873 878 -4
873 879 -2
873 880 -1
874 877 -4
874 878 -1
874 879 -2
874 880 -1
875 877 -4
875 878 2
875 879 -1
875 880 2
876 877 -1
876 878 -2
876 879 -4
876 880 -4
881 885 -2
881 886 -4
881 887 -4
881 888 -2
882 885 -2
882 886 1
882 887 2
882 888 -2
883 885 -4
883 886 4
883 887 -1
883 888 -2
884 885 -4
884 886 -2
884 887 -4
884 888 -4
889 893 -2
889 894 1
889 895 -4
889 896 4
890 893 2
890 894 4
890 895 4
890 896 2
891 893 -4
891 894 2
891 895 -4
891 896 -2
892 893 -1
892 894 -4
892 895 2
892 896 -2
897 901 -1
897 902 -1
897 903 -4
897 904 1
898 901 1
898 902 1
898 903 -2
898 904 -4
899 901 -2
899 902 -1
899 903 -2
899 904 4
900 901 -1
900 902 1
900 903 -4
900 904 2
905 909 -2
905 910 -1
905 911 1
905 912 2
906 909 -1
906 910 2
906 911 1
906 912 4
907 909 -1
907 910 -2
907 911 1
907 912 -4
908 909 4
908 910 -1
908 911 4
908 912 -1
913 917 -2
913 918 -2
913 919 -2
913 920 -2
914 917 2
914 918 -4
914 919 -1
914 920 -4
915 917 -4
915 918 -1
915 919 -2
915 920 2
916 917 -1
916 918 4
916 919 1
916 920 4
921 925 -4
921 926 -1
921 927 -2
921 928 1
922 925 1
922 926 -4
922 927 2
922 928 2
923 925 -2
923 926 -4
923 927 4
923 928 -2
924 925 2
924 926 4
924 927 -2
924 928 -1
929 933 -1
929 934 4
929 935 -2
929 936 2
930 933 2
930 934 4
930 935 -4
930 936 2
931 933 -2
931 934 -1
931 935 1
931 936 4
932 933 1
932 934 -2
932 935 4
932 936 2
937 941 1
937 942 -4
937 943 2
937 944 -2
938 941 2
938 942 -1
938 943 4
938 944 2
939 941 2
939 942 1
939 943 2
939 944 -1
940 941 2
940 942 -2
940 943 1
940 944 -4
945 949 -4
945 950 2
945 951 4
945 952 4
946 949 -4
946 950 4
946 951 4
946 952 -2
947 949 -4
947 950 -4
947 951 4
947 952 4
948 949 4
948 950 -1
948 951 1
948 952 -1
953 957 -4
953 958 4
953 959 1
953 960 -2
954 957 2
954 958 4
954 959 -2
954 960 -4
955 957 1
955 958 4
955 959 4
955 960 -4
956 957 4
956 958 -2
956 959 1
956 960 2
961 965 -4
961 966 2
961 967 1
961 968 -4
962 965 -2
962 966 -4
962 967 4
962 968 4
963 965 2
963 966 -1
963 967 4
963 968 -2
964 965 1
964 966 1
964 967 -4
964 968 2
969 973 -4
969 974 -4
969 975 -2
969 976 -1
970 973 2
970 974 1
970 975 -2
970 976 4
971 973 -2
971 974 1
971 975 1
971 976 -2
972 973 2
972 974 2
972 975 -2
972 976 1
977 981 -1
977 982 -2
977 983 -1
977 984 2
978 981 -4
978 982 4
978 983 2
978 984 1
979 981 1
979 982 -4
979 983 -4
979 984 -2
980 981 -1
980 982 1
980 983 -4
980 984 -4
985 989 2
985 990 4
985 991 1
985 992 -2
986 989 -2
986 990 4
986 991 -1
986 992 -1
987 989 2
987 990 -4
987 991 -4
987 992 -1
988 989 -1
988 990 2
988 991 -1
988 992 -4
993 997 -1
993 998 1
993 999 -4
993 1000 1
994 997 1
994 998 -2
994 999 -2
994 1000 -1
995 997 2
995 998 -2
995 999 1
995 1000 -4
996 997 1
996 998 -4
996 999 -4
996 1000 -1
1001 1005 -2
1001 1006 4
1001 1007 -4
1001 1008 -4
1002 1005 -1
1002 1006 4
1002 1007 2
1002 1008 2
1003 1005 4
1003 1006 4
1003 1007 -2
1003 1008 1
1004 1005 1
1004 1006 4
1004 1007 1
1004 1008 -1
1009 1013 -4
1009 1014 2
1009 1015 -4
1009 1016 -1
1010 1013 2
1010 1014 -1
1010 1015 -4
1010 1016 2
1011 1013 2
1011 1014 1
1011 1015 -4
1011 1016 -1
1012 1013 -2
1012 1014 1
1012 1015 -4
1012 1016 2
1017 1021 4
1017 1022 4
1017 1023 -4
1017 1024 4
1018 1021 -4
1018 1022 4
1018 1023 -1
1018 1024 4
1019 1021 -2
1019 1022 -1
1019 1023 -2
1019 1024 4
1020 1021 -4
1020 1022 4
1020 1023 2
1020 1024 4
1025 1029 2
1025 1030 -2
1025 1031 -4
1025 1032 1
1026 1029 1
1026 1030 -4
1026 1031 -4
1026 1032 1
1027 1029 -1
1027 1030 -4
1027 1031 2
1027 1032 -1
1028 1029 -4
1028 1030 -1
1028 1031 -2
1028 1032 -2
1033 1037 4
1033 1038 -4
1033 1039 -4
1033 1040 -2
1034 1037 1
1034 1038 -4
1034 1039 -2
1034 1040 -4
1035 1037 1
1035 1038 -1
1035 1039 -2
1035 1040 -2
1036 1037 2
1036 1038 4
1036 1039 -1
1036 1040 -2
1041 1045 -1
1041 1046 1
1041 1047 2
1041 1048 4
1042 1045 -2
1042 1046 2
1042 1047 -4
1042 1048 -4
1043 1045 -2
1043 1046 -4
1043 1047 4
1043 1048 1
1044 1045 1
1044 1046 1
1044 1047 1
1044 1048 4
1049 1053 -1
1049 1054 -4
1049 1055 4
1049 1056 -2
1050 1053 -1
1050 1054 -1
1050 1055 4
1050 1056 1
1051 1053 4
1051 1054 -2
1051 1055 1
1051 1056 -4
1052 1053 2
1052 1054 -4
1052 1055 -2
1052 1056 2
1057 1061 1
1057 1062 2
1057 1063 2
1057 1064 4
1058 1061 1
1058 1062 -4
1058 1063 1
1058 1064 4
1059 1061 4
1059 1062 -2
1059 1063 -4
1059 1064 -4
1060 1061 1
1060 1062 4
1060 1063 -2
1060 1064 -2
1065 1069 1
1065 1070 -2
1065 1071 2
1065 1072 -2
1066 1069 4
1066 1070 -1
1066 1071 4
1066 1072 2
1067 1069 -4
1067 1070 -2
1067 1071 2
1067 1072 -2
1068 1069 -4
1068 1070 -4
1068 1071 4
1068 1072 2
1073 1077 2
1073 1078 -2
1073 1079 1
1073 1080 -2
1074 1077 4
1074 1078 -1
1074 1079 4
1074 1080 -4
1075 1077 1
1075 1078 2
1075 1079 1
1075 1080 4
1076 1077 -1
1076 1078 -2
1076 1079 2
1076 1080 1
1081 1085 1
1081 1086 4
1081 1087 1
1081 1088 -1
1082 1085 -4
1082 1086 1
1082 1087 -4
1082 1088 2
1083 1085 4
1083 1086 1
1083 1087 -4
1083 1088 -1
1084 1085 -1
1084 1086 4
1084 1087 -2
1084 1088 -4
1089 1093 -1
1089 1094 -2
1089 1095 -1
1089 1096 -4
1090 1093 -1
1090 1094 -1
1090 1095 -2
1090 1096 2
1091 1093 4
1091 1094 -1
1091 1095 -1
1091 1096 -1
1092 1093 2
1092 1094 -2
1092 1095 -1
1092 1096 1
1097 1101 2
1097 1102 -4
1097 1103 2
1097 1104 -4
1098 1101 1
1098 1102 4
1098 1103 1
1098 1104 -4
1099 1101 -4
1099 1102 -4
1099 1103 -2
1099 1104 2
1100 1101 -4
1100 1102 1
1100 1103 -2
1100 1104 2
1105 1109 -4
1105 1110 -1
1105 1111 -2
1105 1112 1
1106 1109 2
1106 1110 -2
1106 1111 2
1106 1112 -1
1107 1109 -2
1107 1110 -4
1107 1111 1
1107 1112 -1
1108 1109 4
1108 1110 4
1108 1111 -1
1108 1112 -4
1113 1117 2
1113 1118 -4
1113 1119 1
1113 1120 -4
1114 1117 -2
1114 1118 4
1114 1119 4
1114 1120 -1
1115 1117 -2
1115 1118 -1
1115 1119 2
1115 1120 -2
1116 1117 -1
1116 1118 -2
1116 1119 2
1116 1120 -1
1121 1125 -1
1121 1126 -2
1121 1127 2
1121 1128 -2
1122 1125 -2
1122 1126 -2
1122 1127 1
1122 1128 2
1123 1125 4
1123 1126 2
1123 1127 -1
1123 1128 -4
1124 1125 -4
1124 1126 -4
1124 1127 4
1124 1128 -4
1129 1133 -4
1129 1134 -2
1129 1135 2
1129 1136 -1
1130 1133 -4
1130 1134 -4
1130 1135 -1
1130 1136 4
1131 1133 -4
1131 1134 -2
1131 1135 -4
1131 1136 -1
1132 1133 -4
1132 1134 2
1132 1135 -4
1132 1136 2
1137 1141 -4
1137 1142 -1
1137 1143 2
1137 1144 4
1138 1141 -4
1138 1142 -4
1138 1143 4
1138 1144 2
1139 1141 -1
1139 1142 -2
1139 1143 -1
1139 1144 4
1140 1141 4
1140 1142 -1
1140 1143 4
1140 1144 -1
1145 1149 -2
1145 1150 2
1145 1151 -2
1145 1152 1
1146 1149 -1
1146 1150 -4
1146 1151 -1
1146 1152 -4
1147 1149 -2
1147 1150 -1
1147 1151 2
1147 1152 4
1148 1149 -2
1148 1150 -1
1148 1151 2
1148 1152 -4
5 13 -1
6 14 4
7 15 -1
8 16 -2
13 21 4
14 22 -1
15 23 -4
16 24 1
21 29 1
22 30 -4
23 31 2
24 32 1
29 37 -2
30 38 2
31 39 4
32 40 -1
37 45 2
38 46 2
39 47 4
40 48 -2
45 53 -1
46 54 -1
47 55 -1
48 56 -4
53 61 2
54 62 -1
55 63 2
56 64 2
61 69 -2
62 70 4
63 71 -4
64 72 1
69 77 -1
70 78 -4
71 79 -4
72 80 -2
77 85 -4
78 86 1
79 87 1
80 88 -2
85 93 1
86 94 -1
87 95 4
88 96 -4
101 109 2
102 110 4
103 111 2
104 112 -2
109 117 -4
110 118 4
111 119 -2
112 120 -4
117 125 -2
118 126 4
119 127 -1
120 128 1
125 133 -2
126 134 -1
127 135 4
128 136 -1
133 141 -4
134 142 1
135 143 2
136 144 -4
141 149 4
142 150 2
143 151 1
144 152 1
149 157 -1
150 158 4
151 159 4
152 160 -2
157 165 -2
158 166 4
159 167 4
160 168 1
165 173 2
166 174 -2
167 175 -2
168 176 -2
173 181 2
174 182 -1
175 183 -1
176 184 -2
181 189 -4
182 190 1
183 191 4
184 192 -4
197 205 -1
198 206 2
199 207 4
200 208 2
205 213 1
206 214 2
207 215 -1
208 216 2
213 221 1
214 222 2
215 223 4
216 224 2
221 229 -2
222 230 -4
223 231 -2
224 232 -4
229 237 -4
230 238 2
231 239 2
232 240 2
237 245 -1
238 246 2
239 247 -1
240 248 -1
245 253 4
246 254 4
247 255 4
248 256 -2
253 261 -4
254 262 -4
255 263 4
256 264 2
261 269 4
262 270 4
263 271 -4
264 272 4
269 277 -4
270 278 4
271 279 -1
272 280 1
277 285 4
278 286 1
279 287 4
280 288 2
293 301 -2
294 302 1
295 303 2
296 304 1
301 309 4
302 310 -1
303 311 -4
304 312 2
309 317 -1
310 318 1
311 319 2
312 320 4
317 325 1
318 326 4
319 327 1
320 328 1
325 333 -2
326 334 2
327 335 2
328 336 2
333 341 2
334 342 1
335 343 -1
336 344 -4
341 349 -1
342 350 4
343 351 -1
344 352 -4
349 357 -1
350 358 2
351 359 -1
352 360 -2
357 365 1
358 366 -1
359 367 1
360 368 1
365 373 -2
366 374 -1
367 375 -2
368 376 4
373 381 -1
374 382 -1
375 383 -4
376 384 -4
389 397 -1
390 398 2
391 399 -2
392 400 1
397 405 2
398 406 1
399 407 2
400 408 1
405 413 2
406 414 -2
407 415 -1
408 416 4
413 421 -1
414 422 -2
415 423 1
416 424 2
421 429 -4
422 430 4
423 431 -1
424 432 -2
429 437 -4
430 438 -1
431 439 1
432 440 -4
437 445 -4
438 446 4
439 447 -4
440 448 -1
445 453 -1
446 454 -4
447 455 -2
448 456 1
453 461 -2
454 462 -4
455 463 -2
456 464 -2
461 469 -2
462 470 -4
463 471 2
464 472 -4
469 477 1
470 478 4
471 479 -2
472 480 4
485 493 1
486 494 -2
487 495 2
488 496 -2
493 501 -1
494 502 -4
495 503 2
496 504 -1
501 509 -1
502 510 -2
503 511 1
504 512 2
509 517 -4
510 518 -4
511 519 1
512 520 2
517 525 4
518 526 4
519 527 2
520 528 -4
525 533 -4
526 534 -4
527 535 2
528 536 -2
533 541 4
534 542 -2
535 543 -4
536 544 -4
541 549 2
542 550 -1
543 551 4
544 552 -1
549 557 -2
550 558 2
551 559 -2
552 560 2
557 565 -4
558 566 -4
559 567 -4
560 568 -1
565 573 -4
566 574 2
567 575 -1
568 576 1
581 589 -1
582 590 1
583 591 -2
584 592 -1
589 597 4
590 598 -2
591 599 -1
592 600 -4
597 605 4
598 606 1
599 607 -1
600 608 1
605 613 -2
606 614 -2
607 615 -1
608 616 -1
613 621 2
614 622 2
615 623 -2
616 624 -4
621 629 -4
622 630 4
623 631 4
624 632 -4
629 637 -2
630 638 -2
631 639 1
632 640 -4
637 645 1
638 646 -1
639 647 -2
640 648 -1
645 653 -1
646 654 -2
647 655 1
648 656 4
653 661 -4
654 662 4
655 663 -2
656 664 -2
661 669 1
662 670 4
663 671 -2
664 672 2
677 685 4
678 686 1
679 687 -4
680 688 4
685 693 -4
686 694 1
687 695 -1
688 696 -2
693 701 -4
694 702 1
695 703 4
696 704 -1
701 709 -1
702 710 -2
703 711 -2
704 712 -4
709 717 -4
710 718 1
711 719 -2
712 720 -4
717 725 -4
718 726 4
719 727 1
720 728 -1
725 733 4
726 734 -4
727 735 1
728 736 -4
733 741 -1
734 742 4
735 743 -2
736 744 1
741 749 2
742 750 1
743 751 -2
744 752 4
749 757 -2
750 758 1
751 759 2
752 760 4
757 765 2
758 766 -1
759 767 1
760 768 2
773 781 -2
774 782 1
775 783 -2
776 784 2
781 789 -4
782 790 -2
783 791 4
784 792 4
789 797 4
790 798 2
791 799 2
792 800 4
797 805 2
798 806 -4
799 807 -1
800 808 -2
805 813 4
806 814 -2
807 815 -4
808 816 -4
813 821 1
814 822 -1
815 823 -2
816 824 1
821 829 4
822 830 1
823 831 1
824 832 -1
829 837 1
830 838 -1
831 839 -2
832 840 4
837 845 4
838 846 4
839 847 -4
840 848 -4
845 853 1
846 854 -1
847 855 4
848 856 4
853 861 4
854 862 2
855 863 4
856 864 -1
869 877 1
870 878 -1
871 879 4
872 880 2
877 885 -2
878 886 1
879 887 -2
880 888 4
885 893 2
886 894 4
887 895 2
888 896 4
893 901 -2
894 902 1
895 903 -1
896 904 -2
901 909 1
902 910 2
903 911 1
904 912 -1
909 917 2
910 918 -1
911 919 -1
912 920 1
917 925 -2
918 926 4
919 927 -2
920 928 -4
925 933 -4
926 934 -1
927 935 2
928 936 4
933 941 -1
934 942 2
935 943 2
936 944 -4
941 949 2
942 950 -1
943 951 -2
944 952 2
949 957 -4
950 958 4
951 959 -2
952 960 -4
965 973 -4
966 974 2
967 975 -4
968 976 -2
973 981 -1
974 982 -1
975 983 -4
976 984 -2
981 989 -1
982 990 2
983 991 2
984 992 2
989 997 -4
990 998 -4
991 999 4
992 1000 -1
997 1005 2
998 1006 -1
999 1007 4
1000 1008 -4
1005 1013 -2
1006 1014 -2
1007 1015 1
1008 1016 -1
1013 1021 -1
1014 1022 1
1015 1023 -2
1016 1024 -1
1021 1029 -2
1022 1030 -2
1023 1031 -1
1024 1032 1
1029 1037 -4
1030 1038 2
1031 1039 1
1032 1040 -4
1037 1045 -4
1038 1046 4
1039 1047 1
1040 1048 -2
1045 1053 -4
1046 1054 2
1047 1055 -4
1048 1056 4
1061 1069 1
1062 1070 -1
1063 1071 -2
1064 1072 1
1069 1077 1
1070 1078 -4
1071 1079 -1
1072 1080 4
1077 1085 4
1078 1086 -2
1079 1087 -1
1080 1088 4
1085 1093 1
1086 1094 -4
1087 1095 -4
1088 1096 -1
1093 1101 -1
1094 1102 -4
1095 1103 1
1096 1104 1
1101 1109 -2
1102 1110 4
1103 1111 4
1104 1112 2
1109 1117 -1
1110 1118 -2
1111 1119 2
1112 1120 -4
1117 1125 -2
1118 1126 1
1119 1127 -4
1120 1128 1
1125 1133 4
1126 1134 -2
1127 1135 1
1128 1136 2
1133 1141 4
1134 1142 -2
1135 1143 -4
1136 1144 2
1141 1149 -1
1142 1150 1
1143 1151 4
1144 1152 -1
1 97 -1
2 98 -1
3 99 4
4 100 -1
97 193 -1
98 194 2
99 195 4
100 196 -2
193 289 -4
194 290 -4
195 291 2
196 292 2
289 385 -4
290 386 -2
291 387 -2
292 388 1
385 481 4
386 482 4
387 483 -1
388 484 -4
481 577 -4
482 578 -1
483 579 1
484 580 -2
577 673 -4
578 674 2
579 675 -1
580 676 -2
673 769 1
674 770 -1
675 771 -4
676 772 -2
769 865 -4
770 866 -1
771 867 4
772 868 -1
865 961 4
866 962 -2
867 963 4
868 964 4
961 1057 -2
962 1058 -2
963 1059 1
964 1060 2
9 105 1
10 106 1
11 107 -1
12 108 1
105 201 -4
106 202 -1
107 203 -4
108 204 4
201 297 -2
202 298 -2
203 299 -2
204 300 -4
297 393 -2
298 394 1
299 395 -4
300 396 4
393 489 1
394 490 -4
395 491 1
396 492 2
489 585 -1
490 586 -4
491 587 -2
492 588 -2
585 681 -1
586 682 4
587 683 4
588 684 -4
681 777 2
682 778 -4
683 779 -2
684 780 -1
777 873 -2
778 874 -1
779 875 4
780 876 2
873 969 1
874 970 2
875 971 4
876 972 4
969 1065 2
970 1066 -1
971 1067 -4
972 1068 1
17 113 -1
18 114 4
19 115 -2
20 116 1
113 209 -4
114 210 2
115 211 4
116 212 1
209 305 1
210 306 2
211 307 -4
212 308 -4
305 401 -1
306 402 -1
307 403 -4
308 404 4
401 497 -2
402 498 4
403 499 4
404 500 4
497 593 2
498 594 1
499 595 -2
500 596 4
593 689 2
594 690 2
595 691 -4
596 692 -1
689 785 -1
690 786 4
691 787 -4
692 788 2
785 881 -2
786 882 -1
787 883 -2
788 884 2
881 977 -1
882 978 2
883 979 1
884 980 -4
977 1073 1
978 1074 -1
979 1075 4
980 1076 -1
25 121 -2
26 122 -1
27 123 -2
28 124 1
121 217 4
122 218 4
123 219 -2
124 220 4
217 313 -1
218 314 4
219 315 -4
220 316 -1
313 409 -4
314 410 -1
315 411 4
316 412 4
409 505 1
410 506 1
411 507 -4
412 508 4
505 601 4
506 602 -2
507 603 1
508 604 2
601 697 2
602 698 2
603 699 1
604 700 4
697 793 1
698 794 1
699 795 -1
700 796 2
793 889 -1
794 890 4
795 891 1
796 892 -1
889 985 -1
890 986 2
891 987 1
892 988 1
985 1081 2
986 1082 -2
987 1083 4
988 1084 4
33 129 1
34 130 -1
35 131 4
36 132 -4
129 225 -2
130 226 -1
131 227 -1
132 228 4
225 321 2
226 322 2
227 323 -1
228 324 2
321 417 -1
322 418 -4
323 419 2
324 420 1
417 513 1
418 514 -4
419 515 -4
420 516 -1
513 609 4
514 610 4
515 611 -4
516 612 1
609 705 2
610 706 1
611 707 -2
612 708 4
705 801 1
706 802 -1
707 803 1
708 804 2
801 897 -1
802 898 1
803 899 1
804 900 -4
897 993 -2
898 994 1
899 995 1
900 996 1
993 1089 -2
994 1090 4
995 1091 -2
996 1092 -1
41 137 -4
42 138 -1
43 139 4
44 140 1
137 233 -1
138 234 -4
139 235 -1
140 236 -1
233 329 1
234 330 1
235 331 -2
236 332 1
329 425 -1
330 426 -1
331 427 1
332 428 2
425 521 4
426 522 -4
427 523 1
428 524 2
521 617 2
522 618 4
523 619 1
524 620 2
617 713 1
618 714 1
619 715 -4
620 716 -4
713 809 4
714 810 2
715 811 1
716 812 -4
809 905 4
810 906 4
811 907 -2
812 908 2
905 1001 -4
906 1002 -1
907 1003 2
908 1004 1
1001 1097 4
1002 1098 2
1003 1099 4
1004 1100 -1
49 145 -2
50 146 -1
51 147 2
52 148 -4
145 241 -2
146 242 -4
147 243 -4
148 244 4
241 337 4
242 338 -1
243 339 -4
244 340 1
337 433 4
338 434 1
339 435 2
340 436 -1
433 529 -4
434 530 -2
435 531 2
436 532 -4
529 625 1
530 626 1
531 627 4
532 628 -1
625 721 -2
626 722 1
627 723 2
628 724 2
721 817 1
722 818 -1
723 819 4
724 820 2
817 913 2
818 914 4
819 915 -4
820 916 1
913 1009 2
914 1010 1
915 1011 -2
916 1012 4
1009 1105 1
1010 1106 -4
1011 1107 1
1012 1108 2
57 153 -1
58 154 -1
59 155 -1
60 156 -1
153 249 1
154 250 -4
155 251 4
156 252 1
249 345 -4
250 346 -4
251 347 2
252 348 4
345 441 2
346 442 2
347 443 -4
348 444 -1
441 537 -2
442 538 1
443 539 4
444 540 -1
537 633 -4
538 634 -4
539 635 1
540 636 -4
633 729 -4
634 730 -2
635 731 4
636 732 4
729 825 1
730 826 2
731 827 -1
732 828 -1
825 921 2
826 922 4
827 923 -4
828 924 -1
921 1017 2
922 1018 -1
923 1019 4
924 1020 -2
1017 1113 -2
1018 1114 1
1019 1115 -1
1020 1116 1
65 161 -1
66 162 -1
67 163 2
68 164 -4
161 257 2
162 258 -2
163 259 -4
164 260 1
257 353 2
258 354 -1
259 355 1
260 356 -2
353 449 2
354 450 -4
355 451 1
356 452 4
449 545 -4
450 546 -1
451 547 -2
452 548 -4
545 641 -4
546 642 1
547 643 2
548 644 4
641 737 -2
642 738 -1
643 739 -4
644 740 1
737 833 4
738 834 4
739 835 -4
740 836 2
833 929 4
834 930 -4
835 931 -1
836 932 4
929 1025 1
930 1026 -1
931 1027 1
932 1028 2
1025 1121 1
1026 1122 2
1027 1123 -1
1028 1124 1
73 169 -2
74 170 -4
75 171 2
76 172 2
169 265 2
170 266 -2
171 267 -1
172 268 -2
265 361 2
266 362 -1
267 363 4
268 364 2
361 457 4
362 458 -4
363 459 2
364 460 -2
457 553 -1
458 554 2
459 555 -2
460 556 1
553 649 -1
554 650 -1
555 651 2
556 652 2
649 745 -4
650 746 2
651 747 2
652 748 1
745 841 1
746 842 1
747 843 1
748 844 -1
841 937 -2
842 938 -1
843 939 2
844 940 -1
937 1033 2
938 1034 -1
939 1035 2
940 1036 -2
1033 1129 2
1034 1130 2
1035 1131 1
1036 1132 -1
81 177 -4
82 178 4
83 179 4
84 180 -4
177 273 -2
178 274 -2
179 275 -4
180 276 2
273 369 -2
274 370 -2
275 371 -1
276 372 -2
369 465 1
370 466 4
371 467 4
372 468 1
465 561 -1
466 562 -1
467 563 1
468 564 -4
561 657 2
562 658 -4
563 659 -4
564 660 1
657 753 1
658 754 -4
659 755 -1
660 756 1
753 849 4
754 850 -1
755 851 4
756 852 2
849 945 1
850 946 2
851 947 -2
852 948 4
945 1041 -1
946 1042 -1
947 1043 -1
948 1044 -1
1041 1137 4
1042 1138 -4
1043 1139 -1
1044 1140 -2
89 185 -2
90 186 -4
91 187 -1
92 188 -4
185 281 1
186 282 -4
187 283 -4
188 284 1
281 377 -4
282 378 -2
283 379 -2
284 380 2
377 473 -2
378 474 4
379 475 4
380 476 2
473 569 1
474 570 1
475 571 2
476 572 4
569 665 4
570 666 1
571 667 -1
572 668 1
665 761 2
666 762 4
667 763 -4
668 764 2
761 857 -2
762 858 -1
763 859 4
764 860 -4
857 953 2
858 954 -1
859 955 -4
860 956 -2
953 1049 2
954 1050 -1
955 1051 -4
956 1052 -2
1049 1145 -2
1050 1146 4
1051 1147 -1
1052 1148 -2
