#
1 5 -1
1 6 1
1 7 4
1 8 1
2 5 2
2 6 -4
2 7 -1
2 8 -2
3 5 -4
3 6 -1
3 7 -4
3 8 -1
4 5 -2
4 6 -4
4 7 2
4 8 1
9 13 -2
9 14 -2
9 15 -2
9 16 2
10 13 1
10 14 4
10 15 4
10 16 -4
11 13 1
11 14 2
11 15 -1
11 16 -4
12 13 -1
12 14 -4
12 15 -2
12 16 2
17 21 -4
17 22 4
17 23 1
17 24 1
18 21 2
18 22 2
18 23 -2
18 24 1
19 21 -4
19 22 -4
19 23 -2
19 24 -4
20 21 1
20 22 1
20 23 2
20 24 2
25 29 2
25 30 1
25 31 2
25 32 -4
26 29 2
26 30 4
26 31 -2
26 32 2
27 29 -4
27 30 4
27 31 4
27 32 -1
28 29 1
28 30 -1
28 31 1
28 32 4
33 37 4
33 38 -1
33 39 2
33 40 4
34 37 4
34 38 4
34 39 2
34 40 -1
35 37 1
35 38 -4
35 39 -4
35 40 -1
36 37 4
36 38 -2
36 39 4
36 40 -2
41 45 -4
41 46 2
41 47 1
41 48 4
42 45 1
42 46 -2
42 47 -4
42 48 2
43 45 2
43 46 2
43 47 -1
43 48 -1
44 45 -1
44 46 1
44 47 2
44 48 1
49 53 4
49 54 -1
49 55 -4
49 56 4
50 53 4
50 54 4
50 55 4
50 56 1
51 53 1
51 54 -1
51 55 -1
51 56 2
52 53 1
52 54 2
52 55 1
52 56 1
57 61 4
57 62 -2
57 63 2
57 64 1
58 61 2
58 62 -4
58 63 -4
58 64 -1
59 61 -2
59 62 4
59 63 1
59 64 -1
60 61 4
60 62 -1
60 63 1
60 64 -1
65 69 -1
65 70 -4
65 71 4
65 72 4
66 69 -4
66 70 1
66 71 -4
66 72 4
67 69 -1
67 70 1
67 71 2
67 72 4
68 69 -2
68 70 4
68 71 1
68 72 -1
73 77 -4
73 78 1
73 79 -4
73 80 1
74 77 1
74 78 2
74 79 -2
74 80 4
75 77 2
75 78 -4
75 79 2
75 80 -1
76 77 -2
76 78 4
76 79 2
76 80 -4
81 85 -4
81 86 2
81 87 -2
81 88 -2
82 85 1
82 86 2
82 87 4
82 88 -4
83 85 -1
83 86 -4
83 87 -4
83 88 1
84 85 1
84 86 -2
84 87 2
84 88 4
89 93 -2
89 94 1
89 95 1
89 96 2
90 93 4
90 94 1
90 95 -4
90 96 4
91 93 2
91 94 -1
91 95 2
91 96 -1
92 93 -4
92 94 1
92 95 2
92 96 1
97 101 1
97 102 -2
97 103 -2
97 104 1
98 101 2
98 102 -1
98 103 -1
98 104 2
99 101 -4
99 102 -1
99 103 4
99 104 -4
100 101 -4
100 102 2
100 103 2
100 104 4
105 109 2
105 110 1
105 111 1
105 112 -4
106 109 -2
106 110 -4
106 111 -4
106 112 2
107 109 1
107 110 1
107 111 1
107 112 1
108 109 4
108 110 -2
108 111 -2
108 112 4
113 117 4
113 118 -4
113 119 -2
113 120 -1
114 117 -1
114 118 2
114 119 4
114 120 -1
115 117 4
115 118 -4
115 119 4
115 120 -2
116 117 1
116 118 -2
116 119 -1
116 120 -2
121 125 1
121 126 2
121 127 -2
121 128 -2
122 125 4
122 126 -2
122 127 1
122 128 1
123 125 -2
123 126 1
123 127 1
123 128 2
124 125 1
124 126 -2
124 127 4
124 128 -4
129 133 1
129 134 4
129 135 4
129 136 -2
130 133 1
130 134 1
130 135 2
130 136 1
131 133 -2
131 134 -2
131 135 1
131 136 1
132 133 1
132 134 1
132 135 -1
132 136 -2
137 141 1
137 142 2
137 143 -1
137 144 -1
138 141 -4
138 142 -2
138 143 1
138 144 -4
139 141 4
139 142 4
139 143 1
139 144 -1
140 141 -1
140 142 -4
140 143 4
140 144 -1
145 149 1
145 150 -4
145 151 -4
145 152 4
146 149 -4
146 150 -4
146 151 -2
146 152 2
147 149 -2
147 150 -1
147 151 2
147 152 4
148 149 -4
148 150 -4
148 151 1
148 152 1
153 157 -4
153 158 2
153 159 1
153 160 -2
154 157 -4
154 158 -4
154 159 -2
154 160 4
155 157 -2
155 158 1
155 159 -4
155 160 4
156 157 -2
156 158 -1
156 159 2
156 160 2
161 165 1
161 166 -4
161 167 1
161 168 -4
162 165 -1
162 166 4
162 167 4
162 168 2
163 165 -1
163 166 -2
163 167 4
163 168 2
164 165 -4
164 166 -4
164 167 4
164 168 1
169 173 1
169 174 1
169 175 -2
169 176 -2
170 173 1
170 174 2
170 175 2
170 176 2
171 173 1
171 174 2
171 175 -2
171 176 -4
172 173 2
172 174 1
172 175 4
172 176 -1
177 181 -4
177 182 2
177 183 4
177 184 -1
178 181 -2
178 182 4
178 183 4
178 184 -4
179 181 4
179 182 -4
179 183 1
179 184 1
180 181 4
180 182 1
180 183 -2
180 184 1
185 189 -2
185 190 2
185 191 1
185 192 -1
186 189 4
186 190 4
186 191 -1
186 192 -4
187 189 1
187 190 2
187 191 -1
187 192 4
188 189 1
188 190 -1
188 191 2
188 192 -2
193 197 -2
193 198 2
193 199 4
193 200 2
194 197 1
194 198 4
194 199 -2
194 200 1
195 197 2
195 198 4
195 199 -4
195 200 -2
196 197 -2
196 198 -4
196 199 -1
196 200 -2
201 205 2
201 206 -2
201 207 -1
201 208 -1
202 205 2
202 206 -1
202 207 -2
202 208 2
203 205 4
203 206 -2
203 207 4
203 208 -1
204 205 2
204 206 4
204 207 1
204 208 -1
209 213 -2
209 214 -4
209 215 4
209 216 2
210 213 -2
210 214 -1
210 215 1
210 216 -1
211 213 -1
211 214 -2
211 215 4
211 216 -2
212 213 -2
212 214 -2
212 215 1
212 216 4
217 221 4
217 222 2
217 223 4
217 224 -2
218 221 4
218 222 -1
218 223 -1
218 224 4
219 221 -2
219 222 1
219 223 -2
219 224 1
220 221 -2
220 222 2
220 223 -1
220 224 -1
225 229 4
225 230 -4
225 231 -2
225 232 1
226 229 2
226 230 -1
226 231 1
226 232 2
227 229 -1
227 230 4
227 231 -2
227 232 2
228 229 1
228 230 -1
228 231 2
228 232 4
233 237 4
233 238 4
233 239 -2
233 240 -1
234 237 4
234 238 -2
234 239 -4
234 240 -1
235 237 4
235 238 1
235 239 4
235 240 1
236 237 -2
236 238 2
236 239 2
236 240 -4
241 245 -2
241 246 -1
241 247 2
241 248 -2
242 245 -2
242 246 -2
242 247 2
242 248 -4
243 245 -4
243 246 4
243 247 -1
243 248 2
244 245 4
244 246 4
244 247 -2
244 248 -4
249 253 -1
249 254 4
249 255 2
249 256 -1
250 253 -4
250 254 -1
250 255 -2
250 256 4
251 253 2
251 254 -2
251 255 -1
251 256 -4
252 253 -1
252 254 1
252 255 -1
252 256 -1
257 261 2
257 262 2
257 263 -4
257 264 -2
258 261 -1
258 262 -4
258 263 -4
258 264 2
259 261 -4
259 262 1
259 263 4
259 264 2
260 261 -4
260 262 -1
260 263 -4
260 264 2
265 269 -2
265 270 -4
265 271 -4
265 272 -4
266 269 -2
266 270 -2
266 271 4
266 272 -2
267 269 4
267 270 -1
267 271 -4
267 272 2
268 269 4
268 270 -4
268 271 2
268 272 -1
273 277 1
273 278 -2
273 279 4
273 280 1
274 277 4
274 278 2
274 279 1
274 280 4
275 277 -4
275 278 -4
275 279 2
275 280 1
276 277 2
276 278 -1
276 279 -4
276 280 -4
281 285 4
281 286 -1
281 287 -2
281 288 2
282 285 -2
282 286 -1
282 287 4
282 288 1
283 285 1
283 286 1
283 287 -1
283 288 1
284 285 1
284 286 4
284 287 -2
284 288 1
289 293 4
289 294 -2
289 295 -4
289 296 -4
290 293 -4
290 294 -4
290 295 -2
290 296 -4
291 293 4
291 294 2
291 295 4
291 296 4
292 293 4
292 294 -2
292 295 4
292 296 -4
297 301 -4
297 302 2
297 303 -1
297 304 1
298 301 1
298 302 2
298 303 -4
298 304 -4
299 301 1
299 302 -4
299 303 -4
299 304 -4
300 301 -4
300 302 1
300 303 2
300 304 1
305 309 -4
305 310 -1
305 311 2
305 312 4
306 309 2
306 310 -2
306 311 -4
306 312 1
307 309 -4
307 310 -2
307 311 1
307 312 -2
308 309 -2
308 310 4
308 311 -4
308 312 1
313 317 1
313 318 2
313 319 1
313 320 1
314 317 1
314 318 -1
314 319 -4
314 320 -1
315 317 -4
315 318 -1
315 319 4
315 320 -4
316 317 1
316 318 -2
316 319 2
316 320 2
321 325 -2
321 326 -2
321 327 2
321 328 4
322 325 2
322 326 2
322 327 -4
322 328 4
323 325 1
323 326 1
323 327 -4
323 328 1
324 325 2
324 326 -4
324 327 -1
324 328 -4
329 333 -4
329 334 1
329 335 1
329 336 1
330 333 2
330 334 -1
330 335 -4
330 336 -2
331 333 -1
331 334 1
331 335 1
331 336 -1
332 333 -4
332 334 4
332 335 1
332 336 -1
337 341 -4
337 342 4
337 343 -1
337 344 -2
338 341 4
338 342 -2
338 343 -1
338 344 1
339 341 -4
339 342 4
339 343 4
339 344 2
340 341 -1
340 342 -1
340 343 -1
340 344 1
345 349 2
345 350 4
345 351 -1
345 352 -4
346 349 -1
346 350 -1
346 351 2
346 352 4
347 349 -2
347 350 -4
347 351 -4
347 352 2
348 349 4
348 350 4
348 351 4
348 352 1
353 357 2
353 358 -1
353 359 -4
353 360 -1
354 357 4
354 358 -4
354 359 -4
354 360 1
355 357 -4
355 358 2
355 359 4
355 360 4
356 357 -2
356 358 -4
356 359 4
356 360 -1
361 365 -4
361 366 4
361 367 -1
361 368 -2
362 365 4
362 366 -4
362 367 4
362 368 -4
363 365 -2
363 366 -4
363 367 1
363 368 -2
364 365 -4
364 366 1
364 367 -4
364 368 2
369 373 -1
369 374 -2
369 375 1
369 376 -2
370 373 -1
370 374 -1
370 375 1
370 376 1
371 373 2
371 374 -2
371 375 -4
371 376 -4
372 373 -4
372 374 2
372 375 2
372 376 1
377 381 2
377 382 2
377 383 1
377 384 -2
378 381 -1
378 382 -1
378 383 -4
378 384 2
379 381 -2
379 382 2
379 383 -4
379 384 -1
380 381 -2
380 382 1
380 383 4
380 384 1
385 389 -4
385 390 -4
385 391 -2
385 392 4
386 389 -2
386 390 -4
386 391 1
386 392 1
387 389 -1
387 390 -2
387 391 1
387 392 -4
388 389 -4
388 390 1
388 391 4
388 392 -2
393 397 -4
393 398 1
393 399 1
393 400 1
394 397 -2
394 398 4
394 399 -1
394 400 2
395 397 -2
395 398 1
395 399 -4
395 400 -1
396 397 2
396 398 2
396 399 1
396 400 1
401 405 -2
401 406 -2
401 407 1
401 408 1
402 405 -1
402 406 -4
402 407 2
402 408 4
403 405 2
403 406 -4
403 407 4
403 408 4
404 405 -4
404 406 1
404 407 4
404 408 4
409 413 -1
409 414 -1
409 415 -1
409 416 1
410 413 -2
410 414 -4
410 415 -4
410 416 1
411 413 2
411 414 -1
411 415 2
411 416 -2
412 413 1
412 414 -1
412 415 4
412 416 -2
417 421 -2
417 422 4
417 423 -1
417 424 -2
418 421 -1
418 422 1
418 423 4
418 424 -2
419 421 1
419 422 -2
419 423 1
419 424 -4
420 421 -4
420 422 -4
420 423 1
420 424 1
425 429 -2
425 430 -2
425 431 -4
425 432 4
426 429 4
426 430 2
426 431 -1
426 432 -1
427 429 -2
427 430 4
427 431 -2
427 432 2
428 429 -1
428 430 -2
428 431 1
428 432 1
433 437 -1
433 438 4
433 439 -1
433 440 -1
434 437 -1
434 438 4
434 439 -4
434 440 4
435 437 4
435 438 -4
435 439 2
435 440 -2
436 437 4
436 438 1
436 439 -4
436 440 1
441 445 4
441 446 -4
441 447 -4
441 448 -4
442 445 -1
442 446 -1
442 447 -4
442 448 1
443 445 1
443 446 -1
443 447 -1
443 448 -2
444 445 -2
444 446 -2
444 447 -1
444 448 1
449 453 -1
449 454 -4
449 455 2
449 456 1
450 453 2
450 454 -4
450 455 -4
450 456 -4
451 453 2
451 454 -2
451 455 -4
451 456 1
452 453 -4
452 454 -2
452 455 4
452 456 -2
457 461 4
457 462 2
457 463 4
457 464 1
458 461 4
458 462 2
458 463 4
458 464 1
459 461 2
459 462 2
459 463 -4
459 464 4
460 461 1
460 462 -2
460 463 -1
460 464 2
465 469 1
465 470 -2
465 471 2
465 472 -4
466 469 -4
466 470 4
466 471 -1
466 472 -2
467 469 4
467 470 -2
467 471 -1
467 472 4
468 469 2
468 470 4
468 471 -2
468 472 -2
473 477 2
473 478 -1
473 479 1
473 480 -2
474 477 1
474 478 -2
474 479 -2
474 480 -1
475 477 4
475 478 -1
475 479 1
475 480 -1
476 477 -1
476 478 -2
476 479 4
476 480 4
481 485 4
481 486 4
481 487 2
481 488 1
482 485 -4
482 486 -1
482 487 -4
482 488 -1
483 485 -1
483 486 -1
483 487 4
483 488 1
484 485 4
484 486 4
484 487 2
484 488 2
489 493 -2
489 494 -2
489 495 4
489 496 1
490 493 2
490 494 -1
490 495 4
490 496 2
491 493 -4
491 494 2
491 495 -1
491 496 1
492 493 -4
492 494 -1
492 495 1
492 496 -2
497 501 -2
497 502 -4
497 503 -1
497 504 -2
498 501 2
498 502 4
498 503 2
498 504 -1
499 501 -2
499 502 -2
499 503 1
499 504 1
500 501 4
500 502 -2
500 503 -1
500 504 1
505 509 -4
505 510 1
505 511 -4
505 512 -2
506 509 -4
506 510 2
506 511 4
506 512 -1
507 509 1
507 510 4
507 511 -4
507 512 4
508 509 4
508 510 1
508 511 2
508 512 1
513 517 -2
513 518 -4
513 519 1
513 520 -2
514 517 2
514 518 -4
514 519 4
514 520 -1
515 517 -2
515 518 -1
515 519 -1
515 520 2
516 517 1
516 518 -4
516 519 -2
516 520 4
521 525 -1
521 526 2
521 527 -1
521 528 1
522 525 -1
522 526 4
522 527 2
522 528 4
523 525 2
523 526 -1
523 527 -2
523 528 -2
524 525 -4
524 526 2
524 527 -4
524 528 -2
529 533 -1
529 534 4
529 535 1
529 536 4
530 533 1
530 534 4
530 535 1
530 536 1
531 533 2
531 534 1
531 535 1
531 536 2
532 533 1
532 534 1
532 535 1
532 536 2
537 541 -4
537 542 1
537 543 4
537 544 2
538 541 -4
538 542 -2
538 543 -2
538 544 -4
539 541 1
539 542 -1
539 543 2
539 544 -1
540 541 4
540 542 -1
540 543 4
540 544 -2
545 549 1
545 550 -2
545 551 -2
545 552 -2
546 549 -2
546 550 -2
546 551 -2
546 552 1
547 549 -2
547 550 -2
547 551 -1
547 552 -4
548 549 -1
548 550 -1
548 551 -4
548 552 -1
553 557 -1
553 558 -2
553 559 4
553 560 -2
554 557 2
554 558 4
554 559 2
554 560 -1
555 557 1
555 558 4
555 559 -1
555 560 1
556 557 -2
556 558 -4
556 559 -1
556 560 2
561 565 2
561 566 2
561 567 1
561 568 -4
562 565 1
562 566 1
562 567 2
562 568 -1
563 565 4
563 566 -4
563 567 4
563 568 -1
564 565 1
564 566 -2
564 567 1
564 568 -2
569 573 2
569 574 4
569 575 -4
569 576 2
570 573 4
570 574 -1
570 575 -2
570 576 -4
571 573 4
571 574 4
571 575 2
571 576 2
572 573 -1
572 574 4
572 575 4
572 576 -4
577 581 -2
577 582 -4
577 583 2
577 584 2
578 581 -1
578 582 2
578 583 2
578 584 4
579 581 -1
579 582 -1
579 583 2
579 584 2
580 581 4
580 582 2
580 583 -4
580 584 -4
585 589 -1
585 590 2
585 591 -2
585 592 -4
586 589 1
586 590 2
586 591 -2
586 592 -1
587 589 2
587 590 -4
587 591 -4
587 592 -1
588 589 -2
588 590 -2
588 591 4
588 592 -2
593 597 1
593 598 -1
593 599 -4
593 600 -4
594 597 -2
594 598 -1
594 599 -1
594 600 2
595 597 -4
595 598 1
595 599 2
595 600 1
596 597 1
596 598 -1
596 599 2
596 600 -4
601 605 1
601 606 1
601 607 1
601 608 4
602 605 -2
602 606 -4
602 607 -4
602 608 2
603 605 -4
603 606 -4
603 607 -4
603 608 1
604 605 1
604 606 4
604 607 -2
604 608 -1
609 613 -1
609 614 -1
609 615 2
609 616 4
610 613 -2
610 614 1
610 615 2
610 616 4
611 613 -4
611 614 2
611 615 4
611 616 1
612 613 -4
612 614 -4
612 615 -1
612 616 -1
617 621 1
617 622 1
617 623 -4
617 624 -1
618 621 1
618 622 -4
618 623 4
618 624 -2
619 621 -2
619 622 -4
619 623 4
619 624 1
620 621 4
620 622 -4
620 623 -4
620 624 -4
625 629 1
625 630 2
625 631 4
625 632 2
626 629 -2
626 630 -2
626 631 4
626 632 -1
627 629 -2
627 630 -2
627 631 -4
627 632 -2
628 629 -4
628 630 1
628 631 4
628 632 1
633 637 -4
633 638 2
633 639 -4
633 640 2
634 637 2
634 638 -1
634 639 -2
634 640 -1
635 637 1
635 638 4
635 639 -2
635 640 2
636 637 1
636 638 4
636 639 1
636 640 -1
641 645 2
641 646 1
641 647 -4
641 648 4
642 645 1
642 646 2
642 647 -2
642 648 2
643 645 -1
643 646 1
643 647 -4
643 648 1
644 645 1
644 646 -1
644 647 -2
644 648 -2
649 653 -2
649 654 -2
649 655 4
649 656 -4
650 653 4
650 654 -2
650 655 -1
650 656 2
651 653 2
651 654 -1
651 655 4
651 656 -4
652 653 1
652 654 -2
652 655 1
652 656 1
657 661 -1
657 662 2
657 663 -4
657 664 -4
658 661 -4
658 662 -2
658 663 -4
658 664 -4
659 661 2
659 662 1
659 663 -2
659 664 -1
660 661 -1
660 662 -4
660 663 -1
660 664 -4
665 669 -4
665 670 4
665 671 4
665 672 -4
666 669 1
666 670 1
666 671 4
666 672 4
667 669 1
667 670 -1
667 671 4
667 672 -1
668 669 4
668 670 2
668 671 -1
668 672 2
673 677 4
673 678 -1
673 679 1
673 680 -1
674 677 -2
674 678 -2
674 679 -1
674 680 -2
675 677 1
675 678 4
675 679 -4
675 680 -2
676 677 2
676 678 1
676 679 4
676 680 -1
681 685 1
681 686 4
681 687 -2
681 688 4
682 685 2
682 686 -1
682 687 2
682 688 -2
683 685 -2
683 686 4
683 687 1
683 688 2
684 685 2
684 686 2
684 687 1
684 688 -4
689 693 4
689 694 -2
689 695 -4
689 696 -1
690 693 4
690 694 1
690 695 -2
690 696 1
691 693 4
691 694 2
691 695 -4
691 696 2
692 693 -4
692 694 -2
692 695 -2
692 696 4
697 701 2
697 702 -2
697 703 -4
697 704 4
698 701 2
698 702 4
698 703 -4
698 704 -2
699 701 1
699 702 -1
699 703 2
699 704 1
700 701 -2
700 702 -1
700 703 2
700 704 4
705 709 -4
705 710 -2
705 711 2
705 712 4
706 709 4
706 710 4
706 711 -2
706 712 -1
707 709 2
707 710 4
707 711 2
707 712 -2
708 709 -1
708 710 -1
708 711 -2
708 712 -2
713 717 2
713 718 -1
713 719 -1
713 720 2
714 717 4
714 718 -2
714 719 -1
714 720 -1
715 717 1
715 718 -2
715 719 -4
715 720 -1
716 717 -1
716 718 -2
716 719 -1
716 720 4
721 725 -2
721 726 -1
721 727 -2
721 728 1
722 725 -2
722 726 -2
722 727 -1
722 728 2
723 725 -4
723 726 -2
723 727 -4
723 728 4
724 725 -4
724 726 2
724 727 -2
724 728 1
729 733 -4
729 734 -4
729 735 4
729 736 -1
730 733 -2
730 734 -2
730 735 -4
730 736 -2
731 733 -4
731 734 1
731 735 4
731 736 2
732 733 -1
732 734 -4
732 735 -1
732 736 4
737 741 -4
737 742 2
737 743 -2
737 744 -2
738 741 4
738 742 4
738 743 2
738 744 2
739 741 4
739 742 2
739 743 2
739 744 1
740 741 4
740 742 -4
740 743 -2
740 744 1
745 749 4
745 750 -2
745 751 4
745 752 2
746 749 -4
746 750 -1
746 751 -4
746 752 -1
747 749 -4
747 750 4
747 751 -2
747 752 -2
748 749 -4
748 750 -4
748 751 -4
748 752 4
753 757 4
753 758 -2
753 759 -1
753 760 -2
754 757 4
754 758 -2
754 759 -4
754 760 1
755 757 2
755 758 -2
755 759 -1
755 760 1
756 757 -4
756 758 4
756 759 2
756 760 -2
761 765 2
761 766 -1
761 767 -2
761 768 4
762 765 4
762 766 -2
762 767 4
762 768 4
763 765 -4
763 766 2
763 767 2
763 768 4
764 765 -1
764 766 -4
764 767 2
764 768 -4
769 773 -2
769 774 1
769 775 4
769 776 -4
770 773 2
770 774 4
770 775 4
770 776 1
771 773 2
771 774 1
771 775 -1
771 776 2
772 773 4
772 774 -4
772 775 -1
772 776 2
777 781 -4
777 782 -2
777 783 -4
777 784 1
778 781 4
778 782 -2
778 783 1
778 784 -4
779 781 -4
779 782 -4
779 783 2
779 784 1
780 781 -4
780 782 2
780 783 4
780 784 -4
785 789 -4
785 790 2
785 791 1
785 792 -4
786 789 2
786 790 -4
786 791 -4
786 792 2
787 789 -4
787 790 -2
787 791 -4
787 792 4
788 789 2
788 790 -4
788 791 -2
788 792 2
793 797 -1
793 798 -4
793 799 -4
793 800 -1
794 797 2
794 798 4
794 799 -1
794 800 4
795 797 2
795 798 -2
795 799 1
795 800 4
796 797 -1
796 798 -1
796 799 1
796 800 -2
801 805 2
801 806 4
801 807 2
801 808 2
802 805 2
802 806 2
802 807 4
802 808 -2
803 805 -2
803 806 -4
803 807 1
803 808 4
804 805 1
804 806 -4
804 807 2
804 808 1
809 813 1
809 814 4
809 815 -2
809 816 4
810 813 -2
810 814 1
810 815 -2
810 816 1
811 813 -2
811 814 4
811 815 1
811 816 -4
812 813 4
812 814 -2
812 815 2
812 816 -1
817 821 -2
817 822 -1
817 823 2
817 824 1
818 821 4
818 822 2
818 823 -1
818 824 1
819 821 -2
819 822 -2
819 823 4
819 824 2
820 821 4
820 822 -4
820 823 1
820 824 4
825 829 1
825 830 2
825 831 1
825 832 -1
826 829 4
826 830 4
826 831 2
826 832 -4
827 829 -1
827 830 -2
827 831 -4
827 832 -4
828 829 -4
828 830 2
828 831 -1
828 832 -1
833 837 2
833 838 4
833 839 -2
833 840 1
834 837 -1
834 838 2
834 839 4
834 840 -1
835 837 2
835 838 -2
835 839 -2
835 840 2
836 837 -1
836 838 -2
836 839 -1
836 840 4
841 845 1
841 846 -2
841 847 -2
841 848 -4
842 845 -4
842 846 -1
842 847 -4
842 848 2
843 845 4
843 846 -1
843 847 -2
843 848 4
844 845 4
844 846 4
844 847 2
844 848 -1
849 853 4
849 854 1
849 855 -1
849 856 -1
850 853 -2
850 854 1
850 855 -1
850 856 -2
851 853 4
851 854 2
851 855 -1
851 856 4
852 853 1
852 854 -1
852 855 -4
852 856 2
857 861 2
857 862 -2
857 863 1
857 864 -1
858 861 -1
858 862 -1
858 863 -2
858 864 -1
859 861 -4
859 862 -4
859 863 2
859 864 -2
860 861 -2
860 862 4
860 863 -1
860 864 2
865 869 1
865 870 2
865 871 1
865 872 1
866 869 -4
866 870 2
866 871 2
866 872 1
867 869 -1
867 870 -4
867 871 1
867 872 -4
868 869 -1
868 870 1
868 871 -4
868 872 2
873 877 2
873 878 4
873 879 1
873 880 2
874 877 1
874 878 1
874 879 -2
874 880 4
875 877 2
875 878 4
875 879 4
875 880 2
876 877 2
876 878 -1
876 879 -1
876 880 -1
881 885 -4
881 886 2
881 887 -4
881 888 -1
882 885 -1
882 886 4
882 887 2
882 888 1
883 885 -2
883 886 -1
883 887 4
883 888 1
884 885 4
884 886 -2
884 887 -1
884 888 -2
889 893 2
889 894 1
889 895 2
889 896 -4
890 893 2
890 894 -4
890 895 1
890 896 -1
891 893 -2
891 894 -1
891 895 -2
891 896 2
892 893 -1
892 894 -1
892 895 -4
892 896 -2
897 901 -1
897 902 2
897 903 4
897 904 -4
898 901 -2
898 902 -1
898 903 -4
898 904 -2
899 901 -4
899 902 4
899 903 -1
899 904 -1
900 901 2
900 902 4
900 903 -2
900 904 1
905 909 2
905 910 -1
905 911 -1
905 912 1
906 909 -1
906 910 4
906 911 2
906 912 -1
907 909 1
907 910 1
907 911 -4
907 912 -4
908 909 -2
908 910 -1
908 911 2
908 912 1
913 917 2
913 918 1
913 919 1
913 920 2
914 917 -2
914 918 4
914 919 4
914 920 4
915 917 1
915 918 -4
915 919 4
915 920 -1
916 917 2
916 918 2
916 919 -2
916 920 4
921 925 4
921 926 -4
921 927 -1
921 928 -4
922 925 -1
922 926 -4
922 927 -4
922 928 4
923 925 1
923 926 -4
923 927 1
923 928 -4
924 925 -2
924 926 -4
924 927 4
924 928 1
929 933 4
929 934 4
929 935 1
929 936 4
930 933 -4
930 934 -2
930 935 -2
930 936 1
931 933 -4
931 934 -4
931 935 4
931 936 1
932 933 -2
932 934 2
932 935 2
932 936 -1
937 941 -2
937 942 -4
937 943 2
937 944 -4
938 941 -1
938 942 1
938 943 -1
938 944 -4
939 941 -1
939 942 4
939 943 4
939 944 1
940 941 -1
940 942 2
940 943 1
940 944 -2
945 949 1
945 950 1
945 951 -1
945 952 4
946 949 -1
946 950 -2
946 951 -4
946 952 4
947 949 4
947 950 4
947 951 -1
947 952 -2
948 949 -4
948 950 -1
948 951 4
948 952 4
953 957 -1
953 958 4
953 959 2
953 960 2
954 957 -2
954 958 1
954 959 1
954 960 -1
955 957 -2
955 958 4
955 959 1
955 960 4
956 957 -2
956 958 4
956 959 4
956 960 2
961 965 1
961 966 1
961 967 -4
961 968 1
962 965 2
962 966 4
962 967 4
962 968 -1
963 965 4
963 966 -4
963 967 4
963 968 2
964 965 2
964 966 2
964 967 1
964 968 1
969 973 -2
969 974 -2
969 975 -2
969 976 4
970 973 4
970 974 2
970 975 -4
970 976 -4
971 973 -2
971 974 -2
971 975 4
971 976 1
972 973 -2
972 974 -1
972 975 -1
972 976 -4
977 981 2
977 982 2
977 983 1
977 984 4
978 981 2
978 982 4
978 983 -2
978 984 4
979 981 4
979 982 1
979 983 4
979 984 1
980 981 -1
980 982 -2
980 983 -2
980 984 -2
985 989 4
985 990 1
985 991 4
985 992 1
986 989 -1
986 990 -1
986 991 2
986 992 -1
987 989 -2
987 990 1
987 991 -1
987 992 1
988 989 -2
988 990 -2
988 991 -2
988 992 -4
993 997 4
993 998 -1
993 999 -2
993 1000 2
994 997 2
994 998 -2
994 999 2
994 1000 -4
995 997 -1
995 998 -1
995 999 4
995 1000 4
996 997 4
996 998 1
996 999 4
996 1000 4
1001 1005 1
1001 1006 4
1001 1007 -1
1001 1008 4
1002 1005 -2
1002 1006 -2
1002 1007 -1
1002 1008 1
1003 1005 -1
1003 1006 1
1003 1007 2
1003 1008 -2
1004 1005 -2
1004 1006 -4
1004 1007 -1
1004 1008 2
1009 1013 2
1009 1014 2
1009 1015 -2
1009 1016 -4
1010 1013 -4
1010 1014 -4
1010 1015 -2
1010 1016 4
1011 1013 -2
1011 1014 4
1011 1015 1
1011 1016 -2
1012 1013 1
1012 1014 2
1012 1015 -2
1012 1016 -4
1017 1021 -4
1017 1022 -2
1017 1023 -1
1017 1024 2
1018 1021 1
1018 1022 -1
1018 1023 -1
1018 1024 4
1019 1021 4
1019 1022 1
1019 1023 -1
1019 1024 1
1020 1021 -4
1020 1022 4
1020 1023 2
1020 1024 1
1025 1029 1
1025 1030 4
1025 1031 1
1025 1032 1
1026 1029 -2
1026 1030 -2
1026 1031 -2
1026 1032 2
1027 1029 2
1027 1030 -2
1027 1031 -2
1027 1032 2
1028 1029 -4
1028 1030 -2
1028 1031 1
1028 1032 -4
1033 1037 1
1033 1038 2
1033 1039 4
1033 1040 2
1034 1037 -1
1034 1038 2
1034 1039 -2
1034 1040 2
1035 1037 4
1035 1038 -4
1035 1039 -2
1035 1040 -2
1036 1037 1
1036 1038 -1
1036 1039 -4
1036 1040 4
1041 1045 1
1041 1046 2
1041 1047 -4
1041 1048 2
1042 1045 1
1042 1046 -2
1042 1047 -4
1042 1048 -4
1043 1045 4
1043 1046 -1
1043 1047 1
1043 1048 4
1044 1045 2
1044 1046 -4
1044 1047 2
1044 1048 4
1049 1053 1
1049 1054 4
1049 1055 2
1049 1056 1
1050 1053 -2
1050 1054 1
1050 1055 1
1050 1056 1
1051 1053 1
1051 1054 1
1051 1055 -4
1051 1056 -1
1052 1053 -4
1052 1054 -1
1052 1055 4
1052 1056 1
1057 1061 -4
1057 1062 -1
1057 1063 2
1057 1064 -1
1058 1061 2
1058 1062 2
1058 1063 2
1058 1064 2
1059 1061 -2
1059 1062 -1
1059 1063 1
1059 1064 -1
1060 1061 2
1060 1062 2
1060 1063 -4
1060 1064 -4
1065 1069 -1
1065 1070 1
1065 1071 -2
1065 1072 -2
1066 1069 -1
1066 1070 -1
1066 1071 4
1066 1072 4
1067 1069 -4
1067 1070 -1
1067 1071 -2
1067 1072 -2
1068 1069 2
1068 1070 -2
1068 1071 -4
1068 1072 1
1073 1077 -2
1073 1078 1
1073 1079 2
1073 1080 -4
1074 1077 4
1074 1078 2
1074 1079 -2
1074 1080 4
1075 1077 2
1075 1078 1
1075 1079 -4
1075 1080 -2
1076 1077 4
1076 1078 4
1076 1079 -2
1076 1080 -2
1081 1085 -4
1081 1086 1
1081 1087 4
1081 1088 -1
1082 1085 -1
1082 1086 2
1082 1087 -1
1082 1088 4
1083 1085 -4
1083 1086 4
1083 1087 -2
1083 1088 -2
1084 1085 2
1084 1086 2
1084 1087 -2
1084 1088 2
1089 1093 4
1089 1094 -2
1089 1095 -1
1089 1096 -1
1090 1093 -1
1090 1094 2
1090 1095 -1
1090 1096 4
1091 1093 -1
1091 1094 4
1091 1095 -4
1091 1096 -1
1092 1093 -2
1092 1094 2
1092 1095 2
1092 1096 -4
1097 1101 -4
1097 1102 4
1097 1103 4
1097 1104 1
1098 1101 1
1098 1102 -4
1098 1103 -1
1098 1104 -1
1099 1101 -2
1099 1102 -1
1099 1103 4
1099 1104 -2
1100 1101 1
1100 1102 -2
1100 1103 -4
1100 1104 -4
1105 1109 -2
1105 1110 4
1105 1111 -4
1105 1112 2
1106 1109 -4
1106 1110 1
1106 1111 1
1106 1112 1
1107 1109 -1
1107 1110 1
1107 1111 1
1107 1112 4
1108 1109 1
1108 1110 2
1108 1111 -2
1108 1112 4
1113 1117 2
1113 1118 -4
1113 1119 -4
1113 1120 -1
1114 1117 1
1114 1118 1
1114 1119 -4
1114 1120 -1
1115 1117 -2
1115 1118 1
1115 1119 -1
1115 1120 4
1116 1117 -2
1116 1118 -4
1116 1119 2
1116 1120 2
1121 1125 -4
1121 1126 -1
1121 1127 -1
1121 1128 4
1122 1125 -2
1122 1126 -4
1122 1127 4
1122 1128 1
1123 1125 -1
1123 1126 -2
1123 1127 -2
1123 1128 1
1124 1125 -1
1124 1126 -1
1124 1127 -1
1124 1128 1
1129 1133 4
1129 1134 1
1129 1135 -1
1129 1136 -4
1130 1133 -2
1130 1134 -2
1130 1135 1
1130 1136 -4
1131 1133 4
1131 1134 2
1131 1135 2
1131 1136 2
1132 1133 4
1132 1134 2
1132 1135 4
1132 1136 -1
1137 1141 -2
1137 1142 -1
1137 1143 -2
1137 1144 -4
1138 1141 -1
1138 1142 -2
1138 1143 -4
1138 1144 2
1139 1141 -1
1139 1142 -4
1139 1143 2
1139 1144 -2
1140 1141 1
1140 1142 -2
1140 1143 -4
1140 1144 2
1145 1149 2
1145 1150 4
1145 1151 -1
1145 1152 -2
1146 1149 -1
1146 1150 -4
1146 1151 2
1146 1152 4
1147 1149 -2
1147 1150 -2
1147 1151 -4
1147 1152 -4
1148 1149 2
1148 1150 -4
1148 1151 -4
1148 1152 -2
5 13 -1
6 14 4
7 15 -1
8 16 4
13 21 4
14 22 -4
15 23 -4
16 24 2
21 29 -4
22 30 -2
23 31 1
24 32 -1
29 37 1
30 38 -4
31 39 2
32 40 2
37 45 2
38 46 4
39 47 -4
40 48 -1
45 53 -1
46 54 -2
47 55 1
48 56 4
53 61 4
54 62 1
55 63 -1
56 64 -2
61 69 -1
62 70 4
63 71 2
64 72 2
69 77 -2
70 78 1
71 79 -1
72 80 -1
77 85 -4
78 86 4
79 87 -4
80 88 -1
85 93 -2
86 94 -4
87 95 -4
88 96 -1
101 109 4
102 110 -4
103 111 4
104 112 2
109 117 2
110 118 2
111 119 -1
112 120 2
117 125 4
118 126 1
119 127 1
120 128 2
125 133 -2
126 134 -4
127 135 -1
128 136 1
133 141 -1
134 142 -1
135 143 4
136 144 2
141 149 -2
142 150 2
143 151 2
144 152 -1
149 157 -2
150 158 -1
151 159 -2
152 160 -4
157 165 2
158 166 4
159 167 -4
160 168 -1
165 173 -4
166 174 2
167 175 -4
168 176 -1
173 181 1
174 182 1
175 183 -2
176 184 1
181 189 2
182 190 -1
183 191 4
184 192 4
197 205 -4
198 206 -2
199 207 2
200 208 -4
205 213 -4
206 214 -4
207 215 4
208 216 -2
213 221 -4
214 222 1
215 223 1
216 224 2
221 229 4
222 230 1
223 231 2
224 232 1
229 237 -2
230 238 1
231 239 2
232 240 -1
237 245 2
238 246 -1
239 247 2
240 248 -1
245 253 2
246 254 -1
247 255 1
248 256 -4
253 261 2
254 262 1
255 263 -4
256 264 -4
261 269 -1
262 270 -2
263 271 4
264 272 -2
269 277 -2
270 278 2
271 279 -1
272 280 2
277 285 -1
278 286 4
279 287 2
280 288 -1
293 301 -1
294 302 2
295 303 -4
296 304 1
301 309 -1
302 310 1
303 311 -1
304 312 -4
309 317 -1
310 318 1
311 319 1
312 320 1
317 325 -2
318 326 1
319 327 -2
320 328 -2
325 333 -4
326 334 4
327 335 -1
328 336 4
333 341 -1
334 342 -1
335 343 4
336 344 4
341 349 1
342 350 1
343 351 2
344 352 -2
349 357 1
350 358 -2
351 359 2
352 360 4
357 365 2
358 366 -4
359 367 4
360 368 2
365 373 2
366 374 -1
367 375 -4
368 376 -2
373 381 2
374 382 -1
375 383 -2
376 384 -4
389 397 4
390 398 2
391 399 1
392 400 -2
397 405 4
398 406 -4
399 407 -1
400 408 -1
405 413 -2
406 414 2
407 415 -1
408 416 -2
413 421 -1
414 422 -2
415 423 2
416 424 4
421 429 1
422 430 2
423 431 -2
424 432 1
429 437 4
430 438 -4
431 439 4
432 440 -4
437 445 -4
438 446 4
439 447 -2
440 448 4
445 453 1
446 454 2
447 455 1
448 456 2
453 461 4
454 462 -1
455 463 2
456 464 1
461 469 1
462 470 2
463 471 1
464 472 -2
469 477 4
470 478 4
471 479 1
472 480 -1
485 493 -1
486 494 2
487 495 2
488 496 4
493 501 -1
494 502 -4
495 503 -1
496 504 -2
501 509 2
502 510 -2
503 511 -4
504 512 -2
509 517 1
510 518 -2
511 519 -1
512 520 1
517 525 -1
518 526 -1
519 527 -1
520 528 2
525 533 -1
526 534 -1
527 535 -2
528 536 -1
533 541 -2
534 542 -4
535 543 4
536 544 -4
541 549 -1
542 550 -4
543 551 2
544 552 1
549 557 1
550 558 1
551 559 -4
552 560 -2
557 565 1
558 566 1
559 567 4
560 568 4
565 573 4
566 574 4
567 575 2
568 576 -1
581 589 -4
582 590 -1
583 591 4
584 592 1
589 597 -1
590 598 -1
591 599 -2
592 600 2
597 605 -4
598 606 -1
599 607 -4
600 608 -1
605 613 -4
606 614 2
607 615 -1
608 616 -1
613 621 -4
614 622 4
615 623 4
616 624 2
621 629 -1
622 630 2
623 631 -2
624 632 -2
629 637 4
630 638 -2
631 639 -1
632 640 -1
637 645 2
638 646 2
639 647 -2
640 648 -2
645 653 2
646 654 -1
647 655 -2
648 656 -2
653 661 1
654 662 4
655 663 -2
656 664 -4
661 669 -4
662 670 4
663 671 2
664 672 -4
677 685 4
678 686 -2
679 687 4
680 688 -4
685 693 1
686 694 4
687 695 -2
688 696 -2
693 701 -4
694 702 4
695 703 -2
696 704 4
701 709 -2
702 710 -4
703 711 4
704 712 4
709 717 1
710 718 -1
711 719 -2
712 720 2
717 725 -4
718 726 -4
719 727 4
720 728 -4
725 733 -2
726 734 2
727 735 4
728 736 -4
733 741 2
734 742 -1
735 743 1
736 744 4
741 749 -4
742 750 -2
743 751 -4
744 752 -4
749 757 -4
750 758 -4
751 759 -4
752 760 2
757 765 2
758 766 1
759 767 -4
760 768 1
773 781 -2
774 782 2
775 783 -4
776 784 1
781 789 -2
782 790 4
783 791 4
784 792 2
789 797 -2
790 798 4
791 799 2
792 800 4
797 805 -1
798 806 4
799 807 -2
800 808 -1
805 813 -1
806 814 2
807 815 4
808 816 -1
813 821 -4
814 822 2
815 823 4
816 824 4
821 829 4
822 830 -4
823 831 -1
824 832 2
829 837 -1
830 838 2
831 839 1
832 840 4
837 845 2
838 846 2
839 847 4
840 848 4
845 853 4
846 854 1
847 855 -4
848 856 -4
853 861 -1
854 862 1
855 863 4
856 864 1
869 877 -4
870 878 4
871 879 -4
872 880 -4
877 885 4
878 886 2
879 887 -4
880 888 1
885 893 -4
886 894 -2
887 895 -1
888 896 -4
893 901 -1
894 902 -4
895 903 1
896 904 -1
901 909 -4
902 910 -4
903 911 -4
904 912 1
909 917 2
910 918 -2
911 919 1
912 920 2
917 925 2
918 926 -1
919 927 4
920 928 -4
925 933 -2
926 934 2
927 935 2
928 936 -2
933 941 2
934 942 2
935 943 -1
936 944 2
941 949 -2
942 950 1
943 951 -1
944 952 -4
949 957 -1
950 958 4
951 959 4
952 960 1
965 973 1
966 974 -4
967 975 4
968 976 2
973 981 2
974 982 4
975 983 -1
976 984 -1
981 989 -4
982 990 -1
983 991 1
984 992 -4
989 997 -2
990 998 -2
991 999 -1
992 1000 -1
997 1005 4
998 1006 -2
999 1007 -2
1000 1008 -2
1005 1013 -1
1006 1014 -2
1007 1015 4
1008 1016 -1
1013 1021 4
1014 1022 1
1015 1023 4
1016 1024 2
1021 1029 4
1022 1030 -2
1023 1031 1
1024 1032 4
1029 1037 -4
1030 1038 4
1031 1039 2
1032 1040 4
1037 1045 -2
1038 1046 -4
1039 1047 -2
1040 1048 4
1045 1053 2
1046 1054 4
1047 1055 -2
1048 1056 -2
1061 1069 -1
1062 1070 -2
1063 1071 4
1064 1072 2
1069 1077 -2
1070 1078 -2
1071 1079 1
1072 1080 -2
1077 1085 -4
1078 1086 1
1079 1087 -1
1080 1088 -4
1085 1093 -4
1086 1094 -2
1087 1095 4
1088 1096 4
1093 1101 2
1094 1102 4
1095 1103 -2
1096 1104 2
1101 1109 1
1102 1110 2
1103 1111 1
1104 1112 1
1109 1117 -1
1110 1118 1
1111 1119 -4
1112 1120 2
1117 1125 4
1118 1126 -2
1119 1127 -1
1120 1128 -1
1125 1133 4
1126 1134 -1
1127 1135 4
1128 1136 -4
1133 1141 2
1134 1142 -2
1135 1143 -1
1136 1144 2
1141 1149 1
1142 1150 -4
1143 1151 -4
1144 1152 2
1 97 1
2 98 -2
3 99 4
4 100 -4
97 193 -2
98 194 2
99 195 2
100 196 1
193 289 -2
194 290 -4
195 291 -2
196 292 2
289 385 2
290 386 1
291 387 2
292 388 -1
385 481 -1
386 482 -2
387 483 -2
388 484 4
481 577 -2
482 578 -1
483 579 1
484 580 1
577 673 1
578 674 -4
579 675 2
580 676 1
673 769 -1
674 770 1
675 771 4
676 772 -4
769 865 -4
770 866 2
771 867 1
772 868 1
865 961 1
866 962 -2
867 963 1
868 964 1
961 1057 -1
962 1058 -4
963 1059 -4
964 1060 1
9 105 4
10 106 4
11 107 -2
12 108 -1
105 201 -2
106 202 -1
107 203 2
108 204 -1
201 297 1
202 298 2
203 299 -4
204 300 4
297 393 1
298 394 2
299 395 2
300 396 2
393 489 4
394 490 -2
395 491 4
396 492 2
489 585 -4
490 586 2
491 587 2
492 588 -2
585 681 -4
586 682 -2
587 683 2
588 684 2
681 777 2
682 778 2
683 779 -1
684 780 4
777 873 2
778 874 1
779 875 4
780 876 4
873 969 -4
874 970 -1
875 971 1
876 972 -1
969 1065 -2
970 1066 -1
971 1067 -2
972 1068 2
17 113 4
18 114 1
19 115 4
20 116 4
113 209 -2
114 210 2
115 211 1
116 212 -1
209 305 2
210 306 -1
211 307 2
212 308 -2
305 401 1
306 402 2
307 403 1
308 404 -2
401 497 1
402 498 4
403 499 1
404 500 -4
497 593 -1
498 594 2
499 595 -1
500 596 2
593 689 -2
594 690 -4
595 691 2
596 692 1
689 785 2
690 786 -2
691 787 2
692 788 -1
785 881 2
786 882 4
787 883 -4
788 884 2
881 977 -4
882 978 1
883 979 -1
884 980 -4
977 1073 -2
978 1074 4
979 1075 2
980 1076 1
25 121 -4
26 122 -2
27 123 2
28 124 -2
121 217 4
122 218 4
123 219 4
124 220 4
217 313 -2
218 314 -4
219 315 1
220 316 -1
313 409 -4
314 410 2
315 411 -4
316 412 4
409 505 -2
410 506 1
411 507 2
412 508 -1
505 601 -2
506 602 -1
507 603 1
508 604 -1
601 697 4
602 698 4
603 699 2
604 700 -1
697 793 -2
698 794 -1
699 795 -1
700 796 4
793 889 -2
794 890 -2
795 891 -1
796 892 -2
889 985 -1
890 986 2
891 987 1
892 988 -4
985 1081 -4
986 1082 4
987 1083 -1
988 1084 -1
33 129 -1
34 130 4
35 131 4
36 132 -2
129 225 -1
130 226 1
131 227 4
132 228 1
225 321 1
226 322 -1
227 323 -1
228 324 -1
321 417 1
322 418 -1
323 419 4
324 420 2
417 513 4
418 514 1
419 515 -1
420 516 -4
513 609 4
514 610 1
515 611 2
516 612 1
609 705 -4
610 706 4
611 707 4
612 708 -4
705 801 -2
706 802 2
707 803 2
708 804 -4
801 897 4
802 898 2
803 899 -4
804 900 4
897 993 -1
898 994 -2
899 995 2
900 996 -2
993 1089 -1
994 1090 -2
995 1091 4
996 1092 -4
41 137 -2
42 138 -2
43 139 -2
44 140 1
137 233 2
138 234 -2
139 235 2
140 236 -4
233 329 -2
234 330 4
235 331 4
236 332 4
329 425 -1
330 426 -4
331 427 1
332 428 -1
425 521 1
426 522 4
427 523 -4
428 524 2
521 617 4
522 618 4
523 619 -1
524 620 2
617 713 2
618 714 -1
619 715 2
620 716 4
713 809 1
714 810 -4
715 811 4
716 812 -1
809 905 2
810 906 -4
811 907 2
812 908 -2
905 1001 -4
906 1002 -2
907 1003 -4
908 1004 2
1001 1097 2
1002 1098 4
1003 1099 -4
1004 1100 1
49 145 -4
50 146 2
51 147 -4
52 148 -4
145 241 -2
146 242 4
147 243 4
148 244 1
241 337 -2
242 338 1
243 339 -2
244 340 -4
337 433 2
338 434 2
339 435 1
340 436 -1
433 529 -4
434 530 -1
435 531 -1
436 532 2
529 625 1
530 626 1
531 627 4
532 628 -4
625 721 4
626 722 -2
627 723 -2
628 724 -4
721 817 -1
722 818 1
723 819 -2
724 820 -2
817 913 1
818 914 1
819 915 4
820 916 2
913 1009 4
914 1010 -4
915 1011 -2
916 1012 -4
1009 1105 -1
1010 1106 -2
1011 1107 -4
1012 1108 -1
57 153 -1
58 154 2
59 155 -4
60 156 2
153 249 -4
154 250 -2
155 251 1
156 252 1
249 345 -2
250 346 -2
251 347 -4
252 348 4
345 441 -4
346 442 1
347 443 -2
348 444 4
441 537 -4
442 538 1
443 539 2
444 540 1
537 633 -4
538 634 -4
539 635 -4
540 636 1
633 729 -4
634 730 -2
635 731 -1
636 732 -4
729 825 -4
730 826 2
731 827 4
732 828 2
825 921 -2
826 922 1
827 923 1
828 924 2
921 1017 -2
922 1018 -2
923 1019 -4
924 1020 1
1017 1113 -4
1018 1114 1
1019 1115 2
1020 1116 1
65 161 2
66 162 -2
67 163 -4
68 164 2
161 257 -4
162 258 1
163 259 1
164 260 4
257 353 -2
258 354 2
259 355 1
260 356 4
353 449 2
354 450 -2
355 451 -2
356 452 4
449 545 -1
450 546 1
451 547 4
452 548 -1
545 641 2
546 642 -2
547 643 4
548 644 -2
641 737 -1
642 738 -1
643 739 -2
644 740 1
737 833 1
738 834 -2
739 835 -2
740 836 1
833 929 4
834 930 1
835 931 1
836 932 -1
929 1025 -4
930 1026 -2
931 1027 -2
932 1028 4
1025 1121 -4
1026 1122 4
1027 1123 1
1028 1124 -4
73 169 2
74 170 -1
75 171 -4
76 172 2
169 265 -2
170 266 -4
171 267 -4
172 268 -2
265 361 -1
266 362 -2
267 363 1
268 364 -1
361 457 4
362 458 -1
363 459 -1
364 460 -2
457 553 1
458 554 4
459 555 -1
460 556 2
553 649 -1
554 650 -2
555 651 -4
556 652 2
649 745 -1
650 746 4
651 747 2
652 748 -1
745 841 -2
746 842 4
747 843 2
748 844 -4
841 937 4
842 938 2
843 939 2
844 940 -2
937 1033 4
938 1034 4
939 1035 2
940 1036 1
1033 1129 2
1034 1130 2
1035 1131 -1
1036 1132 2
81 177 4
82 178 -4
83 179 4
84 180 -2
177 273 2
178 274 -2
179 275 -2
180 276 -2
273 369 -4
274 370 4
275 371 1
276 372 4
369 465 -2
370 466 4
371 467 -4
372 468 2
465 561 1
466 562 1
467 563 -4
468 564 2
561 657 -1
562 658 -1
563 659 -4
564 660 -4
657 753 1
658 754 1
659 755 4
660 756 1
753 849 4
754 850 1
755 851 -2
756 852 4
849 945 4
850 946 2
851 947 2
852 948 -2
945 1041 -4
946 1042 -2
947 1043 1
948 1044 4
1041 1137 -2
1042 1138 4
1043 1139 4
1044 1140 1
89 185 4
90 186 -1
91 187 -4
92 188 2
185 281 -2
186 282 2
187 283 4
188 284 2
281 377 -1
282 378 -1
283 379 2
284 380 -4
377 473 4
378 474 1
379 475 1
380 476 -1
473 569 -2
474 570 1
475 571 -4
476 572 -4
569 665 -1
570 666 1
571 667 -1
572 668 -1
665 761 1
666 762 1
667 763 1
668 764 2
761 857 4
762 858 -4
763 859 -4
764 860 2
857 953 -2
858 954 2
859 955 1
860 956 1
953 1049 4
954 1050 2
955 1051 1
956 1052 4
1049 1145 2
1050 1146 1
1051 1147 1
1052 1148 -1
