#
1 5 1
1 6 1
1 7 -1
1 8 -4
2 5 -4
2 6 4
2 7 2
2 8 -1
3 5 -2
3 6 -2
3 7 -1
3 8 -1
4 5 1
4 6 -1
4 7 2
4 8 2
9 13 2
9 14 1
9 15 4
9 16 1
10 13 -1
10 14 4
10 15 -2
10 16 2
11 13 1
11 14 1
11 15 -1
11 16 -1
12 13 -4
12 14 4
12 15 -2
12 16 -4
17 21 -1
17 22 -2
17 23 -1
17 24 -2
18 21 1
18 22 -4
18 23 4
18 24 2
19 21 1
19 22 -4
19 23 2
19 24 2
20 21 -4
20 22 -1
20 23 2
20 24 4
25 29 -4
25 30 -2
25 31 -4
25 32 -4
26 29 2
26 30 4
26 31 1
26 32 -2
27 29 2
27 30 -1
27 31 -1
27 32 2
28 29 -4
28 30 -1
28 31 -2
28 32 -1
33 37 1
33 38 -4
33 39 2
33 40 2
34 37 -1
34 38 -1
34 39 1
34 40 1
35 37 -1
35 38 -4
35 39 1
35 40 -1
36 37 -4
36 38 1
36 39 -1
36 40 -1
41 45 2
41 46 -4
41 47 4
41 48 2
42 45 -2
42 46 4
42 47 -1
42 48 2
43 45 -4
43 46 1
43 47 2
43 48 -2
44 45 -4
44 46 -1
44 47 -2
44 48 -4
49 53 -4
49 54 -2
49 55 2
49 56 -2
50 53 1
50 54 -4
50 55 -1
50 56 -1
51 53 1
51 54 -1
51 55 4
51 56 1
52 53 -4
52 54 -4
52 55 2
52 56 -4
57 61 -1
57 62 -4
57 63 -1
57 64 2
58 61 -2
58 62 -2
58 63 -2
58 64 -1
59 61 -1
59 62 -1
59 63 4
59 64 -1
60 61 -1
60 62 -2
60 63 2
60 64 -4
65 69 -2
65 70 -2
65 71 -4
65 72 4
66 69 4
66 70 2
66 71 -2
66 72 2
67 69 -2
67 70 1
67 71 -4
67 72 1
68 69 2
68 70 2
68 71 2
68 72 -2
73 77 -2
73 78 2
73 79 1
73 80 2
74 77 -1
74 78 -2
74 79 -1
74 80 1
75 77 -1
75 78 1
75 79 -1
75 80 -4
76 77 4
76 78 4
76 79 4
76 80 1
81 85 4
81 86 -1
81 87 2
81 88 -4
82 85 -2
82 86 -4
82 87 4
82 88 4
83 85 -2
83 86 -1
83 87 -4
83 88 1
84 85 2
84 86 4
84 87 -4
84 88 2
89 93 -1
89 94 -2
89 95 -2
89 96 4
90 93 4
90 94 4
90 95 1
90 96 4
91 93 -1
91 94 4
91 95 1
91 96 -2
92 93 2
92 94 -1
92 95 -1
92 96 4
97 101 -1
97 102 1
97 103 2
97 104 4
98 101 -1
98 102 1
98 103 -1
98 104 -2
99 101 -2
99 102 -2
99 103 -2
99 104 1
100 101 2
100 102 -4
100 103 -1
100 104 -2
105 109 1
105 110 2
105 111 4
105 112 -2
106 109 1
106 110 -4
106 111 4
106 112 -1
107 109 -2
107 110 -2
107 111 -2
107 112 1
108 109 -1
108 110 2
108 111 1
108 112 1
113 117 1
113 118 4
113 119 -4
113 120 4
114 117 4
114 118 -2
114 119 2
114 120 -4
115 117 -1
115 118 -4
115 119 2
115 120 4
116 117 1
116 118 2
116 119 1
116 120 -2
121 125 1
121 126 -2
121 127 -4
121 128 -1
122 125 4
122 126 -1
122 127 2
122 128 -2
123 125 1
123 126 4
123 127 1
123 128 -4
124 125 1
124 126 -1
124 127 4
124 128 1
129 133 -2
129 134 4
129 135 1
129 136 4
130 133 4
130 134 4
130 135 2
130 136 -2
131 133 4
131 134 4
131 135 -2
131 136 -2
132 133 2
132 134 -1
132 135 -4
132 136 1
137 141 1
137 142 2
137 143 -1
137 144 2
138 141 -4
138 142 4
138 143 -4
138 144 -2
139 141 -2
139 142 -1
139 143 4
139 144 2
140 141 1
140 142 -2
140 143 -1
140 144 -2
145 149 -2
145 150 2
145 151 -1
145 152 2
146 149 -1
146 150 1
146 151 1
146 152 -1
147 149 -4
147 150 2
147 151 2
147 152 -4
148 149 -1
148 150 -2
148 151 2
148 152 2
153 157 -1
153 158 -2
153 159 1
153 160 -4
154 157 1
154 158 -1
154 159 2
154 160 2
155 157 -2
155 158 4
155 159 -1
155 160 4
156 157 2
156 158 -4
156 159 -1
156 160 2
161 165 -4
161 166 2
161 167 -1
161 168 1
162 165 -1
162 166 -2
162 167 4
162 168 -4
163 165 1
163 166 -4
163 167 -2
163 168 4
164 165 -1
164 166 4
164 167 -1
164 168 -4
169 173 -1
169 174 4
169 175 -1
169 176 4
170 173 4
170 174 2
170 175 -1
170 176 -2
171 173 -4
171 174 2
171 175 -4
171 176 2
172 173 4
172 174 -1
172 175 4
172 176 4
177 181 -2
177 182 4
177 183 -1
177 184 -1
178 181 -2
178 182 -2
178 183 1
178 184 -1
179 181 2
179 182 -1
179 183 4
179 184 1
180 181 1
180 182 -2
180 183 -4
180 184 -2
185 189 1
185 190 -4
185 191 -4
185 192 -2
186 189 -2
186 190 -4
186 191 1
186 192 -1
187 189 2
187 190 -1
187 191 -1
187 192 -4
188 189 -2
188 190 2
188 191 -1
188 192 -4
193 197 4
193 198 2
193 199 2
193 200 -1
194 197 -4
194 198 -1
194 199 4
194 200 -2
195 197 -4
195 198 -2
195 199 4
195 200 4
196 197 -4
196 198 2
196 199 1
196 200 4
201 205 2
201 206 2
201 207 -4
201 208 2
202 205 -2
202 206 4
202 207 -1
202 208 1
203 205 -4
203 206 -2
203 207 -4
203 208 -4
204 205 -2
204 206 -4
204 207 -2
204 208 -2
209 213 1
209 214 4
209 215 1
209 216 -1
210 213 -2
210 214 4
210 215 2
210 216 -4
211 213 4
211 214 2
211 215 2
211 216 -1
212 213 -2
212 214 1
212 215 -4
212 216 -2
217 221 -4
217 222 -2
217 223 -2
217 224 -1
218 221 -1
218 222 -2
218 223 2
218 224 -2
219 221 -1
219 222 -4
219 223 -2
219 224 -4
220 221 -2
220 222 2
220 223 4
220 224 1
225 229 2
225 230 -2
225 231 -1
225 232 1
226 229 4
226 230 4
226 231 -2
226 232 2
227 229 -1
227 230 -2
227 231 -2
227 232 1
228 229 4
228 230 -1
228 231 1
228 232 -4
233 237 -4
233 238 4
233 239 2
233 240 4
234 237 -1
234 238 2
234 239 -2
234 240 -4
235 237 -4
235 238 -1
235 239 -4
235 240 -1
236 237 -4
236 238 -4
236 239 2
236 240 -1
241 245 2
241 246 1
241 247 4
241 248 -2
242 245 2
242 246 -1
242 247 1
242 248 -2
243 245 2
243 246 1
243 247 2
243 248 2
244 245 2
244 246 -1
244 247 1
244 248 -4
249 253 2
249 254 -2
249 255 -2
249 256 2
250 253 4
250 254 2
250 255 -1
250 256 4
251 253 1
251 254 1
251 255 4
251 256 -4
252 253 -4
252 254 4
252 255 4
252 256 4
257 261 4
257 262 1
257 263 -4
257 264 -4
258 261 2
258 262 2
258 263 1
258 264 4
259 261 2
259 262 4
259 263 2
259 264 1
260 261 -2
260 262 -4
260 263 -4
260 264 2
265 269 -2
265 270 -4
265 271 4
265 272 2
266 269 -1
266 270 2
266 271 1
266 272 1
267 269 4
267 270 -1
267 271 -4
267 272 -1
268 269 1
268 270 -2
268 271 1
268 272 -1
273 277 -4
273 278 4
273 279 4
273 280 2
274 277 4
274 278 1
274 279 1
274 280 1
275 277 -1
275 278 4
275 279 -1
275 280 1
276 277 -4
276 278 -4
276 279 -1
276 280 1
281 285 1
281 286 1
281 287 4
281 288 -4
282 285 4
282 286 4
282 287 -2
282 288 -2
283 285 -4
283 286 2
283 287 4
283 288 2
284 285 -1
284 286 4
284 287 -4
284 288 -2
289 293 -2
289 294 -1
289 295 2
289 296 2
290 293 4
290 294 1
290 295 1
290 296 2
291 293 -1
291 294 -1
291 295 -1
291 296 -4
292 293 1
292 294 -1
292 295 -1
292 296 -2
297 301 -1
297 302 2
297 303 -4
297 304 -2
298 301 -1
298 302 4
298 303 2
298 304 -4
299 301 1
299 302 4
299 303 2
299 304 4
300 301 -2
300 302 -4
300 303 4
300 304 4
305 309 4
305 310 -1
305 311 -1
305 312 4
306 309 2
306 310 -1
306 311 4
306 312 1
307 309 -4
307 310 -4
307 311 -1
307 312 1
308 309 -2
308 310 4
308 311 1
308 312 -2
313 317 -4
313 318 -1
313 319 4
313 320 -4
314 317 -2
314 318 -1
314 319 -4
314 320 -1
315 317 -4
315 318 -1
315 319 -2
315 320 1
316 317 1
316 318 2
316 319 -4
316 320 2
321 325 1
321 326 1
321 327 -1
321 328 -4
322 325 2
322 326 4
322 327 -4
322 328 -1
323 325 -4
323 326 1
323 327 -1
323 328 -4
324 325 -4
324 326 1
324 327 -2
324 328 -4
329 333 -4
329 334 4
329 335 -1
329 336 1
330 333 1
330 334 4
330 335 2
330 336 -1
331 333 2
331 334 -4
331 335 -4
331 336 -4
332 333 -4
332 334 4
332 335 4
332 336 4
337 341 1
337 342 1
337 343 -4
337 344 -1
338 341 -2
338 342 -1
338 343 1
338 344 1
339 341 -1
339 342 2
339 343 1
339 344 2
340 341 -2
340 342 4
340 343 -1
340 344 -4
345 349 1
345 350 2
345 351 -1
345 352 -4
346 349 -4
346 350 -4
346 351 4
346 352 2
347 349 -2
347 350 -2
347 351 -4
347 352 -2
348 349 -1
348 350 -1
348 351 -4
348 352 4
353 357 -4
353 358 -2
353 359 2
353 360 2
354 357 -1
354 358 -4
354 359 4
354 360 4
355 357 2
355 358 -1
355 359 -4
355 360 4
356 357 -2
356 358 -2
356 359 2
356 360 -2
361 365 -2
361 366 4
361 367 2
361 368 4
362 365 -4
362 366 -4
362 367 -2
362 368 4
363 365 -4
363 366 -4
363 367 -1
363 368 -4
364 365 1
364 366 1
364 367 4
364 368 -4
369 373 4
369 374 -2
369 375 2
369 376 4
370 373 1
370 374 1
370 375 4
370 376 1
371 373 1
371 374 -4
371 375 4
371 376 2
372 373 4
372 374 -2
372 375 2
372 376 1
377 381 1
377 382 4
377 383 2
377 384 1
378 381 -2
378 382 -2
378 383 4
378 384 -2
379 381 -4
379 382 4
379 383 4
379 384 -1
380 381 4
380 382 -2
380 383 -2
380 384 4
385 389 -1
385 390 -4
385 391 -4
385 392 4
386 389 -4
386 390 2
386 391 2
386 392 4
387 389 -2
387 390 -2
387 391 -4
387 392 -1
388 389 -2
388 390 -1
388 391 4
388 392 -4
393 397 1
393 398 2
393 399 -4
393 400 4
394 397 4
394 398 2
394 399 -2
394 400 -2
395 397 -4
395 398 -4
395 399 -4
395 400 2
396 397 -4
396 398 1
396 399 -2
396 400 -4
401 405 1
401 406 1
401 407 4
401 408 -1
402 405 2
402 406 1
402 407 -1
402 408 -1
403 405 2
403 406 1
403 407 -1
403 408 -4
404 405 -2
404 406 4
404 407 -4
404 408 2
409 413 -4
409 414 -1
409 415 2
409 416 1
410 413 -2
410 414 -4
410 415 2
410 416 4
411 413 2
411 414 -1
411 415 -1
411 416 -1
412 413 1
412 414 -1
412 415 -4
412 416 1
417 421 2
417 422 2
417 423 4
417 424 -4
418 421 1
418 422 1
418 423 4
418 424 -4
419 421 2
419 422 -4
419 423 -2
419 424 1
420 421 -2
420 422 -4
420 423 4
420 424 -4
425 429 2
425 430 2
425 431 4
425 432 -4
426 429 -1
426 430 2
426 431 -2
426 432 2
427 429 -4
427 430 4
427 431 1
427 432 -2
428 429 -1
428 430 -2
428 431 4
428 432 1
433 437 2
433 438 -1
433 439 -1
433 440 4
434 437 4
434 438 -2
434 439 1
434 440 -1
435 437 -2
435 438 -1
435 439 1
435 440 -1
436 437 -2
436 438 2
436 439 -4
436 440 1
441 445 2
441 446 -4
441 447 -1
441 448 4
442 445 -1
442 446 4
442 447 -4
442 448 2
443 445 4
443 446 -4
443 447 2
443 448 2
444 445 1
444 446 -1
444 447 -2
444 448 2
449 453 -2
449 454 2
449 455 2
449 456 2
450 453 1
450 454 4
450 455 2
450 456 -4
451 453 1
451 454 -1
451 455 -2
451 456 4
452 453 1
452 454 -2
452 455 2
452 456 4
457 461 -1
457 462 4
457 463 -4
457 464 -1
458 461 1
458 462 4
458 463 -4
458 464 -4
459 461 4
459 462 -2
459 463 2
459 464 -1
460 461 4
460 462 4
460 463 -1
460 464 2
465 469 2
465 470 -2
465 471 2
465 472 -4
466 469 4
466 470 -4
466 471 -4
466 472 -2
467 469 1
467 470 1
467 471 -4
467 472 2
468 469 -2
468 470 -4
468 471 4
468 472 1
473 477 4
473 478 -2
473 479 1
473 480 1
474 477 -1
474 478 -2
474 479 4
474 480 4
475 477 -1
475 478 -1
475 479 4
475 480 1
476 477 -1
476 478 -4
476 479 1
476 480 2
481 485 1
481 486 -1
481 487 -1
481 488 1
482 485 -1
482 486 4
482 487 4
482 488 -1
483 485 -1
483 486 1
483 487 -2
483 488 -2
484 485 -4
484 486 2
484 487 4
484 488 -1
489 493 -1
489 494 -1
489 495 -2
489 496 -4
490 493 2
490 494 2
490 495 -2
490 496 4
491 493 2
491 494 -2
491 495 -2
491 496 -1
492 493 -1
492 494 -2
492 495 -1
492 496 4
497 501 -4
497 502 -4
497 503 -1
497 504 1
498 501 1
498 502 1
498 503 1
498 504 -2
499 501 4
499 502 -2
499 503 2
499 504 4
500 501 -4
500 502 1
500 503 -4
500 504 2
505 509 -2
505 510 -2
505 511 -2
505 512 -2
506 509 -4
506 510 2
506 511 1
506 512 2
507 509 -2
507 510 2
507 511 2
507 512 1
508 509 4
508 510 1
508 511 -4
508 512 -4
513 517 -1
513 518 -4
513 519 -1
513 520 -2
514 517 1
514 518 2
514 519 1
514 520 4
515 517 -2
515 518 -1
515 519 2
515 520 4
516 517 -2
516 518 1
516 519 -1
516 520 2
521 525 4
521 526 2
521 527 -2
521 528 2
522 525 -1
522 526 -4
522 527 1
522 528 1
523 525 2
523 526 -4
523 527 1
523 528 -2
524 525 -4
524 526 4
524 527 -1
524 528 -4
529 533 4
529 534 -2
529 535 -4
529 536 2
530 533 1
530 534 -4
530 535 2
530 536 1
531 533 -1
531 534 -2
531 535 2
531 536 -1
532 533 -1
532 534 1
532 535 -1
532 536 2
537 541 2
537 542 -2
537 543 -4
537 544 4
538 541 4
538 542 2
538 543 -4
538 544 -1
539 541 4
539 542 1
539 543 -4
539 544 2
540 541 -1
540 542 4
540 543 2
540 544 1
545 549 -4
545 550 4
545 551 1
545 552 -1
546 549 -4
546 550 -1
546 551 -2
546 552 4
547 549 -2
547 550 1
547 551 -1
547 552 -4
548 549 -2
548 550 1
548 551 -4
548 552 -2
553 557 1
553 558 1
553 559 1
553 560 1
554 557 1
554 558 1
554 559 -1
554 560 -4
555 557 4
555 558 -4
555 559 -2
555 560 -1
556 557 4
556 558 -4
556 559 -1
556 560 2
561 565 -2
561 566 2
561 567 1
561 568 1
562 565 4
562 566 4
562 567 1
562 568 -4
563 565 1
563 566 -4
563 567 4
563 568 -4
564 565 2
564 566 -4
564 567 -1
564 568 -2
569 573 -1
569 574 -2
569 575 1
569 576 -1
570 573 -2
570 574 -4
570 575 1
570 576 4
571 573 1
571 574 2
571 575 1
571 576 -4
572 573 -4
572 574 4
572 575 2
572 576 -2
577 581 -2
577 582 2
577 583 2
577 584 -1
578 581 -2
578 582 4
578 583 -2
578 584 4
579 581 2
579 582 -1
579 583 4
579 584 2
580 581 1
580 582 1
580 583 -1
580 584 4
585 589 4
585 590 1
585 591 -1
585 592 -2
586 589 -1
586 590 -2
586 591 -2
586 592 1
587 589 4
587 590 2
587 591 -4
587 592 -2
588 589 -4
588 590 2
588 591 -1
588 592 -2
593 597 2
593 598 1
593 599 -1
593 600 1
594 597 4
594 598 -2
594 599 4
594 600 -2
595 597 2
595 598 -4
595 599 -2
595 600 -4
596 597 4
596 598 -2
596 599 2
596 600 -1
601 605 -4
601 606 2
601 607 1
601 608 -2
602 605 -1
602 606 4
602 607 4
602 608 4
603 605 2
603 606 -2
603 607 2
603 608 4
604 605 -4
604 606 -2
604 607 -4
604 608 4
609 613 -1
609 614 2
609 615 4
609 616 -4
610 613 1
610 614 4
610 615 4
610 616 1
611 613 4
611 614 4
611 615 -1
611 616 1
612 613 -1
612 614 4
612 615 -1
612 616 -4
617 621 2
617 622 -2
617 623 -4
617 624 1
618 621 -4
618 622 -2
618 623 -1
618 624 2
619 621 1
619 622 1
619 623 -2
619 624 1
620 621 4
620 622 1
620 623 1
620 624 -2
625 629 -4
625 630 1
625 631 -2
625 632 -4
626 629 4
626 630 1
626 631 -2
626 632 -1
627 629 2
627 630 2
627 631 2
627 632 1
628 629 2
628 630 -1
628 631 1
628 632 2
633 637 2
633 638 -1
633 639 4
633 640 1
634 637 -1
634 638 -1
634 639 4
634 640 1
635 637 -1
635 638 -4
635 639 1
635 640 -2
636 637 4
636 638 -2
636 639 1
636 640 2
641 645 -2
641 646 1
641 647 1
641 648 1
642 645 -4
642 646 -1
642 647 -4
642 648 -1
643 645 2
643 646 -4
643 647 1
643 648 -1
644 645 -2
644 646 -4
644 647 -4
644 648 4
649 653 -2
649 654 -1
649 655 4
649 656 4
650 653 -4
650 654 2
650 655 -4
650 656 4
651 653 1
651 654 1
651 655 1
651 656 -1
652 653 1
652 654 1
652 655 2
652 656 1
657 661 4
657 662 1
657 663 4
657 664 -2
658 661 -2
658 662 -4
658 663 -1
658 664 4
659 661 -2
659 662 -2
659 663 -4
659 664 -1
660 661 -4
660 662 1
660 663 -1
660 664 -1
665 669 -4
665 670 1
665 671 1
665 672 -4
666 669 -1
666 670 -2
666 671 -1
666 672 -1
667 669 -2
667 670 -4
667 671 4
667 672 -4
668 669 -1
668 670 -2
668 671 -4
668 672 -4
673 677 -4
673 678 -2
673 679 -4
673 680 1
674 677 2
674 678 2
674 679 4
674 680 -4
675 677 -4
675 678 2
675 679 4
675 680 -4
676 677 1
676 678 2
676 679 2
676 680 1
681 685 -4
681 686 2
681 687 -2
681 688 -2
682 685 1
682 686 4
682 687 -4
682 688 -4
683 685 -2
683 686 2
683 687 2
683 688 -2
684 685 2
684 686 -4
684 687 -1
684 688 -2
689 693 1
689 694 2
689 695 2
689 696 -1
690 693 2
690 694 4
690 695 2
690 696 4
691 693 1
691 694 4
691 695 -4
691 696 1
692 693 2
692 694 -2
692 695 4
692 696 2
697 701 -1
697 702 -4
697 703 -1
697 704 -1
698 701 -1
698 702 -4
698 703 1
698 704 -1
699 701 4
699 702 -4
699 703 -4
699 704 -1
700 701 2
700 702 2
700 703 2
700 704 -2
705 709 2
705 710 2
705 711 2
705 712 -1
706 709 -4
706 710 2
706 711 4
706 712 -4
707 709 -1
707 710 -2
707 711 4
707 712 1
708 709 2
708 710 1
708 711 4
708 712 1
713 717 -4
713 718 2
713 719 4
713 720 -4
714 717 2
714 718 2
714 719 -1
714 720 4
715 717 1
715 718 -1
715 719 -4
715 720 -2
716 717 1
716 718 4
716 719 2
716 720 1
721 725 2
721 726 -2
721 727 -1
721 728 -2
722 725 2
722 726 1
722 727 -4
722 728 2
723 725 -4
723 726 -2
723 727 -2
723 728 1
724 725 4
724 726 1
724 727 -2
724 728 2
729 733 -2
729 734 1
729 735 1
729 736 -1
730 733 -4
730 734 1
730 735 1
730 736 -1
731 733 -4
731 734 4
731 735 2
731 736 -2
732 733 -2
732 734 -1
732 735 -4
732 736 -4
737 741 -4
737 742 -2
737 743 2
737 744 4
738 741 4
738 742 -1
738 743 2
738 744 4
739 741 1
739 742 2
739 743 -2
739 744 -4
740 741 -1
740 742 -4
740 743 -4
740 744 2
745 749 1
745 750 -4
745 751 4
745 752 2
746 749 -4
746 750 2
746 751 -4
746 752 -4
747 749 2
747 750 2
747 751 -2
747 752 -1
748 749 -2
748 750 1
748 751 -1
748 752 4
753 757 -4
753 758 -1
753 759 -2
753 760 -4
754 757 -2
754 758 1
754 759 2
754 760 1
755 757 1
755 758 -1
755 759 -4
755 760 -2
756 757 -1
756 758 -1
756 759 -1
756 760 -2
761 765 -4
761 766 1
761 767 2
761 768 -4
762 765 -4
762 766 -4
762 767 4
762 768 2
763 765 4
763 766 -2
763 767 -1
763 768 -1
764 765 -2
764 766 2
764 767 -2
764 768 1
769 773 1
769 774 -1
769 775 -4
769 776 -1
770 773 2
770 774 2
770 775 1
770 776 -4
771 773 2
771 774 -4
771 775 -1
771 776 -2
772 773 2
772 774 -4
772 775 -2
772 776 4
777 781 -4
777 782 4
777 783 -2
777 784 4
778 781 2
778 782 4
778 783 1
778 784 1
779 781 -2
779 782 4
779 783 1
779 784 -2
780 781 -1
780 782 1
780 783 2
780 784 2
785 789 -1
785 790 -2
785 791 -4
785 792 -2
786 789 4
786 790 -4
786 791 1
786 792 -4
787 789 4
787 790 1
787 791 1
787 792 4
788 789 1
788 790 1
788 791 -2
788 792 -1
793 797 4
793 798 -2
793 799 -1
793 800 1
794 797 4
794 798 -4
794 799 -2
794 800 4
795 797 -2
795 798 2
795 799 1
795 800 -2
796 797 -2
796 798 -1
796 799 -2
796 800 -4
801 805 -4
801 806 -4
801 807 1
801 808 -1
802 805 -4
802 806 4
802 807 1
802 808 -4
803 805 2
803 806 2
803 807 -4
803 808 1
804 805 -4
804 806 2
804 807 -4
804 808 -4
809 813 -4
809 814 4
809 815 -4
809 816 -1
810 813 4
810 814 -4
810 815 1
810 816 2
811 813 4
811 814 -4
811 815 2
811 816 -4
812 813 1
812 814 -4
812 815 -2
812 816 -1
817 821 -4
817 822 -2
817 823 2
817 824 4
818 821 -1
818 822 1
818 823 -1
818 824 2
819 821 -2
819 822 4
819 823 2
819 824 -2
820 821 2
820 822 1
820 823 -4
820 824 1
825 829 4
825 830 4
825 831 1
825 832 -2
826 829 2
826 830 -1
826 831 2
826 832 4
827 829 4
827 830 -2
827 831 -2
827 832 1
828 829 4
828 830 -4
828 831 1
828 832 -4
833 837 1
833 838 1
833 839 2
833 840 -2
834 837 -4
834 838 -2
834 839 4
834 840 -1
835 837 -2
835 838 -2
835 839 2
835 840 -4
836 837 1
836 838 4
836 839 -4
836 840 1
841 845 -1
841 846 -1
841 847 1
841 848 4
842 845 1
842 846 -4
842 847 1
842 848 -2
843 845 -4
843 846 4
843 847 -2
843 848 -2
844 845 1
844 846 -2
844 847 4
844 848 2
849 853 -1
849 854 -2
849 855 -1
849 856 -2
850 853 -2
850 854 -1
850 855 1
850 856 4
851 853 -2
851 854 -2
851 855 4
851 856 4
852 853 2
852 854 -1
852 855 -4
852 856 1
857 861 -1
857 862 -4
857 863 4
857 864 -4
858 861 -1
858 862 1
858 863 2
858 864 -4
859 861 4
859 862 -1
859 863 1
859 864 1
860 861 4
860 862 -4
860 863 2
860 864 1
865 869 2
865 870 -4
865 871 4
865 872 -4
866 869 -1
866 870 -1
866 871 2
866 872 4
867 869 2
867 870 -4
867 871 4
867 872 4
868 869 -4
868 870 4
868 871 4
868 872 1
873 877 -2
873 878 1
873 879 4
873 880 -2
874 877 1
874 878 -1
874 879 -4
874 880 2
875 877 4
875 878 4
875 879 1
875 880 -2
876 877 4
876 878 1
876 879 4
876 880 2
881 885 -1
881 886 1
881 887 4
881 888 -2
882 885 -4
882 886 1
882 887 -1
882 888 -2
883 885 4
883 886 -4
883 887 -2
883 888 -2
884 885 1
884 886 -4
884 887 2
884 888 2
889 893 -2
889 894 -2
889 895 -4
889 896 -1
890 893 2
890 894 1
890 895 2
890 896 2
891 893 1
891 894 -4
891 895 -4
891 896 -1
892 893 -2
892 894 -1
892 895 -4
892 896 -2
897 901 1
897 902 2
897 903 4
897 904 -2
898 901 -4
898 902 4
898 903 -1
898 904 -4
899 901 -4
899 902 -4
899 903 -1
899 904 2
900 901 -2
900 902 1
900 903 -2
900 904 -2
905 909 1
905 910 4
905 911 -1
905 912 -4
906 909 -4
906 910 1
906 911 -1
906 912 -2
907 909 1
907 910 -4
907 911 2
907 912 -1
908 909 -4
908 910 1
908 911 -1
908 912 -4
913 917 -4
913 918 4
913 919 -1
913 920 -2
914 917 -1
914 918 -2
914 919 2
914 920 4
915 917 -1
915 918 2
915 919 2
915 920 2
916 917 -4
916 918 -2
916 919 -1
916 920 -4
921 925 1
921 926 -2
921 927 -1
921 928 1
922 925 -2
922 926 2
922 927 -1
922 928 1
923 925 4
923 926 -2
923 927 -2
923 928 -1
924 925 4
924 926 4
924 927 -4
924 928 1
929 933 1
929 934 -4
929 935 2
929 936 4
930 933 -4
930 934 -1
930 935 1
930 936 -4
931 933 1
931 934 -1
931 935 1
931 936 4
932 933 1
932 934 -4
932 935 1
932 936 -4
937 941 -2
937 942 1
937 943 1
937 944 2
938 941 1
938 942 4
938 943 4
938 944 2
939 941 1
939 942 -4
939 943 4
939 944 -4
940 941 -1
940 942 1
940 943 -4
940 944 2
945 949 -1
945 950 2
945 951 -4
945 952 -2
946 949 4
946 950 -1
946 951 -1
946 952 -1
947 949 4
947 950 2
947 951 2
947 952 2
948 949 -1
948 950 4
948 951 -4
948 952 -2
953 957 4
953 958 -2
953 959 -2
953 960 2
954 957 1
954 958 -4
954 959 2
954 960 -4
955 957 1
955 958 -4
955 959 4
955 960 1
956 957 -2
956 958 -4
956 959 1
956 960 -1
961 965 -1
961 966 -1
961 967 1
961 968 -2
962 965 -1
962 966 -4
962 967 2
962 968 2
963 965 -2
963 966 -2
963 967 -1
963 968 -4
964 965 2
964 966 -2
964 967 2
964 968 -1
969 973 1
969 974 2
969 975 4
969 976 2
970 973 4
970 974 -2
970 975 -1
970 976 2
971 973 1
971 974 -2
971 975 -2
971 976 1
972 973 -1
972 974 2
972 975 -2
972 976 -2
977 981 4
977 982 -4
977 983 -4
977 984 4
978 981 2
978 982 -2
978 983 4
978 984 4
979 981 1
979 982 4
979 983 1
979 984 -1
980 981 -1
980 982 2
980 983 -2
980 984 4
985 989 -2
985 990 4
985 991 -4
985 992 4
986 989 -2
986 990 1
986 991 -4
986 992 1
987 989 -4
987 990 1
987 991 -2
987 992 -4
988 989 2
988 990 -4
988 991 4
988 992 -4
993 997 1
993 998 -1
993 999 1
993 1000 4
994 997 4
994 998 -1
994 999 4
994 1000 2
995 997 2
995 998 -2
995 999 1
995 1000 4
996 997 4
996 998 -1
996 999 -2
996 1000 4
1001 1005 4
1001 1006 2
1001 1007 -4
1001 1008 1
1002 1005 -2
1002 1006 -4
1002 1007 -1
1002 1008 4
1003 1005 1
1003 1006 -4
1003 1007 -4
1003 1008 -4
1004 1005 -4
1004 1006 4
1004 1007 1
1004 1008 2
1009 1013 -2
1009 1014 -1
1009 1015 -4
1009 1016 -4
1010 1013 -1
1010 1014 -1
1010 1015 -2
1010 1016 4
1011 1013 2
1011 1014 2
1011 1015 4
1011 1016 4
1012 1013 2
1012 1014 -2
1012 1015 -1
1012 1016 -1
1017 1021 -1
1017 1022 1
1017 1023 2
1017 1024 -1
1018 1021 -4
1018 1022 -1
1018 1023 -2
1018 1024 -2
1019 1021 2
1019 1022 1
1019 1023 -4
1019 1024 -1
1020 1021 -1
1020 1022 -2
1020 1023 -2
1020 1024 -4
1025 1029 -2
1025 1030 4
1025 1031 1
1025 1032 2
1026 1029 -1
1026 1030 -1
1026 1031 1
1026 1032 -1
1027 1029 1
1027 1030 4
1027 1031 1
1027 1032 1
1028 1029 -1
1028 1030 -2
1028 1031 -2
1028 1032 -1
1033 1037 4
1033 1038 4
1033 1039 1
1033 1040 -4
1034 1037 4
1034 1038 4
1034 1039 1
1034 1040 2
1035 1037 -1
1035 1038 2
1035 1039 2
1035 1040 -1
1036 1037 -1
1036 1038 2
1036 1039 2
1036 1040 -1
1041 1045 4
1041 1046 -4
1041 1047 2
1041 1048 1
1042 1045 2
1042 1046 -4
1042 1047 1
1042 1048 4
1043 1045 1
1043 1046 4
1043 1047 -2
1043 1048 1
1044 1045 -4
1044 1046 4
1044 1047 -2
1044 1048 2
1049 1053 4
1049 1054 -2
1049 1055 -2
1049 1056 -2
1050 1053 2
1050 1054 -2
1050 1055 1
1050 1056 -2
1051 1053 2
1051 1054 2
1051 1055 1
1051 1056 -4
1052 1053 2
1052 1054 -1
1052 1055 2
1052 1056 1
1057 1061 -4
1057 1062 4
1057 1063 -4
1057 1064 4
1058 1061 2
1058 1062 -1
1058 1063 -4
1058 1064 2
1059 1061 2
1059 1062 1
1059 1063 4
1059 1064 -2
1060 1061 -1
1060 1062 -1
1060 1063 -4
1060 1064 4
1065 1069 -4
1065 1070 4
1065 1071 -4
1065 1072 2
1066 1069 -4
1066 1070 -4
1066 1071 -1
1066 1072 -1
1067 1069 2
1067 1070 -1
1067 1071 1
1067 1072 1
1068 1069 2
1068 1070 4
1068 1071 -1
1068 1072 -2
1073 1077 -4
1073 1078 1
1073 1079 2
1073 1080 -2
1074 1077 1
1074 1078 -2
1074 1079 -2
1074 1080 -2
1075 1077 1
1075 1078 1
1075 1079 4
1075 1080 2
1076 1077 -4
1076 1078 4
1076 1079 -4
1076 1080 2
1081 1085 2
1081 1086 -2
1081 1087 -4
1081 1088 2
1082 1085 -4
1082 1086 -4
1082 1087 1
1082 1088 -1
1083 1085 2
1083 1086 4
1083 1087 -2
1083 1088 2
1084 1085 1
1084 1086 4
1084 1087 1
1084 1088 4
1089 1093 4
1089 1094 -1
1089 1095 -1
1089 1096 1
1090 1093 -1
1090 1094 -1
1090 1095 1
1090 1096 2
1091 1093 -1
1091 1094 4
1091 1095 -4
1091 1096 -4
1092 1093 1
1092 1094 4
1092 1095 -1
1092 1096 -2
1097 1101 -1
1097 1102 4
1097 1103 -4
1097 1104 2
1098 1101 4
1098 1102 2
1098 1103 4
1098 1104 -4
1099 1101 4
1099 1102 1
1099 1103 -2
1099 1104 -1
1100 1101 2
1100 1102 1
1100 1103 -2
1100 1104 2
1105 1109 -4
1105 1110 -2
1105 1111 4
1105 1112 4
1106 1109 1
1106 1110 2
1106 1111 -1
1106 1112 4
1107 1109 4
1107 1110 2
1107 1111 4
1107 1112 -1
1108 1109 -1
1108 1110 4
1108 1111 -4
1108 1112 -2
1113 1117 -1
1113 1118 2
1113 1119 2
1113 1120 -4
1114 1117 -1
1114 1118 -4
1114 1119 -4
1114 1120 2
1115 1117 -2
1115 1118 4
1115 1119 4
1115 1120 -1
1116 1117 4
1116 1118 1
1116 1119 4
1116 1120 -2
1121 1125 -1
1121 1126 1
1121 1127 -1
1121 1128 1
1122 1125 -1
1122 1126 1
1122 1127 -2
1122 1128 1
1123 1125 -4
1123 1126 -4
1123 1127 -4
1123 1128 4
1124 1125 4
1124 1126 -4
1124 1127 1
1124 1128 -1
1129 1133 -2
1129 1134 -4
1129 1135 -4
1129 1136 -4
1130 1133 2
1130 1134 -4
1130 1135 -1
1130 1136 4
1131 1133 4
1131 1134 -4
1131 1135 -4
1131 1136 1
1132 1133 -4
1132 1134 1
1132 1135 4
1132 1136 -1
1137 1141 2
1137 1142 -4
1137 1143 -4
1137 1144 1
1138 1141 -2
1138 1142 2
1138 1143 1
1138 1144 4
1139 1141 -2
1139 1142 4
1139 1143 -2
1139 1144 4
1140 1141 1
1140 1142 1
1140 1143 -1
1140 1144 1
1145 1149 -2
1145 1150 -1
1145 1151 -1
1145 1152 2
1146 1149 -4
1146 1150 1
1146 1151 -4
1146 1152 1
1147 1149 -2
1147 1150 -4
1147 1151 2
1147 1152 2
1148 1149 2
1148 1150 -2
1148 1151 4
1148 1152 2
5 13 2
6 14 -4
7 15 2
8 16 -4
13 21 2
14 22 1
15 23 -2
16 24 -4
21 29 -4
22 30 -2
23 31 4
24 32 2
29 37 -1
30 38 -2
31 39 -4
32 40 -4
37 45 -2
38 46 -1
39 47 -4
40 48 1
45 53 2
46 54 4
47 55 -4
48 56 2
53 61 -1
54 62 2
55 63 -2
56 64 2
61 69 4
62 70 -2
63 71 -2
64 72 4
69 77 -2
70 78 1
71 79 2
72 80 -4
77 85 -4
78 86 1
79 87 -1
80 88 -4
85 93 -4
86 94 -4
87 95 2
88 96 -1
101 109 -4
102 110 1
103 111 4
104 112 -2
109 117 2
110 118 -1
111 119 -2
112 120 -2
117 125 2
118 126 1
119 127 -1
120 128 1
125 133 -2
126 134 2
127 135 4
128 136 2
133 141 4
134 142 2
135 143 4
136 144 2
141 149 -4
142 150 -2
143 151 4
144 152 2
149 157 1
150 158 -4
151 159 1
152 160 4
157 165 -1
158 166 -4
159 167 -2
160 168 -2
165 173 -2
166 174 4
167 175 1
168 176 -2
173 181 -2
174 182 1
175 183 -2
176 184 -1
181 189 1
182 190 1
183 191 -4
184 192 -2
197 205 -2
198 206 -2
199 207 -4
200 208 -4
205 213 2
206 214 1
207 215 4
208 216 -1
213 221 -4
214 222 2
215 223 -1
216 224 -4
221 229 -1
222 230 -2
223 231 1
224 232 2
229 237 -2
230 238 -2
231 239 4
232 240 1
237 245 2
238 246 1
239 247 2
240 248 1
245 253 -2
246 254 2
247 255 -1
248 256 -2
253 261 2
254 262 -1
255 263 -2
256 264 -2
261 269 2
262 270 2
263 271 -4
264 272 1
269 277 4
270 278 1
271 279 2
272 280 -1
277 285 -2
278 286 4
279 287 1
280 288 -4
293 301 -2
294 302 -4
295 303 1
296 304 4
301 309 1
302 310 1
303 311 -4
304 312 -4
309 317 -1
310 318 -2
311 319 2
312 320 -2
317 325 1
318 326 -1
319 327 -1
320 328 -1
325 333 1
326 334 1
327 335 -4
328 336 -4
333 341 4
334 342 -2
335 343 -1
336 344 1
341 349 4
342 350 -1
343 351 2
344 352 -1
349 357 -4
350 358 -2
351 359 4
352 360 4
357 365 1
358 366 1
359 367 1
360 368 -2
365 373 2
366 374 1
367 375 2
368 376 -2
373 381 -1
374 382 -4
375 383 -2
376 384 2
389 397 1
390 398 -1
391 399 -1
392 400 -4
397 405 1
398 406 2
399 407 1
400 408 -1
405 413 -1
406 414 -2
407 415 1
408 416 4
413 421 4
414 422 -4
415 423 -4
416 424 1
421 429 -2
422 430 -1
423 431 4
424 432 2
429 437 1
430 438 -2
431 439 -1
432 440 -1
437 445 1
438 446 2
439 447 4
440 448 -4
445 453 -2
446 454 4
447 455 4
448 456 -2
453 461 -1
454 462 -2
455 463 2
456 464 2
461 469 4
462 470 2
463 471 1
464 472 -4
469 477 -1
470 478 2
471 479 2
472 480 2
485 493 -4
486 494 -1
487 495 2
488 496 -2
493 501 2
494 502 -1
495 503 1
496 504 -4
501 509 -2
502 510 -4
503 511 2
504 512 1
509 517 4
510 518 2
511 519 1
512 520 2
517 525 -1
518 526 4
519 527 4
520 528 2
525 533 2
526 534 -4
527 535 -1
528 536 1
533 541 -1
534 542 -1
535 543 2
536 544 -1
541 549 2
542 550 -4
543 551 2
544 552 -4
549 557 4
550 558 -2
551 559 2
552 560 2
557 565 -2
558 566 -1
559 567 4
560 568 4
565 573 -2
566 574 -4
567 575 1
568 576 1
581 589 1
582 590 -2
583 591 -4
584 592 -1
589 597 4
590 598 -1
591 599 1
592 600 2
597 605 1
598 606 -4
599 607 2
600 608 -2
605 613 1
606 614 -2
607 615 2
608 616 -4
613 621 1
614 622 2
615 623 2
616 624 2
621 629 1
622 630 1
623 631 -2
624 632 4
629 637 -1
630 638 -4
631 639 -4
632 640 2
637 645 -4
638 646 4
639 647 1
640 648 -2
645 653 -2
646 654 -1
647 655 1
648 656 -4
653 661 -4
654 662 -4
655 663 -2
656 664 -1
661 669 4
662 670 -1
663 671 1
664 672 -4
677 685 -4
678 686 -4
679 687 -1
680 688 -2
685 693 4
686 694 1
687 695 -4
688 696 4
693 701 4
694 702 -1
695 703 -1
696 704 2
701 709 1
702 710 -4
703 711 -1
704 712 2
709 717 2
710 718 2
711 719 -1
712 720 -4
717 725 -2
718 726 1
719 727 4
720 728 4
725 733 1
726 734 4
727 735 -4
728 736 4
733 741 2
734 742 4
735 743 4
736 744 -4
741 749 2
742 750 1
743 751 -1
744 752 -2
749 757 -4
750 758 4
751 759 2
752 760 -4
757 765 -4
758 766 -2
759 767 -1
760 768 4
773 781 2
774 782 -2
775 783 -4
776 784 4
781 789 -1
782 790 -4
783 791 -4
784 792 -2
789 797 2
790 798 2
791 799 2
792 800 4
797 805 -2
798 806 -1
799 807 2
800 808 -1
805 813 -1
806 814 4
807 815 -2
808 816 4
813 821 2
814 822 2
815 823 -2
816 824 -4
821 829 -4
822 830 1
823 831 4
824 832 1
829 837 -4
830 838 -2
831 839 -1
832 840 -4
837 845 2
838 846 2
839 847 -4
840 848 2
845 853 -2
846 854 -4
847 855 1
848 856 -2
853 861 -1
854 862 1
855 863 1
856 864 4
869 877 1
870 878 2
871 879 -4
872 880 4
877 885 -2
878 886 2
879 887 2
880 888 -4
885 893 2
886 894 2
887 895 4
888 896 -1
893 901 -4
894 902 -4
895 903 2
896 904 4
901 909 -1
902 910 -1
903 911 -1
904 912 -4
909 917 1
910 918 1
911 919 -4
912 920 1
917 925 -1
918 926 -2
919 927 2
920 928 2
925 933 -1
926 934 2
927 935 -2
928 936 -1
933 941 -2
934 942 2
935 943 2
936 944 4
941 949 -1
942 950 2
943 951 -1
944 952 -2
949 957 -4
950 958 4
951 959 -2
952 960 1
965 973 1
966 974 2
967 975 -4
968 976 1
973 981 -4
974 982 1
975 983 4
976 984 4
981 989 -2
982 990 -1
983 991 4
984 992 2
989 997 -2
990 998 -4
991 999 1
992 1000 -1
997 1005 4
998 1006 -2
999 1007 -1
1000 1008 -1
1005 1013 -4
1006 1014 -2
1007 1015 4
1008 1016 1
1013 1021 4
1014 1022 4
1015 1023 -4
1016 1024 4
1021 1029 -1
1022 1030 4
1023 1031 -1
1024 1032 2
1029 1037 -4
1030 1038 -1
1031 1039 -4
1032 1040 4
1037 1045 -2
1038 1046 -4
1039 1047 -1
1040 1048 -1
1045 1053 2
1046 1054 1
1047 1055 2
1048 1056 4
1061 1069 2
1062 1070 -1
1063 1071 2
1064 1072 -4
1069 1077 -2
1070 1078 -2
1071 1079 1
1072 1080 -4
1077 1085 1
1078 1086 -1
1079 1087 -4
1080 1088 -4
1085 1093 -2
1086 1094 -1
1087 1095 4
1088 1096 -2
1093 1101 2
1094 1102 -2
1095 1103 1
1096 1104 -4
1101 1109 4
1102 1110 4
1103 1111 -4
1104 1112 -4
1109 1117 -1
1110 1118 -4
1111 1119 1
1112 1120 4
1117 1125 2
1118 1126 -1
1119 1127 4
1120 1128 1
1125 1133 -4
1126 1134 -2
1127 1135 -2
1128 1136 4
1133 1141 1
1134 1142 -2
1135 1143 -1
1136 1144 4
1141 1149 -2
1142 1150 4
1143 1151 1
1144 1152 1
1 97 4
2 98 -1
3 99 -2
4 100 4
97 193 1
98 194 2
99 195 1
100 196 4
193 289 -1
194 290 1
195 291 -4
196 292 2
289 385 4
290 386 4
291 387 1
292 388 -4
385 481 -1
386 482 2
387 483 2
388 484 -1
481 577 1
482 578 2
483 579 2
484 580 2
577 673 2
578 674 -1
579 675 1
580 676 -1
673 769 -2
674 770 -1
675 771 1
676 772 -2
769 865 -1
770 866 1
771 867 4
772 868 4
865 961 -4
866 962 -4
867 963 -1
868 964 -1
961 1057 -1
962 1058 2
963 1059 1
964 1060 -2
9 105 -4
10 106 2
11 107 -4
12 108 -1
105 201 2
106 202 1
107 203 -4
108 204 1
201 297 -2
202 298 -2
203 299 4
204 300 -2
297 393 4
298 394 1
299 395 -2
300 396 -2
393 489 2
394 490 2
395 491 -2
396 492 -2
489 585 1
490 586 4
491 587 2
492 588 -4
585 681 -2
586 682 1
587 683 4
588 684 4
681 777 -1
682 778 -4
683 779 2
684 780 -1
777 873 -1
778 874 2
779 875 4
780 876 -4
873 969 -1
874 970 -2
875 971 -4
876 972 -2
969 1065 -2
970 1066 -2
971 1067 4
972 1068 -1
17 113 1
18 114 2
19 115 4
20 116 -4
113 209 1
114 210 -2
115 211 4
116 212 4
209 305 1
210 306 -4
211 307 -2
212 308 4
305 401 -1
306 402 1
307 403 -1
308 404 1
401 497 -4
402 498 2
403 499 -4
404 500 -4
497 593 4
498 594 -1
499 595 4
500 596 1
593 689 -1
594 690 -2
595 691 4
596 692 2
689 785 2
690 786 -1
691 787 -4
692 788 -1
785 881 -2
786 882 4
787 883 4
788 884 1
881 977 -1
882 978 -4
883 979 -1
884 980 -1
977 1073 -2
978 1074 -2
979 1075 -1
980 1076 1
25 121 -2
26 122 2
27 123 2
28 124 -4
121 217 2
122 218 -4
123 219 2
124 220 -4
217 313 1
218 314 -4
219 315 4
220 316 4
313 409 -1
314 410 2
315 411 1
316 412 4
409 505 -2
410 506 -4
411 507 -4
412 508 4
505 601 4
506 602 -4
507 603 2
508 604 -4
601 697 2
602 698 4
603 699 -2
604 700 -1
697 793 1
698 794 1
699 795 -1
700 796 -1
793 889 -1
794 890 1
795 891 -2
796 892 -4
889 985 -2
890 986 1
891 987 2
892 988 -2
985 1081 -1
986 1082 -2
987 1083 -4
988 1084 4
33 129 2
34 130 -2
35 131 2
36 132 -4
129 225 1
130 226 4
131 227 -4
132 228 -1
225 321 1
226 322 -2
227 323 -4
228 324 -1
321 417 -1
322 418 -4
323 419 4
324 420 -4
417 513 4
418 514 1
419 515 -4
420 516 -2
513 609 -1
514 610 -1
515 611 -4
516 612 2
609 705 -4
610 706 1
611 707 -1
612 708 1
705 801 -1
706 802 -1
707 803 2
708 804 -2
801 897 4
802 898 1
803 899 4
804 900 -1
897 993 -2
898 994 2
899 995 -4
900 996 4
993 1089 4
994 1090 -4
995 1091 -1
996 1092 -1
41 137 1
42 138 1
43 139 1
44 140 2
137 233 -4
138 234 -1
139 235 1
140 236 -1
233 329 2
234 330 2
235 331 -2
236 332 2
329 425 -4
330 426 4
331 427 1
332 428 1
425 521 4
426 522 -1
427 523 -4
428 524 4
521 617 -4
522 618 -2
523 619 4
524 620 4
617 713 -1
618 714 -1
619 715 -1
620 716 4
713 809 4
714 810 2
715 811 4
716 812 -2
809 905 -4
810 906 -1
811 907 -2
812 908 -1
905 1001 -1
906 1002 -1
907 1003 -1
908 1004 1
1001 1097 -1
1002 1098 -2
1003 1099 4
1004 1100 -1
49 145 4
50 146 -1
51 147 -1
52 148 -4
145 241 2
146 242 1
147 243 4
148 244 -4
241 337 -4
242 338 -2
243 339 1
244 340 2
337 433 1
338 434 4
339 435 2
340 436 -4
433 529 -1
434 530 4
435 531 -4
436 532 4
529 625 -4
530 626 -2
531 627 -4
532 628 4
625 721 -2
626 722 -2
627 723 1
628 724 2
721 817 4
722 818 4
723 819 2
724 820 1
817 913 2
818 914 -4
819 915 -2
820 916 2
913 1009 -1
914 1010 -2
915 1011 1
916 1012 -1
1009 1105 1
1010 1106 4
1011 1107 2
1012 1108 -1
57 153 4
58 154 1
59 155 -1
60 156 2
153 249 4
154 250 -4
155 251 -4
156 252 -2
249 345 -1
250 346 1
251 347 -2
252 348 -4
345 441 4
346 442 2
347 443 2
348 444 -4
441 537 -2
442 538 -4
443 539 2
444 540 2
537 633 2
538 634 -1
539 635 -2
540 636 4
633 729 -2
634 730 -4
635 731 1
636 732 2
729 825 1
730 826 4
731 827 -2
732 828 4
825 921 2
826 922 2
827 923 -4
828 924 -1
921 1017 4
922 1018 4
923 1019 1
924 1020 -4
1017 1113 -4
1018 1114 4
1019 1115 -2
1020 1116 -4
65 161 -2
66 162 4
67 163 1
68 164 2
161 257 -4
162 258 1
163 259 1
164 260 -2
257 353 4
258 354 -4
259 355 -2
260 356 1
353 449 -1
354 450 4
355 451 -4
356 452 4
449 545 -1
450 546 4
451 547 -1
452 548 -1
545 641 -2
546 642 2
547 643 -4
548 644 -1
641 737 1
642 738 1
643 739 -4
644 740 4
737 833 1
738 834 2
739 835 2
740 836 2
833 929 -4
834 930 -2
835 931 -2
836 932 -2
929 1025 -2
930 1026 -4
931 1027 -4
932 1028 -4
1025 1121 1
1026 1122 -4
1027 1123 4
1028 1124 1
73 169 -2
74 170 4
75 171 1
76 172 1
169 265 -1
170 266 -4
171 267 -2
172 268 1
265 361 -1
266 362 -1
267 363 -4
268 364 1
361 457 -4
362 458 -4
363 459 4
364 460 -1
457 553 1
458 554 2
459 555 -4
460 556 -1
553 649 2
554 650 -2
555 651 -2
556 652 4
649 745 -1
650 746 -2
651 747 1
652 748 -1
745 841 -2
746 842 -4
747 843 -4
748 844 1
841 937 -1
842 938 -1
843 939 -4
844 940 -2
937 1033 -4
938 1034 -4
939 1035 -1
940 1036 -2
1033 1129 4
1034 1130 -1
1035 1131 4
1036 1132 4
81 177 2
82 178 1
83 179 -2
84 180 -2
177 273 -2
178 274 -4
179 275 4
180 276 -1
273 369 2
274 370 2
275 371 2
276 372 2
369 465 2
370 466 4
371 467 2
372 468 -1
465 561 -1
466 562 -4
467 563 4
468 564 4
561 657 -4
562 658 -1
563 659 -4
564 660 4
657 753 -2
658 754 -4
659 755 2
660 756 -4
753 849 -2
754 850 -1
755 851 -1
756 852 -4
849 945 1
850 946 2
851 947 -2
852 948 -2
945 1041 -2
946 1042 1
947 1043 4
948 1044 1
1041 1137 -4
1042 1138 4
1043 1139 -1
1044 1140 -2
89 185 1
90 186 -2
91 187 -4
92 188 -4
185 281 2
186 282 2
187 283 2
188 284 -2
281 377 2
282 378 -2
283 379 2
284 380 -4
377 473 4
378 474 4
379 475 -2
380 476 -1
473 569 -1
474 570 1
475 571 -2
476 572 -4
569 665 -2
570 666 -1
571 667 2
572 668 -2
665 761 -4
666 762 -4
667 763 1
668 764 4
761 857 1
762 858 1
763 859 -2
764 860 -4
857 953 -1
858 954 2
859 955 -1
860 956 1
953 1049 2
954 1050 -4
955 1051 4
956 1052 2
1049 1145 4
1050 1146 -2
1051 1147 -4
1052 1148 -1
