#
1 5 4
1 6 -1
1 7 -1
1 8 2
2 5 -1
2 6 4
2 7 4
2 8 1
3 5 -4
3 6 2
3 7 -4
3 8 -1
4 5 4
4 6 2
4 7 -4
4 8 -1
9 13 4
9 14 4
9 15 -2
9 16 1
10 13 2
10 14 -4
10 15 -4
10 16 -4
11 13 -4
11 14 4
11 15 -2
11 16 -4
12 13 2
12 14 2
12 15 4
12 16 -4
17 21 -1
17 22 -2
17 23 2
17 24 -2
18 21 -1
18 22 1
18 23 2
18 24 -2
19 21 -2
19 22 -4
19 23 -1
19 24 2
20 21 -1
20 22 -4
20 23 2
20 24 -1
25 29 -2
25 30 -2
25 31 -1
25 32 -1
26 29 -1
26 30 4
26 31 -1
26 32 1
27 29 -4
27 30 -1
27 31 -1
27 32 2
28 29 2
28 30 2
28 31 -1
28 32 1
33 37 -2
33 38 -4
33 39 -4
33 40 4
34 37 2
34 38 2
34 39 -2
34 40 -2
35 37 4
35 38 -2
35 39 4
35 40 1
36 37 2
36 38 -2
36 39 -1
36 40 -4
41 45 4
41 46 -2
41 47 -1
41 48 -2
42 45 -4
42 46 4
42 47 -2
42 48 4
43 45 1
43 46 -2
43 47 -1
43 48 -2
44 45 -1
44 46 1
44 47 1
44 48 -2
49 53 -4
49 54 -1
49 55 -2
49 56 2
50 53 -1
50 54 1
50 55 4
50 56 -1
51 53 -2
51 54 -4
51 55 -4
51 56 -4
52 53 -2
52 54 -4
52 55 4
52 56 -4
57 61 4
57 62 -4
57 63 2
57 64 2
58 61 2
58 62 1
58 63 -4
58 64 2
59 61 1
59 62 2
59 63 2
59 64 -1
60 61 1
60 62 -2
60 63 4
60 64 -2
65 69 -2
65 70 -4
65 71 -4
65 72 1
66 69 -2
66 70 1
66 71 4
66 72 4
67 69 -2
67 70 2
67 71 -2
67 72 2
68 69 4
68 70 -1
68 71 2
68 72 -4
73 77 4
73 78 2
73 79 -2
73 80 -4
74 77 -2
74 78 -1
74 79 1
74 80 -2
75 77 -2
75 78 -4
75 79 -1
75 80 1
76 77 4
76 78 -2
76 79 -2
76 80 -4
81 85 2
81 86 -1
81 87 -4
81 88 4
82 85 -2
82 86 -4
82 87 2
82 88 1
83 85 4
83 86 -2
83 87 -4
83 88 -1
84 85 2
84 86 -2
84 87 1
84 88 -4
89 93 -2
89 94 -1
89 95 2
89 96 4
90 93 1
90 94 -2
90 95 -4
90 96 4
91 93 2
91 94 -1
91 95 4
91 96 -2
92 93 2
92 94 2
92 95 -4
92 96 -2
97 101 4
97 102 1
97 103 1
97 104 -1
98 101 4
98 102 -2
98 103 4
98 104 2
99 101 -2
99 102 4
99 103 2
99 104 4
100 101 -4
100 102 4
100 103 -4
100 104 1
105 109 -1
105 110 -1
105 111 4
105 112 1
106 109 4
106 110 -4
106 111 -2
106 112 2
107 109 -4
107 110 -1
107 111 -1
107 112 1
108 109 -4
108 110 1
108 111 -4
108 112 4
113 117 1
113 118 4
113 119 2
113 120 1
114 117 1
114 118 2
114 119 1
114 120 -4
115 117 1
115 118 -2
115 119 -2
115 120 4
116 117 -2
116 118 -1
116 119 -1
116 120 1
121 125 -1
121 126 -4
121 127 4
121 128 -4
122 125 -4
122 126 2
122 127 -2
122 128 -2
123 125 -1
123 126 -2
123 127 -4
123 128 -1
124 125 4
124 126 4
124 127 1
124 128 2
129 133 -1
129 134 1
129 135 2
129 136 -2
130 133 -2
130 134 -2
130 135 1
130 136 2
131 133 2
131 134 -4
131 135 2
131 136 1
132 133 -1
132 134 -2
132 135 -1
132 136 -1
137 141 1
137 142 -2
137 143 -1
137 144 4
138 141 1
138 142 4
138 143 -1
138 144 2
139 141 -1
139 142 1
139 143 -2
139 144 -4
140 141 -2
140 142 2
140 143 2
140 144 -2
145 149 -1
145 150 -2
145 151 -2
145 152 4
146 149 1
146 150 2
146 151 -1
146 152 -1
147 149 -4
147 150 2
147 151 1
147 152 -2
148 149 -1
148 150 2
148 151 -2
148 152 -1
153 157 -4
153 158 2
153 159 2
153 160 -2
154 157 -4
154 158 -2
154 159 1
154 160 1
155 157 -4
155 158 4
155 159 -4
155 160 2
156 157 1
156 158 4
156 159 1
156 160 1
161 165 -1
161 166 -4
161 167 -2
161 168 1
162 165 1
162 166 -2
162 167 1
162 168 -1
163 165 2
163 166 -1
163 167 -2
163 168 4
164 165 -4
164 166 2
164 167 1
164 168 2
169 173 4
169 174 1
169 175 -1
169 176 -2
170 173 -1
170 174 1
170 175 4
170 176 4
171 173 -1
171 174 2
171 175 -1
171 176 2
172 173 1
172 174 -2
172 175 -2
172 176 -1
177 181 1
177 182 2
177 183 4
177 184 1
178 181 -4
178 182 4
178 183 -4
178 184 -2
179 181 2
179 182 1
179 183 2
179 184 4
180 181 1
180 182 2
180 183 -4
180 184 1
185 189 -4
185 190 4
185 191 2
185 192 2
186 189 1
186 190 2
186 191 -2
186 192 2
187 189 -4
187 190 -2
187 191 -4
187 192 -2
188 189 1
188 190 -1
188 191 -1
188 192 1
193 197 -1
193 198 1
193 199 2
193 200 -2
194 197 4
194 198 1
194 199 4
194 200 -1
195 197 1
195 198 -2
195 199 -1
195 200 -1
196 197 1
196 198 1
196 199 1
196 200 1
201 205 4
201 206 -4
201 207 1
201 208 4
202 205 -4
202 206 4
202 207 2
202 208 4
203 205 -2
203 206 1
203 207 1
203 208 -2
204 205 -2
204 206 4
204 207 -2
204 208 1
209 213 -2
209 214 4
209 215 4
209 216 -1
210 213 -1
210 214 -4
210 215 2
210 216 1
211 213 -1
211 214 2
211 215 4
211 216 4
212 213 1
212 214 4
212 215 2
212 216 -2
217 221 4
217 222 -4
217 223 2
217 224 -2
218 221 -4
218 222 -1
218 223 -4
218 224 2
219 221 2
219 222 -1
219 223 -1
219 224 2
220 221 1
220 222 4
220 223 1
220 224 2
225 229 -2
225 230 -2
225 231 2
225 232 -2
226 229 -2
226 230 -1
226 231 1
226 232 1
227 229 -4
227 230 1
227 231 -4
227 232 1
228 229 -2
228 230 -2
228 231 -1
228 232 -2
233 237 1
233 238 4
233 239 -2
233 240 1
234 237 -1
234 238 1
234 239 -1
234 240 2
235 237 -1
235 238 4
235 239 -2
235 240 -4
236 237 -1
236 238 -4
236 239 1
236 240 4
241 245 -4
241 246 -4
241 247 -1
241 248 -2
242 245 1
242 246 2
242 247 2
242 248 -4
243 245 2
243 246 1
243 247 -4
243 248 -4
244 245 -2
244 246 2
244 247 2
244 248 1
249 253 -1
249 254 4
249 255 -2
249 256 -2
250 253 -4
250 254 -2
250 255 4
250 256 4
251 253 4
251 254 -4
251 255 2
251 256 4
252 253 4
252 254 1
252 255 -2
252 256 -2
257 261 -2
257 262 2
257 263 -2
257 264 4
258 261 4
258 262 -2
258 263 -2
258 264 -2
259 261 -2
259 262 -2
259 263 1
259 264 -1
260 261 2
260 262 -2
260 263 4
260 264 -4
265 269 2
265 270 -2
265 271 -4
265 272 -1
266 269 -4
266 270 -2
266 271 4
266 272 1
267 269 4
267 270 -1
267 271 -1
267 272 1
268 269 1
268 270 1
268 271 -4
268 272 -4
273 277 2
273 278 1
273 279 -4
273 280 2
274 277 4
274 278 -4
274 279 1
274 280 -1
275 277 -2
275 278 -2
275 279 4
275 280 -4
276 277 2
276 278 4
276 279 -2
276 280 4
281 285 -2
281 286 1
281 287 2
281 288 1
282 285 4
282 286 4
282 287 -1
282 288 -1
283 285 -1
283 286 4
283 287 -1
283 288 2
284 285 1
284 286 1
284 287 2
284 288 2
289 293 1
289 294 -1
289 295 1
289 296 -2
290 293 -1
290 294 2
290 295 -4
290 296 4
291 293 2
291 294 4
291 295 1
291 296 -1
292 293 1
292 294 2
292 295 -4
292 296 2
297 301 2
297 302 1
297 303 2
297 304 1
298 301 -2
298 302 -2
298 303 -4
298 304 4
299 301 1
299 302 -1
299 303 2
299 304 -4
300 301 2
300 302 1
300 303 2
300 304 4
305 309 2
305 310 -4
305 311 -2
305 312 2
306 309 4
306 310 -4
306 311 -2
306 312 2
307 309 -1
307 310 4
307 311 -4
307 312 4
308 309 1
308 310 4
308 311 2
308 312 4
313 317 -1
313 318 4
313 319 -1
313 320 4
314 317 2
314 318 -1
314 319 1
314 320 2
315 317 1
315 318 -1
315 319 -2
315 320 -1
316 317 1
316 318 4
316 319 4
316 320 -1
321 325 -1
321 326 -1
321 327 -4
321 328 -2
322 325 2
322 326 -2
322 327 4
322 328 1
323 325 -4
323 326 1
323 327 2
323 328 -4
324 325 1
324 326 1
324 327 1
324 328 -4
329 333 -4
329 334 2
329 335 2
329 336 4
330 333 4
330 334 1
330 335 4
330 336 1
331 333 4
331 334 4
331 335 2
331 336 -2
332 333 2
332 334 4
332 335 -1
332 336 4
337 341 -4
337 342 2
337 343 -4
337 344 -2
338 341 -2
338 342 -2
338 343 -4
338 344 -1
339 341 -4
339 342 -1
339 343 -2
339 344 1
340 341 -2
340 342 1
340 343 1
340 344 1
345 349 2
345 350 -1
345 351 -2
345 352 -2
346 349 4
346 350 -1
346 351 -2
346 352 -2
347 349 -1
347 350 2
347 351 -4
347 352 -4
348 349 -4
348 350 1
348 351 1
348 352 -2
353 357 -1
353 358 1
353 359 1
353 360 1
354 357 -1
354 358 1
354 359 4
354 360 -4
355 357 -4
355 358 -1
355 359 -4
355 360 1
356 357 -2
356 358 1
356 359 -4
356 360 -2
361 365 1
361 366 -2
361 367 -1
361 368 -4
362 365 -4
362 366 1
362 367 -2
362 368 -1
363 365 1
363 366 -4
363 367 2
363 368 -1
364 365 -4
364 366 -4
364 367 4
364 368 -4
369 373 -2
369 374 -4
369 375 -1
369 376 4
370 373 -2
370 374 4
370 375 1
370 376 1
371 373 1
371 374 -4
371 375 -4
371 376 1
372 373 4
372 374 1
372 375 4
372 376 -2
377 381 -4
377 382 4
377 383 -1
377 384 1
378 381 -1
378 382 2
378 383 -1
378 384 -1
379 381 -1
379 382 -1
379 383 2
379 384 1
380 381 1
380 382 4
380 383 1
380 384 -1
385 389 -2
385 390 1
385 391 -4
385 392 4
386 389 4
386 390 -4
386 391 2
386 392 4
387 389 2
387 390 1
387 391 4
387 392 1
388 389 -1
388 390 -4
388 391 4
388 392 1
393 397 -2
393 398 -4
393 399 -2
393 400 2
394 397 2
394 398 -1
394 399 -4
394 400 -1
395 397 4
395 398 4
395 399 -2
395 400 -1
396 397 4
396 398 -4
396 399 4
396 400 -1
401 405 4
401 406 -1
401 407 1
401 408 2
402 405 4
402 406 -4
402 407 -1
402 408 1
403 405 -1
403 406 -2
403 407 2
403 408 1
404 405 -1
404 406 4
404 407 4
404 408 4
409 413 4
409 414 1
409 415 -2
409 416 1
410 413 -1
410 414 -1
410 415 -1
410 416 -1
411 413 4
411 414 -4
411 415 -2
411 416 -1
412 413 -4
412 414 2
412 415 -4
412 416 1
417 421 -1
417 422 -4
417 423 4
417 424 -2
418 421 1
418 422 -1
418 423 1
418 424 -4
419 421 -1
419 422 1
419 423 4
419 424 -2
420 421 2
420 422 -2
420 423 2
420 424 1
425 429 -2
425 430 2
425 431 -2
425 432 -1
426 429 4
426 430 -1
426 431 -2
426 432 1
427 429 -2
427 430 4
427 431 4
427 432 -4
428 429 -4
428 430 -1
428 431 -4
428 432 2
433 437 2
433 438 1
433 439 -1
433 440 -4
434 437 4
434 438 -4
434 439 -1
434 440 2
435 437 4
435 438 2
435 439 -4
435 440 1
436 437 2
436 438 4
436 439 1
436 440 1
441 445 2
441 446 1
441 447 -2
441 448 -2
442 445 -1
442 446 2
442 447 4
442 448 1
443 445 -2
443 446 -1
443 447 -4
443 448 -4
444 445 -2
444 446 -2
444 447 2
444 448 1
449 453 -1
449 454 1
449 455 -4
449 456 -1
450 453 -2
450 454 4
450 455 -1
450 456 2
451 453 -2
451 454 -4
451 455 -1
451 456 -2
452 453 -2
452 454 -1
452 455 -2
452 456 4
457 461 2
457 462 -1
457 463 4
457 464 2
458 461 4
458 462 -2
458 463 -4
458 464 2
459 461 4
459 462 -2
459 463 1
459 464 1
460 461 2
460 462 2
460 463 -1
460 464 4
465 469 4
465 470 1
465 471 2
465 472 2
466 469 4
466 470 4
466 471 4
466 472 2
467 469 4
467 470 1
467 471 2
467 472 -4
468 469 -2
468 470 -2
468 471 2
468 472 1
473 477 4
473 478 -2
473 479 -1
473 480 -1
474 477 -4
474 478 -2
474 479 -2
474 480 2
475 477 1
475 478 1
475 479 -1
475 480 -4
476 477 1
476 478 2
476 479 2
476 480 -1
481 485 -1
481 486 -1
481 487 -4
481 488 2
482 485 4
482 486 -2
482 487 -1
482 488 4
483 485 -2
483 486 -1
483 487 -2
483 488 -1
484 485 1
484 486 -4
484 487 4
484 488 -1
489 493 -1
489 494 2
489 495 1
489 496 1
490 493 2
490 494 1
490 495 2
490 496 4
491 493 4
491 494 4
491 495 -1
491 496 2
492 493 -4
492 494 -4
492 495 -2
492 496 1
497 501 2
497 502 2
497 503 -4
497 504 2
498 501 4
498 502 -4
498 503 -1
498 504 -1
499 501 -1
499 502 1
499 503 -1
499 504 2
500 501 -4
500 502 1
500 503 4
500 504 1
505 509 1
505 510 2
505 511 -2
505 512 -4
506 509 -4
506 510 1
506 511 1
506 512 -1
507 509 -4
507 510 1
507 511 2
507 512 -4
508 509 2
508 510 4
508 511 4
508 512 -4
513 517 1
513 518 1
513 519 -4
513 520 -2
514 517 1
514 518 -2
514 519 4
514 520 -1
515 517 -2
515 518 4
515 519 1
515 520 4
516 517 -2
516 518 -1
516 519 1
516 520 -2
521 525 -2
521 526 4
521 527 2
521 528 -4
522 525 -2
522 526 1
522 527 2
522 528 2
523 525 2
523 526 2
523 527 -1
523 528 -2
524 525 2
524 526 4
524 527 -4
524 528 -2
529 533 -1
529 534 1
529 535 1
529 536 2
530 533 1
530 534 1
530 535 -2
530 536 4
531 533 1
531 534 -4
531 535 -1
531 536 -4
532 533 -4
532 534 4
532 535 2
532 536 -1
537 541 -1
537 542 -1
537 543 2
537 544 -4
538 541 -2
538 542 1
538 543 2
538 544 -2
539 541 -1
539 542 1
539 543 2
539 544 -4
540 541 4
540 542 -1
540 543 2
540 544 2
545 549 -2
545 550 2
545 551 -1
545 552 -2
546 549 -4
546 550 -4
546 551 -1
546 552 1
547 549 4
547 550 1
547 551 4
547 552 4
548 549 -4
548 550 4
548 551 2
548 552 1
553 557 4
553 558 -2
553 559 2
553 560 -4
554 557 1
554 558 -1
554 559 1
554 560 4
555 557 -2
555 558 -2
555 559 -2
555 560 1
556 557 1
556 558 2
556 559 -2
556 560 -2
561 565 4
561 566 2
561 567 1
561 568 2
562 565 2
562 566 4
562 567 1
562 568 1
563 565 -2
563 566 -2
563 567 1
563 568 -4
564 565 1
564 566 -2
564 567 2
564 568 1
569 573 -2
569 574 -2
569 575 -2
569 576 2
570 573 -4
570 574 -4
570 575 -4
570 576 1
571 573 2
571 574 -2
571 575 1
571 576 2
572 573 2
572 574 -4
572 575 4
572 576 -2
577 581 -2
577 582 -2
577 583 1
577 584 1
578 581 -4
578 582 2
578 583 -4
578 584 -4
579 581 4
579 582 2
579 583 -4
579 584 2
580 581 -2
580 582 -2
580 583 -1
580 584 -1
585 589 2
585 590 4
585 591 -1
585 592 1
586 589 -4
586 590 2
586 591 -1
586 592 2
587 589 2
587 590 2
587 591 -1
587 592 -4
588 589 2
588 590 2
588 591 -4
588 592 -4
593 597 -2
593 598 2
593 599 4
593 600 -4
594 597 -1
594 598 2
594 599 2
594 600 1
595 597 -4
595 598 1
595 599 -1
595 600 1
596 597 1
596 598 4
596 599 1
596 600 4
601 605 -2
601 606 2
601 607 2
601 608 2
602 605 4
602 606 -2
602 607 -1
602 608 -2
603 605 4
603 606 4
603 607 4
603 608 4
604 605 2
604 606 -2
604 607 4
604 608 -2
609 613 -2
609 614 -4
609 615 2
609 616 2
610 613 4
610 614 -1
610 615 -1
610 616 1
611 613 -4
611 614 -2
611 615 -4
611 616 -1
612 613 -2
612 614 -4
612 615 -2
612 616 -4
617 621 -1
617 622 4
617 623 2
617 624 -4
618 621 4
618 622 -2
618 623 -4
618 624 -4
619 621 4
619 622 4
619 623 -2
619 624 -1
620 621 -2
620 622 -1
620 623 2
620 624 -2
625 629 4
625 630 -2
625 631 2
625 632 2
626 629 -2
626 630 -2
626 631 -1
626 632 -1
627 629 2
627 630 4
627 631 1
627 632 -2
628 629 1
628 630 -1
628 631 4
628 632 2
633 637 -4
633 638 2
633 639 -4
633 640 -4
634 637 -1
634 638 2
634 639 -4
634 640 4
635 637 1
635 638 4
635 639 4
635 640 2
636 637 -2
636 638 -1
636 639 1
636 640 4
641 645 -4
641 646 -4
641 647 -2
641 648 -2
642 645 4
642 646 -1
642 647 -2
642 648 1
643 645 -4
643 646 1
643 647 1
643 648 1
644 645 2
644 646 4
644 647 -2
644 648 -4
649 653 -4
649 654 -1
649 655 2
649 656 -4
650 653 1
650 654 2
650 655 1
650 656 2
651 653 -4
651 654 -1
651 655 2
651 656 -2
652 653 1
652 654 1
652 655 -4
652 656 -4
657 661 -2
657 662 -1
657 663 -4
657 664 -1
658 661 2
658 662 -4
658 663 2
658 664 -2
659 661 1
659 662 2
659 663 1
659 664 -4
660 661 -1
660 662 4
660 663 -4
660 664 2
665 669 2
665 670 -1
665 671 -4
665 672 -2
666 669 -2
666 670 1
666 671 -1
666 672 -2
667 669 1
667 670 4
667 671 2
667 672 4
668 669 4
668 670 1
668 671 -1
668 672 4
673 677 -4
673 678 4
673 679 -2
673 680 4
674 677 -4
674 678 -1
674 679 -1
674 680 1
675 677 4
675 678 1
675 679 1
675 680 1
676 677 -4
676 678 -1
676 679 4
676 680 4
681 685 1
681 686 -4
681 687 -2
681 688 -1
682 685 4
682 686 4
682 687 2
682 688 4
683 685 1
683 686 -4
683 687 -2
683 688 -2
684 685 2
684 686 -4
684 687 1
684 688 -2
689 693 1
689 694 -4
689 695 -4
689 696 -4
690 693 2
690 694 2
690 695 1
690 696 -1
691 693 1
691 694 -1
691 695 4
691 696 -4
692 693 1
692 694 -4
692 695 1
692 696 1
697 701 4
697 702 -1
697 703 2
697 704 4
698 701 1
698 702 4
698 703 -1
698 704 -1
699 701 -4
699 702 -1
699 703 2
699 704 -1
700 701 1
700 702 -1
700 703 1
700 704 2
705 709 2
705 710 2
705 711 2
705 712 -4
706 709 4
706 710 1
706 711 2
706 712 1
707 709 2
707 710 1
707 711 -4
707 712 2
708 709 4
708 710 4
708 711 1
708 712 -1
713 717 4
713 718 -2
713 719 2
713 720 2
714 717 1
714 718 1
714 719 -4
714 720 -1
715 717 2
715 718 -2
715 719 -1
715 720 4
716 717 -2
716 718 -4
716 719 4
716 720 -4
721 725 -2
721 726 -2
721 727 4
721 728 2
722 725 4
722 726 4
722 727 1
722 728 4
723 725 2
723 726 1
723 727 -2
723 728 -1
724 725 4
724 726 4
724 727 -1
724 728 -2
729 733 4
729 734 -4
729 735 -1
729 736 4
730 733 4
730 734 -4
730 735 1
730 736 -2
731 733 -1
731 734 -1
731 735 4
731 736 4
732 733 -1
732 734 -2
732 735 1
732 736 2
737 741 -4
737 742 -4
737 743 -4
737 744 4
738 741 -2
738 742 -2
738 743 4
738 744 -4
739 741 -4
739 742 -1
739 743 -2
739 744 2
740 741 4
740 742 -4
740 743 1
740 744 2
745 749 -1
745 750 2
745 751 -1
745 752 -4
746 749 -2
746 750 4
746 751 2
746 752 4
747 749 -4
747 750 -4
747 751 -1
747 752 1
748 749 -4
748 750 -2
748 751 -4
748 752 -2
753 757 4
753 758 1
753 759 4
753 760 2
754 757 2
754 758 1
754 759 2
754 760 -4
755 757 -1
755 758 -2
755 759 4
755 760 -4
756 757 4
756 758 1
756 759 -4
756 760 1
761 765 2
761 766 -1
761 767 -2
761 768 -4
762 765 4
762 766 4
762 767 1
762 768 -1
763 765 -4
763 766 -2
763 767 -4
763 768 -2
764 765 -4
764 766 -2
764 767 1
764 768 2
769 773 4
769 774 -4
769 775 1
769 776 -4
770 773 1
770 774 2
770 775 -2
770 776 -2
771 773 -2
771 774 -4
771 775 1
771 776 2
772 773 2
772 774 1
772 775 -1
772 776 -4
777 781 4
777 782 -4
777 783 4
777 784 -2
778 781 1
778 782 -2
778 783 -2
778 784 2
779 781 2
779 782 -4
779 783 -2
779 784 -4
780 781 2
780 782 -4
780 783 1
780 784 4
785 789 1
785 790 -1
785 791 -2
785 792 -1
786 789 1
786 790 4
786 791 2
786 792 -1
787 789 -4
787 790 -2
787 791 -4
787 792 4
788 789 -2
788 790 -2
788 791 -4
788 792 1
793 797 4
793 798 4
793 799 1
793 800 4
794 797 2
794 798 1
794 799 4
794 800 -2
795 797 2
795 798 -1
795 799 -2
795 800 -1
796 797 2
796 798 4
796 799 2
796 800 -1
801 805 -2
801 806 1
801 807 -1
801 808 -2
802 805 -1
802 806 2
802 807 -1
802 808 -2
803 805 -4
803 806 -2
803 807 -1
803 808 -2
804 805 1
804 806 2
804 807 -1
804 808 2
809 813 4
809 814 -1
809 815 -1
809 816 -1
810 813 2
810 814 4
810 815 -4
810 816 4
811 813 1
811 814 4
811 815 1
811 816 1
812 813 -4
812 814 4
812 815 1
812 816 -2
817 821 1
817 822 1
817 823 4
817 824 1
818 821 -4
818 822 -1
818 823 -2
818 824 4
819 821 -2
819 822 -2
819 823 2
819 824 -2
820 821 4
820 822 -1
820 823 -1
820 824 -2
825 829 -2
825 830 2
825 831 1
825 832 -1
826 829 -1
826 830 2
826 831 -4
826 832 -4
827 829 -2
827 830 2
827 831 -2
827 832 -2
828 829 -1
828 830 -2
828 831 -4
828 832 -4
833 837 2
833 838 4
833 839 1
833 840 1
834 837 -1
834 838 2
834 839 2
834 840 -4
835 837 -2
835 838 -1
835 839 -1
835 840 1
836 837 -2
836 838 1
836 839 2
836 840 -4
841 845 -4
841 846 4
841 847 -2
841 848 -1
842 845 4
842 846 1
842 847 1
842 848 -4
843 845 -2
843 846 1
843 847 -2
843 848 -4
844 845 4
844 846 2
844 847 4
844 848 -4
849 853 -2
849 854 4
849 855 -2
849 856 -4
850 853 2
850 854 1
850 855 -1
850 856 4
851 853 2
851 854 -4
851 855 4
851 856 -4
852 853 -2
852 854 -4
852 855 2
852 856 4
857 861 1
857 862 -2
857 863 -2
857 864 1
858 861 -2
858 862 -4
858 863 2
858 864 2
859 861 -4
859 862 -4
859 863 -4
859 864 -4
860 861 1
860 862 -2
860 863 2
860 864 -4
865 869 -2
865 870 1
865 871 -2
865 872 1
866 869 1
866 870 -1
866 871 -2
866 872 4
867 869 -4
867 870 2
867 871 2
867 872 -1
868 869 -4
868 870 1
868 871 -4
868 872 4
873 877 4
873 878 1
873 879 -1
873 880 1
874 877 -1
874 878 -2
874 879 -4
874 880 -4
875 877 1
875 878 -4
875 879 1
875 880 -4
876 877 4
876 878 -1
876 879 -4
876 880 2
881 885 -2
881 886 4
881 887 -4
881 888 1
882 885 -2
882 886 -4
882 887 -2
882 888 -1
883 885 2
883 886 1
883 887 1
883 888 -2
884 885 -4
884 886 2
884 887 2
884 888 2
889 893 -1
889 894 2
889 895 -4
889 896 -4
890 893 2
890 894 -2
890 895 -1
890 896 4
891 893 1
891 894 -1
891 895 -1
891 896 2
892 893 1
892 894 4
892 895 -2
892 896 1
897 901 2
897 902 -4
897 903 -4
897 904 -1
898 901 -1
898 902 -4
898 903 1
898 904 -2
899 901 -1
899 902 -2
899 903 1
899 904 -4
900 901 2
900 902 2
900 903 -2
900 904 4
905 909 -1
905 910 1
905 911 -4
905 912 -1
906 909 1
906 910 -1
906 911 4
906 912 -4
907 909 -2
907 910 4
907 911 4
907 912 -1
908 909 2
908 910 2
908 911 -1
908 912 -1
913 917 -1
913 918 -1
913 919 -2
913 920 -4
914 917 -1
914 918 -2
914 919 -1
914 920 -1
915 917 2
915 918 2
915 919 -2
915 920 -4
916 917 1
916 918 4
916 919 4
916 920 1
921 925 4
921 926 -2
921 927 1
921 928 -4
922 925 4
922 926 -1
922 927 -1
922 928 2
923 925 -4
923 926 4
923 927 -2
923 928 4
924 925 -2
924 926 4
924 927 -4
924 928 -1
929 933 -1
929 934 -4
929 935 1
929 936 -4
930 933 -4
930 934 2
930 935 -2
930 936 -1
931 933 2
931 934 4
931 935 4
931 936 -4
932 933 -1
932 934 1
932 935 4
932 936 1
937 941 -4
937 942 -2
937 943 -4
937 944 4
938 941 -1
938 942 4
938 943 1
938 944 -1
939 941 -4
939 942 -4
939 943 -2
939 944 -4
940 941 2
940 942 1
940 943 1
940 944 -1
945 949 -2
945 950 -1
945 951 -1
945 952 2
946 949 -2
946 950 -2
946 951 -2
946 952 4
947 949 -2
947 950 -4
947 951 -4
947 952 4
948 949 1
948 950 2
948 951 -1
948 952 -2
953 957 -4
953 958 -1
953 959 -1
953 960 2
954 957 2
954 958 -4
954 959 1
954 960 -1
955 957 4
955 958 2
955 959 4
955 960 2
956 957 -2
956 958 -2
956 959 1
956 960 -4
961 965 1
961 966 4
961 967 -2
961 968 2
962 965 2
962 966 2
962 967 2
962 968 -4
963 965 -4
963 966 4
963 967 4
963 968 1
964 965 2
964 966 -4
964 967 -4
964 968 2
969 973 1
969 974 -2
969 975 -1
969 976 -1
970 973 2
970 974 -2
970 975 1
970 976 2
971 973 2
971 974 -2
971 975 4
971 976 -4
972 973 4
972 974 -1
972 975 -4
972 976 4
977 981 2
977 982 -2
977 983 -1
977 984 1
978 981 -4
978 982 2
978 983 1
978 984 -4
979 981 2
979 982 4
979 983 4
979 984 -2
980 981 -2
980 982 1
980 983 1
980 984 -4
985 989 1
985 990 2
985 991 1
985 992 -2
986 989 -2
986 990 2
986 991 1
986 992 4
987 989 2
987 990 -4
987 991 -1
987 992 2
988 989 1
988 990 2
988 991 4
988 992 4
993 997 2
993 998 4
993 999 -2
993 1000 -4
994 997 2
994 998 -1
994 999 4
994 1000 1
995 997 1
995 998 2
995 999 1
995 1000 -1
996 997 1
996 998 -1
996 999 -4
996 1000 1
1001 1005 1
1001 1006 -4
1001 1007 -4
1001 1008 1
1002 1005 -1
1002 1006 -1
1002 1007 -2
1002 1008 4
1003 1005 -4
1003 1006 -4
1003 1007 -1
1003 1008 1
1004 1005 -2
1004 1006 -2
1004 1007 4
1004 1008 2
1009 1013 2
1009 1014 -4
1009 1015 1
1009 1016 -1
1010 1013 2
1010 1014 1
1010 1015 -4
1010 1016 -1
1011 1013 1
1011 1014 1
1011 1015 -4
1011 1016 -4
1012 1013 -2
1012 1014 1
1012 1015 -2
1012 1016 -4
1017 1021 1
1017 1022 4
1017 1023 -2
1017 1024 1
1018 1021 4
1018 1022 -2
1018 1023 4
1018 1024 -2
1019 1021 -1
1019 1022 -2
1019 1023 2
1019 1024 1
1020 1021 -2
1020 1022 4
1020 1023 -4
1020 1024 1
1025 1029 -1
1025 1030 -4
1025 1031 1
1025 1032 -4
1026 1029 4
1026 1030 1
1026 1031 4
1026 1032 -4
1027 1029 -1
1027 1030 -4
1027 1031 -1
1027 1032 2
1028 1029 -2
1028 1030 -4
1028 1031 -2
1028 1032 -1
1033 1037 4
1033 1038 -2
1033 1039 4
1033 1040 1
1034 1037 -4
1034 1038 4
1034 1039 -2
1034 1040 4
1035 1037 1
1035 1038 -4
1035 1039 -4
1035 1040 2
1036 1037 2
1036 1038 4
1036 1039 -2
1036 1040 1
1041 1045 1
1041 1046 -2
1041 1047 1
1041 1048 -4
1042 1045 -1
1042 1046 4
1042 1047 1
1042 1048 -2
1043 1045 -2
1043 1046 2
1043 1047 -2
1043 1048 1
1044 1045 1
1044 1046 1
1044 1047 -1
1044 1048 1
1049 1053 1
1049 1054 -4
1049 1055 1
1049 1056 1
1050 1053 1
1050 1054 -2
1050 1055 -4
1050 1056 -4
1051 1053 4
1051 1054 1
1051 1055 4
1051 1056 4
1052 1053 1
1052 1054 -1
1052 1055 -2
1052 1056 -4
1057 1061 -2
1057 1062 -1
1057 1063 -2
1057 1064 4
1058 1061 1
1058 1062 4
1058 1063 -2
1058 1064 4
1059 1061 1
1059 1062 1
1059 1063 -1
1059 1064 1
1060 1061 -1
1060 1062 -1
1060 1063 1
1060 1064 1
1065 1069 -2
1065 1070 -2
1065 1071 1
1065 1072 -4
1066 1069 -1
1066 1070 -4
1066 1071 1
1066 1072 -2
1067 1069 -1
1067 1070 -4
1067 1071 -4
1067 1072 2
1068 1069 -1
1068 1070 1
1068 1071 4
1068 1072 -2
1073 1077 -2
1073 1078 4
1073 1079 -1
1073 1080 4
1074 1077 -4
1074 1078 -2
1074 1079 -4
1074 1080 2
1075 1077 4
1075 1078 1
1075 1079 -1
1075 1080 -1
1076 1077 1
1076 1078 2
1076 1079 4
1076 1080 -4
1081 1085 4
1081 1086 -2
1081 1087 -1
1081 1088 -2
1082 1085 -2
1082 1086 -1
1082 1087 -1
1082 1088 -4
1083 1085 1
1083 1086 -1
1083 1087 2
1083 1088 2
1084 1085 -2
1084 1086 -2
1084 1087 1
1084 1088 2
1089 1093 2
1089 1094 -4
1089 1095 -1
1089 1096 -2
1090 1093 -4
1090 1094 2
1090 1095 2
1090 1096 -4
1091 1093 4
1091 1094 -4
1091 1095 -2
1091 1096 4
1092 1093 1
1092 1094 -4
1092 1095 -4
1092 1096 -2
1097 1101 2
1097 1102 2
1097 1103 -1
1097 1104 -4
1098 1101 -2
1098 1102 -2
1098 1103 -4
1098 1104 -2
1099 1101 2
1099 1102 -2
1099 1103 4
1099 1104 1
1100 1101 -1
1100 1102 -2
1100 1103 -4
1100 1104 -2
1105 1109 4
1105 1110 -1
1105 1111 4
1105 1112 -1
1106 1109 2
1106 1110 -2
1106 1111 -4
1106 1112 1
1107 1109 -2
1107 1110 -1
1107 1111 1
1107 1112 -4
1108 1109 2
1108 1110 2
1108 1111 1
1108 1112 -1
1113 1117 4
1113 1118 2
1113 1119 1
1113 1120 -1
1114 1117 -1
1114 1118 -2
1114 1119 -4
1114 1120 -2
1115 1117 2
1115 1118 2
1115 1119 -4
1115 1120 -2
1116 1117 2
1116 1118 2
1116 1119 4
1116 1120 1
1121 1125 -1
1121 1126 4
1121 1127 4
1121 1128 4
1122 1125 -2
1122 1126 1
1122 1127 2
1122 1128 2
1123 1125 2
1123 1126 -4
1123 1127 -1
1123 1128 4
1124 1125 4
1124 1126 -1
1124 1127 4
1124 1128 1
1129 1133 -1
1129 1134 -2
1129 1135 2
1129 1136 2
1130 1133 -4
1130 1134 4
1130 1135 -1
1130 1136 -1
1131 1133 -1
1131 1134 -1
1131 1135 -1
1131 1136 2
1132 1133 4
1132 1134 -4
1132 1135 -1
1132 1136 -1
1137 1141 4
1137 1142 -4
1137 1143 -4
1137 1144 1
1138 1141 -2
1138 1142 -1
1138 1143 2
1138 1144 2
1139 1141 1
1139 1142 -2
1139 1143 4
1139 1144 4
1140 1141 1
1140 1142 4
1140 1143 4
1140 1144 -1
1145 1149 1
1145 1150 4
1145 1151 -2
1145 1152 1
1146 1149 -4
1146 1150 1
1146 1151 4
1146 1152 -4
1147 1149 -2
1147 1150 -4
1147 1151 -2
1147 1152 -1
1148 1149 -4
1148 1150 4
1148 1151 -1
1148 1152 -1
5 13 4
6 14 2
7 15 1
8 16 1
13 21 2
14 22 1
15 23 2
16 24 -1
21 29 -1
22 30 1
23 31 -1
24 32 4
29 37 1
30 38 4
31 39 -4
32 40 4
37 45 -4
38 46 1
39 47 -2
40 48 -4
45 53 4
46 54 -4
47 55 2
48 56 1
53 61 -1
54 62 -2
55 63 -4
56 64 2
61 69 -2
62 70 -2
63 71 -2
64 72 2
69 77 -1
70 78 1
71 79 -1
72 80 -1
77 85 -4
78 86 4
79 87 -1
80 88 1
85 93 4
86 94 2
87 95 -2
88 96 2
101 109 -1
102 110 2
103 111 -1
104 112 -1
109 117 2
110 118 1
111 119 -4
112 120 -4
117 125 4
118 126 -2
119 127 -4
120 128 4
125 133 2
126 134 4
127 135 -1
128 136 -1
133 141 -4
134 142 -2
135 143 1
136 144 -2
141 149 -2
142 150 -4
143 151 1
144 152 4
149 157 -4
150 158 1
151 159 4
152 160 4
157 165 -2
158 166 2
159 167 -2
160 168 1
165 173 -4
166 174 2
167 175 4
168 176 4
173 181 -4
174 182 1
175 183 2
176 184 -2
181 189 4
182 190 1
183 191 4
184 192 -1
197 205 -4
198 206 -2
199 207 1
200 208 -1
205 213 1
206 214 -2
207 215 2
208 216 2
213 221 -4
214 222 1
215 223 -4
216 224 2
221 229 1
222 230 4
223 231 1
224 232 4
229 237 4
230 238 1
231 239 4
232 240 1
237 245 -4
238 246 -1
239 247 -4
240 248 2
245 253 -2
246 254 1
247 255 4
248 256 -1
253 261 4
254 262 -2
255 263 4
256 264 2
261 269 1
262 270 -1
263 271 2
264 272 2
269 277 2
270 278 1
271 279 -4
272 280 1
277 285 2
278 286 1
279 287 -4
280 288 -4
293 301 1
294 302 4
295 303 -2
296 304 4
301 309 -4
302 310 -4
303 311 -1
304 312 1
309 317 1
310 318 -1
311 319 1
312 320 -4
317 325 -4
318 326 -2
319 327 -4
320 328 -4
325 333 4
326 334 -4
327 335 -2
328 336 -4
333 341 -4
334 342 -2
335 343 4
336 344 -2
341 349 -4
342 350 4
343 351 2
344 352 -2
349 357 1
350 358 1
351 359 -1
352 360 -4
357 365 -2
358 366 4
359 367 -1
360 368 -4
365 373 4
366 374 1
367 375 4
368 376 -1
373 381 4
374 382 1
375 383 -2
376 384 1
389 397 2
390 398 -1
391 399 -2
392 400 1
397 405 -4
398 406 -1
399 407 -2
400 408 1
405 413 4
406 414 -2
407 415 -4
408 416 4
413 421 -2
414 422 2
415 423 2
416 424 -2
421 429 2
422 430 -4
423 431 -1
424 432 1
429 437 -4
430 438 4
431 439 4
432 440 -4
437 445 -1
438 446 1
439 447 -4
440 448 4
445 453 -4
446 454 -4
447 455 -4
448 456 -4
453 461 1
454 462 -1
455 463 -2
456 464 4
461 469 -4
462 470 -1
463 471 -4
464 472 1
469 477 4
470 478 -1
471 479 4
472 480 -2
485 493 -4
486 494 -1
487 495 4
488 496 -1
493 501 -2
494 502 -2
495 503 -4
496 504 4
501 509 -4
502 510 -4
503 511 -1
504 512 2
509 517 -2
510 518 -4
511 519 -2
512 520 -2
517 525 -4
518 526 4
519 527 1
520 528 2
525 533 -1
526 534 1
527 535 4
528 536 2
533 541 -2
534 542 2
535 543 2
536 544 -4
541 549 -1
542 550 -4
543 551 -1
544 552 -2
549 557 -2
550 558 -1
551 559 -2
552 560 1
557 565 2
558 566 2
559 567 4
560 568 -2
565 573 -4
566 574 4
567 575 2
568 576 -2
581 589 4
582 590 -2
583 591 2
584 592 2
589 597 -4
590 598 4
591 599 -2
592 600 1
597 605 -4
598 606 -4
599 607 -1
600 608 2
605 613 4
606 614 4
607 615 4
608 616 -4
613 621 -1
614 622 1
615 623 -4
616 624 -4
621 629 -1
622 630 1
623 631 2
624 632 -1
629 637 -4
630 638 -2
631 639 4
632 640 4
637 645 -4
638 646 -1
639 647 2
640 648 1
645 653 1
646 654 2
647 655 2
648 656 -1
653 661 -1
654 662 2
655 663 4
656 664 2
661 669 -2
662 670 -2
663 671 4
664 672 -4
677 685 4
678 686 -1
679 687 -2
680 688 1
685 693 4
686 694 1
687 695 -2
688 696 -1
693 701 -4
694 702 -2
695 703 -2
696 704 2
701 709 4
702 710 4
703 711 4
704 712 -2
709 717 -1
710 718 2
711 719 -2
712 720 1
717 725 -1
718 726 -4
719 727 1
720 728 4
725 733 2
726 734 -1
727 735 4
728 736 2
733 741 2
734 742 -4
735 743 4
736 744 1
741 749 -2
742 750 -1
743 751 1
744 752 1
749 757 4
750 758 4
751 759 -1
752 760 2
757 765 1
758 766 -1
759 767 -4
760 768 2
773 781 -4
774 782 2
775 783 1
776 784 1
781 789 2
782 790 2
783 791 4
784 792 -1
789 797 -1
790 798 4
791 799 2
792 800 -1
797 805 4
798 806 -4
799 807 -1
800 808 2
805 813 2
806 814 -4
807 815 -4
808 816 2
813 821 2
814 822 -4
815 823 1
816 824 -1
821 829 -2
822 830 -2
823 831 -4
824 832 1
829 837 4
830 838 -4
831 839 -4
832 840 1
837 845 -2
838 846 4
839 847 1
840 848 -1
845 853 -4
846 854 2
847 855 1
848 856 -4
853 861 4
854 862 2
855 863 4
856 864 -1
869 877 -4
870 878 1
871 879 -1
872 880 1
877 885 2
878 886 1
879 887 1
880 888 -1
885 893 1
886 894 4
887 895 -2
888 896 -1
893 901 2
894 902 -1
895 903 2
896 904 2
901 909 1
902 910 2
903 911 -4
904 912 -4
909 917 2
910 918 -1
911 919 -1
912 920 -2
917 925 2
918 926 -1
919 927 1
920 928 -4
925 933 1
926 934 -2
927 935 2
928 936 -1
933 941 -4
934 942 -2
935 943 -4
936 944 1
941 949 2
942 950 1
943 951 1
944 952 -1
949 957 -1
950 958 4
951 959 4
952 960 4
965 973 4
966 974 -4
967 975 -1
968 976 4
973 981 2
974 982 1
975 983 2
976 984 -4
981 989 4
982 990 2
983 991 -1
984 992 -1
989 997 -4
990 998 2
991 999 1
992 1000 -4
997 1005 -4
998 1006 -1
999 1007 -1
1000 1008 -4
1005 1013 4
1006 1014 -2
1007 1015 -4
1008 1016 -1
1013 1021 1
1014 1022 -2
1015 1023 -2
1016 1024 2
1021 1029 4
1022 1030 2
1023 1031 2
1024 1032 -4
1029 1037 1
1030 1038 2
1031 1039 -2
1032 1040 -4
1037 1045 -1
1038 1046 -1
1039 1047 -4
1040 1048 2
1045 1053 2
1046 1054 -1
1047 1055 1
1048 1056 2
1061 1069 4
1062 1070 -1
1063 1071 -4
1064 1072 4
1069 1077 4
1070 1078 -1
1071 1079 -4
1072 1080 4
1077 1085 -1
1078 1086 -1
1079 1087 -1
1080 1088 -1
1085 1093 -4
1086 1094 1
1087 1095 -1
1088 1096 -1
1093 1101 -4
1094 1102 -4
1095 1103 4
1096 1104 -1
1101 1109 -1
1102 1110 -1
1103 1111 1
1104 1112 1
1109 1117 2
1110 1118 2
1111 1119 -4
1112 1120 -4
1117 1125 -2
1118 1126 4
1119 1127 4
1120 1128 4
1125 1133 -4
1126 1134 -1
1127 1135 2
1128 1136 -1
1133 1141 -1
1134 1142 -1
1135 1143 -2
1136 1144 -1
1141 1149 4
1142 1150 4
1143 1151 4
1144 1152 1
1 97 -1
2 98 -1
3 99 -2
4 100 1
97 193 2
98 194 1
99 195 4
100 196 1
193 289 1
194 290 -2
195 291 -1
196 292 4
289 385 -4
290 386 -1
291 387 -1
292 388 -4
385 481 -1
386 482 1
387 483 -1
388 484 1
481 577 -2
482 578 4
483 579 -4
484 580 -4
577 673 4
578 674 2
579 675 4
580 676 1
673 769 -4
674 770 1
675 771 -2
676 772 -1
769 865 -1
770 866 1
771 867 -1
772 868 -1
865 961 1
866 962 2
867 963 -2
868 964 4
961 1057 -1
962 1058 2
963 1059 -2
964 1060 4
9 105 4
10 106 -2
11 107 -2
12 108 4
105 201 2
106 202 4
107 203 4
108 204 -1
201 297 -2
202 298 -2
203 299 -4
204 300 2
297 393 4
298 394 -4
299 395 -4
300 396 -4
393 489 2
394 490 -2
395 491 -1
396 492 2
489 585 1
490 586 1
491 587 1
492 588 -1
585 681 -2
586 682 1
587 683 1
588 684 2
681 777 -2
682 778 -1
683 779 1
684 780 1
777 873 4
778 874 1
779 875 -2
780 876 4
873 969 1
874 970 -1
875 971 1
876 972 -4
969 1065 1
970 1066 2
971 1067 -2
972 1068 -1
17 113 -1
18 114 -4
19 115 -1
20 116 1
113 209 4
114 210 -2
115 211 -2
116 212 -2
209 305 -1
210 306 1
211 307 4
212 308 4
305 401 1
306 402 -2
307 403 -1
308 404 2
401 497 1
402 498 2
403 499 -4
404 500 -4
497 593 4
498 594 1
499 595 -1
500 596 2
593 689 -2
594 690 4
595 691 -4
596 692 1
689 785 1
690 786 1
691 787 2
692 788 4
785 881 -2
786 882 -2
787 883 -2
788 884 4
881 977 1
882 978 -4
883 979 4
884 980 4
977 1073 2
978 1074 -2
979 1075 -1
980 1076 1
25 121 -1
26 122 -4
27 123 1
28 124 -1
121 217 2
122 218 -4
123 219 -1
124 220 -1
217 313 4
218 314 -1
219 315 -4
220 316 2
313 409 1
314 410 1
315 411 -4
316 412 2
409 505 -2
410 506 -4
411 507 -4
412 508 -2
505 601 4
506 602 -4
507 603 -4
508 604 1
601 697 -1
602 698 -4
603 699 -1
604 700 -2
697 793 -4
698 794 -2
699 795 -1
700 796 -2
793 889 2
794 890 1
795 891 -1
796 892 1
889 985 2
890 986 -1
891 987 1
892 988 1
985 1081 -1
986 1082 -4
987 1083 -4
988 1084 -4
33 129 4
34 130 2
35 131 2
36 132 2
129 225 -1
130 226 -1
131 227 -1
132 228 -4
225 321 -2
226 322 4
227 323 1
228 324 -2
321 417 2
322 418 4
323 419 -2
324 420 1
417 513 -4
418 514 4
419 515 -1
420 516 4
513 609 -4
514 610 -1
515 611 -1
516 612 2
609 705 4
610 706 4
611 707 4
612 708 -1
705 801 -1
706 802 1
707 803 -2
708 804 2
801 897 -4
802 898 -4
803 899 -1
804 900 -2
897 993 1
898 994 -4
899 995 4
900 996 -2
993 1089 -4
994 1090 -4
995 1091 -1
996 1092 4
41 137 4
42 138 -1
43 139 2
44 140 2
137 233 -1
138 234 -2
139 235 -1
140 236 1
233 329 -4
234 330 -1
235 331 -2
236 332 2
329 425 2
330 426 -1
331 427 -1
332 428 4
425 521 1
426 522 -2
427 523 -4
428 524 -4
521 617 4
522 618 -2
523 619 -1
524 620 4
617 713 -4
618 714 -2
619 715 1
620 716 -1
713 809 -2
714 810 -2
715 811 2
716 812 -4
809 905 -4
810 906 -2
811 907 -4
812 908 -4
905 1001 -4
906 1002 -4
907 1003 2
908 1004 -1
1001 1097 2
1002 1098 -2
1003 1099 4
1004 1100 -2
49 145 2
50 146 1
51 147 -1
52 148 1
145 241 -2
146 242 -4
147 243 -1
148 244 2
241 337 -1
242 338 -2
243 339 2
244 340 -4
337 433 2
338 434 -1
339 435 -2
340 436 4
433 529 4
434 530 -4
435 531 -2
436 532 1
529 625 -1
530 626 -1
531 627 1
532 628 2
625 721 -4
626 722 -1
627 723 -1
628 724 4
721 817 4
722 818 -1
723 819 -2
724 820 -4
817 913 -2
818 914 1
819 915 -1
820 916 -1
913 1009 4
914 1010 -2
915 1011 4
916 1012 -2
1009 1105 -2
1010 1106 -1
1011 1107 2
1012 1108 -4
57 153 -4
58 154 -1
59 155 -2
60 156 4
153 249 1
154 250 2
155 251 -2
156 252 -4
249 345 -1
250 346 4
251 347 4
252 348 4
345 441 2
346 442 4
347 443 -4
348 444 1
441 537 2
442 538 -2
443 539 -4
444 540 -4
537 633 -4
538 634 1
539 635 4
540 636 1
633 729 -2
634 730 -2
635 731 -4
636 732 -2
729 825 1
730 826 4
731 827 1
732 828 4
825 921 -1
826 922 -2
827 923 -1
828 924 -2
921 1017 2
922 1018 2
923 1019 -4
924 1020 -2
1017 1113 4
1018 1114 -1
1019 1115 4
1020 1116 2
65 161 -1
66 162 -1
67 163 -1
68 164 1
161 257 -1
162 258 -4
163 259 -4
164 260 -1
257 353 4
258 354 4
259 355 1
260 356 2
353 449 4
354 450 4
355 451 2
356 452 2
449 545 -1
450 546 -4
451 547 2
452 548 -2
545 641 -2
546 642 1
547 643 -1
548 644 -1
641 737 4
642 738 -4
643 739 -4
644 740 -2
737 833 -1
738 834 -2
739 835 4
740 836 2
833 929 4
834 930 1
835 931 -1
836 932 -2
929 1025 4
930 1026 4
931 1027 4
932 1028 -4
1025 1121 2
1026 1122 -2
1027 1123 1
1028 1124 -2
73 169 2
74 170 4
75 171 -1
76 172 1
169 265 -4
170 266 2
171 267 -1
172 268 -4
265 361 2
266 362 -2
267 363 1
268 364 -1
361 457 -4
362 458 -1
363 459 2
364 460 1
457 553 4
458 554 -4
459 555 -4
460 556 -2
553 649 1
554 650 -4
555 651 -1
556 652 -4
649 745 4
650 746 4
651 747 -4
652 748 -2
745 841 -1
746 842 -1
747 843 -4
748 844 -2
841 937 -1
842 938 1
843 939 2
844 940 -2
937 1033 2
938 1034 -2
939 1035 4
940 1036 4
1033 1129 2
1034 1130 -2
1035 1131 -2
1036 1132 2
81 177 2
82 178 4
83 179 4
84 180 -2
177 273 -1
178 274 2
179 275 2
180 276 -1
273 369 -2
274 370 4
275 371 -1
276 372 -1
369 465 4
370 466 -2
371 467 -2
372 468 1
465 561 2
466 562 2
467 563 -4
468 564 4
561 657 2
562 658 4
563 659 -1
564 660 -2
657 753 -2
658 754 -1
659 755 -1
660 756 1
753 849 4
754 850 -1
755 851 4
756 852 1
849 945 -1
850 946 2
851 947 -2
852 948 -4
945 1041 -4
946 1042 4
947 1043 -4
948 1044 -4
1041 1137 4
1042 1138 -4
1043 1139 4
1044 1140 -2
89 185 -1
90 186 1
91 187 -2
92 188 -1
185 281 1
186 282 1
187 283 1
188 284 4
281 377 4
282 378 -1
283 379 2
284 380 -1
377 473 -2
378 474 2
379 475 -1
380 476 1
473 569 -1
474 570 1
475 571 2
476 572 2
569 665 -4
570 666 -1
571 667 -1
572 668 4
665 761 1
666 762 4
667 763 -4
668 764 -1
761 857 -2
762 858 -4
763 859 -1
764 860 -4
857 953 -1
858 954 1
859 955 1
860 956 1
953 1049 -2
954 1050 -2
955 1051 -2
956 1052 -1
1049 1145 1
1050 1146 1
1051 1147 -1
1052 1148 2
