#
1 5 -1
1 6 -4
1 7 -1
1 8 -1
2 5 2
2 6 -1
2 7 4
2 8 4
3 5 2
3 6 4
3 7 -1
3 8 -2
4 5 1
4 6 -4
4 7 2
4 8 -4
9 13 -1
9 14 1
9 15 -2
9 16 2
10 13 4
10 14 4
10 15 -2
10 16 -4
11 13 -1
11 14 4
11 15 2
11 16 2
12 13 4
12 14 2
12 15 -4
12 16 4
17 21 2
17 22 -4
17 23 -1
17 24 -2
18 21 -1
18 22 1
18 23 1
18 24 1
19 21 -1
19 22 1
19 23 2
19 24 2
20 21 -4
20 22 -2
20 23 4
20 24 -4
25 29 1
25 30 1
25 31 4
25 32 4
26 29 1
26 30 -4
26 31 2
26 32 4
27 29 -4
27 30 1
27 31 2
27 32 1
28 29 -1
28 30 1
28 31 -1
28 32 4
33 37 1
33 38 -4
33 39 2
33 40 4
34 37 -1
34 38 -1
34 39 -2
34 40 -2
35 37 -2
35 38 1
35 39 -4
35 40 2
36 37 -2
36 38 -4
36 39 -4
36 40 -1
41 45 -1
41 46 -1
41 47 2
41 48 4
42 45 1
42 46 -2
42 47 -2
42 48 2
43 45 4
43 46 4
43 47 -2
43 48 1
44 45 -1
44 46 2
44 47 -4
44 48 -4
49 53 4
49 54 -1
49 55 -2
49 56 4
50 53 -4
50 54 -2
50 55 1
50 56 4
51 53 -2
51 54 2
51 55 -4
51 56 1
52 53 -4
52 54 4
52 55 2
52 56 2
57 61 4
57 62 -2
57 63 -4
57 64 1
58 61 4
58 62 4
58 63 4
58 64 -2
59 61 4
59 62 4
59 63 -4
59 64 -4
60 61 -2
60 62 4
60 63 1
60 64 2
65 69 1
65 70 -1
65 71 1
65 72 4
66 69 2
66 70 1
66 71 -4
66 72 -4
67 69 2
67 70 1
67 71 -4
67 72 -4
68 69 -1
68 70 -1
68 71 4
68 72 2
73 77 1
73 78 -2
73 79 -1
73 80 -1
74 77 4
74 78 -1
74 79 -2
74 80 -4
75 77 4
75 78 -4
75 79 2
75 80 2
76 77 4
76 78 2
76 79 -4
76 80 1
81 85 2
81 86 4
81 87 -4
81 88 2
82 85 1
82 86 4
82 87 1
82 88 -1
83 85 4
83 86 4
83 87 -4
83 88 4
84 85 -4
84 86 1
84 87 -4
84 88 2
89 93 4
89 94 2
89 95 -1
89 96 2
90 93 1
90 94 -1
90 95 2
90 96 1
91 93 -4
91 94 -4
91 95 1
91 96 4
92 93 4
92 94 4
92 95 -1
92 96 4
97 101 -4
97 102 -1
97 103 2
97 104 -4
98 101 2
98 102 2
98 103 2
98 104 2
99 101 2
99 102 -4
99 103 1
99 104 -4
100 101 4
100 102 -2
100 103 1
100 104 4
105 109 -1
105 110 -2
105 111 2
105 112 -1
106 109 4
106 110 4
106 111 -4
106 112 1
107 109 -1
107 110 2
107 111 -2
107 112 -2
108 109 -2
108 110 -2
108 111 2
108 112 4
113 117 -4
113 118 2
113 119 -4
113 120 2
114 117 -1
114 118 -1
114 119 2
114 120 4
115 117 -4
115 118 2
115 119 -2
115 120 4
116 117 -1
116 118 -4
116 119 2
116 120 -4
121 125 1
121 126 4
121 127 2
121 128 -4
122 125 2
122 126 -4
122 127 2
122 128 -4
123 125 -1
123 126 1
123 127 -2
123 128 1
124 125 -1
124 126 -2
124 127 4
124 128 -1
129 133 -2
129 134 2
129 135 1
129 136 -4
130 133 -4
130 134 2
130 135 4
130 136 -1
131 133 -2
131 134 -4
131 135 -4
131 136 2
132 133 1
132 134 1
132 135 -1
132 136 -4
137 141 1
137 142 -1
137 143 2
137 144 -4
138 141 2
138 142 -2
138 143 2
138 144 -4
139 141 4
139 142 -4
139 143 1
139 144 4
140 141 -2
140 142 1
140 143 -2
140 144 -4
145 149 1
145 150 4
145 151 -1
145 152 -4
146 149 4
146 150 -2
146 151 -4
146 152 4
147 149 2
147 150 2
147 151 -1
147 152 2
148 149 2
148 150 -4
148 151 2
148 152 -4
153 157 -4
153 158 2
153 159 1
153 160 2
154 157 -2
154 158 4
154 159 1
154 160 -2
155 157 -4
155 158 4
155 159 2
155 160 -2
156 157 -2
156 158 -4
156 159 4
156 160 2
161 165 -2
161 166 4
161 167 -4
161 168 4
162 165 -4
162 166 -2
162 167 -2
162 168 -1
163 165 2
163 166 1
163 167 -2
163 168 1
164 165 1
164 166 1
164 167 1
164 168 2
169 173 -1
169 174 -2
169 175 -4
169 176 -4
170 173 1
170 174 -2
170 175 -4
170 176 -2
171 173 4
171 174 1
171 175 -4
171 176 -4
172 173 -4
172 174 -2
172 175 -1
172 176 -4
177 181 2
177 182 -2
177 183 1
177 184 1
178 181 4
178 182 -1
178 183 -2
178 184 4
179 181 2
179 182 -4
179 183 -2
179 184 1
180 181 2
180 182 -4
180 183 -4
180 184 -4
185 189 -1
185 190 -2
185 191 4
185 192 -4
186 189 -1
186 190 -1
186 191 -1
186 192 -2
187 189 2
187 190 -2
187 191 -2
187 192 -4
188 189 -2
188 190 -1
188 191 -4
188 192 -2
193 197 -4
193 198 4
193 199 -2
193 200 -1
194 197 -2
194 198 -2
194 199 2
194 200 2
195 197 2
195 198 -2
195 199 -2
195 200 -1
196 197 4
196 198 -4
196 199 2
196 200 1
201 205 4
201 206 1
201 207 4
201 208 -1
202 205 4
202 206 -2
202 207 -2
202 208 2
203 205 -2
203 206 -4
203 207 1
203 208 -4
204 205 -4
204 206 2
204 207 -4
204 208 4
209 213 2
209 214 -2
209 215 -4
209 216 1
210 213 2
210 214 4
210 215 -1
210 216 -2
211 213 -2
211 214 -2
211 215 -1
211 216 2
212 213 4
212 214 -4
212 215 4
212 216 4
217 221 -2
217 222 4
217 223 4
217 224 -1
218 221 1
218 222 1
218 223 -4
218 224 -4
219 221 -2
219 222 2
219 223 -2
219 224 2
220 221 -1
220 222 -2
220 223 -4
220 224 2
225 229 2
225 230 2
225 231 -4
225 232 -4
226 229 -2
226 230 4
226 231 4
226 232 1
227 229 2
227 230 -4
227 231 2
227 232 -2
228 229 -2
228 230 4
228 231 -1
228 232 2
233 237 2
233 238 2
233 239 2
233 240 1
234 237 2
234 238 -2
234 239 -1
234 240 -1
235 237 -2
235 238 -4
235 239 2
235 240 -2
236 237 -4
236 238 2
236 239 -2
236 240 -4
241 245 2
241 246 -1
241 247 -4
241 248 -1
242 245 -1
242 246 4
242 247 -4
242 248 -1
243 245 -4
243 246 4
243 247 -4
243 248 -2
244 245 -2
244 246 1
244 247 1
244 248 -4
249 253 1
249 254 -1
249 255 4
249 256 1
250 253 -1
250 254 -1
250 255 -2
250 256 -1
251 253 4
251 254 -4
251 255 1
251 256 -4
252 253 2
252 254 -2
252 255 -1
252 256 -1
257 261 -2
257 262 -1
257 263 -1
257 264 -2
258 261 2
258 262 -1
258 263 2
258 264 -2
259 261 -4
259 262 2
259 263 -2
259 264 2
260 261 -2
260 262 1
260 263 -4
260 264 -1
265 269 1
265 270 -4
265 271 -1
265 272 1
266 269 2
266 270 -1
266 271 1
266 272 -4
267 269 1
267 270 1
267 271 1
267 272 1
268 269 2
268 270 -2
268 271 4
268 272 -2
273 277 -2
273 278 -1
273 279 2
273 280 2
274 277 2
274 278 2
274 279 1
274 280 4
275 277 1
275 278 1
275 279 2
275 280 -1
276 277 4
276 278 2
276 279 4
276 280 -2
281 285 4
281 286 -1
281 287 2
281 288 -1
282 285 2
282 286 1
282 287 1
282 288 -2
283 285 4
283 286 -4
283 287 -2
283 288 -1
284 285 1
284 286 -2
284 287 -1
284 288 -4
289 293 -2
289 294 2
289 295 -4
289 296 -1
290 293 -2
290 294 -2
290 295 -2
290 296 4
291 293 -1
291 294 4
291 295 2
291 296 -1
292 293 1
292 294 2
292 295 2
292 296 -2
297 301 4
297 302 -4
297 303 -1
297 304 -4
298 301 4
298 302 1
298 303 1
298 304 4
299 301 -4
299 302 4
299 303 2
299 304 -2
300 301 -4
300 302 -4
300 303 4
300 304 -1
305 309 -1
305 310 -1
305 311 2
305 312 2
306 309 -1
306 310 1
306 311 1
306 312 4
307 309 2
307 310 -4
307 311 4
307 312 4
308 309 4
308 310 -1
308 311 4
308 312 2
313 317 -4
313 318 -4
313 319 -2
313 320 -4
314 317 2
314 318 -4
314 319 -1
314 320 -4
315 317 1
315 318 4
315 319 2
315 320 -2
316 317 -1
316 318 -2
316 319 -2
316 320 -1
321 325 -2
321 326 -4
321 327 -2
321 328 -4
322 325 4
322 326 2
322 327 2
322 328 -2
323 325 -2
323 326 4
323 327 2
323 328 -1
324 325 2
324 326 -2
324 327 1
324 328 -1
329 333 -2
329 334 -2
329 335 2
329 336 1
330 333 -1
330 334 1
330 335 -4
330 336 -2
331 333 -1
331 334 -2
331 335 2
331 336 -2
332 333 -4
332 334 1
332 335 -1
332 336 -2
337 341 4
337 342 -1
337 343 -1
337 344 2
338 341 4
338 342 -2
338 343 -4
338 344 4
339 341 2
339 342 -2
339 343 4
339 344 -2
340 341 -1
340 342 -4
340 343 1
340 344 2
345 349 -1
345 350 -2
345 351 -2
345 352 1
346 349 1
346 350 -2
346 351 -4
346 352 -1
347 349 -2
347 350 4
347 351 2
347 352 2
348 349 -1
348 350 -1
348 351 -1
348 352 -2
353 357 2
353 358 -1
353 359 1
353 360 4
354 357 -2
354 358 4
354 359 4
354 360 -1
355 357 4
355 358 4
355 359 -1
355 360 -2
356 357 1
356 358 -1
356 359 2
356 360 2
361 365 -1
361 366 2
361 367 2
361 368 1
362 365 4
362 366 -4
362 367 -4
362 368 -1
363 365 -4
363 366 4
363 367 -2
363 368 1
364 365 -1
364 366 -4
364 367 1
364 368 1
369 373 2
369 374 -2
369 375 -1
369 376 -4
370 373 2
370 374 1
370 375 -4
370 376 -4
371 373 1
371 374 -4
371 375 -1
371 376 -1
372 373 4
372 374 2
372 375 -1
372 376 -1
377 381 4
377 382 -2
377 383 -4
377 384 -4
378 381 -1
378 382 4
378 383 -1
378 384 -2
379 381 -4
379 382 4
379 383 -1
379 384 1
380 381 -4
380 382 -2
380 383 1
380 384 -4
385 389 -1
385 390 -2
385 391 4
385 392 -4
386 389 2
386 390 4
386 391 -2
386 392 -2
387 389 -4
387 390 1
387 391 4
387 392 1
388 389 -1
388 390 4
388 391 4
388 392 2
393 397 -1
393 398 2
393 399 -4
393 400 1
394 397 -1
394 398 2
394 399 -2
394 400 -4
395 397 -4
395 398 -4
395 399 1
395 400 -2
396 397 -1
396 398 4
396 399 4
396 400 4
401 405 1
401 406 1
401 407 -4
401 408 1
402 405 -2
402 406 -4
402 407 -1
402 408 -4
403 405 -1
403 406 1
403 407 -1
403 408 4
404 405 -1
404 406 4
404 407 1
404 408 4
409 413 -2
409 414 -2
409 415 -2
409 416 1
410 413 4
410 414 4
410 415 2
410 416 -1
411 413 -1
411 414 -2
411 415 -2
411 416 -1
412 413 4
412 414 -2
412 415 -4
412 416 2
417 421 2
417 422 -4
417 423 -2
417 424 2
418 421 -4
418 422 -4
418 423 1
418 424 -4
419 421 2
419 422 4
419 423 1
419 424 -4
420 421 1
420 422 -4
420 423 -4
420 424 -1
425 429 4
425 430 -1
425 431 1
425 432 4
426 429 -4
426 430 -1
426 431 2
426 432 -1
427 429 2
427 430 -4
427 431 -2
427 432 1
428 429 -1
428 430 -1
428 431 2
428 432 1
433 437 2
433 438 -4
433 439 -1
433 440 -2
434 437 -1
434 438 4
434 439 -1
434 440 2
435 437 -1
435 438 -4
435 439 4
435 440 -1
436 437 -1
436 438 -4
436 439 -4
436 440 -1
441 445 1
441 446 4
441 447 4
441 448 -4
442 445 -1
442 446 -2
442 447 4
442 448 -1
443 445 -1
443 446 2
443 447 -4
443 448 -1
444 445 2
444 446 -1
444 447 4
444 448 -4
449 453 2
449 454 1
449 455 4
449 456 -1
450 453 -2
450 454 -2
450 455 -2
450 456 4
451 453 -4
451 454 -4
451 455 4
451 456 4
452 453 -2
452 454 2
452 455 4
452 456 -2
457 461 1
457 462 1
457 463 1
457 464 2
458 461 1
458 462 -2
458 463 -1
458 464 -4
459 461 4
459 462 -4
459 463 -4
459 464 4
460 461 2
460 462 -1
460 463 1
460 464 -4
465 469 4
465 470 1
465 471 -4
465 472 4
466 469 4
466 470 -2
466 471 2
466 472 4
467 469 4
467 470 1
467 471 -2
467 472 -2
468 469 1
468 470 -2
468 471 -1
468 472 -2
473 477 2
473 478 1
473 479 -1
473 480 -1
474 477 -2
474 478 -1
474 479 4
474 480 -4
475 477 4
475 478 -4
475 479 -4
475 480 -4
476 477 -2
476 478 2
476 479 1
476 480 -4
481 485 4
481 486 -1
481 487 4
481 488 4
482 485 1
482 486 -1
482 487 1
482 488 4
483 485 -4
483 486 1
483 487 -4
483 488 4
484 485 1
484 486 -1
484 487 -1
484 488 2
489 493 -1
489 494 -1
489 495 -4
489 496 4
490 493 1
490 494 1
490 495 -1
490 496 -4
491 493 -4
491 494 -2
491 495 2
491 496 1
492 493 -4
492 494 -1
492 495 1
492 496 -1
497 501 4
497 502 -2
497 503 -2
497 504 1
498 501 -4
498 502 -1
498 503 -1
498 504 2
499 501 4
499 502 2
499 503 4
499 504 -2
500 501 -1
500 502 -2
500 503 1
500 504 -4
505 509 1
505 510 -1
505 511 1
505 512 -4
506 509 1
506 510 -1
506 511 -4
506 512 -2
507 509 -1
507 510 2
507 511 -2
507 512 2
508 509 -1
508 510 2
508 511 -1
508 512 1
513 517 -1
513 518 -2
513 519 4
513 520 -4
514 517 2
514 518 4
514 519 -2
514 520 4
515 517 -4
515 518 4
515 519 -2
515 520 1
516 517 4
516 518 4
516 519 -4
516 520 4
521 525 -1
521 526 1
521 527 -1
521 528 2
522 525 -4
522 526 2
522 527 2
522 528 -2
523 525 4
523 526 -1
523 527 4
523 528 1
524 525 4
524 526 2
524 527 2
524 528 2
529 533 -2
529 534 -2
529 535 -2
529 536 -4
530 533 1
530 534 -1
530 535 1
530 536 -1
531 533 -2
531 534 4
531 535 -2
531 536 1
532 533 2
532 534 1
532 535 -4
532 536 1
537 541 2
537 542 4
537 543 -2
537 544 -1
538 541 -1
538 542 -4
538 543 -2
538 544 -2
539 541 -1
539 542 -1
539 543 4
539 544 -4
540 541 -4
540 542 -4
540 543 1
540 544 -2
545 549 -2
545 550 1
545 551 -1
545 552 2
546 549 -4
546 550 -1
546 551 -4
546 552 -2
547 549 1
547 550 1
547 551 -1
547 552 -1
548 549 1
548 550 1
548 551 -2
548 552 4
553 557 -1
553 558 4
553 559 4
553 560 -4
554 557 -1
554 558 1
554 559 2
554 560 4
555 557 2
555 558 -1
555 559 -1
555 560 2
556 557 2
556 558 -1
556 559 1
556 560 -1
561 565 2
561 566 1
561 567 -1
561 568 -2
562 565 4
562 566 4
562 567 -4
562 568 2
563 565 2
563 566 -4
563 567 4
563 568 -4
564 565 -1
564 566 2
564 567 -2
564 568 1
569 573 -4
569 574 2
569 575 2
569 576 -1
570 573 4
570 574 -4
570 575 1
570 576 -4
571 573 1
571 574 4
571 575 -1
571 576 1
572 573 1
572 574 -1
572 575 1
572 576 -2
577 581 4
577 582 2
577 583 1
577 584 1
578 581 4
578 582 -1
578 583 -1
578 584 2
579 581 2
579 582 -4
579 583 -2
579 584 -4
580 581 -4
580 582 -4
580 583 4
580 584 2
585 589 2
585 590 2
585 591 -4
585 592 -2
586 589 1
586 590 4
586 591 -4
586 592 2
587 589 2
587 590 2
587 591 -1
587 592 2
588 589 -4
588 590 -1
588 591 -2
588 592 1
593 597 -4
593 598 -1
593 599 4
593 600 -2
594 597 -1
594 598 -4
594 599 1
594 600 -2
595 597 -4
595 598 -2
595 599 -2
595 600 -1
596 597 -4
596 598 4
596 599 -2
596 600 2
601 605 -2
601 606 4
601 607 4
601 608 4
602 605 -4
602 606 1
602 607 2
602 608 4
603 605 -2
603 606 4
603 607 1
603 608 -1
604 605 -4
604 606 -1
604 607 2
604 608 -4
609 613 1
609 614 -4
609 615 -1
609 616 -1
610 613 1
610 614 -4
610 615 1
610 616 -1
611 613 -2
611 614 -4
611 615 -1
611 616 -1
612 613 2
612 614 4
612 615 1
612 616 2
617 621 -4
617 622 -1
617 623 -2
617 624 1
618 621 2
618 622 1
618 623 -2
618 624 -4
619 621 -4
619 622 2
619 623 -4
619 624 1
620 621 2
620 622 -2
620 623 -4
620 624 2
625 629 -1
625 630 2
625 631 -2
625 632 -4
626 629 -2
626 630 -2
626 631 4
626 632 -4
627 629 -2
627 630 -1
627 631 2
627 632 1
628 629 -2
628 630 1
628 631 -2
628 632 1
633 637 1
633 638 -1
633 639 -4
633 640 -4
634 637 -2
634 638 -4
634 639 4
634 640 4
635 637 4
635 638 4
635 639 -2
635 640 -1
636 637 2
636 638 -4
636 639 2
636 640 -4
641 645 2
641 646 4
641 647 -4
641 648 1
642 645 -1
642 646 -2
642 647 -4
642 648 -1
643 645 -4
643 646 -4
643 647 -2
643 648 2
644 645 -1
644 646 4
644 647 -4
644 648 -2
649 653 2
649 654 1
649 655 4
649 656 -1
650 653 4
650 654 -4
650 655 -2
650 656 -1
651 653 -2
651 654 -2
651 655 -4
651 656 4
652 653 1
652 654 2
652 655 -4
652 656 2
657 661 -2
657 662 1
657 663 -4
657 664 -4
658 661 4
658 662 -2
658 663 -1
658 664 -2
659 661 4
659 662 -4
659 663 4
659 664 -2
660 661 -4
660 662 4
660 663 -4
660 664 -4
665 669 4
665 670 -2
665 671 1
665 672 2
666 669 -1
666 670 2
666 671 -4
666 672 -1
667 669 4
667 670 4
667 671 1
667 672 4
668 669 -2
668 670 -1
668 671 2
668 672 -1
673 677 2
673 678 4
673 679 -1
673 680 -2
674 677 2
674 678 -4
674 679 1
674 680 -4
675 677 -1
675 678 2
675 679 -4
675 680 -4
676 677 -1
676 678 1
676 679 -2
676 680 4
681 685 4
681 686 4
681 687 -1
681 688 -1
682 685 -1
682 686 4
682 687 -4
682 688 -2
683 685 -4
683 686 -2
683 687 -4
683 688 2
684 685 4
684 686 2
684 687 -4
684 688 -2
689 693 2
689 694 1
689 695 2
689 696 -4
690 693 -1
690 694 -4
690 695 -4
690 696 1
691 693 1
691 694 2
691 695 -4
691 696 1
692 693 4
692 694 1
692 695 1
692 696 1
697 701 -2
697 702 4
697 703 -2
697 704 1
698 701 1
698 702 -4
698 703 -1
698 704 -1
699 701 -4
699 702 2
699 703 -1
699 704 -1
700 701 1
700 702 2
700 703 -1
700 704 1
705 709 1
705 710 4
705 711 2
705 712 2
706 709 4
706 710 4
706 711 2
706 712 -2
707 709 -1
707 710 -2
707 711 1
707 712 -4
708 709 -4
708 710 1
708 711 2
708 712 -2
713 717 -1
713 718 1
713 719 -4
713 720 4
714 717 -2
714 718 -1
714 719 4
714 720 -2
715 717 1
715 718 -4
715 719 -4
715 720 -2
716 717 -1
716 718 -1
716 719 1
716 720 1
721 725 -2
721 726 4
721 727 -1
721 728 -2
722 725 1
722 726 -4
722 727 1
722 728 -2
723 725 4
723 726 -4
723 727 -1
723 728 4
724 725 -4
724 726 4
724 727 -4
724 728 4
729 733 -1
729 734 2
729 735 -2
729 736 1
730 733 -1
730 734 1
730 735 2
730 736 1
731 733 1
731 734 -1
731 735 4
731 736 -2
732 733 -2
732 734 -2
732 735 1
732 736 -1
737 741 -2
737 742 -2
737 743 4
737 744 -2
738 741 4
738 742 -1
738 743 1
738 744 -4
739 741 4
739 742 1
739 743 -2
739 744 -2
740 741 -1
740 742 -4
740 743 -2
740 744 -4
745 749 2
745 750 2
745 751 4
745 752 1
746 749 -4
746 750 2
746 751 4
746 752 -2
747 749 1
747 750 -2
747 751 1
747 752 4
748 749 2
748 750 2
748 751 4
748 752 -1
753 757 2
753 758 -1
753 759 -1
753 760 2
754 757 2
754 758 1
754 759 -2
754 760 -1
755 757 -2
755 758 -2
755 759 -2
755 760 -1
756 757 2
756 758 -2
756 759 1
756 760 -4
761 765 -1
761 766 1
761 767 -1
761 768 2
762 765 1
762 766 1
762 767 -1
762 768 1
763 765 -4
763 766 2
763 767 -1
763 768 1
764 765 2
764 766 4
764 767 4
764 768 1
769 773 -1
769 774 1
769 775 2
769 776 -2
770 773 2
770 774 -2
770 775 2
770 776 1
771 773 1
771 774 -1
771 775 1
771 776 1
772 773 -2
772 774 -4
772 775 4
772 776 -4
777 781 -1
777 782 -4
777 783 -2
777 784 -2
778 781 1
778 782 2
778 783 1
778 784 1
779 781 4
779 782 2
779 783 -1
779 784 -4
780 781 4
780 782 -4
780 783 1
780 784 -4
785 789 2
785 790 4
785 791 -4
785 792 -2
786 789 4
786 790 4
786 791 -1
786 792 -1
787 789 1
787 790 -4
787 791 -1
787 792 2
788 789 -1
788 790 2
788 791 -4
788 792 -2
793 797 4
793 798 -4
793 799 2
793 800 -1
794 797 2
794 798 2
794 799 4
794 800 -2
795 797 1
795 798 -4
795 799 -2
795 800 1
796 797 -1
796 798 -1
796 799 -1
796 800 -1
801 805 -2
801 806 -2
801 807 4
801 808 4
802 805 -4
802 806 4
802 807 -4
802 808 -4
803 805 -4
803 806 2
803 807 4
803 808 -1
804 805 1
804 806 -2
804 807 -2
804 808 4
809 813 4
809 814 4
809 815 1
809 816 -4
810 813 -4
810 814 -2
810 815 -1
810 816 -1
811 813 4
811 814 -4
811 815 4
811 816 -2
812 813 -4
812 814 4
812 815 4
812 816 4
817 821 4
817 822 1
817 823 -4
817 824 4
818 821 2
818 822 -2
818 823 4
818 824 4
819 821 4
819 822 -1
819 823 1
819 824 4
820 821 1
820 822 2
820 823 4
820 824 -4
825 829 -4
825 830 4
825 831 -1
825 832 -4
826 829 4
826 830 4
826 831 -4
826 832 1
827 829 1
827 830 -2
827 831 -2
827 832 1
828 829 -1
828 830 2
828 831 -4
828 832 4
833 837 -1
833 838 2
833 839 1
833 840 4
834 837 -1
834 838 -4
834 839 -4
834 840 -2
835 837 -4
835 838 -4
835 839 4
835 840 1
836 837 1
836 838 2
836 839 -2
836 840 -2
841 845 2
841 846 2
841 847 -1
841 848 1
842 845 -1
842 846 1
842 847 2
842 848 1
843 845 -4
843 846 -4
843 847 -1
843 848 2
844 845 1
844 846 -4
844 847 -1
844 848 4
849 853 1
849 854 4
849 855 2
849 856 2
850 853 4
850 854 2
850 855 -1
850 856 -2
851 853 -1
851 854 -4
851 855 -4
851 856 4
852 853 1
852 854 -2
852 855 -2
852 856 -2
857 861 -4
857 862 1
857 863 1
857 864 -2
858 861 -4
858 862 -1
858 863 -4
858 864 2
859 861 -1
859 862 1
859 863 -2
859 864 -1
860 861 -4
860 862 -2
860 863 -2
860 864 1
865 869 1
865 870 -2
865 871 1
865 872 -2
866 869 -1
866 870 4
866 871 -4
866 872 -2
867 869 2
867 870 -4
867 871 -1
867 872 -4
868 869 -2
868 870 2
868 871 -1
868 872 2
873 877 -1
873 878 -4
873 879 -4
873 880 1
874 877 -1
874 878 2
874 879 -1
874 880 1
875 877 2
875 878 -2
875 879 2
875 880 -1
876 877 1
876 878 -1
876 879 1
876 880 -2
881 885 1
881 886 1
881 887 1
881 888 -1
882 885 -2
882 886 -2
882 887 4
882 888 2
883 885 -1
883 886 -2
883 887 -4
883 888 -4
884 885 1
884 886 -4
884 887 1
884 888 2
889 893 -1
889 894 1
889 895 1
889 896 4
890 893 -2
890 894 -2
890 895 -1
890 896 -2
891 893 2
891 894 2
891 895 2
891 896 -1
892 893 4
892 894 -1
892 895 4
892 896 1
897 901 -2
897 902 -1
897 903 -2
897 904 4
898 901 2
898 902 2
898 903 1
898 904 1
899 901 -4
899 902 2
899 903 -2
899 904 -1
900 901 -2
900 902 -1
900 903 -4
900 904 -2
905 909 -4
905 910 1
905 911 4
905 912 -2
906 909 -2
906 910 1
906 911 -4
906 912 2
907 909 2
907 910 4
907 911 4
907 912 -1
908 909 1
908 910 -4
908 911 -4
908 912 -1
913 917 1
913 918 2
913 919 -2
913 920 1
914 917 2
914 918 4
914 919 4
914 920 2
915 917 -1
915 918 2
915 919 1
915 920 2
916 917 1
916 918 -1
916 919 1
916 920 -2
921 925 1
921 926 -1
921 927 -4
921 928 -4
922 925 -1
922 926 2
922 927 4
922 928 2
923 925 -1
923 926 1
923 927 -2
923 928 -1
924 925 4
924 926 4
924 927 1
924 928 -4
929 933 -1
929 934 -4
929 935 -1
929 936 -2
930 933 4
930 934 -4
930 935 1
930 936 -1
931 933 1
931 934 -2
931 935 -1
931 936 -4
932 933 -2
932 934 -2
932 935 -4
932 936 1
937 941 -2
937 942 -2
937 943 1
937 944 -1
938 941 -4
938 942 4
938 943 -2
938 944 4
939 941 -2
939 942 1
939 943 -4
939 944 2
940 941 -4
940 942 1
940 943 1
940 944 -1
945 949 4
945 950 4
945 951 4
945 952 1
946 949 -1
946 950 4
946 951 -1
946 952 4
947 949 2
947 950 1
947 951 2
947 952 -4
948 949 2
948 950 2
948 951 2
948 952 2
953 957 -1
953 958 4
953 959 1
953 960 -4
954 957 4
954 958 -4
954 959 -2
954 960 -1
955 957 2
955 958 2
955 959 -4
955 960 2
956 957 1
956 958 1
956 959 2
956 960 -2
961 965 -1
961 966 -4
961 967 -4
961 968 -2
962 965 4
962 966 2
962 967 -4
962 968 4
963 965 2
963 966 -2
963 967 -1
963 968 -4
964 965 -1
964 966 -1
964 967 2
964 968 2
969 973 2
969 974 4
969 975 4
969 976 4
970 973 2
970 974 -1
970 975 -1
970 976 4
971 973 -2
971 974 4
971 975 2
971 976 -4
972 973 -2
972 974 -2
972 975 -1
972 976 -1
977 981 1
977 982 -1
977 983 -4
977 984 -4
978 981 2
978 982 -4
978 983 4
978 984 -4
979 981 -1
979 982 -2
979 983 -1
979 984 -4
980 981 -4
980 982 -1
980 983 1
980 984 2
985 989 1
985 990 4
985 991 -4
985 992 -1
986 989 1
986 990 -2
986 991 -2
986 992 -1
987 989 -4
987 990 -4
987 991 4
987 992 -4
988 989 4
988 990 -4
988 991 -2
988 992 -4
993 997 1
993 998 -4
993 999 2
993 1000 1
994 997 1
994 998 -1
994 999 -1
994 1000 1
995 997 -2
995 998 -1
995 999 4
995 1000 -4
996 997 -1
996 998 -1
996 999 1
996 1000 2
1001 1005 1
1001 1006 1
1001 1007 1
1001 1008 4
1002 1005 -4
1002 1006 -4
1002 1007 2
1002 1008 -4
1003 1005 -4
1003 1006 -2
1003 1007 1
1003 1008 -4
1004 1005 2
1004 1006 -4
1004 1007 -1
1004 1008 -4
1009 1013 4
1009 1014 4
1009 1015 -4
1009 1016 4
1010 1013 -4
1010 1014 4
1010 1015 2
1010 1016 -1
1011 1013 -2
1011 1014 1
1011 1015 1
1011 1016 -4
1012 1013 4
1012 1014 1
1012 1015 2
1012 1016 4
1017 1021 -1
1017 1022 4
1017 1023 -4
1017 1024 4
1018 1021 2
1018 1022 1
1018 1023 4
1018 1024 -2
1019 1021 1
1019 1022 4
1019 1023 -4
1019 1024 -1
1020 1021 -2
1020 1022 -1
1020 1023 4
1020 1024 1
1025 1029 2
1025 1030 -1
1025 1031 4
1025 1032 1
1026 1029 1
1026 1030 -4
1026 1031 -4
1026 1032 4
1027 1029 1
1027 1030 -2
1027 1031 1
1027 1032 -1
1028 1029 4
1028 1030 1
1028 1031 1
1028 1032 4
1033 1037 2
1033 1038 -2
1033 1039 4
1033 1040 -2
1034 1037 -4
1034 1038 1
1034 1039 -4
1034 1040 2
1035 1037 -2
1035 1038 -2
1035 1039 2
1035 1040 2
1036 1037 1
1036 1038 4
1036 1039 -4
1036 1040 -1
1041 1045 -4
1041 1046 1
1041 1047 -2
1041 1048 -4
1042 1045 4
1042 1046 -4
1042 1047 -2
1042 1048 -4
1043 1045 4
1043 1046 -1
1043 1047 2
1043 1048 -1
1044 1045 -2
1044 1046 1
1044 1047 4
1044 1048 -4
1049 1053 2
1049 1054 1
1049 1055 -4
1049 1056 4
1050 1053 -1
1050 1054 4
1050 1055 -2
1050 1056 4
1051 1053 2
1051 1054 4
1051 1055 4
1051 1056 4
1052 1053 4
1052 1054 -2
1052 1055 -2
1052 1056 4
1057 1061 -4
1057 1062 1
1057 1063 4
1057 1064 2
1058 1061 -4
1058 1062 -2
1058 1063 -1
1058 1064 2
1059 1061 -2
1059 1062 -1
1059 1063 4
1059 1064 4
1060 1061 4
1060 1062 1
1060 1063 1
1060 1064 1
1065 1069 -4
1065 1070 -2
1065 1071 -1
1065 1072 1
1066 1069 1
1066 1070 4
1066 1071 -2
1066 1072 1
1067 1069 4
1067 1070 -2
1067 1071 1
1067 1072 2
1068 1069 -1
1068 1070 -2
1068 1071 2
1068 1072 2
1073 1077 -1
1073 1078 2
1073 1079 -2
1073 1080 4
1074 1077 -1
1074 1078 2
1074 1079 1
1074 1080 -1
1075 1077 1
1075 1078 -2
1075 1079 -1
1075 1080 2
1076 1077 -2
1076 1078 4
1076 1079 -2
1076 1080 -2
1081 1085 2
1081 1086 4
1081 1087 -4
1081 1088 -1
1082 1085 -4
1082 1086 -4
1082 1087 1
1082 1088 4
1083 1085 -1
1083 1086 2
1083 1087 -4
1083 1088 1
1084 1085 4
1084 1086 4
1084 1087 -4
1084 1088 -2
1089 1093 -2
1089 1094 -4
1089 1095 4
1089 1096 1
1090 1093 -2
1090 1094 1
1090 1095 1
1090 1096 -4
1091 1093 -2
1091 1094 1
1091 1095 4
1091 1096 -2
1092 1093 -2
1092 1094 -2
1092 1095 4
1092 1096 -4
1097 1101 -1
1097 1102 1
1097 1103 -1
1097 1104 -2
1098 1101 4
1098 1102 4
1098 1103 2
1098 1104 2
1099 1101 -2
1099 1102 2
1099 1103 -1
1099 1104 2
1100 1101 2
1100 1102 1
1100 1103 2
1100 1104 -1
1105 1109 -1
1105 1110 2
1105 1111 -1
1105 1112 1
1106 1109 -1
1106 1110 -2
1106 1111 4
1106 1112 4
1107 1109 -2
1107 1110 -4
1107 1111 4
1107 1112 -1
1108 1109 4
1108 1110 2
1108 1111 -1
1108 1112 -4
1113 1117 2
1113 1118 4
1113 1119 -2
1113 1120 4
1114 1117 2
1114 1118 1
1114 1119 -2
1114 1120 1
1115 1117 -2
1115 1118 -1
1115 1119 -4
1115 1120 1
1116 1117 2
1116 1118 -2
1116 1119 2
1116 1120 4
1121 1125 4
1121 1126 -1
1121 1127 1
1121 1128 -1
1122 1125 -4
1122 1126 1
1122 1127 2
1122 1128 4
1123 1125 4
1123 1126 -2
1123 1127 -2
1123 1128 -1
1124 1125 4
1124 1126 -2
1124 1127 -2
1124 1128 -4
1129 1133 -1
1129 1134 -2
1129 1135 2
1129 1136 -4
1130 1133 1
1130 1134 -1
1130 1135 4
1130 1136 4
1131 1133 1
1131 1134 4
1131 1135 -2
1131 1136 2
1132 1133 -1
1132 1134 4
1132 1135 1
1132 1136 -2
1137 1141 1
1137 1142 -2
1137 1143 1
1137 1144 -4
1138 1141 4
1138 1142 -4
1138 1143 -4
1138 1144 2
1139 1141 -4
1139 1142 -1
1139 1143 -2
1139 1144 2
1140 1141 -4
1140 1142 -2
1140 1143 -2
1140 1144 4
1145 1149 -2
1145 1150 -4
1145 1151 -2
1145 1152 -4
1146 1149 -2
1146 1150 -2
1146 1151 -4
1146 1152 4
1147 1149 4
1147 1150 -2
1147 1151 -1
1147 1152 -1
1148 1149 4
1148 1150 1
1148 1151 4
1148 1152 -4
5 13 2
6 14 4
7 15 4
8 16 -2
13 21 4
14 22 2
15 23 -4
16 24 2
21 29 2
22 30 -1
23 31 2
24 32 -1
29 37 -2
30 38 4
31 39 4
32 40 1
37 45 -1
38 46 -1
39 47 -2
40 48 4
45 53 1
46 54 -1
47 55 -1
48 56 4
53 61 -1
54 62 -2
55 63 4
56 64 2
61 69 -4
62 70 4
63 71 2
64 72 -2
69 77 1
70 78 -1
71 79 2
72 80 4
77 85 -2
78 86 -4
79 87 2
80 88 1
85 93 2
86 94 1
87 95 -2
88 96 4
101 109 1
102 110 2
103 111 -4
104 112 -1
109 117 4
110 118 4
111 119 2
112 120 4
117 125 -4
118 126 4
119 127 2
120 128 -1
125 133 -4
126 134 1
127 135 -2
128 136 2
133 141 -1
134 142 1
135 143 -1
136 144 4
141 149 -4
142 150 -1
143 151 4
144 152 2
149 157 -1
150 158 4
151 159 1
152 160 -4
157 165 1
158 166 2
159 167 2
160 168 2
165 173 -1
166 174 -4
167 175 1
168 176 1
173 181 -4
174 182 -4
175 183 1
176 184 -2
181 189 -2
182 190 2
183 191 -2
184 192 4
197 205 4
198 206 -2
199 207 1
200 208 2
205 213 -2
206 214 -2
207 215 -4
208 216 -1
213 221 2
214 222 1
215 223 -2
216 224 -2
221 229 4
222 230 1
223 231 4
224 232 -1
229 237 -1
230 238 1
231 239 -2
232 240 1
237 245 2
238 246 4
239 247 -1
240 248 -2
245 253 -4
246 254 4
247 255 -4
248 256 4
253 261 4
254 262 4
255 263 4
256 264 2
261 269 4
262 270 1
263 271 -2
264 272 -1
269 277 1
270 278 4
271 279 1
272 280 1
277 285 1
278 286 -2
279 287 -2
280 288 1
293 301 2
294 302 -4
295 303 -1
296 304 -1
301 309 1
302 310 4
303 311 4
304 312 1
309 317 4
310 318 2
311 319 2
312 320 2
317 325 2
318 326 -2
319 327 -4
320 328 4
325 333 -2
326 334 2
327 335 2
328 336 4
333 341 4
334 342 4
335 343 2
336 344 2
341 349 -1
342 350 1
343 351 -2
344 352 4
349 357 2
350 358 -1
351 359 -2
352 360 -4
357 365 4
358 366 -4
359 367 4
360 368 -4
365 373 4
366 374 4
367 375 -4
368 376 -2
373 381 4
374 382 -4
375 383 -2
376 384 2
389 397 -1
390 398 -1
391 399 1
392 400 -4
397 405 -1
398 406 -2
399 407 -2
400 408 -1
405 413 2
406 414 4
407 415 -4
408 416 -4
413 421 -1
414 422 1
415 423 -1
416 424 -2
421 429 -2
422 430 2
423 431 2
424 432 -4
429 437 1
430 438 2
431 439 -4
432 440 -2
437 445 1
438 446 4
439 447 1
440 448 -1
445 453 -4
446 454 -2
447 455 -1
448 456 1
453 461 -2
454 462 4
455 463 -4
456 464 -4
461 469 2
462 470 4
463 471 4
464 472 2
469 477 2
470 478 -1
471 479 1
472 480 -2
485 493 4
486 494 1
487 495 2
488 496 4
493 501 -2
494 502 1
495 503 -4
496 504 -1
501 509 -2
502 510 -2
503 511 2
504 512 1
509 517 -1
510 518 2
511 519 2
512 520 -1
517 525 -4
518 526 -1
519 527 2
520 528 4
525 533 -2
526 534 -2
527 535 4
528 536 2
533 541 1
534 542 4
535 543 -2
536 544 -2
541 549 1
542 550 -1
543 551 -2
544 552 -2
549 557 -1
550 558 2
551 559 4
552 560 -2
557 565 2
558 566 2
559 567 -4
560 568 4
565 573 4
566 574 -1
567 575 -1
568 576 1
581 589 -4
582 590 1
583 591 -4
584 592 -1
589 597 -4
590 598 -1
591 599 1
592 600 -4
597 605 -1
598 606 -4
599 607 2
600 608 -1
605 613 2
606 614 -4
607 615 -2
608 616 1
613 621 2
614 622 -4
615 623 1
616 624 2
621 629 1
622 630 1
623 631 -1
624 632 1
629 637 -4
630 638 -2
631 639 4
632 640 -4
637 645 -4
638 646 -1
639 647 -4
640 648 -2
645 653 -1
646 654 -2
647 655 -2
648 656 2
653 661 1
654 662 -1
655 663 -2
656 664 1
661 669 2
662 670 4
663 671 2
664 672 4
677 685 -2
678 686 2
679 687 4
680 688 1
685 693 4
686 694 -2
687 695 2
688 696 2
693 701 -1
694 702 1
695 703 1
696 704 -1
701 709 -1
702 710 4
703 711 4
704 712 -2
709 717 -1
710 718 4
711 719 -2
712 720 -1
717 725 1
718 726 1
719 727 2
720 728 2
725 733 2
726 734 -2
727 735 2
728 736 -2
733 741 4
734 742 -2
735 743 1
736 744 1
741 749 1
742 750 -4
743 751 -4
744 752 -4
749 757 -1
750 758 1
751 759 1
752 760 -2
757 765 4
758 766 -2
759 767 2
760 768 -2
773 781 -4
774 782 -4
775 783 -1
776 784 -4
781 789 1
782 790 2
783 791 4
784 792 -2
789 797 -2
790 798 1
791 799 -2
792 800 -4
797 805 1
798 806 -4
799 807 -4
800 808 1
805 813 1
806 814 4
807 815 1
808 816 -4
813 821 1
814 822 -2
815 823 1
816 824 -1
821 829 1
822 830 1
823 831 1
824 832 -2
829 837 1
830 838 2
831 839 4
832 840 2
837 845 -2
838 846 4
839 847 1
840 848 -2
845 853 4
846 854 2
847 855 -2
848 856 1
853 861 -1
854 862 -2
855 863 2
856 864 1
869 877 -1
870 878 1
871 879 -2
872 880 4
877 885 -1
878 886 -4
879 887 4
880 888 -4
885 893 -4
886 894 4
887 895 4
888 896 -2
893 901 1
894 902 4
895 903 2
896 904 -2
901 909 4
902 910 4
903 911 1
904 912 4
909 917 1
910 918 2
911 919 2
912 920 4
917 925 -2
918 926 -1
919 927 1
920 928 4
925 933 2
926 934 1
927 935 2
928 936 2
933 941 2
934 942 4
935 943 -4
936 944 4
941 949 2
942 950 -4
943 951 2
944 952 2
949 957 1
950 958 -2
951 959 -2
952 960 1
965 973 4
966 974 -4
967 975 1
968 976 2
973 981 -4
974 982 -1
975 983 2
976 984 -2
981 989 -2
982 990 2
983 991 4
984 992 -2
989 997 -1
990 998 -2
991 999 -2
992 1000 2
997 1005 -4
998 1006 4
999 1007 4
1000 1008 -1
1005 1013 2
1006 1014 1
1007 1015 4
1008 1016 4
1013 1021 -1
1014 1022 2
1015 1023 -1
1016 1024 2
1021 1029 1
1022 1030 -4
1023 1031 4
1024 1032 -2
1029 1037 -1
1030 1038 2
1031 1039 2
1032 1040 -4
1037 1045 4
1038 1046 4
1039 1047 1
1040 1048 1
1045 1053 -1
1046 1054 2
1047 1055 2
1048 1056 -2
1061 1069 1
1062 1070 1
1063 1071 2
1064 1072 2
1069 1077 4
1070 1078 4
1071 1079 1
1072 1080 -1
1077 1085 -1
1078 1086 4
1079 1087 4
1080 1088 -1
1085 1093 1
1086 1094 -2
1087 1095 2
1088 1096 -4
1093 1101 -2
1094 1102 4
1095 1103 -2
1096 1104 2
1101 1109 2
1102 1110 2
1103 1111 -4
1104 1112 1
1109 1117 -2
1110 1118 -1
1111 1119 -4
1112 1120 -1
1117 1125 -1
1118 1126 -2
1119 1127 4
1120 1128 2
1125 1133 2
1126 1134 -1
1127 1135 2
1128 1136 -1
1133 1141 1
1134 1142 -4
1135 1143 1
1136 1144 -1
1141 1149 2
1142 1150 1
1143 1151 -4
1144 1152 1
1 97 -2
2 98 4
3 99 -2
4 100 -1
97 193 2
98 194 4
99 195 -2
100 196 4
193 289 -2
194 290 -4
195 291 4
196 292 -1
289 385 1
290 386 -2
291 387 1
292 388 -1
385 481 4
386 482 4
387 483 -1
388 484 1
481 577 1
482 578 1
483 579 4
484 580 2
577 673 -2
578 674 2
579 675 -4
580 676 4
673 769 4
674 770 -4
675 771 -4
676 772 -2
769 865 1
770 866 -1
771 867 -4
772 868 -1
865 961 1
866 962 -4
867 963 1
868 964 -4
961 1057 -4
962 1058 -4
963 1059 4
964 1060 1
9 105 4
10 106 1
11 107 -2
12 108 1
105 201 -4
106 202 -1
107 203 4
108 204 2
201 297 -4
202 298 1
203 299 -4
204 300 2
297 393 4
298 394 -4
299 395 -1
300 396 2
393 489 -2
394 490 2
395 491 2
396 492 -1
489 585 1
490 586 -1
491 587 -1
492 588 2
585 681 -2
586 682 2
587 683 -2
588 684 1
681 777 4
682 778 1
683 779 4
684 780 1
777 873 2
778 874 -1
779 875 -1
780 876 -1
873 969 -4
874 970 -4
875 971 -1
876 972 4
969 1065 4
970 1066 2
971 1067 -2
972 1068 1
17 113 2
18 114 4
19 115 4
20 116 2
113 209 1
114 210 2
115 211 -2
116 212 1
209 305 4
210 306 -1
211 307 -1
212 308 4
305 401 -2
306 402 2
307 403 -4
308 404 -4
401 497 1
402 498 2
403 499 4
404 500 2
497 593 -4
498 594 -4
499 595 2
500 596 -4
593 689 4
594 690 1
595 691 -4
596 692 -2
689 785 4
690 786 -2
691 787 -1
692 788 2
785 881 -4
786 882 -2
787 883 1
788 884 -4
881 977 4
882 978 1
883 979 1
884 980 -1
977 1073 4
978 1074 -4
979 1075 -1
980 1076 -1
25 121 2
26 122 2
27 123 1
28 124 2
121 217 1
122 218 -1
123 219 2
124 220 4
217 313 -2
218 314 2
219 315 1
220 316 2
313 409 -4
314 410 -1
315 411 -2
316 412 -2
409 505 -2
410 506 -2
411 507 -1
412 508 -2
505 601 1
506 602 -2
507 603 4
508 604 4
601 697 2
602 698 2
603 699 -1
604 700 -2
697 793 -1
698 794 -2
699 795 -4
700 796 2
793 889 -2
794 890 2
795 891 2
796 892 -1
889 985 2
890 986 -4
891 987 4
892 988 -4
985 1081 1
986 1082 -4
987 1083 -2
988 1084 -1
33 129 -4
34 130 1
35 131 2
36 132 2
129 225 1
130 226 1
131 227 4
132 228 2
225 321 1
226 322 -4
227 323 1
228 324 2
321 417 -1
322 418 4
323 419 -1
324 420 -1
417 513 -1
418 514 -1
419 515 2
420 516 -1
513 609 -4
514 610 -2
515 611 -1
516 612 1
609 705 -4
610 706 -2
611 707 -2
612 708 2
705 801 -4
706 802 -1
707 803 1
708 804 -1
801 897 -4
802 898 -1
803 899 2
804 900 -1
897 993 -4
898 994 -1
899 995 -1
900 996 4
993 1089 2
994 1090 -1
995 1091 -1
996 1092 -2
41 137 2
42 138 4
43 139 -2
44 140 4
137 233 4
138 234 -4
139 235 -2
140 236 -4
233 329 1
234 330 -1
235 331 -1
236 332 -4
329 425 2
330 426 -2
331 427 -1
332 428 1
425 521 -2
426 522 -2
427 523 1
428 524 2
521 617 -4
522 618 -4
523 619 4
524 620 -4
617 713 -4
618 714 2
619 715 -1
620 716 1
713 809 1
714 810 4
715 811 -2
716 812 1
809 905 -1
810 906 2
811 907 -4
812 908 -4
905 1001 1
906 1002 2
907 1003 -1
908 1004 2
1001 1097 -2
1002 1098 2
1003 1099 4
1004 1100 2
49 145 -2
50 146 -4
51 147 -1
52 148 2
145 241 -4
146 242 4
147 243 -2
148 244 -4
241 337 -1
242 338 -4
243 339 1
244 340 -1
337 433 -2
338 434 1
339 435 4
340 436 4
433 529 -1
434 530 -2
435 531 -2
436 532 -4
529 625 1
530 626 1
531 627 -2
532 628 2
625 721 -1
626 722 1
627 723 2
628 724 2
721 817 1
722 818 2
723 819 -4
724 820 -1
817 913 -1
818 914 2
819 915 -2
820 916 -1
913 1009 -4
914 1010 4
915 1011 4
916 1012 4
1009 1105 -1
1010 1106 -2
1011 1107 -1
1012 1108 -4
57 153 4
58 154 -4
59 155 -4
60 156 -2
153 249 1
154 250 -1
155 251 -1
156 252 1
249 345 1
250 346 2
251 347 -1
252 348 4
345 441 -1
346 442 4
347 443 -1
348 444 -1
441 537 2
442 538 -4
443 539 -1
444 540 -1
537 633 -4
538 634 -2
539 635 -1
540 636 -1
633 729 -4
634 730 -1
635 731 -2
636 732 -2
729 825 -1
730 826 -2
731 827 1
732 828 -1
825 921 -1
826 922 4
827 923 -4
828 924 4
921 1017 -2
922 1018 -1
923 1019 1
924 1020 -1
1017 1113 -1
1018 1114 2
1019 1115 -2
1020 1116 -1
65 161 -4
66 162 2
67 163 2
68 164 -4
161 257 -4
162 258 1
163 259 -4
164 260 -2
257 353 -4
258 354 4
259 355 4
260 356 -1
353 449 -1
354 450 -2
355 451 1
356 452 -4
449 545 -4
450 546 2
451 547 -1
452 548 -2
545 641 1
546 642 1
547 643 -4
548 644 -4
641 737 -1
642 738 -2
643 739 -1
644 740 -4
737 833 -2
738 834 1
739 835 -4
740 836 2
833 929 -2
834 930 -2
835 931 -2
836 932 -1
929 1025 4
930 1026 2
931 1027 -2
932 1028 1
1025 1121 2
1026 1122 -2
1027 1123 1
1028 1124 1
73 169 -1
74 170 -2
75 171 -2
76 172 -1
169 265 -1
170 266 1
171 267 -1
172 268 4
265 361 -1
266 362 -4
267 363 2
268 364 -4
361 457 1
362 458 2
363 459 -4
364 460 4
457 553 4
458 554 -2
459 555 2
460 556 -4
553 649 -4
554 650 2
555 651 4
556 652 -4
649 745 4
650 746 4
651 747 -2
652 748 -4
745 841 -1
746 842 4
747 843 -4
748 844 4
841 937 4
842 938 4
843 939 -1
844 940 -2
937 1033 -1
938 1034 2
939 1035 -2
940 1036 2
1033 1129 1
1034 1130 -4
1035 1131 1
1036 1132 2
81 177 -1
82 178 -2
83 179 4
84 180 -4
177 273 -2
178 274 2
179 275 -1
180 276 2
273 369 -1
274 370 -2
275 371 -1
276 372 -1
369 465 4
370 466 -4
371 467 -4
372 468 -1
465 561 -2
466 562 -4
467 563 1
468 564 -1
561 657 1
562 658 2
563 659 -2
564 660 -1
657 753 -4
658 754 -1
659 755 1
660 756 2
753 849 -1
754 850 4
755 851 4
756 852 2
849 945 4
850 946 -2
851 947 -4
852 948 -4
945 1041 4
946 1042 4
947 1043 1
948 1044 1
1041 1137 2
1042 1138 4
1043 1139 4
1044 1140 1
89 185 -4
90 186 -2
91 187 4
92 188 -1
185 281 -2
186 282 -4
187 283 2
188 284 -4
281 377 2
282 378 4
283 379 1
284 380 2
377 473 2
378 474 -2
379 475 4
380 476 1
473 569 2
474 570 4
475 571 -1
476 572 -1
569 665 -4
570 666 1
571 667 1
572 668 4
665 761 -2
666 762 2
667 763 -2
668 764 -2
761 857 -1
762 858 2
763 859 4
764 860 1
857 953 -1
858 954 -1
859 955 2
860 956 -4
953 1049 -1
954 1050 -4
955 1051 4
956 1052 -2
1049 1145 2
1050 1146 -4
1051 1147 -2
1052 1148 -1
