#
1 5 4
1 6 4
1 7 -2
1 8 -4
2 5 -4
2 6 -1
2 7 1
2 8 -2
3 5 -4
3 6 4
3 7 2
3 8 1
4 5 -4
4 6 2
4 7 4
4 8 2
9 13 -4
9 14 2
9 15 4
9 16 2
10 13 -2
10 14 -4
10 15 -1
10 16 -2
11 13 1
11 14 2
11 15 1
11 16 4
12 13 -2
12 14 -2
12 15 1
12 16 1
17 21 -2
17 22 1
17 23 2
17 24 -1
18 21 1
18 22 -1
18 23 1
18 24 2
19 21 -4
19 22 2
19 23 4
19 24 -1
20 21 1
20 22 -1
20 23 1
20 24 1
25 29 -1
25 30 -4
25 31 -1
25 32 1
26 29 -4
26 30 1
26 31 -4
26 32 -4
27 29 4
27 30 4
27 31 1
27 32 1
28 29 -2
28 30 1
28 31 1
28 32 4
33 37 -4
33 38 4
33 39 4
33 40 -4
34 37 -1
34 38 1
34 39 -1
34 40 1
35 37 -2
35 38 -4
35 39 4
35 40 -2
36 37 4
36 38 -2
36 39 2
36 40 2
41 45 -1
41 46 -1
41 47 -1
41 48 -1
42 45 -4
42 46 2
42 47 1
42 48 1
43 45 2
43 46 -1
43 47 1
43 48 4
44 45 -2
44 46 4
44 47 -2
44 48 1
49 53 -4
49 54 4
49 55 1
49 56 -1
50 53 -4
50 54 1
50 55 -1
50 56 1
51 53 2
51 54 -1
51 55 -1
51 56 -2
52 53 4
52 54 -4
52 55 -1
52 56 2
57 61 -1
57 62 4
57 63 -2
57 64 1
58 61 4
58 62 -4
58 63 -1
58 64 1
59 61 1
59 62 4
59 63 -1
59 64 -4
60 61 1
60 62 4
60 63 1
60 64 -2
65 69 -1
65 70 2
65 71 -1
65 72 -4
66 69 4
66 70 2
66 71 -4
66 72 1
67 69 -2
67 70 4
67 71 1
67 72 -4
68 69 -4
68 70 2
68 71 -2
68 72 4
73 77 -2
73 78 1
73 79 1
73 80 4
74 77 2
74 78 1
74 79 -1
74 80 -2
75 77 -2
75 78 2
75 79 1
75 80 -1
76 77 4
76 78 4
76 79 1
76 80 4
81 85 -2
81 86 -2
81 87 -2
81 88 1
82 85 -4
82 86 4
82 87 4
82 88 1
83 85 2
83 86 2
83 87 -2
83 88 4
84 85 -1
84 86 -2
84 87 -4
84 88 -1
89 93 2
89 94 -4
89 95 -4
89 96 -2
90 93 4
90 94 1
90 95 -4
90 96 2
91 93 1
91 94 2
91 95 1
91 96 4
92 93 1
92 94 1
92 95 4
92 96 -1
97 101 -4
97 102 1
97 103 -1
97 104 -2
98 101 1
98 102 4
98 103 4
98 104 -4
99 101 1
99 102 4
99 103 -4
99 104 2
100 101 -2
100 102 -4
100 103 -1
100 104 4
105 109 2
105 110 -2
105 111 -1
105 112 2
106 109 -1
106 110 2
106 111 -1
106 112 4
107 109 -4
107 110 1
107 111 -1
107 112 -1
108 109 4
108 110 -4
108 111 -2
108 112 2
113 117 1
113 118 -1
113 119 4
113 120 2
114 117 -4
114 118 4
114 119 -2
114 120 -2
115 117 2
115 118 4
115 119 -1
115 120 -1
116 117 -2
116 118 -1
116 119 -4
116 120 4
121 125 -1
121 126 -4
121 127 -4
121 128 1
122 125 1
122 126 -1
122 127 -1
122 128 4
123 125 -2
123 126 4
123 127 -4
123 128 4
124 125 1
124 126 4
124 127 -4
124 128 2
129 133 -2
129 134 4
129 135 4
129 136 -2
130 133 2
130 134 1
130 135 -4
130 136 1
131 133 2
131 134 -4
131 135 2
131 136 1
132 133 -1
132 134 -1
132 135 -2
132 136 4
137 141 1
137 142 2
137 143 1
137 144 -1
138 141 -2
138 142 -4
138 143 -4
138 144 4
139 141 -1
139 142 4
139 143 2
139 144 -1
140 141 4
140 142 2
140 143 -4
140 144 4
145 149 1
145 150 -2
145 151 2
145 152 1
146 149 -1
146 150 4
146 151 4
146 152 -4
147 149 1
147 150 2
147 151 -2
147 152 -4
148 149 -4
148 150 -2
148 151 -2
148 152 -4
153 157 1
153 158 1
153 159 4
153 160 -1
154 157 1
154 158 2
154 159 4
154 160 -2
155 157 -1
155 158 -2
155 159 2
155 160 -2
156 157 2
156 158 2
156 159 -2
156 160 1
161 165 1
161 166 1
161 167 -1
161 168 -1
162 165 -1
162 166 2
162 167 -2
162 168 2
163 165 1
163 166 -4
163 167 2
163 168 2
164 165 1
164 166 1
164 167 1
164 168 -2
169 173 2
169 174 1
169 175 -1
169 176 2
170 173 4
170 174 2
170 175 -4
170 176 4
171 173 1
171 174 -1
171 175 2
171 176 4
172 173 1
172 174 1
172 175 -2
172 176 -4
177 181 -2
177 182 2
177 183 -4
177 184 -4
178 181 1
178 182 2
178 183 -4
178 184 2
179 181 1
179 182 -2
179 183 2
179 184 -2
180 181 -4
180 182 -2
180 183 2
180 184 2
185 189 1
185 190 4
185 191 4
185 192 -1
186 189 -2
186 190 4
186 191 -4
186 192 -2
187 189 -4
187 190 -4
187 191 -1
187 192 1
188 189 -1
188 190 -2
188 191 -4
188 192 -2
193 197 2
193 198 -1
193 199 1
193 200 1
194 197 -1
194 198 -2
194 199 4
194 200 -2
195 197 -2
195 198 1
195 199 -4
195 200 1
196 197 2
196 198 -4
196 199 -2
196 200 2
201 205 4
201 206 4
201 207 4
201 208 -4
202 205 4
202 206 2
202 207 1
202 208 2
203 205 -1
203 206 -2
203 207 1
203 208 4
204 205 2
204 206 4
204 207 -1
204 208 -4
209 213 1
209 214 2
209 215 -4
209 216 2
210 213 2
210 214 -1
210 215 4
210 216 4
211 213 -2
211 214 1
211 215 -1
211 216 1
212 213 -1
212 214 -1
212 215 -2
212 216 2
217 221 -1
217 222 1
217 223 4
217 224 -4
218 221 -1
218 222 -4
218 223 1
218 224 -2
219 221 -4
219 222 -2
219 223 4
219 224 -1
220 221 -4
220 222 -2
220 223 1
220 224 1
225 229 4
225 230 -1
225 231 4
225 232 -2
226 229 -4
226 230 -1
226 231 4
226 232 2
227 229 1
227 230 -2
227 231 4
227 232 -2
228 229 4
228 230 4
228 231 4
228 232 4
233 237 2
233 238 4
233 239 -2
233 240 1
234 237 -2
234 238 -1
234 239 4
234 240 -1
235 237 -4
235 238 4
235 239 -4
235 240 2
236 237 -4
236 238 -4
236 239 2
236 240 -1
241 245 2
241 246 -2
241 247 2
241 248 -2
242 245 2
242 246 -2
242 247 -1
242 248 -4
243 245 4
243 246 -1
243 247 -2
243 248 -2
244 245 1
244 246 -1
244 247 -4
244 248 -4
249 253 -4
249 254 -1
249 255 4
249 256 4
250 253 2
250 254 -4
250 255 -1
250 256 2
251 253 4
251 254 -4
251 255 2
251 256 -4
252 253 2
252 254 -1
252 255 -2
252 256 -1
257 261 2
257 262 -4
257 263 -4
257 264 -4
258 261 2
258 262 -4
258 263 4
258 264 1
259 261 -1
259 262 -2
259 263 -4
259 264 -1
260 261 -2
260 262 -4
260 263 -2
260 264 -1
265 269 -1
265 270 2
265 271 -4
265 272 1
266 269 2
266 270 1
266 271 -1
266 272 2
267 269 4
267 270 -2
267 271 -2
267 272 -4
268 269 4
268 270 -4
268 271 -2
268 272 1
273 277 4
273 278 -2
273 279 -1
273 280 -4
274 277 -2
274 278 -4
274 279 1
274 280 4
275 277 4
275 278 -4
275 279 2
275 280 -2
276 277 -2
276 278 4
276 279 -2
276 280 -2
281 285 2
281 286 -2
281 287 1
281 288 2
282 285 4
282 286 1
282 287 1
282 288 2
283 285 1
283 286 1
283 287 2
283 288 1
284 285 1
284 286 1
284 287 4
284 288 -4
289 293 -4
289 294 1
289 295 -1
289 296 1
290 293 -4
290 294 -2
290 295 -1
290 296 2
291 293 1
291 294 -4
291 295 2
291 296 -2
292 293 1
292 294 4
292 295 2
292 296 -4
297 301 -1
297 302 -1
297 303 2
297 304 -1
298 301 -4
298 302 -4
298 303 4
298 304 4
299 301 -4
299 302 1
299 303 -2
299 304 -1
300 301 -1
300 302 2
300 303 1
300 304 4
305 309 -2
305 310 1
305 311 -1
305 312 -1
306 309 -1
306 310 -1
306 311 4
306 312 2
307 309 2
307 310 4
307 311 -2
307 312 4
308 309 -1
308 310 1
308 311 -1
308 312 -1
313 317 1
313 318 -4
313 319 2
313 320 -4
314 317 2
314 318 -4
314 319 2
314 320 2
315 317 1
315 318 1
315 319 1
315 320 2
316 317 2
316 318 -4
316 319 -4
316 320 4
321 325 1
321 326 1
321 327 -4
321 328 1
322 325 4
322 326 4
322 327 2
322 328 -1
323 325 2
323 326 4
323 327 1
323 328 1
324 325 -2
324 326 2
324 327 4
324 328 -2
329 333 -1
329 334 4
329 335 4
329 336 -2
330 333 -2
330 334 -4
330 335 2
330 336 -1
331 333 4
331 334 -4
331 335 1
331 336 -2
332 333 -4
332 334 -2
332 335 1
332 336 -2
337 341 2
337 342 -1
337 343 -2
337 344 -1
338 341 4
338 342 -4
338 343 -2
338 344 -4
339 341 2
339 342 -4
339 343 4
339 344 4
340 341 1
340 342 -1
340 343 -4
340 344 1
345 349 -1
345 350 2
345 351 -1
345 352 2
346 349 -2
346 350 1
346 351 2
346 352 -2
347 349 4
347 350 4
347 351 2
347 352 2
348 349 -1
348 350 2
348 351 2
348 352 1
353 357 1
353 358 4
353 359 2
353 360 -2
354 357 -2
354 358 1
354 359 1
354 360 -2
355 357 -2
355 358 2
355 359 -1
355 360 2
356 357 -2
356 358 2
356 359 2
356 360 -4
361 365 1
361 366 -4
361 367 -1
361 368 2
362 365 1
362 366 1
362 367 -4
362 368 -4
363 365 4
363 366 -4
363 367 -2
363 368 -1
364 365 2
364 366 1
364 367 -2
364 368 2
369 373 2
369 374 -1
369 375 1
369 376 -4
370 373 -4
370 374 4
370 375 -2
370 376 -2
371 373 -2
371 374 -4
371 375 -2
371 376 2
372 373 2
372 374 -4
372 375 1
372 376 -4
377 381 -1
377 382 2
377 383 1
377 384 -2
378 381 -4
378 382 1
378 383 -2
378 384 -2
379 381 1
379 382 2
379 383 2
379 384 4
380 381 2
380 382 4
380 383 1
380 384 -2
385 389 -1
385 390 -4
385 391 4
385 392 -2
386 389 -1
386 390 2
386 391 2
386 392 4
387 389 2
387 390 -2
387 391 1
387 392 4
388 389 -2
388 390 -4
388 391 -1
388 392 1
393 397 -1
393 398 -1
393 399 2
393 400 4
394 397 4
394 398 -4
394 399 1
394 400 4
395 397 4
395 398 -4
395 399 -2
395 400 -2
396 397 -2
396 398 2
396 399 -2
396 400 -2
401 405 1
401 406 -1
401 407 -2
401 408 2
402 405 -1
402 406 1
402 407 1
402 408 -1
403 405 2
403 406 -2
403 407 -1
403 408 -1
404 405 1
404 406 -2
404 407 -2
404 408 1
409 413 -2
409 414 -1
409 415 2
409 416 4
410 413 -4
410 414 4
410 415 1
410 416 -4
411 413 2
411 414 -4
411 415 1
411 416 -1
412 413 -2
412 414 1
412 415 1
412 416 -1
417 421 4
417 422 -2
417 423 -4
417 424 4
418 421 1
418 422 -4
418 423 1
418 424 2
419 421 -1
419 422 2
419 423 2
419 424 -4
420 421 1
420 422 -2
420 423 4
420 424 -4
425 429 2
425 430 2
425 431 -2
425 432 2
426 429 -4
426 430 1
426 431 -1
426 432 2
427 429 -4
427 430 -4
427 431 -4
427 432 -2
428 429 4
428 430 2
428 431 2
428 432 -2
433 437 -4
433 438 2
433 439 -2
433 440 2
434 437 -4
434 438 -1
434 439 -1
434 440 1
435 437 -4
435 438 4
435 439 2
435 440 4
436 437 4
436 438 -2
436 439 1
436 440 2
441 445 4
441 446 -2
441 447 2
441 448 -1
442 445 -2
442 446 4
442 447 4
442 448 4
443 445 4
443 446 -1
443 447 -1
443 448 -1
444 445 -2
444 446 4
444 447 4
444 448 2
449 453 -4
449 454 -2
449 455 -4
449 456 2
450 453 -4
450 454 2
450 455 -1
450 456 -4
451 453 1
451 454 1
451 455 2
451 456 2
452 453 -4
452 454 -2
452 455 -2
452 456 -4
457 461 1
457 462 -4
457 463 4
457 464 2
458 461 4
458 462 -2
458 463 -1
458 464 1
459 461 1
459 462 1
459 463 -2
459 464 4
460 461 -4
460 462 -1
460 463 -2
460 464 -1
465 469 4
465 470 -1
465 471 -1
465 472 -2
466 469 1
466 470 -4
466 471 4
466 472 -4
467 469 -4
467 470 -1
467 471 -2
467 472 -4
468 469 4
468 470 -1
468 471 -2
468 472 1
473 477 2
473 478 -4
473 479 -4
473 480 1
474 477 4
474 478 -2
474 479 -2
474 480 1
475 477 -4
475 478 1
475 479 1
475 480 -1
476 477 4
476 478 -2
476 479 -2
476 480 4
481 485 -2
481 486 4
481 487 -2
481 488 -2
482 485 -2
482 486 1
482 487 4
482 488 1
483 485 2
483 486 -1
483 487 -4
483 488 4
484 485 -4
484 486 1
484 487 1
484 488 -4
489 493 1
489 494 -4
489 495 -4
489 496 2
490 493 -2
490 494 2
490 495 -4
490 496 -1
491 493 2
491 494 -4
491 495 1
491 496 2
492 493 4
492 494 1
492 495 -4
492 496 -4
497 501 1
497 502 1
497 503 2
497 504 4
498 501 -1
498 502 -1
498 503 -2
498 504 -1
499 501 4
499 502 1
499 503 -4
499 504 -2
500 501 1
500 502 2
500 503 -1
500 504 -2
505 509 2
505 510 2
505 511 -4
505 512 1
506 509 2
506 510 1
506 511 -4
506 512 -1
507 509 -1
507 510 -2
507 511 4
507 512 -4
508 509 -1
508 510 2
508 511 4
508 512 2
513 517 -2
513 518 -4
513 519 -2
513 520 2
514 517 4
514 518 -4
514 519 -2
514 520 4
515 517 1
515 518 -4
515 519 -1
515 520 2
516 517 1
516 518 -2
516 519 -4
516 520 -4
521 525 2
521 526 -2
521 527 -2
521 528 2
522 525 -2
522 526 2
522 527 4
522 528 -4
523 525 -2
523 526 2
523 527 -4
523 528 1
524 525 -4
524 526 -2
524 527 2
524 528 2
529 533 2
529 534 1
529 535 2
529 536 -4
530 533 -1
530 534 -4
530 535 1
530 536 -4
531 533 1
531 534 2
531 535 -1
531 536 4
532 533 -4
532 534 4
532 535 2
532 536 -1
537 541 -1
537 542 -2
537 543 -1
537 544 -1
538 541 -2
538 542 -1
538 543 2
538 544 -1
539 541 -4
539 542 -1
539 543 -2
539 544 -1
540 541 2
540 542 -4
540 543 -1
540 544 1
545 549 -1
545 550 4
545 551 -4
545 552 1
546 549 -1
546 550 2
546 551 4
546 552 4
547 549 4
547 550 -1
547 551 2
547 552 1
548 549 1
548 550 -2
548 551 -2
548 552 -1
553 557 -1
553 558 -4
553 559 -1
553 560 1
554 557 -2
554 558 4
554 559 2
554 560 -1
555 557 -1
555 558 1
555 559 -1
555 560 -4
556 557 -2
556 558 4
556 559 -4
556 560 -2
561 565 -1
561 566 2
561 567 -2
561 568 2
562 565 -1
562 566 -1
562 567 -1
562 568 -1
563 565 2
563 566 1
563 567 2
563 568 -2
564 565 -1
564 566 -1
564 567 1
564 568 2
569 573 2
569 574 -4
569 575 -4
569 576 -1
570 573 -1
570 574 -4
570 575 -1
570 576 1
571 573 2
571 574 2
571 575 4
571 576 -1
572 573 2
572 574 -4
572 575 1
572 576 -4
577 581 4
577 582 2
577 583 1
577 584 4
578 581 -4
578 582 4
578 583 2
578 584 -1
579 581 2
579 582 -2
579 583 -1
579 584 -2
580 581 1
580 582 4
580 583 -2
580 584 -2
585 589 -4
585 590 1
585 591 1
585 592 4
586 589 2
586 590 2
586 591 -4
586 592 -2
587 589 -1
587 590 -1
587 591 -2
587 592 -4
588 589 4
588 590 -4
588 591 2
588 592 -4
593 597 -1
593 598 -4
593 599 4
593 600 -4
594 597 2
594 598 2
594 599 2
594 600 2
595 597 -1
595 598 4
595 599 -2
595 600 -1
596 597 -2
596 598 -1
596 599 1
596 600 -1
601 605 4
601 606 1
601 607 1
601 608 4
602 605 -4
602 606 -4
602 607 4
602 608 -2
603 605 -4
603 606 2
603 607 -4
603 608 -1
604 605 2
604 606 4
604 607 -2
604 608 1
609 613 -1
609 614 4
609 615 -1
609 616 -1
610 613 2
610 614 2
610 615 -2
610 616 -2
611 613 -2
611 614 1
611 615 -1
611 616 4
612 613 1
612 614 -1
612 615 -4
612 616 4
617 621 -2
617 622 2
617 623 1
617 624 4
618 621 -1
618 622 -1
618 623 -4
618 624 4
619 621 1
619 622 2
619 623 -2
619 624 4
620 621 4
620 622 -4
620 623 -4
620 624 -2
625 629 2
625 630 -1
625 631 -2
625 632 -1
626 629 -2
626 630 -2
626 631 -2
626 632 -4
627 629 1
627 630 -1
627 631 -2
627 632 1
628 629 -4
628 630 2
628 631 -4
628 632 -2
633 637 1
633 638 -4
633 639 2
633 640 2
634 637 4
634 638 4
634 639 2
634 640 -1
635 637 -4
635 638 4
635 639 -4
635 640 2
636 637 4
636 638 4
636 639 -4
636 640 -2
641 645 1
641 646 -4
641 647 -4
641 648 1
642 645 2
642 646 -1
642 647 -1
642 648 -4
643 645 -2
643 646 1
643 647 4
643 648 -2
644 645 1
644 646 2
644 647 -1
644 648 2
649 653 2
649 654 2
649 655 -4
649 656 -1
650 653 2
650 654 2
650 655 -4
650 656 1
651 653 -1
651 654 -1
651 655 -2
651 656 -1
652 653 -4
652 654 2
652 655 -1
652 656 2
657 661 1
657 662 2
657 663 -1
657 664 -4
658 661 4
658 662 -4
658 663 1
658 664 -1
659 661 -4
659 662 1
659 663 -4
659 664 -4
660 661 -2
660 662 -1
660 663 4
660 664 -4
665 669 -1
665 670 -2
665 671 -1
665 672 1
666 669 -4
666 670 -1
666 671 -1
666 672 1
667 669 2
667 670 -4
667 671 -2
667 672 1
668 669 1
668 670 2
668 671 -2
668 672 -1
673 677 1
673 678 -4
673 679 -4
673 680 -2
674 677 -1
674 678 2
674 679 2
674 680 4
675 677 -1
675 678 2
675 679 -4
675 680 1
676 677 4
676 678 4
676 679 4
676 680 -1
681 685 4
681 686 1
681 687 2
681 688 -1
682 685 2
682 686 4
682 687 -1
682 688 -1
683 685 -1
683 686 -1
683 687 1
683 688 2
684 685 -4
684 686 -4
684 687 4
684 688 -1
689 693 -2
689 694 -1
689 695 -1
689 696 2
690 693 4
690 694 -1
690 695 2
690 696 2
691 693 1
691 694 1
691 695 1
691 696 -4
692 693 -4
692 694 2
692 695 1
692 696 4
697 701 -2
697 702 -4
697 703 1
697 704 -1
698 701 -4
698 702 1
698 703 -4
698 704 -4
699 701 -2
699 702 4
699 703 1
699 704 4
700 701 -4
700 702 4
700 703 -2
700 704 2
705 709 4
705 710 2
705 711 -4
705 712 2
706 709 -2
706 710 -2
706 711 2
706 712 4
707 709 2
707 710 1
707 711 -1
707 712 -4
708 709 -2
708 710 1
708 711 4
708 712 4
713 717 2
713 718 -2
713 719 2
713 720 -1
714 717 -4
714 718 1
714 719 1
714 720 2
715 717 -4
715 718 4
715 719 -4
715 720 1
716 717 4
716 718 4
716 719 -4
716 720 4
721 725 4
721 726 2
721 727 1
721 728 1
722 725 -2
722 726 2
722 727 4
722 728 -4
723 725 1
723 726 2
723 727 1
723 728 -2
724 725 2
724 726 -4
724 727 -4
724 728 2
729 733 -4
729 734 -1
729 735 4
729 736 4
730 733 2
730 734 2
730 735 1
730 736 2
731 733 -2
731 734 -2
731 735 2
731 736 -2
732 733 2
732 734 -1
732 735 2
732 736 2
737 741 1
737 742 2
737 743 2
737 744 4
738 741 1
738 742 2
738 743 1
738 744 -4
739 741 2
739 742 4
739 743 2
739 744 1
740 741 4
740 742 2
740 743 -1
740 744 -2
745 749 2
745 750 -1
745 751 4
745 752 -2
746 749 -4
746 750 1
746 751 4
746 752 1
747 749 1
747 750 1
747 751 -1
747 752 1
748 749 -1
748 750 2
748 751 2
748 752 -2
753 757 -2
753 758 -1
753 759 4
753 760 2
754 757 -1
754 758 -2
754 759 2
754 760 -2
755 757 2
755 758 2
755 759 2
755 760 4
756 757 4
756 758 1
756 759 -1
756 760 -4
761 765 -1
761 766 -4
761 767 -1
761 768 1
762 765 -2
762 766 2
762 767 -4
762 768 -2
763 765 4
763 766 -1
763 767 4
763 768 1
764 765 -1
764 766 4
764 767 -1
764 768 4
769 773 4
769 774 -2
769 775 4
769 776 1
770 773 -1
770 774 2
770 775 4
770 776 -1
771 773 -2
771 774 1
771 775 -1
771 776 2
772 773 1
772 774 -1
772 775 1
772 776 2
777 781 -1
777 782 -1
777 783 4
777 784 2
778 781 -4
778 782 2
778 783 1
778 784 -2
779 781 1
779 782 -4
779 783 4
779 784 -1
780 781 -4
780 782 -4
780 783 2
780 784 2
785 789 -2
785 790 1
785 791 -1
785 792 1
786 789 2
786 790 -2
786 791 2
786 792 -1
787 789 -1
787 790 -2
787 791 2
787 792 1
788 789 -4
788 790 2
788 791 -1
788 792 2
793 797 1
793 798 -2
793 799 1
793 800 2
794 797 -1
794 798 4
794 799 -2
794 800 -1
795 797 2
795 798 -1
795 799 -1
795 800 1
796 797 2
796 798 -4
796 799 -4
796 800 4
801 805 -2
801 806 4
801 807 4
801 808 -1
802 805 -4
802 806 -4
802 807 2
802 808 2
803 805 4
803 806 -1
803 807 2
803 808 -2
804 805 2
804 806 -1
804 807 2
804 808 1
809 813 1
809 814 1
809 815 4
809 816 1
810 813 1
810 814 2
810 815 -2
810 816 2
811 813 2
811 814 -1
811 815 -2
811 816 4
812 813 2
812 814 -2
812 815 2
812 816 -4
817 821 -2
817 822 2
817 823 2
817 824 2
818 821 -4
818 822 4
818 823 -2
818 824 2
819 821 -2
819 822 -1
819 823 -4
819 824 2
820 821 4
820 822 -4
820 823 -1
820 824 4
825 829 1
825 830 -2
825 831 1
825 832 -4
826 829 4
826 830 1
826 831 -2
826 832 1
827 829 1
827 830 -4
827 831 1
827 832 2
828 829 4
828 830 4
828 831 -4
828 832 -2
833 837 2
833 838 -2
833 839 4
833 840 2
834 837 1
834 838 1
834 839 1
834 840 4
835 837 2
835 838 2
835 839 -4
835 840 -1
836 837 -4
836 838 1
836 839 -2
836 840 -1
841 845 -2
841 846 -4
841 847 -4
841 848 -2
842 845 -2
842 846 -1
842 847 -2
842 848 -1
843 845 1
843 846 -4
843 847 1
843 848 -4
844 845 -4
844 846 4
844 847 1
844 848 2
849 853 -1
849 854 2
849 855 -2
849 856 2
850 853 -2
850 854 -1
850 855 2
850 856 -2
851 853 1
851 854 -1
851 855 1
851 856 -4
852 853 -4
852 854 -4
852 855 -1
852 856 -4
857 861 -1
857 862 4
857 863 -1
857 864 -1
858 861 -2
858 862 1
858 863 4
858 864 -4
859 861 2
859 862 -2
859 863 4
859 864 1
860 861 4
860 862 2
860 863 -2
860 864 -1
865 869 -1
865 870 4
865 871 -4
865 872 1
866 869 4
866 870 -4
866 871 -1
866 872 -1
867 869 -2
867 870 4
867 871 1
867 872 1
868 869 -1
868 870 2
868 871 1
868 872 -4
873 877 -2
873 878 2
873 879 -1
873 880 -4
874 877 4
874 878 1
874 879 -2
874 880 -4
875 877 -2
875 878 4
875 879 1
875 880 1
876 877 2
876 878 -4
876 879 4
876 880 -4
881 885 1
881 886 -4
881 887 4
881 888 4
882 885 -4
882 886 -2
882 887 1
882 888 2
883 885 -4
883 886 2
883 887 1
883 888 2
884 885 2
884 886 1
884 887 4
884 888 4
889 893 1
889 894 -1
889 895 -1
889 896 4
890 893 -2
890 894 4
890 895 2
890 896 1
891 893 -2
891 894 2
891 895 1
891 896 -2
892 893 -2
892 894 2
892 895 -4
892 896 -2
897 901 2
897 902 -4
897 903 -2
897 904 -1
898 901 -2
898 902 2
898 903 2
898 904 1
899 901 4
899 902 2
899 903 4
899 904 -1
900 901 2
900 902 1
900 903 1
900 904 -4
905 909 4
905 910 -4
905 911 -1
905 912 -1
906 909 -4
906 910 -1
906 911 -2
906 912 2
907 909 2
907 910 1
907 911 4
907 912 2
908 909 -2
908 910 -2
908 911 1
908 912 1
913 917 2
913 918 4
913 919 2
913 920 4
914 917 -4
914 918 -2
914 919 1
914 920 -1
915 917 -2
915 918 1
915 919 -2
915 920 4
916 917 2
916 918 -4
916 919 -2
916 920 -1
921 925 -2
921 926 1
921 927 -2
921 928 1
922 925 4
922 926 2
922 927 4
922 928 2
923 925 4
923 926 -4
923 927 -1
923 928 -1
924 925 2
924 926 1
924 927 1
924 928 -4
929 933 -1
929 934 -1
929 935 -2
929 936 -1
930 933 -2
930 934 2
930 935 4
930 936 -4
931 933 1
931 934 -2
931 935 -1
931 936 -4
932 933 -2
932 934 2
932 935 -4
932 936 2
937 941 1
937 942 -1
937 943 -1
937 944 2
938 941 2
938 942 -4
938 943 4
938 944 -1
939 941 -4
939 942 1
939 943 -4
939 944 -4
940 941 1
940 942 -1
940 943 4
940 944 1
945 949 -2
945 950 -2
945 951 -1
945 952 2
946 949 -1
946 950 -1
946 951 -1
946 952 4
947 949 2
947 950 2
947 951 -2
947 952 -1
948 949 1
948 950 1
948 951 -2
948 952 4
953 957 -4
953 958 -2
953 959 1
953 960 2
954 957 -2
954 958 -1
954 959 2
954 960 -4
955 957 1
955 958 -4
955 959 4
955 960 -4
956 957 4
956 958 -2
956 959 -2
956 960 -1
961 965 -2
961 966 1
961 967 2
961 968 -2
962 965 -1
962 966 1
962 967 -1
962 968 -1
963 965 -4
963 966 -1
963 967 1
963 968 -2
964 965 4
964 966 2
964 967 1
964 968 -1
969 973 4
969 974 1
969 975 -4
969 976 2
970 973 -1
970 974 1
970 975 2
970 976 1
971 973 -2
971 974 4
971 975 2
971 976 -1
972 973 1
972 974 -4
972 975 4
972 976 4
977 981 1
977 982 1
977 983 -1
977 984 4
978 981 1
978 982 -1
978 983 -1
978 984 -4
979 981 2
979 982 -1
979 983 -4
979 984 -1
980 981 -4
980 982 4
980 983 -4
980 984 -2
985 989 1
985 990 -4
985 991 -4
985 992 -4
986 989 -2
986 990 4
986 991 1
986 992 -1
987 989 4
987 990 -1
987 991 -2
987 992 -1
988 989 1
988 990 1
988 991 1
988 992 4
993 997 2
993 998 -2
993 999 -4
993 1000 1
994 997 -1
994 998 -4
994 999 -2
994 1000 -2
995 997 -1
995 998 2
995 999 2
995 1000 4
996 997 -4
996 998 -4
996 999 1
996 1000 -1
1001 1005 2
1001 1006 1
1001 1007 -2
1001 1008 1
1002 1005 -1
1002 1006 -2
1002 1007 4
1002 1008 2
1003 1005 -1
1003 1006 -2
1003 1007 -1
1003 1008 -1
1004 1005 -4
1004 1006 -2
1004 1007 -4
1004 1008 4
1009 1013 -2
1009 1014 2
1009 1015 -4
1009 1016 -4
1010 1013 -1
1010 1014 -4
1010 1015 -2
1010 1016 -1
1011 1013 -2
1011 1014 -4
1011 1015 1
1011 1016 1
1012 1013 -1
1012 1014 -4
1012 1015 -2
1012 1016 1
1017 1021 4
1017 1022 -2
1017 1023 2
1017 1024 2
1018 1021 -1
1018 1022 2
1018 1023 -2
1018 1024 4
1019 1021 -1
1019 1022 1
1019 1023 -2
1019 1024 2
1020 1021 2
1020 1022 -1
1020 1023 4
1020 1024 -4
1025 1029 4
1025 1030 4
1025 1031 -2
1025 1032 -1
1026 1029 4
1026 1030 4
1026 1031 4
1026 1032 4
1027 1029 1
1027 1030 -1
1027 1031 2
1027 1032 -4
1028 1029 1
1028 1030 1
1028 1031 2
1028 1032 -1
1033 1037 -1
1033 1038 4
1033 1039 2
1033 1040 1
1034 1037 -1
1034 1038 -4
1034 1039 -1
1034 1040 2
1035 1037 -4
1035 1038 -1
1035 1039 2
1035 1040 1
1036 1037 2
1036 1038 4
1036 1039 2
1036 1040 -4
1041 1045 2
1041 1046 -2
1041 1047 -4
1041 1048 -4
1042 1045 1
1042 1046 1
1042 1047 -4
1042 1048 -2
1043 1045 2
1043 1046 2
1043 1047 1
1043 1048 -2
1044 1045 1
1044 1046 -4
1044 1047 2
1044 1048 4
1049 1053 1
1049 1054 -2
1049 1055 4
1049 1056 4
1050 1053 -2
1050 1054 -1
1050 1055 2
1050 1056 -4
1051 1053 4
1051 1054 -4
1051 1055 -1
1051 1056 4
1052 1053 -2
1052 1054 -2
1052 1055 4
1052 1056 -1
1057 1061 4
1057 1062 -1
1057 1063 -1
1057 1064 -4
1058 1061 1
1058 1062 -2
1058 1063 2
1058 1064 -2
1059 1061 1
1059 1062 -1
1059 1063 -2
1059 1064 2
1060 1061 1
1060 1062 2
1060 1063 4
1060 1064 -2
1065 1069 -1
1065 1070 -2
1065 1071 -4
1065 1072 2
1066 1069 4
1066 1070 -2
1066 1071 -4
1066 1072 4
1067 1069 2
1067 1070 -1
1067 1071 -1
1067 1072 2
1068 1069 -4
1068 1070 -1
1068 1071 -4
1068 1072 2
1073 1077 -1
1073 1078 -2
1073 1079 2
1073 1080 -4
1074 1077 -1
1074 1078 1
1074 1079 -1
1074 1080 2
1075 1077 1
1075 1078 -1
1075 1079 1
1075 1080 1
1076 1077 -4
1076 1078 -1
1076 1079 1
1076 1080 -4
1081 1085 2
1081 1086 -4
1081 1087 -2
1081 1088 -1
1082 1085 4
1082 1086 -4
1082 1087 2
1082 1088 2
1083 1085 -1
1083 1086 4
1083 1087 2
1083 1088 2
1084 1085 2
1084 1086 2
1084 1087 2
1084 1088 -1
1089 1093 1
1089 1094 1
1089 1095 -4
1089 1096 -1
1090 1093 4
1090 1094 -2
1090 1095 -1
1090 1096 -1
1091 1093 -4
1091 1094 2
1091 1095 -2
1091 1096 -1
1092 1093 -4
1092 1094 4
1092 1095 1
1092 1096 -4
1097 1101 -2
1097 1102 2
1097 1103 -2
1097 1104 -4
1098 1101 2
1098 1102 -1
1098 1103 1
1098 1104 -4
1099 1101 2
1099 1102 1
1099 1103 -4
1099 1104 2
1100 1101 -4
1100 1102 4
1100 1103 -4
1100 1104 -1
1105 1109 4
1105 1110 -4
1105 1111 -1
1105 1112 -4
1106 1109 2
1106 1110 -4
1106 1111 -4
1106 1112 -4
1107 1109 -2
1107 1110 -1
1107 1111 1
1107 1112 4
1108 1109 -2
1108 1110 -2
1108 1111 -2
1108 1112 4
1113 1117 -1
1113 1118 1
1113 1119 2
1113 1120 -4
1114 1117 1
1114 1118 4
1114 1119 -1
1114 1120 4
1115 1117 -1
1115 1118 -2
1115 1119 -4
1115 1120 2
1116 1117 -2
1116 1118 -1
1116 1119 4
1116 1120 4
1121 1125 -1
1121 1126 1
1121 1127 -1
1121 1128 -2
1122 1125 -4
1122 1126 4
1122 1127 1
1122 1128 1
1123 1125 -4
1123 1126 2
1123 1127 4
1123 1128 2
1124 1125 -2
1124 1126 4
1124 1127 1
1124 1128 -1
1129 1133 4
1129 1134 -2
1129 1135 1
1129 1136 1
1130 1133 -2
1130 1134 -2
1130 1135 2
1130 1136 1
1131 1133 1
1131 1134 4
1131 1135 2
1131 1136 -4
1132 1133 4
1132 1134 -1
1132 1135 -4
1132 1136 2
1137 1141 4
1137 1142 -4
1137 1143 4
1137 1144 -1
1138 1141 1
1138 1142 1
1138 1143 -4
1138 1144 2
1139 1141 -4
1139 1142 4
1139 1143 -2
1139 1144 4
1140 1141 -1
1140 1142 4
1140 1143 2
1140 1144 -1
1145 1149 4
1145 1150 4
1145 1151 1
1145 1152 -2
1146 1149 4
1146 1150 -4
1146 1151 -4
1146 1152 4
1147 1149 1
1147 1150 4
1147 1151 -4
1147 1152 -1
1148 1149 1
1148 1150 4
1148 1151 1
1148 1152 -2
5 13 -2
6 14 -1
7 15 4
8 16 4
13 21 -4
14 22 -1
15 23 -2
16 24 2
21 29 2
22 30 -4
23 31 -4
24 32 -1
29 37 1
30 38 -2
31 39 2
32 40 1
37 45 2
38 46 -4
39 47 4
40 48 -1
45 53 2
46 54 -4
47 55 -1
48 56 4
53 61 1
54 62 4
55 63 -2
56 64 2
61 69 -2
62 70 2
63 71 2
64 72 4
69 77 2
70 78 -4
71 79 -4
72 80 -1
77 85 -4
78 86 -4
79 87 1
80 88 -4
85 93 1
86 94 -2
87 95 -1
88 96 -1
101 109 -4
102 110 1
103 111 1
104 112 2
109 117 -4
110 118 1
111 119 -4
112 120 -2
117 125 1
118 126 -1
119 127 -2
120 128 -2
125 133 1
126 134 -4
127 135 -2
128 136 1
133 141 -1
134 142 -4
135 143 -2
136 144 -2
141 149 -2
142 150 -4
143 151 -4
144 152 1
149 157 -2
150 158 -2
151 159 1
152 160 4
157 165 -4
158 166 1
159 167 1
160 168 2
165 173 1
166 174 -1
167 175 1
168 176 -2
173 181 4
174 182 -2
175 183 4
176 184 2
181 189 -4
182 190 2
183 191 -4
184 192 1
197 205 -2
198 206 -2
199 207 -4
200 208 1
205 213 -2
206 214 -1
207 215 -2
208 216 -2
213 221 -4
214 222 4
215 223 -1
216 224 -2
221 229 4
222 230 4
223 231 -2
224 232 -4
229 237 2
230 238 -1
231 239 1
232 240 -2
237 245 2
238 246 2
239 247 4
240 248 4
245 253 -2
246 254 -1
247 255 -2
248 256 1
253 261 -2
254 262 1
255 263 4
256 264 1
261 269 -2
262 270 1
263 271 2
264 272 -2
269 277 4
270 278 1
271 279 -2
272 280 1
277 285 4
278 286 -4
279 287 -2
280 288 2
293 301 2
294 302 1
295 303 1
296 304 -1
301 309 -4
302 310 -4
303 311 -2
304 312 4
309 317 -2
310 318 -2
311 319 2
312 320 2
317 325 -2
318 326 -2
319 327 2
320 328 1
325 333 -1
326 334 2
327 335 -1
328 336 1
333 341 1
334 342 -1
335 343 -1
336 344 -1
341 349 2
342 350 4
343 351 -2
344 352 4
349 357 -2
350 358 4
351 359 2
352 360 -4
357 365 -2
358 366 -2
359 367 1
360 368 -4
365 373 2
366 374 -4
367 375 2
368 376 1
373 381 -1
374 382 1
375 383 4
376 384 -4
389 397 4
390 398 -4
391 399 -1
392 400 -1
397 405 1
398 406 -4
399 407 1
400 408 4
405 413 2
406 414 -2
407 415 -4
408 416 4
413 421 4
414 422 -1
415 423 2
416 424 -2
421 429 2
422 430 4
423 431 4
424 432 1
429 437 -1
430 438 -4
431 439 1
432 440 4
437 445 -2
438 446 1
439 447 4
440 448 -2
445 453 -4
446 454 -2
447 455 -1
448 456 -4
453 461 -2
454 462 -4
455 463 2
456 464 -1
461 469 -2
462 470 4
463 471 2
464 472 2
469 477 -4
470 478 -2
471 479 4
472 480 1
485 493 2
486 494 4
487 495 2
488 496 1
493 501 2
494 502 2
495 503 -4
496 504 -4
501 509 4
502 510 -4
503 511 2
504 512 -4
509 517 -4
510 518 -4
511 519 -1
512 520 -4
517 525 4
518 526 -1
519 527 -4
520 528 -4
525 533 2
526 534 1
527 535 -1
528 536 4
533 541 -1
534 542 1
535 543 -1
536 544 -1
541 549 -1
542 550 4
543 551 -2
544 552 2
549 557 -2
550 558 1
551 559 1
552 560 -2
557 565 4
558 566 -4
559 567 -2
560 568 2
565 573 -2
566 574 4
567 575 1
568 576 4
581 589 -4
582 590 -2
583 591 4
584 592 1
589 597 -2
590 598 2
591 599 -1
592 600 1
597 605 -2
598 606 -2
599 607 -2
600 608 -4
605 613 -4
606 614 1
607 615 1
608 616 -2
613 621 4
614 622 1
615 623 1
616 624 -2
621 629 -1
622 630 -4
623 631 -4
624 632 -1
629 637 -1
630 638 4
631 639 2
632 640 -2
637 645 -1
638 646 1
639 647 -1
640 648 -1
645 653 -4
646 654 -2
647 655 1
648 656 4
653 661 -2
654 662 1
655 663 -1
656 664 2
661 669 -4
662 670 4
663 671 -1
664 672 4
677 685 -1
678 686 2
679 687 -1
680 688 -4
685 693 2
686 694 4
687 695 -2
688 696 2
693 701 -1
694 702 1
695 703 -2
696 704 -2
701 709 -2
702 710 -4
703 711 1
704 712 -1
709 717 2
710 718 -1
711 719 -4
712 720 2
717 725 4
718 726 -1
719 727 1
720 728 4
725 733 2
726 734 -2
727 735 2
728 736 2
733 741 2
734 742 2
735 743 -1
736 744 -4
741 749 -2
742 750 4
743 751 2
744 752 -1
749 757 -1
750 758 -1
751 759 2
752 760 4
757 765 -4
758 766 -1
759 767 4
760 768 1
773 781 -2
774 782 1
775 783 -1
776 784 -1
781 789 4
782 790 -2
783 791 -1
784 792 4
789 797 -1
790 798 4
791 799 4
792 800 2
797 805 -1
798 806 -1
799 807 -1
800 808 1
805 813 2
806 814 4
807 815 -2
808 816 -2
813 821 -1
814 822 2
815 823 1
816 824 -1
821 829 -1
822 830 1
823 831 -4
824 832 -2
829 837 -2
830 838 1
831 839 -2
832 840 -2
837 845 -1
838 846 4
839 847 1
840 848 1
845 853 -2
846 854 1
847 855 -4
848 856 -4
853 861 -4
854 862 1
855 863 1
856 864 -1
869 877 2
870 878 4
871 879 -1
872 880 4
877 885 -2
878 886 -4
879 887 -1
880 888 -1
885 893 -4
886 894 4
887 895 4
888 896 4
893 901 2
894 902 4
895 903 1
896 904 -4
901 909 2
902 910 1
903 911 2
904 912 1
909 917 2
910 918 -1
911 919 4
912 920 -1
917 925 -1
918 926 1
919 927 -1
920 928 -1
925 933 2
926 934 1
927 935 -4
928 936 -4
933 941 -1
934 942 4
935 943 2
936 944 1
941 949 -1
942 950 -1
943 951 -1
944 952 -1
949 957 4
950 958 1
951 959 -2
952 960 1
965 973 4
966 974 -2
967 975 -2
968 976 -1
973 981 -1
974 982 1
975 983 2
976 984 -1
981 989 1
982 990 -2
983 991 -1
984 992 -2
989 997 4
990 998 4
991 999 -4
992 1000 2
997 1005 -4
998 1006 4
999 1007 -4
1000 1008 -4
1005 1013 -4
1006 1014 1
1007 1015 -4
1008 1016 -4
1013 1021 1
1014 1022 4
1015 1023 -2
1016 1024 1
1021 1029 -1
1022 1030 1
1023 1031 4
1024 1032 -4
1029 1037 4
1030 1038 -1
1031 1039 2
1032 1040 -1
1037 1045 -1
1038 1046 -1
1039 1047 2
1040 1048 -2
1045 1053 -1
1046 1054 4
1047 1055 4
1048 1056 -4
1061 1069 -4
1062 1070 2
1063 1071 4
1064 1072 2
1069 1077 1
1070 1078 -2
1071 1079 2
1072 1080 2
1077 1085 -4
1078 1086 -2
1079 1087 -1
1080 1088 1
1085 1093 -2
1086 1094 -4
1087 1095 -1
1088 1096 2
1093 1101 2
1094 1102 -2
1095 1103 4
1096 1104 -2
1101 1109 -2
1102 1110 -2
1103 1111 -4
1104 1112 2
1109 1117 4
1110 1118 -2
1111 1119 4
1112 1120 1
1117 1125 1
1118 1126 1
1119 1127 -1
1120 1128 -4
1125 1133 -2
1126 1134 -2
1127 1135 -2
1128 1136 -1
1133 1141 4
1134 1142 -2
1135 1143 2
1136 1144 2
1141 1149 -2
1142 1150 2
1143 1151 1
1144 1152 4
1 97 -1
2 98 4
3 99 1
4 100 -2
97 193 -1
98 194 -2
99 195 1
100 196 4
193 289 2
194 290 -4
195 291 -4
196 292 4
289 385 -2
290 386 -1
291 387 2
292 388 -4
385 481 2
386 482 -2
387 483 2
388 484 -2
481 577 1
482 578 4
483 579 -2
484 580 -2
577 673 -4
578 674 4
579 675 -2
580 676 2
673 769 2
674 770 1
675 771 -4
676 772 2
769 865 2
770 866 -1
771 867 4
772 868 -1
865 961 1
866 962 1
867 963 1
868 964 2
961 1057 1
962 1058 2
963 1059 -2
964 1060 2
9 105 -1
10 106 -2
11 107 -1
12 108 4
105 201 4
106 202 -2
107 203 -4
108 204 2
201 297 -2
202 298 2
203 299 4
204 300 -1
297 393 -2
298 394 -2
299 395 -4
300 396 -4
393 489 -1
394 490 -2
395 491 2
396 492 -1
489 585 -1
490 586 2
491 587 4
492 588 1
585 681 -1
586 682 -2
587 683 -1
588 684 2
681 777 -2
682 778 1
683 779 2
684 780 -1
777 873 1
778 874 2
779 875 -2
780 876 -1
873 969 2
874 970 1
875 971 1
876 972 -4
969 1065 1
970 1066 4
971 1067 -1
972 1068 1
17 113 1
18 114 -1
19 115 1
20 116 1
113 209 2
114 210 1
115 211 2
116 212 -4
209 305 -2
210 306 -4
211 307 1
212 308 -2
305 401 -2
306 402 4
307 403 -2
308 404 1
401 497 2
402 498 -2
403 499 -1
404 500 -2
497 593 4
498 594 2
499 595 2
500 596 2
593 689 -2
594 690 4
595 691 -4
596 692 -2
689 785 -1
690 786 -4
691 787 4
692 788 4
785 881 4
786 882 4
787 883 -2
788 884 -1
881 977 -2
882 978 -4
883 979 -2
884 980 -2
977 1073 2
978 1074 1
979 1075 4
980 1076 -4
25 121 -4
26 122 -2
27 123 -2
28 124 2
121 217 2
122 218 1
123 219 -2
124 220 1
217 313 -2
218 314 4
219 315 2
220 316 -2
313 409 4
314 410 4
315 411 -1
316 412 -4
409 505 -4
410 506 4
411 507 -1
412 508 4
505 601 -1
506 602 2
507 603 -4
508 604 -4
601 697 -4
602 698 -2
603 699 4
604 700 -4
697 793 1
698 794 -2
699 795 -2
700 796 -2
793 889 1
794 890 -4
795 891 -1
796 892 -2
889 985 1
890 986 -2
891 987 2
892 988 -2
985 1081 -4
986 1082 2
987 1083 -4
988 1084 -4
33 129 2
34 130 1
35 131 -4
36 132 -4
129 225 4
130 226 -4
131 227 4
132 228 -2
225 321 -4
226 322 4
227 323 -4
228 324 -2
321 417 -2
322 418 -1
323 419 1
324 420 4
417 513 1
418 514 -2
419 515 1
420 516 -2
513 609 -4
514 610 2
515 611 2
516 612 -4
609 705 -4
610 706 -1
611 707 -1
612 708 -1
705 801 2
706 802 1
707 803 -2
708 804 4
801 897 2
802 898 -2
803 899 2
804 900 4
897 993 2
898 994 -1
899 995 -1
900 996 2
993 1089 4
994 1090 -2
995 1091 -4
996 1092 -1
41 137 4
42 138 1
43 139 -4
44 140 -4
137 233 -4
138 234 2
139 235 -4
140 236 1
233 329 2
234 330 -4
235 331 1
236 332 -2
329 425 1
330 426 -2
331 427 4
332 428 4
425 521 -4
426 522 2
427 523 -2
428 524 4
521 617 -1
522 618 -2
523 619 4
524 620 2
617 713 -1
618 714 1
619 715 2
620 716 -2
713 809 4
714 810 -4
715 811 -1
716 812 -1
809 905 4
810 906 1
811 907 -4
812 908 -2
905 1001 -2
906 1002 -4
907 1003 4
908 1004 2
1001 1097 2
1002 1098 -4
1003 1099 -2
1004 1100 4
49 145 -1
50 146 1
51 147 -4
52 148 2
145 241 4
146 242 -4
147 243 1
148 244 -1
241 337 4
242 338 2
243 339 -1
244 340 -4
337 433 4
338 434 -2
339 435 2
340 436 -4
433 529 4
434 530 -1
435 531 2
436 532 -1
529 625 2
530 626 1
531 627 -4
532 628 -2
625 721 -1
626 722 -2
627 723 -4
628 724 -4
721 817 1
722 818 1
723 819 -2
724 820 -1
817 913 -4
818 914 -1
819 915 -1
820 916 4
913 1009 1
914 1010 4
915 1011 -1
916 1012 -2
1009 1105 1
1010 1106 -1
1011 1107 2
1012 1108 -4
57 153 2
58 154 4
59 155 1
60 156 4
153 249 2
154 250 -2
155 251 4
156 252 -4
249 345 4
250 346 -1
251 347 -2
252 348 -4
345 441 4
346 442 -1
347 443 -4
348 444 2
441 537 -1
442 538 4
443 539 -4
444 540 1
537 633 -2
538 634 -4
539 635 -2
540 636 -2
633 729 -2
634 730 -1
635 731 -4
636 732 1
729 825 -2
730 826 -4
731 827 2
732 828 -2
825 921 -2
826 922 1
827 923 2
828 924 -4
921 1017 4
922 1018 4
923 1019 1
924 1020 -1
1017 1113 -1
1018 1114 -4
1019 1115 4
1020 1116 -4
65 161 4
66 162 2
67 163 1
68 164 1
161 257 -1
162 258 -1
163 259 -2
164 260 -2
257 353 -1
258 354 2
259 355 2
260 356 -4
353 449 -1
354 450 -4
355 451 -2
356 452 -2
449 545 1
450 546 2
451 547 -4
452 548 4
545 641 2
546 642 1
547 643 1
548 644 -2
641 737 1
642 738 -2
643 739 -1
644 740 2
737 833 -2
738 834 1
739 835 -2
740 836 -2
833 929 -4
834 930 2
835 931 -4
836 932 2
929 1025 -2
930 1026 -2
931 1027 4
932 1028 4
1025 1121 2
1026 1122 2
1027 1123 1
1028 1124 -4
73 169 4
74 170 4
75 171 1
76 172 2
169 265 -2
170 266 1
171 267 -4
172 268 -1
265 361 1
266 362 -1
267 363 -2
268 364 -2
361 457 1
362 458 1
363 459 -2
364 460 -4
457 553 -4
458 554 4
459 555 4
460 556 -4
553 649 2
554 650 1
555 651 2
556 652 2
649 745 -4
650 746 -1
651 747 4
652 748 -2
745 841 4
746 842 1
747 843 -4
748 844 -4
841 937 2
842 938 -4
843 939 1
844 940 -4
937 1033 -1
938 1034 -2
939 1035 1
940 1036 -2
1033 1129 2
1034 1130 -2
1035 1131 4
1036 1132 -1
81 177 -2
82 178 4
83 179 -2
84 180 -4
177 273 -2
178 274 1
179 275 1
180 276 -1
273 369 1
274 370 1
275 371 -1
276 372 2
369 465 -1
370 466 1
371 467 -2
372 468 -2
465 561 -4
466 562 1
467 563 4
468 564 1
561 657 -1
562 658 -1
563 659 2
564 660 -2
657 753 4
658 754 -1
659 755 -1
660 756 1
753 849 -2
754 850 -4
755 851 -1
756 852 -2
849 945 -2
850 946 4
851 947 -1
852 948 -2
945 1041 4
946 1042 4
947 1043 -4
948 1044 -4
1041 1137 1
1042 1138 1
1043 1139 -1
1044 1140 -2
89 185 -1
90 186 -2
91 187 2
92 188 1
185 281 1
186 282 -4
187 283 -4
188 284 1
281 377 4
282 378 4
283 379 4
284 380 -2
377 473 1
378 474 -1
379 475 -2
380 476 -2
473 569 -4
474 570 -4
475 571 -1
476 572 4
569 665 4
570 666 1
571 667 1
572 668 4
665 761 2
666 762 1
667 763 -1
668 764 -1
761 857 4
762 858 -4
763 859 -2
764 860 -4
857 953 1
858 954 2
859 955 1
860 956 -2
953 1049 4
954 1050 1
955 1051 2
956 1052 2
1049 1145 -2
1050 1146 4
1051 1147 2
1052 1148 4
