#
1 5 -1
1 6 4
1 7 -4
1 8 2
2 5 -4
2 6 -4
2 7 -4
2 8 -1
3 5 2
3 6 -1
3 7 2
3 8 -4
4 5 -2
4 6 -4
4 7 2
4 8 -2
9 13 -2
9 14 -4
9 15 -4
9 16 4
10 13 -1
10 14 4
10 15 -4
10 16 -2
11 13 4
11 14 -1
11 15 1
11 16 2
12 13 -1
12 14 1
12 15 -2
12 16 1
17 21 2
17 22 -2
17 23 -2
17 24 2
18 21 -1
18 22 -4
18 23 4
18 24 1
19 21 -1
19 22 -1
19 23 -2
19 24 4
20 21 -2
20 22 -1
20 23 -2
20 24 -4
25 29 2
25 30 -2
25 31 2
25 32 4
26 29 -2
26 30 4
26 31 -2
26 32 -2
27 29 -2
27 30 2
27 31 -1
27 32 -2
28 29 -2
28 30 4
28 31 -1
28 32 1
33 37 -2
33 38 2
33 39 1
33 40 1
34 37 2
34 38 2
34 39 1
34 40 2
35 37 1
35 38 4
35 39 4
35 40 -4
36 37 -2
36 38 4
36 39 -4
36 40 1
41 45 -1
41 46 4
41 47 -1
41 48 2
42 45 2
42 46 -4
42 47 -1
42 48 -1
43 45 1
43 46 2
43 47 1
43 48 1
44 45 1
44 46 -4
44 47 4
44 48 -2
49 53 2
49 54 4
49 55 1
49 56 1
50 53 -2
50 54 -4
50 55 -1
50 56 -2
51 53 -2
51 54 -1
51 55 4
51 56 -2
52 53 4
52 54 -1
52 55 2
52 56 4
57 61 -4
57 62 1
57 63 2
57 64 -1
58 61 -4
58 62 -1
58 63 -4
58 64 1
59 61 -2
59 62 -1
59 63 -4
59 64 -4
60 61 2
60 62 4
60 63 -4
60 64 2
65 69 4
65 70 2
65 71 4
65 72 -4
66 69 4
66 70 1
66 71 4
66 72 1
67 69 2
67 70 4
67 71 -1
67 72 4
68 69 -1
68 70 -4
68 71 4
68 72 -4
73 77 4
73 78 -1
73 79 -1
73 80 -4
74 77 -4
74 78 -4
74 79 1
74 80 2
75 77 -1
75 78 4
75 79 -1
75 80 -1
76 77 1
76 78 -4
76 79 4
76 80 2
81 85 1
81 86 2
81 87 -2
81 88 -4
82 85 1
82 86 2
82 87 1
82 88 2
83 85 1
83 86 -4
83 87 1
83 88 4
84 85 -2
84 86 -2
84 87 1
84 88 -2
89 93 4
89 94 2
89 95 2
89 96 -1
90 93 -2
90 94 1
90 95 -2
90 96 -2
91 93 -2
91 94 -2
91 95 -4
91 96 1
92 93 4
92 94 -2
92 95 1
92 96 4
97 101 -1
97 102 2
97 103 -1
97 104 -1
98 101 -4
98 102 2
98 103 -1
98 104 -2
99 101 -2
99 102 -4
99 103 -2
99 104 1
100 101 -4
100 102 2
100 103 -1
100 104 -1
105 109 2
105 110 4
105 111 -4
105 112 1
106 109 -1
106 110 -1
106 111 -1
106 112 -4
107 109 -4
107 110 -4
107 111 1
107 112 2
108 109 -1
108 110 2
108 111 -4
108 112 2
113 117 4
113 118 2
113 119 -4
113 120 -1
114 117 1
114 118 -2
114 119 4
114 120 -4
115 117 -2
115 118 -4
115 119 2
115 120 4
116 117 4
116 118 -1
116 119 1
116 120 -4
121 125 -2
121 126 1
121 127 -2
121 128 -4
122 125 2
122 126 -2
122 127 2
122 128 1
123 125 -2
123 126 -4
123 127 4
123 128 4
124 125 2
124 126 -1
124 127 -2
124 128 -4
129 133 -1
129 134 -1
129 135 1
129 136 4
130 133 1
130 134 -1
130 135 -4
130 136 -1
131 133 -1
131 134 -1
131 135 -1
131 136 -2
132 133 1
132 134 -4
132 135 -1
132 136 4
137 141 1
137 142 2
137 143 2
137 144 -1
138 141 -2
138 142 1
138 143 4
138 144 2
139 141 -4
139 142 -2
139 143 -2
139 144 -2
140 141 1
140 142 -4
140 143 -4
140 144 1
145 149 1
145 150 -1
145 151 -1
145 152 2
146 149 4
146 150 2
146 151 -1
146 152 1
147 149 -1
147 150 -1
147 151 -2
147 152 -2
148 149 -4
148 150 -2
148 151 -2
148 152 -2
153 157 4
153 158 -1
153 159 -1
153 160 1
154 157 -1
154 158 4
154 159 4
154 160 1
155 157 -1
155 158 -4
155 159 -2
155 160 -2
156 157 -1
156 158 -4
156 159 -1
156 160 -4
161 165 1
161 166 -4
161 167 2
161 168 2
162 165 4
162 166 -4
162 167 1
162 168 -2
163 165 -1
163 166 -4
163 167 -2
163 168 4
164 165 1
164 166 -4
164 167 -1
164 168 2
169 173 1
169 174 -2
169 175 2
169 176 2
170 173 -1
170 174 2
170 175 1
170 176 2
171 173 1
171 174 4
171 175 -4
171 176 -1
172 173 1
172 174 1
172 175 -1
172 176 2
177 181 -2
177 182 2
177 183 2
177 184 -4
178 181 -2
178 182 -4
178 183 2
178 184 4
179 181 4
179 182 2
179 183 4
179 184 -1
180 181 -4
180 182 2
180 183 -1
180 184 -2
185 189 -1
185 190 2
185 191 -2
185 192 2
186 189 4
186 190 2
186 191 2
186 192 4
187 189 2
187 190 -2
187 191 4
187 192 -2
188 189 4
188 190 2
188 191 4
188 192 -2
193 197 -2
193 198 1
193 199 1
193 200 4
194 197 1
194 198 1
194 199 -1
194 200 -2
195 197 4
195 198 -1
195 199 -2
195 200 4
196 197 -2
196 198 -4
196 199 2
196 200 -2
201 205 2
201 206 -4
201 207 1
201 208 -4
202 205 -4
202 206 1
202 207 4
202 208 1
203 205 -1
203 206 1
203 207 1
203 208 -2
204 205 -4
204 206 1
204 207 2
204 208 2
209 213 4
209 214 4
209 215 -1
209 216 2
210 213 -4
210 214 2
210 215 -4
210 216 1
211 213 -2
211 214 -1
211 215 -1
211 216 2
212 213 1
212 214 -2
212 215 4
212 216 -4
217 221 2
217 222 -1
217 223 1
217 224 -2
218 221 4
218 222 1
218 223 -2
218 224 -2
219 221 4
219 222 -4
219 223 2
219 224 -1
220 221 1
220 222 1
220 223 4
220 224 1
225 229 -4
225 230 1
225 231 2
225 232 -4
226 229 -1
226 230 1
226 231 4
226 232 4
227 229 2
227 230 -1
227 231 4
227 232 -4
228 229 1
228 230 4
228 231 -1
228 232 -4
233 237 -1
233 238 -4
233 239 -1
233 240 -2
234 237 1
234 238 -1
234 239 2
234 240 4
235 237 1
235 238 1
235 239 -4
235 240 4
236 237 1
236 238 -4
236 239 4
236 240 -2
241 245 1
241 246 -1
241 247 2
241 248 -4
242 245 -4
242 246 4
242 247 4
242 248 -2
243 245 -4
243 246 -4
243 247 -4
243 248 1
244 245 -2
244 246 -4
244 247 -4
244 248 -4
249 253 -4
249 254 4
249 255 -4
249 256 2
250 253 1
250 254 4
250 255 -1
250 256 -2
251 253 -4
251 254 2
251 255 -2
251 256 2
252 253 2
252 254 2
252 255 -2
252 256 2
257 261 -1
257 262 4
257 263 1
257 264 4
258 261 2
258 262 -2
258 263 -2
258 264 4
259 261 1
259 262 -2
259 263 2
259 264 2
260 261 4
260 262 -4
260 263 -1
260 264 -2
265 269 -2
265 270 -4
265 271 -2
265 272 -4
266 269 2
266 270 1
266 271 -2
266 272 1
267 269 2
267 270 1
267 271 4
267 272 2
268 269 4
268 270 -1
268 271 4
268 272 2
273 277 -1
273 278 -4
273 279 -1
273 280 -1
274 277 2
274 278 2
274 279 -1
274 280 1
275 277 -2
275 278 1
275 279 4
275 280 -2
276 277 -1
276 278 4
276 279 2
276 280 -4
281 285 1
281 286 -1
281 287 4
281 288 -1
282 285 4
282 286 2
282 287 -1
282 288 -4
283 285 2
283 286 -1
283 287 1
283 288 -2
284 285 -1
284 286 4
284 287 4
284 288 -2
289 293 1
289 294 -2
289 295 -2
289 296 1
290 293 2
290 294 -4
290 295 2
290 296 4
291 293 2
291 294 2
291 295 4
291 296 -1
292 293 -1
292 294 -4
292 295 2
292 296 4
297 301 -2
297 302 4
297 303 -1
297 304 4
298 301 -4
298 302 2
298 303 -1
298 304 -2
299 301 2
299 302 -1
299 303 -2
299 304 -2
300 301 -1
300 302 -1
300 303 -4
300 304 1
305 309 -1
305 310 -2
305 311 4
305 312 1
306 309 -1
306 310 -2
306 311 2
306 312 -2
307 309 2
307 310 -4
307 311 1
307 312 4
308 309 -2
308 310 -4
308 311 2
308 312 -2
313 317 -4
313 318 4
313 319 -2
313 320 1
314 317 1
314 318 4
314 319 2
314 320 -2
315 317 4
315 318 2
315 319 -1
315 320 4
316 317 1
316 318 1
316 319 -4
316 320 -1
321 325 1
321 326 2
321 327 2
321 328 2
322 325 -4
322 326 -4
322 327 1
322 328 -2
323 325 4
323 326 1
323 327 -2
323 328 -4
324 325 1
324 326 1
324 327 2
324 328 1
329 333 -1
329 334 -2
329 335 4
329 336 2
330 333 -4
330 334 -4
330 335 -1
330 336 2
331 333 2
331 334 4
331 335 4
331 336 -2
332 333 -4
332 334 1
332 335 -1
332 336 -2
337 341 -2
337 342 -4
337 343 -4
337 344 -2
338 341 -1
338 342 2
338 343 1
338 344 2
339 341 -4
339 342 2
339 343 -4
339 344 2
340 341 4
340 342 -2
340 343 -4
340 344 -2
345 349 1
345 350 4
345 351 2
345 352 4
346 349 -2
346 350 -2
346 351 -4
346 352 2
347 349 -1
347 350 4
347 351 1
347 352 -4
348 349 -1
348 350 -2
348 351 1
348 352 4
353 357 -2
353 358 4
353 359 -1
353 360 -4
354 357 -4
354 358 2
354 359 -2
354 360 1
355 357 2
355 358 -4
355 359 -4
355 360 1
356 357 2
356 358 -2
356 359 -4
356 360 4
361 365 -2
361 366 4
361 367 -1
361 368 2
362 365 -2
362 366 4
362 367 -1
362 368 1
363 365 -1
363 366 4
363 367 4
363 368 2
364 365 1
364 366 2
364 367 -2
364 368 2
369 373 2
369 374 -2
369 375 -4
369 376 -1
370 373 2
370 374 -2
370 375 -2
370 376 4
371 373 4
371 374 -2
371 375 2
371 376 -4
372 373 -1
372 374 4
372 375 4
372 376 2
377 381 -4
377 382 1
377 383 -1
377 384 -2
378 381 -1
378 382 1
378 383 2
378 384 -4
379 381 4
379 382 -1
379 383 4
379 384 -2
380 381 -4
380 382 -2
380 383 -1
380 384 4
385 389 -1
385 390 -4
385 391 -4
385 392 4
386 389 -2
386 390 4
386 391 2
386 392 -4
387 389 4
387 390 -2
387 391 -2
387 392 -1
388 389 -4
388 390 -4
388 391 -4
388 392 -2
393 397 4
393 398 -2
393 399 -1
393 400 -1
394 397 1
394 398 2
394 399 1
394 400 1
395 397 -1
395 398 -2
395 399 -4
395 400 -1
396 397 -4
396 398 -4
396 399 2
396 400 -2
401 405 -2
401 406 -1
401 407 2
401 408 -4
402 405 -4
402 406 -1
402 407 2
402 408 -2
403 405 1
403 406 4
403 407 -2
403 408 -4
404 405 4
404 406 -4
404 407 1
404 408 -2
409 413 -4
409 414 1
409 415 2
409 416 -4
410 413 4
410 414 1
410 415 1
410 416 -2
411 413 -2
411 414 -4
411 415 1
411 416 -1
412 413 -2
412 414 1
412 415 -4
412 416 -4
417 421 4
417 422 1
417 423 -4
417 424 1
418 421 4
418 422 2
418 423 -4
418 424 2
419 421 1
419 422 -4
419 423 1
419 424 2
420 421 4
420 422 1
420 423 -2
420 424 -2
425 429 -2
425 430 4
425 431 -4
425 432 4
426 429 -4
426 430 2
426 431 4
426 432 2
427 429 4
427 430 -4
427 431 -4
427 432 2
428 429 -1
428 430 -1
428 431 2
428 432 -2
433 437 -1
433 438 4
433 439 -4
433 440 2
434 437 -4
434 438 -1
434 439 -1
434 440 4
435 437 -4
435 438 4
435 439 -2
435 440 1
436 437 4
436 438 4
436 439 2
436 440 4
441 445 -4
441 446 -1
441 447 -2
441 448 2
442 445 4
442 446 4
442 447 4
442 448 -2
443 445 1
443 446 -4
443 447 -2
443 448 2
444 445 1
444 446 2
444 447 -1
444 448 4
449 453 4
449 454 2
449 455 1
449 456 1
450 453 2
450 454 4
450 455 -1
450 456 4
451 453 -4
451 454 -4
451 455 2
451 456 1
452 453 -4
452 454 4
452 455 2
452 456 2
457 461 1
457 462 1
457 463 4
457 464 -1
458 461 1
458 462 -4
458 463 -1
458 464 -2
459 461 4
459 462 2
459 463 -4
459 464 4
460 461 -2
460 462 1
460 463 -1
460 464 4
465 469 1
465 470 -4
465 471 2
465 472 -1
466 469 4
466 470 -1
466 471 4
466 472 -2
467 469 1
467 470 2
467 471 2
467 472 4
468 469 -2
468 470 -4
468 471 -2
468 472 -2
473 477 1
473 478 2
473 479 2
473 480 1
474 477 4
474 478 -1
474 479 -4
474 480 4
475 477 2
475 478 2
475 479 4
475 480 -4
476 477 -2
476 478 -4
476 479 1
476 480 4
481 485 4
481 486 4
481 487 -1
481 488 4
482 485 4
482 486 1
482 487 -4
482 488 4
483 485 -4
483 486 2
483 487 1
483 488 2
484 485 4
484 486 -2
484 487 2
484 488 -2
489 493 4
489 494 -4
489 495 4
489 496 -2
490 493 -2
490 494 -1
490 495 4
490 496 -1
491 493 1
491 494 1
491 495 -2
491 496 -1
492 493 2
492 494 4
492 495 -1
492 496 -4
497 501 -2
497 502 1
497 503 -1
497 504 -1
498 501 1
498 502 4
498 503 4
498 504 4
499 501 -1
499 502 -2
499 503 -2
499 504 -4
500 501 -2
500 502 4
500 503 -1
500 504 -2
505 509 2
505 510 1
505 511 -4
505 512 -1
506 509 -4
506 510 -2
506 511 4
506 512 -1
507 509 4
507 510 4
507 511 -2
507 512 -2
508 509 -1
508 510 4
508 511 -1
508 512 4
513 517 -4
513 518 -1
513 519 4
513 520 -4
514 517 2
514 518 -2
514 519 -4
514 520 -4
515 517 4
515 518 1
515 519 -4
515 520 -2
516 517 -2
516 518 2
516 519 -4
516 520 1
521 525 -4
521 526 2
521 527 -4
521 528 -2
522 525 -4
522 526 4
522 527 1
522 528 -4
523 525 2
523 526 -2
523 527 2
523 528 2
524 525 1
524 526 2
524 527 4
524 528 -1
529 533 -1
529 534 -4
529 535 -2
529 536 2
530 533 -4
530 534 2
530 535 -2
530 536 -1
531 533 -1
531 534 -4
531 535 1
531 536 4
532 533 2
532 534 2
532 535 -1
532 536 -2
537 541 -1
537 542 -4
537 543 -2
537 544 -4
538 541 -1
538 542 1
538 543 2
538 544 -2
539 541 1
539 542 -1
539 543 -4
539 544 -4
540 541 2
540 542 -4
540 543 -1
540 544 4
545 549 1
545 550 -1
545 551 2
545 552 1
546 549 1
546 550 1
546 551 -4
546 552 1
547 549 4
547 550 4
547 551 2
547 552 -2
548 549 1
548 550 1
548 551 -1
548 552 -2
553 557 -4
553 558 4
553 559 1
553 560 4
554 557 1
554 558 -4
554 559 4
554 560 1
555 557 -1
555 558 4
555 559 -1
555 560 -2
556 557 -2
556 558 -2
556 559 -1
556 560 -4
561 565 1
561 566 -1
561 567 -4
561 568 -1
562 565 -1
562 566 -1
562 567 -1
562 568 2
563 565 -1
563 566 -4
563 567 2
563 568 4
564 565 -1
564 566 4
564 567 1
564 568 4
569 573 2
569 574 2
569 575 2
569 576 4
570 573 -1
570 574 4
570 575 -2
570 576 2
571 573 2
571 574 4
571 575 -4
571 576 -1
572 573 4
572 574 4
572 575 -1
572 576 -2
577 581 2
577 582 1
577 583 -2
577 584 -4
578 581 -2
578 582 -2
578 583 -1
578 584 -1
579 581 4
579 582 -1
579 583 -1
579 584 2
580 581 1
580 582 -2
580 583 2
580 584 -1
585 589 -4
585 590 -1
585 591 -2
585 592 2
586 589 -4
586 590 -2
586 591 1
586 592 -4
587 589 -2
587 590 -1
587 591 4
587 592 -1
588 589 1
588 590 1
588 591 -4
588 592 -4
593 597 -2
593 598 -4
593 599 -4
593 600 4
594 597 -4
594 598 -1
594 599 -1
594 600 4
595 597 -1
595 598 1
595 599 -1
595 600 1
596 597 -4
596 598 1
596 599 -4
596 600 -2
601 605 2
601 606 1
601 607 -4
601 608 2
602 605 1
602 606 -4
602 607 1
602 608 1
603 605 -4
603 606 -2
603 607 2
603 608 4
604 605 4
604 606 -4
604 607 -4
604 608 4
609 613 1
609 614 -2
609 615 -2
609 616 2
610 613 -2
610 614 -2
610 615 2
610 616 -2
611 613 4
611 614 -4
611 615 -2
611 616 4
612 613 -4
612 614 -1
612 615 -2
612 616 2
617 621 -2
617 622 1
617 623 -2
617 624 2
618 621 -2
618 622 -4
618 623 -1
618 624 2
619 621 2
619 622 -1
619 623 1
619 624 -2
620 621 -1
620 622 -1
620 623 -4
620 624 2
625 629 -1
625 630 -4
625 631 -2
625 632 -4
626 629 1
626 630 4
626 631 -4
626 632 4
627 629 -2
627 630 1
627 631 1
627 632 -4
628 629 -2
628 630 2
628 631 2
628 632 -1
633 637 4
633 638 -1
633 639 4
633 640 -4
634 637 4
634 638 2
634 639 -1
634 640 1
635 637 1
635 638 1
635 639 1
635 640 -2
636 637 4
636 638 1
636 639 -1
636 640 1
641 645 -1
641 646 1
641 647 1
641 648 -1
642 645 -2
642 646 2
642 647 -4
642 648 4
643 645 4
643 646 -4
643 647 -4
643 648 2
644 645 2
644 646 1
644 647 4
644 648 -1
649 653 2
649 654 -4
649 655 -4
649 656 1
650 653 -4
650 654 -1
650 655 1
650 656 -1
651 653 2
651 654 4
651 655 -2
651 656 -4
652 653 -1
652 654 2
652 655 -2
652 656 -4
657 661 -2
657 662 -1
657 663 -2
657 664 -1
658 661 -1
658 662 -1
658 663 1
658 664 -4
659 661 -1
659 662 -1
659 663 -1
659 664 -1
660 661 1
660 662 1
660 663 -4
660 664 -1
665 669 2
665 670 2
665 671 -1
665 672 1
666 669 -2
666 670 -2
666 671 2
666 672 -1
667 669 2
667 670 4
667 671 4
667 672 -2
668 669 -4
668 670 -4
668 671 -1
668 672 1
673 677 -4
673 678 -1
673 679 -1
673 680 4
674 677 -4
674 678 -4
674 679 4
674 680 -4
675 677 -1
675 678 1
675 679 4
675 680 2
676 677 1
676 678 -4
676 679 -2
676 680 -1
681 685 -2
681 686 2
681 687 -1
681 688 1
682 685 4
682 686 1
682 687 2
682 688 1
683 685 4
683 686 1
683 687 1
683 688 -4
684 685 4
684 686 2
684 687 2
684 688 -1
689 693 -4
689 694 -4
689 695 -2
689 696 2
690 693 4
690 694 -4
690 695 2
690 696 -2
691 693 4
691 694 4
691 695 -4
691 696 2
692 693 -1
692 694 4
692 695 -2
692 696 -2
697 701 -1
697 702 2
697 703 2
697 704 -1
698 701 2
698 702 1
698 703 2
698 704 -4
699 701 -1
699 702 4
699 703 4
699 704 -4
700 701 -4
700 702 -4
700 703 -1
700 704 -1
705 709 -2
705 710 -2
705 711 4
705 712 -2
706 709 2
706 710 -2
706 711 4
706 712 2
707 709 -1
707 710 2
707 711 1
707 712 -4
708 709 2
708 710 1
708 711 4
708 712 -2
713 717 1
713 718 2
713 719 4
713 720 -4
714 717 -4
714 718 1
714 719 4
714 720 1
715 717 2
715 718 4
715 719 -4
715 720 2
716 717 1
716 718 1
716 719 -2
716 720 4
721 725 1
721 726 1
721 727 2
721 728 2
722 725 4
722 726 1
722 727 1
722 728 1
723 725 -2
723 726 4
723 727 2
723 728 -2
724 725 2
724 726 4
724 727 -1
724 728 -2
729 733 4
729 734 -1
729 735 -2
729 736 1
730 733 1
730 734 -4
730 735 -4
730 736 -4
731 733 4
731 734 4
731 735 -2
731 736 1
732 733 1
732 734 2
732 735 -2
732 736 -2
737 741 -4
737 742 2
737 743 2
737 744 2
738 741 -2
738 742 1
738 743 2
738 744 -1
739 741 -1
739 742 -2
739 743 -1
739 744 -4
740 741 1
740 742 -2
740 743 4
740 744 1
745 749 -1
745 750 -1
745 751 -4
745 752 -2
746 749 4
746 750 1
746 751 -1
746 752 4
747 749 2
747 750 1
747 751 -4
747 752 4
748 749 -1
748 750 -2
748 751 -1
748 752 2
753 757 1
753 758 -2
753 759 -2
753 760 -2
754 757 -2
754 758 -2
754 759 -1
754 760 2
755 757 -1
755 758 -4
755 759 -2
755 760 2
756 757 1
756 758 -1
756 759 -1
756 760 -1
761 765 -4
761 766 -1
761 767 -1
761 768 -4
762 765 1
762 766 -2
762 767 -2
762 768 -1
763 765 -4
763 766 -1
763 767 1
763 768 4
764 765 1
764 766 2
764 767 2
764 768 1
769 773 4
769 774 4
769 775 2
769 776 2
770 773 4
770 774 -4
770 775 1
770 776 -1
771 773 2
771 774 1
771 775 1
771 776 -2
772 773 1
772 774 -4
772 775 1
772 776 2
777 781 -1
777 782 4
777 783 -1
777 784 2
778 781 -2
778 782 2
778 783 2
778 784 -4
779 781 -1
779 782 -1
779 783 2
779 784 -2
780 781 1
780 782 4
780 783 1
780 784 -4
785 789 4
785 790 4
785 791 -2
785 792 -4
786 789 -1
786 790 -2
786 791 4
786 792 2
787 789 -4
787 790 2
787 791 -4
787 792 2
788 789 -4
788 790 4
788 791 1
788 792 2
793 797 -2
793 798 -1
793 799 1
793 800 -1
794 797 2
794 798 1
794 799 4
794 800 4
795 797 4
795 798 -2
795 799 2
795 800 2
796 797 -4
796 798 2
796 799 -1
796 800 -1
801 805 -4
801 806 4
801 807 2
801 808 4
802 805 2
802 806 -1
802 807 2
802 808 4
803 805 -2
803 806 1
803 807 2
803 808 -4
804 805 -4
804 806 -4
804 807 2
804 808 -1
809 813 -4
809 814 4
809 815 2
809 816 4
810 813 2
810 814 -2
810 815 -1
810 816 1
811 813 -2
811 814 -4
811 815 1
811 816 -1
812 813 2
812 814 2
812 815 -1
812 816 -2
817 821 4
817 822 -2
817 823 -1
817 824 2
818 821 -2
818 822 1
818 823 1
818 824 1
819 821 -2
819 822 4
819 823 -2
819 824 1
820 821 -4
820 822 4
820 823 2
820 824 1
825 829 1
825 830 2
825 831 -1
825 832 1
826 829 4
826 830 -4
826 831 -4
826 832 -1
827 829 -2
827 830 4
827 831 -1
827 832 2
828 829 -1
828 830 -2
828 831 1
828 832 4
833 837 -1
833 838 1
833 839 1
833 840 1
834 837 -4
834 838 1
834 839 2
834 840 -1
835 837 1
835 838 -4
835 839 -1
835 840 1
836 837 1
836 838 4
836 839 -1
836 840 2
841 845 1
841 846 2
841 847 2
841 848 -2
842 845 -4
842 846 -4
842 847 -1
842 848 2
843 845 -2
843 846 -4
843 847 2
843 848 1
844 845 -4
844 846 -1
844 847 4
844 848 2
849 853 -1
849 854 1
849 855 1
849 856 -4
850 853 4
850 854 -2
850 855 4
850 856 -4
851 853 -1
851 854 4
851 855 -2
851 856 -2
852 853 2
852 854 4
852 855 -2
852 856 4
857 861 -1
857 862 4
857 863 4
857 864 -1
858 861 1
858 862 4
858 863 1
858 864 -1
859 861 2
859 862 1
859 863 1
859 864 -1
860 861 2
860 862 1
860 863 -2
860 864 -2
865 869 4
865 870 -4
865 871 2
865 872 1
866 869 4
866 870 1
866 871 4
866 872 -1
867 869 -4
867 870 -4
867 871 1
867 872 1
868 869 -1
868 870 -4
868 871 -1
868 872 2
873 877 2
873 878 2
873 879 2
873 880 1
874 877 -4
874 878 4
874 879 -4
874 880 4
875 877 -1
875 878 -1
875 879 -4
875 880 -4
876 877 1
876 878 1
876 879 4
876 880 2
881 885 1
881 886 2
881 887 -4
881 888 -1
882 885 -2
882 886 4
882 887 -4
882 888 1
883 885 -2
883 886 2
883 887 4
883 888 -4
884 885 4
884 886 -4
884 887 -4
884 888 -4
889 893 1
889 894 4
889 895 1
889 896 4
890 893 -2
890 894 -4
890 895 -4
890 896 4
891 893 -1
891 894 -4
891 895 2
891 896 2
892 893 4
892 894 -2
892 895 4
892 896 2
897 901 4
897 902 -4
897 903 -1
897 904 4
898 901 -2
898 902 1
898 903 1
898 904 -2
899 901 2
899 902 4
899 903 -1
899 904 -1
900 901 4
900 902 -2
900 903 2
900 904 4
905 909 -1
905 910 -2
905 911 -4
905 912 -2
906 909 -1
906 910 4
906 911 -2
906 912 -1
907 909 1
907 910 -2
907 911 -2
907 912 -4
908 909 2
908 910 4
908 911 -1
908 912 -2
913 917 -1
913 918 -4
913 919 -1
913 920 -2
914 917 2
914 918 1
914 919 -2
914 920 2
915 917 -4
915 918 -4
915 919 -1
915 920 -1
916 917 4
916 918 -1
916 919 2
916 920 -4
921 925 -2
921 926 2
921 927 2
921 928 -4
922 925 1
922 926 -2
922 927 -2
922 928 1
923 925 -4
923 926 -1
923 927 -2
923 928 2
924 925 -2
924 926 4
924 927 -4
924 928 4
929 933 1
929 934 -1
929 935 -1
929 936 2
930 933 4
930 934 -2
930 935 -2
930 936 -4
931 933 2
931 934 2
931 935 -1
931 936 2
932 933 -2
932 934 -4
932 935 2
932 936 -1
937 941 1
937 942 -2
937 943 1
937 944 2
938 941 -4
938 942 -4
938 943 -1
938 944 4
939 941 2
939 942 4
939 943 1
939 944 -2
940 941 4
940 942 1
940 943 2
940 944 -2
945 949 2
945 950 -2
945 951 -2
945 952 2
946 949 4
946 950 4
946 951 2
946 952 -4
947 949 -1
947 950 2
947 951 2
947 952 4
948 949 4
948 950 -2
948 951 -1
948 952 -1
953 957 2
953 958 2
953 959 1
953 960 4
954 957 -2
954 958 -2
954 959 4
954 960 2
955 957 2
955 958 2
955 959 -4
955 960 -4
956 957 -1
956 958 -1
956 959 -1
956 960 -2
961 965 -4
961 966 2
961 967 -4
961 968 2
962 965 -2
962 966 -4
962 967 -2
962 968 -1
963 965 1
963 966 4
963 967 2
963 968 -4
964 965 -4
964 966 -1
964 967 -4
964 968 -1
969 973 -1
969 974 4
969 975 -2
969 976 -1
970 973 4
970 974 -2
970 975 -2
970 976 1
971 973 4
971 974 -4
971 975 -2
971 976 4
972 973 -4
972 974 4
972 975 2
972 976 2
977 981 1
977 982 -2
977 983 1
977 984 1
978 981 2
978 982 -4
978 983 1
978 984 1
979 981 -1
979 982 -4
979 983 1
979 984 -1
980 981 4
980 982 -2
980 983 -2
980 984 4
985 989 2
985 990 -4
985 991 -2
985 992 1
986 989 2
986 990 1
986 991 2
986 992 1
987 989 1
987 990 -4
987 991 4
987 992 4
988 989 -2
988 990 -4
988 991 4
988 992 -1
993 997 -1
993 998 4
993 999 -4
993 1000 -2
994 997 4
994 998 1
994 999 4
994 1000 -4
995 997 4
995 998 -1
995 999 -4
995 1000 2
996 997 1
996 998 2
996 999 1
996 1000 2
1001 1005 -1
1001 1006 2
1001 1007 2
1001 1008 1
1002 1005 -2
1002 1006 -4
1002 1007 -2
1002 1008 -2
1003 1005 1
1003 1006 1
1003 1007 -1
1003 1008 4
1004 1005 -1
1004 1006 4
1004 1007 -1
1004 1008 -4
1009 1013 -2
1009 1014 -4
1009 1015 4
1009 1016 2
1010 1013 4
1010 1014 -2
1010 1015 -1
1010 1016 2
1011 1013 -2
1011 1014 -2
1011 1015 -1
1011 1016 -1
1012 1013 -1
1012 1014 -4
1012 1015 -2
1012 1016 2
1017 1021 2
1017 1022 4
1017 1023 -1
1017 1024 4
1018 1021 -1
1018 1022 -4
1018 1023 -2
1018 1024 1
1019 1021 -2
1019 1022 -1
1019 1023 -4
1019 1024 1
1020 1021 4
1020 1022 -1
1020 1023 1
1020 1024 2
1025 1029 2
1025 1030 -1
1025 1031 -4
1025 1032 2
1026 1029 -4
1026 1030 2
1026 1031 1
1026 1032 -1
1027 1029 4
1027 1030 -1
1027 1031 -1
1027 1032 1
1028 1029 4
1028 1030 1
1028 1031 -1
1028 1032 2
1033 1037 2
1033 1038 1
1033 1039 1
1033 1040 -1
1034 1037 1
1034 1038 1
1034 1039 1
1034 1040 -2
1035 1037 2
1035 1038 2
1035 1039 2
1035 1040 -2
1036 1037 1
1036 1038 2
1036 1039 4
1036 1040 -2
1041 1045 2
1041 1046 2
1041 1047 1
1041 1048 2
1042 1045 2
1042 1046 -4
1042 1047 -2
1042 1048 2
1043 1045 1
1043 1046 4
1043 1047 -4
1043 1048 -2
1044 1045 -4
1044 1046 -4
1044 1047 -1
1044 1048 -2
1049 1053 -2
1049 1054 -2
1049 1055 -1
1049 1056 -2
1050 1053 2
1050 1054 -2
1050 1055 -1
1050 1056 4
1051 1053 -2
1051 1054 -1
1051 1055 -4
1051 1056 -2
1052 1053 -4
1052 1054 1
1052 1055 -2
1052 1056 4
1057 1061 -2
1057 1062 4
1057 1063 1
1057 1064 2
1058 1061 1
1058 1062 -2
1058 1063 -4
1058 1064 1
1059 1061 1
1059 1062 4
1059 1063 -1
1059 1064 4
1060 1061 4
1060 1062 -2
1060 1063 4
1060 1064 4
1065 1069 -1
1065 1070 4
1065 1071 4
1065 1072 4
1066 1069 -1
1066 1070 -1
1066 1071 -1
1066 1072 2
1067 1069 1
1067 1070 4
1067 1071 -2
1067 1072 -2
1068 1069 4
1068 1070 -2
1068 1071 2
1068 1072 4
1073 1077 -4
1073 1078 -4
1073 1079 2
1073 1080 -4
1074 1077 -4
1074 1078 -4
1074 1079 2
1074 1080 -4
1075 1077 -1
1075 1078 -2
1075 1079 -1
1075 1080 4
1076 1077 2
1076 1078 -4
1076 1079 -1
1076 1080 4
1081 1085 -1
1081 1086 -1
1081 1087 2
1081 1088 4
1082 1085 2
1082 1086 -1
1082 1087 -1
1082 1088 1
1083 1085 -4
1083 1086 2
1083 1087 -4
1083 1088 1
1084 1085 -4
1084 1086 -4
1084 1087 -4
1084 1088 2
1089 1093 4
1089 1094 1
1089 1095 -4
1089 1096 4
1090 1093 2
1090 1094 1
1090 1095 -2
1090 1096 4
1091 1093 -2
1091 1094 4
1091 1095 2
1091 1096 1
1092 1093 1
1092 1094 -4
1092 1095 1
1092 1096 -2
1097 1101 -4
1097 1102 4
1097 1103 2
1097 1104 2
1098 1101 4
1098 1102 -1
1098 1103 -2
1098 1104 4
1099 1101 1
1099 1102 -1
1099 1103 -2
1099 1104 -1
1100 1101 4
1100 1102 1
1100 1103 1
1100 1104 4
1105 1109 -1
1105 1110 -2
1105 1111 -2
1105 1112 -2
1106 1109 -4
1106 1110 -2
1106 1111 1
1106 1112 -1
1107 1109 -4
1107 1110 1
1107 1111 4
1107 1112 -4
1108 1109 2
1108 1110 4
1108 1111 4
1108 1112 4
1113 1117 4
1113 1118 -1
1113 1119 -4
1113 1120 -1
1114 1117 -4
1114 1118 -4
1114 1119 4
1114 1120 -2
1115 1117 -2
1115 1118 4
1115 1119 -4
1115 1120 4
1116 1117 4
1116 1118 -1
1116 1119 4
1116 1120 -2
1121 1125 -2
1121 1126 1
1121 1127 2
1121 1128 1
1122 1125 2
1122 1126 1
1122 1127 -1
1122 1128 -4
1123 1125 -1
1123 1126 -2
1123 1127 4
1123 1128 1
1124 1125 4
1124 1126 4
1124 1127 1
1124 1128 2
1129 1133 -2
1129 1134 4
1129 1135 4
1129 1136 4
1130 1133 2
1130 1134 2
1130 1135 4
1130 1136 -1
1131 1133 -1
1131 1134 -2
1131 1135 4
1131 1136 -1
1132 1133 4
1132 1134 -1
1132 1135 -1
1132 1136 -2
1137 1141 -1
1137 1142 -1
1137 1143 2
1137 1144 1
1138 1141 4
1138 1142 4
1138 1143 -2
1138 1144 1
1139 1141 -4
1139 1142 -2
1139 1143 2
1139 1144 -4
1140 1141 1
1140 1142 -4
1140 1143 -2
1140 1144 -1
1145 1149 -2
1145 1150 1
1145 1151 -1
1145 1152 4
1146 1149 4
1146 1150 -4
1146 1151 4
1146 1152 -4
1147 1149 -2
1147 1150 -4
1147 1151 4
1147 1152 4
1148 1149 -2
1148 1150 4
1148 1151 -2
1148 1152 -2
5 13 -2
6 14 4
7 15 -1
8 16 -4
13 21 1
14 22 1
15 23 -1
16 24 -1
21 29 2
22 30 -2
23 31 -1
24 32 2
29 37 -1
30 38 4
31 39 -1
32 40 -4
37 45 2
38 46 2
39 47 1
40 48 -2
45 53 -4
46 54 -4
47 55 -2
48 56 2
53 61 1
54 62 -4
55 63 -4
56 64 -2
61 69 4
62 70 2
63 71 -2
64 72 1
69 77 -4
70 78 4
71 79 -4
72 80 1
77 85 4
78 86 -2
79 87 4
80 88 -2
85 93 2
86 94 1
87 95 1
88 96 -2
101 109 4
102 110 1
103 111 -4
104 112 -2
109 117 -2
110 118 2
111 119 1
112 120 2
117 125 -1
118 126 2
119 127 2
120 128 -2
125 133 -1
126 134 2
127 135 1
128 136 4
133 141 -2
134 142 2
135 143 -2
136 144 2
141 149 2
142 150 -4
143 151 2
144 152 -2
149 157 1
150 158 -4
151 159 2
152 160 2
157 165 1
158 166 -1
159 167 4
160 168 2
165 173 -1
166 174 4
167 175 -4
168 176 1
173 181 1
174 182 -2
175 183 4
176 184 1
181 189 4
182 190 -4
183 191 4
184 192 2
197 205 -4
198 206 2
199 207 4
200 208 -2
205 213 2
206 214 -1
207 215 4
208 216 1
213 221 2
214 222 4
215 223 -1
216 224 -2
221 229 1
222 230 1
223 231 -1
224 232 2
229 237 -2
230 238 -4
231 239 -1
232 240 4
237 245 -4
238 246 1
239 247 -1
240 248 4
245 253 1
246 254 4
247 255 -4
248 256 -4
253 261 1
254 262 -1
255 263 2
256 264 -4
261 269 1
262 270 -4
263 271 -4
264 272 2
269 277 -1
270 278 -2
271 279 1
272 280 4
277 285 -1
278 286 -1
279 287 4
280 288 -1
293 301 1
294 302 1
295 303 -4
296 304 4
301 309 4
302 310 -1
303 311 1
304 312 1
309 317 1
310 318 -1
311 319 1
312 320 -2
317 325 2
318 326 -1
319 327 -2
320 328 -1
325 333 -4
326 334 4
327 335 -1
328 336 -1
333 341 1
334 342 -2
335 343 -2
336 344 -1
341 349 1
342 350 -2
343 351 -2
344 352 -2
349 357 1
350 358 -4
351 359 4
352 360 1
357 365 -4
358 366 4
359 367 4
360 368 -1
365 373 1
366 374 -1
367 375 -2
368 376 4
373 381 4
374 382 -1
375 383 1
376 384 2
389 397 -2
390 398 1
391 399 1
392 400 2
397 405 4
398 406 -4
399 407 -2
400 408 4
405 413 -2
406 414 -4
407 415 -2
408 416 4
413 421 2
414 422 2
415 423 -4
416 424 1
421 429 4
422 430 -1
423 431 4
424 432 2
429 437 -2
430 438 2
431 439 -4
432 440 1
437 445 -4
438 446 4
439 447 -4
440 448 -4
445 453 1
446 454 -2
447 455 1
448 456 -4
453 461 -4
454 462 1
455 463 -2
456 464 1
461 469 -1
462 470 4
463 471 -2
464 472 1
469 477 2
470 478 -2
471 479 -4
472 480 2
485 493 1
486 494 -1
487 495 -1
488 496 -2
493 501 2
494 502 -1
495 503 -4
496 504 -1
501 509 -1
502 510 4
503 511 4
504 512 1
509 517 -4
510 518 1
511 519 -4
512 520 -1
517 525 2
518 526 -4
519 527 -4
520 528 1
525 533 -1
526 534 4
527 535 4
528 536 2
533 541 -4
534 542 4
535 543 -1
536 544 4
541 549 -4
542 550 -2
543 551 -2
544 552 -2
549 557 4
550 558 -1
551 559 -2
552 560 1
557 565 2
558 566 4
559 567 4
560 568 1
565 573 -1
566 574 2
567 575 -2
568 576 -1
581 589 4
582 590 -4
583 591 -1
584 592 -4
589 597 4
590 598 -2
591 599 2
592 600 4
597 605 2
598 606 -4
599 607 4
600 608 -4
605 613 -4
606 614 4
607 615 1
608 616 -2
613 621 -2
614 622 -2
615 623 1
616 624 -4
621 629 4
622 630 1
623 631 4
624 632 -4
629 637 2
630 638 4
631 639 -2
632 640 4
637 645 -2
638 646 -2
639 647 1
640 648 -2
645 653 4
646 654 -2
647 655 4
648 656 4
653 661 2
654 662 -1
655 663 1
656 664 4
661 669 4
662 670 -2
663 671 -2
664 672 -2
677 685 -4
678 686 -4
679 687 -4
680 688 -2
685 693 4
686 694 -2
687 695 2
688 696 4
693 701 2
694 702 -4
695 703 1
696 704 2
701 709 4
702 710 -1
703 711 -2
704 712 -4
709 717 -4
710 718 -4
711 719 -2
712 720 1
717 725 -4
718 726 4
719 727 1
720 728 4
725 733 4
726 734 -2
727 735 4
728 736 2
733 741 -4
734 742 -2
735 743 4
736 744 4
741 749 -1
742 750 -2
743 751 -2
744 752 1
749 757 -1
750 758 -2
751 759 1
752 760 -1
757 765 -4
758 766 -1
759 767 4
760 768 4
773 781 4
774 782 1
775 783 -4
776 784 -4
781 789 1
782 790 2
783 791 1
784 792 1
789 797 -4
790 798 2
791 799 -2
792 800 -2
797 805 -1
798 806 -1
799 807 -4
800 808 -2
805 813 2
806 814 -4
807 815 -1
808 816 -2
813 821 -4
814 822 -2
815 823 -4
816 824 1
821 829 2
822 830 4
823 831 -4
824 832 4
829 837 2
830 838 -4
831 839 -1
832 840 -4
837 845 -1
838 846 4
839 847 -2
840 848 -2
845 853 4
846 854 4
847 855 -2
848 856 4
853 861 1
854 862 2
855 863 -2
856 864 -4
869 877 -4
870 878 2
871 879 4
872 880 4
877 885 -1
878 886 1
879 887 -1
880 888 1
885 893 -4
886 894 4
887 895 1
888 896 1
893 901 -4
894 902 -1
895 903 4
896 904 -4
901 909 1
902 910 -2
903 911 -1
904 912 -4
909 917 4
910 918 1
911 919 -2
912 920 -1
917 925 1
918 926 -2
919 927 1
920 928 2
925 933 -2
926 934 2
927 935 -4
928 936 1
933 941 2
934 942 -2
935 943 -2
936 944 4
941 949 4
942 950 4
943 951 1
944 952 2
949 957 -1
950 958 -4
951 959 -4
952 960 -1
965 973 -4
966 974 -1
967 975 1
968 976 -2
973 981 4
974 982 4
975 983 -4
976 984 1
981 989 4
982 990 -4
983 991 -1
984 992 4
989 997 -2
990 998 4
991 999 -2
992 1000 -1
997 1005 -4
998 1006 1
999 1007 2
1000 1008 -1
1005 1013 1
1006 1014 -2
1007 1015 -2
1008 1016 -4
1013 1021 -2
1014 1022 2
1015 1023 -1
1016 1024 -2
1021 1029 -1
1022 1030 2
1023 1031 -4
1024 1032 -2
1029 1037 4
1030 1038 1
1031 1039 -1
1032 1040 1
1037 1045 -2
1038 1046 -2
1039 1047 2
1040 1048 -2
1045 1053 -4
1046 1054 -4
1047 1055 1
1048 1056 1
1061 1069 -4
1062 1070 -4
1063 1071 1
1064 1072 4
1069 1077 2
1070 1078 -1
1071 1079 -1
1072 1080 -1
1077 1085 4
1078 1086 -4
1079 1087 1
1080 1088 -4
1085 1093 4
1086 1094 -1
1087 1095 -2
1088 1096 -2
1093 1101 -2
1094 1102 2
1095 1103 -1
1096 1104 -1
1101 1109 4
1102 1110 -1
1103 1111 -1
1104 1112 -1
1109 1117 -4
1110 1118 -2
1111 1119 4
1112 1120 2
1117 1125 -2
1118 1126 1
1119 1127 -2
1120 1128 -1
1125 1133 4
1126 1134 2
1127 1135 2
1128 1136 1
1133 1141 2
1134 1142 -1
1135 1143 -1
1136 1144 -2
1141 1149 -2
1142 1150 -4
1143 1151 2
1144 1152 -2
1 97 -4
2 98 -4
3 99 -4
4 100 -1
97 193 2
98 194 4
99 195 -4
100 196 4
193 289 4
194 290 4
195 291 -4
196 292 -2
289 385 -1
290 386 -2
291 387 1
292 388 4
385 481 -4
386 482 -1
387 483 1
388 484 4
481 577 1
482 578 1
483 579 4
484 580 -4
577 673 -2
578 674 2
579 675 2
580 676 4
673 769 1
674 770 1
675 771 -1
676 772 1
769 865 -1
770 866 4
771 867 1
772 868 -1
865 961 1
866 962 1
867 963 4
868 964 1
961 1057 2
962 1058 -1
963 1059 2
964 1060 -2
9 105 4
10 106 1
11 107 2
12 108 -4
105 201 2
106 202 2
107 203 -1
108 204 -1
201 297 -1
202 298 -2
203 299 -2
204 300 -1
297 393 1
298 394 4
299 395 4
300 396 -2
393 489 -4
394 490 -4
395 491 2
396 492 -1
489 585 -1
490 586 4
491 587 1
492 588 -1
585 681 -4
586 682 1
587 683 -2
588 684 2
681 777 4
682 778 -2
683 779 -4
684 780 -2
777 873 2
778 874 -2
779 875 1
780 876 4
873 969 -4
874 970 4
875 971 4
876 972 -1
969 1065 -1
970 1066 4
971 1067 4
972 1068 -2
17 113 1
18 114 -4
19 115 1
20 116 4
113 209 1
114 210 -2
115 211 2
116 212 4
209 305 1
210 306 -1
211 307 -1
212 308 2
305 401 1
306 402 1
307 403 -2
308 404 -2
401 497 4
402 498 4
403 499 -4
404 500 1
497 593 1
498 594 1
499 595 -4
500 596 -2
593 689 -2
594 690 -4
595 691 -1
596 692 -4
689 785 4
690 786 -2
691 787 -2
692 788 1
785 881 -1
786 882 2
787 883 1
788 884 4
881 977 4
882 978 -2
883 979 2
884 980 -1
977 1073 2
978 1074 1
979 1075 -4
980 1076 2
25 121 2
26 122 -2
27 123 2
28 124 -1
121 217 1
122 218 2
123 219 -2
124 220 1
217 313 -4
218 314 -4
219 315 -2
220 316 -4
313 409 4
314 410 -1
315 411 -1
316 412 2
409 505 -2
410 506 1
411 507 2
412 508 2
505 601 1
506 602 -2
507 603 -2
508 604 1
601 697 -2
602 698 2
603 699 -4
604 700 -2
697 793 1
698 794 -2
699 795 -4
700 796 1
793 889 2
794 890 1
795 891 -2
796 892 -1
889 985 -4
890 986 1
891 987 2
892 988 -4
985 1081 -2
986 1082 -2
987 1083 1
988 1084 -4
33 129 4
34 130 -4
35 131 4
36 132 1
129 225 4
130 226 1
131 227 -1
132 228 -4
225 321 -4
226 322 1
227 323 -4
228 324 -1
321 417 1
322 418 -2
323 419 4
324 420 4
417 513 1
418 514 -2
419 515 2
420 516 -4
513 609 4
514 610 -2
515 611 2
516 612 4
609 705 -2
610 706 -4
611 707 2
612 708 -1
705 801 1
706 802 -1
707 803 -4
708 804 -4
801 897 4
802 898 -4
803 899 -1
804 900 4
897 993 4
898 994 -2
899 995 1
900 996 -1
993 1089 2
994 1090 -2
995 1091 -1
996 1092 -4
41 137 -2
42 138 1
43 139 -2
44 140 -2
137 233 4
138 234 -1
139 235 -4
140 236 4
233 329 2
234 330 1
235 331 1
236 332 -4
329 425 -1
330 426 4
331 427 1
332 428 -2
425 521 1
426 522 -2
427 523 2
428 524 2
521 617 -1
522 618 1
523 619 -1
524 620 -2
617 713 -4
618 714 1
619 715 -4
620 716 4
713 809 -4
714 810 -2
715 811 4
716 812 -1
809 905 -2
810 906 -1
811 907 1
812 908 -4
905 1001 2
906 1002 4
907 1003 1
908 1004 1
1001 1097 -2
1002 1098 1
1003 1099 4
1004 1100 2
49 145 -1
50 146 -4
51 147 -4
52 148 -2
145 241 4
146 242 -1
147 243 -1
148 244 -1
241 337 -4
242 338 4
243 339 -1
244 340 -2
337 433 4
338 434 2
339 435 -4
340 436 4
433 529 1
434 530 1
435 531 2
436 532 -4
529 625 -4
530 626 4
531 627 2
532 628 1
625 721 4
626 722 -4
627 723 -4
628 724 2
721 817 1
722 818 -4
723 819 -1
724 820 2
817 913 1
818 914 2
819 915 -2
820 916 -4
913 1009 -2
914 1010 2
915 1011 1
916 1012 1
1009 1105 4
1010 1106 -4
1011 1107 4
1012 1108 -1
57 153 1
58 154 4
59 155 -1
60 156 1
153 249 2
154 250 -1
155 251 -2
156 252 -1
249 345 -2
250 346 -1
251 347 -1
252 348 4
345 441 1
346 442 -2
347 443 1
348 444 -1
441 537 -2
442 538 -2
443 539 -1
444 540 -1
537 633 -1
538 634 4
539 635 -2
540 636 1
633 729 -4
634 730 1
635 731 -1
636 732 -4
729 825 -4
730 826 4
731 827 -4
732 828 -2
825 921 4
826 922 -1
827 923 -4
828 924 -1
921 1017 -4
922 1018 2
923 1019 1
924 1020 -1
1017 1113 -1
1018 1114 4
1019 1115 2
1020 1116 -4
65 161 -1
66 162 -4
67 163 2
68 164 1
161 257 1
162 258 4
163 259 -2
164 260 -4
257 353 -1
258 354 -2
259 355 -4
260 356 -4
353 449 -2
354 450 -4
355 451 -2
356 452 -2
449 545 4
450 546 -4
451 547 4
452 548 2
545 641 -4
546 642 -4
547 643 -2
548 644 4
641 737 1
642 738 -2
643 739 1
644 740 4
737 833 -4
738 834 4
739 835 -4
740 836 4
833 929 1
834 930 -1
835 931 4
836 932 1
929 1025 -1
930 1026 -1
931 1027 2
932 1028 -4
1025 1121 4
1026 1122 2
1027 1123 2
1028 1124 1
73 169 4
74 170 1
75 171 1
76 172 1
169 265 -1
170 266 -4
171 267 4
172 268 1
265 361 1
266 362 -4
267 363 1
268 364 4
361 457 2
362 458 2
363 459 -4
364 460 -4
457 553 -2
458 554 -4
459 555 -2
460 556 -2
553 649 -4
554 650 -1
555 651 1
556 652 -4
649 745 1
650 746 1
651 747 4
652 748 -2
745 841 4
746 842 -4
747 843 2
748 844 -1
841 937 -4
842 938 4
843 939 2
844 940 -2
937 1033 4
938 1034 -2
939 1035 -4
940 1036 1
1033 1129 4
1034 1130 -2
1035 1131 -2
1036 1132 2
81 177 -4
82 178 4
83 179 -4
84 180 -4
177 273 -2
178 274 -4
179 275 4
180 276 -1
273 369 4
274 370 -2
275 371 -2
276 372 2
369 465 2
370 466 1
371 467 2
372 468 -1
465 561 -2
466 562 2
467 563 -2
468 564 -1
561 657 -1
562 658 -2
563 659 4
564 660 1
657 753 -4
658 754 2
659 755 -2
660 756 -4
753 849 -4
754 850 2
755 851 -2
756 852 1
849 945 -4
850 946 -2
851 947 -1
852 948 -2
945 1041 -4
946 1042 2
947 1043 2
948 1044 -2
1041 1137 -1
1042 1138 -1
1043 1139 -4
1044 1140 -2
89 185 -4
90 186 4
91 187 1
92 188 -4
185 281 -4
186 282 -2
187 283 1
188 284 4
281 377 -4
282 378 -2
283 379 4
284 380 -1
377 473 -1
378 474 2
379 475 -4
380 476 -4
473 569 -1
474 570 1
475 571 4
476 572 -4
569 665 4
570 666 1
571 667 4
572 668 -1
665 761 1
666 762 2
667 763 -4
668 764 -4
761 857 -4
762 858 2
763 859 2
764 860 4
857 953 -1
858 954 4
859 955 -4
860 956 -2
953 1049 -4
954 1050 -4
955 1051 -1
956 1052 4
1049 1145 4
1050 1146 1
1051 1147 -2
1052 1148 4
