#
1 5 -4
1 6 1
1 7 -4
1 8 1
2 5 2
2 6 4
2 7 -2
2 8 4
3 5 2
3 6 -1
3 7 -2
3 8 -4
4 5 -1
4 6 -1
4 7 1
4 8 1
9 13 4
9 14 1
9 15 -1
9 16 4
10 13 2
10 14 -2
10 15 -2
10 16 4
11 13 4
11 14 -1
11 15 -2
11 16 2
12 13 -1
12 14 4
12 15 -1
12 16 2
17 21 2
17 22 -1
17 23 2
17 24 -1
18 21 -2
18 22 1
18 23 1
18 24 -2
19 21 -2
19 22 -4
19 23 2
19 24 -2
20 21 -2
20 22 2
20 23 4
20 24 1
25 29 1
25 30 -1
25 31 -4
25 32 -1
26 29 -1
26 30 -2
26 31 1
26 32 -1
27 29 -4
27 30 4
27 31 -1
27 32 -1
28 29 -1
28 30 4
28 31 4
28 32 -1
33 37 -1
33 38 4
33 39 -2
33 40 -1
34 37 -2
34 38 4
34 39 -1
34 40 -1
35 37 -1
35 38 -4
35 39 -4
35 40 -2
36 37 2
36 38 4
36 39 4
36 40 2
41 45 2
41 46 -2
41 47 -2
41 48 -1
42 45 1
42 46 2
42 47 -1
42 48 -2
43 45 4
43 46 -1
43 47 -2
43 48 -1
44 45 -4
44 46 4
44 47 1
44 48 4
49 53 -1
49 54 2
49 55 1
49 56 -2
50 53 -2
50 54 1
50 55 -2
50 56 -1
51 53 -4
51 54 1
51 55 -2
51 56 -2
52 53 2
52 54 -2
52 55 -2
52 56 -4
57 61 -1
57 62 1
57 63 1
57 64 -1
58 61 2
58 62 1
58 63 -4
58 64 -1
59 61 -1
59 62 4
59 63 1
59 64 -4
60 61 2
60 62 2
60 63 4
60 64 -4
65 69 2
65 70 -1
65 71 -4
65 72 4
66 69 -2
66 70 -2
66 71 2
66 72 -4
67 69 2
67 70 -1
67 71 1
67 72 -1
68 69 4
68 70 -2
68 71 2
68 72 -1
73 77 -2
73 78 4
73 79 2
73 80 -2
74 77 4
74 78 -1
74 79 -2
74 80 -4
75 77 1
75 78 -4
75 79 -1
75 80 4
76 77 -2
76 78 4
76 79 4
76 80 1
81 85 -2
81 86 4
81 87 -1
81 88 1
82 85 1
82 86 1
82 87 2
82 88 2
83 85 2
83 86 1
83 87 1
83 88 -4
84 85 1
84 86 -2
84 87 -1
84 88 4
89 93 2
89 94 -2
89 95 1
89 96 -1
90 93 -2
90 94 -1
90 95 -4
90 96 -4
91 93 1
91 94 1
91 95 -1
91 96 4
92 93 2
92 94 -4
92 95 -2
92 96 4
97 101 2
97 102 -4
97 103 -2
97 104 -1
98 101 2
98 102 2
98 103 -2
98 104 1
99 101 -2
99 102 -1
99 103 -1
99 104 -2
100 101 2
100 102 4
100 103 -4
100 104 -2
105 109 -4
105 110 -1
105 111 1
105 112 -4
106 109 1
106 110 -2
106 111 -4
106 112 2
107 109 2
107 110 1
107 111 4
107 112 2
108 109 1
108 110 -2
108 111 4
108 112 -4
113 117 1
113 118 -4
113 119 -2
113 120 4
114 117 4
114 118 -2
114 119 -2
114 120 1
115 117 -2
115 118 1
115 119 -2
115 120 -4
116 117 -4
116 118 -2
116 119 -1
116 120 1
121 125 2
121 126 -1
121 127 -4
121 128 1
122 125 -2
122 126 -4
122 127 -1
122 128 4
123 125 4
123 126 2
123 127 -4
123 128 -1
124 125 -1
124 126 -1
124 127 -4
124 128 -2
129 133 -2
129 134 -1
129 135 -2
129 136 -2
130 133 -4
130 134 -4
130 135 4
130 136 -2
131 133 2
131 134 -1
131 135 2
131 136 4
132 133 -4
132 134 4
132 135 4
132 136 4
137 141 -1
137 142 4
137 143 -4
137 144 1
138 141 4
138 142 -4
138 143 -4
138 144 4
139 141 -4
139 142 -4
139 143 4
139 144 4
140 141 -4
140 142 2
140 143 4
140 144 2
145 149 4
145 150 -1
145 151 1
145 152 -4
146 149 -4
146 150 -2
146 151 -2
146 152 -4
147 149 -2
147 150 -4
147 151 -4
147 152 -1
148 149 1
148 150 1
148 151 -1
148 152 2
153 157 -2
153 158 -4
153 159 1
153 160 4
154 157 -1
154 158 -1
154 159 1
154 160 -2
155 157 -2
155 158 4
155 159 4
155 160 -1
156 157 -4
156 158 -1
156 159 2
156 160 -4
161 165 -1
161 166 2
161 167 2
161 168 2
162 165 -1
162 166 2
162 167 -1
162 168 4
163 165 1
163 166 -2
163 167 1
163 168 4
164 165 -1
164 166 1
164 167 -4
164 168 -2
169 173 4
169 174 -1
169 175 2
169 176 -2
170 173 -2
170 174 -2
170 175 -1
170 176 2
171 173 1
171 174 -1
171 175 -2
171 176 2
172 173 -2
172 174 -2
172 175 2
172 176 -2
177 181 -2
177 182 4
177 183 -2
177 184 4
178 181 -1
178 182 -1
178 183 -1
178 184 -1
179 181 2
179 182 -1
179 183 -1
179 184 -1
180 181 2
180 182 -2
180 183 2
180 184 -2
185 189 -2
185 190 -2
185 191 2
185 192 4
186 189 1
186 190 1
186 191 -1
186 192 4
187 189 -4
187 190 2
187 191 2
187 192 -1
188 189 1
188 190 2
188 191 -4
188 192 1
193 197 -1
193 198 2
193 199 1
193 200 -2
194 197 1
194 198 2
194 199 1
194 200 -1
195 197 -2
195 198 2
195 199 2
195 200 -4
196 197 4
196 198 -1
196 199 2
196 200 4
201 205 -2
201 206 2
201 207 -2
201 208 1
202 205 -2
202 206 -4
202 207 -4
202 208 4
203 205 -4
203 206 1
203 207 -4
203 208 2
204 205 -4
204 206 1
204 207 2
204 208 2
209 213 -1
209 214 -1
209 215 -4
209 216 -1
210 213 2
210 214 4
210 215 -2
210 216 4
211 213 -4
211 214 1
211 215 4
211 216 -1
212 213 4
212 214 2
212 215 1
212 216 -1
217 221 -4
217 222 -1
217 223 -1
217 224 1
218 221 2
218 222 -1
218 223 4
218 224 -1
219 221 -4
219 222 4
219 223 1
219 224 1
220 221 2
220 222 1
220 223 -2
220 224 -1
225 229 1
225 230 1
225 231 1
225 232 1
226 229 -4
226 230 -4
226 231 -2
226 232 2
227 229 -4
227 230 -1
227 231 4
227 232 4
228 229 2
228 230 -2
228 231 4
228 232 -2
233 237 -1
233 238 -1
233 239 2
233 240 2
234 237 1
234 238 1
234 239 1
234 240 4
235 237 2
235 238 4
235 239 -2
235 240 2
236 237 1
236 238 -1
236 239 1
236 240 -1
241 245 -2
241 246 2
241 247 4
241 248 2
242 245 4
242 246 1
242 247 -4
242 248 -4
243 245 -2
243 246 4
243 247 -1
243 248 -1
244 245 -4
244 246 -1
244 247 1
244 248 -2
249 253 -4
249 254 -1
249 255 -2
249 256 1
250 253 -1
250 254 4
250 255 2
250 256 4
251 253 2
251 254 1
251 255 2
251 256 2
252 253 4
252 254 1
252 255 -2
252 256 1
257 261 -1
257 262 -1
257 263 -4
257 264 -1
258 261 -1
258 262 -2
258 263 1
258 264 -2
259 261 2
259 262 4
259 263 -4
259 264 1
260 261 -1
260 262 4
260 263 -2
260 264 1
265 269 -1
265 270 -1
265 271 -2
265 272 -2
266 269 2
266 270 1
266 271 -2
266 272 4
267 269 -1
267 270 -1
267 271 1
267 272 1
268 269 2
268 270 2
268 271 -1
268 272 -4
273 277 2
273 278 -4
273 279 1
273 280 4
274 277 4
274 278 4
274 279 -1
274 280 1
275 277 4
275 278 1
275 279 2
275 280 -2
276 277 -4
276 278 1
276 279 -1
276 280 2
281 285 2
281 286 1
281 287 -4
281 288 -4
282 285 -1
282 286 2
282 287 -2
282 288 -4
283 285 -4
283 286 -2
283 287 -2
283 288 4
284 285 -4
284 286 -1
284 287 -1
284 288 4
289 293 4
289 294 -1
289 295 2
289 296 4
290 293 2
290 294 -2
290 295 -4
290 296 4
291 293 -1
291 294 2
291 295 2
291 296 -2
292 293 -4
292 294 2
292 295 1
292 296 1
297 301 -2
297 302 -2
297 303 2
297 304 -2
298 301 4
298 302 4
298 303 -2
298 304 2
299 301 -4
299 302 -2
299 303 -2
299 304 2
300 301 1
300 302 1
300 303 -2
300 304 -1
305 309 -1
305 310 4
305 311 -4
305 312 1
306 309 2
306 310 1
306 311 -1
306 312 4
307 309 2
307 310 -1
307 311 1
307 312 -2
308 309 -2
308 310 -1
308 311 -2
308 312 -2
313 317 -4
313 318 -2
313 319 2
313 320 -1
314 317 1
314 318 4
314 319 4
314 320 2
315 317 -1
315 318 2
315 319 -4
315 320 -2
316 317 1
316 318 1
316 319 4
316 320 -1
321 325 -4
321 326 2
321 327 -2
321 328 -2
322 325 -1
322 326 -1
322 327 -1
322 328 4
323 325 -2
323 326 1
323 327 -1
323 328 1
324 325 -1
324 326 1
324 327 -4
324 328 1
329 333 -4
329 334 4
329 335 2
329 336 -1
330 333 1
330 334 1
330 335 4
330 336 -2
331 333 4
331 334 -1
331 335 4
331 336 4
332 333 -2
332 334 -2
332 335 -1
332 336 2
337 341 1
337 342 4
337 343 2
337 344 -2
338 341 -2
338 342 1
338 343 4
338 344 -4
339 341 4
339 342 4
339 343 2
339 344 1
340 341 4
340 342 -4
340 343 -4
340 344 -1
345 349 -2
345 350 1
345 351 1
345 352 2
346 349 -1
346 350 -2
346 351 1
346 352 1
347 349 1
347 350 1
347 351 -4
347 352 2
348 349 2
348 350 1
348 351 4
348 352 -2
353 357 2
353 358 4
353 359 1
353 360 -4
354 357 4
354 358 4
354 359 -2
354 360 -4
355 357 -2
355 358 1
355 359 1
355 360 -2
356 357 1
356 358 4
356 359 4
356 360 1
361 365 1
361 366 -1
361 367 1
361 368 4
362 365 -4
362 366 -4
362 367 1
362 368 -2
363 365 1
363 366 -2
363 367 4
363 368 4
364 365 2
364 366 2
364 367 4
364 368 4
369 373 -1
369 374 -4
369 375 -4
369 376 2
370 373 1
370 374 1
370 375 -2
370 376 -4
371 373 2
371 374 4
371 375 2
371 376 2
372 373 4
372 374 -2
372 375 -4
372 376 -4
377 381 -1
377 382 1
377 383 2
377 384 4
378 381 1
378 382 2
378 383 1
378 384 -2
379 381 1
379 382 1
379 383 -2
379 384 2
380 381 4
380 382 -1
380 383 -1
380 384 -4
385 389 2
385 390 2
385 391 2
385 392 4
386 389 2
386 390 -4
386 391 4
386 392 1
387 389 -4
387 390 2
387 391 -1
387 392 -2
388 389 1
388 390 -1
388 391 4
388 392 2
393 397 1
393 398 1
393 399 1
393 400 1
394 397 1
394 398 -2
394 399 -4
394 400 4
395 397 2
395 398 -2
395 399 4
395 400 -4
396 397 1
396 398 -2
396 399 4
396 400 4
401 405 4
401 406 1
401 407 -1
401 408 -2
402 405 -2
402 406 -2
402 407 4
402 408 -2
403 405 -2
403 406 -1
403 407 -2
403 408 -1
404 405 1
404 406 -2
404 407 4
404 408 -2
409 413 -1
409 414 -1
409 415 1
409 416 -4
410 413 -4
410 414 -4
410 415 4
410 416 -2
411 413 4
411 414 -4
411 415 4
411 416 -1
412 413 4
412 414 1
412 415 -4
412 416 -1
417 421 -1
417 422 2
417 423 -4
417 424 1
418 421 -1
418 422 4
418 423 -1
418 424 -1
419 421 -1
419 422 2
419 423 4
419 424 2
420 421 -4
420 422 -2
420 423 2
420 424 4
425 429 2
425 430 1
425 431 -2
425 432 -2
426 429 1
426 430 2
426 431 -4
426 432 -2
427 429 -1
427 430 -1
427 431 2
427 432 -1
428 429 2
428 430 -1
428 431 -4
428 432 2
433 437 4
433 438 1
433 439 4
433 440 -2
434 437 1
434 438 -4
434 439 -2
434 440 -2
435 437 2
435 438 4
435 439 -2
435 440 -2
436 437 -2
436 438 4
436 439 -2
436 440 1
441 445 -4
441 446 -4
441 447 4
441 448 2
442 445 1
442 446 -1
442 447 4
442 448 -1
443 445 -2
443 446 4
443 447 2
443 448 -2
444 445 4
444 446 1
444 447 1
444 448 4
449 453 -1
449 454 -4
449 455 4
449 456 1
450 453 1
450 454 4
450 455 -2
450 456 2
451 453 1
451 454 1
451 455 4
451 456 1
452 453 1
452 454 2
452 455 -1
452 456 1
457 461 2
457 462 2
457 463 -4
457 464 1
458 461 -4
458 462 -4
458 463 -4
458 464 -1
459 461 2
459 462 -4
459 463 1
459 464 1
460 461 2
460 462 1
460 463 -2
460 464 -2
465 469 -1
465 470 2
465 471 1
465 472 1
466 469 -4
466 470 -1
466 471 4
466 472 4
467 469 4
467 470 4
467 471 1
467 472 -4
468 469 1
468 470 -1
468 471 -4
468 472 4
473 477 4
473 478 -1
473 479 -1
473 480 1
474 477 -2
474 478 -2
474 479 1
474 480 1
475 477 -4
475 478 4
475 479 -2
475 480 -2
476 477 1
476 478 -4
476 479 2
476 480 -2
481 485 -1
481 486 2
481 487 -1
481 488 -1
482 485 1
482 486 1
482 487 -2
482 488 -2
483 485 1
483 486 4
483 487 -2
483 488 -4
484 485 -1
484 486 4
484 487 -1
484 488 -4
489 493 4
489 494 -4
489 495 -1
489 496 2
490 493 1
490 494 -4
490 495 -4
490 496 2
491 493 -2
491 494 2
491 495 -2
491 496 -4
492 493 1
492 494 -4
492 495 -4
492 496 -1
497 501 2
497 502 -4
497 503 2
497 504 -4
498 501 4
498 502 -2
498 503 -1
498 504 -2
499 501 -2
499 502 1
499 503 1
499 504 2
500 501 -4
500 502 2
500 503 4
500 504 -2
505 509 -4
505 510 -4
505 511 -2
505 512 -4
506 509 4
506 510 -2
506 511 -1
506 512 -1
507 509 -1
507 510 1
507 511 2
507 512 1
508 509 -4
508 510 4
508 511 -1
508 512 -2
513 517 2
513 518 1
513 519 2
513 520 4
514 517 2
514 518 4
514 519 -2
514 520 -4
515 517 -4
515 518 1
515 519 -2
515 520 4
516 517 -2
516 518 2
516 519 -2
516 520 -4
521 525 -1
521 526 -4
521 527 -4
521 528 -1
522 525 -4
522 526 4
522 527 -1
522 528 -1
523 525 1
523 526 -1
523 527 1
523 528 1
524 525 -4
524 526 -4
524 527 -1
524 528 1
529 533 1
529 534 -2
529 535 -4
529 536 -1
530 533 1
530 534 -1
530 535 4
530 536 -4
531 533 -2
531 534 2
531 535 4
531 536 1
532 533 2
532 534 -1
532 535 -2
532 536 -1
537 541 -1
537 542 -1
537 543 -4
537 544 -1
538 541 -4
538 542 -2
538 543 4
538 544 -4
539 541 1
539 542 2
539 543 4
539 544 -2
540 541 4
540 542 -1
540 543 4
540 544 2
545 549 2
545 550 4
545 551 1
545 552 1
546 549 -4
546 550 2
546 551 -2
546 552 -1
547 549 -4
547 550 2
547 551 -4
547 552 2
548 549 -1
548 550 -2
548 551 2
548 552 -1
553 557 -2
553 558 -2
553 559 1
553 560 -2
554 557 1
554 558 2
554 559 -1
554 560 1
555 557 1
555 558 -4
555 559 -4
555 560 -4
556 557 -4
556 558 1
556 559 4
556 560 -2
561 565 -1
561 566 2
561 567 2
561 568 4
562 565 4
562 566 -1
562 567 -1
562 568 2
563 565 4
563 566 -4
563 567 1
563 568 4
564 565 -2
564 566 -2
564 567 2
564 568 1
569 573 -2
569 574 -1
569 575 -2
569 576 -4
570 573 1
570 574 -2
570 575 1
570 576 -1
571 573 -4
571 574 2
571 575 -1
571 576 -2
572 573 -1
572 574 -2
572 575 2
572 576 1
577 581 -1
577 582 2
577 583 -1
577 584 2
578 581 -1
578 582 -4
578 583 -2
578 584 2
579 581 -4
579 582 2
579 583 2
579 584 -2
580 581 1
580 582 -2
580 583 4
580 584 -4
585 589 -2
585 590 2
585 591 1
585 592 1
586 589 4
586 590 -4
586 591 -2
586 592 1
587 589 -4
587 590 -4
587 591 -2
587 592 -1
588 589 -2
588 590 -4
588 591 -1
588 592 2
593 597 -1
593 598 4
593 599 1
593 600 2
594 597 -2
594 598 2
594 599 -1
594 600 4
595 597 1
595 598 -2
595 599 1
595 600 -4
596 597 2
596 598 -2
596 599 -2
596 600 4
601 605 -1
601 606 2
601 607 4
601 608 -4
602 605 -1
602 606 1
602 607 -2
602 608 -1
603 605 -1
603 606 2
603 607 -1
603 608 -4
604 605 2
604 606 -1
604 607 2
604 608 -2
609 613 -4
609 614 1
609 615 -4
609 616 -4
610 613 -4
610 614 2
610 615 -2
610 616 -2
611 613 -1
611 614 -4
611 615 2
611 616 -1
612 613 -1
612 614 4
612 615 2
612 616 4
617 621 -4
617 622 2
617 623 1
617 624 -4
618 621 2
618 622 1
618 623 -1
618 624 -1
619 621 2
619 622 -1
619 623 4
619 624 4
620 621 -4
620 622 1
620 623 -1
620 624 -2
625 629 -1
625 630 1
625 631 1
625 632 2
626 629 4
626 630 4
626 631 -4
626 632 -1
627 629 -2
627 630 -1
627 631 -4
627 632 2
628 629 1
628 630 -1
628 631 2
628 632 2
633 637 2
633 638 1
633 639 -1
633 640 4
634 637 -2
634 638 2
634 639 1
634 640 -4
635 637 -2
635 638 2
635 639 2
635 640 -2
636 637 -2
636 638 -1
636 639 -2
636 640 -2
641 645 1
641 646 -2
641 647 4
641 648 -2
642 645 4
642 646 2
642 647 -2
642 648 1
643 645 -2
643 646 4
643 647 -2
643 648 4
644 645 4
644 646 1
644 647 -1
644 648 -2
649 653 1
649 654 -4
649 655 -2
649 656 1
650 653 -1
650 654 2
650 655 1
650 656 -2
651 653 2
651 654 2
651 655 -2
651 656 -4
652 653 -4
652 654 1
652 655 1
652 656 2
657 661 1
657 662 1
657 663 -2
657 664 -1
658 661 -1
658 662 4
658 663 1
658 664 2
659 661 -1
659 662 4
659 663 1
659 664 -4
660 661 -2
660 662 1
660 663 -4
660 664 1
665 669 -4
665 670 -2
665 671 -1
665 672 1
666 669 -4
666 670 -2
666 671 1
666 672 -4
667 669 -1
667 670 4
667 671 -1
667 672 -4
668 669 -2
668 670 -1
668 671 -1
668 672 -2
673 677 -1
673 678 2
673 679 4
673 680 4
674 677 -1
674 678 2
674 679 -2
674 680 4
675 677 -1
675 678 -4
675 679 -4
675 680 1
676 677 -4
676 678 2
676 679 2
676 680 4
681 685 -2
681 686 1
681 687 -2
681 688 -1
682 685 -2
682 686 1
682 687 1
682 688 -2
683 685 -1
683 686 4
683 687 4
683 688 -4
684 685 4
684 686 -2
684 687 2
684 688 2
689 693 -2
689 694 -1
689 695 4
689 696 -4
690 693 2
690 694 -1
690 695 1
690 696 4
691 693 4
691 694 -2
691 695 -1
691 696 4
692 693 4
692 694 4
692 695 4
692 696 -4
697 701 1
697 702 2
697 703 2
697 704 -2
698 701 2
698 702 -2
698 703 4
698 704 -4
699 701 -2
699 702 2
699 703 4
699 704 -4
700 701 -1
700 702 2
700 703 -2
700 704 4
705 709 1
705 710 -4
705 711 4
705 712 4
706 709 1
706 710 1
706 711 -4
706 712 -2
707 709 -1
707 710 -1
707 711 4
707 712 -2
708 709 4
708 710 -4
708 711 -1
708 712 2
713 717 -2
713 718 -1
713 719 -2
713 720 1
714 717 -1
714 718 -1
714 719 1
714 720 -2
715 717 -1
715 718 -2
715 719 -2
715 720 -2
716 717 -2
716 718 -1
716 719 -1
716 720 4
721 725 1
721 726 4
721 727 1
721 728 -4
722 725 2
722 726 1
722 727 4
722 728 4
723 725 4
723 726 -4
723 727 -2
723 728 -4
724 725 1
724 726 -1
724 727 -4
724 728 4
729 733 -4
729 734 -4
729 735 -2
729 736 1
730 733 2
730 734 1
730 735 -1
730 736 -2
731 733 2
731 734 -4
731 735 4
731 736 2
732 733 -4
732 734 -2
732 735 -2
732 736 1
737 741 -1
737 742 -4
737 743 -4
737 744 2
738 741 -1
738 742 4
738 743 -1
738 744 2
739 741 1
739 742 2
739 743 -2
739 744 4
740 741 1
740 742 -2
740 743 1
740 744 4
745 749 -1
745 750 2
745 751 -2
745 752 1
746 749 -1
746 750 2
746 751 -2
746 752 -2
747 749 1
747 750 -4
747 751 -1
747 752 4
748 749 -4
748 750 -1
748 751 2
748 752 -4
753 757 -2
753 758 1
753 759 4
753 760 1
754 757 1
754 758 -2
754 759 4
754 760 -2
755 757 2
755 758 4
755 759 4
755 760 2
756 757 2
756 758 -4
756 759 4
756 760 4
761 765 1
761 766 1
761 767 -4
761 768 -2
762 765 -4
762 766 -1
762 767 -4
762 768 2
763 765 -4
763 766 1
763 767 2
763 768 -1
764 765 4
764 766 4
764 767 -2
764 768 2
769 773 -4
769 774 -4
769 775 4
769 776 4
770 773 1
770 774 -2
770 775 -2
770 776 2
771 773 -1
771 774 2
771 775 -1
771 776 1
772 773 -1
772 774 1
772 775 -1
772 776 -2
777 781 4
777 782 1
777 783 2
777 784 1
778 781 4
778 782 -4
778 783 -4
778 784 -1
779 781 -2
779 782 4
779 783 -4
779 784 -2
780 781 -1
780 782 -1
780 783 -4
780 784 2
785 789 2
785 790 -2
785 791 -2
785 792 -4
786 789 4
786 790 -2
786 791 1
786 792 -4
787 789 4
787 790 1
787 791 -4
787 792 -1
788 789 1
788 790 -1
788 791 -4
788 792 -2
793 797 -1
793 798 2
793 799 2
793 800 -4
794 797 2
794 798 1
794 799 -4
794 800 1
795 797 2
795 798 2
795 799 2
795 800 -2
796 797 -2
796 798 2
796 799 -2
796 800 -4
801 805 -1
801 806 4
801 807 -2
801 808 -1
802 805 -4
802 806 4
802 807 2
802 808 -4
803 805 4
803 806 -1
803 807 -4
803 808 2
804 805 2
804 806 1
804 807 -4
804 808 -1
809 813 -4
809 814 -1
809 815 4
809 816 4
810 813 1
810 814 -1
810 815 4
810 816 4
811 813 1
811 814 -1
811 815 -2
811 816 2
812 813 -4
812 814 -2
812 815 4
812 816 -4
817 821 2
817 822 4
817 823 -2
817 824 4
818 821 -4
818 822 -2
818 823 1
818 824 -4
819 821 -4
819 822 4
819 823 1
819 824 -1
820 821 4
820 822 -2
820 823 4
820 824 -1
825 829 4
825 830 2
825 831 -4
825 832 2
826 829 2
826 830 2
826 831 4
826 832 -4
827 829 -2
827 830 -2
827 831 -1
827 832 1
828 829 2
828 830 4
828 831 1
828 832 -4
833 837 1
833 838 -1
833 839 -1
833 840 2
834 837 4
834 838 4
834 839 -2
834 840 2
835 837 -4
835 838 2
835 839 4
835 840 4
836 837 -4
836 838 -4
836 839 2
836 840 2
841 845 1
841 846 -1
841 847 -4
841 848 -1
842 845 -1
842 846 4
842 847 2
842 848 -2
843 845 -4
843 846 4
843 847 -2
843 848 -2
844 845 1
844 846 2
844 847 -4
844 848 1
849 853 1
849 854 2
849 855 -2
849 856 -2
850 853 4
850 854 -4
850 855 2
850 856 -1
851 853 -2
851 854 -4
851 855 1
851 856 1
852 853 4
852 854 -4
852 855 -2
852 856 -4
857 861 -4
857 862 1
857 863 -2
857 864 4
858 861 -1
858 862 4
858 863 1
858 864 -4
859 861 4
859 862 4
859 863 -4
859 864 4
860 861 -4
860 862 -4
860 863 1
860 864 2
865 869 -1
865 870 -4
865 871 -4
865 872 -2
866 869 -1
866 870 4
866 871 -2
866 872 -4
867 869 -1
867 870 -4
867 871 2
867 872 1
868 869 2
868 870 -2
868 871 4
868 872 1
873 877 -4
873 878 -2
873 879 -1
873 880 2
874 877 -1
874 878 2
874 879 1
874 880 -4
875 877 4
875 878 -4
875 879 2
875 880 -1
876 877 4
876 878 2
876 879 2
876 880 2
881 885 -4
881 886 2
881 887 4
881 888 4
882 885 4
882 886 1
882 887 2
882 888 2
883 885 1
883 886 1
883 887 -1
883 888 -2
884 885 -1
884 886 -2
884 887 -1
884 888 -1
889 893 2
889 894 1
889 895 4
889 896 -1
890 893 4
890 894 4
890 895 -1
890 896 4
891 893 -4
891 894 2
891 895 1
891 896 4
892 893 2
892 894 2
892 895 1
892 896 4
897 901 2
897 902 -2
897 903 -4
897 904 2
898 901 4
898 902 1
898 903 -4
898 904 1
899 901 -2
899 902 -1
899 903 4
899 904 2
900 901 4
900 902 4
900 903 1
900 904 -1
905 909 4
905 910 1
905 911 -4
905 912 1
906 909 -2
906 910 -2
906 911 4
906 912 4
907 909 -1
907 910 4
907 911 -2
907 912 -2
908 909 -4
908 910 1
908 911 -2
908 912 2
913 917 -4
913 918 1
913 919 -4
913 920 -1
914 917 2
914 918 2
914 919 2
914 920 -1
915 917 4
915 918 1
915 919 -1
915 920 4
916 917 -2
916 918 -4
916 919 4
916 920 4
921 925 2
921 926 4
921 927 4
921 928 4
922 925 2
922 926 1
922 927 -4
922 928 1
923 925 1
923 926 -1
923 927 -2
923 928 1
924 925 1
924 926 -4
924 927 -2
924 928 4
929 933 2
929 934 1
929 935 -4
929 936 -4
930 933 -1
930 934 -4
930 935 1
930 936 1
931 933 4
931 934 1
931 935 -2
931 936 1
932 933 -4
932 934 -2
932 935 1
932 936 4
937 941 -4
937 942 2
937 943 -2
937 944 -2
938 941 -2
938 942 -1
938 943 2
938 944 -1
939 941 -1
939 942 -4
939 943 -2
939 944 4
940 941 -4
940 942 1
940 943 2
940 944 1
945 949 -4
945 950 2
945 951 -2
945 952 4
946 949 -4
946 950 -4
946 951 4
946 952 2
947 949 2
947 950 2
947 951 -4
947 952 4
948 949 -4
948 950 1
948 951 -2
948 952 -1
953 957 2
953 958 4
953 959 2
953 960 2
954 957 -2
954 958 2
954 959 4
954 960 -2
955 957 4
955 958 -4
955 959 2
955 960 1
956 957 4
956 958 -2
956 959 4
956 960 -2
961 965 2
961 966 -2
961 967 -2
961 968 -1
962 965 1
962 966 -2
962 967 2
962 968 -4
963 965 -1
963 966 -1
963 967 -4
963 968 1
964 965 -4
964 966 1
964 967 -1
964 968 -4
969 973 -2
969 974 -4
969 975 -1
969 976 -2
970 973 -1
970 974 -1
970 975 4
970 976 -4
971 973 -1
971 974 1
971 975 -4
971 976 -1
972 973 -4
972 974 -1
972 975 -2
972 976 -2
977 981 1
977 982 2
977 983 -2
977 984 -2
978 981 2
978 982 2
978 983 1
978 984 -2
979 981 -1
979 982 -2
979 983 4
979 984 -1
980 981 1
980 982 -1
980 983 -1
980 984 -1
985 989 -1
985 990 4
985 991 -1
985 992 -4
986 989 1
986 990 4
986 991 -2
986 992 1
987 989 -2
987 990 -4
987 991 4
987 992 -4
988 989 -4
988 990 1
988 991 -2
988 992 -2
993 997 -4
993 998 -2
993 999 -4
993 1000 -2
994 997 -2
994 998 -1
994 999 -4
994 1000 4
995 997 4
995 998 4
995 999 -4
995 1000 -4
996 997 4
996 998 4
996 999 -4
996 1000 4
1001 1005 1
1001 1006 1
1001 1007 -4
1001 1008 -4
1002 1005 2
1002 1006 1
1002 1007 1
1002 1008 -2
1003 1005 1
1003 1006 1
1003 1007 -1
1003 1008 -1
1004 1005 4
1004 1006 1
1004 1007 -1
1004 1008 4
1009 1013 -4
1009 1014 -1
1009 1015 2
1009 1016 -4
1010 1013 -2
1010 1014 1
1010 1015 -1
1010 1016 1
1011 1013 -4
1011 1014 2
1011 1015 -2
1011 1016 4
1012 1013 1
1012 1014 1
1012 1015 2
1012 1016 4
1017 1021 -4
1017 1022 -2
1017 1023 4
1017 1024 4
1018 1021 2
1018 1022 -1
1018 1023 -4
1018 1024 2
1019 1021 -4
1019 1022 2
1019 1023 2
1019 1024 4
1020 1021 -1
1020 1022 2
1020 1023 4
1020 1024 2
1025 1029 2
1025 1030 2
1025 1031 2
1025 1032 -4
1026 1029 -1
1026 1030 -1
1026 1031 -1
1026 1032 -1
1027 1029 -1
1027 1030 -1
1027 1031 -2
1027 1032 -1
1028 1029 2
1028 1030 4
1028 1031 -1
1028 1032 -4
1033 1037 -1
1033 1038 1
1033 1039 1
1033 1040 2
1034 1037 1
1034 1038 -4
1034 1039 -1
1034 1040 1
1035 1037 -1
1035 1038 -4
1035 1039 4
1035 1040 1
1036 1037 4
1036 1038 -4
1036 1039 1
1036 1040 -1
1041 1045 4
1041 1046 2
1041 1047 2
1041 1048 -4
1042 1045 2
1042 1046 -2
1042 1047 2
1042 1048 -1
1043 1045 -2
1043 1046 -1
1043 1047 4
1043 1048 -1
1044 1045 -1
1044 1046 -1
1044 1047 1
1044 1048 -2
1049 1053 2
1049 1054 -1
1049 1055 2
1049 1056 -1
1050 1053 4
1050 1054 4
1050 1055 2
1050 1056 1
1051 1053 -4
1051 1054 1
1051 1055 -1
1051 1056 1
1052 1053 4
1052 1054 -1
1052 1055 1
1052 1056 -4
1057 1061 1
1057 1062 -2
1057 1063 2
1057 1064 -4
1058 1061 -1
1058 1062 -2
1058 1063 -1
1058 1064 2
1059 1061 -1
1059 1062 2
1059 1063 -1
1059 1064 -1
1060 1061 -2
1060 1062 -1
1060 1063 -1
1060 1064 2
1065 1069 -4
1065 1070 -2
1065 1071 -1
1065 1072 2
1066 1069 4
1066 1070 -2
1066 1071 -4
1066 1072 4
1067 1069 -4
1067 1070 4
1067 1071 -4
1067 1072 -4
1068 1069 4
1068 1070 -1
1068 1071 -1
1068 1072 -1
1073 1077 -4
1073 1078 4
1073 1079 -2
1073 1080 4
1074 1077 -2
1074 1078 1
1074 1079 -4
1074 1080 2
1075 1077 2
1075 1078 4
1075 1079 2
1075 1080 2
1076 1077 -4
1076 1078 2
1076 1079 2
1076 1080 4
1081 1085 4
1081 1086 2
1081 1087 -2
1081 1088 4
1082 1085 -4
1082 1086 -1
1082 1087 2
1082 1088 4
1083 1085 -1
1083 1086 1
1083 1087 -1
1083 1088 1
1084 1085 1
1084 1086 -4
1084 1087 4
1084 1088 -4
1089 1093 4
1089 1094 2
1089 1095 1
1089 1096 4
1090 1093 2
1090 1094 -2
1090 1095 4
1090 1096 -4
1091 1093 1
1091 1094 2
1091 1095 -2
1091 1096 1
1092 1093 1
1092 1094 1
1092 1095 -4
1092 1096 4
1097 1101 1
1097 1102 1
1097 1103 -4
1097 1104 4
1098 1101 -1
1098 1102 1
1098 1103 1
1098 1104 2
1099 1101 4
1099 1102 2
1099 1103 4
1099 1104 1
1100 1101 2
1100 1102 -1
1100 1103 -1
1100 1104 -1
1105 1109 -1
1105 1110 2
1105 1111 -4
1105 1112 -4
1106 1109 -1
1106 1110 4
1106 1111 4
1106 1112 -4
1107 1109 4
1107 1110 -2
1107 1111 2
1107 1112 2
1108 1109 -2
1108 1110 2
1108 1111 2
1108 1112 -1
1113 1117 4
1113 1118 4
1113 1119 2
1113 1120 1
1114 1117 -2
1114 1118 -1
1114 1119 1
1114 1120 1
1115 1117 -1
1115 1118 -4
1115 1119 4
1115 1120 -1
1116 1117 -4
1116 1118 -2
1116 1119 -2
1116 1120 -4
1121 1125 2
1121 1126 1
1121 1127 -1
1121 1128 -1
1122 1125 -4
1122 1126 -1
1122 1127 -2
1122 1128 -2
1123 1125 -1
1123 1126 2
1123 1127 1
1123 1128 4
1124 1125 -1
1124 1126 -1
1124 1127 -2
1124 1128 1
1129 1133 -4
1129 1134 -2
1129 1135 1
1129 1136 4
1130 1133 4
1130 1134 2
1130 1135 4
1130 1136 -2
1131 1133 1
1131 1134 2
1131 1135 1
1131 1136 1
1132 1133 1
1132 1134 -4
1132 1135 4
1132 1136 -4
1137 1141 -1
1137 1142 -1
1137 1143 4
1137 1144 2
1138 1141 -4
1138 1142 -4
1138 1143 -2
1138 1144 -4
1139 1141 2
1139 1142 -2
1139 1143 -4
1139 1144 -1
1140 1141 1
1140 1142 1
1140 1143 -2
1140 1144 2
1145 1149 4
1145 1150 2
1145 1151 -4
1145 1152 -4
1146 1149 1
1146 1150 -2
1146 1151 2
1146 1152 1
1147 1149 -4
1147 1150 -1
1147 1151 -1
1147 1152 -2
1148 1149 -1
1148 1150 -1
1148 1151 4
1148 1152 -1
5 13 2
6 14 -4
7 15 2
8 16 4
13 21 4
14 22 2
15 23 1
16 24 -1
21 29 1
22 30 -1
23 31 -4
24 32 4
29 37 -2
30 38 -2
31 39 -4
32 40 -4
37 45 -2
38 46 -4
39 47 2
40 48 4
45 53 -4
46 54 -1
47 55 -1
48 56 -2
53 61 -1
54 62 1
55 63 -2
56 64 -2
61 69 -1
62 70 1
63 71 -2
64 72 -1
69 77 4
70 78 -1
71 79 -1
72 80 -4
77 85 1
78 86 -4
79 87 2
80 88 -2
85 93 -2
86 94 -1
87 95 -4
88 96 1
101 109 -4
102 110 2
103 111 -4
104 112 -1
109 117 -2
110 118 -4
111 119 4
112 120 4
117 125 -1
118 126 -2
119 127 2
120 128 -1
125 133 -4
126 134 1
127 135 -4
128 136 2
133 141 1
134 142 -2
135 143 4
136 144 2
141 149 2
142 150 2
143 151 2
144 152 -1
149 157 4
150 158 2
151 159 -2
152 160 -2
157 165 1
158 166 -4
159 167 -1
160 168 -1
165 173 2
166 174 -4
167 175 -2
168 176 2
173 181 -4
174 182 4
175 183 -4
176 184 1
181 189 1
182 190 1
183 191 4
184 192 4
197 205 -1
198 206 4
199 207 -2
200 208 2
205 213 2
206 214 2
207 215 -4
208 216 4
213 221 2
214 222 4
215 223 -4
216 224 -1
221 229 1
222 230 1
223 231 4
224 232 4
229 237 -1
230 238 -4
231 239 1
232 240 2
237 245 -1
238 246 -1
239 247 2
240 248 4
245 253 -4
246 254 1
247 255 1
248 256 -1
253 261 2
254 262 4
255 263 -1
256 264 4
261 269 4
262 270 -2
263 271 1
264 272 2
269 277 -2
270 278 2
271 279 -2
272 280 -1
277 285 1
278 286 2
279 287 1
280 288 -1
293 301 4
294 302 4
295 303 4
296 304 -1
301 309 -1
302 310 1
303 311 -4
304 312 4
309 317 -2
310 318 2
311 319 -1
312 320 -1
317 325 -1
318 326 -1
319 327 -1
320 328 4
325 333 -1
326 334 -1
327 335 -2
328 336 1
333 341 -2
334 342 4
335 343 2
336 344 4
341 349 1
342 350 -2
343 351 2
344 352 1
349 357 -1
350 358 -4
351 359 4
352 360 -2
357 365 -2
358 366 -4
359 367 1
360 368 -1
365 373 4
366 374 4
367 375 4
368 376 1
373 381 -4
374 382 -1
375 383 -2
376 384 1
389 397 -1
390 398 -2
391 399 4
392 400 -1
397 405 -2
398 406 -4
399 407 1
400 408 -1
405 413 -4
406 414 1
407 415 1
408 416 4
413 421 4
414 422 1
415 423 -1
416 424 -4
421 429 -2
422 430 -2
423 431 2
424 432 4
429 437 2
430 438 -1
431 439 4
432 440 -4
437 445 -2
438 446 -4
439 447 -4
440 448 -2
445 453 1
446 454 -4
447 455 2
448 456 -4
453 461 -1
454 462 2
455 463 -1
456 464 1
461 469 -4
462 470 4
463 471 -2
464 472 4
469 477 2
470 478 -2
471 479 -2
472 480 2
485 493 -2
486 494 -2
487 495 4
488 496 -4
493 501 -2
494 502 2
495 503 1
496 504 -1
501 509 1
502 510 -1
503 511 1
504 512 2
509 517 -2
510 518 2
511 519 -4
512 520 -1
517 525 -2
518 526 1
519 527 -2
520 528 -4
525 533 -1
526 534 1
527 535 -2
528 536 -1
533 541 -4
534 542 1
535 543 1
536 544 2
541 549 -1
542 550 -2
543 551 -2
544 552 2
549 557 4
550 558 -2
551 559 4
552 560 -2
557 565 -1
558 566 -1
559 567 -2
560 568 1
565 573 2
566 574 4
567 575 -2
568 576 -4
581 589 -1
582 590 4
583 591 2
584 592 2
589 597 -4
590 598 -1
591 599 1
592 600 -2
597 605 1
598 606 -4
599 607 1
600 608 -2
605 613 4
606 614 -2
607 615 -4
608 616 4
613 621 -4
614 622 1
615 623 1
616 624 -1
621 629 4
622 630 4
623 631 -4
624 632 4
629 637 1
630 638 4
631 639 -1
632 640 -2
637 645 -2
638 646 -1
639 647 2
640 648 4
645 653 -1
646 654 4
647 655 -2
648 656 -1
653 661 2
654 662 4
655 663 -4
656 664 -4
661 669 1
662 670 4
663 671 -1
664 672 4
677 685 2
678 686 2
679 687 -1
680 688 4
685 693 1
686 694 2
687 695 -2
688 696 1
693 701 -4
694 702 -4
695 703 -1
696 704 -2
701 709 -2
702 710 -2
703 711 4
704 712 1
709 717 4
710 718 -1
711 719 4
712 720 -2
717 725 2
718 726 2
719 727 1
720 728 2
725 733 4
726 734 1
727 735 4
728 736 -1
733 741 -2
734 742 4
735 743 -2
736 744 -1
741 749 -1
742 750 1
743 751 -4
744 752 -1
749 757 -2
750 758 -1
751 759 4
752 760 -2
757 765 -2
758 766 -2
759 767 4
760 768 4
773 781 2
774 782 -4
775 783 -2
776 784 1
781 789 1
782 790 1
783 791 -1
784 792 1
789 797 -1
790 798 -4
791 799 -2
792 800 1
797 805 -4
798 806 -4
799 807 2
800 808 1
805 813 2
806 814 2
807 815 4
808 816 1
813 821 -1
814 822 -4
815 823 1
816 824 1
821 829 2
822 830 4
823 831 -4
824 832 -1
829 837 1
830 838 -1
831 839 -1
832 840 -1
837 845 -2
838 846 -4
839 847 4
840 848 4
845 853 1
846 854 1
847 855 -1
848 856 4
853 861 -1
854 862 -2
855 863 -1
856 864 -1
869 877 -4
870 878 1
871 879 -4
872 880 4
877 885 -4
878 886 2
879 887 1
880 888 -4
885 893 -1
886 894 2
887 895 1
888 896 -4
893 901 -4
894 902 1
895 903 2
896 904 -4
901 909 -4
902 910 4
903 911 -2
904 912 -4
909 917 -4
910 918 2
911 919 -4
912 920 1
917 925 1
918 926 -4
919 927 2
920 928 -4
925 933 -4
926 934 -2
927 935 4
928 936 4
933 941 2
934 942 -1
935 943 2
936 944 -4
941 949 2
942 950 -2
943 951 -1
944 952 -4
949 957 4
950 958 4
951 959 -1
952 960 -1
965 973 2
966 974 -2
967 975 4
968 976 -2
973 981 -4
974 982 4
975 983 1
976 984 1
981 989 2
982 990 4
983 991 2
984 992 -4
989 997 4
990 998 1
991 999 -2
992 1000 -4
997 1005 -1
998 1006 4
999 1007 -1
1000 1008 -4
1005 1013 1
1006 1014 4
1007 1015 2
1008 1016 2
1013 1021 -4
1014 1022 -4
1015 1023 4
1016 1024 1
1021 1029 4
1022 1030 -4
1023 1031 4
1024 1032 -2
1029 1037 4
1030 1038 2
1031 1039 4
1032 1040 -4
1037 1045 4
1038 1046 -1
1039 1047 2
1040 1048 -1
1045 1053 -4
1046 1054 2
1047 1055 1
1048 1056 4
1061 1069 4
1062 1070 -2
1063 1071 -1
1064 1072 -1
1069 1077 4
1070 1078 -2
1071 1079 -4
1072 1080 1
1077 1085 2
1078 1086 2
1079 1087 4
1080 1088 1
1085 1093 -4
1086 1094 -2
1087 1095 -1
1088 1096 -2
1093 1101 -1
1094 1102 -2
1095 1103 4
1096 1104 4
1101 1109 1
1102 1110 -4
1103 1111 1
1104 1112 2
1109 1117 1
1110 1118 -1
1111 1119 4
1112 1120 1
1117 1125 -2
1118 1126 -4
1119 1127 -2
1120 1128 1
1125 1133 -1
1126 1134 -1
1127 1135 1
1128 1136 1
1133 1141 -2
1134 1142 4
1135 1143 4
1136 1144 1
1141 1149 4
1142 1150 -1
1143 1151 2
1144 1152 -1
1 97 1
2 98 -2
3 99 -4
4 100 -1
97 193 2
98 194 1
99 195 1
100 196 2
193 289 -1
194 290 1
195 291 1
196 292 2
289 385 -4
290 386 1
291 387 4
292 388 4
385 481 -4
386 482 2
387 483 -2
388 484 -1
481 577 -2
482 578 1
483 579 -2
484 580 2
577 673 1
578 674 4
579 675 -4
580 676 2
673 769 -1
674 770 -1
675 771 -2
676 772 2
769 865 4
770 866 2
771 867 4
772 868 -2
865 961 -2
866 962 1
867 963 4
868 964 -2
961 1057 -2
962 1058 -2
963 1059 -1
964 1060 -2
9 105 -1
10 106 -2
11 107 -1
12 108 -2
105 201 1
106 202 4
107 203 4
108 204 -2
201 297 2
202 298 -2
203 299 2
204 300 -2
297 393 2
298 394 2
299 395 -2
300 396 4
393 489 -4
394 490 -2
395 491 1
396 492 -2
489 585 2
490 586 -2
491 587 4
492 588 -4
585 681 -4
586 682 2
587 683 2
588 684 2
681 777 2
682 778 -4
683 779 -4
684 780 1
777 873 2
778 874 -4
779 875 1
780 876 -2
873 969 -4
874 970 -4
875 971 1
876 972 -1
969 1065 -4
970 1066 -1
971 1067 4
972 1068 4
17 113 1
18 114 1
19 115 -2
20 116 -4
113 209 4
114 210 -4
115 211 -4
116 212 1
209 305 4
210 306 4
211 307 2
212 308 -4
305 401 1
306 402 4
307 403 4
308 404 4
401 497 2
402 498 -4
403 499 -2
404 500 2
497 593 -4
498 594 -1
499 595 -2
500 596 -1
593 689 2
594 690 -4
595 691 -2
596 692 -4
689 785 -1
690 786 4
691 787 2
692 788 1
785 881 2
786 882 4
787 883 2
788 884 1
881 977 4
882 978 4
883 979 -1
884 980 4
977 1073 2
978 1074 1
979 1075 -4
980 1076 -2
25 121 2
26 122 1
27 123 -4
28 124 4
121 217 4
122 218 1
123 219 -2
124 220 2
217 313 4
218 314 -4
219 315 -4
220 316 -4
313 409 -4
314 410 2
315 411 1
316 412 -4
409 505 -2
410 506 -2
411 507 1
412 508 -2
505 601 4
506 602 -1
507 603 1
508 604 -2
601 697 2
602 698 -4
603 699 -1
604 700 2
697 793 1
698 794 -2
699 795 -4
700 796 2
793 889 -4
794 890 -2
795 891 -1
796 892 -4
889 985 2
890 986 1
891 987 -2
892 988 -1
985 1081 2
986 1082 -2
987 1083 -1
988 1084 4
33 129 -1
34 130 -2
35 131 -2
36 132 2
129 225 4
130 226 -2
131 227 -4
132 228 1
225 321 -2
226 322 1
227 323 4
228 324 -2
321 417 -4
322 418 -1
323 419 -4
324 420 1
417 513 -4
418 514 1
419 515 2
420 516 4
513 609 -2
514 610 2
515 611 -2
516 612 -2
609 705 -2
610 706 -1
611 707 -2
612 708 4
705 801 2
706 802 -1
707 803 1
708 804 2
801 897 1
802 898 -1
803 899 2
804 900 -1
897 993 4
898 994 1
899 995 1
900 996 2
993 1089 -2
994 1090 -1
995 1091 -2
996 1092 2
41 137 1
42 138 2
43 139 -1
44 140 -4
137 233 -1
138 234 -4
139 235 1
140 236 4
233 329 2
234 330 -1
235 331 2
236 332 4
329 425 4
330 426 2
331 427 2
332 428 -4
425 521 2
426 522 2
427 523 -4
428 524 4
521 617 -2
522 618 4
523 619 2
524 620 -4
617 713 1
618 714 1
619 715 2
620 716 -2
713 809 1
714 810 4
715 811 -4
716 812 -4
809 905 -1
810 906 2
811 907 -1
812 908 -2
905 1001 -1
906 1002 4
907 1003 2
908 1004 -1
1001 1097 -4
1002 1098 2
1003 1099 2
1004 1100 2
49 145 1
50 146 -4
51 147 4
52 148 4
145 241 1
146 242 -1
147 243 2
148 244 1
241 337 -2
242 338 -1
243 339 -4
244 340 2
337 433 -2
338 434 -4
339 435 1
340 436 -2
433 529 2
434 530 1
435 531 -1
436 532 2
529 625 4
530 626 -4
531 627 -4
532 628 -1
625 721 -4
626 722 2
627 723 -1
628 724 -2
721 817 -1
722 818 -2
723 819 4
724 820 -1
817 913 -1
818 914 2
819 915 1
820 916 -1
913 1009 1
914 1010 -2
915 1011 1
916 1012 -4
1009 1105 -1
1010 1106 -4
1011 1107 2
1012 1108 -2
57 153 2
58 154 4
59 155 1
60 156 2
153 249 -4
154 250 -1
155 251 -1
156 252 1
249 345 2
250 346 -2
251 347 4
252 348 -4
345 441 -1
346 442 4
347 443 -2
348 444 -1
441 537 -1
442 538 1
443 539 1
444 540 -1
537 633 -1
538 634 -4
539 635 4
540 636 -1
633 729 1
634 730 4
635 731 4
636 732 4
729 825 -1
730 826 1
731 827 -4
732 828 -1
825 921 4
826 922 4
827 923 1
828 924 -2
921 1017 1
922 1018 2
923 1019 1
924 1020 -2
1017 1113 -4
1018 1114 2
1019 1115 2
1020 1116 2
65 161 -4
66 162 1
67 163 1
68 164 -1
161 257 1
162 258 -1
163 259 1
164 260 4
257 353 1
258 354 2
259 355 2
260 356 -2
353 449 -1
354 450 4
355 451 1
356 452 -1
449 545 2
450 546 2
451 547 -2
452 548 1
545 641 2
546 642 4
547 643 -4
548 644 1
641 737 2
642 738 1
643 739 -1
644 740 -2
737 833 -1
738 834 -1
739 835 1
740 836 2
833 929 -4
834 930 2
835 931 1
836 932 -1
929 1025 -1
930 1026 4
931 1027 -2
932 1028 -2
1025 1121 4
1026 1122 4
1027 1123 -4
1028 1124 1
73 169 4
74 170 -2
75 171 -1
76 172 -2
169 265 1
170 266 -2
171 267 4
172 268 4
265 361 -1
266 362 2
267 363 1
268 364 -2
361 457 -1
362 458 4
363 459 2
364 460 -2
457 553 -4
458 554 -1
459 555 -2
460 556 2
553 649 4
554 650 1
555 651 -1
556 652 2
649 745 -4
650 746 -2
651 747 -2
652 748 -2
745 841 -1
746 842 -1
747 843 -4
748 844 -2
841 937 4
842 938 -2
843 939 1
844 940 4
937 1033 -1
938 1034 1
939 1035 -4
940 1036 -4
1033 1129 -4
1034 1130 4
1035 1131 4
1036 1132 1
81 177 1
82 178 -1
83 179 2
84 180 2
177 273 -4
178 274 2
179 275 -4
180 276 1
273 369 4
274 370 -1
275 371 -1
276 372 4
369 465 -2
370 466 2
371 467 2
372 468 -4
465 561 2
466 562 1
467 563 -4
468 564 4
561 657 -4
562 658 -2
563 659 2
564 660 1
657 753 -4
658 754 1
659 755 2
660 756 2
753 849 -4
754 850 -2
755 851 1
756 852 -1
849 945 2
850 946 1
851 947 -1
852 948 2
945 1041 -2
946 1042 -1
947 1043 -2
948 1044 -1
1041 1137 2
1042 1138 4
1043 1139 4
1044 1140 -1
89 185 1
90 186 2
91 187 -4
92 188 2
185 281 -2
186 282 -2
187 283 -4
188 284 4
281 377 -2
282 378 -2
283 379 4
284 380 -2
377 473 2
378 474 4
379 475 -1
380 476 4
473 569 4
474 570 -4
475 571 -1
476 572 -4
569 665 1
570 666 2
571 667 -1
572 668 -1
665 761 1
666 762 -1
667 763 4
668 764 -2
761 857 2
762 858 -1
763 859 -4
764 860 -4
857 953 -4
858 954 -2
859 955 -1
860 956 -1
953 1049 1
954 1050 4
955 1051 4
956 1052 1
1049 1145 -2
1050 1146 -2
1051 1147 -4
1052 1148 1
