#
1 5 -2
1 6 -2
1 7 -1
1 8 4
2 5 4
2 6 2
2 7 2
2 8 -1
3 5 2
3 6 -4
3 7 -1
3 8 1
4 5 4
4 6 -1
4 7 4
4 8 4
9 13 4
9 14 -2
9 15 2
9 16 2
10 13 2
10 14 2
10 15 -2
10 16 1
11 13 -2
11 14 -4
11 15 -4
11 16 -2
12 13 1
12 14 4
12 15 -2
12 16 2
17 21 -2
17 22 -2
17 23 -4
17 24 -1
18 21 -1
18 22 -4
18 23 -4
18 24 1
19 21 4
19 22 -4
19 23 1
19 24 -1
20 21 2
20 22 -4
20 23 -2
20 24 -2
25 29 -4
25 30 4
25 31 4
25 32 2
26 29 4
26 30 1
26 31 -2
26 32 -1
27 29 -1
27 30 2
27 31 4
27 32 2
28 29 -1
28 30 -4
28 31 -2
28 32 -1
33 37 2
33 38 -1
33 39 4
33 40 4
34 37 -2
34 38 1
34 39 -2
34 40 4
35 37 1
35 38 -2
35 39 -1
35 40 -4
36 37 -2
36 38 -4
36 39 -4
36 40 4
41 45 2
41 46 -2
41 47 1
41 48 1
42 45 4
42 46 1
42 47 -4
42 48 2
43 45 -1
43 46 1
43 47 2
43 48 -1
44 45 -4
44 46 -2
44 47 1
44 48 -1
49 53 -4
49 54 -1
49 55 -2
49 56 -1
50 53 4
50 54 4
50 55 4
50 56 1
51 53 2
51 54 4
51 55 4
51 56 -1
52 53 -1
52 54 4
52 55 1
52 56 2
57 61 2
57 62 -4
57 63 -2
57 64 -1
58 61 4
58 62 -1
58 63 -4
58 64 -2
59 61 4
59 62 1
59 63 4
59 64 4
60 61 -2
60 62 -4
60 63 -4
60 64 -2
65 69 -4
65 70 -1
65 71 -4
65 72 1
66 69 -4
66 70 1
66 71 -4
66 72 -1
67 69 -2
67 70 4
67 71 -2
67 72 2
68 69 -1
68 70 2
68 71 2
68 72 2
73 77 2
73 78 1
73 79 -2
73 80 -4
74 77 -1
74 78 -2
74 79 2
74 80 2
75 77 -1
75 78 4
75 79 1
75 80 -2
76 77 2
76 78 -4
76 79 1
76 80 2
81 85 1
81 86 1
81 87 -1
81 88 -4
82 85 -1
82 86 -2
82 87 2
82 88 -1
83 85 2
83 86 4
83 87 -2
83 88 2
84 85 -2
84 86 -1
84 87 2
84 88 -2
89 93 -4
89 94 1
89 95 2
89 96 2
90 93 4
90 94 1
90 95 -2
90 96 -2
91 93 1
91 94 -1
91 95 2
91 96 2
92 93 2
92 94 -2
92 95 4
92 96 -1
97 101 -4
97 102 -2
97 103 -1
97 104 -2
98 101 -4
98 102 -1
98 103 -2
98 104 -4
99 101 -1
99 102 1
99 103 4
99 104 2
100 101 1
100 102 -1
100 103 4
100 104 -2
105 109 2
105 110 -1
105 111 4
105 112 -2
106 109 2
106 110 1
106 111 -4
106 112 4
107 109 -2
107 110 1
107 111 -4
107 112 1
108 109 -2
108 110 2
108 111 2
108 112 4
113 117 2
113 118 4
113 119 2
113 120 4
114 117 -2
114 118 -1
114 119 2
114 120 4
115 117 -2
115 118 1
115 119 1
115 120 4
116 117 1
116 118 2
116 119 -1
116 120 -4
121 125 4
121 126 -4
121 127 1
121 128 -1
122 125 -1
122 126 4
122 127 -4
122 128 -2
123 125 -1
123 126 -4
123 127 -2
123 128 2
124 125 1
124 126 2
124 127 1
124 128 -4
129 133 1
129 134 1
129 135 -4
129 136 -2
130 133 -2
130 134 -2
130 135 -2
130 136 4
131 133 -4
131 134 -4
131 135 2
131 136 1
132 133 1
132 134 -1
132 135 -1
132 136 2
137 141 -1
137 142 1
137 143 1
137 144 1
138 141 1
138 142 4
138 143 -1
138 144 1
139 141 -2
139 142 -4
139 143 -4
139 144 2
140 141 -2
140 142 4
140 143 -4
140 144 2
145 149 -4
145 150 -1
145 151 -4
145 152 -2
146 149 4
146 150 -2
146 151 2
146 152 1
147 149 1
147 150 4
147 151 -4
147 152 -1
148 149 4
148 150 -2
148 151 2
148 152 -4
153 157 2
153 158 -4
153 159 -1
153 160 -2
154 157 2
154 158 -1
154 159 1
154 160 -4
155 157 -4
155 158 1
155 159 1
155 160 -4
156 157 2
156 158 -4
156 159 -4
156 160 -1
161 165 -4
161 166 -1
161 167 -1
161 168 2
162 165 4
162 166 4
162 167 2
162 168 -1
163 165 2
163 166 2
163 167 1
163 168 -1
164 165 2
164 166 -2
164 167 -2
164 168 -4
169 173 -1
169 174 4
169 175 -1
169 176 1
170 173 1
170 174 4
170 175 1
170 176 -1
171 173 -4
171 174 4
171 175 -2
171 176 -1
172 173 -1
172 174 -1
172 175 -2
172 176 2
177 181 -2
177 182 2
177 183 -4
177 184 -1
178 181 -1
178 182 -4
178 183 2
178 184 2
179 181 -1
179 182 1
179 183 4
179 184 4
180 181 2
180 182 -4
180 183 -2
180 184 -2
185 189 1
185 190 -4
185 191 2
185 192 -4
186 189 1
186 190 -2
186 191 1
186 192 -4
187 189 -1
187 190 2
187 191 -2
187 192 4
188 189 2
188 190 -1
188 191 -1
188 192 -1
193 197 -1
193 198 1
193 199 -2
193 200 -4
194 197 -4
194 198 1
194 199 -2
194 200 -1
195 197 4
195 198 -2
195 199 1
195 200 1
196 197 1
196 198 -1
196 199 -1
196 200 -1
201 205 -1
201 206 -2
201 207 2
201 208 1
202 205 1
202 206 -4
202 207 -4
202 208 4
203 205 4
203 206 -1
203 207 -4
203 208 2
204 205 4
204 206 2
204 207 1
204 208 -2
209 213 -1
209 214 -1
209 215 1
209 216 -2
210 213 1
210 214 -1
210 215 2
210 216 4
211 213 -4
211 214 -2
211 215 -2
211 216 2
212 213 4
212 214 -2
212 215 2
212 216 4
217 221 4
217 222 -1
217 223 4
217 224 -1
218 221 -4
218 222 1
218 223 1
218 224 2
219 221 1
219 222 4
219 223 1
219 224 1
220 221 -4
220 222 -2
220 223 -1
220 224 4
225 229 1
225 230 4
225 231 -1
225 232 4
226 229 2
226 230 1
226 231 -4
226 232 -4
227 229 -2
227 230 -1
227 231 4
227 232 2
228 229 2
228 230 -1
228 231 -4
228 232 1
233 237 -2
233 238 -1
233 239 2
233 240 4
234 237 -2
234 238 4
234 239 2
234 240 -2
235 237 1
235 238 1
235 239 -2
235 240 -1
236 237 1
236 238 -4
236 239 1
236 240 4
241 245 1
241 246 -1
241 247 1
241 248 -1
242 245 -2
242 246 -1
242 247 2
242 248 -2
243 245 -1
243 246 -1
243 247 -4
243 248 -1
244 245 1
244 246 -2
244 247 -4
244 248 -4
249 253 -4
249 254 2
249 255 4
249 256 -2
250 253 -1
250 254 -1
250 255 -2
250 256 2
251 253 4
251 254 4
251 255 2
251 256 -4
252 253 4
252 254 -1
252 255 -1
252 256 -2
257 261 -1
257 262 2
257 263 1
257 264 -2
258 261 -1
258 262 2
258 263 -2
258 264 2
259 261 -1
259 262 1
259 263 -2
259 264 2
260 261 -1
260 262 -4
260 263 1
260 264 1
265 269 1
265 270 -1
265 271 1
265 272 4
266 269 4
266 270 -2
266 271 2
266 272 1
267 269 -2
267 270 1
267 271 -1
267 272 2
268 269 2
268 270 -2
268 271 2
268 272 1
273 277 2
273 278 4
273 279 -2
273 280 4
274 277 4
274 278 1
274 279 1
274 280 -1
275 277 -4
275 278 -2
275 279 1
275 280 -2
276 277 -4
276 278 1
276 279 4
276 280 1
281 285 -2
281 286 -4
281 287 1
281 288 1
282 285 -2
282 286 -2
282 287 2
282 288 -2
283 285 -4
283 286 1
283 287 2
283 288 1
284 285 4
284 286 -1
284 287 -1
284 288 -2
289 293 1
289 294 -4
289 295 -1
289 296 2
290 293 -4
290 294 1
290 295 -1
290 296 -2
291 293 -1
291 294 -4
291 295 -1
291 296 -2
292 293 -1
292 294 2
292 295 -1
292 296 -2
297 301 4
297 302 -2
297 303 1
297 304 4
298 301 4
298 302 1
298 303 1
298 304 1
299 301 4
299 302 -2
299 303 -4
299 304 -2
300 301 2
300 302 -2
300 303 1
300 304 -2
305 309 2
305 310 -1
305 311 4
305 312 -4
306 309 2
306 310 -4
306 311 4
306 312 -1
307 309 -2
307 310 -1
307 311 1
307 312 -2
308 309 -4
308 310 4
308 311 1
308 312 4
313 317 2
313 318 -2
313 319 -4
313 320 2
314 317 -2
314 318 -2
314 319 -1
314 320 4
315 317 -1
315 318 4
315 319 1
315 320 4
316 317 2
316 318 4
316 319 -1
316 320 1
321 325 1
321 326 4
321 327 1
321 328 -4
322 325 2
322 326 2
322 327 -4
322 328 2
323 325 4
323 326 1
323 327 -1
323 328 -1
324 325 -2
324 326 4
324 327 1
324 328 1
329 333 -4
329 334 -4
329 335 -2
329 336 4
330 333 4
330 334 -2
330 335 4
330 336 -1
331 333 1
331 334 -2
331 335 -1
331 336 2
332 333 -1
332 334 -2
332 335 -2
332 336 -2
337 341 4
337 342 4
337 343 -4
337 344 2
338 341 4
338 342 -1
338 343 1
338 344 -1
339 341 2
339 342 -2
339 343 -2
339 344 1
340 341 4
340 342 -4
340 343 1
340 344 -4
345 349 2
345 350 -2
345 351 1
345 352 -4
346 349 -2
346 350 2
346 351 -4
346 352 1
347 349 -2
347 350 2
347 351 -1
347 352 2
348 349 2
348 350 -1
348 351 1
348 352 4
353 357 2
353 358 2
353 359 -2
353 360 -2
354 357 4
354 358 2
354 359 -1
354 360 1
355 357 -4
355 358 -2
355 359 2
355 360 -2
356 357 1
356 358 -2
356 359 -1
356 360 -2
361 365 2
361 366 2
361 367 -1
361 368 -1
362 365 2
362 366 2
362 367 -1
362 368 -4
363 365 -1
363 366 -1
363 367 -1
363 368 4
364 365 -4
364 366 2
364 367 -2
364 368 -1
369 373 -1
369 374 4
369 375 -4
369 376 1
370 373 -4
370 374 2
370 375 4
370 376 -4
371 373 -2
371 374 -1
371 375 -4
371 376 -4
372 373 -4
372 374 1
372 375 -4
372 376 -2
377 381 -4
377 382 1
377 383 -4
377 384 -2
378 381 4
378 382 -1
378 383 -1
378 384 1
379 381 1
379 382 4
379 383 4
379 384 -2
380 381 2
380 382 -2
380 383 4
380 384 4
385 389 -4
385 390 4
385 391 -4
385 392 2
386 389 -1
386 390 4
386 391 4
386 392 1
387 389 4
387 390 -1
387 391 4
387 392 2
388 389 -4
388 390 -1
388 391 2
388 392 -1
393 397 2
393 398 -2
393 399 -1
393 400 4
394 397 2
394 398 -4
394 399 -2
394 400 -1
395 397 -2
395 398 1
395 399 -1
395 400 2
396 397 4
396 398 1
396 399 -4
396 400 2
401 405 -2
401 406 1
401 407 2
401 408 1
402 405 -2
402 406 4
402 407 2
402 408 1
403 405 1
403 406 2
403 407 2
403 408 1
404 405 -1
404 406 4
404 407 2
404 408 4
409 413 -1
409 414 -2
409 415 1
409 416 4
410 413 -4
410 414 2
410 415 4
410 416 4
411 413 2
411 414 1
411 415 -2
411 416 1
412 413 -1
412 414 -2
412 415 4
412 416 -2
417 421 2
417 422 2
417 423 -2
417 424 2
418 421 -2
418 422 1
418 423 -1
418 424 2
419 421 4
419 422 4
419 423 -4
419 424 -2
420 421 4
420 422 2
420 423 2
420 424 -4
425 429 -4
425 430 1
425 431 -4
425 432 1
426 429 -4
426 430 -2
426 431 2
426 432 -1
427 429 2
427 430 1
427 431 -2
427 432 1
428 429 2
428 430 2
428 431 -4
428 432 -4
433 437 -2
433 438 4
433 439 4
433 440 -1
434 437 4
434 438 1
434 439 1
434 440 -2
435 437 -4
435 438 2
435 439 4
435 440 4
436 437 -4
436 438 2
436 439 4
436 440 4
441 445 -1
441 446 -4
441 447 1
441 448 -4
442 445 -4
442 446 1
442 447 4
442 448 4
443 445 1
443 446 -4
443 447 1
443 448 2
444 445 1
444 446 1
444 447 -4
444 448 4
449 453 4
449 454 4
449 455 1
449 456 1
450 453 2
450 454 1
450 455 4
450 456 4
451 453 -2
451 454 -1
451 455 -1
451 456 2
452 453 1
452 454 -4
452 455 -2
452 456 4
457 461 -1
457 462 -2
457 463 -2
457 464 -2
458 461 -2
458 462 -4
458 463 -2
458 464 -1
459 461 -2
459 462 1
459 463 4
459 464 -2
460 461 -4
460 462 2
460 463 2
460 464 -4
465 469 4
465 470 -1
465 471 4
465 472 2
466 469 -4
466 470 4
466 471 -2
466 472 1
467 469 -2
467 470 -2
467 471 -2
467 472 -4
468 469 4
468 470 4
468 471 -1
468 472 -1
473 477 -2
473 478 4
473 479 4
473 480 2
474 477 4
474 478 4
474 479 2
474 480 -2
475 477 -1
475 478 -1
475 479 -4
475 480 -1
476 477 1
476 478 1
476 479 -1
476 480 -1
481 485 1
481 486 4
481 487 4
481 488 1
482 485 2
482 486 -2
482 487 -1
482 488 -2
483 485 -2
483 486 -2
483 487 -1
483 488 1
484 485 1
484 486 4
484 487 -2
484 488 4
489 493 -1
489 494 -2
489 495 1
489 496 2
490 493 4
490 494 -2
490 495 -4
490 496 4
491 493 -2
491 494 -1
491 495 4
491 496 -2
492 493 -4
492 494 1
492 495 -2
492 496 2
497 501 -4
497 502 4
497 503 -2
497 504 -4
498 501 1
498 502 1
498 503 -1
498 504 1
499 501 2
499 502 2
499 503 4
499 504 1
500 501 1
500 502 -1
500 503 2
500 504 2
505 509 -1
505 510 -1
505 511 -2
505 512 1
506 509 1
506 510 -2
506 511 -1
506 512 -4
507 509 1
507 510 -4
507 511 -4
507 512 -4
508 509 -1
508 510 2
508 511 -4
508 512 -2
513 517 -4
513 518 2
513 519 -1
513 520 -4
514 517 2
514 518 2
514 519 2
514 520 1
515 517 -1
515 518 -4
515 519 -1
515 520 2
516 517 -1
516 518 2
516 519 1
516 520 -2
521 525 -4
521 526 2
521 527 -1
521 528 2
522 525 1
522 526 -2
522 527 1
522 528 -2
523 525 2
523 526 -1
523 527 2
523 528 -1
524 525 -4
524 526 -2
524 527 2
524 528 -2
529 533 -1
529 534 -1
529 535 -2
529 536 -1
530 533 1
530 534 2
530 535 4
530 536 -2
531 533 1
531 534 1
531 535 -1
531 536 -4
532 533 2
532 534 4
532 535 1
532 536 -1
537 541 2
537 542 -4
537 543 1
537 544 -1
538 541 -4
538 542 2
538 543 -2
538 544 -1
539 541 2
539 542 -1
539 543 -2
539 544 1
540 541 -1
540 542 -1
540 543 -4
540 544 -2
545 549 -1
545 550 -2
545 551 2
545 552 2
546 549 2
546 550 -4
546 551 -1
546 552 4
547 549 2
547 550 4
547 551 4
547 552 2
548 549 -4
548 550 2
548 551 2
548 552 -4
553 557 -1
553 558 1
553 559 1
553 560 1
554 557 -2
554 558 -1
554 559 -4
554 560 -1
555 557 4
555 558 1
555 559 2
555 560 -4
556 557 4
556 558 4
556 559 2
556 560 4
561 565 -1
561 566 -4
561 567 -2
561 568 -2
562 565 2
562 566 4
562 567 4
562 568 4
563 565 4
563 566 -2
563 567 2
563 568 4
564 565 -1
564 566 -4
564 567 -2
564 568 -2
569 573 1
569 574 -1
569 575 -2
569 576 -4
570 573 -4
570 574 4
570 575 -1
570 576 2
571 573 -4
571 574 4
571 575 -1
571 576 2
572 573 -1
572 574 -2
572 575 -4
572 576 -1
577 581 -4
577 582 -1
577 583 -2
577 584 2
578 581 -2
578 582 1
578 583 1
578 584 2
579 581 -2
579 582 -4
579 583 1
579 584 2
580 581 -2
580 582 -1
580 583 -4
580 584 -4
585 589 -4
585 590 4
585 591 2
585 592 -2
586 589 1
586 590 1
586 591 2
586 592 -4
587 589 -1
587 590 -2
587 591 -1
587 592 1
588 589 4
588 590 2
588 591 -4
588 592 -4
593 597 1
593 598 -4
593 599 4
593 600 1
594 597 4
594 598 -4
594 599 -1
594 600 2
595 597 -2
595 598 4
595 599 1
595 600 -2
596 597 2
596 598 1
596 599 1
596 600 -1
601 605 1
601 606 1
601 607 -1
601 608 -1
602 605 2
602 606 -1
602 607 1
602 608 -4
603 605 -2
603 606 1
603 607 4
603 608 1
604 605 2
604 606 -1
604 607 2
604 608 2
609 613 2
609 614 2
609 615 -1
609 616 -2
610 613 1
610 614 4
610 615 1
610 616 -4
611 613 4
611 614 -2
611 615 4
611 616 -2
612 613 2
612 614 1
612 615 1
612 616 -2
617 621 -1
617 622 2
617 623 1
617 624 -2
618 621 -4
618 622 1
618 623 1
618 624 2
619 621 -1
619 622 -1
619 623 2
619 624 1
620 621 2
620 622 2
620 623 2
620 624 2
625 629 -1
625 630 2
625 631 -1
625 632 4
626 629 -1
626 630 -4
626 631 1
626 632 -2
627 629 4
627 630 1
627 631 4
627 632 -4
628 629 1
628 630 -2
628 631 1
628 632 -2
633 637 4
633 638 1
633 639 -2
633 640 1
634 637 -2
634 638 -2
634 639 -2
634 640 -1
635 637 1
635 638 -2
635 639 4
635 640 1
636 637 -4
636 638 4
636 639 -1
636 640 -2
641 645 -1
641 646 -1
641 647 -1
641 648 2
642 645 -1
642 646 -2
642 647 1
642 648 -4
643 645 -4
643 646 1
643 647 1
643 648 -4
644 645 -2
644 646 -4
644 647 1
644 648 1
649 653 -1
649 654 1
649 655 4
649 656 -2
650 653 2
650 654 1
650 655 -1
650 656 4
651 653 4
651 654 -4
651 655 4
651 656 -2
652 653 1
652 654 2
652 655 4
652 656 1
657 661 -2
657 662 4
657 663 4
657 664 -1
658 661 1
658 662 4
658 663 4
658 664 -2
659 661 -4
659 662 1
659 663 4
659 664 -2
660 661 -4
660 662 -1
660 663 4
660 664 -2
665 669 1
665 670 1
665 671 1
665 672 4
666 669 -4
666 670 -1
666 671 -2
666 672 -4
667 669 -1
667 670 2
667 671 4
667 672 -1
668 669 2
668 670 4
668 671 -2
668 672 4
673 677 1
673 678 2
673 679 1
673 680 1
674 677 -2
674 678 2
674 679 -1
674 680 1
675 677 1
675 678 -1
675 679 -1
675 680 -2
676 677 -2
676 678 -1
676 679 2
676 680 -2
681 685 4
681 686 -4
681 687 1
681 688 2
682 685 -1
682 686 1
682 687 4
682 688 -1
683 685 -2
683 686 -1
683 687 -1
683 688 -4
684 685 4
684 686 -2
684 687 -1
684 688 2
689 693 1
689 694 1
689 695 -2
689 696 -4
690 693 -1
690 694 -4
690 695 -2
690 696 -1
691 693 -1
691 694 1
691 695 4
691 696 -1
692 693 -4
692 694 4
692 695 2
692 696 -2
697 701 -2
697 702 -2
697 703 2
697 704 -2
698 701 -4
698 702 1
698 703 1
698 704 4
699 701 4
699 702 1
699 703 2
699 704 -4
700 701 -4
700 702 4
700 703 2
700 704 -2
705 709 -1
705 710 -1
705 711 4
705 712 -1
706 709 -1
706 710 -2
706 711 4
706 712 2
707 709 -1
707 710 -4
707 711 2
707 712 4
708 709 4
708 710 1
708 711 4
708 712 -1
713 717 4
713 718 1
713 719 4
713 720 4
714 717 -2
714 718 1
714 719 2
714 720 -4
715 717 -1
715 718 -2
715 719 1
715 720 -2
716 717 4
716 718 2
716 719 -2
716 720 -1
721 725 1
721 726 -2
721 727 -4
721 728 -4
722 725 1
722 726 1
722 727 -2
722 728 4
723 725 4
723 726 2
723 727 4
723 728 2
724 725 2
724 726 -4
724 727 4
724 728 4
729 733 4
729 734 2
729 735 -1
729 736 -1
730 733 2
730 734 1
730 735 -4
730 736 -4
731 733 -2
731 734 -1
731 735 -1
731 736 -2
732 733 -4
732 734 -4
732 735 2
732 736 -2
737 741 -4
737 742 1
737 743 -4
737 744 2
738 741 4
738 742 -4
738 743 2
738 744 -1
739 741 4
739 742 -4
739 743 -2
739 744 4
740 741 -1
740 742 4
740 743 1
740 744 -1
745 749 1
745 750 2
745 751 -4
745 752 -2
746 749 -2
746 750 1
746 751 1
746 752 2
747 749 1
747 750 -2
747 751 2
747 752 -1
748 749 -2
748 750 -4
748 751 -4
748 752 -1
753 757 -4
753 758 1
753 759 1
753 760 -1
754 757 -2
754 758 4
754 759 1
754 760 -4
755 757 2
755 758 -1
755 759 -1
755 760 -1
756 757 1
756 758 1
756 759 1
756 760 -4
761 765 -4
761 766 2
761 767 -4
761 768 2
762 765 4
762 766 -1
762 767 4
762 768 2
763 765 -4
763 766 -2
763 767 1
763 768 4
764 765 -4
764 766 1
764 767 4
764 768 -4
769 773 -4
769 774 -1
769 775 1
769 776 -4
770 773 -4
770 774 -4
770 775 2
770 776 4
771 773 -4
771 774 4
771 775 -1
771 776 2
772 773 4
772 774 1
772 775 4
772 776 1
777 781 -1
777 782 -2
777 783 4
777 784 -1
778 781 1
778 782 -4
778 783 -4
778 784 2
779 781 4
779 782 4
779 783 4
779 784 2
780 781 4
780 782 -1
780 783 -4
780 784 1
785 789 1
785 790 1
785 791 -2
785 792 4
786 789 4
786 790 4
786 791 2
786 792 2
787 789 -2
787 790 2
787 791 -1
787 792 1
788 789 -2
788 790 4
788 791 -4
788 792 -4
793 797 -2
793 798 -2
793 799 2
793 800 2
794 797 -4
794 798 4
794 799 2
794 800 4
795 797 2
795 798 -2
795 799 4
795 800 -1
796 797 -2
796 798 -1
796 799 -1
796 800 4
801 805 -2
801 806 4
801 807 1
801 808 -1
802 805 2
802 806 -1
802 807 -4
802 808 4
803 805 4
803 806 -1
803 807 4
803 808 -2
804 805 -1
804 806 1
804 807 4
804 808 2
809 813 1
809 814 -1
809 815 -2
809 816 -4
810 813 -4
810 814 1
810 815 -4
810 816 -1
811 813 -4
811 814 -2
811 815 -1
811 816 1
812 813 2
812 814 2
812 815 4
812 816 -4
817 821 2
817 822 -4
817 823 -2
817 824 -4
818 821 -1
818 822 1
818 823 -1
818 824 2
819 821 -2
819 822 4
819 823 4
819 824 1
820 821 2
820 822 -2
820 823 -4
820 824 1
825 829 1
825 830 -1
825 831 4
825 832 -1
826 829 -2
826 830 4
826 831 4
826 832 -4
827 829 1
827 830 -1
827 831 -4
827 832 2
828 829 -4
828 830 -2
828 831 -4
828 832 -1
833 837 4
833 838 -4
833 839 -2
833 840 1
834 837 -4
834 838 4
834 839 4
834 840 1
835 837 -4
835 838 4
835 839 -2
835 840 1
836 837 2
836 838 2
836 839 -2
836 840 2
841 845 -2
841 846 -4
841 847 1
841 848 -2
842 845 4
842 846 -1
842 847 -2
842 848 1
843 845 -2
843 846 2
843 847 -2
843 848 -2
844 845 4
844 846 1
844 847 4
844 848 2
849 853 -1
849 854 4
849 855 -4
849 856 -2
850 853 1
850 854 1
850 855 1
850 856 1
851 853 -2
851 854 1
851 855 -2
851 856 -4
852 853 -2
852 854 -1
852 855 -2
852 856 2
857 861 1
857 862 -1
857 863 1
857 864 1
858 861 -4
858 862 2
858 863 -2
858 864 -1
859 861 -4
859 862 -2
859 863 4
859 864 -2
860 861 -1
860 862 1
860 863 1
860 864 -4
865 869 -2
865 870 4
865 871 -4
865 872 4
866 869 -2
866 870 -2
866 871 1
866 872 1
867 869 -2
867 870 -2
867 871 2
867 872 4
868 869 -1
868 870 4
868 871 -4
868 872 1
873 877 -2
873 878 1
873 879 2
873 880 -4
874 877 -1
874 878 2
874 879 -1
874 880 -1
875 877 -4
875 878 -4
875 879 2
875 880 1
876 877 -4
876 878 -1
876 879 1
876 880 1
881 885 -4
881 886 4
881 887 -4
881 888 -2
882 885 1
882 886 -2
882 887 1
882 888 -2
883 885 2
883 886 -2
883 887 2
883 888 -2
884 885 -2
884 886 -1
884 887 2
884 888 1
889 893 -1
889 894 1
889 895 -4
889 896 2
890 893 4
890 894 -2
890 895 1
890 896 -4
891 893 4
891 894 4
891 895 1
891 896 -2
892 893 2
892 894 1
892 895 -1
892 896 2
897 901 -2
897 902 4
897 903 -4
897 904 -2
898 901 1
898 902 -1
898 903 -1
898 904 -2
899 901 -1
899 902 2
899 903 -2
899 904 4
900 901 1
900 902 -1
900 903 1
900 904 2
905 909 -1
905 910 -4
905 911 1
905 912 -1
906 909 -4
906 910 -4
906 911 4
906 912 -2
907 909 1
907 910 -4
907 911 -2
907 912 1
908 909 2
908 910 -2
908 911 4
908 912 2
913 917 2
913 918 -2
913 919 -2
913 920 1
914 917 -1
914 918 1
914 919 1
914 920 4
915 917 2
915 918 2
915 919 2
915 920 4
916 917 2
916 918 4
916 919 4
916 920 4
921 925 1
921 926 2
921 927 -4
921 928 4
922 925 4
922 926 4
922 927 -1
922 928 1
923 925 4
923 926 -1
923 927 2
923 928 4
924 925 4
924 926 2
924 927 2
924 928 1
929 933 -2
929 934 -2
929 935 1
929 936 1
930 933 4
930 934 2
930 935 1
930 936 2
931 933 4
931 934 -1
931 935 4
931 936 -1
932 933 1
932 934 -2
932 935 -4
932 936 -1
937 941 -4
937 942 -4
937 943 2
937 944 2
938 941 4
938 942 -2
938 943 -2
938 944 4
939 941 -2
939 942 -1
939 943 4
939 944 2
940 941 -4
940 942 -2
940 943 1
940 944 1
945 949 -4
945 950 -4
945 951 2
945 952 -4
946 949 -2
946 950 4
946 951 4
946 952 -1
947 949 1
947 950 -1
947 951 -2
947 952 -1
948 949 4
948 950 -4
948 951 4
948 952 2
953 957 -2
953 958 4
953 959 4
953 960 -4
954 957 -4
954 958 -4
954 959 1
954 960 1
955 957 -4
955 958 4
955 959 -1
955 960 4
956 957 -2
956 958 4
956 959 -1
956 960 1
961 965 1
961 966 1
961 967 -1
961 968 -2
962 965 -1
962 966 -2
962 967 1
962 968 2
963 965 4
963 966 2
963 967 -2
963 968 -2
964 965 -4
964 966 -4
964 967 -1
964 968 4
969 973 2
969 974 -1
969 975 -2
969 976 -1
970 973 4
970 974 1
970 975 2
970 976 -2
971 973 2
971 974 -1
971 975 4
971 976 -1
972 973 -1
972 974 -4
972 975 2
972 976 -4
977 981 -2
977 982 1
977 983 2
977 984 -1
978 981 2
978 982 4
978 983 -2
978 984 -2
979 981 -2
979 982 -4
979 983 1
979 984 4
980 981 -4
980 982 2
980 983 4
980 984 1
985 989 2
985 990 1
985 991 4
985 992 -1
986 989 2
986 990 -1
986 991 1
986 992 2
987 989 1
987 990 4
987 991 -2
987 992 -1
988 989 4
988 990 -4
988 991 4
988 992 2
993 997 -1
993 998 1
993 999 -1
993 1000 -1
994 997 -4
994 998 2
994 999 -2
994 1000 -2
995 997 -2
995 998 -2
995 999 -1
995 1000 1
996 997 -4
996 998 -4
996 999 2
996 1000 -1
1001 1005 2
1001 1006 -4
1001 1007 1
1001 1008 -2
1002 1005 -2
1002 1006 1
1002 1007 1
1002 1008 4
1003 1005 -2
1003 1006 -2
1003 1007 2
1003 1008 -4
1004 1005 2
1004 1006 2
1004 1007 2
1004 1008 -1
1009 1013 4
1009 1014 -4
1009 1015 -4
1009 1016 -4
1010 1013 -1
1010 1014 1
1010 1015 1
1010 1016 1
1011 1013 1
1011 1014 2
1011 1015 -4
1011 1016 -2
1012 1013 1
1012 1014 -1
1012 1015 2
1012 1016 -2
1017 1021 2
1017 1022 2
1017 1023 -1
1017 1024 1
1018 1021 4
1018 1022 1
1018 1023 -4
1018 1024 -4
1019 1021 -1
1019 1022 2
1019 1023 4
1019 1024 2
1020 1021 4
1020 1022 -4
1020 1023 2
1020 1024 4
1025 1029 -1
1025 1030 -2
1025 1031 2
1025 1032 -4
1026 1029 2
1026 1030 4
1026 1031 -2
1026 1032 -2
1027 1029 1
1027 1030 2
1027 1031 4
1027 1032 1
1028 1029 2
1028 1030 -4
1028 1031 -4
1028 1032 -2
1033 1037 -1
1033 1038 4
1033 1039 -1
1033 1040 -4
1034 1037 4
1034 1038 1
1034 1039 4
1034 1040 -2
1035 1037 -1
1035 1038 -1
1035 1039 -2
1035 1040 -1
1036 1037 -2
1036 1038 2
1036 1039 -1
1036 1040 -1
1041 1045 1
1041 1046 -1
1041 1047 1
1041 1048 -1
1042 1045 -1
1042 1046 2
1042 1047 -2
1042 1048 -4
1043 1045 -2
1043 1046 -2
1043 1047 4
1043 1048 -4
1044 1045 -1
1044 1046 -2
1044 1047 1
1044 1048 -1
1049 1053 -4
1049 1054 -2
1049 1055 4
1049 1056 4
1050 1053 -2
1050 1054 -1
1050 1055 1
1050 1056 1
1051 1053 2
1051 1054 2
1051 1055 -2
1051 1056 2
1052 1053 4
1052 1054 -4
1052 1055 2
1052 1056 -1
1057 1061 -4
1057 1062 -4
1057 1063 4
1057 1064 2
1058 1061 -4
1058 1062 4
1058 1063 -1
1058 1064 -4
1059 1061 2
1059 1062 -1
1059 1063 1
1059 1064 1
1060 1061 -1
1060 1062 -1
1060 1063 -4
1060 1064 4
1065 1069 -1
1065 1070 2
1065 1071 2
1065 1072 -4
1066 1069 1
1066 1070 4
1066 1071 1
1066 1072 -1
1067 1069 -1
1067 1070 -2
1067 1071 -1
1067 1072 -2
1068 1069 -2
1068 1070 1
1068 1071 -1
1068 1072 1
1073 1077 -4
1073 1078 -2
1073 1079 1
1073 1080 -2
1074 1077 -2
1074 1078 -2
1074 1079 2
1074 1080 1
1075 1077 1
1075 1078 -1
1075 1079 2
1075 1080 1
1076 1077 -4
1076 1078 -4
1076 1079 -1
1076 1080 4
1081 1085 -1
1081 1086 1
1081 1087 2
1081 1088 2
1082 1085 -4
1082 1086 4
1082 1087 2
1082 1088 -1
1083 1085 2
1083 1086 -4
1083 1087 1
1083 1088 -4
1084 1085 4
1084 1086 4
1084 1087 1
1084 1088 2
1089 1093 -2
1089 1094 4
1089 1095 -1
1089 1096 -2
1090 1093 1
1090 1094 -1
1090 1095 1
1090 1096 1
1091 1093 -4
1091 1094 4
1091 1095 2
1091 1096 -2
1092 1093 -2
1092 1094 -1
1092 1095 1
1092 1096 1
1097 1101 -4
1097 1102 1
1097 1103 -1
1097 1104 -2
1098 1101 -1
1098 1102 1
1098 1103 -2
1098 1104 -1
1099 1101 -4
1099 1102 -4
1099 1103 -2
1099 1104 -2
1100 1101 1
1100 1102 1
1100 1103 4
1100 1104 2
1105 1109 2
1105 1110 1
1105 1111 2
1105 1112 4
1106 1109 1
1106 1110 2
1106 1111 -4
1106 1112 -2
1107 1109 -1
1107 1110 2
1107 1111 1
1107 1112 -2
1108 1109 -4
1108 1110 -4
1108 1111 -1
1108 1112 2
1113 1117 2
1113 1118 1
1113 1119 -1
1113 1120 -4
1114 1117 4
1114 1118 -1
1114 1119 1
1114 1120 -4
1115 1117 -2
1115 1118 -1
1115 1119 4
1115 1120 -1
1116 1117 -2
1116 1118 2
1116 1119 -4
1116 1120 -1
1121 1125 2
1121 1126 -4
1121 1127 1
1121 1128 -1
1122 1125 -4
1122 1126 1
1122 1127 4
1122 1128 4
1123 1125 1
1123 1126 1
1123 1127 4
1123 1128 2
1124 1125 -1
1124 1126 -2
1124 1127 -2
1124 1128 -1
1129 1133 2
1129 1134 -2
1129 1135 -2
1129 1136 1
1130 1133 4
1130 1134 -1
1130 1135 -4
1130 1136 1
1131 1133 -4
1131 1134 2
1131 1135 2
1131 1136 1
1132 1133 4
1132 1134 4
1132 1135 4
1132 1136 2
1137 1141 2
1137 1142 -4
1137 1143 -1
1137 1144 4
1138 1141 1
1138 1142 -2
1138 1143 4
1138 1144 -1
1139 1141 2
1139 1142 4
1139 1143 -1
1139 1144 -4
1140 1141 -1
1140 1142 -2
1140 1143 -2
1140 1144 -1
1145 1149 4
1145 1150 -1
1145 1151 2
1145 1152 4
1146 1149 -4
1146 1150 4
1146 1151 2
1146 1152 -1
1147 1149 4
1147 1150 -1
1147 1151 -1
1147 1152 -2
1148 1149 -4
1148 1150 -1
1148 1151 2
1148 1152 1
5 13 4
6 14 -2
7 15 1
8 16 -4
13 21 -2
14 22 -4
15 23 -4
16 24 4
21 29 4
22 30 2
23 31 -4
24 32 4
29 37 -1
30 38 -1
31 39 -4
32 40 -1
37 45 -4
38 46 1
39 47 -1
40 48 1
45 53 1
46 54 -1
47 55 2
48 56 2
53 61 4
54 62 -2
55 63 -1
56 64 1
61 69 -1
62 70 -4
63 71 4
64 72 4
69 77 4
70 78 2
71 79 1
72 80 1
77 85 1
78 86 2
79 87 4
80 88 -4
85 93 1
86 94 -2
87 95 1
88 96 2
101 109 1
102 110 -1
103 111 2
104 112 2
109 117 2
110 118 -2
111 119 1
112 120 -2
117 125 1
118 126 2
119 127 4
120 128 2
125 133 -4
126 134 1
127 135 4
128 136 -1
133 141 -1
134 142 1
135 143 -4
136 144 2
141 149 2
142 150 1
143 151 -2
144 152 2
149 157 4
150 158 2
151 159 4
152 160 4
157 165 2
158 166 2
159 167 4
160 168 -4
165 173 -4
166 174 2
167 175 4
168 176 1
173 181 2
174 182 1
175 183 1
176 184 4
181 189 4
182 190 -2
183 191 4
184 192 -2
197 205 -4
198 206 2
199 207 -1
200 208 -1
205 213 -4
206 214 -2
207 215 4
208 216 1
213 221 4
214 222 -2
215 223 -2
216 224 2
221 229 -2
222 230 -1
223 231 1
224 232 4
229 237 -2
230 238 -1
231 239 -2
232 240 -4
237 245 2
238 246 1
239 247 -4
240 248 2
245 253 -4
246 254 -1
247 255 2
248 256 -4
253 261 1
254 262 -1
255 263 -1
256 264 4
261 269 -2
262 270 1
263 271 1
264 272 -2
269 277 -1
270 278 2
271 279 4
272 280 -1
277 285 -2
278 286 -4
279 287 2
280 288 4
293 301 -1
294 302 2
295 303 -1
296 304 4
301 309 -1
302 310 -2
303 311 1
304 312 2
309 317 -4
310 318 2
311 319 2
312 320 -4
317 325 -2
318 326 -1
319 327 -1
320 328 -4
325 333 1
326 334 -4
327 335 -2
328 336 1
333 341 -2
334 342 -4
335 343 2
336 344 -4
341 349 2
342 350 -1
343 351 1
344 352 4
349 357 1
350 358 -4
351 359 2
352 360 -1
357 365 -1
358 366 2
359 367 2
360 368 2
365 373 2
366 374 -1
367 375 -4
368 376 -1
373 381 -2
374 382 2
375 383 -4
376 384 -1
389 397 2
390 398 -1
391 399 -4
392 400 -4
397 405 4
398 406 4
399 407 -1
400 408 2
405 413 4
406 414 1
407 415 1
408 416 -2
413 421 -1
414 422 -1
415 423 1
416 424 2
421 429 2
422 430 -1
423 431 -4
424 432 1
429 437 4
430 438 2
431 439 -1
432 440 2
437 445 -2
438 446 -2
439 447 -2
440 448 1
445 453 2
446 454 1
447 455 2
448 456 2
453 461 -2
454 462 4
455 463 4
456 464 -1
461 469 -2
462 470 -2
463 471 -4
464 472 -2
469 477 4
470 478 2
471 479 -4
472 480 -4
485 493 -1
486 494 1
487 495 -4
488 496 -1
493 501 4
494 502 -4
495 503 -2
496 504 2
501 509 2
502 510 -2
503 511 2
504 512 2
509 517 -2
510 518 2
511 519 1
512 520 -2
517 525 -2
518 526 -1
519 527 4
520 528 4
525 533 -1
526 534 2
527 535 1
528 536 2
533 541 4
534 542 -2
535 543 -1
536 544 4
541 549 2
542 550 -4
543 551 -1
544 552 -4
549 557 1
550 558 4
551 559 4
552 560 1
557 565 -1
558 566 -1
559 567 -4
560 568 1
565 573 -4
566 574 -2
567 575 1
568 576 1
581 589 -4
582 590 -4
583 591 1
584 592 -4
589 597 2
590 598 -2
591 599 2
592 600 -1
597 605 4
598 606 -2
599 607 -1
600 608 2
605 613 4
606 614 -2
607 615 -2
608 616 -4
613 621 -4
614 622 -2
615 623 4
616 624 -4
621 629 2
622 630 1
623 631 -1
624 632 4
629 637 -4
630 638 4
631 639 -4
632 640 -1
637 645 4
638 646 -4
639 647 2
640 648 2
645 653 1
646 654 4
647 655 -4
648 656 -1
653 661 4
654 662 4
655 663 2
656 664 -4
661 669 -1
662 670 2
663 671 4
664 672 1
677 685 -4
678 686 -1
679 687 -4
680 688 1
685 693 -2
686 694 2
687 695 2
688 696 -1
693 701 1
694 702 1
695 703 1
696 704 -2
701 709 -2
702 710 -4
703 711 2
704 712 -2
709 717 -1
710 718 -2
711 719 1
712 720 4
717 725 1
718 726 4
719 727 -1
720 728 -4
725 733 -2
726 734 -1
727 735 -1
728 736 -4
733 741 -1
734 742 2
735 743 -4
736 744 -1
741 749 -2
742 750 -2
743 751 4
744 752 -1
749 757 -2
750 758 4
751 759 -2
752 760 1
757 765 4
758 766 -4
759 767 -4
760 768 -2
773 781 1
774 782 1
775 783 4
776 784 -1
781 789 -2
782 790 -2
783 791 4
784 792 -1
789 797 -2
790 798 2
791 799 4
792 800 2
797 805 4
798 806 -1
799 807 4
800 808 -4
805 813 4
806 814 4
807 815 1
808 816 -1
813 821 -1
814 822 -1
815 823 -2
816 824 -1
821 829 1
822 830 4
823 831 -1
824 832 -4
829 837 2
830 838 1
831 839 1
832 840 2
837 845 -4
838 846 -1
839 847 -4
840 848 -1
845 853 -4
846 854 -2
847 855 4
848 856 -4
853 861 4
854 862 -2
855 863 -4
856 864 -4
869 877 1
870 878 2
871 879 -2
872 880 1
877 885 -1
878 886 -2
879 887 2
880 888 -1
885 893 2
886 894 2
887 895 -1
888 896 -2
893 901 -1
894 902 -4
895 903 -2
896 904 4
901 909 -2
902 910 4
903 911 1
904 912 4
909 917 1
910 918 -2
911 919 -1
912 920 -1
917 925 2
918 926 1
919 927 -1
920 928 4
925 933 4
926 934 -4
927 935 2
928 936 4
933 941 4
934 942 4
935 943 -1
936 944 1
941 949 4
942 950 -1
943 951 1
944 952 4
949 957 2
950 958 -2
951 959 -4
952 960 4
965 973 -4
966 974 1
967 975 -4
968 976 2
973 981 2
974 982 -2
975 983 2
976 984 -1
981 989 1
982 990 -4
983 991 4
984 992 1
989 997 2
990 998 4
991 999 -1
992 1000 1
997 1005 -4
998 1006 -2
999 1007 1
1000 1008 2
1005 1013 2
1006 1014 -2
1007 1015 -4
1008 1016 4
1013 1021 1
1014 1022 1
1015 1023 2
1016 1024 1
1021 1029 -2
1022 1030 2
1023 1031 2
1024 1032 -4
1029 1037 -4
1030 1038 2
1031 1039 1
1032 1040 1
1037 1045 4
1038 1046 4
1039 1047 1
1040 1048 4
1045 1053 4
1046 1054 -2
1047 1055 -2
1048 1056 1
1061 1069 -1
1062 1070 4
1063 1071 -4
1064 1072 -4
1069 1077 2
1070 1078 1
1071 1079 4
1072 1080 2
1077 1085 -4
1078 1086 1
1079 1087 -1
1080 1088 -1
1085 1093 -2
1086 1094 -1
1087 1095 -1
1088 1096 -2
1093 1101 4
1094 1102 -4
1095 1103 1
1096 1104 4
1101 1109 -2
1102 1110 -2
1103 1111 -1
1104 1112 -4
1109 1117 -4
1110 1118 -4
1111 1119 -1
1112 1120 2
1117 1125 4
1118 1126 -2
1119 1127 -4
1120 1128 1
1125 1133 -4
1126 1134 -4
1127 1135 4
1128 1136 -2
1133 1141 2
1134 1142 -1
1135 1143 2
1136 1144 2
1141 1149 2
1142 1150 2
1143 1151 -4
1144 1152 -2
1 97 1
2 98 2
3 99 2
4 100 -4
97 193 -2
98 194 -2
99 195 1
100 196 -4
193 289 -4
194 290 4
195 291 -4
196 292 4
289 385 4
290 386 2
291 387 -2
292 388 -1
385 481 4
386 482 4
387 483 -1
388 484 -1
481 577 -1
482 578 2
483 579 -1
484 580 4
577 673 -1
578 674 -2
579 675 -2
580 676 -4
673 769 -4
674 770 1
675 771 4
676 772 2
769 865 -1
770 866 4
771 867 4
772 868 -4
865 961 -4
866 962 4
867 963 1
868 964 -1
961 1057 1
962 1058 2
963 1059 4
964 1060 4
9 105 -2
10 106 4
11 107 -1
12 108 4
105 201 1
106 202 -1
107 203 -2
108 204 -4
201 297 -2
202 298 4
203 299 -4
204 300 -1
297 393 -1
298 394 1
299 395 4
300 396 -1
393 489 -1
394 490 4
395 491 -4
396 492 1
489 585 -4
490 586 -1
491 587 -4
492 588 4
585 681 1
586 682 -2
587 683 -1
588 684 4
681 777 4
682 778 -2
683 779 -1
684 780 -4
777 873 -4
778 874 -2
779 875 -2
780 876 -4
873 969 -2
874 970 -4
875 971 -1
876 972 4
969 1065 -2
970 1066 -1
971 1067 -4
972 1068 -1
17 113 -4
18 114 -4
19 115 -2
20 116 2
113 209 4
114 210 -4
115 211 4
116 212 1
209 305 2
210 306 -4
211 307 -4
212 308 -2
305 401 1
306 402 2
307 403 2
308 404 4
401 497 -4
402 498 4
403 499 1
404 500 1
497 593 -4
498 594 2
499 595 -1
500 596 -4
593 689 4
594 690 -2
595 691 2
596 692 -1
689 785 4
690 786 -4
691 787 -1
692 788 2
785 881 -1
786 882 -2
787 883 1
788 884 -2
881 977 -2
882 978 4
883 979 -1
884 980 2
977 1073 -2
978 1074 -1
979 1075 -2
980 1076 -1
25 121 2
26 122 4
27 123 -2
28 124 2
121 217 -2
122 218 -1
123 219 4
124 220 -4
217 313 2
218 314 2
219 315 -1
220 316 1
313 409 -4
314 410 -2
315 411 1
316 412 -2
409 505 1
410 506 2
411 507 2
412 508 2
505 601 -4
506 602 1
507 603 2
508 604 1
601 697 -4
602 698 4
603 699 -2
604 700 -1
697 793 -1
698 794 -4
699 795 4
700 796 1
793 889 -1
794 890 -2
795 891 -2
796 892 2
889 985 -1
890 986 1
891 987 -2
892 988 -4
985 1081 -4
986 1082 -1
987 1083 -2
988 1084 4
33 129 -4
34 130 2
35 131 -1
36 132 -4
129 225 1
130 226 -1
131 227 -2
132 228 -1
225 321 4
226 322 4
227 323 1
228 324 2
321 417 -1
322 418 2
323 419 -2
324 420 -4
417 513 1
418 514 -4
419 515 1
420 516 -4
513 609 -4
514 610 -2
515 611 -4
516 612 2
609 705 2
610 706 2
611 707 -4
612 708 4
705 801 4
706 802 1
707 803 4
708 804 1
801 897 -4
802 898 1
803 899 1
804 900 4
897 993 -2
898 994 -1
899 995 -4
900 996 -2
993 1089 2
994 1090 -4
995 1091 -2
996 1092 4
41 137 4
42 138 1
43 139 -4
44 140 -2
137 233 -4
138 234 -2
139 235 -4
140 236 -1
233 329 -2
234 330 1
235 331 1
236 332 -2
329 425 -4
330 426 4
331 427 2
332 428 -2
425 521 -4
426 522 -1
427 523 1
428 524 4
521 617 1
522 618 1
523 619 1
524 620 1
617 713 2
618 714 1
619 715 -2
620 716 4
713 809 1
714 810 1
715 811 -4
716 812 -2
809 905 -1
810 906 -1
811 907 1
812 908 4
905 1001 1
906 1002 1
907 1003 -1
908 1004 -4
1001 1097 1
1002 1098 1
1003 1099 -2
1004 1100 -1
49 145 2
50 146 -2
51 147 1
52 148 -2
145 241 -4
146 242 2
147 243 -4
148 244 -4
241 337 -1
242 338 -2
243 339 1
244 340 1
337 433 1
338 434 -1
339 435 1
340 436 1
433 529 2
434 530 1
435 531 -2
436 532 -2
529 625 1
530 626 1
531 627 -1
532 628 4
625 721 2
626 722 -2
627 723 1
628 724 -4
721 817 -4
722 818 2
723 819 2
724 820 2
817 913 4
818 914 -1
819 915 1
820 916 4
913 1009 4
914 1010 -4
915 1011 -2
916 1012 4
1009 1105 4
1010 1106 -2
1011 1107 -4
1012 1108 1
57 153 -2
58 154 4
59 155 4
60 156 4
153 249 -4
154 250 -2
155 251 4
156 252 -2
249 345 -1
250 346 4
251 347 1
252 348 -2
345 441 2
346 442 -4
347 443 1
348 444 -2
441 537 -1
442 538 2
443 539 -4
444 540 -2
537 633 -4
538 634 1
539 635 1
540 636 1
633 729 -2
634 730 1
635 731 4
636 732 1
729 825 -4
730 826 -4
731 827 1
732 828 2
825 921 4
826 922 4
827 923 -4
828 924 4
921 1017 4
922 1018 1
923 1019 1
924 1020 -1
1017 1113 -2
1018 1114 4
1019 1115 1
1020 1116 2
65 161 -1
66 162 -2
67 163 -2
68 164 1
161 257 -1
162 258 4
163 259 -1
164 260 -1
257 353 4
258 354 -4
259 355 4
260 356 2
353 449 -4
354 450 -4
355 451 -2
356 452 2
449 545 -4
450 546 4
451 547 4
452 548 -1
545 641 2
546 642 -4
547 643 1
548 644 -1
641 737 4
642 738 1
643 739 -2
644 740 -2
737 833 -1
738 834 -1
739 835 -4
740 836 -4
833 929 1
834 930 2
835 931 1
836 932 -2
929 1025 1
930 1026 4
931 1027 4
932 1028 4
1025 1121 -4
1026 1122 -4
1027 1123 2
1028 1124 -4
73 169 2
74 170 4
75 171 1
76 172 -1
169 265 -4
170 266 2
171 267 -2
172 268 1
265 361 2
266 362 -1
267 363 4
268 364 2
361 457 1
362 458 4
363 459 4
364 460 -4
457 553 -2
458 554 -1
459 555 -2
460 556 2
553 649 4
554 650 1
555 651 2
556 652 2
649 745 -2
650 746 -4
651 747 1
652 748 -4
745 841 -4
746 842 4
747 843 -1
748 844 4
841 937 -1
842 938 4
843 939 2
844 940 -4
937 1033 -2
938 1034 2
939 1035 -1
940 1036 -1
1033 1129 -2
1034 1130 4
1035 1131 -2
1036 1132 -4
81 177 -2
82 178 -2
83 179 -4
84 180 -1
177 273 2
178 274 2
179 275 4
180 276 -1
273 369 -1
274 370 -4
275 371 1
276 372 -4
369 465 -1
370 466 -1
371 467 1
372 468 -1
465 561 -4
466 562 -4
467 563 1
468 564 2
561 657 -2
562 658 -2
563 659 -2
564 660 2
657 753 1
658 754 2
659 755 1
660 756 -4
753 849 2
754 850 -2
755 851 4
756 852 -1
849 945 -2
850 946 -2
851 947 -1
852 948 2
945 1041 1
946 1042 -4
947 1043 -1
948 1044 1
1041 1137 -2
1042 1138 4
1043 1139 2
1044 1140 2
89 185 -2
90 186 -1
91 187 -4
92 188 2
185 281 -2
186 282 4
187 283 1
188 284 -4
281 377 2
282 378 -1
283 379 4
284 380 2
377 473 -1
378 474 -4
379 475 -1
380 476 -2
473 569 1
474 570 4
475 571 2
476 572 4
569 665 -1
570 666 2
571 667 4
572 668 -4
665 761 2
666 762 1
667 763 -1
668 764 1
761 857 4
762 858 -4
763 859 -2
764 860 -2
857 953 -1
858 954 -2
859 955 4
860 956 -4
953 1049 -2
954 1050 -2
955 1051 1
956 1052 2
1049 1145 4
1050 1146 1
1051 1147 1
1052 1148 -2
