#
1 5 4
1 6 2
1 7 -2
1 8 4
2 5 -2
2 6 -1
2 7 2
2 8 -4
3 5 4
3 6 -4
3 7 1
3 8 -1
4 5 1
4 6 2
4 7 -4
4 8 1
9 13 1
9 14 -1
9 15 -1
9 16 1
10 13 -4
10 14 -1
10 15 -4
10 16 4
11 13 -2
11 14 4
11 15 1
11 16 -4
12 13 -1
12 14 4
12 15 -1
12 16 -4
17 21 1
17 22 -1
17 23 1
17 24 2
18 21 1
18 22 -2
18 23 -4
18 24 4
19 21 -4
19 22 4
19 23 4
19 24 -1
20 21 4
20 22 1
20 23 -1
20 24 -4
25 29 4
25 30 -1
25 31 -1
25 32 2
26 29 1
26 30 4
26 31 -4
26 32 4
27 29 -1
27 30 2
27 31 -4
27 32 -1
28 29 1
28 30 1
28 31 -1
28 32 4
33 37 4
33 38 4
33 39 -4
33 40 -4
34 37 -1
34 38 -1
34 39 2
34 40 -2
35 37 -4
35 38 -1
35 39 -1
35 40 -2
36 37 -4
36 38 1
36 39 2
36 40 -2
41 45 -4
41 46 -4
41 47 1
41 48 1
42 45 -4
42 46 4
42 47 -2
42 48 -1
43 45 -2
43 46 2
43 47 -4
43 48 -1
44 45 -1
44 46 -2
44 47 -1
44 48 1
49 53 -2
49 54 4
49 55 1
49 56 -2
50 53 -1
50 54 -1
50 55 -4
50 56 -4
51 53 4
51 54 4
51 55 4
51 56 -2
52 53 2
52 54 -1
52 55 -2
52 56 1
57 61 -2
57 62 2
57 63 1
57 64 -1
58 61 -1
58 62 -1
58 63 -4
58 64 1
59 61 -2
59 62 -4
59 63 -2
59 64 -2
60 61 4
60 62 -4
60 63 -4
60 64 4
65 69 -2
65 70 2
65 71 1
65 72 -2
66 69 -1
66 70 1
66 71 -4
66 72 -1
67 69 2
67 70 2
67 71 4
67 72 -1
68 69 -2
68 70 2
68 71 1
68 72 -2
73 77 -1
73 78 1
73 79 1
73 80 4
74 77 1
74 78 1
74 79 -1
74 80 -1
75 77 -2
75 78 4
75 79 -2
75 80 1
76 77 1
76 78 -4
76 79 1
76 80 -2
81 85 4
81 86 -1
81 87 -4
81 88 -4
82 85 -1
82 86 4
82 87 -2
82 88 -2
83 85 4
83 86 2
83 87 -2
83 88 1
84 85 4
84 86 4
84 87 1
84 88 1
89 93 -1
89 94 1
89 95 -4
89 96 -1
90 93 2
90 94 4
90 95 -4
90 96 -2
91 93 1
91 94 1
91 95 -2
91 96 2
92 93 -4
92 94 -1
92 95 -2
92 96 4
97 101 2
97 102 2
97 103 1
97 104 -4
98 101 -2
98 102 4
98 103 2
98 104 2
99 101 4
99 102 2
99 103 1
99 104 4
100 101 -1
100 102 -2
100 103 2
100 104 -4
105 109 -4
105 110 -2
105 111 -1
105 112 2
106 109 2
106 110 -4
106 111 1
106 112 -1
107 109 4
107 110 4
107 111 1
107 112 -2
108 109 2
108 110 2
108 111 -4
108 112 -4
113 117 2
113 118 -2
113 119 -1
113 120 -4
114 117 4
114 118 -1
114 119 2
114 120 -2
115 117 -1
115 118 -2
115 119 -4
115 120 2
116 117 2
116 118 2
116 119 -1
116 120 2
121 125 4
121 126 1
121 127 1
121 128 -1
122 125 -2
122 126 2
122 127 2
122 128 4
123 125 1
123 126 -1
123 127 -2
123 128 4
124 125 2
124 126 2
124 127 -2
124 128 1
129 133 2
129 134 -1
129 135 -4
129 136 -1
130 133 -1
130 134 4
130 135 2
130 136 -1
131 133 -2
131 134 -4
131 135 1
131 136 -4
132 133 -1
132 134 1
132 135 1
132 136 1
137 141 -1
137 142 2
137 143 1
137 144 -2
138 141 4
138 142 2
138 143 -2
138 144 -4
139 141 2
139 142 -4
139 143 2
139 144 -1
140 141 1
140 142 -4
140 143 -1
140 144 -4
145 149 2
145 150 -4
145 151 1
145 152 -4
146 149 4
146 150 -4
146 151 -4
146 152 4
147 149 1
147 150 1
147 151 1
147 152 -1
148 149 -1
148 150 -4
148 151 1
148 152 1
153 157 -2
153 158 2
153 159 2
153 160 2
154 157 4
154 158 -4
154 159 -1
154 160 -2
155 157 1
155 158 1
155 159 -1
155 160 -4
156 157 1
156 158 -2
156 159 2
156 160 -1
161 165 -2
161 166 1
161 167 4
161 168 1
162 165 -2
162 166 -1
162 167 -1
162 168 2
163 165 1
163 166 2
163 167 2
163 168 -1
164 165 -2
164 166 4
164 167 -2
164 168 4
169 173 -2
169 174 4
169 175 1
169 176 -4
170 173 4
170 174 -4
170 175 -4
170 176 1
171 173 -4
171 174 -2
171 175 -1
171 176 -4
172 173 1
172 174 1
172 175 -4
172 176 -2
177 181 -2
177 182 -4
177 183 -4
177 184 -4
178 181 1
178 182 2
178 183 1
178 184 -4
179 181 1
179 182 -1
179 183 4
179 184 1
180 181 -2
180 182 2
180 183 -1
180 184 -4
185 189 4
185 190 4
185 191 -4
185 192 -4
186 189 -2
186 190 4
186 191 -1
186 192 -1
187 189 2
187 190 4
187 191 4
187 192 1
188 189 1
188 190 -4
188 191 4
188 192 4
193 197 1
193 198 -4
193 199 2
193 200 2
194 197 1
194 198 2
194 199 4
194 200 2
195 197 -2
195 198 4
195 199 -4
195 200 -4
196 197 -4
196 198 4
196 199 4
196 200 1
201 205 2
201 206 4
201 207 -4
201 208 1
202 205 4
202 206 1
202 207 4
202 208 2
203 205 2
203 206 4
203 207 -4
203 208 1
204 205 1
204 206 4
204 207 4
204 208 -2
209 213 2
209 214 2
209 215 -1
209 216 2
210 213 -4
210 214 4
210 215 -1
210 216 -1
211 213 -1
211 214 -2
211 215 4
211 216 2
212 213 -4
212 214 -2
212 215 -2
212 216 -1
217 221 4
217 222 -1
217 223 2
217 224 -2
218 221 -2
218 222 -1
218 223 -2
218 224 4
219 221 -2
219 222 -1
219 223 -1
219 224 -1
220 221 -2
220 222 1
220 223 -1
220 224 1
225 229 2
225 230 4
225 231 1
225 232 4
226 229 -2
226 230 2
226 231 4
226 232 -1
227 229 -2
227 230 -4
227 231 -2
227 232 -4
228 229 -1
228 230 -1
228 231 2
228 232 1
233 237 -4
233 238 1
233 239 -1
233 240 -2
234 237 1
234 238 4
234 239 2
234 240 -4
235 237 4
235 238 -1
235 239 2
235 240 -2
236 237 -1
236 238 2
236 239 4
236 240 4
241 245 2
241 246 4
241 247 -4
241 248 -1
242 245 -4
242 246 4
242 247 -2
242 248 2
243 245 -2
243 246 2
243 247 1
243 248 -2
244 245 -4
244 246 4
244 247 2
244 248 -4
249 253 4
249 254 -4
249 255 -1
249 256 -4
250 253 4
250 254 4
250 255 1
250 256 -1
251 253 4
251 254 -1
251 255 -4
251 256 2
252 253 4
252 254 -1
252 255 1
252 256 -4
257 261 4
257 262 4
257 263 1
257 264 -4
258 261 4
258 262 -4
258 263 4
258 264 -2
259 261 2
259 262 2
259 263 -2
259 264 -1
260 261 2
260 262 2
260 263 -4
260 264 2
265 269 -4
265 270 4
265 271 4
265 272 4
266 269 -1
266 270 -4
266 271 4
266 272 -4
267 269 4
267 270 1
267 271 -1
267 272 -4
268 269 2
268 270 4
268 271 -1
268 272 1
273 277 1
273 278 1
273 279 -4
273 280 -2
274 277 -2
274 278 -1
274 279 -2
274 280 -4
275 277 4
275 278 2
275 279 -4
275 280 -1
276 277 4
276 278 1
276 279 -1
276 280 4
281 285 -1
281 286 1
281 287 2
281 288 -2
282 285 -4
282 286 -2
282 287 1
282 288 -2
283 285 -2
283 286 4
283 287 -4
283 288 2
284 285 4
284 286 -1
284 287 -1
284 288 -4
289 293 -2
289 294 -4
289 295 1
289 296 -1
290 293 1
290 294 -4
290 295 -2
290 296 -4
291 293 -1
291 294 -4
291 295 -4
291 296 -1
292 293 -4
292 294 -1
292 295 4
292 296 1
297 301 -4
297 302 -4
297 303 2
297 304 -2
298 301 4
298 302 4
298 303 -1
298 304 4
299 301 -4
299 302 1
299 303 -4
299 304 4
300 301 2
300 302 -2
300 303 2
300 304 -1
305 309 2
305 310 -2
305 311 4
305 312 4
306 309 1
306 310 -2
306 311 -1
306 312 -2
307 309 -4
307 310 2
307 311 -4
307 312 -4
308 309 -2
308 310 -4
308 311 1
308 312 1
313 317 -4
313 318 -2
313 319 1
313 320 1
314 317 -1
314 318 4
314 319 -2
314 320 -1
315 317 -2
315 318 -2
315 319 2
315 320 2
316 317 1
316 318 2
316 319 -1
316 320 4
321 325 -1
321 326 -1
321 327 4
321 328 4
322 325 4
322 326 1
322 327 2
322 328 -4
323 325 4
323 326 1
323 327 -1
323 328 -1
324 325 4
324 326 4
324 327 -1
324 328 2
329 333 -4
329 334 -4
329 335 -4
329 336 4
330 333 1
330 334 -4
330 335 4
330 336 -1
331 333 2
331 334 -1
331 335 4
331 336 -4
332 333 1
332 334 -2
332 335 -2
332 336 4
337 341 -4
337 342 4
337 343 2
337 344 2
338 341 -1
338 342 -1
338 343 1
338 344 1
339 341 4
339 342 2
339 343 -1
339 344 4
340 341 4
340 342 -1
340 343 4
340 344 2
345 349 1
345 350 -4
345 351 -1
345 352 2
346 349 4
346 350 4
346 351 2
346 352 -4
347 349 1
347 350 -4
347 351 1
347 352 1
348 349 2
348 350 -4
348 351 4
348 352 -1
353 357 4
353 358 4
353 359 -1
353 360 2
354 357 2
354 358 1
354 359 -2
354 360 4
355 357 -2
355 358 -4
355 359 -4
355 360 1
356 357 1
356 358 -2
356 359 1
356 360 1
361 365 -1
361 366 -1
361 367 -2
361 368 -2
362 365 4
362 366 -1
362 367 -4
362 368 -2
363 365 1
363 366 -2
363 367 -2
363 368 -1
364 365 1
364 366 -1
364 367 4
364 368 2
369 373 1
369 374 4
369 375 -4
369 376 -4
370 373 -1
370 374 -2
370 375 4
370 376 1
371 373 -2
371 374 -4
371 375 -2
371 376 -2
372 373 2
372 374 -2
372 375 -2
372 376 2
377 381 2
377 382 2
377 383 -4
377 384 1
378 381 -1
378 382 4
378 383 1
378 384 -2
379 381 -4
379 382 -2
379 383 4
379 384 2
380 381 -1
380 382 1
380 383 -4
380 384 4
385 389 2
385 390 -2
385 391 1
385 392 -4
386 389 -2
386 390 1
386 391 1
386 392 -4
387 389 4
387 390 1
387 391 4
387 392 -1
388 389 -4
388 390 -2
388 391 1
388 392 -4
393 397 -1
393 398 1
393 399 -1
393 400 1
394 397 -4
394 398 1
394 399 2
394 400 -2
395 397 1
395 398 1
395 399 -1
395 400 2
396 397 -4
396 398 4
396 399 4
396 400 -2
401 405 2
401 406 1
401 407 1
401 408 4
402 405 4
402 406 -1
402 407 2
402 408 2
403 405 -4
403 406 -2
403 407 2
403 408 -1
404 405 -1
404 406 -4
404 407 -4
404 408 2
409 413 2
409 414 1
409 415 1
409 416 1
410 413 4
410 414 2
410 415 -4
410 416 2
411 413 -1
411 414 4
411 415 4
411 416 2
412 413 -1
412 414 1
412 415 -1
412 416 -1
417 421 -2
417 422 -4
417 423 -2
417 424 1
418 421 -2
418 422 -1
418 423 2
418 424 1
419 421 4
419 422 -2
419 423 -4
419 424 -2
420 421 -4
420 422 -1
420 423 -4
420 424 1
425 429 -4
425 430 -1
425 431 4
425 432 -2
426 429 -4
426 430 4
426 431 4
426 432 -2
427 429 -4
427 430 4
427 431 1
427 432 1
428 429 -1
428 430 -1
428 431 2
428 432 -1
433 437 2
433 438 -2
433 439 -1
433 440 4
434 437 -4
434 438 1
434 439 2
434 440 -1
435 437 -4
435 438 -4
435 439 2
435 440 2
436 437 -2
436 438 -1
436 439 4
436 440 -1
441 445 1
441 446 -4
441 447 1
441 448 2
442 445 1
442 446 -1
442 447 -1
442 448 1
443 445 -4
443 446 1
443 447 4
443 448 2
444 445 -4
444 446 2
444 447 -4
444 448 4
449 453 4
449 454 2
449 455 -1
449 456 1
450 453 -4
450 454 2
450 455 -4
450 456 1
451 453 4
451 454 -1
451 455 2
451 456 -2
452 453 4
452 454 -4
452 455 -1
452 456 -4
457 461 -4
457 462 2
457 463 4
457 464 -1
458 461 1
458 462 2
458 463 -2
458 464 4
459 461 -1
459 462 1
459 463 1
459 464 2
460 461 4
460 462 -1
460 463 -2
460 464 -2
465 469 -2
465 470 1
465 471 4
465 472 4
466 469 -2
466 470 2
466 471 2
466 472 2
467 469 2
467 470 -2
467 471 -2
467 472 -2
468 469 -2
468 470 -2
468 471 -2
468 472 -4
473 477 2
473 478 -2
473 479 -2
473 480 -1
474 477 1
474 478 -2
474 479 2
474 480 -2
475 477 4
475 478 1
475 479 -4
475 480 -1
476 477 -1
476 478 2
476 479 2
476 480 4
481 485 1
481 486 -4
481 487 4
481 488 -1
482 485 -1
482 486 -1
482 487 -1
482 488 2
483 485 2
483 486 2
483 487 -1
483 488 1
484 485 2
484 486 4
484 487 -2
484 488 4
489 493 -4
489 494 -2
489 495 -2
489 496 -4
490 493 -2
490 494 -2
490 495 -2
490 496 1
491 493 -1
491 494 -1
491 495 -2
491 496 2
492 493 2
492 494 1
492 495 -1
492 496 2
497 501 -1
497 502 2
497 503 -2
497 504 -2
498 501 4
498 502 4
498 503 1
498 504 -1
499 501 2
499 502 -2
499 503 -2
499 504 -2
500 501 2
500 502 1
500 503 -2
500 504 -2
505 509 4
505 510 -4
505 511 -1
505 512 -1
506 509 -1
506 510 4
506 511 -2
506 512 -1
507 509 1
507 510 1
507 511 -1
507 512 2
508 509 2
508 510 -4
508 511 -2
508 512 -1
513 517 1
513 518 -4
513 519 1
513 520 2
514 517 -2
514 518 2
514 519 -2
514 520 4
515 517 -2
515 518 -4
515 519 -4
515 520 2
516 517 -2
516 518 4
516 519 2
516 520 1
521 525 -1
521 526 -4
521 527 2
521 528 2
522 525 -1
522 526 2
522 527 1
522 528 1
523 525 -1
523 526 -4
523 527 -4
523 528 4
524 525 2
524 526 1
524 527 2
524 528 -4
529 533 4
529 534 4
529 535 -1
529 536 1
530 533 2
530 534 4
530 535 -2
530 536 -1
531 533 2
531 534 -4
531 535 4
531 536 -2
532 533 -4
532 534 2
532 535 1
532 536 1
537 541 2
537 542 2
537 543 -1
537 544 1
538 541 -1
538 542 -2
538 543 -1
538 544 4
539 541 -1
539 542 1
539 543 2
539 544 4
540 541 -1
540 542 4
540 543 -2
540 544 -4
545 549 -2
545 550 -1
545 551 4
545 552 2
546 549 -1
546 550 -1
546 551 -2
546 552 1
547 549 4
547 550 -4
547 551 4
547 552 4
548 549 4
548 550 4
548 551 -1
548 552 -2
553 557 -4
553 558 4
553 559 -1
553 560 2
554 557 2
554 558 4
554 559 -1
554 560 -1
555 557 2
555 558 -2
555 559 2
555 560 -4
556 557 1
556 558 -4
556 559 4
556 560 -1
561 565 4
561 566 -1
561 567 -4
561 568 2
562 565 2
562 566 1
562 567 1
562 568 -2
563 565 -1
563 566 1
563 567 -1
563 568 1
564 565 -2
564 566 4
564 567 -1
564 568 1
569 573 -1
569 574 4
569 575 2
569 576 1
570 573 -1
570 574 -1
570 575 -4
570 576 -4
571 573 -4
571 574 -2
571 575 1
571 576 1
572 573 -2
572 574 -1
572 575 2
572 576 -4
577 581 1
577 582 -1
577 583 4
577 584 -2
578 581 -4
578 582 -1
578 583 2
578 584 -2
579 581 -2
579 582 2
579 583 1
579 584 -2
580 581 1
580 582 -2
580 583 1
580 584 -4
585 589 4
585 590 4
585 591 -1
585 592 2
586 589 4
586 590 4
586 591 -2
586 592 1
587 589 -4
587 590 2
587 591 4
587 592 4
588 589 -4
588 590 2
588 591 -1
588 592 -1
593 597 4
593 598 -2
593 599 -1
593 600 4
594 597 -4
594 598 -4
594 599 -4
594 600 1
595 597 2
595 598 -4
595 599 1
595 600 -2
596 597 -2
596 598 -2
596 599 1
596 600 -2
601 605 4
601 606 -1
601 607 -4
601 608 -2
602 605 -1
602 606 -1
602 607 -2
602 608 -2
603 605 1
603 606 1
603 607 -1
603 608 -4
604 605 -4
604 606 -2
604 607 -4
604 608 -2
609 613 -1
609 614 2
609 615 4
609 616 2
610 613 -2
610 614 -2
610 615 -4
610 616 2
611 613 -1
611 614 -1
611 615 -4
611 616 2
612 613 -1
612 614 -1
612 615 1
612 616 -2
617 621 -1
617 622 -4
617 623 -2
617 624 -1
618 621 4
618 622 2
618 623 2
618 624 -4
619 621 -1
619 622 2
619 623 -2
619 624 2
620 621 2
620 622 -2
620 623 -1
620 624 1
625 629 2
625 630 -4
625 631 4
625 632 -4
626 629 -1
626 630 -1
626 631 -4
626 632 -1
627 629 4
627 630 2
627 631 -4
627 632 2
628 629 -4
628 630 4
628 631 2
628 632 4
633 637 -4
633 638 -2
633 639 2
633 640 1
634 637 -4
634 638 -1
634 639 -2
634 640 1
635 637 1
635 638 1
635 639 -2
635 640 -2
636 637 -1
636 638 1
636 639 2
636 640 2
641 645 4
641 646 4
641 647 -1
641 648 1
642 645 1
642 646 -4
642 647 -1
642 648 -4
643 645 -2
643 646 -1
643 647 -2
643 648 -2
644 645 2
644 646 2
644 647 1
644 648 -2
649 653 -1
649 654 -1
649 655 4
649 656 1
650 653 -2
650 654 -2
650 655 -4
650 656 -1
651 653 4
651 654 1
651 655 -1
651 656 1
652 653 1
652 654 -1
652 655 2
652 656 -4
657 661 1
657 662 -1
657 663 2
657 664 1
658 661 4
658 662 -1
658 663 2
658 664 -1
659 661 1
659 662 -1
659 663 -4
659 664 -4
660 661 -2
660 662 2
660 663 1
660 664 -4
665 669 -4
665 670 2
665 671 -1
665 672 -4
666 669 -4
666 670 -2
666 671 4
666 672 -4
667 669 2
667 670 -4
667 671 -4
667 672 -4
668 669 4
668 670 -4
668 671 2
668 672 -1
673 677 -2
673 678 -1
673 679 -2
673 680 1
674 677 2
674 678 1
674 679 -1
674 680 2
675 677 -4
675 678 2
675 679 2
675 680 -2
676 677 -4
676 678 -2
676 679 -2
676 680 1
681 685 1
681 686 -1
681 687 -2
681 688 -2
682 685 4
682 686 4
682 687 4
682 688 2
683 685 -1
683 686 4
683 687 1
683 688 -4
684 685 -2
684 686 1
684 687 -4
684 688 -1
689 693 2
689 694 -2
689 695 -2
689 696 2
690 693 -4
690 694 2
690 695 -4
690 696 -2
691 693 4
691 694 -4
691 695 -1
691 696 -2
692 693 1
692 694 -1
692 695 -1
692 696 -1
697 701 -1
697 702 1
697 703 2
697 704 -1
698 701 -2
698 702 2
698 703 -1
698 704 -4
699 701 2
699 702 2
699 703 1
699 704 -4
700 701 1
700 702 4
700 703 2
700 704 1
705 709 2
705 710 -2
705 711 2
705 712 -4
706 709 -1
706 710 -2
706 711 -4
706 712 -2
707 709 2
707 710 4
707 711 4
707 712 -4
708 709 -2
708 710 1
708 711 -1
708 712 -1
713 717 -4
713 718 4
713 719 -1
713 720 1
714 717 -2
714 718 -4
714 719 4
714 720 -1
715 717 -1
715 718 2
715 719 2
715 720 4
716 717 2
716 718 1
716 719 -4
716 720 1
721 725 4
721 726 1
721 727 -2
721 728 -4
722 725 -4
722 726 -2
722 727 -2
722 728 -2
723 725 1
723 726 -2
723 727 -1
723 728 -4
724 725 2
724 726 4
724 727 -4
724 728 -1
729 733 4
729 734 -1
729 735 -4
729 736 2
730 733 1
730 734 -1
730 735 -4
730 736 -4
731 733 -4
731 734 4
731 735 1
731 736 -1
732 733 2
732 734 1
732 735 4
732 736 2
737 741 1
737 742 2
737 743 -2
737 744 1
738 741 -1
738 742 -2
738 743 4
738 744 -2
739 741 4
739 742 -2
739 743 1
739 744 1
740 741 -1
740 742 -1
740 743 -4
740 744 4
745 749 1
745 750 4
745 751 1
745 752 -1
746 749 4
746 750 1
746 751 1
746 752 -1
747 749 -1
747 750 -2
747 751 4
747 752 2
748 749 -1
748 750 2
748 751 -2
748 752 -2
753 757 -2
753 758 -4
753 759 2
753 760 -1
754 757 1
754 758 -2
754 759 4
754 760 -4
755 757 4
755 758 2
755 759 1
755 760 -4
756 757 2
756 758 -1
756 759 2
756 760 2
761 765 -2
761 766 -2
761 767 4
761 768 -1
762 765 -1
762 766 -4
762 767 2
762 768 -2
763 765 4
763 766 1
763 767 2
763 768 1
764 765 4
764 766 -2
764 767 4
764 768 2
769 773 -4
769 774 4
769 775 -2
769 776 -2
770 773 -2
770 774 4
770 775 -4
770 776 -2
771 773 2
771 774 -4
771 775 -2
771 776 1
772 773 -1
772 774 -1
772 775 -1
772 776 -4
777 781 -4
777 782 -4
777 783 -2
777 784 2
778 781 -1
778 782 2
778 783 -1
778 784 -1
779 781 1
779 782 1
779 783 4
779 784 -2
780 781 1
780 782 -2
780 783 -2
780 784 4
785 789 1
785 790 -1
785 791 -1
785 792 -1
786 789 2
786 790 1
786 791 4
786 792 2
787 789 1
787 790 2
787 791 -2
787 792 4
788 789 4
788 790 2
788 791 1
788 792 -4
793 797 -4
793 798 -4
793 799 -2
793 800 2
794 797 2
794 798 4
794 799 -2
794 800 1
795 797 2
795 798 2
795 799 2
795 800 1
796 797 -1
796 798 -4
796 799 2
796 800 1
801 805 -2
801 806 2
801 807 4
801 808 2
802 805 -4
802 806 2
802 807 -4
802 808 -1
803 805 1
803 806 -1
803 807 -4
803 808 -2
804 805 4
804 806 -1
804 807 -4
804 808 2
809 813 2
809 814 4
809 815 2
809 816 1
810 813 -1
810 814 1
810 815 -4
810 816 4
811 813 -1
811 814 -4
811 815 -1
811 816 -2
812 813 1
812 814 -2
812 815 1
812 816 -1
817 821 4
817 822 -4
817 823 -4
817 824 -1
818 821 -1
818 822 2
818 823 2
818 824 2
819 821 1
819 822 -4
819 823 4
819 824 1
820 821 1
820 822 4
820 823 1
820 824 -2
825 829 -1
825 830 -4
825 831 1
825 832 -4
826 829 1
826 830 2
826 831 2
826 832 -4
827 829 -2
827 830 -4
827 831 -2
827 832 -2
828 829 -1
828 830 2
828 831 -2
828 832 2
833 837 -1
833 838 -4
833 839 2
833 840 -1
834 837 -1
834 838 -1
834 839 4
834 840 -4
835 837 -2
835 838 4
835 839 -2
835 840 -2
836 837 -2
836 838 2
836 839 -4
836 840 -1
841 845 1
841 846 -1
841 847 2
841 848 2
842 845 1
842 846 -1
842 847 -1
842 848 -1
843 845 2
843 846 2
843 847 -2
843 848 -2
844 845 -2
844 846 1
844 847 -4
844 848 1
849 853 -4
849 854 4
849 855 -1
849 856 -4
850 853 2
850 854 1
850 855 4
850 856 -2
851 853 -2
851 854 -4
851 855 -1
851 856 4
852 853 -1
852 854 -4
852 855 -1
852 856 1
857 861 1
857 862 2
857 863 -2
857 864 2
858 861 1
858 862 -2
858 863 -2
858 864 -1
859 861 2
859 862 -1
859 863 1
859 864 1
860 861 1
860 862 4
860 863 4
860 864 -4
865 869 2
865 870 -2
865 871 4
865 872 2
866 869 1
866 870 -2
866 871 2
866 872 4
867 869 -4
867 870 -1
867 871 -1
867 872 4
868 869 -2
868 870 -2
868 871 -4
868 872 4
873 877 1
873 878 1
873 879 4
873 880 2
874 877 1
874 878 2
874 879 -2
874 880 1
875 877 -2
875 878 2
875 879 -2
875 880 1
876 877 1
876 878 -2
876 879 -2
876 880 -4
881 885 4
881 886 -4
881 887 -2
881 888 -4
882 885 -1
882 886 -4
882 887 4
882 888 2
883 885 1
883 886 -4
883 887 2
883 888 1
884 885 -1
884 886 -1
884 887 4
884 888 4
889 893 -2
889 894 4
889 895 -2
889 896 -2
890 893 -2
890 894 -1
890 895 4
890 896 2
891 893 2
891 894 -2
891 895 2
891 896 1
892 893 2
892 894 -1
892 895 -4
892 896 -2
897 901 -4
897 902 4
897 903 -4
897 904 1
898 901 -4
898 902 -2
898 903 -4
898 904 1
899 901 2
899 902 2
899 903 1
899 904 -2
900 901 -2
900 902 1
900 903 2
900 904 4
905 909 -4
905 910 4
905 911 -2
905 912 -2
906 909 1
906 910 -2
906 911 2
906 912 4
907 909 -2
907 910 -2
907 911 2
907 912 -1
908 909 2
908 910 1
908 911 -1
908 912 2
913 917 -4
913 918 4
913 919 -2
913 920 -1
914 917 -1
914 918 -1
914 919 1
914 920 -1
915 917 1
915 918 -1
915 919 -1
915 920 2
916 917 4
916 918 -2
916 919 2
916 920 -2
921 925 -4
921 926 2
921 927 2
921 928 1
922 925 4
922 926 -4
922 927 -2
922 928 -2
923 925 -4
923 926 4
923 927 -4
923 928 4
924 925 -4
924 926 -1
924 927 4
924 928 -1
929 933 -4
929 934 -4
929 935 4
929 936 -1
930 933 2
930 934 2
930 935 1
930 936 4
931 933 -4
931 934 -2
931 935 -1
931 936 -4
932 933 1
932 934 -2
932 935 1
932 936 1
937 941 2
937 942 4
937 943 -4
937 944 2
938 941 -1
938 942 2
938 943 -1
938 944 2
939 941 -1
939 942 1
939 943 -4
939 944 2
940 941 -1
940 942 -1
940 943 4
940 944 2
945 949 -2
945 950 2
945 951 -1
945 952 -4
946 949 2
946 950 -4
946 951 -1
946 952 2
947 949 1
947 950 -1
947 951 -2
947 952 -2
948 949 -2
948 950 2
948 951 -2
948 952 4
953 957 -4
953 958 -2
953 959 -2
953 960 1
954 957 -4
954 958 2
954 959 -1
954 960 1
955 957 1
955 958 -1
955 959 -1
955 960 -2
956 957 4
956 958 2
956 959 -1
956 960 4
961 965 4
961 966 4
961 967 -2
961 968 2
962 965 -1
962 966 -1
962 967 -2
962 968 -2
963 965 4
963 966 1
963 967 -4
963 968 -4
964 965 2
964 966 1
964 967 -4
964 968 -1
969 973 1
969 974 -4
969 975 -2
969 976 4
970 973 1
970 974 1
970 975 2
970 976 -4
971 973 -1
971 974 2
971 975 4
971 976 2
972 973 -2
972 974 -1
972 975 -4
972 976 1
977 981 -2
977 982 -4
977 983 -1
977 984 -1
978 981 2
978 982 1
978 983 -2
978 984 4
979 981 -4
979 982 -1
979 983 4
979 984 -2
980 981 4
980 982 -1
980 983 -1
980 984 -2
985 989 -1
985 990 2
985 991 -2
985 992 4
986 989 -4
986 990 1
986 991 4
986 992 -2
987 989 4
987 990 -1
987 991 4
987 992 4
988 989 2
988 990 2
988 991 -4
988 992 4
993 997 4
993 998 -1
993 999 -2
993 1000 -2
994 997 -4
994 998 4
994 999 4
994 1000 -4
995 997 -1
995 998 2
995 999 -4
995 1000 -2
996 997 2
996 998 -1
996 999 4
996 1000 -2
1001 1005 2
1001 1006 2
1001 1007 1
1001 1008 -4
1002 1005 -1
1002 1006 2
1002 1007 -4
1002 1008 -2
1003 1005 2
1003 1006 4
1003 1007 1
1003 1008 2
1004 1005 -1
1004 1006 -2
1004 1007 -4
1004 1008 4
1009 1013 2
1009 1014 4
1009 1015 -4
1009 1016 4
1010 1013 -1
1010 1014 -1
1010 1015 1
1010 1016 2
1011 1013 -4
1011 1014 -2
1011 1015 -2
1011 1016 4
1012 1013 1
1012 1014 1
1012 1015 4
1012 1016 -1
1017 1021 2
1017 1022 4
1017 1023 1
1017 1024 4
1018 1021 -1
1018 1022 1
1018 1023 1
1018 1024 -1
1019 1021 1
1019 1022 -2
1019 1023 -4
1019 1024 1
1020 1021 4
1020 1022 2
1020 1023 -2
1020 1024 -2
1025 1029 -1
1025 1030 -4
1025 1031 -4
1025 1032 2
1026 1029 -2
1026 1030 -4
1026 1031 2
1026 1032 1
1027 1029 -1
1027 1030 2
1027 1031 -2
1027 1032 1
1028 1029 1
1028 1030 1
1028 1031 -4
1028 1032 1
1033 1037 -2
1033 1038 1
1033 1039 2
1033 1040 -2
1034 1037 4
1034 1038 2
1034 1039 -2
1034 1040 4
1035 1037 -2
1035 1038 4
1035 1039 2
1035 1040 -1
1036 1037 -2
1036 1038 -2
1036 1039 4
1036 1040 1
1041 1045 2
1041 1046 -4
1041 1047 -2
1041 1048 1
1042 1045 -2
1042 1046 -1
1042 1047 -1
1042 1048 2
1043 1045 2
1043 1046 -4
1043 1047 -1
1043 1048 -1
1044 1045 1
1044 1046 -4
1044 1047 4
1044 1048 2
1049 1053 -4
1049 1054 -2
1049 1055 4
1049 1056 -1
1050 1053 1
1050 1054 4
1050 1055 4
1050 1056 -1
1051 1053 2
1051 1054 4
1051 1055 -2
1051 1056 -2
1052 1053 -2
1052 1054 4
1052 1055 4
1052 1056 2
1057 1061 1
1057 1062 -4
1057 1063 -1
1057 1064 -4
1058 1061 -4
1058 1062 2
1058 1063 1
1058 1064 -1
1059 1061 4
1059 1062 -2
1059 1063 2
1059 1064 4
1060 1061 -4
1060 1062 1
1060 1063 -2
1060 1064 -2
1065 1069 4
1065 1070 -4
1065 1071 2
1065 1072 -1
1066 1069 -2
1066 1070 -1
1066 1071 1
1066 1072 1
1067 1069 1
1067 1070 -1
1067 1071 -4
1067 1072 1
1068 1069 -2
1068 1070 -2
1068 1071 1
1068 1072 4
1073 1077 -4
1073 1078 4
1073 1079 1
1073 1080 4
1074 1077 2
1074 1078 4
1074 1079 1
1074 1080 4
1075 1077 4
1075 1078 4
1075 1079 -4
1075 1080 -2
1076 1077 -2
1076 1078 -2
1076 1079 -4
1076 1080 -2
1081 1085 1
1081 1086 1
1081 1087 4
1081 1088 -4
1082 1085 -4
1082 1086 -2
1082 1087 2
1082 1088 2
1083 1085 1
1083 1086 2
1083 1087 1
1083 1088 -4
1084 1085 4
1084 1086 1
1084 1087 4
1084 1088 2
1089 1093 -1
1089 1094 4
1089 1095 2
1089 1096 1
1090 1093 1
1090 1094 2
1090 1095 -2
1090 1096 2
1091 1093 -4
1091 1094 -1
1091 1095 1
1091 1096 -4
1092 1093 4
1092 1094 -2
1092 1095 -1
1092 1096 4
1097 1101 -2
1097 1102 1
1097 1103 -4
1097 1104 2
1098 1101 -2
1098 1102 4
1098 1103 2
1098 1104 2
1099 1101 4
1099 1102 1
1099 1103 -4
1099 1104 -4
1100 1101 1
1100 1102 2
1100 1103 -2
1100 1104 1
1105 1109 2
1105 1110 4
1105 1111 4
1105 1112 2
1106 1109 -1
1106 1110 4
1106 1111 -2
1106 1112 -4
1107 1109 2
1107 1110 1
1107 1111 -1
1107 1112 -2
1108 1109 4
1108 1110 4
1108 1111 2
1108 1112 -4
1113 1117 2
1113 1118 2
1113 1119 -1
1113 1120 -4
1114 1117 4
1114 1118 -2
1114 1119 -2
1114 1120 -1
1115 1117 -1
1115 1118 -1
1115 1119 1
1115 1120 1
1116 1117 1
1116 1118 -1
1116 1119 -2
1116 1120 2
1121 1125 1
1121 1126 4
1121 1127 -2
1121 1128 -4
1122 1125 4
1122 1126 -4
1122 1127 2
1122 1128 -2
1123 1125 -1
1123 1126 2
1123 1127 1
1123 1128 2
1124 1125 -2
1124 1126 -4
1124 1127 1
1124 1128 4
1129 1133 1
1129 1134 -2
1129 1135 1
1129 1136 -1
1130 1133 -4
1130 1134 -2
1130 1135 1
1130 1136 -2
1131 1133 4
1131 1134 2
1131 1135 4
1131 1136 1
1132 1133 2
1132 1134 1
1132 1135 1
1132 1136 -2
1137 1141 -4
1137 1142 4
1137 1143 2
1137 1144 -2
1138 1141 4
1138 1142 4
1138 1143 1
1138 1144 -2
1139 1141 1
1139 1142 -1
1139 1143 -4
1139 1144 1
1140 1141 -4
1140 1142 -2
1140 1143 -1
1140 1144 4
1145 1149 2
1145 1150 4
1145 1151 1
1145 1152 1
1146 1149 1
1146 1150 2
1146 1151 -1
1146 1152 2
1147 1149 1
1147 1150 -4
1147 1151 -2
1147 1152 -4
1148 1149 4
1148 1150 -2
1148 1151 2
1148 1152 2
5 13 1
6 14 4
7 15 -2
8 16 4
13 21 1
14 22 -2
15 23 -2
16 24 1
21 29 -1
22 30 -2
23 31 4
24 32 -2
29 37 -2
30 38 1
31 39 -2
32 40 4
37 45 4
38 46 -1
39 47 -2
40 48 -2
45 53 -1
46 54 1
47 55 -4
48 56 2
53 61 -4
54 62 -4
55 63 2
56 64 -2
61 69 -2
62 70 -1
63 71 -2
64 72 4
69 77 -2
70 78 4
71 79 -4
72 80 -1
77 85 -4
78 86 2
79 87 1
80 88 -1
85 93 -2
86 94 -1
87 95 2
88 96 2
101 109 2
102 110 1
103 111 1
104 112 2
109 117 4
110 118 2
111 119 -4
112 120 -1
117 125 4
118 126 2
119 127 4
120 128 -4
125 133 -4
126 134 -2
127 135 2
128 136 2
133 141 1
134 142 4
135 143 -4
136 144 -1
141 149 -1
142 150 -4
143 151 2
144 152 1
149 157 -2
150 158 -2
151 159 -4
152 160 1
157 165 -2
158 166 -2
159 167 -2
160 168 -2
165 173 -2
166 174 1
167 175 4
168 176 -2
173 181 -2
174 182 2
175 183 -1
176 184 1
181 189 -1
182 190 -2
183 191 -2
184 192 2
197 205 2
198 206 1
199 207 1
200 208 1
205 213 1
206 214 2
207 215 -1
208 216 -1
213 221 1
214 222 -1
215 223 2
216 224 -4
221 229 -2
222 230 -2
223 231 1
224 232 2
229 237 -2
230 238 -4
231 239 -2
232 240 -4
237 245 -2
238 246 -1
239 247 1
240 248 -2
245 253 -1
246 254 4
247 255 -4
248 256 -1
253 261 -2
254 262 -4
255 263 -4
256 264 1
261 269 1
262 270 1
263 271 -2
264 272 -4
269 277 -4
270 278 -4
271 279 2
272 280 1
277 285 -2
278 286 -4
279 287 -1
280 288 2
293 301 -2
294 302 -4
295 303 1
296 304 2
301 309 1
302 310 -2
303 311 -4
304 312 -2
309 317 -1
310 318 1
311 319 -2
312 320 -1
317 325 2
318 326 2
319 327 2
320 328 1
325 333 -1
326 334 -2
327 335 -1
328 336 4
333 341 -1
334 342 2
335 343 -2
336 344 1
341 349 -1
342 350 2
343 351 4
344 352 -1
349 357 2
350 358 2
351 359 2
352 360 4
357 365 1
358 366 -4
359 367 2
360 368 4
365 373 1
366 374 -1
367 375 2
368 376 4
373 381 1
374 382 -1
375 383 -1
376 384 4
389 397 -2
390 398 -2
391 399 -1
392 400 1
397 405 -1
398 406 -2
399 407 2
400 408 -1
405 413 2
406 414 -1
407 415 4
408 416 4
413 421 -2
414 422 2
415 423 2
416 424 1
421 429 -4
422 430 -2
423 431 1
424 432 1
429 437 2
430 438 -1
431 439 -1
432 440 4
437 445 1
438 446 -2
439 447 2
440 448 1
445 453 -1
446 454 -1
447 455 4
448 456 -1
453 461 1
454 462 2
455 463 1
456 464 2
461 469 -4
462 470 -4
463 471 1
464 472 2
469 477 -4
470 478 1
471 479 -4
472 480 1
485 493 -1
486 494 4
487 495 -4
488 496 1
493 501 4
494 502 -2
495 503 2
496 504 -4
501 509 2
502 510 -2
503 511 -1
504 512 4
509 517 -4
510 518 2
511 519 -1
512 520 -1
517 525 -4
518 526 -2
519 527 -4
520 528 4
525 533 -4
526 534 1
527 535 -2
528 536 -2
533 541 -4
534 542 2
535 543 1
536 544 -4
541 549 2
542 550 -1
543 551 4
544 552 -1
549 557 -1
550 558 -4
551 559 -1
552 560 -4
557 565 -4
558 566 -4
559 567 4
560 568 1
565 573 -1
566 574 -2
567 575 1
568 576 -2
581 589 -2
582 590 1
583 591 -4
584 592 -2
589 597 -1
590 598 -1
591 599 -1
592 600 -1
597 605 -4
598 606 -4
599 607 -1
600 608 4
605 613 -1
606 614 -2
607 615 -1
608 616 4
613 621 1
614 622 4
615 623 -4
616 624 4
621 629 1
622 630 -1
623 631 -4
624 632 2
629 637 2
630 638 -1
631 639 2
632 640 1
637 645 -4
638 646 4
639 647 2
640 648 -4
645 653 -2
646 654 -1
647 655 1
648 656 -2
653 661 -1
654 662 1
655 663 1
656 664 -4
661 669 4
662 670 -1
663 671 -1
664 672 -1
677 685 -2
678 686 2
679 687 4
680 688 2
685 693 1
686 694 -4
687 695 -4
688 696 1
693 701 1
694 702 2
695 703 -2
696 704 1
701 709 -2
702 710 -1
703 711 -4
704 712 -2
709 717 1
710 718 1
711 719 -4
712 720 -4
717 725 1
718 726 -4
719 727 2
720 728 -2
725 733 -4
726 734 1
727 735 -4
728 736 1
733 741 -2
734 742 -4
735 743 -4
736 744 4
741 749 2
742 750 -1
743 751 1
744 752 1
749 757 2
750 758 -2
751 759 4
752 760 4
757 765 4
758 766 4
759 767 -2
760 768 -1
773 781 4
774 782 -2
775 783 -4
776 784 -1
781 789 2
782 790 2
783 791 -2
784 792 2
789 797 -1
790 798 2
791 799 4
792 800 -1
797 805 -2
798 806 4
799 807 2
800 808 -4
805 813 1
806 814 -2
807 815 -2
808 816 -1
813 821 1
814 822 4
815 823 -1
816 824 2
821 829 4
822 830 1
823 831 4
824 832 1
829 837 -4
830 838 -1
831 839 2
832 840 1
837 845 1
838 846 -1
839 847 1
840 848 -2
845 853 2
846 854 1
847 855 1
848 856 -4
853 861 1
854 862 1
855 863 2
856 864 4
869 877 4
870 878 -2
871 879 -1
872 880 4
877 885 1
878 886 -2
879 887 -4
880 888 2
885 893 2
886 894 -4
887 895 1
888 896 -2
893 901 -4
894 902 1
895 903 1
896 904 4
901 909 -1
902 910 -1
903 911 2
904 912 2
909 917 -1
910 918 -2
911 919 4
912 920 4
917 925 -2
918 926 2
919 927 4
920 928 -2
925 933 2
926 934 4
927 935 4
928 936 1
933 941 2
934 942 -1
935 943 4
936 944 1
941 949 2
942 950 -1
943 951 -4
944 952 -4
949 957 2
950 958 1
951 959 2
952 960 -2
965 973 -2
966 974 4
967 975 4
968 976 -4
973 981 2
974 982 -2
975 983 -1
976 984 -4
981 989 1
982 990 -4
983 991 -1
984 992 1
989 997 1
990 998 -4
991 999 -4
992 1000 4
997 1005 2
998 1006 -2
999 1007 2
1000 1008 4
1005 1013 -1
1006 1014 -2
1007 1015 -1
1008 1016 2
1013 1021 -1
1014 1022 4
1015 1023 2
1016 1024 1
1021 1029 -4
1022 1030 2
1023 1031 -1
1024 1032 -4
1029 1037 -2
1030 1038 -4
1031 1039 2
1032 1040 -2
1037 1045 2
1038 1046 -4
1039 1047 2
1040 1048 2
1045 1053 1
1046 1054 -4
1047 1055 2
1048 1056 -1
1061 1069 -2
1062 1070 4
1063 1071 -4
1064 1072 -4
1069 1077 1
1070 1078 4
1071 1079 4
1072 1080 -4
1077 1085 4
1078 1086 -1
1079 1087 4
1080 1088 -4
1085 1093 2
1086 1094 4
1087 1095 -2
1088 1096 2
1093 1101 -1
1094 1102 -2
1095 1103 -2
1096 1104 4
1101 1109 2
1102 1110 -1
1103 1111 -1
1104 1112 2
1109 1117 -1
1110 1118 -4
1111 1119 1
1112 1120 -1
1117 1125 -1
1118 1126 2
1119 1127 -1
1120 1128 1
1125 1133 2
1126 1134 1
1127 1135 4
1128 1136 2
1133 1141 -4
1134 1142 -2
1135 1143 2
1136 1144 -1
1141 1149 -4
1142 1150 1
1143 1151 -2
1144 1152 2
1 97 4
2 98 2
3 99 2
4 100 4
97 193 1
98 194 2
99 195 -2
100 196 -4
193 289 1
194 290 -1
195 291 -4
196 292 4
289 385 4
290 386 -4
291 387 -1
292 388 -4
385 481 1
386 482 -2
387 483 -1
388 484 -4
481 577 4
482 578 4
483 579 -2
484 580 4
577 673 2
578 674 -1
579 675 -2
580 676 1
673 769 -4
674 770 4
675 771 -4
676 772 -2
769 865 -2
770 866 -4
771 867 2
772 868 -1
865 961 -2
866 962 2
867 963 2
868 964 -2
961 1057 -4
962 1058 2
963 1059 4
964 1060 1
9 105 -2
10 106 -1
11 107 -2
12 108 -1
105 201 1
106 202 2
107 203 -4
108 204 1
201 297 2
202 298 1
203 299 -2
204 300 2
297 393 1
298 394 -4
299 395 1
300 396 -2
393 489 -1
394 490 -2
395 491 -4
396 492 1
489 585 -4
490 586 1
491 587 2
492 588 -2
585 681 -2
586 682 4
587 683 4
588 684 2
681 777 1
682 778 -4
683 779 2
684 780 -2
777 873 -4
778 874 -1
779 875 4
780 876 -4
873 969 2
874 970 1
875 971 -1
876 972 -4
969 1065 -2
970 1066 4
971 1067 -4
972 1068 -1
17 113 2
18 114 2
19 115 -1
20 116 1
113 209 -1
114 210 -1
115 211 -1
116 212 2
209 305 -1
210 306 -2
211 307 -2
212 308 4
305 401 -1
306 402 -2
307 403 -4
308 404 4
401 497 -4
402 498 -4
403 499 -1
404 500 1
497 593 -2
498 594 -1
499 595 4
500 596 2
593 689 -4
594 690 4
595 691 1
596 692 -2
689 785 -2
690 786 -2
691 787 -1
692 788 -1
785 881 -2
786 882 -2
787 883 2
788 884 1
881 977 -1
882 978 4
883 979 -1
884 980 -4
977 1073 -4
978 1074 4
979 1075 -1
980 1076 -2
25 121 -2
26 122 1
27 123 -4
28 124 4
121 217 -2
122 218 -2
123 219 4
124 220 2
217 313 -4
218 314 -2
219 315 1
220 316 2
313 409 -2
314 410 2
315 411 2
316 412 -1
409 505 4
410 506 -4
411 507 2
412 508 2
505 601 -2
506 602 -2
507 603 4
508 604 4
601 697 -4
602 698 -4
603 699 -2
604 700 -1
697 793 -1
698 794 -2
699 795 -2
700 796 -1
793 889 2
794 890 -2
795 891 -1
796 892 1
889 985 -2
890 986 -1
891 987 -1
892 988 1
985 1081 4
986 1082 -2
987 1083 4
988 1084 1
33 129 -2
34 130 -4
35 131 2
36 132 -4
129 225 2
130 226 -4
131 227 1
132 228 4
225 321 -1
226 322 1
227 323 -1
228 324 -4
321 417 4
322 418 -2
323 419 1
324 420 4
417 513 -2
418 514 -2
419 515 -2
420 516 1
513 609 -1
514 610 4
515 611 2
516 612 2
609 705 4
610 706 2
611 707 -4
612 708 1
705 801 -4
706 802 1
707 803 4
708 804 4
801 897 -2
802 898 -2
803 899 -4
804 900 4
897 993 -4
898 994 4
899 995 4
900 996 4
993 1089 2
994 1090 1
995 1091 -2
996 1092 4
41 137 2
42 138 -2
43 139 -1
44 140 4
137 233 1
138 234 -4
139 235 -4
140 236 4
233 329 -1
234 330 4
235 331 4
236 332 1
329 425 -4
330 426 -2
331 427 4
332 428 -1
425 521 4
426 522 -2
427 523 1
428 524 4
521 617 -1
522 618 4
523 619 -2
524 620 2
617 713 -4
618 714 2
619 715 4
620 716 2
713 809 2
714 810 -1
715 811 -2
716 812 2
809 905 -4
810 906 2
811 907 1
812 908 4
905 1001 1
906 1002 -4
907 1003 2
908 1004 -1
1001 1097 1
1002 1098 2
1003 1099 -1
1004 1100 1
49 145 -4
50 146 1
51 147 -2
52 148 -1
145 241 -4
146 242 4
147 243 -4
148 244 2
241 337 2
242 338 1
243 339 4
244 340 4
337 433 2
338 434 -2
339 435 4
340 436 4
433 529 -4
434 530 -1
435 531 -2
436 532 2
529 625 4
530 626 -4
531 627 -2
532 628 -4
625 721 -1
626 722 1
627 723 4
628 724 4
721 817 2
722 818 2
723 819 -1
724 820 -1
817 913 -4
818 914 -4
819 915 -1
820 916 -1
913 1009 -1
914 1010 4
915 1011 4
916 1012 -2
1009 1105 1
1010 1106 4
1011 1107 4
1012 1108 -1
57 153 2
58 154 -1
59 155 2
60 156 -4
153 249 2
154 250 2
155 251 -2
156 252 -4
249 345 -2
250 346 -2
251 347 -4
252 348 -4
345 441 4
346 442 -1
347 443 -4
348 444 -4
441 537 1
442 538 -1
443 539 4
444 540 -4
537 633 4
538 634 -2
539 635 -1
540 636 2
633 729 -1
634 730 -4
635 731 -1
636 732 2
729 825 -4
730 826 2
731 827 2
732 828 4
825 921 1
826 922 4
827 923 1
828 924 -1
921 1017 1
922 1018 -4
923 1019 -1
924 1020 -1
1017 1113 -1
1018 1114 2
1019 1115 1
1020 1116 -4
65 161 -2
66 162 2
67 163 -4
68 164 -2
161 257 -2
162 258 -1
163 259 4
164 260 2
257 353 -4
258 354 -2
259 355 -1
260 356 2
353 449 -2
354 450 1
355 451 1
356 452 -2
449 545 -1
450 546 -4
451 547 -4
452 548 4
545 641 -2
546 642 -2
547 643 -2
548 644 2
641 737 2
642 738 -2
643 739 -1
644 740 2
737 833 -2
738 834 1
739 835 -2
740 836 1
833 929 -4
834 930 2
835 931 -1
836 932 4
929 1025 2
930 1026 -1
931 1027 2
932 1028 2
1025 1121 -4
1026 1122 2
1027 1123 2
1028 1124 -2
73 169 -4
74 170 4
75 171 2
76 172 1
169 265 -4
170 266 1
171 267 1
172 268 -2
265 361 4
266 362 -2
267 363 -2
268 364 -1
361 457 2
362 458 2
363 459 1
364 460 -2
457 553 4
458 554 2
459 555 4
460 556 -2
553 649 4
554 650 2
555 651 -4
556 652 2
649 745 -2
650 746 4
651 747 2
652 748 2
745 841 -2
746 842 1
747 843 -2
748 844 -2
841 937 -2
842 938 -4
843 939 1
844 940 2
937 1033 -4
938 1034 1
939 1035 2
940 1036 -1
1033 1129 -4
1034 1130 2
1035 1131 -2
1036 1132 2
81 177 -4
82 178 2
83 179 -2
84 180 1
177 273 2
178 274 2
179 275 1
180 276 1
273 369 4
274 370 1
275 371 4
276 372 -1
369 465 -1
370 466 4
371 467 -2
372 468 -2
465 561 4
466 562 -1
467 563 -4
468 564 1
561 657 -2
562 658 4
563 659 1
564 660 4
657 753 -4
658 754 1
659 755 2
660 756 -2
753 849 -1
754 850 -4
755 851 4
756 852 -4
849 945 -4
850 946 4
851 947 -1
852 948 2
945 1041 2
946 1042 -1
947 1043 -4
948 1044 2
1041 1137 2
1042 1138 4
1043 1139 -4
1044 1140 2
89 185 4
90 186 -2
91 187 -1
92 188 -1
185 281 -4
186 282 -2
187 283 -1
188 284 -4
281 377 1
282 378 2
283 379 -1
284 380 -4
377 473 -4
378 474 -4
379 475 4
380 476 -4
473 569 4
474 570 -2
475 571 1
476 572 -1
569 665 -1
570 666 -2
571 667 -4
572 668 -4
665 761 -1
666 762 -1
667 763 -1
668 764 4
761 857 4
762 858 -4
763 859 -4
764 860 -4
857 953 -2
858 954 4
859 955 1
860 956 -2
953 1049 4
954 1050 -1
955 1051 -1
956 1052 2
1049 1145 2
1050 1146 -1
1051 1147 4
1052 1148 -1
