#
1 5 1
1 6 1
1 7 -4
1 8 -1
2 5 1
2 6 -1
2 7 -2
2 8 -2
3 5 -1
3 6 -4
3 7 -2
3 8 1
4 5 2
4 6 -4
4 7 -2
4 8 2
9 13 4
9 14 2
9 15 -4
9 16 1
10 13 2
10 14 -4
10 15 -1
10 16 -4
11 13 -4
11 14 4
11 15 1
11 16 -4
12 13 -2
12 14 -4
12 15 4
12 16 4
17 21 -2
17 22 -4
17 23 1
17 24 4
18 21 4
18 22 4
18 23 -2
18 24 -1
19 21 4
19 22 -1
19 23 -2
19 24 -4
20 21 -1
20 22 1
20 23 4
20 24 -1
25 29 2
25 30 2
25 31 2
25 32 1
26 29 1
26 30 1
26 31 -2
26 32 1
27 29 1
27 30 -2
27 31 -1
27 32 4
28 29 -2
28 30 -1
28 31 2
28 32 1
33 37 -1
33 38 4
33 39 1
33 40 2
34 37 2
34 38 4
34 39 2
34 40 1
35 37 -1
35 38 -1
35 39 -1
35 40 -4
36 37 -2
36 38 2
36 39 4
36 40 -1
41 45 1
41 46 -1
41 47 4
41 48 -4
42 45 4
42 46 -2
42 47 2
42 48 -4
43 45 1
43 46 -2
43 47 -4
43 48 1
44 45 -1
44 46 -1
44 47 4
44 48 -4
49 53 -1
49 54 -1
49 55 1
49 56 -2
50 53 4
50 54 -1
50 55 1
50 56 -1
51 53 -2
51 54 2
51 55 -2
51 56 -1
52 53 1
52 54 -1
52 55 -1
52 56 1
57 61 -1
57 62 4
57 63 1
57 64 -4
58 61 4
58 62 -1
58 63 4
58 64 4
59 61 1
59 62 -2
59 63 -2
59 64 -1
60 61 -4
60 62 4
60 63 -1
60 64 -4
65 69 -2
65 70 4
65 71 4
65 72 -2
66 69 -4
66 70 -2
66 71 4
66 72 -2
67 69 1
67 70 1
67 71 2
67 72 -1
68 69 2
68 70 -2
68 71 -4
68 72 4
73 77 1
73 78 -1
73 79 4
73 80 -2
74 77 -4
74 78 -2
74 79 -1
74 80 -2
75 77 1
75 78 -2
75 79 1
75 80 -2
76 77 2
76 78 4
76 79 2
76 80 -4
81 85 -1
81 86 -1
81 87 1
81 88 2
82 85 2
82 86 -2
82 87 -1
82 88 -2
83 85 2
83 86 -2
83 87 -1
83 88 -1
84 85 2
84 86 4
84 87 1
84 88 1
89 93 4
89 94 -2
89 95 -1
89 96 1
90 93 1
90 94 4
90 95 4
90 96 -1
91 93 -2
91 94 4
91 95 4
91 96 1
92 93 -4
92 94 -4
92 95 1
92 96 -2
97 101 4
97 102 2
97 103 -1
97 104 -4
98 101 -1
98 102 1
98 103 4
98 104 -1
99 101 -1
99 102 1
99 103 -4
99 104 -2
100 101 1
100 102 4
100 103 4
100 104 2
105 109 2
105 110 -4
105 111 2
105 112 2
106 109 2
106 110 4
106 111 2
106 112 2
107 109 -1
107 110 -2
107 111 -2
107 112 2
108 109 -4
108 110 -4
108 111 -1
108 112 -1
113 117 -2
113 118 2
113 119 1
113 120 1
114 117 -1
114 118 -2
114 119 1
114 120 2
115 117 1
115 118 -2
115 119 -4
115 120 1
116 117 4
116 118 -2
116 119 -4
116 120 1
121 125 2
121 126 2
121 127 -2
121 128 -2
122 125 -4
122 126 1
122 127 -2
122 128 -2
123 125 4
123 126 2
123 127 4
123 128 -4
124 125 2
124 126 -1
124 127 -1
124 128 2
129 133 4
129 134 1
129 135 -4
129 136 -2
130 133 2
130 134 4
130 135 2
130 136 -1
131 133 1
131 134 2
131 135 1
131 136 -4
132 133 -1
132 134 1
132 135 -4
132 136 -2
137 141 -2
137 142 -4
137 143 -2
137 144 -1
138 141 -2
138 142 -4
138 143 1
138 144 -4
139 141 -1
139 142 -4
139 143 1
139 144 -2
140 141 4
140 142 -2
140 143 2
140 144 2
145 149 -1
145 150 -4
145 151 -1
145 152 -1
146 149 1
146 150 -4
146 151 -4
146 152 4
147 149 -1
147 150 2
147 151 1
147 152 -4
148 149 4
148 150 -1
148 151 1
148 152 2
153 157 4
153 158 1
153 159 2
153 160 -4
154 157 2
154 158 1
154 159 2
154 160 1
155 157 -1
155 158 1
155 159 -4
155 160 2
156 157 2
156 158 -1
156 159 2
156 160 2
161 165 -2
161 166 4
161 167 4
161 168 -1
162 165 -4
162 166 -1
162 167 -1
162 168 -1
163 165 1
163 166 -1
163 167 2
163 168 1
164 165 1
164 166 2
164 167 -1
164 168 2
169 173 2
169 174 -2
169 175 1
169 176 -1
170 173 4
170 174 -4
170 175 2
170 176 2
171 173 4
171 174 -1
171 175 2
171 176 1
172 173 1
172 174 4
172 175 -4
172 176 1
177 181 -4
177 182 2
177 183 -1
177 184 4
178 181 -1
178 182 -2
178 183 4
178 184 -1
179 181 1
179 182 -4
179 183 2
179 184 2
180 181 -1
180 182 -4
180 183 -4
180 184 1
185 189 -2
185 190 -4
185 191 1
185 192 1
186 189 -2
186 190 -2
186 191 -2
186 192 1
187 189 -4
187 190 -4
187 191 -1
187 192 1
188 189 -2
188 190 -1
188 191 2
188 192 4
193 197 -2
193 198 2
193 199 2
193 200 -4
194 197 -1
194 198 1
194 199 -1
194 200 4
195 197 -4
195 198 2
195 199 1
195 200 4
196 197 -1
196 198 -1
196 199 -4
196 200 1
201 205 2
201 206 1
201 207 2
201 208 1
202 205 2
202 206 -2
202 207 -2
202 208 -4
203 205 -2
203 206 1
203 207 -2
203 208 -4
204 205 2
204 206 4
204 207 -4
204 208 -2
209 213 -1
209 214 -4
209 215 -1
209 216 1
210 213 -1
210 214 4
210 215 4
210 216 -4
211 213 4
211 214 1
211 215 1
211 216 -1
212 213 -1
212 214 -4
212 215 2
212 216 -4
217 221 4
217 222 2
217 223 -1
217 224 2
218 221 4
218 222 2
218 223 1
218 224 -4
219 221 2
219 222 4
219 223 -4
219 224 -4
220 221 -1
220 222 -4
220 223 4
220 224 -1
225 229 1
225 230 1
225 231 2
225 232 1
226 229 2
226 230 -2
226 231 1
226 232 -2
227 229 -4
227 230 -1
227 231 4
227 232 -4
228 229 -4
228 230 -4
228 231 4
228 232 1
233 237 -2
233 238 1
233 239 1
233 240 4
234 237 -1
234 238 2
234 239 -1
234 240 1
235 237 4
235 238 1
235 239 -2
235 240 -4
236 237 -1
236 238 4
236 239 -1
236 240 4
241 245 2
241 246 -2
241 247 2
241 248 -1
242 245 1
242 246 -2
242 247 -4
242 248 1
243 245 2
243 246 -4
243 247 -1
243 248 -1
244 245 2
244 246 -4
244 247 2
244 248 -1
249 253 -4
249 254 2
249 255 -1
249 256 1
250 253 -1
250 254 1
250 255 -2
250 256 -4
251 253 -4
251 254 -2
251 255 4
251 256 4
252 253 -4
252 254 2
252 255 -1
252 256 1
257 261 4
257 262 -4
257 263 -2
257 264 -2
258 261 -1
258 262 -1
258 263 1
258 264 -2
259 261 2
259 262 -4
259 263 2
259 264 -2
260 261 2
260 262 -2
260 263 -1
260 264 4
265 269 4
265 270 2
265 271 1
265 272 -2
266 269 -2
266 270 -2
266 271 -1
266 272 -1
267 269 2
267 270 2
267 271 1
267 272 -2
268 269 1
268 270 2
268 271 2
268 272 4
273 277 -4
273 278 -1
273 279 -1
273 280 1
274 277 2
274 278 -4
274 279 -4
274 280 -4
275 277 4
275 278 4
275 279 -4
275 280 2
276 277 4
276 278 2
276 279 -2
276 280 -2
281 285 2
281 286 1
281 287 2
281 288 1
282 285 -1
282 286 -2
282 287 -2
282 288 -1
283 285 2
283 286 -2
283 287 1
283 288 1
284 285 4
284 286 4
284 287 2
284 288 4
289 293 -1
289 294 2
289 295 2
289 296 1
290 293 -2
290 294 2
290 295 2
290 296 -4
291 293 -1
291 294 2
291 295 -4
291 296 2
292 293 1
292 294 -2
292 295 -2
292 296 4
297 301 -1
297 302 -2
297 303 1
297 304 1
298 301 1
298 302 2
298 303 -1
298 304 -2
299 301 -1
299 302 1
299 303 -2
299 304 -2
300 301 2
300 302 -1
300 303 1
300 304 1
305 309 2
305 310 1
305 311 -1
305 312 4
306 309 -2
306 310 -1
306 311 1
306 312 4
307 309 1
307 310 2
307 311 2
307 312 -4
308 309 1
308 310 1
308 311 -2
308 312 2
313 317 -2
313 318 1
313 319 -2
313 320 1
314 317 -2
314 318 1
314 319 1
314 320 -4
315 317 -1
315 318 1
315 319 1
315 320 1
316 317 1
316 318 4
316 319 -1
316 320 2
321 325 2
321 326 -4
321 327 -1
321 328 -2
322 325 2
322 326 -2
322 327 2
322 328 -2
323 325 -1
323 326 1
323 327 -2
323 328 -1
324 325 -4
324 326 4
324 327 1
324 328 1
329 333 1
329 334 4
329 335 -1
329 336 -1
330 333 1
330 334 -4
330 335 -4
330 336 2
331 333 -2
331 334 2
331 335 -4
331 336 1
332 333 2
332 334 2
332 335 1
332 336 -2
337 341 1
337 342 1
337 343 1
337 344 1
338 341 4
338 342 -2
338 343 -1
338 344 1
339 341 4
339 342 2
339 343 -2
339 344 -1
340 341 4
340 342 4
340 343 -2
340 344 4
345 349 1
345 350 1
345 351 -1
345 352 -2
346 349 -1
346 350 2
346 351 1
346 352 1
347 349 4
347 350 -1
347 351 -4
347 352 4
348 349 2
348 350 4
348 351 -1
348 352 -1
353 357 2
353 358 4
353 359 -1
353 360 -4
354 357 -1
354 358 4
354 359 4
354 360 1
355 357 2
355 358 -4
355 359 -1
355 360 1
356 357 -2
356 358 -4
356 359 -1
356 360 -1
361 365 -2
361 366 4
361 367 2
361 368 -1
362 365 -1
362 366 1
362 367 -1
362 368 -1
363 365 4
363 366 -1
363 367 2
363 368 -4
364 365 -1
364 366 -2
364 367 -4
364 368 4
369 373 2
369 374 1
369 375 -2
369 376 -2
370 373 -2
370 374 -2
370 375 4
370 376 -4
371 373 -4
371 374 -1
371 375 -2
371 376 4
372 373 -1
372 374 4
372 375 1
372 376 1
377 381 2
377 382 -2
377 383 -1
377 384 -4
378 381 2
378 382 -1
378 383 2
378 384 -2
379 381 -2
379 382 -2
379 383 -1
379 384 -2
380 381 -2
380 382 1
380 383 -4
380 384 -4
385 389 -4
385 390 1
385 391 -4
385 392 -1
386 389 4
386 390 4
386 391 4
386 392 -2
387 389 4
387 390 4
387 391 -1
387 392 -2
388 389 1
388 390 2
388 391 -2
388 392 1
393 397 -1
393 398 -1
393 399 1
393 400 4
394 397 -2
394 398 2
394 399 4
394 400 -1
395 397 1
395 398 2
395 399 -1
395 400 1
396 397 -1
396 398 2
396 399 2
396 400 -4
401 405 -4
401 406 -2
401 407 -4
401 408 -1
402 405 2
402 406 -4
402 407 -2
402 408 4
403 405 2
403 406 1
403 407 -1
403 408 -4
404 405 -1
404 406 1
404 407 2
404 408 -1
409 413 1
409 414 -2
409 415 -4
409 416 1
410 413 2
410 414 4
410 415 -4
410 416 1
411 413 -4
411 414 -1
411 415 4
411 416 1
412 413 2
412 414 -4
412 415 1
412 416 -2
417 421 -2
417 422 -1
417 423 4
417 424 -2
418 421 4
418 422 2
418 423 2
418 424 -4
419 421 -1
419 422 -4
419 423 4
419 424 1
420 421 1
420 422 2
420 423 4
420 424 -2
425 429 4
425 430 -1
425 431 -4
425 432 -2
426 429 1
426 430 -4
426 431 -1
426 432 -4
427 429 1
427 430 1
427 431 2
427 432 1
428 429 -2
428 430 1
428 431 1
428 432 1
433 437 2
433 438 -1
433 439 -2
433 440 2
434 437 4
434 438 -2
434 439 -2
434 440 -4
435 437 -2
435 438 -4
435 439 -1
435 440 -2
436 437 1
436 438 1
436 439 2
436 440 -4
441 445 4
441 446 2
441 447 4
441 448 4
442 445 1
442 446 2
442 447 -1
442 448 -2
443 445 -1
443 446 -4
443 447 1
443 448 -1
444 445 2
444 446 -4
444 447 -2
444 448 -4
449 453 -4
449 454 -1
449 455 4
449 456 4
450 453 -1
450 454 4
450 455 4
450 456 1
451 453 -1
451 454 -4
451 455 -1
451 456 -2
452 453 1
452 454 1
452 455 -4
452 456 -4
457 461 2
457 462 1
457 463 4
457 464 -2
458 461 -2
458 462 1
458 463 -4
458 464 1
459 461 -1
459 462 -2
459 463 -1
459 464 -4
460 461 2
460 462 1
460 463 -1
460 464 1
465 469 1
465 470 -2
465 471 -2
465 472 -4
466 469 1
466 470 4
466 471 4
466 472 2
467 469 2
467 470 -2
467 471 2
467 472 -4
468 469 -2
468 470 1
468 471 -1
468 472 2
473 477 2
473 478 4
473 479 2
473 480 -4
474 477 -1
474 478 4
474 479 1
474 480 -4
475 477 4
475 478 2
475 479 -1
475 480 -4
476 477 -4
476 478 2
476 479 1
476 480 2
481 485 -1
481 486 -4
481 487 4
481 488 1
482 485 -4
482 486 4
482 487 -1
482 488 -1
483 485 2
483 486 1
483 487 -1
483 488 2
484 485 2
484 486 -4
484 487 1
484 488 2
489 493 -1
489 494 -4
489 495 -1
489 496 2
490 493 -4
490 494 -4
490 495 -1
490 496 -4
491 493 2
491 494 -4
491 495 1
491 496 1
492 493 1
492 494 -1
492 495 -2
492 496 -1
497 501 2
497 502 4
497 503 1
497 504 -2
498 501 -2
498 502 4
498 503 1
498 504 2
499 501 -4
499 502 4
499 503 -2
499 504 -1
500 501 2
500 502 1
500 503 2
500 504 -2
505 509 -2
505 510 2
505 511 1
505 512 1
506 509 -2
506 510 4
506 511 -1
506 512 -2
507 509 2
507 510 -2
507 511 2
507 512 -1
508 509 -2
508 510 2
508 511 2
508 512 -4
513 517 1
513 518 -4
513 519 -1
513 520 2
514 517 -2
514 518 -4
514 519 2
514 520 2
515 517 2
515 518 -1
515 519 -1
515 520 2
516 517 2
516 518 4
516 519 -1
516 520 -2
521 525 4
521 526 -1
521 527 -1
521 528 4
522 525 -4
522 526 1
522 527 -4
522 528 1
523 525 -2
523 526 -2
523 527 -4
523 528 -2
524 525 -2
524 526 4
524 527 1
524 528 -4
529 533 4
529 534 -4
529 535 2
529 536 -4
530 533 2
530 534 1
530 535 2
530 536 -4
531 533 1
531 534 2
531 535 2
531 536 -4
532 533 -1
532 534 4
532 535 2
532 536 -2
537 541 -1
537 542 1
537 543 2
537 544 1
538 541 -2
538 542 2
538 543 -2
538 544 2
539 541 -4
539 542 -4
539 543 -2
539 544 -4
540 541 -1
540 542 4
540 543 1
540 544 1
545 549 -4
545 550 -4
545 551 1
545 552 4
546 549 -1
546 550 -1
546 551 -1
546 552 1
547 549 4
547 550 4
547 551 -4
547 552 -2
548 549 -2
548 550 4
548 551 -1
548 552 1
553 557 -1
553 558 1
553 559 -4
553 560 1
554 557 1
554 558 2
554 559 4
554 560 2
555 557 -2
555 558 -1
555 559 4
555 560 4
556 557 -2
556 558 2
556 559 2
556 560 1
561 565 2
561 566 2
561 567 4
561 568 -4
562 565 -1
562 566 -2
562 567 1
562 568 -2
563 565 2
563 566 4
563 567 -2
563 568 1
564 565 4
564 566 -1
564 567 -1
564 568 -4
569 573 -2
569 574 -4
569 575 -2
569 576 1
570 573 -2
570 574 1
570 575 1
570 576 2
571 573 1
571 574 -1
571 575 2
571 576 4
572 573 -1
572 574 1
572 575 -4
572 576 -2
577 581 -1
577 582 1
577 583 -2
577 584 -2
578 581 2
578 582 2
578 583 1
578 584 2
579 581 -2
579 582 2
579 583 4
579 584 4
580 581 -2
580 582 2
580 583 1
580 584 1
585 589 2
585 590 4
585 591 4
585 592 -1
586 589 2
586 590 -1
586 591 1
586 592 -2
587 589 1
587 590 2
587 591 -4
587 592 1
588 589 -1
588 590 4
588 591 1
588 592 1
593 597 4
593 598 4
593 599 1
593 600 -4
594 597 -2
594 598 -1
594 599 -1
594 600 1
595 597 4
595 598 -2
595 599 1
595 600 2
596 597 -2
596 598 -2
596 599 -4
596 600 1
601 605 1
601 606 2
601 607 4
601 608 -4
602 605 1
602 606 -2
602 607 -2
602 608 -2
603 605 -2
603 606 4
603 607 4
603 608 2
604 605 4
604 606 2
604 607 1
604 608 -4
609 613 -2
609 614 2
609 615 -4
609 616 -2
610 613 4
610 614 -1
610 615 1
610 616 4
611 613 -1
611 614 4
611 615 1
611 616 4
612 613 -1
612 614 -4
612 615 1
612 616 -4
617 621 -4
617 622 4
617 623 -1
617 624 -4
618 621 1
618 622 1
618 623 -4
618 624 -2
619 621 -2
619 622 -2
619 623 -1
619 624 1
620 621 -1
620 622 1
620 623 -2
620 624 4
625 629 -1
625 630 -1
625 631 -1
625 632 2
626 629 4
626 630 -4
626 631 1
626 632 -2
627 629 2
627 630 2
627 631 -1
627 632 1
628 629 2
628 630 2
628 631 -1
628 632 1
633 637 -2
633 638 1
633 639 -1
633 640 2
634 637 -1
634 638 4
634 639 2
634 640 -4
635 637 1
635 638 4
635 639 1
635 640 -2
636 637 -1
636 638 4
636 639 4
636 640 -1
641 645 1
641 646 1
641 647 4
641 648 -4
642 645 1
642 646 -4
642 647 -4
642 648 1
643 645 4
643 646 4
643 647 -2
643 648 1
644 645 2
644 646 -1
644 647 -1
644 648 1
649 653 -2
649 654 1
649 655 1
649 656 -4
650 653 2
650 654 -2
650 655 -2
650 656 1
651 653 -4
651 654 1
651 655 2
651 656 -1
652 653 -4
652 654 -4
652 655 1
652 656 1
657 661 -1
657 662 -1
657 663 -4
657 664 1
658 661 -4
658 662 -1
658 663 2
658 664 2
659 661 -2
659 662 -2
659 663 2
659 664 4
660 661 -2
660 662 1
660 663 -2
660 664 -1
665 669 -1
665 670 1
665 671 1
665 672 -2
666 669 -4
666 670 2
666 671 2
666 672 -4
667 669 2
667 670 2
667 671 -2
667 672 -1
668 669 1
668 670 2
668 671 2
668 672 -4
673 677 1
673 678 2
673 679 2
673 680 2
674 677 -2
674 678 4
674 679 -4
674 680 -2
675 677 1
675 678 2
675 679 -2
675 680 4
676 677 -2
676 678 -4
676 679 4
676 680 4
681 685 4
681 686 4
681 687 4
681 688 -1
682 685 -1
682 686 2
682 687 -1
682 688 -4
683 685 -4
683 686 -4
683 687 -2
683 688 -2
684 685 -1
684 686 4
684 687 -4
684 688 -2
689 693 4
689 694 4
689 695 1
689 696 2
690 693 2
690 694 1
690 695 1
690 696 4
691 693 1
691 694 2
691 695 -1
691 696 -1
692 693 -2
692 694 -4
692 695 -1
692 696 -4
697 701 1
697 702 2
697 703 1
697 704 -4
698 701 -2
698 702 -2
698 703 -2
698 704 1
699 701 -1
699 702 -1
699 703 2
699 704 -4
700 701 -1
700 702 -2
700 703 2
700 704 -1
705 709 -1
705 710 -2
705 711 4
705 712 -4
706 709 2
706 710 4
706 711 -2
706 712 2
707 709 -4
707 710 2
707 711 2
707 712 -1
708 709 -1
708 710 -2
708 711 2
708 712 1
713 717 1
713 718 2
713 719 2
713 720 1
714 717 -2
714 718 -4
714 719 2
714 720 2
715 717 1
715 718 2
715 719 2
715 720 -1
716 717 4
716 718 -1
716 719 -4
716 720 1
721 725 -4
721 726 1
721 727 -2
721 728 2
722 725 -1
722 726 4
722 727 1
722 728 2
723 725 -4
723 726 -4
723 727 -1
723 728 1
724 725 2
724 726 -2
724 727 4
724 728 4
729 733 -2
729 734 -4
729 735 -2
729 736 -4
730 733 -4
730 734 -2
730 735 -4
730 736 -2
731 733 -2
731 734 -2
731 735 1
731 736 4
732 733 2
732 734 4
732 735 -1
732 736 -2
737 741 1
737 742 2
737 743 -1
737 744 -2
738 741 1
738 742 2
738 743 -1
738 744 -1
739 741 -4
739 742 4
739 743 -1
739 744 2
740 741 2
740 742 2
740 743 -4
740 744 -1
745 749 -4
745 750 -1
745 751 4
745 752 -1
746 749 1
746 750 -2
746 751 4
746 752 -4
747 749 -2
747 750 1
747 751 1
747 752 -4
748 749 4
748 750 2
748 751 -1
748 752 4
753 757 2
753 758 4
753 759 1
753 760 -2
754 757 4
754 758 -4
754 759 -1
754 760 1
755 757 -2
755 758 2
755 759 -1
755 760 1
756 757 -2
756 758 -4
756 759 -1
756 760 4
761 765 2
761 766 2
761 767 -1
761 768 -1
762 765 1
762 766 -4
762 767 -2
762 768 1
763 765 -4
763 766 -4
763 767 -1
763 768 2
764 765 -2
764 766 2
764 767 -4
764 768 4
769 773 4
769 774 1
769 775 2
769 776 -1
770 773 2
770 774 -1
770 775 4
770 776 2
771 773 1
771 774 1
771 775 -4
771 776 1
772 773 -1
772 774 -1
772 775 1
772 776 -1
777 781 -4
777 782 -1
777 783 -1
777 784 1
778 781 4
778 782 4
778 783 2
778 784 -2
779 781 1
779 782 2
779 783 -4
779 784 1
780 781 -2
780 782 -2
780 783 1
780 784 -2
785 789 -4
785 790 -4
785 791 -4
785 792 -2
786 789 -4
786 790 -1
786 791 1
786 792 -4
787 789 -4
787 790 1
787 791 1
787 792 1
788 789 -2
788 790 1
788 791 -4
788 792 2
793 797 4
793 798 -1
793 799 -2
793 800 -2
794 797 -2
794 798 2
794 799 -1
794 800 2
795 797 1
795 798 -1
795 799 1
795 800 -4
796 797 2
796 798 2
796 799 2
796 800 -2
801 805 -1
801 806 -1
801 807 -1
801 808 -1
802 805 1
802 806 4
802 807 4
802 808 1
803 805 -1
803 806 4
803 807 -4
803 808 -1
804 805 2
804 806 4
804 807 2
804 808 -1
809 813 -1
809 814 -4
809 815 2
809 816 2
810 813 -4
810 814 4
810 815 -1
810 816 4
811 813 -1
811 814 2
811 815 -4
811 816 -1
812 813 1
812 814 -1
812 815 1
812 816 4
817 821 1
817 822 -4
817 823 4
817 824 -1
818 821 -2
818 822 2
818 823 -4
818 824 1
819 821 1
819 822 2
819 823 -4
819 824 4
820 821 -2
820 822 -1
820 823 2
820 824 -2
825 829 -4
825 830 2
825 831 -1
825 832 -2
826 829 -1
826 830 1
826 831 1
826 832 -4
827 829 -4
827 830 -1
827 831 1
827 832 2
828 829 2
828 830 2
828 831 -4
828 832 -4
833 837 4
833 838 1
833 839 2
833 840 2
834 837 -4
834 838 -2
834 839 2
834 840 2
835 837 4
835 838 -4
835 839 2
835 840 -4
836 837 1
836 838 -4
836 839 4
836 840 4
841 845 -4
841 846 -1
841 847 2
841 848 -4
842 845 2
842 846 1
842 847 -4
842 848 1
843 845 4
843 846 1
843 847 4
843 848 -2
844 845 4
844 846 2
844 847 4
844 848 1
849 853 -2
849 854 4
849 855 4
849 856 2
850 853 -4
850 854 1
850 855 2
850 856 -2
851 853 -2
851 854 2
851 855 -2
851 856 -4
852 853 1
852 854 -4
852 855 4
852 856 4
857 861 -2
857 862 -4
857 863 -2
857 864 2
858 861 -4
858 862 1
858 863 -4
858 864 -4
859 861 4
859 862 1
859 863 2
859 864 4
860 861 -1
860 862 -4
860 863 1
860 864 1
865 869 2
865 870 -1
865 871 -2
865 872 -4
866 869 2
866 870 -4
866 871 2
866 872 2
867 869 4
867 870 -2
867 871 -2
867 872 1
868 869 1
868 870 -4
868 871 2
868 872 -4
873 877 -4
873 878 2
873 879 -1
873 880 1
874 877 1
874 878 1
874 879 4
874 880 -1
875 877 1
875 878 -1
875 879 4
875 880 -4
876 877 1
876 878 -2
876 879 4
876 880 -4
881 885 -2
881 886 -1
881 887 1
881 888 -4
882 885 -2
882 886 -2
882 887 1
882 888 1
883 885 2
883 886 4
883 887 4
883 888 4
884 885 -1
884 886 1
884 887 -1
884 888 -1
889 893 -2
889 894 -2
889 895 -2
889 896 -2
890 893 -4
890 894 -1
890 895 1
890 896 -2
891 893 -1
891 894 2
891 895 -2
891 896 4
892 893 4
892 894 2
892 895 2
892 896 1
897 901 2
897 902 4
897 903 1
897 904 -2
898 901 -2
898 902 4
898 903 -1
898 904 1
899 901 4
899 902 -4
899 903 -2
899 904 -4
900 901 -1
900 902 2
900 903 -1
900 904 -4
905 909 4
905 910 -2
905 911 1
905 912 -1
906 909 -4
906 910 1
906 911 2
906 912 -2
907 909 2
907 910 -4
907 911 -2
907 912 -4
908 909 -4
908 910 2
908 911 1
908 912 1
913 917 4
913 918 -1
913 919 -1
913 920 -1
914 917 -4
914 918 -1
914 919 -1
914 920 -2
915 917 -2
915 918 2
915 919 2
915 920 -4
916 917 2
916 918 1
916 919 -2
916 920 -4
921 925 2
921 926 -2
921 927 4
921 928 2
922 925 1
922 926 4
922 927 -2
922 928 -2
923 925 1
923 926 -2
923 927 2
923 928 -4
924 925 -1
924 926 -1
924 927 1
924 928 4
929 933 1
929 934 2
929 935 4
929 936 -4
930 933 -4
930 934 -4
930 935 -2
930 936 1
931 933 -2
931 934 -2
931 935 -1
931 936 1
932 933 1
932 934 -4
932 935 4
932 936 -1
937 941 4
937 942 -2
937 943 -2
937 944 1
938 941 -4
938 942 -2
938 943 -2
938 944 -1
939 941 -1
939 942 -4
939 943 1
939 944 -1
940 941 -2
940 942 2
940 943 4
940 944 -4
945 949 -1
945 950 4
945 951 -1
945 952 4
946 949 1
946 950 -1
946 951 2
946 952 -2
947 949 2
947 950 -4
947 951 -4
947 952 1
948 949 2
948 950 -4
948 951 2
948 952 -4
953 957 1
953 958 4
953 959 4
953 960 -1
954 957 -1
954 958 -4
954 959 -2
954 960 -2
955 957 2
955 958 2
955 959 -4
955 960 2
956 957 -4
956 958 4
956 959 -2
956 960 2
961 965 -2
961 966 -4
961 967 -4
961 968 -1
962 965 2
962 966 -2
962 967 -1
962 968 -1
963 965 -1
963 966 -2
963 967 2
963 968 -4
964 965 -1
964 966 4
964 967 2
964 968 -1
969 973 1
969 974 1
969 975 -1
969 976 1
970 973 2
970 974 -2
970 975 -1
970 976 4
971 973 -4
971 974 -2
971 975 2
971 976 1
972 973 1
972 974 -1
972 975 4
972 976 1
977 981 -2
977 982 -2
977 983 -4
977 984 -4
978 981 4
978 982 2
978 983 -2
978 984 4
979 981 -1
979 982 -1
979 983 -2
979 984 -2
980 981 1
980 982 2
980 983 1
980 984 -2
985 989 1
985 990 -4
985 991 2
985 992 -4
986 989 -1
986 990 -4
986 991 -4
986 992 1
987 989 -4
987 990 -4
987 991 2
987 992 -4
988 989 2
988 990 -1
988 991 4
988 992 -2
993 997 4
993 998 -4
993 999 4
993 1000 1
994 997 -2
994 998 2
994 999 -1
994 1000 -2
995 997 4
995 998 4
995 999 -4
995 1000 2
996 997 -4
996 998 -4
996 999 -2
996 1000 1
1001 1005 -2
1001 1006 -4
1001 1007 -4
1001 1008 -1
1002 1005 2
1002 1006 -4
1002 1007 1
1002 1008 -2
1003 1005 2
1003 1006 2
1003 1007 4
1003 1008 2
1004 1005 -2
1004 1006 1
1004 1007 1
1004 1008 1
1009 1013 -2
1009 1014 -4
1009 1015 2
1009 1016 2
1010 1013 4
1010 1014 -2
1010 1015 1
1010 1016 4
1011 1013 -4
1011 1014 1
1011 1015 2
1011 1016 2
1012 1013 2
1012 1014 2
1012 1015 -1
1012 1016 1
1017 1021 -2
1017 1022 4
1017 1023 2
1017 1024 -1
1018 1021 2
1018 1022 1
1018 1023 1
1018 1024 2
1019 1021 4
1019 1022 -2
1019 1023 2
1019 1024 2
1020 1021 1
1020 1022 4
1020 1023 -4
1020 1024 -1
1025 1029 1
1025 1030 -4
1025 1031 -4
1025 1032 2
1026 1029 -2
1026 1030 2
1026 1031 1
1026 1032 1
1027 1029 -4
1027 1030 -1
1027 1031 2
1027 1032 2
1028 1029 2
1028 1030 1
1028 1031 -2
1028 1032 -1
1033 1037 -2
1033 1038 4
1033 1039 -4
1033 1040 2
1034 1037 -1
1034 1038 1
1034 1039 -2
1034 1040 1
1035 1037 -4
1035 1038 1
1035 1039 1
1035 1040 4
1036 1037 2
1036 1038 4
1036 1039 -4
1036 1040 4
1041 1045 -1
1041 1046 -4
1041 1047 -2
1041 1048 4
1042 1045 1
1042 1046 -2
1042 1047 4
1042 1048 -4
1043 1045 1
1043 1046 2
1043 1047 4
1043 1048 2
1044 1045 1
1044 1046 -4
1044 1047 -2
1044 1048 -2
1049 1053 4
1049 1054 -4
1049 1055 4
1049 1056 4
1050 1053 4
1050 1054 -4
1050 1055 -2
1050 1056 -4
1051 1053 2
1051 1054 -4
1051 1055 2
1051 1056 -1
1052 1053 -1
1052 1054 -1
1052 1055 -1
1052 1056 2
1057 1061 4
1057 1062 2
1057 1063 -1
1057 1064 -2
1058 1061 4
1058 1062 2
1058 1063 1
1058 1064 1
1059 1061 -2
1059 1062 -1
1059 1063 -2
1059 1064 4
1060 1061 2
1060 1062 -4
1060 1063 -4
1060 1064 1
1065 1069 4
1065 1070 -4
1065 1071 4
1065 1072 -4
1066 1069 1
1066 1070 4
1066 1071 -4
1066 1072 2
1067 1069 -2
1067 1070 1
1067 1071 -4
1067 1072 -4
1068 1069 -1
1068 1070 -2
1068 1071 -2
1068 1072 -4
1073 1077 1
1073 1078 -1
1073 1079 -2
1073 1080 1
1074 1077 2
1074 1078 -1
1074 1079 -2
1074 1080 2
1075 1077 2
1075 1078 -1
1075 1079 -1
1075 1080 -4
1076 1077 -1
1076 1078 -4
1076 1079 2
1076 1080 -4
1081 1085 -4
1081 1086 -2
1081 1087 -1
1081 1088 4
1082 1085 -4
1082 1086 2
1082 1087 -4
1082 1088 -4
1083 1085 -1
1083 1086 4
1083 1087 2
1083 1088 4
1084 1085 -1
1084 1086 4
1084 1087 4
1084 1088 -4
1089 1093 -1
1089 1094 4
1089 1095 4
1089 1096 -4
1090 1093 -4
1090 1094 4
1090 1095 4
1090 1096 -1
1091 1093 -1
1091 1094 4
1091 1095 -2
1091 1096 -2
1092 1093 -4
1092 1094 2
1092 1095 4
1092 1096 -1
1097 1101 -1
1097 1102 2
1097 1103 -2
1097 1104 -1
1098 1101 -4
1098 1102 -2
1098 1103 -4
1098 1104 4
1099 1101 -4
1099 1102 -2
1099 1103 -4
1099 1104 1
1100 1101 -1
1100 1102 -4
1100 1103 -2
1100 1104 -1
1105 1109 4
1105 1110 -2
1105 1111 -4
1105 1112 1
1106 1109 1
1106 1110 -4
1106 1111 1
1106 1112 2
1107 1109 1
1107 1110 -1
1107 1111 -2
1107 1112 -1
1108 1109 -1
1108 1110 -2
1108 1111 -1
1108 1112 1
1113 1117 -4
1113 1118 2
1113 1119 2
1113 1120 -1
1114 1117 4
1114 1118 -4
1114 1119 2
1114 1120 1
1115 1117 -1
1115 1118 -4
1115 1119 4
1115 1120 -2
1116 1117 1
1116 1118 -2
1116 1119 4
1116 1120 -1
1121 1125 -2
1121 1126 -2
1121 1127 1
1121 1128 -1
1122 1125 1
1122 1126 -2
1122 1127 1
1122 1128 4
1123 1125 -4
1123 1126 -4
1123 1127 1
1123 1128 -2
1124 1125 -4
1124 1126 -4
1124 1127 4
1124 1128 2
1129 1133 2
1129 1134 1
1129 1135 4
1129 1136 1
1130 1133 1
1130 1134 -4
1130 1135 -1
1130 1136 2
1131 1133 -2
1131 1134 1
1131 1135 -1
1131 1136 1
1132 1133 2
1132 1134 -2
1132 1135 -4
1132 1136 -4
1137 1141 2
1137 1142 -1
1137 1143 -4
1137 1144 4
1138 1141 2
1138 1142 -2
1138 1143 -2
1138 1144 4
1139 1141 -2
1139 1142 -4
1139 1143 -2
1139 1144 -2
1140 1141 2
1140 1142 -4
1140 1143 -4
1140 1144 -4
1145 1149 -2
1145 1150 1
1145 1151 4
1145 1152 -2
1146 1149 -2
1146 1150 -4
1146 1151 -1
1146 1152 -4
1147 1149 -1
1147 1150 -2
1147 1151 -2
1147 1152 -1
1148 1149 -4
1148 1150 2
1148 1151 -4
1148 1152 -4
5 13 2
6 14 4
7 15 -4
8 16 -4
13 21 -2
14 22 1
15 23 -1
16 24 4
21 29 -2
22 30 1
23 31 -2
24 32 1
29 37 -1
30 38 -1
31 39 -4
32 40 4
37 45 1
38 46 2
39 47 2
40 48 2
45 53 -2
46 54 4
47 55 -2
48 56 -1
53 61 1
54 62 -4
55 63 -1
56 64 -1
61 69 -2
62 70 1
63 71 2
64 72 -1
69 77 2
70 78 1
71 79 -1
72 80 -4
77 85 2
78 86 1
79 87 -2
80 88 4
85 93 4
86 94 1
87 95 2
88 96 4
101 109 2
102 110 -2
103 111 -4
104 112 -2
109 117 -2
110 118 2
111 119 2
112 120 1
117 125 -1
118 126 1
119 127 -2
120 128 -1
125 133 1
126 134 -4
127 135 4
128 136 2
133 141 2
134 142 -1
135 143 4
136 144 2
141 149 4
142 150 -1
143 151 1
144 152 -4
149 157 -1
150 158 4
151 159 1
152 160 -2
157 165 2
158 166 4
159 167 4
160 168 2
165 173 2
166 174 -2
167 175 2
168 176 -4
173 181 -1
174 182 4
175 183 -4
176 184 1
181 189 -2
182 190 -1
183 191 -4
184 192 2
197 205 -4
198 206 2
199 207 1
200 208 1
205 213 2
206 214 -4
207 215 -2
208 216 -1
213 221 4
214 222 -4
215 223 -1
216 224 -1
221 229 -2
222 230 -1
223 231 -4
224 232 1
229 237 -2
230 238 -4
231 239 -1
232 240 4
237 245 4
238 246 1
239 247 -2
240 248 -4
245 253 4
246 254 -2
247 255 1
248 256 4
253 261 2
254 262 -4
255 263 4
256 264 4
261 269 -2
262 270 -1
263 271 4
264 272 1
269 277 1
270 278 -4
271 279 -4
272 280 1
277 285 -4
278 286 -4
279 287 -4
280 288 4
293 301 -1
294 302 1
295 303 -4
296 304 -2
301 309 1
302 310 -2
303 311 4
304 312 1
309 317 2
310 318 4
311 319 -2
312 320 2
317 325 1
318 326 2
319 327 4
320 328 2
325 333 1
326 334 4
327 335 2
328 336 -1
333 341 4
334 342 -2
335 343 -2
336 344 2
341 349 -4
342 350 -4
343 351 1
344 352 2
349 357 -2
350 358 4
351 359 -1
352 360 2
357 365 -2
358 366 -4
359 367 2
360 368 -2
365 373 -2
366 374 4
367 375 -4
368 376 2
373 381 -4
374 382 -1
375 383 -1
376 384 -4
389 397 2
390 398 2
391 399 -2
392 400 -2
397 405 -4
398 406 -2
399 407 4
400 408 4
405 413 1
406 414 4
407 415 -2
408 416 -4
413 421 -4
414 422 4
415 423 -4
416 424 2
421 429 -2
422 430 -1
423 431 -4
424 432 2
429 437 2
430 438 -2
431 439 -2
432 440 2
437 445 1
438 446 -1
439 447 1
440 448 -1
445 453 4
446 454 -4
447 455 1
448 456 2
453 461 1
454 462 2
455 463 2
456 464 1
461 469 -1
462 470 -4
463 471 1
464 472 2
469 477 4
470 478 -1
471 479 4
472 480 2
485 493 -2
486 494 -2
487 495 -4
488 496 4
493 501 2
494 502 4
495 503 4
496 504 -2
501 509 2
502 510 -2
503 511 4
504 512 -1
509 517 4
510 518 1
511 519 4
512 520 1
517 525 -2
518 526 1
519 527 2
520 528 -4
525 533 4
526 534 -2
527 535 -1
528 536 -4
533 541 -4
534 542 2
535 543 1
536 544 -4
541 549 1
542 550 2
543 551 2
544 552 2
549 557 -2
550 558 2
551 559 1
552 560 4
557 565 -4
558 566 -2
559 567 2
560 568 -2
565 573 4
566 574 -4
567 575 1
568 576 1
581 589 -2
582 590 -1
583 591 1
584 592 2
589 597 -1
590 598 -2
591 599 4
592 600 -2
597 605 2
598 606 -1
599 607 -1
600 608 -2
605 613 4
606 614 1
607 615 2
608 616 2
613 621 -4
614 622 4
615 623 -2
616 624 -4
621 629 -4
622 630 -2
623 631 -4
624 632 -1
629 637 1
630 638 -2
631 639 -4
632 640 1
637 645 4
638 646 -2
639 647 -1
640 648 -1
645 653 -2
646 654 -2
647 655 1
648 656 -4
653 661 1
654 662 -1
655 663 1
656 664 2
661 669 -1
662 670 -4
663 671 -4
664 672 -1
677 685 -1
678 686 -2
679 687 -2
680 688 -1
685 693 -4
686 694 -4
687 695 2
688 696 -2
693 701 -4
694 702 -4
695 703 2
696 704 -1
701 709 -1
702 710 1
703 711 1
704 712 -4
709 717 1
710 718 -1
711 719 -2
712 720 1
717 725 -4
718 726 2
719 727 1
720 728 1
725 733 -4
726 734 -2
727 735 4
728 736 1
733 741 -2
734 742 -1
735 743 2
736 744 4
741 749 -2
742 750 2
743 751 -4
744 752 -2
749 757 1
750 758 4
751 759 2
752 760 -1
757 765 4
758 766 2
759 767 -1
760 768 -2
773 781 1
774 782 -4
775 783 -4
776 784 -4
781 789 4
782 790 4
783 791 -4
784 792 -2
789 797 2
790 798 4
791 799 -1
792 800 1
797 805 2
798 806 1
799 807 -1
800 808 1
805 813 1
806 814 4
807 815 -4
808 816 4
813 821 -1
814 822 -1
815 823 -1
816 824 2
821 829 1
822 830 4
823 831 -2
824 832 -2
829 837 -1
830 838 4
831 839 4
832 840 4
837 845 -2
838 846 -4
839 847 4
840 848 2
845 853 -4
846 854 2
847 855 4
848 856 1
853 861 2
854 862 4
855 863 2
856 864 2
869 877 2
870 878 1
871 879 4
872 880 1
877 885 1
878 886 -1
879 887 2
880 888 1
885 893 2
886 894 1
887 895 -4
888 896 -2
893 901 -1
894 902 -2
895 903 -4
896 904 -2
901 909 -2
902 910 1
903 911 -2
904 912 -2
909 917 -2
910 918 4
911 919 1
912 920 -2
917 925 -2
918 926 2
919 927 4
920 928 -1
925 933 -2
926 934 4
927 935 4
928 936 -1
933 941 1
934 942 -2
935 943 2
936 944 -1
941 949 -1
942 950 2
943 951 -1
944 952 2
949 957 4
950 958 -2
951 959 -4
952 960 -2
965 973 4
966 974 1
967 975 4
968 976 2
973 981 4
974 982 4
975 983 -1
976 984 -4
981 989 4
982 990 -4
983 991 1
984 992 2
989 997 -4
990 998 2
991 999 4
992 1000 1
997 1005 4
998 1006 -4
999 1007 -1
1000 1008 -2
1005 1013 1
1006 1014 4
1007 1015 -4
1008 1016 -1
1013 1021 2
1014 1022 4
1015 1023 -1
1016 1024 -2
1021 1029 -2
1022 1030 -2
1023 1031 2
1024 1032 2
1029 1037 -2
1030 1038 -4
1031 1039 1
1032 1040 2
1037 1045 2
1038 1046 4
1039 1047 -4
1040 1048 -2
1045 1053 -4
1046 1054 -2
1047 1055 4
1048 1056 -2
1061 1069 4
1062 1070 4
1063 1071 -2
1064 1072 -2
1069 1077 2
1070 1078 -4
1071 1079 -2
1072 1080 4
1077 1085 1
1078 1086 1
1079 1087 4
1080 1088 -1
1085 1093 1
1086 1094 2
1087 1095 2
1088 1096 4
1093 1101 2
1094 1102 -4
1095 1103 4
1096 1104 -4
1101 1109 2
1102 1110 -4
1103 1111 -4
1104 1112 -2
1109 1117 4
1110 1118 -4
1111 1119 -1
1112 1120 -4
1117 1125 4
1118 1126 -2
1119 1127 -4
1120 1128 2
1125 1133 4
1126 1134 -4
1127 1135 2
1128 1136 1
1133 1141 -1
1134 1142 -4
1135 1143 1
1136 1144 -1
1141 1149 -1
1142 1150 1
1143 1151 1
1144 1152 2
1 97 -1
2 98 -1
3 99 2
4 100 4
97 193 -2
98 194 4
99 195 -1
100 196 2
193 289 -4
194 290 -2
195 291 1
196 292 -1
289 385 1
290 386 4
291 387 4
292 388 2
385 481 2
386 482 2
387 483 4
388 484 -4
481 577 -2
482 578 1
483 579 -2
484 580 -4
577 673 1
578 674 1
579 675 4
580 676 1
673 769 -1
674 770 2
675 771 -2
676 772 -1
769 865 -4
770 866 -1
771 867 2
772 868 -1
865 961 -2
866 962 4
867 963 4
868 964 4
961 1057 -4
962 1058 -4
963 1059 -1
964 1060 4
9 105 -4
10 106 2
11 107 -4
12 108 -1
105 201 2
106 202 -1
107 203 -4
108 204 -4
201 297 4
202 298 4
203 299 -4
204 300 -2
297 393 2
298 394 4
299 395 1
300 396 4
393 489 -2
394 490 -4
395 491 -1
396 492 -1
489 585 1
490 586 1
491 587 2
492 588 -1
585 681 2
586 682 -4
587 683 -1
588 684 -4
681 777 1
682 778 -2
683 779 2
684 780 -1
777 873 4
778 874 -2
779 875 1
780 876 -1
873 969 4
874 970 1
875 971 4
876 972 -4
969 1065 1
970 1066 2
971 1067 2
972 1068 2
17 113 -1
18 114 2
19 115 -2
20 116 -1
113 209 2
114 210 -1
115 211 2
116 212 1
209 305 -2
210 306 4
211 307 -4
212 308 -2
305 401 4
306 402 -2
307 403 -1
308 404 -1
401 497 2
402 498 -4
403 499 2
404 500 -1
497 593 4
498 594 -1
499 595 -4
500 596 -1
593 689 4
594 690 2
595 691 -1
596 692 -4
689 785 -4
690 786 4
691 787 -2
692 788 4
785 881 -2
786 882 -4
787 883 1
788 884 2
881 977 -2
882 978 1
883 979 4
884 980 4
977 1073 1
978 1074 -4
979 1075 -2
980 1076 -4
25 121 -1
26 122 -2
27 123 2
28 124 -1
121 217 -4
122 218 -4
123 219 4
124 220 4
217 313 -1
218 314 2
219 315 -1
220 316 4
313 409 1
314 410 -2
315 411 1
316 412 2
409 505 -2
410 506 4
411 507 2
412 508 2
505 601 -2
506 602 -4
507 603 1
508 604 -4
601 697 -1
602 698 -1
603 699 2
604 700 -1
697 793 -2
698 794 2
699 795 1
700 796 -4
793 889 1
794 890 2
795 891 4
796 892 1
889 985 -4
890 986 2
891 987 -4
892 988 -4
985 1081 -1
986 1082 -4
987 1083 2
988 1084 -2
33 129 1
34 130 1
35 131 -4
36 132 4
129 225 -1
130 226 -1
131 227 4
132 228 4
225 321 1
226 322 -1
227 323 -1
228 324 2
321 417 -1
322 418 4
323 419 -2
324 420 1
417 513 4
418 514 2
419 515 1
420 516 -1
513 609 -4
514 610 2
515 611 -4
516 612 1
609 705 2
610 706 4
611 707 1
612 708 2
705 801 -1
706 802 -1
707 803 -4
708 804 -4
801 897 2
802 898 -1
803 899 -4
804 900 -1
897 993 -4
898 994 -2
899 995 4
900 996 -1
993 1089 4
994 1090 -1
995 1091 1
996 1092 1
41 137 2
42 138 2
43 139 -2
44 140 -1
137 233 2
138 234 -1
139 235 -4
140 236 1
233 329 -2
234 330 -4
235 331 -1
236 332 -1
329 425 -4
330 426 -1
331 427 2
332 428 4
425 521 -4
426 522 1
427 523 -4
428 524 1
521 617 -4
522 618 4
523 619 4
524 620 4
617 713 -1
618 714 4
619 715 2
620 716 4
713 809 -2
714 810 4
715 811 4
716 812 1
809 905 -2
810 906 -1
811 907 4
812 908 -1
905 1001 -1
906 1002 2
907 1003 -1
908 1004 -2
1001 1097 -4
1002 1098 1
1003 1099 4
1004 1100 -1
49 145 1
50 146 1
51 147 2
52 148 2
145 241 -2
146 242 2
147 243 -4
148 244 -2
241 337 4
242 338 2
243 339 -4
244 340 1
337 433 2
338 434 -2
339 435 -4
340 436 1
433 529 2
434 530 4
435 531 2
436 532 4
529 625 -4
530 626 2
531 627 4
532 628 1
625 721 4
626 722 -2
627 723 1
628 724 4
721 817 -4
722 818 4
723 819 1
724 820 4
817 913 2
818 914 -4
819 915 4
820 916 4
913 1009 -2
914 1010 -2
915 1011 1
916 1012 -1
1009 1105 -2
1010 1106 1
1011 1107 -4
1012 1108 -4
57 153 2
58 154 -2
59 155 -1
60 156 -2
153 249 4
154 250 -1
155 251 2
156 252 1
249 345 -4
250 346 -2
251 347 2
252 348 2
345 441 -2
346 442 -1
347 443 2
348 444 4
441 537 -4
442 538 2
443 539 -1
444 540 -2
537 633 -4
538 634 -1
539 635 -1
540 636 2
633 729 2
634 730 2
635 731 1
636 732 2
729 825 2
730 826 1
731 827 2
732 828 -4
825 921 -1
826 922 1
827 923 -1
828 924 4
921 1017 4
922 1018 -4
923 1019 -4
924 1020 -4
1017 1113 -2
1018 1114 -4
1019 1115 -2
1020 1116 -1
65 161 -1
66 162 2
67 163 2
68 164 4
161 257 -1
162 258 -4
163 259 -1
164 260 -1
257 353 -2
258 354 -1
259 355 2
260 356 4
353 449 -4
354 450 -4
355 451 4
356 452 -4
449 545 2
450 546 2
451 547 4
452 548 2
545 641 4
546 642 4
547 643 -1
548 644 4
641 737 2
642 738 -4
643 739 -1
644 740 -2
737 833 -1
738 834 -1
739 835 1
740 836 -2
833 929 -4
834 930 -2
835 931 -4
836 932 -2
929 1025 2
930 1026 1
931 1027 4
932 1028 1
1025 1121 4
1026 1122 -4
1027 1123 -4
1028 1124 -2
73 169 -4
74 170 -4
75 171 1
76 172 2
169 265 -4
170 266 -1
171 267 2
172 268 -1
265 361 -1
266 362 -2
267 363 -1
268 364 -2
361 457 -4
362 458 1
363 459 1
364 460 4
457 553 -4
458 554 2
459 555 2
460 556 -4
553 649 -2
554 650 1
555 651 -1
556 652 -2
649 745 2
650 746 1
651 747 2
652 748 -2
745 841 -2
746 842 -4
747 843 -4
748 844 -1
841 937 4
842 938 1
843 939 4
844 940 2
937 1033 1
938 1034 2
939 1035 4
940 1036 -1
1033 1129 -2
1034 1130 -2
1035 1131 -2
1036 1132 -2
81 177 -1
82 178 1
83 179 1
84 180 -2
177 273 -4
178 274 -1
179 275 -2
180 276 -2
273 369 4
274 370 -1
275 371 4
276 372 -2
369 465 -2
370 466 4
371 467 2
372 468 -4
465 561 -4
466 562 1
467 563 1
468 564 -1
561 657 -4
562 658 1
563 659 -1
564 660 -2
657 753 -4
658 754 -2
659 755 1
660 756 -4
753 849 -1
754 850 -4
755 851 1
756 852 4
849 945 4
850 946 -2
851 947 1
852 948 2
945 1041 -2
946 1042 -4
947 1043 -2
948 1044 4
1041 1137 -1
1042 1138 2
1043 1139 -1
1044 1140 -4
89 185 -2
90 186 2
91 187 4
92 188 4
185 281 -2
186 282 1
187 283 4
188 284 -4
281 377 -4
282 378 -4
283 379 -4
284 380 -2
377 473 1
378 474 -2
379 475 4
380 476 2
473 569 1
474 570 -4
475 571 2
476 572 1
569 665 -2
570 666 2
571 667 1
572 668 -4
665 761 1
666 762 4
667 763 4
668 764 1
761 857 -4
762 858 -4
763 859 1
764 860 2
857 953 -1
858 954 4
859 955 -2
860 956 -4
953 1049 -2
954 1050 -4
955 1051 -1
956 1052 4
1049 1145 -4
1050 1146 2
1051 1147 4
1052 1148 -1
