#
1 5 4
1 6 -4
1 7 -1
1 8 -2
2 5 4
2 6 -2
2 7 -4
2 8 1
3 5 -4
3 6 -2
3 7 1
3 8 2
4 5 -1
4 6 2
4 7 1
4 8 1
9 13 1
9 14 -4
9 15 -4
9 16 -4
10 13 -2
10 14 -1
10 15 -1
10 16 2
11 13 2
11 14 -4
11 15 -4
11 16 -2
12 13 1
12 14 -2
12 15 -2
12 16 2
17 21 -2
17 22 -4
17 23 -4
17 24 2
18 21 -4
18 22 -2
18 23 -1
18 24 -4
19 21 4
19 22 1
19 23 2
19 24 4
20 21 1
20 22 2
20 23 4
20 24 2
25 29 -1
25 30 -2
25 31 -2
25 32 1
26 29 4
26 30 2
26 31 1
26 32 1
27 29 1
27 30 -1
27 31 1
27 32 1
28 29 -1
28 30 4
28 31 1
28 32 4
33 37 2
33 38 -4
33 39 -4
33 40 1
34 37 1
34 38 2
34 39 -1
34 40 -1
35 37 2
35 38 -1
35 39 -1
35 40 -1
36 37 -4
36 38 -2
36 39 -1
36 40 2
41 45 2
41 46 4
41 47 -2
41 48 2
42 45 2
42 46 2
42 47 -2
42 48 2
43 45 2
43 46 1
43 47 -4
43 48 2
44 45 -4
44 46 2
44 47 -2
44 48 1
49 53 4
49 54 -1
49 55 1
49 56 4
50 53 -4
50 54 -4
50 55 -1
50 56 4
51 53 -2
51 54 1
51 55 -2
51 56 1
52 53 -4
52 54 4
52 55 4
52 56 -2
57 61 -4
57 62 1
57 63 -1
57 64 -4
58 61 -1
58 62 1
58 63 -2
58 64 4
59 61 4
59 62 -2
59 63 -2
59 64 2
60 61 -1
60 62 1
60 63 4
60 64 4
65 69 -2
65 70 4
65 71 1
65 72 1
66 69 4
66 70 2
66 71 2
66 72 -2
67 69 4
67 70 4
67 71 -1
67 72 4
68 69 1
68 70 -4
68 71 2
68 72 -1
73 77 -4
73 78 -4
73 79 2
73 80 4
74 77 1
74 78 4
74 79 -2
74 80 -2
75 77 -4
75 78 4
75 79 -2
75 80 2
76 77 1
76 78 2
76 79 4
76 80 4
81 85 4
81 86 -1
81 87 -2
81 88 1
82 85 4
82 86 2
82 87 1
82 88 -2
83 85 -1
83 86 -2
83 87 -2
83 88 -1
84 85 -4
84 86 -1
84 87 4
84 88 -4
89 93 1
89 94 2
89 95 1
89 96 -1
90 93 4
90 94 1
90 95 -2
90 96 -1
91 93 1
91 94 -2
91 95 1
91 96 1
92 93 2
92 94 2
92 95 -4
92 96 2
97 101 -4
97 102 -4
97 103 1
97 104 1
98 101 4
98 102 -1
98 103 -1
98 104 4
99 101 -2
99 102 2
99 103 4
99 104 -4
100 101 4
100 102 -4
100 103 -4
100 104 -2
105 109 -4
105 110 -1
105 111 -1
105 112 -1
106 109 -1
106 110 2
106 111 1
106 112 -2
107 109 1
107 110 4
107 111 2
107 112 1
108 109 -1
108 110 4
108 111 -4
108 112 -4
113 117 -4
113 118 -4
113 119 1
113 120 4
114 117 4
114 118 4
114 119 4
114 120 -4
115 117 -1
115 118 -2
115 119 -2
115 120 -2
116 117 -4
116 118 -1
116 119 -1
116 120 -4
121 125 -1
121 126 -1
121 127 1
121 128 -1
122 125 2
122 126 -1
122 127 4
122 128 2
123 125 4
123 126 2
123 127 1
123 128 4
124 125 4
124 126 2
124 127 -2
124 128 -2
129 133 -1
129 134 -2
129 135 -2
129 136 1
130 133 -4
130 134 -4
130 135 -1
130 136 1
131 133 -2
131 134 -4
131 135 4
131 136 -2
132 133 -4
132 134 4
132 135 -1
132 136 -2
137 141 4
137 142 4
137 143 -4
137 144 1
138 141 1
138 142 4
138 143 4
138 144 -1
139 141 2
139 142 1
139 143 -1
139 144 4
140 141 -2
140 142 1
140 143 -4
140 144 2
145 149 4
145 150 -4
145 151 1
145 152 -2
146 149 -4
146 150 -1
146 151 2
146 152 2
147 149 1
147 150 1
147 151 -4
147 152 -1
148 149 -1
148 150 -2
148 151 -2
148 152 -2
153 157 -1
153 158 -4
153 159 -1
153 160 -1
154 157 4
154 158 1
154 159 4
154 160 -4
155 157 2
155 158 -1
155 159 -4
155 160 4
156 157 -2
156 158 1
156 159 -4
156 160 -4
161 165 -1
161 166 -1
161 167 -2
161 168 -1
162 165 4
162 166 1
162 167 4
162 168 4
163 165 -4
163 166 1
163 167 -1
163 168 -2
164 165 2
164 166 -2
164 167 -4
164 168 1
169 173 -1
169 174 -4
169 175 1
169 176 -2
170 173 1
170 174 -1
170 175 2
170 176 -4
171 173 -1
171 174 -2
171 175 2
171 176 -1
172 173 -1
172 174 4
172 175 4
172 176 -2
177 181 -2
177 182 -1
177 183 -1
177 184 -1
178 181 1
178 182 -1
178 183 -2
178 184 2
179 181 -4
179 182 -1
179 183 1
179 184 2
180 181 -4
180 182 2
180 183 1
180 184 -1
185 189 -1
185 190 -2
185 191 -2
185 192 -1
186 189 -1
186 190 2
186 191 4
186 192 -1
187 189 -1
187 190 -1
187 191 -4
187 192 1
188 189 -2
188 190 2
188 191 -4
188 192 1
193 197 1
193 198 -1
193 199 -2
193 200 1
194 197 1
194 198 2
194 199 -2
194 200 -4
195 197 2
195 198 4
195 199 -2
195 200 4
196 197 -1
196 198 4
196 199 -1
196 200 -1
201 205 1
201 206 -2
201 207 -4
201 208 -4
202 205 -1
202 206 -1
202 207 4
202 208 -1
203 205 2
203 206 2
203 207 -2
203 208 2
204 205 2
204 206 1
204 207 -2
204 208 -2
209 213 2
209 214 -1
209 215 1
209 216 -4
210 213 1
210 214 -1
210 215 4
210 216 1
211 213 1
211 214 -2
211 215 2
211 216 4
212 213 -2
212 214 -2
212 215 -4
212 216 2
217 221 1
217 222 1
217 223 2
217 224 -2
218 221 -2
218 222 2
218 223 4
218 224 -2
219 221 -4
219 222 1
219 223 -4
219 224 -2
220 221 -4
220 222 -4
220 223 -1
220 224 4
225 229 2
225 230 1
225 231 -2
225 232 1
226 229 -2
226 230 -4
226 231 -1
226 232 4
227 229 2
227 230 -2
227 231 -4
227 232 4
228 229 2
228 230 -1
228 231 4
228 232 -2
233 237 -1
233 238 4
233 239 -4
233 240 -2
234 237 -1
234 238 2
234 239 -2
234 240 -4
235 237 -4
235 238 4
235 239 -2
235 240 -1
236 237 2
236 238 4
236 239 2
236 240 1
241 245 -2
241 246 -2
241 247 -1
241 248 -2
242 245 -1
242 246 2
242 247 2
242 248 4
243 245 -1
243 246 -4
243 247 -4
243 248 1
244 245 2
244 246 4
244 247 2
244 248 -2
249 253 2
249 254 4
249 255 2
249 256 2
250 253 -2
250 254 -1
250 255 -2
250 256 1
251 253 2
251 254 -1
251 255 -1
251 256 4
252 253 2
252 254 4
252 255 -2
252 256 1
257 261 -4
257 262 -4
257 263 -4
257 264 2
258 261 -2
258 262 1
258 263 -4
258 264 2
259 261 -2
259 262 -1
259 263 -1
259 264 -4
260 261 4
260 262 -4
260 263 -2
260 264 4
265 269 2
265 270 1
265 271 2
265 272 -2
266 269 -1
266 270 1
266 271 -2
266 272 -2
267 269 2
267 270 -2
267 271 2
267 272 -4
268 269 -2
268 270 4
268 271 -4
268 272 4
273 277 -4
273 278 2
273 279 -4
273 280 -4
274 277 -4
274 278 1
274 279 2
274 280 -2
275 277 -1
275 278 -4
275 279 4
275 280 -4
276 277 4
276 278 -2
276 279 -1
276 280 -2
281 285 2
281 286 1
281 287 -1
281 288 -4
282 285 -4
282 286 1
282 287 -1
282 288 -1
283 285 -1
283 286 2
283 287 -1
283 288 -2
284 285 -4
284 286 4
284 287 2
284 288 2
289 293 2
289 294 -4
289 295 1
289 296 2
290 293 -4
290 294 -2
290 295 1
290 296 2
291 293 2
291 294 -1
291 295 2
291 296 -4
292 293 1
292 294 -1
292 295 -1
292 296 -4
297 301 -2
297 302 -1
297 303 -4
297 304 -1
298 301 1
298 302 -4
298 303 2
298 304 -1
299 301 -1
299 302 -1
299 303 1
299 304 4
300 301 4
300 302 1
300 303 -4
300 304 -4
305 309 -2
305 310 1
305 311 -1
305 312 1
306 309 -2
306 310 1
306 311 -4
306 312 -4
307 309 -4
307 310 -4
307 311 2
307 312 -2
308 309 2
308 310 4
308 311 -2
308 312 2
313 317 1
313 318 1
313 319 -2
313 320 -2
314 317 4
314 318 1
314 319 2
314 320 1
315 317 -1
315 318 -1
315 319 -1
315 320 2
316 317 -4
316 318 2
316 319 -1
316 320 1
321 325 -2
321 326 1
321 327 -2
321 328 4
322 325 2
322 326 -4
322 327 -1
322 328 4
323 325 -2
323 326 -4
323 327 -1
323 328 -1
324 325 -2
324 326 -1
324 327 2
324 328 1
329 333 2
329 334 1
329 335 -1
329 336 -4
330 333 -1
330 334 4
330 335 4
330 336 1
331 333 4
331 334 -1
331 335 1
331 336 -1
332 333 2
332 334 -4
332 335 4
332 336 4
337 341 -1
337 342 -4
337 343 4
337 344 1
338 341 2
338 342 4
338 343 -2
338 344 4
339 341 -2
339 342 -1
339 343 -1
339 344 2
340 341 2
340 342 4
340 343 4
340 344 1
345 349 -4
345 350 1
345 351 2
345 352 4
346 349 -2
346 350 -4
346 351 -2
346 352 1
347 349 -4
347 350 -1
347 351 1
347 352 -1
348 349 1
348 350 1
348 351 4
348 352 -1
353 357 -1
353 358 4
353 359 -1
353 360 -4
354 357 -1
354 358 -1
354 359 -2
354 360 1
355 357 2
355 358 1
355 359 -2
355 360 -4
356 357 4
356 358 -1
356 359 -1
356 360 -4
361 365 -4
361 366 -4
361 367 4
361 368 -1
362 365 -1
362 366 4
362 367 -1
362 368 4
363 365 -4
363 366 -2
363 367 1
363 368 4
364 365 4
364 366 2
364 367 2
364 368 -1
369 373 -2
369 374 1
369 375 4
369 376 -4
370 373 4
370 374 -2
370 375 -2
370 376 1
371 373 -2
371 374 2
371 375 1
371 376 -4
372 373 -2
372 374 2
372 375 -2
372 376 4
377 381 -1
377 382 2
377 383 -1
377 384 -1
378 381 -2
378 382 -2
378 383 -4
378 384 1
379 381 -4
379 382 -1
379 383 2
379 384 1
380 381 4
380 382 -4
380 383 1
380 384 4
385 389 1
385 390 -4
385 391 2
385 392 1
386 389 4
386 390 -4
386 391 4
386 392 2
387 389 -4
387 390 -2
387 391 -2
387 392 -1
388 389 4
388 390 1
388 391 1
388 392 -4
393 397 4
393 398 -1
393 399 -1
393 400 1
394 397 2
394 398 1
394 399 1
394 400 4
395 397 4
395 398 1
395 399 4
395 400 4
396 397 -1
396 398 -2
396 399 -2
396 400 2
401 405 1
401 406 -4
401 407 -1
401 408 2
402 405 -4
402 406 1
402 407 1
402 408 -1
403 405 -2
403 406 -4
403 407 1
403 408 -1
404 405 -1
404 406 2
404 407 4
404 408 1
409 413 2
409 414 2
409 415 -1
409 416 -4
410 413 1
410 414 -1
410 415 -1
410 416 -4
411 413 2
411 414 -4
411 415 -1
411 416 2
412 413 4
412 414 -1
412 415 4
412 416 -1
417 421 4
417 422 2
417 423 4
417 424 4
418 421 2
418 422 -4
418 423 1
418 424 -2
419 421 2
419 422 -1
419 423 -1
419 424 -1
420 421 -2
420 422 2
420 423 -2
420 424 -2
425 429 -1
425 430 -4
425 431 1
425 432 1
426 429 2
426 430 1
426 431 -4
426 432 -2
427 429 -2
427 430 -4
427 431 -4
427 432 -1
428 429 -2
428 430 -1
428 431 -2
428 432 -2
433 437 -4
433 438 -4
433 439 4
433 440 2
434 437 -2
434 438 -1
434 439 -4
434 440 4
435 437 1
435 438 1
435 439 2
435 440 1
436 437 -2
436 438 -1
436 439 2
436 440 2
441 445 -4
441 446 1
441 447 -2
441 448 -4
442 445 -4
442 446 -4
442 447 -1
442 448 2
443 445 -1
443 446 2
443 447 -4
443 448 4
444 445 2
444 446 -1
444 447 4
444 448 -2
449 453 1
449 454 -4
449 455 -4
449 456 -1
450 453 2
450 454 2
450 455 -2
450 456 -4
451 453 -1
451 454 -2
451 455 -1
451 456 4
452 453 4
452 454 -2
452 455 2
452 456 -2
457 461 -1
457 462 4
457 463 1
457 464 2
458 461 1
458 462 -2
458 463 -2
458 464 2
459 461 1
459 462 -4
459 463 2
459 464 1
460 461 2
460 462 1
460 463 2
460 464 2
465 469 -1
465 470 -2
465 471 -1
465 472 1
466 469 4
466 470 4
466 471 -2
466 472 1
467 469 -4
467 470 1
467 471 -4
467 472 1
468 469 2
468 470 -4
468 471 -1
468 472 1
473 477 4
473 478 -1
473 479 1
473 480 1
474 477 -1
474 478 -1
474 479 -2
474 480 2
475 477 -2
475 478 4
475 479 -1
475 480 1
476 477 4
476 478 -1
476 479 -4
476 480 -2
481 485 -2
481 486 -4
481 487 4
481 488 -4
482 485 2
482 486 -1
482 487 1
482 488 4
483 485 -1
483 486 -4
483 487 -4
483 488 1
484 485 -1
484 486 2
484 487 4
484 488 -1
489 493 2
489 494 2
489 495 -1
489 496 1
490 493 -2
490 494 -1
490 495 1
490 496 1
491 493 -2
491 494 -2
491 495 4
491 496 1
492 493 1
492 494 -2
492 495 -4
492 496 2
497 501 -2
497 502 -1
497 503 -4
497 504 1
498 501 -4
498 502 -1
498 503 -2
498 504 2
499 501 4
499 502 2
499 503 1
499 504 -4
500 501 2
500 502 4
500 503 -1
500 504 -4
505 509 1
505 510 -4
505 511 -1
505 512 -1
506 509 -4
506 510 2
506 511 -1
506 512 1
507 509 4
507 510 -1
507 511 -4
507 512 -2
508 509 2
508 510 -2
508 511 1
508 512 4
513 517 -4
513 518 -4
513 519 1
513 520 -4
514 517 -1
514 518 1
514 519 1
514 520 -2
515 517 -4
515 518 4
515 519 2
515 520 1
516 517 4
516 518 -4
516 519 -2
516 520 4
521 525 -2
521 526 -1
521 527 -4
521 528 2
522 525 1
522 526 1
522 527 2
522 528 2
523 525 1
523 526 2
523 527 2
523 528 -2
524 525 4
524 526 -2
524 527 -4
524 528 1
529 533 2
529 534 1
529 535 2
529 536 -2
530 533 -2
530 534 4
530 535 2
530 536 2
531 533 2
531 534 -2
531 535 -4
531 536 -2
532 533 -1
532 534 2
532 535 4
532 536 -4
537 541 1
537 542 -1
537 543 -1
537 544 -2
538 541 -1
538 542 2
538 543 4
538 544 2
539 541 1
539 542 -1
539 543 -2
539 544 -2
540 541 1
540 542 -1
540 543 1
540 544 -1
545 549 -4
545 550 2
545 551 -2
545 552 2
546 549 4
546 550 -4
546 551 -2
546 552 -4
547 549 1
547 550 -1
547 551 -4
547 552 1
548 549 -4
548 550 -2
548 551 1
548 552 2
553 557 4
553 558 -2
553 559 -2
553 560 -2
554 557 4
554 558 2
554 559 -2
554 560 4
555 557 -2
555 558 -2
555 559 1
555 560 2
556 557 -4
556 558 -2
556 559 -4
556 560 -1
561 565 4
561 566 1
561 567 1
561 568 -4
562 565 4
562 566 -4
562 567 -4
562 568 2
563 565 -1
563 566 2
563 567 -2
563 568 -1
564 565 4
564 566 2
564 567 1
564 568 -2
569 573 -1
569 574 2
569 575 -2
569 576 -2
570 573 -4
570 574 4
570 575 -4
570 576 -4
571 573 -1
571 574 -1
571 575 2
571 576 -1
572 573 2
572 574 -2
572 575 -1
572 576 4
577 581 1
577 582 -2
577 583 2
577 584 -4
578 581 -2
578 582 1
578 583 -4
578 584 -4
579 581 -1
579 582 -4
579 583 4
579 584 2
580 581 2
580 582 -1
580 583 2
580 584 -1
585 589 -1
585 590 4
585 591 -1
585 592 -1
586 589 -2
586 590 2
586 591 4
586 592 2
587 589 2
587 590 -4
587 591 -4
587 592 2
588 589 2
588 590 -1
588 591 1
588 592 4
593 597 4
593 598 1
593 599 4
593 600 2
594 597 4
594 598 -4
594 599 -1
594 600 -4
595 597 2
595 598 2
595 599 -2
595 600 2
596 597 4
596 598 -4
596 599 1
596 600 4
601 605 -1
601 606 2
601 607 -4
601 608 -4
602 605 4
602 606 1
602 607 4
602 608 -4
603 605 -4
603 606 4
603 607 -1
603 608 2
604 605 1
604 606 -1
604 607 -4
604 608 2
609 613 -4
609 614 4
609 615 2
609 616 -4
610 613 -2
610 614 -1
610 615 4
610 616 -2
611 613 -4
611 614 -2
611 615 -2
611 616 4
612 613 -1
612 614 4
612 615 -2
612 616 2
617 621 -1
617 622 -4
617 623 -1
617 624 4
618 621 -2
618 622 -1
618 623 1
618 624 -4
619 621 -1
619 622 4
619 623 2
619 624 1
620 621 -1
620 622 1
620 623 1
620 624 -4
625 629 4
625 630 4
625 631 4
625 632 1
626 629 4
626 630 2
626 631 -1
626 632 4
627 629 4
627 630 -4
627 631 4
627 632 1
628 629 4
628 630 -2
628 631 4
628 632 1
633 637 2
633 638 -4
633 639 4
633 640 -4
634 637 4
634 638 2
634 639 1
634 640 -2
635 637 -2
635 638 -2
635 639 -1
635 640 -4
636 637 -1
636 638 4
636 639 1
636 640 4
641 645 2
641 646 -1
641 647 1
641 648 -1
642 645 4
642 646 2
642 647 -2
642 648 4
643 645 -1
643 646 1
643 647 4
643 648 -4
644 645 4
644 646 -4
644 647 2
644 648 -2
649 653 2
649 654 -2
649 655 -4
649 656 -1
650 653 -2
650 654 2
650 655 2
650 656 -2
651 653 -2
651 654 -2
651 655 4
651 656 4
652 653 4
652 654 -2
652 655 2
652 656 -4
657 661 4
657 662 -2
657 663 4
657 664 -4
658 661 -4
658 662 2
658 663 -4
658 664 -1
659 661 2
659 662 -2
659 663 -1
659 664 -1
660 661 2
660 662 2
660 663 4
660 664 -1
665 669 -2
665 670 4
665 671 -4
665 672 -2
666 669 4
666 670 -1
666 671 -1
666 672 -2
667 669 -2
667 670 2
667 671 1
667 672 -2
668 669 4
668 670 1
668 671 -4
668 672 -4
673 677 -4
673 678 -2
673 679 1
673 680 -4
674 677 -4
674 678 -1
674 679 -2
674 680 -2
675 677 -1
675 678 1
675 679 4
675 680 -4
676 677 -2
676 678 -2
676 679 -4
676 680 -1
681 685 -2
681 686 -1
681 687 4
681 688 2
682 685 1
682 686 -1
682 687 1
682 688 -4
683 685 4
683 686 1
683 687 1
683 688 1
684 685 -1
684 686 1
684 687 -4
684 688 -4
689 693 -4
689 694 -4
689 695 -2
689 696 4
690 693 -1
690 694 -1
690 695 -2
690 696 1
691 693 -1
691 694 -4
691 695 1
691 696 -2
692 693 1
692 694 -1
692 695 4
692 696 -2
697 701 2
697 702 1
697 703 -4
697 704 4
698 701 -2
698 702 -4
698 703 4
698 704 -4
699 701 -1
699 702 -2
699 703 2
699 704 -1
700 701 4
700 702 1
700 703 -1
700 704 1
705 709 1
705 710 -1
705 711 -4
705 712 -1
706 709 -2
706 710 1
706 711 -2
706 712 -2
707 709 2
707 710 4
707 711 -1
707 712 2
708 709 -4
708 710 -2
708 711 -2
708 712 -1
713 717 4
713 718 -1
713 719 1
713 720 4
714 717 -1
714 718 -2
714 719 2
714 720 -4
715 717 4
715 718 -2
715 719 2
715 720 -4
716 717 2
716 718 4
716 719 2
716 720 -2
721 725 -1
721 726 -1
721 727 2
721 728 2
722 725 -1
722 726 4
722 727 -1
722 728 -1
723 725 -1
723 726 -2
723 727 2
723 728 1
724 725 1
724 726 2
724 727 -2
724 728 -2
729 733 2
729 734 -1
729 735 2
729 736 2
730 733 4
730 734 -2
730 735 -2
730 736 -1
731 733 -1
731 734 1
731 735 -4
731 736 4
732 733 -4
732 734 -2
732 735 2
732 736 2
737 741 -2
737 742 4
737 743 1
737 744 -1
738 741 -1
738 742 4
738 743 2
738 744 2
739 741 1
739 742 -1
739 743 -2
739 744 2
740 741 -4
740 742 -2
740 743 2
740 744 2
745 749 4
745 750 -1
745 751 2
745 752 4
746 749 2
746 750 -4
746 751 2
746 752 -1
747 749 1
747 750 4
747 751 -2
747 752 2
748 749 -4
748 750 4
748 751 2
748 752 -4
753 757 4
753 758 1
753 759 4
753 760 -2
754 757 -1
754 758 -4
754 759 -2
754 760 -2
755 757 -4
755 758 -4
755 759 -2
755 760 -4
756 757 -1
756 758 1
756 759 -2
756 760 -1
761 765 -1
761 766 -4
761 767 1
761 768 4
762 765 4
762 766 1
762 767 1
762 768 4
763 765 -1
763 766 2
763 767 -1
763 768 -4
764 765 1
764 766 -4
764 767 -2
764 768 2
769 773 2
769 774 2
769 775 2
769 776 -4
770 773 2
770 774 -2
770 775 4
770 776 2
771 773 1
771 774 -4
771 775 -1
771 776 -1
772 773 -1
772 774 -2
772 775 -2
772 776 4
777 781 -4
777 782 4
777 783 2
777 784 -1
778 781 4
778 782 1
778 783 1
778 784 -4
779 781 2
779 782 2
779 783 -4
779 784 -2
780 781 2
780 782 -1
780 783 -4
780 784 -2
785 789 -4
785 790 -4
785 791 -1
785 792 -2
786 789 2
786 790 2
786 791 -2
786 792 -4
787 789 4
787 790 -2
787 791 -2
787 792 -2
788 789 -2
788 790 -1
788 791 2
788 792 -2
793 797 4
793 798 -1
793 799 1
793 800 -4
794 797 -1
794 798 1
794 799 -1
794 800 -2
795 797 4
795 798 1
795 799 -2
795 800 4
796 797 -4
796 798 -4
796 799 2
796 800 2
801 805 1
801 806 -2
801 807 -4
801 808 -4
802 805 -2
802 806 -2
802 807 -4
802 808 2
803 805 2
803 806 4
803 807 1
803 808 -1
804 805 2
804 806 -2
804 807 2
804 808 -1
809 813 1
809 814 -1
809 815 -4
809 816 4
810 813 -4
810 814 -1
810 815 1
810 816 -1
811 813 1
811 814 -1
811 815 -4
811 816 -1
812 813 -2
812 814 1
812 815 -1
812 816 -2
817 821 -4
817 822 1
817 823 2
817 824 2
818 821 1
818 822 -2
818 823 4
818 824 -2
819 821 -2
819 822 1
819 823 1
819 824 -2
820 821 2
820 822 4
820 823 -4
820 824 4
825 829 -4
825 830 -1
825 831 -1
825 832 -4
826 829 -2
826 830 4
826 831 -4
826 832 4
827 829 -2
827 830 -1
827 831 1
827 832 1
828 829 -4
828 830 1
828 831 -4
828 832 -2
833 837 -4
833 838 4
833 839 2
833 840 -4
834 837 -1
834 838 1
834 839 -4
834 840 -1
835 837 4
835 838 2
835 839 -1
835 840 -4
836 837 -2
836 838 -2
836 839 -2
836 840 1
841 845 -1
841 846 4
841 847 1
841 848 -2
842 845 2
842 846 -2
842 847 -4
842 848 -4
843 845 2
843 846 -1
843 847 -4
843 848 4
844 845 -2
844 846 -4
844 847 -4
844 848 4
849 853 1
849 854 4
849 855 -2
849 856 -1
850 853 2
850 854 -4
850 855 -1
850 856 -1
851 853 4
851 854 1
851 855 -1
851 856 1
852 853 2
852 854 1
852 855 4
852 856 1
857 861 -2
857 862 2
857 863 1
857 864 2
858 861 1
858 862 4
858 863 -4
858 864 4
859 861 2
859 862 2
859 863 2
859 864 2
860 861 4
860 862 -1
860 863 -1
860 864 1
865 869 1
865 870 4
865 871 2
865 872 -4
866 869 4
866 870 -1
866 871 4
866 872 1
867 869 -4
867 870 1
867 871 -2
867 872 -4
868 869 2
868 870 2
868 871 -2
868 872 -2
873 877 1
873 878 -1
873 879 1
873 880 1
874 877 -2
874 878 1
874 879 1
874 880 1
875 877 -4
875 878 1
875 879 1
875 880 2
876 877 2
876 878 2
876 879 -4
876 880 -1
881 885 -4
881 886 2
881 887 2
881 888 2
882 885 -1
882 886 -1
882 887 4
882 888 1
883 885 -2
883 886 1
883 887 -4
883 888 -2
884 885 -2
884 886 -1
884 887 -1
884 888 -2
889 893 -1
889 894 2
889 895 2
889 896 -1
890 893 1
890 894 1
890 895 2
890 896 -2
891 893 -1
891 894 2
891 895 -2
891 896 2
892 893 2
892 894 2
892 895 1
892 896 1
897 901 2
897 902 -2
897 903 4
897 904 -1
898 901 -2
898 902 -2
898 903 -2
898 904 -2
899 901 -2
899 902 -1
899 903 -1
899 904 2
900 901 4
900 902 4
900 903 -2
900 904 -1
905 909 4
905 910 -2
905 911 2
905 912 2
906 909 -2
906 910 -1
906 911 1
906 912 -2
907 909 2
907 910 -1
907 911 4
907 912 -2
908 909 -1
908 910 2
908 911 -2
908 912 -1
913 917 -4
913 918 4
913 919 2
913 920 2
914 917 -4
914 918 4
914 919 4
914 920 -4
915 917 -4
915 918 2
915 919 -2
915 920 -1
916 917 -4
916 918 1
916 919 1
916 920 4
921 925 -4
921 926 2
921 927 4
921 928 1
922 925 -1
922 926 -4
922 927 4
922 928 -1
923 925 -4
923 926 2
923 927 1
923 928 -1
924 925 -1
924 926 4
924 927 4
924 928 -4
929 933 1
929 934 -2
929 935 1
929 936 -2
930 933 4
930 934 2
930 935 -4
930 936 1
931 933 2
931 934 1
931 935 2
931 936 4
932 933 1
932 934 2
932 935 -1
932 936 2
937 941 1
937 942 -4
937 943 1
937 944 -4
938 941 -1
938 942 -4
938 943 1
938 944 -2
939 941 2
939 942 -1
939 943 -2
939 944 -1
940 941 1
940 942 1
940 943 -4
940 944 -2
945 949 1
945 950 2
945 951 -4
945 952 2
946 949 -2
946 950 2
946 951 -1
946 952 1
947 949 -1
947 950 1
947 951 4
947 952 -4
948 949 2
948 950 -2
948 951 2
948 952 -2
953 957 4
953 958 4
953 959 -1
953 960 4
954 957 4
954 958 4
954 959 1
954 960 -2
955 957 -1
955 958 4
955 959 1
955 960 2
956 957 1
956 958 2
956 959 -2
956 960 -2
961 965 -2
961 966 -2
961 967 1
961 968 2
962 965 -4
962 966 2
962 967 4
962 968 -2
963 965 4
963 966 -2
963 967 -4
963 968 1
964 965 4
964 966 -2
964 967 -2
964 968 1
969 973 4
969 974 1
969 975 -4
969 976 4
970 973 2
970 974 2
970 975 1
970 976 -2
971 973 1
971 974 -4
971 975 2
971 976 -4
972 973 2
972 974 1
972 975 -1
972 976 -2
977 981 -2
977 982 -1
977 983 1
977 984 4
978 981 -4
978 982 4
978 983 1
978 984 -2
979 981 2
979 982 -2
979 983 2
979 984 4
980 981 2
980 982 -4
980 983 2
980 984 1
985 989 1
985 990 -1
985 991 -4
985 992 1
986 989 -1
986 990 2
986 991 -2
986 992 -1
987 989 2
987 990 -1
987 991 4
987 992 4
988 989 -4
988 990 4
988 991 2
988 992 -4
993 997 -4
993 998 -1
993 999 -2
993 1000 -4
994 997 1
994 998 -1
994 999 4
994 1000 -4
995 997 -2
995 998 2
995 999 4
995 1000 1
996 997 2
996 998 -1
996 999 -1
996 1000 4
1001 1005 1
1001 1006 2
1001 1007 4
1001 1008 -2
1002 1005 -4
1002 1006 4
1002 1007 4
1002 1008 -2
1003 1005 -4
1003 1006 -4
1003 1007 1
1003 1008 -4
1004 1005 2
1004 1006 -2
1004 1007 2
1004 1008 1
1009 1013 1
1009 1014 4
1009 1015 -4
1009 1016 1
1010 1013 -2
1010 1014 1
1010 1015 2
1010 1016 -1
1011 1013 2
1011 1014 -2
1011 1015 1
1011 1016 -4
1012 1013 1
1012 1014 2
1012 1015 2
1012 1016 -2
1017 1021 -1
1017 1022 -4
1017 1023 1
1017 1024 4
1018 1021 2
1018 1022 4
1018 1023 1
1018 1024 4
1019 1021 1
1019 1022 -2
1019 1023 -4
1019 1024 1
1020 1021 2
1020 1022 4
1020 1023 1
1020 1024 4
1025 1029 4
1025 1030 1
1025 1031 2
1025 1032 -2
1026 1029 1
1026 1030 2
1026 1031 1
1026 1032 2
1027 1029 1
1027 1030 -4
1027 1031 -1
1027 1032 -1
1028 1029 -1
1028 1030 -1
1028 1031 -2
1028 1032 2
1033 1037 -1
1033 1038 1
1033 1039 4
1033 1040 -4
1034 1037 -4
1034 1038 1
1034 1039 -4
1034 1040 -2
1035 1037 2
1035 1038 1
1035 1039 2
1035 1040 1
1036 1037 -4
1036 1038 4
1036 1039 -4
1036 1040 4
1041 1045 1
1041 1046 1
1041 1047 -1
1041 1048 1
1042 1045 -2
1042 1046 1
1042 1047 1
1042 1048 -2
1043 1045 -2
1043 1046 -4
1043 1047 -1
1043 1048 -2
1044 1045 -2
1044 1046 -2
1044 1047 -2
1044 1048 1
1049 1053 -2
1049 1054 -4
1049 1055 2
1049 1056 -4
1050 1053 -1
1050 1054 -1
1050 1055 -1
1050 1056 -1
1051 1053 -4
1051 1054 -1
1051 1055 2
1051 1056 1
1052 1053 2
1052 1054 1
1052 1055 4
1052 1056 1
1057 1061 -1
1057 1062 4
1057 1063 1
1057 1064 1
1058 1061 -2
1058 1062 2
1058 1063 -4
1058 1064 -1
1059 1061 4
1059 1062 2
1059 1063 -1
1059 1064 -2
1060 1061 2
1060 1062 1
1060 1063 1
1060 1064 -4
1065 1069 -1
1065 1070 -2
1065 1071 4
1065 1072 4
1066 1069 -2
1066 1070 4
1066 1071 2
1066 1072 -4
1067 1069 2
1067 1070 -2
1067 1071 4
1067 1072 2
1068 1069 2
1068 1070 4
1068 1071 1
1068 1072 2
1073 1077 4
1073 1078 -4
1073 1079 -1
1073 1080 2
1074 1077 1
1074 1078 2
1074 1079 -4
1074 1080 -2
1075 1077 4
1075 1078 4
1075 1079 -1
1075 1080 4
1076 1077 4
1076 1078 2
1076 1079 -2
1076 1080 4
1081 1085 -2
1081 1086 -2
1081 1087 1
1081 1088 -4
1082 1085 -1
1082 1086 4
1082 1087 -1
1082 1088 1
1083 1085 -4
1083 1086 1
1083 1087 -4
1083 1088 4
1084 1085 4
1084 1086 2
1084 1087 1
1084 1088 4
1089 1093 -4
1089 1094 2
1089 1095 -4
1089 1096 4
1090 1093 4
1090 1094 -1
1090 1095 -2
1090 1096 -1
1091 1093 -2
1091 1094 -4
1091 1095 -1
1091 1096 -4
1092 1093 -1
1092 1094 -1
1092 1095 -2
1092 1096 4
1097 1101 -4
1097 1102 -2
1097 1103 2
1097 1104 -1
1098 1101 1
1098 1102 -1
1098 1103 -1
1098 1104 -4
1099 1101 -1
1099 1102 1
1099 1103 1
1099 1104 -2
1100 1101 -1
1100 1102 -4
1100 1103 2
1100 1104 4
1105 1109 -1
1105 1110 -1
1105 1111 1
1105 1112 2
1106 1109 -2
1106 1110 1
1106 1111 -1
1106 1112 1
1107 1109 -1
1107 1110 -1
1107 1111 -1
1107 1112 1
1108 1109 -1
1108 1110 -4
1108 1111 1
1108 1112 1
1113 1117 -2
1113 1118 -1
1113 1119 -1
1113 1120 -2
1114 1117 4
1114 1118 -2
1114 1119 4
1114 1120 -2
1115 1117 1
1115 1118 -2
1115 1119 -2
1115 1120 2
1116 1117 -2
1116 1118 -1
1116 1119 2
1116 1120 -4
1121 1125 2
1121 1126 2
1121 1127 -4
1121 1128 -4
1122 1125 4
1122 1126 4
1122 1127 -4
1122 1128 -2
1123 1125 -4
1123 1126 1
1123 1127 -4
1123 1128 -4
1124 1125 -2
1124 1126 -1
1124 1127 -2
1124 1128 -2
1129 1133 4
1129 1134 2
1129 1135 2
1129 1136 -2
1130 1133 2
1130 1134 -2
1130 1135 -1
1130 1136 -1
1131 1133 2
1131 1134 1
1131 1135 -4
1131 1136 4
1132 1133 -2
1132 1134 -4
1132 1135 2
1132 1136 2
1137 1141 1
1137 1142 -4
1137 1143 4
1137 1144 4
1138 1141 -1
1138 1142 2
1138 1143 4
1138 1144 2
1139 1141 2
1139 1142 -4
1139 1143 1
1139 1144 4
1140 1141 -1
1140 1142 2
1140 1143 2
1140 1144 -1
1145 1149 -4
1145 1150 -4
1145 1151 -1
1145 1152 -1
1146 1149 2
1146 1150 4
1146 1151 -1
1146 1152 -1
1147 1149 -1
1147 1150 4
1147 1151 -2
1147 1152 -4
1148 1149 -4
1148 1150 4
1148 1151 1
1148 1152 -4
5 13 4
6 14 1
7 15 4
8 16 -4
13 21 -2
14 22 1
15 23 1
16 24 4
21 29 -1
22 30 2
23 31 4
24 32 -4
29 37 -4
30 38 4
31 39 2
32 40 1
37 45 1
38 46 -4
39 47 2
40 48 -4
45 53 1
46 54 -4
47 55 -1
48 56 -1
53 61 -4
54 62 -4
55 63 2
56 64 4
61 69 2
62 70 4
63 71 4
64 72 -1
69 77 4
70 78 -1
71 79 2
72 80 1
77 85 1
78 86 -1
79 87 2
80 88 4
85 93 2
86 94 -4
87 95 4
88 96 -1
101 109 -2
102 110 -4
103 111 -1
104 112 -1
109 117 4
110 118 -4
111 119 2
112 120 -1
117 125 -1
118 126 2
119 127 -4
120 128 2
125 133 4
126 134 1
127 135 1
128 136 1
133 141 -4
134 142 4
135 143 -4
136 144 4
141 149 -4
142 150 -4
143 151 -2
144 152 1
149 157 4
150 158 1
151 159 1
152 160 -2
157 165 2
158 166 4
159 167 -2
160 168 -4
165 173 -2
166 174 4
167 175 -4
168 176 -1
173 181 -2
174 182 -1
175 183 4
176 184 -2
181 189 -4
182 190 -1
183 191 4
184 192 -2
197 205 1
198 206 4
199 207 -4
200 208 4
205 213 -1
206 214 -1
207 215 1
208 216 -2
213 221 1
214 222 -2
215 223 2
216 224 -1
221 229 1
222 230 -4
223 231 -4
224 232 -4
229 237 -1
230 238 2
231 239 2
232 240 1
237 245 2
238 246 -2
239 247 -1
240 248 -1
245 253 -2
246 254 -1
247 255 2
248 256 2
253 261 4
254 262 -2
255 263 2
256 264 4
261 269 2
262 270 -1
263 271 2
264 272 -4
269 277 2
270 278 1
271 279 1
272 280 4
277 285 -4
278 286 -1
279 287 2
280 288 1
293 301 -2
294 302 -2
295 303 -2
296 304 1
301 309 -1
302 310 -1
303 311 2
304 312 -1
309 317 2
310 318 -1
311 319 4
312 320 -1
317 325 -2
318 326 4
319 327 1
320 328 4
325 333 -2
326 334 2
327 335 -4
328 336 2
333 341 4
334 342 -1
335 343 -4
336 344 1
341 349 2
342 350 -2
343 351 4
344 352 2
349 357 -4
350 358 -4
351 359 1
352 360 4
357 365 -4
358 366 4
359 367 1
360 368 1
365 373 2
366 374 -2
367 375 -2
368 376 2
373 381 2
374 382 4
375 383 -2
376 384 -2
389 397 2
390 398 4
391 399 -1
392 400 -1
397 405 -2
398 406 -1
399 407 4
400 408 4
405 413 -1
406 414 -1
407 415 1
408 416 2
413 421 -4
414 422 4
415 423 4
416 424 4
421 429 4
422 430 -4
423 431 2
424 432 1
429 437 2
430 438 2
431 439 4
432 440 -2
437 445 -1
438 446 -2
439 447 -2
440 448 4
445 453 -2
446 454 2
447 455 4
448 456 4
453 461 -2
454 462 2
455 463 -1
456 464 -1
461 469 4
462 470 -1
463 471 1
464 472 -4
469 477 2
470 478 -1
471 479 -2
472 480 1
485 493 -2
486 494 2
487 495 -4
488 496 2
493 501 2
494 502 4
495 503 -2
496 504 -4
501 509 2
502 510 -1
503 511 -4
504 512 4
509 517 2
510 518 -1
511 519 1
512 520 1
517 525 -1
518 526 1
519 527 -4
520 528 2
525 533 4
526 534 2
527 535 4
528 536 4
533 541 2
534 542 -4
535 543 -1
536 544 2
541 549 -4
542 550 -2
543 551 -1
544 552 4
549 557 2
550 558 4
551 559 1
552 560 1
557 565 4
558 566 -4
559 567 1
560 568 1
565 573 4
566 574 4
567 575 -1
568 576 -4
581 589 1
582 590 -4
583 591 -1
584 592 2
589 597 1
590 598 2
591 599 -4
592 600 1
597 605 -2
598 606 -2
599 607 2
600 608 -4
605 613 1
606 614 -1
607 615 1
608 616 -1
613 621 -2
614 622 -2
615 623 -4
616 624 2
621 629 2
622 630 4
623 631 -1
624 632 -2
629 637 -2
630 638 -4
631 639 2
632 640 1
637 645 1
638 646 -4
639 647 -2
640 648 2
645 653 -4
646 654 -1
647 655 -4
648 656 -4
653 661 4
654 662 -4
655 663 4
656 664 2
661 669 2
662 670 2
663 671 1
664 672 -2
677 685 4
678 686 2
679 687 -4
680 688 -4
685 693 -4
686 694 2
687 695 -4
688 696 4
693 701 -1
694 702 -4
695 703 -4
696 704 -2
701 709 2
702 710 1
703 711 -2
704 712 -4
709 717 -2
710 718 4
711 719 2
712 720 1
717 725 -2
718 726 -1
719 727 -2
720 728 -2
725 733 -2
726 734 1
727 735 4
728 736 1
733 741 -2
734 742 4
735 743 -1
736 744 4
741 749 -1
742 750 1
743 751 -2
744 752 -2
749 757 -4
750 758 4
751 759 4
752 760 -1
757 765 -1
758 766 -1
759 767 -1
760 768 2
773 781 -2
774 782 -2
775 783 -2
776 784 1
781 789 -2
782 790 -1
783 791 -1
784 792 2
789 797 -1
790 798 4
791 799 -4
792 800 -4
797 805 1
798 806 4
799 807 -4
800 808 -4
805 813 4
806 814 -4
807 815 -1
808 816 -1
813 821 -1
814 822 -1
815 823 2
816 824 -2
821 829 -1
822 830 -4
823 831 4
824 832 -4
829 837 4
830 838 4
831 839 4
832 840 1
837 845 -1
838 846 2
839 847 2
840 848 -1
845 853 2
846 854 -1
847 855 4
848 856 1
853 861 -1
854 862 -1
855 863 -2
856 864 2
869 877 -4
870 878 2
871 879 -1
872 880 2
877 885 4
878 886 2
879 887 1
880 888 -4
885 893 2
886 894 4
887 895 1
888 896 -2
893 901 2
894 902 -1
895 903 4
896 904 2
901 909 2
902 910 -1
903 911 4
904 912 4
909 917 -4
910 918 -1
911 919 -2
912 920 2
917 925 1
918 926 -2
919 927 1
920 928 2
925 933 1
926 934 2
927 935 -1
928 936 -2
933 941 2
934 942 4
935 943 -2
936 944 4
941 949 1
942 950 -2
943 951 -1
944 952 -4
949 957 4
950 958 1
951 959 -2
952 960 -4
965 973 -4
966 974 -4
967 975 4
968 976 -1
973 981 -4
974 982 -2
975 983 -1
976 984 1
981 989 4
982 990 -1
983 991 -4
984 992 -1
989 997 -4
990 998 4
991 999 -4
992 1000 -1
997 1005 1
998 1006 2
999 1007 4
1000 1008 -2
1005 1013 2
1006 1014 -4
1007 1015 -4
1008 1016 1
1013 1021 2
1014 1022 -1
1015 1023 4
1016 1024 -2
1021 1029 1
1022 1030 -1
1023 1031 4
1024 1032 2
1029 1037 -1
1030 1038 -4
1031 1039 1
1032 1040 -2
1037 1045 -2
1038 1046 4
1039 1047 1
1040 1048 -1
1045 1053 4
1046 1054 -1
1047 1055 4
1048 1056 -4
1061 1069 -1
1062 1070 -1
1063 1071 -1
1064 1072 2
1069 1077 2
1070 1078 -4
1071 1079 -4
1072 1080 1
1077 1085 -1
1078 1086 4
1079 1087 1
1080 1088 1
1085 1093 -4
1086 1094 1
1087 1095 4
1088 1096 -1
1093 1101 4
1094 1102 2
1095 1103 -2
1096 1104 -2
1101 1109 -2
1102 1110 -4
1103 1111 -2
1104 1112 4
1109 1117 4
1110 1118 -4
1111 1119 1
1112 1120 -1
1117 1125 1
1118 1126 1
1119 1127 -4
1120 1128 -4
1125 1133 -1
1126 1134 -1
1127 1135 -2
1128 1136 -1
1133 1141 4
1134 1142 -1
1135 1143 2
1136 1144 2
1141 1149 -1
1142 1150 -4
1143 1151 -1
1144 1152 -1
1 97 -1
2 98 -1
3 99 4
4 100 2
97 193 -2
98 194 4
99 195 4
100 196 4
193 289 1
194 290 -2
195 291 -4
196 292 4
289 385 -2
290 386 -1
291 387 -1
292 388 4
385 481 -2
386 482 1
387 483 -1
388 484 4
481 577 -4
482 578 1
483 579 -1
484 580 1
577 673 -1
578 674 -4
579 675 -4
580 676 -4
673 769 4
674 770 -1
675 771 1
676 772 -2
769 865 4
770 866 -4
771 867 -1
772 868 -2
865 961 2
866 962 -4
867 963 4
868 964 2
961 1057 2
962 1058 4
963 1059 -4
964 1060 1
9 105 -1
10 106 -2
11 107 2
12 108 4
105 201 2
106 202 1
107 203 -2
108 204 -4
201 297 2
202 298 4
203 299 -2
204 300 2
297 393 4
298 394 -2
299 395 -1
300 396 2
393 489 -1
394 490 2
395 491 -4
396 492 -1
489 585 -4
490 586 1
491 587 4
492 588 1
585 681 -4
586 682 2
587 683 -4
588 684 2
681 777 -4
682 778 4
683 779 2
684 780 -2
777 873 -4
778 874 -2
779 875 -2
780 876 1
873 969 4
874 970 -2
875 971 -1
876 972 -1
969 1065 -2
970 1066 -1
971 1067 -1
972 1068 -4
17 113 -1
18 114 1
19 115 -4
20 116 -1
113 209 -2
114 210 1
115 211 4
116 212 2
209 305 4
210 306 1
211 307 2
212 308 1
305 401 -2
306 402 1
307 403 -2
308 404 2
401 497 -4
402 498 2
403 499 4
404 500 -1
497 593 2
498 594 2
499 595 -2
500 596 1
593 689 2
594 690 4
595 691 -4
596 692 -2
689 785 -1
690 786 2
691 787 4
692 788 -4
785 881 4
786 882 1
787 883 -4
788 884 2
881 977 1
882 978 4
883 979 4
884 980 2
977 1073 -4
978 1074 -4
979 1075 4
980 1076 2
25 121 -2
26 122 -4
27 123 -2
28 124 1
121 217 4
122 218 -2
123 219 -4
124 220 -4
217 313 4
218 314 1
219 315 -4
220 316 -4
313 409 4
314 410 2
315 411 -1
316 412 1
409 505 -4
410 506 -1
411 507 4
412 508 2
505 601 -4
506 602 -4
507 603 -2
508 604 -4
601 697 2
602 698 -4
603 699 -4
604 700 4
697 793 1
698 794 2
699 795 -1
700 796 4
793 889 1
794 890 -2
795 891 2
796 892 1
889 985 1
890 986 -2
891 987 -4
892 988 4
985 1081 4
986 1082 -1
987 1083 -2
988 1084 2
33 129 4
34 130 4
35 131 1
36 132 4
129 225 -1
130 226 -2
131 227 -1
132 228 -1
225 321 -1
226 322 -1
227 323 -1
228 324 4
321 417 4
322 418 2
323 419 1
324 420 -4
417 513 4
418 514 4
419 515 -4
420 516 -2
513 609 2
514 610 -2
515 611 1
516 612 -2
609 705 -1
610 706 -4
611 707 -4
612 708 -2
705 801 2
706 802 4
707 803 1
708 804 2
801 897 1
802 898 -1
803 899 -2
804 900 1
897 993 -4
898 994 1
899 995 2
900 996 2
993 1089 -1
994 1090 -1
995 1091 2
996 1092 4
41 137 1
42 138 4
43 139 4
44 140 1
137 233 4
138 234 -4
139 235 -2
140 236 2
233 329 1
234 330 -4
235 331 4
236 332 -1
329 425 2
330 426 4
331 427 -1
332 428 -2
425 521 1
426 522 4
427 523 -2
428 524 2
521 617 4
522 618 -2
523 619 -4
524 620 1
617 713 1
618 714 -1
619 715 2
620 716 4
713 809 -1
714 810 -1
715 811 4
716 812 -2
809 905 -1
810 906 1
811 907 2
812 908 4
905 1001 -2
906 1002 2
907 1003 4
908 1004 2
1001 1097 -1
1002 1098 -4
1003 1099 2
1004 1100 -1
49 145 -1
50 146 1
51 147 -4
52 148 -2
145 241 -4
146 242 1
147 243 -4
148 244 1
241 337 4
242 338 1
243 339 4
244 340 -1
337 433 2
338 434 -2
339 435 -4
340 436 -1
433 529 -4
434 530 -4
435 531 2
436 532 -4
529 625 4
530 626 -1
531 627 -1
532 628 -4
625 721 1
626 722 -2
627 723 1
628 724 4
721 817 1
722 818 4
723 819 -1
724 820 4
817 913 -4
818 914 -4
819 915 -1
820 916 -1
913 1009 -4
914 1010 -2
915 1011 2
916 1012 4
1009 1105 -4
1010 1106 -1
1011 1107 2
1012 1108 -4
57 153 -4
58 154 2
59 155 -2
60 156 4
153 249 -4
154 250 1
155 251 -4
156 252 1
249 345 4
250 346 -4
251 347 -1
252 348 1
345 441 -4
346 442 1
347 443 -4
348 444 4
441 537 -2
442 538 4
443 539 -2
444 540 -1
537 633 -1
538 634 -1
539 635 -4
540 636 -1
633 729 -4
634 730 -4
635 731 -1
636 732 -4
729 825 -4
730 826 4
731 827 -1
732 828 1
825 921 -2
826 922 -4
827 923 1
828 924 1
921 1017 2
922 1018 -2
923 1019 4
924 1020 2
1017 1113 -1
1018 1114 -4
1019 1115 1
1020 1116 4
65 161 -2
66 162 4
67 163 4
68 164 4
161 257 4
162 258 -4
163 259 -4
164 260 1
257 353 -2
258 354 1
259 355 -4
260 356 1
353 449 1
354 450 -1
355 451 -1
356 452 1
449 545 2
450 546 -1
451 547 1
452 548 2
545 641 2
546 642 -1
547 643 -1
548 644 4
641 737 1
642 738 2
643 739 -2
644 740 2
737 833 2
738 834 -4
739 835 -1
740 836 1
833 929 -2
834 930 4
835 931 -1
836 932 1
929 1025 1
930 1026 4
931 1027 2
932 1028 2
1025 1121 -1
1026 1122 2
1027 1123 -2
1028 1124 4
73 169 -4
74 170 2
75 171 -4
76 172 1
169 265 4
170 266 1
171 267 4
172 268 -2
265 361 -1
266 362 4
267 363 4
268 364 2
361 457 -2
362 458 -2
363 459 -2
364 460 4
457 553 -1
458 554 -1
459 555 -1
460 556 -1
553 649 2
554 650 2
555 651 -2
556 652 4
649 745 4
650 746 -1
651 747 -4
652 748 -1
745 841 -4
746 842 -1
747 843 -4
748 844 -1
841 937 -2
842 938 -2
843 939 2
844 940 1
937 1033 4
938 1034 1
939 1035 -4
940 1036 -1
1033 1129 4
1034 1130 -4
1035 1131 -1
1036 1132 2
81 177 -1
82 178 4
83 179 -2
84 180 1
177 273 -1
178 274 -2
179 275 -4
180 276 -1
273 369 2
274 370 -1
275 371 -4
276 372 -2
369 465 2
370 466 4
371 467 1
372 468 -1
465 561 4
466 562 -2
467 563 -1
468 564 4
561 657 -4
562 658 -4
563 659 2
564 660 1
657 753 -1
658 754 4
659 755 -1
660 756 4
753 849 -2
754 850 2
755 851 -1
756 852 -2
849 945 2
850 946 -2
851 947 -1
852 948 1
945 1041 -2
946 1042 4
947 1043 -2
948 1044 1
1041 1137 -1
1042 1138 -4
1043 1139 4
1044 1140 4
89 185 2
90 186 2
91 187 1
92 188 -4
185 281 2
186 282 4
187 283 -4
188 284 -2
281 377 -1
282 378 -2
283 379 4
284 380 -4
377 473 -2
378 474 2
379 475 -1
380 476 2
473 569 -1
474 570 1
475 571 4
476 572 -1
569 665 -4
570 666 4
571 667 -2
572 668 4
665 761 4
666 762 -1
667 763 -2
668 764 -4
761 857 2
762 858 -2
763 859 4
764 860 -2
857 953 -2
858 954 2
859 955 -1
860 956 -2
953 1049 2
954 1050 -2
955 1051 -2
956 1052 -4
1049 1145 1
1050 1146 -2
1051 1147 -1
1052 1148 4
