#
1 5 2
1 6 1
1 7 2
1 8 -1
2 5 2
2 6 -4
2 7 -1
2 8 -2
3 5 -1
3 6 4
3 7 -4
3 8 1
4 5 1
4 6 -1
4 7 1
4 8 -1
9 13 1
9 14 -1
9 15 2
9 16 -1
10 13 4
10 14 -1
10 15 2
10 16 -4
11 13 -1
11 14 4
11 15 -2
11 16 2
12 13 4
12 14 1
12 15 2
12 16 4
17 21 -4
17 22 1
17 23 -2
17 24 4
18 21 -2
18 22 2
18 23 -2
18 24 -2
19 21 4
19 22 1
19 23 -1
19 24 4
20 21 1
20 22 -4
20 23 1
20 24 -4
25 29 4
25 30 -2
25 31 -1
25 32 2
26 29 -2
26 30 -2
26 31 -1
26 32 1
27 29 4
27 30 2
27 31 -4
27 32 2
28 29 -4
28 30 2
28 31 -4
28 32 -4
33 37 -2
33 38 2
33 39 2
33 40 -4
34 37 1
34 38 1
34 39 1
34 40 -1
35 37 -2
35 38 -1
35 39 1
35 40 4
36 37 -1
36 38 -4
36 39 -2
36 40 1
41 45 -1
41 46 -4
41 47 1
41 48 -2
42 45 2
42 46 2
42 47 2
42 48 1
43 45 4
43 46 4
43 47 4
43 48 4
44 45 -1
44 46 -1
44 47 -1
44 48 -4
49 53 2
49 54 2
49 55 1
49 56 2
50 53 -1
50 54 -4
50 55 4
50 56 -1
51 53 1
51 54 4
51 55 -4
51 56 2
52 53 -1
52 54 1
52 55 1
52 56 -1
57 61 -2
57 62 2
57 63 1
57 64 4
58 61 -2
58 62 1
58 63 4
58 64 -1
59 61 -2
59 62 1
59 63 -2
59 64 2
60 61 2
60 62 -2
60 63 -1
60 64 -2
65 69 -4
65 70 -4
65 71 -2
65 72 2
66 69 -4
66 70 1
66 71 -4
66 72 4
67 69 2
67 70 2
67 71 4
67 72 2
68 69 -4
68 70 -4
68 71 -2
68 72 -4
73 77 -4
73 78 -2
73 79 2
73 80 4
74 77 2
74 78 -4
74 79 -1
74 80 -1
75 77 4
75 78 -1
75 79 -2
75 80 4
76 77 -2
76 78 -1
76 79 -2
76 80 -2
81 85 4
81 86 4
81 87 -4
81 88 -4
82 85 -2
82 86 2
82 87 -1
82 88 -4
83 85 2
83 86 4
83 87 -1
83 88 -2
84 85 4
84 86 4
84 87 -2
84 88 2
89 93 4
89 94 4
89 95 -2
89 96 1
90 93 2
90 94 -4
90 95 4
90 96 -1
91 93 -2
91 94 -4
91 95 -4
91 96 -1
92 93 2
92 94 4
92 95 -2
92 96 2
97 101 -4
97 102 -1
97 103 -4
97 104 4
98 101 4
98 102 -1
98 103 1
98 104 -1
99 101 1
99 102 1
99 103 -1
99 104 2
100 101 -2
100 102 4
100 103 1
100 104 -4
105 109 1
105 110 -2
105 111 -1
105 112 -4
106 109 -4
106 110 2
106 111 -1
106 112 4
107 109 1
107 110 4
107 111 4
107 112 -2
108 109 -4
108 110 4
108 111 -4
108 112 -2
113 117 1
113 118 4
113 119 -2
113 120 -2
114 117 4
114 118 2
114 119 1
114 120 -4
115 117 2
115 118 1
115 119 1
115 120 -1
116 117 -2
116 118 -4
116 119 2
116 120 2
121 125 -2
121 126 -4
121 127 2
121 128 4
122 125 2
122 126 -2
122 127 -2
122 128 4
123 125 -2
123 126 -1
123 127 4
123 128 -1
124 125 -1
124 126 2
124 127 4
124 128 1
129 133 -1
129 134 -1
129 135 4
129 136 2
130 133 4
130 134 1
130 135 1
130 136 2
131 133 -4
131 134 1
131 135 1
131 136 -4
132 133 1
132 134 4
132 135 -4
132 136 2
137 141 -2
137 142 4
137 143 -2
137 144 -2
138 141 -2
138 142 1
138 143 -4
138 144 -1
139 141 -2
139 142 -4
139 143 1
139 144 -4
140 141 -1
140 142 -1
140 143 1
140 144 2
145 149 2
145 150 -1
145 151 2
145 152 2
146 149 -1
146 150 2
146 151 -2
146 152 2
147 149 -1
147 150 -2
147 151 4
147 152 4
148 149 2
148 150 2
148 151 -4
148 152 2
153 157 -4
153 158 -1
153 159 2
153 160 -4
154 157 -4
154 158 4
154 159 1
154 160 -1
155 157 4
155 158 -2
155 159 -4
155 160 1
156 157 -2
156 158 1
156 159 4
156 160 -1
161 165 2
161 166 4
161 167 -1
161 168 2
162 165 1
162 166 4
162 167 -1
162 168 -2
163 165 -1
163 166 4
163 167 2
163 168 -1
164 165 -1
164 166 -2
164 167 -1
164 168 4
169 173 -2
169 174 -2
169 175 -2
169 176 2
170 173 -1
170 174 1
170 175 1
170 176 2
171 173 -4
171 174 2
171 175 4
171 176 -4
172 173 -1
172 174 -2
172 175 -4
172 176 2
177 181 -4
177 182 -4
177 183 2
177 184 2
178 181 -2
178 182 -4
178 183 -1
178 184 -2
179 181 -4
179 182 2
179 183 -4
179 184 -1
180 181 2
180 182 -1
180 183 -4
180 184 -1
185 189 1
185 190 -2
185 191 -2
185 192 2
186 189 -2
186 190 -2
186 191 -2
186 192 -4
187 189 1
187 190 -4
187 191 -4
187 192 -2
188 189 1
188 190 1
188 191 -1
188 192 1
193 197 2
193 198 2
193 199 1
193 200 2
194 197 4
194 198 1
194 199 -2
194 200 4
195 197 4
195 198 -1
195 199 2
195 200 1
196 197 -4
196 198 -1
196 199 -2
196 200 -2
201 205 2
201 206 -1
201 207 4
201 208 -1
202 205 -2
202 206 2
202 207 -2
202 208 2
203 205 1
203 206 1
203 207 -2
203 208 2
204 205 2
204 206 4
204 207 4
204 208 -2
209 213 -1
209 214 -1
209 215 2
209 216 2
210 213 4
210 214 -2
210 215 -2
210 216 -2
211 213 1
211 214 -4
211 215 2
211 216 1
212 213 -1
212 214 -2
212 215 -1
212 216 4
217 221 4
217 222 1
217 223 2
217 224 -1
218 221 -2
218 222 -4
218 223 -2
218 224 1
219 221 1
219 222 2
219 223 -2
219 224 1
220 221 2
220 222 -4
220 223 -4
220 224 2
225 229 -4
225 230 4
225 231 2
225 232 -1
226 229 -2
226 230 4
226 231 4
226 232 4
227 229 2
227 230 -1
227 231 2
227 232 4
228 229 -2
228 230 -2
228 231 2
228 232 -1
233 237 1
233 238 2
233 239 1
233 240 4
234 237 2
234 238 1
234 239 -1
234 240 -1
235 237 2
235 238 -4
235 239 2
235 240 4
236 237 -1
236 238 4
236 239 -2
236 240 -4
241 245 -2
241 246 -1
241 247 -2
241 248 -4
242 245 2
242 246 -2
242 247 2
242 248 -4
243 245 -4
243 246 4
243 247 4
243 248 2
244 245 -4
244 246 -4
244 247 -1
244 248 1
249 253 -1
249 254 -4
249 255 -2
249 256 -4
250 253 1
250 254 1
250 255 4
250 256 2
251 253 4
251 254 1
251 255 2
251 256 2
252 253 -1
252 254 2
252 255 -1
252 256 2
257 261 4
257 262 1
257 263 -4
257 264 -2
258 261 2
258 262 2
258 263 -4
258 264 -1
259 261 -2
259 262 -1
259 263 -1
259 264 4
260 261 4
260 262 -1
260 263 2
260 264 -4
265 269 2
265 270 -2
265 271 -4
265 272 2
266 269 1
266 270 1
266 271 2
266 272 -4
267 269 -4
267 270 4
267 271 -1
267 272 -4
268 269 1
268 270 4
268 271 -4
268 272 -2
273 277 -1
273 278 2
273 279 -2
273 280 1
274 277 2
274 278 -1
274 279 -1
274 280 1
275 277 -1
275 278 4
275 279 -1
275 280 -4
276 277 -2
276 278 2
276 279 4
276 280 -2
281 285 -1
281 286 -1
281 287 1
281 288 1
282 285 -4
282 286 4
282 287 4
282 288 1
283 285 -2
283 286 -1
283 287 -2
283 288 4
284 285 -4
284 286 2
284 287 -1
284 288 1
289 293 4
289 294 -1
289 295 -4
289 296 -4
290 293 2
290 294 4
290 295 -2
290 296 -2
291 293 4
291 294 4
291 295 2
291 296 -4
292 293 1
292 294 4
292 295 -1
292 296 4
297 301 4
297 302 -4
297 303 4
297 304 2
298 301 -2
298 302 1
298 303 -4
298 304 -4
299 301 2
299 302 1
299 303 2
299 304 1
300 301 -4
300 302 -4
300 303 -4
300 304 4
305 309 -4
305 310 2
305 311 2
305 312 -4
306 309 -1
306 310 -4
306 311 2
306 312 1
307 309 -1
307 310 -2
307 311 4
307 312 -1
308 309 2
308 310 -1
308 311 -1
308 312 1
313 317 -4
313 318 4
313 319 4
313 320 4
314 317 1
314 318 -4
314 319 -2
314 320 -2
315 317 -1
315 318 4
315 319 -1
315 320 4
316 317 1
316 318 1
316 319 -4
316 320 -4
321 325 4
321 326 -1
321 327 -1
321 328 2
322 325 1
322 326 -2
322 327 1
322 328 1
323 325 1
323 326 -4
323 327 -1
323 328 4
324 325 -1
324 326 1
324 327 2
324 328 -1
329 333 1
329 334 2
329 335 -4
329 336 4
330 333 -4
330 334 1
330 335 -4
330 336 -4
331 333 -1
331 334 -4
331 335 -1
331 336 -2
332 333 -4
332 334 2
332 335 -2
332 336 -4
337 341 -2
337 342 -4
337 343 2
337 344 -4
338 341 2
338 342 4
338 343 -1
338 344 -2
339 341 1
339 342 -4
339 343 2
339 344 -2
340 341 4
340 342 2
340 343 -2
340 344 -2
345 349 2
345 350 1
345 351 -4
345 352 -4
346 349 1
346 350 -2
346 351 -4
346 352 -4
347 349 2
347 350 -1
347 351 1
347 352 -1
348 349 1
348 350 1
348 351 -4
348 352 -4
353 357 -2
353 358 4
353 359 -1
353 360 1
354 357 -1
354 358 -1
354 359 -1
354 360 1
355 357 4
355 358 -2
355 359 2
355 360 1
356 357 -2
356 358 -1
356 359 4
356 360 1
361 365 4
361 366 2
361 367 1
361 368 4
362 365 -4
362 366 2
362 367 2
362 368 4
363 365 -1
363 366 1
363 367 2
363 368 4
364 365 2
364 366 1
364 367 -1
364 368 -4
369 373 -2
369 374 -4
369 375 2
369 376 -2
370 373 -1
370 374 -4
370 375 -1
370 376 2
371 373 1
371 374 -1
371 375 4
371 376 4
372 373 2
372 374 -1
372 375 2
372 376 1
377 381 -1
377 382 2
377 383 1
377 384 1
378 381 -2
378 382 2
378 383 2
378 384 4
379 381 4
379 382 4
379 383 1
379 384 -4
380 381 -1
380 382 4
380 383 -1
380 384 1
385 389 2
385 390 -1
385 391 1
385 392 -2
386 389 -2
386 390 -1
386 391 -2
386 392 -4
387 389 -1
387 390 -1
387 391 -2
387 392 1
388 389 -4
388 390 2
388 391 4
388 392 -1
393 397 -4
393 398 -1
393 399 2
393 400 -2
394 397 -2
394 398 -4
394 399 -1
394 400 1
395 397 1
395 398 1
395 399 1
395 400 -2
396 397 2
396 398 2
396 399 1
396 400 -2
401 405 -1
401 406 4
401 407 2
401 408 2
402 405 4
402 406 4
402 407 -2
402 408 -1
403 405 4
403 406 4
403 407 1
403 408 1
404 405 2
404 406 2
404 407 2
404 408 -2
409 413 -1
409 414 2
409 415 -4
409 416 4
410 413 4
410 414 -1
410 415 -4
410 416 -4
411 413 -2
411 414 2
411 415 -2
411 416 -1
412 413 1
412 414 -4
412 415 -1
412 416 2
417 421 -2
417 422 1
417 423 -1
417 424 -1
418 421 2
418 422 -1
418 423 2
418 424 4
419 421 -1
419 422 -2
419 423 -4
419 424 4
420 421 2
420 422 4
420 423 4
420 424 -1
425 429 -4
425 430 1
425 431 4
425 432 4
426 429 4
426 430 1
426 431 2
426 432 -1
427 429 -2
427 430 4
427 431 -1
427 432 -1
428 429 -2
428 430 2
428 431 4
428 432 -2
433 437 4
433 438 4
433 439 -4
433 440 4
434 437 -1
434 438 2
434 439 1
434 440 1
435 437 1
435 438 -2
435 439 -2
435 440 -2
436 437 4
436 438 1
436 439 2
436 440 4
441 445 -2
441 446 -1
441 447 -2
441 448 -1
442 445 1
442 446 1
442 447 2
442 448 4
443 445 -2
443 446 4
443 447 1
443 448 -4
444 445 -1
444 446 -1
444 447 2
444 448 -2
449 453 -1
449 454 2
449 455 4
449 456 -2
450 453 -1
450 454 -4
450 455 -2
450 456 -4
451 453 -4
451 454 1
451 455 2
451 456 2
452 453 2
452 454 2
452 455 -2
452 456 1
457 461 -1
457 462 -4
457 463 -1
457 464 1
458 461 1
458 462 -1
458 463 -1
458 464 -4
459 461 -2
459 462 1
459 463 -4
459 464 -1
460 461 -2
460 462 -1
460 463 -1
460 464 -4
465 469 -4
465 470 2
465 471 -2
465 472 1
466 469 2
466 470 4
466 471 -1
466 472 -1
467 469 -4
467 470 2
467 471 -4
467 472 4
468 469 -2
468 470 1
468 471 2
468 472 -2
473 477 1
473 478 2
473 479 2
473 480 2
474 477 -2
474 478 -4
474 479 -2
474 480 4
475 477 -4
475 478 2
475 479 2
475 480 4
476 477 2
476 478 2
476 479 -1
476 480 -4
481 485 2
481 486 -1
481 487 2
481 488 -1
482 485 -4
482 486 1
482 487 -4
482 488 -1
483 485 4
483 486 -2
483 487 2
483 488 -4
484 485 -1
484 486 -4
484 487 -4
484 488 4
489 493 -1
489 494 -2
489 495 4
489 496 -1
490 493 -2
490 494 2
490 495 4
490 496 -2
491 493 -1
491 494 -2
491 495 1
491 496 2
492 493 2
492 494 -1
492 495 1
492 496 2
497 501 -2
497 502 -4
497 503 2
497 504 -4
498 501 -2
498 502 -4
498 503 -2
498 504 2
499 501 2
499 502 -4
499 503 -1
499 504 -1
500 501 -2
500 502 1
500 503 4
500 504 -1
505 509 -4
505 510 -2
505 511 -1
505 512 -1
506 509 4
506 510 4
506 511 4
506 512 -4
507 509 -1
507 510 -1
507 511 -1
507 512 -1
508 509 2
508 510 4
508 511 -1
508 512 -2
513 517 4
513 518 -2
513 519 -1
513 520 2
514 517 2
514 518 -1
514 519 1
514 520 -1
515 517 -2
515 518 -2
515 519 -2
515 520 2
516 517 4
516 518 1
516 519 2
516 520 -4
521 525 2
521 526 1
521 527 4
521 528 2
522 525 -4
522 526 -1
522 527 2
522 528 -1
523 525 1
523 526 -2
523 527 2
523 528 4
524 525 -4
524 526 1
524 527 1
524 528 -1
529 533 -1
529 534 4
529 535 4
529 536 -1
530 533 2
530 534 -4
530 535 -4
530 536 -1
531 533 -4
531 534 -2
531 535 1
531 536 -4
532 533 4
532 534 -4
532 535 -1
532 536 -4
537 541 4
537 542 -2
537 543 2
537 544 2
538 541 4
538 542 2
538 543 1
538 544 -2
539 541 -2
539 542 4
539 543 2
539 544 1
540 541 1
540 542 1
540 543 -2
540 544 1
545 549 4
545 550 -4
545 551 -4
545 552 -2
546 549 -2
546 550 1
546 551 -4
546 552 2
547 549 -4
547 550 -1
547 551 2
547 552 -1
548 549 2
548 550 -4
548 551 1
548 552 1
553 557 -1
553 558 2
553 559 2
553 560 2
554 557 1
554 558 2
554 559 -2
554 560 2
555 557 -1
555 558 -1
555 559 -4
555 560 2
556 557 2
556 558 4
556 559 -1
556 560 1
561 565 -4
561 566 -1
561 567 -1
561 568 -2
562 565 -1
562 566 -2
562 567 2
562 568 2
563 565 4
563 566 4
563 567 4
563 568 4
564 565 2
564 566 -2
564 567 2
564 568 1
569 573 -1
569 574 -1
569 575 -1
569 576 4
570 573 2
570 574 4
570 575 1
570 576 4
571 573 -4
571 574 4
571 575 -4
571 576 2
572 573 2
572 574 4
572 575 -4
572 576 -2
577 581 1
577 582 2
577 583 -2
577 584 -1
578 581 2
578 582 -2
578 583 4
578 584 1
579 581 4
579 582 2
579 583 1
579 584 -2
580 581 4
580 582 -4
580 583 2
580 584 4
585 589 -4
585 590 -4
585 591 -2
585 592 2
586 589 2
586 590 -4
586 591 -2
586 592 -1
587 589 -2
587 590 -2
587 591 1
587 592 -4
588 589 -2
588 590 4
588 591 -1
588 592 -4
593 597 4
593 598 -4
593 599 -4
593 600 1
594 597 1
594 598 4
594 599 4
594 600 -4
595 597 -4
595 598 -4
595 599 2
595 600 2
596 597 4
596 598 1
596 599 -1
596 600 -4
601 605 2
601 606 -1
601 607 -2
601 608 2
602 605 4
602 606 -1
602 607 -4
602 608 -1
603 605 4
603 606 4
603 607 -2
603 608 4
604 605 4
604 606 -1
604 607 2
604 608 1
609 613 1
609 614 -4
609 615 1
609 616 4
610 613 4
610 614 -4
610 615 2
610 616 -4
611 613 -2
611 614 -1
611 615 -2
611 616 -4
612 613 -1
612 614 -2
612 615 -2
612 616 2
617 621 -1
617 622 -2
617 623 -1
617 624 -4
618 621 -1
618 622 -1
618 623 1
618 624 -2
619 621 4
619 622 -2
619 623 -2
619 624 1
620 621 2
620 622 -2
620 623 -4
620 624 1
625 629 1
625 630 2
625 631 -2
625 632 -1
626 629 -2
626 630 2
626 631 -1
626 632 1
627 629 -4
627 630 1
627 631 1
627 632 -2
628 629 -4
628 630 2
628 631 4
628 632 2
633 637 4
633 638 4
633 639 4
633 640 1
634 637 -4
634 638 -4
634 639 2
634 640 2
635 637 1
635 638 2
635 639 -1
635 640 4
636 637 -4
636 638 2
636 639 -2
636 640 -1
641 645 -2
641 646 1
641 647 2
641 648 -4
642 645 4
642 646 -1
642 647 1
642 648 -2
643 645 4
643 646 -4
643 647 -2
643 648 1
644 645 -2
644 646 -1
644 647 -2
644 648 4
649 653 4
649 654 1
649 655 2
649 656 4
650 653 -4
650 654 4
650 655 -1
650 656 -4
651 653 -1
651 654 1
651 655 -1
651 656 -1
652 653 2
652 654 -1
652 655 -2
652 656 -1
657 661 2
657 662 -1
657 663 -1
657 664 2
658 661 4
658 662 -4
658 663 -1
658 664 -2
659 661 1
659 662 4
659 663 -4
659 664 2
660 661 -2
660 662 -2
660 663 1
660 664 1
665 669 2
665 670 1
665 671 -4
665 672 2
666 669 -4
666 670 -1
666 671 -1
666 672 1
667 669 -4
667 670 -1
667 671 1
667 672 -2
668 669 1
668 670 2
668 671 -2
668 672 -4
673 677 2
673 678 4
673 679 -4
673 680 -1
674 677 1
674 678 -4
674 679 2
674 680 -1
675 677 4
675 678 -4
675 679 -4
675 680 1
676 677 -1
676 678 -4
676 679 -4
676 680 4
681 685 2
681 686 4
681 687 1
681 688 2
682 685 4
682 686 1
682 687 -4
682 688 -4
683 685 -4
683 686 -1
683 687 -1
683 688 1
684 685 1
684 686 1
684 687 -2
684 688 1
689 693 -2
689 694 -4
689 695 4
689 696 4
690 693 1
690 694 4
690 695 4
690 696 4
691 693 4
691 694 -1
691 695 2
691 696 1
692 693 -2
692 694 -4
692 695 -4
692 696 -2
697 701 1
697 702 2
697 703 4
697 704 -2
698 701 -2
698 702 -1
698 703 1
698 704 4
699 701 1
699 702 4
699 703 2
699 704 -2
700 701 -2
700 702 -1
700 703 -2
700 704 -1
705 709 2
705 710 -1
705 711 -4
705 712 -2
706 709 2
706 710 2
706 711 -4
706 712 2
707 709 -4
707 710 1
707 711 -2
707 712 -1
708 709 1
708 710 1
708 711 -1
708 712 2
713 717 1
713 718 4
713 719 4
713 720 -2
714 717 -4
714 718 2
714 719 -2
714 720 2
715 717 -1
715 718 -4
715 719 4
715 720 4
716 717 -4
716 718 -1
716 719 1
716 720 2
721 725 -4
721 726 -4
721 727 -4
721 728 -2
722 725 -1
722 726 -4
722 727 2
722 728 -2
723 725 -2
723 726 1
723 727 2
723 728 2
724 725 -4
724 726 1
724 727 -1
724 728 -2
729 733 1
729 734 1
729 735 -1
729 736 -1
730 733 2
730 734 -4
730 735 4
730 736 2
731 733 -2
731 734 2
731 735 -4
731 736 4
732 733 1
732 734 -1
732 735 -1
732 736 1
737 741 -2
737 742 -2
737 743 2
737 744 -1
738 741 -1
738 742 1
738 743 1
738 744 -4
739 741 2
739 742 1
739 743 2
739 744 4
740 741 1
740 742 4
740 743 4
740 744 2
745 749 -2
745 750 4
745 751 4
745 752 2
746 749 -4
746 750 -4
746 751 -4
746 752 -2
747 749 4
747 750 2
747 751 1
747 752 -4
748 749 -2
748 750 -1
748 751 -2
748 752 1
753 757 -2
753 758 -2
753 759 4
753 760 -1
754 757 1
754 758 4
754 759 2
754 760 -2
755 757 1
755 758 -4
755 759 2
755 760 -2
756 757 -1
756 758 2
756 759 -1
756 760 4
761 765 1
761 766 4
761 767 -4
761 768 4
762 765 -4
762 766 1
762 767 -1
762 768 4
763 765 2
763 766 2
763 767 2
763 768 -2
764 765 2
764 766 -1
764 767 1
764 768 -4
769 773 1
769 774 -4
769 775 -1
769 776 1
770 773 1
770 774 1
770 775 4
770 776 1
771 773 -1
771 774 -4
771 775 -1
771 776 -4
772 773 -4
772 774 2
772 775 -1
772 776 2
777 781 -1
777 782 -1
777 783 -2
777 784 -1
778 781 2
778 782 1
778 783 4
778 784 -2
779 781 1
779 782 -2
779 783 4
779 784 1
780 781 -1
780 782 -4
780 783 1
780 784 2
785 789 4
785 790 -4
785 791 -2
785 792 2
786 789 2
786 790 -1
786 791 4
786 792 -1
787 789 2
787 790 -4
787 791 1
787 792 -2
788 789 2
788 790 4
788 791 -2
788 792 1
793 797 2
793 798 2
793 799 -1
793 800 1
794 797 -4
794 798 2
794 799 2
794 800 -4
795 797 -4
795 798 -1
795 799 2
795 800 -2
796 797 4
796 798 -1
796 799 2
796 800 2
801 805 -1
801 806 1
801 807 1
801 808 4
802 805 1
802 806 -2
802 807 1
802 808 -2
803 805 -1
803 806 1
803 807 1
803 808 -2
804 805 -4
804 806 -1
804 807 -1
804 808 -1
809 813 1
809 814 -4
809 815 -1
809 816 1
810 813 1
810 814 -2
810 815 -2
810 816 4
811 813 4
811 814 -2
811 815 2
811 816 -4
812 813 4
812 814 -1
812 815 -2
812 816 -1
817 821 -2
817 822 1
817 823 1
817 824 -4
818 821 4
818 822 4
818 823 -4
818 824 2
819 821 -2
819 822 4
819 823 2
819 824 1
820 821 -1
820 822 1
820 823 4
820 824 4
825 829 4
825 830 -1
825 831 -1
825 832 4
826 829 2
826 830 2
826 831 1
826 832 -2
827 829 2
827 830 -2
827 831 4
827 832 -1
828 829 2
828 830 4
828 831 1
828 832 1
833 837 4
833 838 -1
833 839 1
833 840 -2
834 837 -1
834 838 -1
834 839 -1
834 840 -2
835 837 1
835 838 -1
835 839 -1
835 840 2
836 837 4
836 838 4
836 839 -1
836 840 -2
841 845 -1
841 846 -2
841 847 -4
841 848 -2
842 845 -2
842 846 2
842 847 2
842 848 -4
843 845 -2
843 846 -2
843 847 2
843 848 1
844 845 -2
844 846 1
844 847 2
844 848 4
849 853 4
849 854 -1
849 855 2
849 856 -2
850 853 -2
850 854 -4
850 855 -4
850 856 1
851 853 -4
851 854 4
851 855 2
851 856 2
852 853 2
852 854 -4
852 855 -1
852 856 -2
857 861 -4
857 862 -1
857 863 -1
857 864 -4
858 861 -4
858 862 -4
858 863 -4
858 864 -4
859 861 -2
859 862 2
859 863 1
859 864 -1
860 861 -1
860 862 -4
860 863 1
860 864 2
865 869 1
865 870 -2
865 871 -2
865 872 4
866 869 -4
866 870 1
866 871 1
866 872 -1
867 869 -2
867 870 -1
867 871 4
867 872 -4
868 869 -2
868 870 2
868 871 2
868 872 -4
873 877 -4
873 878 -2
873 879 -4
873 880 2
874 877 1
874 878 4
874 879 -4
874 880 2
875 877 1
875 878 -2
875 879 4
875 880 1
876 877 4
876 878 2
876 879 2
876 880 -2
881 885 -4
881 886 4
881 887 4
881 888 -4
882 885 4
882 886 2
882 887 2
882 888 -4
883 885 -1
883 886 2
883 887 -2
883 888 -4
884 885 4
884 886 4
884 887 -4
884 888 2
889 893 4
889 894 -4
889 895 1
889 896 -4
890 893 -2
890 894 -4
890 895 -4
890 896 4
891 893 2
891 894 -1
891 895 -4
891 896 4
892 893 4
892 894 -4
892 895 1
892 896 1
897 901 2
897 902 -4
897 903 2
897 904 2
898 901 -4
898 902 -1
898 903 -4
898 904 2
899 901 -2
899 902 -1
899 903 4
899 904 -4
900 901 2
900 902 4
900 903 2
900 904 4
905 909 -4
905 910 1
905 911 4
905 912 -4
906 909 -4
906 910 1
906 911 -4
906 912 4
907 909 4
907 910 -1
907 911 4
907 912 -4
908 909 -4
908 910 -4
908 911 2
908 912 -2
913 917 4
913 918 1
913 919 -2
913 920 -2
914 917 -1
914 918 1
914 919 1
914 920 -1
915 917 2
915 918 4
915 919 -1
915 920 -1
916 917 -1
916 918 2
916 919 -2
916 920 -1
921 925 2
921 926 -2
921 927 -1
921 928 -1
922 925 -1
922 926 -4
922 927 1
922 928 1
923 925 2
923 926 4
923 927 4
923 928 -4
924 925 -4
924 926 2
924 927 -1
924 928 2
929 933 -2
929 934 -4
929 935 1
929 936 -4
930 933 -1
930 934 -1
930 935 4
930 936 4
931 933 4
931 934 -1
931 935 -2
931 936 -1
932 933 1
932 934 4
932 935 2
932 936 2
937 941 -1
937 942 4
937 943 1
937 944 -4
938 941 -2
938 942 -4
938 943 2
938 944 2
939 941 -1
939 942 1
939 943 -2
939 944 -4
940 941 -2
940 942 -2
940 943 4
940 944 1
945 949 1
945 950 -2
945 951 1
945 952 1
946 949 -1
946 950 -4
946 951 -4
946 952 -1
947 949 1
947 950 -1
947 951 2
947 952 1
948 949 1
948 950 -1
948 951 -2
948 952 2
953 957 1
953 958 -2
953 959 -4
953 960 1
954 957 -1
954 958 4
954 959 -4
954 960 -4
955 957 -2
955 958 4
955 959 -4
955 960 -4
956 957 -1
956 958 1
956 959 -2
956 960 -1
961 965 -1
961 966 2
961 967 2
961 968 -2
962 965 4
962 966 2
962 967 -4
962 968 -1
963 965 -4
963 966 1
963 967 1
963 968 -2
964 965 1
964 966 -2
964 967 4
964 968 2
969 973 2
969 974 1
969 975 -2
969 976 -4
970 973 -1
970 974 1
970 975 4
970 976 -2
971 973 -2
971 974 4
971 975 1
971 976 1
972 973 -1
972 974 -4
972 975 -2
972 976 -2
977 981 1
977 982 1
977 983 2
977 984 -2
978 981 -4
978 982 2
978 983 -4
978 984 -2
979 981 1
979 982 -2
979 983 -1
979 984 -4
980 981 2
980 982 2
980 983 -4
980 984 -1
985 989 -4
985 990 -1
985 991 4
985 992 1
986 989 -1
986 990 4
986 991 1
986 992 -1
987 989 4
987 990 -1
987 991 -2
987 992 -4
988 989 -1
988 990 -1
988 991 -1
988 992 2
993 997 4
993 998 -1
993 999 4
993 1000 2
994 997 -4
994 998 -1
994 999 1
994 1000 -2
995 997 -4
995 998 -1
995 999 2
995 1000 -4
996 997 -4
996 998 1
996 999 1
996 1000 2
1001 1005 -4
1001 1006 4
1001 1007 -4
1001 1008 1
1002 1005 4
1002 1006 1
1002 1007 1
1002 1008 -1
1003 1005 4
1003 1006 -1
1003 1007 -2
1003 1008 -1
1004 1005 -4
1004 1006 -1
1004 1007 2
1004 1008 4
1009 1013 -2
1009 1014 -2
1009 1015 -4
1009 1016 2
1010 1013 -2
1010 1014 -4
1010 1015 4
1010 1016 2
1011 1013 1
1011 1014 -1
1011 1015 2
1011 1016 4
1012 1013 -4
1012 1014 -2
1012 1015 2
1012 1016 4
1017 1021 -1
1017 1022 1
1017 1023 -4
1017 1024 2
1018 1021 -2
1018 1022 -2
1018 1023 1
1018 1024 -1
1019 1021 4
1019 1022 -1
1019 1023 1
1019 1024 -1
1020 1021 -2
1020 1022 1
1020 1023 -1
1020 1024 2
1025 1029 -1
1025 1030 -4
1025 1031 4
1025 1032 -1
1026 1029 4
1026 1030 -2
1026 1031 -4
1026 1032 -4
1027 1029 -1
1027 1030 -4
1027 1031 -2
1027 1032 -4
1028 1029 -4
1028 1030 -2
1028 1031 2
1028 1032 4
1033 1037 -2
1033 1038 -1
1033 1039 -2
1033 1040 4
1034 1037 -4
1034 1038 -2
1034 1039 1
1034 1040 4
1035 1037 2
1035 1038 4
1035 1039 2
1035 1040 -4
1036 1037 2
1036 1038 -4
1036 1039 -4
1036 1040 -2
1041 1045 1
1041 1046 2
1041 1047 2
1041 1048 -2
1042 1045 2
1042 1046 -1
1042 1047 1
1042 1048 -4
1043 1045 -1
1043 1046 2
1043 1047 4
1043 1048 1
1044 1045 1
1044 1046 -2
1044 1047 4
1044 1048 -4
1049 1053 -1
1049 1054 -1
1049 1055 -2
1049 1056 4
1050 1053 -2
1050 1054 1
1050 1055 -4
1050 1056 2
1051 1053 -2
1051 1054 1
1051 1055 -4
1051 1056 1
1052 1053 -4
1052 1054 1
1052 1055 4
1052 1056 1
1057 1061 1
1057 1062 2
1057 1063 2
1057 1064 -4
1058 1061 -1
1058 1062 4
1058 1063 4
1058 1064 2
1059 1061 -1
1059 1062 2
1059 1063 -1
1059 1064 -1
1060 1061 -1
1060 1062 4
1060 1063 -1
1060 1064 4
1065 1069 1
1065 1070 4
1065 1071 4
1065 1072 1
1066 1069 -2
1066 1070 4
1066 1071 1
1066 1072 1
1067 1069 2
1067 1070 4
1067 1071 -1
1067 1072 -1
1068 1069 -1
1068 1070 -1
1068 1071 4
1068 1072 4
1073 1077 2
1073 1078 -4
1073 1079 -1
1073 1080 -4
1074 1077 -2
1074 1078 -1
1074 1079 4
1074 1080 1
1075 1077 4
1075 1078 -1
1075 1079 -2
1075 1080 -1
1076 1077 1
1076 1078 1
1076 1079 2
1076 1080 -4
1081 1085 -2
1081 1086 -1
1081 1087 1
1081 1088 -4
1082 1085 -2
1082 1086 4
1082 1087 1
1082 1088 2
1083 1085 -4
1083 1086 -1
1083 1087 -2
1083 1088 1
1084 1085 1
1084 1086 -2
1084 1087 -4
1084 1088 4
1089 1093 -4
1089 1094 -2
1089 1095 4
1089 1096 1
1090 1093 2
1090 1094 -4
1090 1095 -1
1090 1096 4
1091 1093 -4
1091 1094 2
1091 1095 1
1091 1096 -2
1092 1093 -2
1092 1094 -2
1092 1095 -1
1092 1096 1
1097 1101 1
1097 1102 -1
1097 1103 4
1097 1104 -1
1098 1101 -2
1098 1102 4
1098 1103 -1
1098 1104 -2
1099 1101 1
1099 1102 4
1099 1103 2
1099 1104 1
1100 1101 -1
1100 1102 -2
1100 1103 1
1100 1104 1
1105 1109 4
1105 1110 -1
1105 1111 -4
1105 1112 -2
1106 1109 -1
1106 1110 -1
1106 1111 -2
1106 1112 -4
1107 1109 -2
1107 1110 -4
1107 1111 4
1107 1112 1
1108 1109 -1
1108 1110 1
1108 1111 1
1108 1112 1
1113 1117 1
1113 1118 -2
1113 1119 -4
1113 1120 -2
1114 1117 2
1114 1118 1
1114 1119 -2
1114 1120 4
1115 1117 1
1115 1118 4
1115 1119 -2
1115 1120 -1
1116 1117 4
1116 1118 4
1116 1119 1
1116 1120 -2
1121 1125 4
1121 1126 -2
1121 1127 -2
1121 1128 1
1122 1125 -2
1122 1126 -1
1122 1127 1
1122 1128 -2
1123 1125 -2
1123 1126 -1
1123 1127 1
1123 1128 -1
1124 1125 4
1124 1126 -1
1124 1127 4
1124 1128 -4
1129 1133 1
1129 1134 1
1129 1135 -4
1129 1136 -2
1130 1133 1
1130 1134 1
1130 1135 -4
1130 1136 -1
1131 1133 -2
1131 1134 4
1131 1135 1
1131 1136 -4
1132 1133 -1
1132 1134 1
1132 1135 2
1132 1136 4
1137 1141 2
1137 1142 4
1137 1143 -4
1137 1144 -2
1138 1141 2
1138 1142 -1
1138 1143 4
1138 1144 -2
1139 1141 -2
1139 1142 2
1139 1143 -2
1139 1144 2
1140 1141 2
1140 1142 1
1140 1143 1
1140 1144 2
1145 1149 -2
1145 1150 -2
1145 1151 -4
1145 1152 -1
1146 1149 1
1146 1150 2
1146 1151 1
1146 1152 -4
1147 1149 -4
1147 1150 4
1147 1151 -2
1147 1152 -4
1148 1149 -4
1148 1150 1
1148 1151 1
1148 1152 4
5 13 2
6 14 -4
7 15 -1
8 16 1
13 21 -4
14 22 -2
15 23 -4
16 24 -2
21 29 -1
22 30 -4
23 31 2
24 32 -4
29 37 1
30 38 -1
31 39 2
32 40 1
37 45 -1
38 46 2
39 47 -4
40 48 -1
45 53 2
46 54 1
47 55 -2
48 56 -2
53 61 1
54 62 1
55 63 4
56 64 1
61 69 1
62 70 -1
63 71 4
64 72 -1
69 77 1
70 78 2
71 79 -4
72 80 4
77 85 2
78 86 1
79 87 2
80 88 1
85 93 2
86 94 -1
87 95 2
88 96 -1
101 109 -1
102 110 2
103 111 4
104 112 -2
109 117 4
110 118 4
111 119 1
112 120 4
117 125 -4
118 126 -1
119 127 -1
120 128 -4
125 133 -2
126 134 -1
127 135 -2
128 136 -1
133 141 -1
134 142 -4
135 143 2
136 144 -2
141 149 1
142 150 1
143 151 1
144 152 4
149 157 -1
150 158 -1
151 159 1
152 160 1
157 165 4
158 166 4
159 167 2
160 168 4
165 173 2
166 174 2
167 175 -4
168 176 -1
173 181 -2
174 182 -2
175 183 -4
176 184 1
181 189 -1
182 190 1
183 191 2
184 192 -1
197 205 -4
198 206 2
199 207 4
200 208 -4
205 213 2
206 214 -4
207 215 2
208 216 -1
213 221 2
214 222 4
215 223 -4
216 224 -1
221 229 -4
222 230 4
223 231 -4
224 232 4
229 237 -4
230 238 1
231 239 -4
232 240 -4
237 245 2
238 246 4
239 247 1
240 248 -1
245 253 4
246 254 1
247 255 1
248 256 2
253 261 -2
254 262 -2
255 263 1
256 264 1
261 269 1
262 270 -1
263 271 2
264 272 -4
269 277 1
270 278 2
271 279 2
272 280 -1
277 285 -4
278 286 -2
279 287 1
280 288 1
293 301 -2
294 302 -4
295 303 -4
296 304 -2
301 309 -1
302 310 4
303 311 4
304 312 -1
309 317 -4
310 318 1
311 319 2
312 320 2
317 325 -2
318 326 1
319 327 -2
320 328 -4
325 333 -1
326 334 -2
327 335 -4
328 336 2
333 341 2
334 342 1
335 343 -4
336 344 4
341 349 2
342 350 2
343 351 -4
344 352 1
349 357 4
350 358 4
351 359 -1
352 360 -4
357 365 4
358 366 4
359 367 -1
360 368 -4
365 373 -2
366 374 2
367 375 -1
368 376 -4
373 381 2
374 382 1
375 383 2
376 384 4
389 397 -1
390 398 -1
391 399 -2
392 400 4
397 405 2
398 406 2
399 407 -1
400 408 1
405 413 2
406 414 -2
407 415 -1
408 416 -2
413 421 4
414 422 1
415 423 -1
416 424 2
421 429 1
422 430 4
423 431 -2
424 432 -2
429 437 -2
430 438 -4
431 439 1
432 440 2
437 445 -2
438 446 -4
439 447 1
440 448 1
445 453 -2
446 454 -1
447 455 1
448 456 1
453 461 2
454 462 -4
455 463 -4
456 464 2
461 469 1
462 470 2
463 471 -4
464 472 1
469 477 4
470 478 4
471 479 -4
472 480 1
485 493 2
486 494 1
487 495 2
488 496 -1
493 501 -4
494 502 4
495 503 4
496 504 4
501 509 -4
502 510 2
503 511 -2
504 512 4
509 517 4
510 518 -4
511 519 4
512 520 4
517 525 -2
518 526 2
519 527 -2
520 528 -1
525 533 -2
526 534 -1
527 535 4
528 536 1
533 541 1
534 542 -4
535 543 2
536 544 -1
541 549 -2
542 550 4
543 551 1
544 552 -1
549 557 4
550 558 2
551 559 2
552 560 2
557 565 -2
558 566 2
559 567 -1
560 568 1
565 573 -2
566 574 -1
567 575 4
568 576 -1
581 589 2
582 590 -4
583 591 2
584 592 1
589 597 -4
590 598 -1
591 599 1
592 600 -4
597 605 1
598 606 2
599 607 4
600 608 -2
605 613 -4
606 614 -2
607 615 -4
608 616 -4
613 621 -1
614 622 -1
615 623 -1
616 624 -4
621 629 -2
622 630 1
623 631 -4
624 632 1
629 637 4
630 638 -2
631 639 -4
632 640 2
637 645 4
638 646 2
639 647 4
640 648 -1
645 653 4
646 654 -4
647 655 4
648 656 2
653 661 -2
654 662 -1
655 663 -2
656 664 4
661 669 4
662 670 -2
663 671 -4
664 672 -1
677 685 1
678 686 -2
679 687 -4
680 688 4
685 693 4
686 694 1
687 695 -1
688 696 -2
693 701 -1
694 702 -4
695 703 -4
696 704 1
701 709 -2
702 710 -1
703 711 -2
704 712 4
709 717 1
710 718 2
711 719 4
712 720 -2
717 725 -1
718 726 4
719 727 4
720 728 4
725 733 -2
726 734 -4
727 735 -2
728 736 1
733 741 -2
734 742 1
735 743 -2
736 744 4
741 749 -2
742 750 -1
743 751 1
744 752 -1
749 757 2
750 758 -4
751 759 4
752 760 1
757 765 -1
758 766 -2
759 767 -2
760 768 2
773 781 -4
774 782 2
775 783 4
776 784 -1
781 789 -2
782 790 -2
783 791 2
784 792 2
789 797 -4
790 798 -4
791 799 -2
792 800 1
797 805 4
798 806 -1
799 807 -1
800 808 1
805 813 -4
806 814 -1
807 815 1
808 816 -1
813 821 -2
814 822 4
815 823 4
816 824 -1
821 829 -2
822 830 -1
823 831 -2
824 832 -1
829 837 -1
830 838 -1
831 839 1
832 840 1
837 845 -1
838 846 4
839 847 -1
840 848 2
845 853 -1
846 854 -1
847 855 -2
848 856 -1
853 861 4
854 862 -2
855 863 -1
856 864 -2
869 877 1
870 878 -1
871 879 1
872 880 4
877 885 -4
878 886 2
879 887 1
880 888 -1
885 893 2
886 894 2
887 895 1
888 896 -1
893 901 -1
894 902 -4
895 903 -4
896 904 -2
901 909 -2
902 910 2
903 911 -4
904 912 -1
909 917 4
910 918 4
911 919 1
912 920 4
917 925 1
918 926 -2
919 927 2
920 928 -1
925 933 -1
926 934 1
927 935 -2
928 936 -4
933 941 4
934 942 -4
935 943 4
936 944 1
941 949 1
942 950 2
943 951 1
944 952 -1
949 957 4
950 958 -2
951 959 2
952 960 -2
965 973 4
966 974 -4
967 975 4
968 976 2
973 981 -1
974 982 1
975 983 -4
976 984 -2
981 989 2
982 990 2
983 991 1
984 992 2
989 997 1
990 998 -4
991 999 -1
992 1000 -1
997 1005 -2
998 1006 2
999 1007 -1
1000 1008 -1
1005 1013 -2
1006 1014 1
1007 1015 -4
1008 1016 -2
1013 1021 -2
1014 1022 2
1015 1023 1
1016 1024 4
1021 1029 -2
1022 1030 -4
1023 1031 4
1024 1032 2
1029 1037 1
1030 1038 1
1031 1039 -4
1032 1040 1
1037 1045 1
1038 1046 1
1039 1047 4
1040 1048 -4
1045 1053 2
1046 1054 1
1047 1055 -1
1048 1056 -1
1061 1069 -1
1062 1070 -2
1063 1071 -2
1064 1072 2
1069 1077 -4
1070 1078 1
1071 1079 -2
1072 1080 -2
1077 1085 1
1078 1086 -1
1079 1087 -1
1080 1088 -1
1085 1093 -2
1086 1094 1
1087 1095 4
1088 1096 -4
1093 1101 4
1094 1102 -1
1095 1103 4
1096 1104 -1
1101 1109 -2
1102 1110 1
1103 1111 -1
1104 1112 -2
1109 1117 1
1110 1118 2
1111 1119 2
1112 1120 1
1117 1125 2
1118 1126 1
1119 1127 4
1120 1128 2
1125 1133 2
1126 1134 4
1127 1135 -2
1128 1136 2
1133 1141 -4
1134 1142 -4
1135 1143 1
1136 1144 -2
1141 1149 -1
1142 1150 -1
1143 1151 -1
1144 1152 -4
1 97 -1
2 98 -4
3 99 -4
4 100 1
97 193 4
98 194 -2
99 195 -2
100 196 4
193 289 -2
194 290 2
195 291 -4
196 292 -2
289 385 4
290 386 4
291 387 -4
292 388 -1
385 481 1
386 482 1
387 483 -4
388 484 -4
481 577 -2
482 578 2
483 579 -2
484 580 -2
577 673 -4
578 674 -2
579 675 1
580 676 -1
673 769 -2
674 770 -2
675 771 -1
676 772 1
769 865 2
770 866 4
771 867 -2
772 868 1
865 961 -1
866 962 1
867 963 1
868 964 -1
961 1057 4
962 1058 -2
963 1059 2
964 1060 4
9 105 -1
10 106 -2
11 107 1
12 108 -1
105 201 4
106 202 -1
107 203 4
108 204 4
201 297 2
202 298 -4
203 299 -2
204 300 -1
297 393 2
298 394 -2
299 395 -4
300 396 1
393 489 -1
394 490 -4
395 491 1
396 492 4
489 585 4
490 586 2
491 587 -1
492 588 -4
585 681 4
586 682 2
587 683 2
588 684 1
681 777 -1
682 778 2
683 779 4
684 780 4
777 873 -1
778 874 -1
779 875 -1
780 876 -4
873 969 1
874 970 -1
875 971 2
876 972 -1
969 1065 -4
970 1066 4
971 1067 4
972 1068 4
17 113 1
18 114 1
19 115 -2
20 116 -2
113 209 -2
114 210 -1
115 211 -1
116 212 1
209 305 4
210 306 1
211 307 -4
212 308 -4
305 401 -4
306 402 1
307 403 4
308 404 -1
401 497 -1
402 498 4
403 499 -1
404 500 1
497 593 2
498 594 2
499 595 1
500 596 -2
593 689 -2
594 690 1
595 691 -4
596 692 -1
689 785 4
690 786 4
691 787 -4
692 788 2
785 881 2
786 882 2
787 883 -1
788 884 1
881 977 -1
882 978 -4
883 979 -2
884 980 1
977 1073 -1
978 1074 1
979 1075 1
980 1076 2
25 121 4
26 122 4
27 123 4
28 124 4
121 217 1
122 218 -4
123 219 2
124 220 1
217 313 2
218 314 1
219 315 4
220 316 1
313 409 4
314 410 -2
315 411 -4
316 412 4
409 505 4
410 506 -4
411 507 -4
412 508 1
505 601 2
506 602 2
507 603 4
508 604 -2
601 697 1
602 698 4
603 699 -1
604 700 2
697 793 -1
698 794 -1
699 795 -4
700 796 -1
793 889 4
794 890 1
795 891 1
796 892 2
889 985 -2
890 986 -4
891 987 -2
892 988 -4
985 1081 -4
986 1082 2
987 1083 4
988 1084 2
33 129 2
34 130 -4
35 131 1
36 132 -1
129 225 -2
130 226 4
131 227 -1
132 228 2
225 321 2
226 322 -4
227 323 -1
228 324 -1
321 417 2
322 418 -1
323 419 2
324 420 -4
417 513 1
418 514 1
419 515 -1
420 516 2
513 609 -4
514 610 2
515 611 -4
516 612 1
609 705 1
610 706 1
611 707 -1
612 708 1
705 801 2
706 802 4
707 803 -4
708 804 -4
801 897 -2
802 898 4
803 899 2
804 900 2
897 993 -4
898 994 4
899 995 4
900 996 -2
993 1089 -2
994 1090 -2
995 1091 -1
996 1092 4
41 137 -1
42 138 -4
43 139 1
44 140 4
137 233 2
138 234 1
139 235 2
140 236 2
233 329 1
234 330 -2
235 331 2
236 332 4
329 425 -4
330 426 4
331 427 -2
332 428 1
425 521 -4
426 522 -1
427 523 -4
428 524 -1
521 617 1
522 618 -1
523 619 1
524 620 2
617 713 1
618 714 -2
619 715 -1
620 716 4
713 809 -4
714 810 4
715 811 -2
716 812 4
809 905 -1
810 906 -4
811 907 -4
812 908 -2
905 1001 -1
906 1002 4
907 1003 -4
908 1004 -4
1001 1097 2
1002 1098 -4
1003 1099 1
1004 1100 4
49 145 -2
50 146 -2
51 147 2
52 148 -1
145 241 2
146 242 -1
147 243 -1
148 244 -2
241 337 1
242 338 -2
243 339 1
244 340 2
337 433 -2
338 434 1
339 435 1
340 436 -2
433 529 2
434 530 -2
435 531 -1
436 532 -1
529 625 -1
530 626 2
531 627 4
532 628 4
625 721 -4
626 722 2
627 723 4
628 724 2
721 817 4
722 818 -4
723 819 -1
724 820 -2
817 913 -4
818 914 -2
819 915 -2
820 916 -1
913 1009 -2
914 1010 -2
915 1011 4
916 1012 1
1009 1105 1
1010 1106 4
1011 1107 1
1012 1108 -4
57 153 -1
58 154 -1
59 155 2
60 156 -4
153 249 -2
154 250 1
155 251 -4
156 252 2
249 345 4
250 346 -4
251 347 -1
252 348 -1
345 441 4
346 442 1
347 443 4
348 444 -4
441 537 2
442 538 1
443 539 4
444 540 -2
537 633 1
538 634 1
539 635 -2
540 636 -4
633 729 4
634 730 -1
635 731 -2
636 732 4
729 825 -4
730 826 -4
731 827 -4
732 828 1
825 921 -4
826 922 1
827 923 -2
828 924 1
921 1017 4
922 1018 1
923 1019 1
924 1020 4
1017 1113 2
1018 1114 -4
1019 1115 -2
1020 1116 -1
65 161 -4
66 162 4
67 163 -4
68 164 2
161 257 1
162 258 4
163 259 2
164 260 -4
257 353 -2
258 354 4
259 355 2
260 356 1
353 449 2
354 450 2
355 451 -2
356 452 4
449 545 -1
450 546 -4
451 547 -1
452 548 -2
545 641 -1
546 642 4
547 643 -1
548 644 4
641 737 2
642 738 2
643 739 -4
644 740 -2
737 833 -1
738 834 4
739 835 -4
740 836 -4
833 929 -1
834 930 -4
835 931 4
836 932 4
929 1025 4
930 1026 -1
931 1027 -2
932 1028 2
1025 1121 2
1026 1122 -1
1027 1123 1
1028 1124 1
73 169 -4
74 170 -2
75 171 1
76 172 -2
169 265 1
170 266 -4
171 267 -2
172 268 -1
265 361 -2
266 362 -2
267 363 -2
268 364 -1
361 457 1
362 458 -2
363 459 -4
364 460 -2
457 553 -4
458 554 -2
459 555 4
460 556 2
553 649 4
554 650 4
555 651 -2
556 652 -2
649 745 1
650 746 -2
651 747 4
652 748 4
745 841 4
746 842 1
747 843 2
748 844 1
841 937 -2
842 938 -2
843 939 4
844 940 1
937 1033 -1
938 1034 -2
939 1035 -2
940 1036 -4
1033 1129 -2
1034 1130 -1
1035 1131 1
1036 1132 -4
81 177 -4
82 178 1
83 179 -4
84 180 4
177 273 -4
178 274 1
179 275 -2
180 276 1
273 369 -2
274 370 -1
275 371 -1
276 372 1
369 465 1
370 466 -4
371 467 4
372 468 -2
465 561 -2
466 562 -1
467 563 -2
468 564 1
561 657 1
562 658 4
563 659 -1
564 660 1
657 753 4
658 754 -2
659 755 -4
660 756 -1
753 849 2
754 850 -1
755 851 -4
756 852 1
849 945 -1
850 946 4
851 947 2
852 948 -1
945 1041 2
946 1042 2
947 1043 2
948 1044 -1
1041 1137 -4
1042 1138 -4
1043 1139 2
1044 1140 -1
89 185 1
90 186 -2
91 187 2
92 188 4
185 281 -4
186 282 -4
187 283 1
188 284 -1
281 377 -1
282 378 -1
283 379 -4
284 380 -2
377 473 -1
378 474 -4
379 475 4
380 476 2
473 569 4
474 570 4
475 571 1
476 572 1
569 665 1
570 666 -4
571 667 -2
572 668 -1
665 761 -1
666 762 -4
667 763 -1
668 764 1
761 857 -2
762 858 -4
763 859 -4
764 860 -1
857 953 2
858 954 -2
859 955 1
860 956 4
953 1049 2
954 1050 -2
955 1051 2
956 1052 4
1049 1145 4
1050 1146 2
1051 1147 -2
1052 1148 2
