#
1 5 4
1 6 -4
1 7 1
1 8 -1
2 5 -4
2 6 1
2 7 1
2 8 4
3 5 1
3 6 2
3 7 -1
3 8 -1
4 5 -1
4 6 -2
4 7 -1
4 8 2
9 13 -1
9 14 1
9 15 -1
9 16 1
10 13 1
10 14 2
10 15 -1
10 16 1
11 13 -4
11 14 2
11 15 4
11 16 -4
12 13 2
12 14 2
12 15 -1
12 16 1
17 21 2
17 22 1
17 23 -1
17 24 -4
18 21 2
18 22 2
18 23 -1
18 24 2
19 21 4
19 22 2
19 23 1
19 24 4
20 21 2
20 22 -2
20 23 -2
20 24 -4
25 29 -2
25 30 2
25 31 1
25 32 -2
26 29 1
26 30 4
26 31 1
26 32 -2
27 29 2
27 30 -4
27 31 4
27 32 4
28 29 1
28 30 -2
28 31 -2
28 32 1
33 37 1
33 38 4
33 39 -2
33 40 4
34 37 -4
34 38 2
34 39 -2
34 40 1
35 37 -2
35 38 -1
35 39 -2
35 40 -2
36 37 -4
36 38 -1
36 39 4
36 40 4
41 45 1
41 46 1
41 47 2
41 48 -2
42 45 1
42 46 1
42 47 1
42 48 -2
43 45 4
43 46 -2
43 47 -1
43 48 -4
44 45 -2
44 46 -4
44 47 -1
44 48 1
49 53 1
49 54 4
49 55 2
49 56 1
50 53 1
50 54 -2
50 55 1
50 56 -4
51 53 -2
51 54 2
51 55 2
51 56 -1
52 53 -2
52 54 -2
52 55 1
52 56 -4
57 61 1
57 62 -4
57 63 4
57 64 4
58 61 -4
58 62 -2
58 63 1
58 64 -1
59 61 2
59 62 -2
59 63 4
59 64 4
60 61 4
60 62 2
60 63 1
60 64 -2
65 69 2
65 70 2
65 71 -4
65 72 1
66 69 -2
66 70 1
66 71 2
66 72 -4
67 69 -4
67 70 -4
67 71 -4
67 72 -4
68 69 -2
68 70 -2
68 71 -4
68 72 -4
73 77 -4
73 78 -2
73 79 4
73 80 -2
74 77 -1
74 78 4
74 79 1
74 80 -2
75 77 1
75 78 -4
75 79 -2
75 80 -1
76 77 -4
76 78 2
76 79 -1
76 80 2
81 85 1
81 86 1
81 87 2
81 88 4
82 85 -2
82 86 -1
82 87 4
82 88 2
83 85 1
83 86 1
83 87 -1
83 88 -2
84 85 -1
84 86 -4
84 87 4
84 88 -1
89 93 1
89 94 -4
89 95 2
89 96 -4
90 93 -1
90 94 -1
90 95 -4
90 96 -2
91 93 4
91 94 4
91 95 -2
91 96 2
92 93 1
92 94 -2
92 95 4
92 96 -2
97 101 2
97 102 2
97 103 1
97 104 -2
98 101 -2
98 102 2
98 103 -2
98 104 -2
99 101 1
99 102 1
99 103 4
99 104 -4
100 101 -4
100 102 4
100 103 1
100 104 -4
105 109 -2
105 110 1
105 111 -4
105 112 2
106 109 1
106 110 -2
106 111 4
106 112 -2
107 109 -1
107 110 2
107 111 -1
107 112 -1
108 109 1
108 110 2
108 111 -4
108 112 2
113 117 2
113 118 2
113 119 1
113 120 -4
114 117 2
114 118 -1
114 119 -4
114 120 4
115 117 2
115 118 1
115 119 4
115 120 4
116 117 2
116 118 1
116 119 -1
116 120 4
121 125 -4
121 126 2
121 127 4
121 128 1
122 125 -4
122 126 1
122 127 -4
122 128 4
123 125 -2
123 126 1
123 127 -2
123 128 4
124 125 -2
124 126 1
124 127 4
124 128 1
129 133 2
129 134 2
129 135 -4
129 136 -1
130 133 1
130 134 4
130 135 2
130 136 -4
131 133 -4
131 134 -2
131 135 -4
131 136 -4
132 133 -4
132 134 -4
132 135 -2
132 136 2
137 141 -2
137 142 -2
137 143 -1
137 144 -2
138 141 -1
138 142 4
138 143 4
138 144 2
139 141 -4
139 142 4
139 143 4
139 144 4
140 141 4
140 142 -4
140 143 -1
140 144 -2
145 149 2
145 150 -1
145 151 -1
145 152 1
146 149 4
146 150 1
146 151 2
146 152 -2
147 149 1
147 150 -4
147 151 -4
147 152 2
148 149 -2
148 150 -1
148 151 4
148 152 2
153 157 4
153 158 1
153 159 -1
153 160 -2
154 157 -4
154 158 2
154 159 -1
154 160 -1
155 157 -2
155 158 4
155 159 4
155 160 2
156 157 1
156 158 1
156 159 -4
156 160 -2
161 165 -1
161 166 -2
161 167 4
161 168 -4
162 165 1
162 166 -4
162 167 -1
162 168 1
163 165 -2
163 166 1
163 167 -4
163 168 -4
164 165 -2
164 166 -1
164 167 2
164 168 -1
169 173 -1
169 174 -2
169 175 2
169 176 -2
170 173 1
170 174 2
170 175 2
170 176 2
171 173 -1
171 174 -4
171 175 -2
171 176 2
172 173 -2
172 174 -2
172 175 -4
172 176 -4
177 181 -1
177 182 1
177 183 -4
177 184 4
178 181 -2
178 182 2
178 183 -1
178 184 2
179 181 -1
179 182 2
179 183 -4
179 184 -1
180 181 -2
180 182 -1
180 183 -1
180 184 4
185 189 4
185 190 -2
185 191 4
185 192 -4
186 189 4
186 190 4
186 191 -1
186 192 -4
187 189 4
187 190 -2
187 191 1
187 192 4
188 189 -1
188 190 -2
188 191 1
188 192 4
193 197 -2
193 198 2
193 199 2
193 200 2
194 197 1
194 198 -2
194 199 4
194 200 -4
195 197 1
195 198 2
195 199 -4
195 200 1
196 197 1
196 198 -2
196 199 2
196 200 -2
201 205 -4
201 206 2
201 207 -4
201 208 -2
202 205 2
202 206 2
202 207 -1
202 208 -2
203 205 4
203 206 -4
203 207 1
203 208 2
204 205 1
204 206 2
204 207 1
204 208 -1
209 213 4
209 214 4
209 215 1
209 216 -4
210 213 -2
210 214 1
210 215 4
210 216 4
211 213 4
211 214 2
211 215 1
211 216 -1
212 213 -4
212 214 2
212 215 4
212 216 -4
217 221 1
217 222 -1
217 223 4
217 224 1
218 221 -1
218 222 -4
218 223 1
218 224 1
219 221 2
219 222 -2
219 223 -1
219 224 2
220 221 1
220 222 2
220 223 4
220 224 -4
225 229 2
225 230 4
225 231 -1
225 232 4
226 229 -1
226 230 4
226 231 2
226 232 -4
227 229 1
227 230 -2
227 231 -4
227 232 -1
228 229 -1
228 230 -2
228 231 1
228 232 2
233 237 -1
233 238 -2
233 239 4
233 240 -4
234 237 1
234 238 -4
234 239 -2
234 240 -1
235 237 2
235 238 2
235 239 4
235 240 1
236 237 -2
236 238 4
236 239 1
236 240 -1
241 245 1
241 246 4
241 247 2
241 248 -4
242 245 -2
242 246 1
242 247 -2
242 248 -4
243 245 2
243 246 -2
243 247 -2
243 248 -4
244 245 -4
244 246 4
244 247 -4
244 248 -4
249 253 1
249 254 4
249 255 1
249 256 -1
250 253 -2
250 254 -2
250 255 -2
250 256 -2
251 253 -4
251 254 4
251 255 4
251 256 1
252 253 2
252 254 4
252 255 1
252 256 4
257 261 -1
257 262 -4
257 263 -4
257 264 1
258 261 1
258 262 -1
258 263 2
258 264 -4
259 261 -2
259 262 -4
259 263 2
259 264 -2
260 261 -2
260 262 -2
260 263 -4
260 264 4
265 269 -1
265 270 -1
265 271 4
265 272 -2
266 269 1
266 270 -1
266 271 -4
266 272 -1
267 269 -4
267 270 -2
267 271 -1
267 272 1
268 269 -4
268 270 -4
268 271 -2
268 272 -4
273 277 -2
273 278 4
273 279 4
273 280 4
274 277 -1
274 278 -1
274 279 1
274 280 4
275 277 4
275 278 -2
275 279 1
275 280 4
276 277 4
276 278 2
276 279 -2
276 280 -2
281 285 -2
281 286 4
281 287 2
281 288 -4
282 285 1
282 286 -4
282 287 1
282 288 -2
283 285 1
283 286 2
283 287 4
283 288 -2
284 285 1
284 286 1
284 287 1
284 288 2
289 293 1
289 294 2
289 295 1
289 296 -2
290 293 4
290 294 -1
290 295 2
290 296 -1
291 293 4
291 294 1
291 295 -2
291 296 -2
292 293 2
292 294 -2
292 295 -4
292 296 1
297 301 1
297 302 1
297 303 -2
297 304 4
298 301 4
298 302 4
298 303 -4
298 304 2
299 301 -1
299 302 -1
299 303 1
299 304 2
300 301 -4
300 302 -2
300 303 2
300 304 -2
305 309 4
305 310 4
305 311 4
305 312 -2
306 309 2
306 310 -4
306 311 4
306 312 -4
307 309 1
307 310 2
307 311 -2
307 312 -4
308 309 -4
308 310 4
308 311 -4
308 312 1
313 317 -2
313 318 -1
313 319 4
313 320 -2
314 317 1
314 318 4
314 319 -1
314 320 4
315 317 -2
315 318 -1
315 319 4
315 320 2
316 317 -1
316 318 -2
316 319 4
316 320 -4
321 325 -4
321 326 4
321 327 -2
321 328 4
322 325 1
322 326 4
322 327 -4
322 328 2
323 325 -4
323 326 4
323 327 2
323 328 -1
324 325 4
324 326 2
324 327 -4
324 328 4
329 333 -1
329 334 -2
329 335 -1
329 336 -1
330 333 -4
330 334 -1
330 335 2
330 336 -1
331 333 1
331 334 4
331 335 4
331 336 -2
332 333 -4
332 334 -4
332 335 1
332 336 -4
337 341 2
337 342 1
337 343 -1
337 344 -2
338 341 -1
338 342 -4
338 343 -2
338 344 -2
339 341 -1
339 342 4
339 343 -1
339 344 -4
340 341 1
340 342 -2
340 343 -2
340 344 2
345 349 4
345 350 -2
345 351 -2
345 352 -2
346 349 2
346 350 -4
346 351 -2
346 352 -4
347 349 4
347 350 -2
347 351 2
347 352 4
348 349 1
348 350 1
348 351 -4
348 352 -4
353 357 -4
353 358 4
353 359 -4
353 360 2
354 357 4
354 358 -1
354 359 1
354 360 2
355 357 -2
355 358 2
355 359 1
355 360 2
356 357 4
356 358 1
356 359 2
356 360 2
361 365 -1
361 366 -4
361 367 -4
361 368 4
362 365 -2
362 366 1
362 367 -4
362 368 -4
363 365 4
363 366 4
363 367 4
363 368 2
364 365 2
364 366 -4
364 367 -1
364 368 -2
369 373 1
369 374 2
369 375 -4
369 376 1
370 373 2
370 374 2
370 375 -4
370 376 4
371 373 4
371 374 -4
371 375 -4
371 376 2
372 373 -1
372 374 -4
372 375 1
372 376 1
377 381 1
377 382 4
377 383 2
377 384 2
378 381 1
378 382 -4
378 383 -1
378 384 -1
379 381 -1
379 382 1
379 383 -4
379 384 2
380 381 -1
380 382 4
380 383 2
380 384 -4
385 389 -2
385 390 2
385 391 2
385 392 -2
386 389 4
386 390 4
386 391 -2
386 392 2
387 389 1
387 390 -4
387 391 1
387 392 -1
388 389 4
388 390 -4
388 391 -1
388 392 2
393 397 -4
393 398 -2
393 399 1
393 400 2
394 397 1
394 398 2
394 399 1
394 400 1
395 397 4
395 398 4
395 399 1
395 400 -4
396 397 1
396 398 -2
396 399 4
396 400 1
401 405 2
401 406 4
401 407 4
401 408 1
402 405 -1
402 406 -4
402 407 -2
402 408 4
403 405 -2
403 406 -1
403 407 -2
403 408 -2
404 405 -1
404 406 2
404 407 4
404 408 4
409 413 1
409 414 1
409 415 4
409 416 -2
410 413 1
410 414 -2
410 415 2
410 416 -1
411 413 4
411 414 1
411 415 1
411 416 2
412 413 2
412 414 -2
412 415 4
412 416 -1
417 421 2
417 422 2
417 423 -2
417 424 1
418 421 4
418 422 -4
418 423 -1
418 424 4
419 421 4
419 422 1
419 423 4
419 424 -2
420 421 -2
420 422 2
420 423 -2
420 424 -1
425 429 1
425 430 -2
425 431 4
425 432 4
426 429 -2
426 430 4
426 431 1
426 432 2
427 429 2
427 430 -2
427 431 -4
427 432 -4
428 429 2
428 430 -2
428 431 4
428 432 4
433 437 4
433 438 -2
433 439 -4
433 440 -2
434 437 2
434 438 -4
434 439 2
434 440 4
435 437 -2
435 438 4
435 439 1
435 440 2
436 437 4
436 438 1
436 439 -1
436 440 -1
441 445 1
441 446 -2
441 447 1
441 448 -4
442 445 2
442 446 -2
442 447 -4
442 448 2
443 445 -2
443 446 -4
443 447 -4
443 448 -2
444 445 -1
444 446 -2
444 447 -4
444 448 -2
449 453 2
449 454 -1
449 455 -2
449 456 -2
450 453 -4
450 454 -2
450 455 2
450 456 -2
451 453 4
451 454 -4
451 455 4
451 456 -4
452 453 -4
452 454 -1
452 455 4
452 456 -2
457 461 -2
457 462 -4
457 463 2
457 464 -4
458 461 4
458 462 -2
458 463 2
458 464 -4
459 461 -2
459 462 1
459 463 1
459 464 2
460 461 1
460 462 2
460 463 1
460 464 -2
465 469 -2
465 470 4
465 471 2
465 472 1
466 469 1
466 470 -1
466 471 1
466 472 2
467 469 4
467 470 1
467 471 1
467 472 2
468 469 -2
468 470 4
468 471 -1
468 472 1
473 477 -1
473 478 1
473 479 -2
473 480 1
474 477 4
474 478 4
474 479 1
474 480 -1
475 477 -2
475 478 -2
475 479 -2
475 480 -4
476 477 -2
476 478 1
476 479 -1
476 480 1
481 485 -1
481 486 4
481 487 1
481 488 -1
482 485 -4
482 486 -2
482 487 -4
482 488 -1
483 485 1
483 486 2
483 487 4
483 488 -1
484 485 -1
484 486 -2
484 487 1
484 488 4
489 493 -4
489 494 1
489 495 1
489 496 -4
490 493 1
490 494 -2
490 495 2
490 496 4
491 493 -4
491 494 -4
491 495 4
491 496 2
492 493 4
492 494 1
492 495 2
492 496 -4
497 501 1
497 502 -1
497 503 -4
497 504 4
498 501 -1
498 502 4
498 503 -4
498 504 -1
499 501 -1
499 502 -1
499 503 -2
499 504 -4
500 501 1
500 502 2
500 503 2
500 504 -2
505 509 -4
505 510 -1
505 511 2
505 512 -4
506 509 4
506 510 2
506 511 -1
506 512 2
507 509 4
507 510 2
507 511 1
507 512 1
508 509 4
508 510 2
508 511 -4
508 512 2
513 517 4
513 518 -4
513 519 1
513 520 2
514 517 4
514 518 -2
514 519 2
514 520 -4
515 517 -2
515 518 1
515 519 4
515 520 2
516 517 -1
516 518 4
516 519 -2
516 520 1
521 525 2
521 526 1
521 527 2
521 528 4
522 525 -2
522 526 1
522 527 2
522 528 4
523 525 2
523 526 1
523 527 2
523 528 1
524 525 -1
524 526 4
524 527 4
524 528 1
529 533 1
529 534 -1
529 535 1
529 536 2
530 533 1
530 534 -2
530 535 -2
530 536 -1
531 533 4
531 534 4
531 535 4
531 536 2
532 533 4
532 534 -4
532 535 2
532 536 -2
537 541 -1
537 542 -4
537 543 -4
537 544 -1
538 541 1
538 542 4
538 543 -4
538 544 1
539 541 -2
539 542 4
539 543 -1
539 544 2
540 541 -1
540 542 2
540 543 4
540 544 2
545 549 -2
545 550 -1
545 551 -2
545 552 4
546 549 -1
546 550 -1
546 551 -4
546 552 -2
547 549 -4
547 550 1
547 551 -2
547 552 4
548 549 4
548 550 -4
548 551 -2
548 552 4
553 557 -2
553 558 4
553 559 1
553 560 1
554 557 -1
554 558 -2
554 559 -4
554 560 -2
555 557 1
555 558 4
555 559 -1
555 560 -4
556 557 -2
556 558 -2
556 559 -2
556 560 1
561 565 -4
561 566 2
561 567 -4
561 568 -2
562 565 2
562 566 4
562 567 -4
562 568 -2
563 565 2
563 566 4
563 567 -2
563 568 1
564 565 2
564 566 -4
564 567 4
564 568 -1
569 573 -2
569 574 2
569 575 1
569 576 2
570 573 2
570 574 2
570 575 -1
570 576 1
571 573 -2
571 574 2
571 575 1
571 576 4
572 573 4
572 574 2
572 575 -2
572 576 4
577 581 -2
577 582 -2
577 583 -4
577 584 -4
578 581 -4
578 582 1
578 583 -4
578 584 -2
579 581 -1
579 582 4
579 583 2
579 584 1
580 581 -1
580 582 4
580 583 -2
580 584 -4
585 589 2
585 590 1
585 591 -4
585 592 -1
586 589 4
586 590 -4
586 591 4
586 592 -2
587 589 1
587 590 -2
587 591 1
587 592 2
588 589 2
588 590 -1
588 591 4
588 592 1
593 597 -4
593 598 -1
593 599 -1
593 600 -4
594 597 -1
594 598 -2
594 599 -1
594 600 -1
595 597 -1
595 598 4
595 599 1
595 600 -4
596 597 4
596 598 2
596 599 -1
596 600 -2
601 605 2
601 606 4
601 607 -4
601 608 2
602 605 1
602 606 -4
602 607 2
602 608 -1
603 605 -4
603 606 4
603 607 1
603 608 2
604 605 -4
604 606 2
604 607 -4
604 608 -4
609 613 2
609 614 4
609 615 1
609 616 4
610 613 -4
610 614 -4
610 615 2
610 616 4
611 613 -2
611 614 1
611 615 -4
611 616 -4
612 613 4
612 614 -1
612 615 2
612 616 -4
617 621 1
617 622 2
617 623 -1
617 624 4
618 621 -4
618 622 -2
618 623 -2
618 624 -2
619 621 -4
619 622 1
619 623 -4
619 624 -2
620 621 2
620 622 -4
620 623 2
620 624 1
625 629 -2
625 630 -1
625 631 2
625 632 -4
626 629 -4
626 630 -4
626 631 1
626 632 4
627 629 4
627 630 1
627 631 -2
627 632 1
628 629 4
628 630 -4
628 631 4
628 632 -1
633 637 4
633 638 -1
633 639 4
633 640 -1
634 637 -4
634 638 -4
634 639 -4
634 640 4
635 637 -4
635 638 -4
635 639 -2
635 640 1
636 637 -1
636 638 -1
636 639 -4
636 640 2
641 645 -4
641 646 -2
641 647 4
641 648 -2
642 645 2
642 646 4
642 647 -4
642 648 2
643 645 4
643 646 2
643 647 -2
643 648 1
644 645 -1
644 646 -4
644 647 2
644 648 -1
649 653 4
649 654 -4
649 655 2
649 656 1
650 653 1
650 654 2
650 655 -2
650 656 -4
651 653 -2
651 654 1
651 655 -2
651 656 1
652 653 4
652 654 -4
652 655 -4
652 656 -2
657 661 2
657 662 2
657 663 -2
657 664 -4
658 661 -1
658 662 -1
658 663 -2
658 664 -2
659 661 2
659 662 4
659 663 -2
659 664 4
660 661 -1
660 662 -2
660 663 4
660 664 4
665 669 4
665 670 4
665 671 1
665 672 -4
666 669 4
666 670 -4
666 671 -1
666 672 -2
667 669 -2
667 670 -4
667 671 -1
667 672 1
668 669 4
668 670 2
668 671 4
668 672 1
673 677 -4
673 678 -1
673 679 1
673 680 4
674 677 4
674 678 -1
674 679 -1
674 680 -1
675 677 -1
675 678 2
675 679 -1
675 680 -1
676 677 -4
676 678 2
676 679 -2
676 680 -4
681 685 2
681 686 1
681 687 4
681 688 -4
682 685 -1
682 686 -1
682 687 4
682 688 2
683 685 4
683 686 4
683 687 -1
683 688 -1
684 685 1
684 686 2
684 687 -4
684 688 1
689 693 4
689 694 -1
689 695 4
689 696 2
690 693 -4
690 694 -2
690 695 -4
690 696 1
691 693 1
691 694 -1
691 695 -2
691 696 1
692 693 -4
692 694 -1
692 695 -2
692 696 1
697 701 -4
697 702 1
697 703 -1
697 704 2
698 701 1
698 702 -2
698 703 4
698 704 2
699 701 -4
699 702 -4
699 703 -1
699 704 -1
700 701 -1
700 702 1
700 703 -4
700 704 2
705 709 -2
705 710 -2
705 711 2
705 712 -4
706 709 -2
706 710 -4
706 711 -1
706 712 4
707 709 2
707 710 2
707 711 -4
707 712 1
708 709 -2
708 710 1
708 711 2
708 712 4
713 717 4
713 718 -4
713 719 -4
713 720 1
714 717 -4
714 718 2
714 719 1
714 720 -4
715 717 -4
715 718 -1
715 719 -4
715 720 2
716 717 -2
716 718 -2
716 719 2
716 720 4
721 725 -4
721 726 4
721 727 2
721 728 -4
722 725 -4
722 726 -4
722 727 -4
722 728 -1
723 725 -4
723 726 -1
723 727 2
723 728 4
724 725 -1
724 726 -1
724 727 2
724 728 1
729 733 4
729 734 2
729 735 -1
729 736 4
730 733 1
730 734 -1
730 735 -1
730 736 -4
731 733 1
731 734 4
731 735 -2
731 736 -1
732 733 2
732 734 -1
732 735 1
732 736 2
737 741 4
737 742 1
737 743 4
737 744 -1
738 741 -4
738 742 -1
738 743 1
738 744 -2
739 741 1
739 742 -1
739 743 2
739 744 -1
740 741 4
740 742 4
740 743 1
740 744 4
745 749 -2
745 750 4
745 751 -1
745 752 2
746 749 -4
746 750 2
746 751 2
746 752 1
747 749 2
747 750 4
747 751 2
747 752 -1
748 749 -1
748 750 1
748 751 -2
748 752 -1
753 757 4
753 758 -4
753 759 -1
753 760 -1
754 757 -1
754 758 2
754 759 1
754 760 2
755 757 -4
755 758 1
755 759 1
755 760 1
756 757 1
756 758 -2
756 759 -2
756 760 -1
761 765 2
761 766 4
761 767 4
761 768 -2
762 765 -1
762 766 -4
762 767 -2
762 768 1
763 765 4
763 766 1
763 767 1
763 768 2
764 765 -4
764 766 -2
764 767 4
764 768 -1
769 773 -4
769 774 2
769 775 -1
769 776 2
770 773 -4
770 774 1
770 775 -4
770 776 4
771 773 2
771 774 1
771 775 -1
771 776 1
772 773 4
772 774 -2
772 775 2
772 776 -2
777 781 -4
777 782 4
777 783 -4
777 784 4
778 781 4
778 782 -4
778 783 4
778 784 -1
779 781 2
779 782 1
779 783 2
779 784 2
780 781 4
780 782 2
780 783 -4
780 784 2
785 789 -2
785 790 -2
785 791 -2
785 792 2
786 789 1
786 790 -2
786 791 -4
786 792 4
787 789 -4
787 790 2
787 791 -1
787 792 4
788 789 1
788 790 1
788 791 -1
788 792 -4
793 797 -2
793 798 1
793 799 2
793 800 1
794 797 -4
794 798 -2
794 799 4
794 800 -4
795 797 1
795 798 4
795 799 4
795 800 4
796 797 1
796 798 -4
796 799 2
796 800 -4
801 805 -1
801 806 -4
801 807 -1
801 808 -1
802 805 -4
802 806 -2
802 807 -4
802 808 2
803 805 -2
803 806 -2
803 807 4
803 808 4
804 805 -2
804 806 2
804 807 -4
804 808 -2
809 813 -4
809 814 -2
809 815 1
809 816 -2
810 813 4
810 814 4
810 815 2
810 816 -1
811 813 2
811 814 -1
811 815 -1
811 816 -1
812 813 4
812 814 4
812 815 1
812 816 4
817 821 2
817 822 1
817 823 -4
817 824 -2
818 821 2
818 822 2
818 823 -4
818 824 4
819 821 -4
819 822 -2
819 823 -1
819 824 -2
820 821 -2
820 822 1
820 823 -1
820 824 2
825 829 1
825 830 -2
825 831 1
825 832 -1
826 829 -4
826 830 1
826 831 -1
826 832 -2
827 829 1
827 830 -2
827 831 1
827 832 -4
828 829 4
828 830 4
828 831 -2
828 832 -4
833 837 -1
833 838 2
833 839 1
833 840 -2
834 837 -2
834 838 -1
834 839 -2
834 840 -4
835 837 4
835 838 -4
835 839 1
835 840 -1
836 837 -2
836 838 -1
836 839 -4
836 840 -4
841 845 1
841 846 -2
841 847 2
841 848 -2
842 845 2
842 846 4
842 847 1
842 848 -2
843 845 1
843 846 2
843 847 1
843 848 1
844 845 1
844 846 2
844 847 2
844 848 -2
849 853 -4
849 854 1
849 855 1
849 856 -2
850 853 -4
850 854 -1
850 855 4
850 856 -1
851 853 -1
851 854 4
851 855 -4
851 856 1
852 853 2
852 854 -2
852 855 1
852 856 4
857 861 1
857 862 4
857 863 1
857 864 -1
858 861 1
858 862 -2
858 863 -1
858 864 1
859 861 4
859 862 -1
859 863 4
859 864 1
860 861 1
860 862 4
860 863 4
860 864 4
865 869 2
865 870 1
865 871 1
865 872 -1
866 869 1
866 870 -4
866 871 -1
866 872 2
867 869 -2
867 870 2
867 871 2
867 872 2
868 869 -1
868 870 4
868 871 -4
868 872 4
873 877 -4
873 878 -1
873 879 1
873 880 4
874 877 1
874 878 2
874 879 2
874 880 -2
875 877 4
875 878 1
875 879 1
875 880 -2
876 877 4
876 878 2
876 879 4
876 880 4
881 885 -2
881 886 -4
881 887 -1
881 888 2
882 885 4
882 886 2
882 887 4
882 888 -2
883 885 -4
883 886 -1
883 887 -2
883 888 -2
884 885 -4
884 886 -1
884 887 2
884 888 -1
889 893 -4
889 894 1
889 895 -4
889 896 -4
890 893 4
890 894 1
890 895 4
890 896 -4
891 893 2
891 894 -1
891 895 2
891 896 -2
892 893 1
892 894 -4
892 895 -4
892 896 -2
897 901 2
897 902 2
897 903 -1
897 904 4
898 901 -4
898 902 -1
898 903 1
898 904 4
899 901 -2
899 902 -1
899 903 -2
899 904 -2
900 901 1
900 902 -4
900 903 4
900 904 -2
905 909 1
905 910 -4
905 911 1
905 912 2
906 909 -4
906 910 -4
906 911 -4
906 912 -1
907 909 2
907 910 -1
907 911 -2
907 912 1
908 909 2
908 910 4
908 911 2
908 912 -2
913 917 4
913 918 1
913 919 -2
913 920 -2
914 917 -2
914 918 4
914 919 2
914 920 2
915 917 -4
915 918 -4
915 919 4
915 920 -2
916 917 -1
916 918 -2
916 919 -1
916 920 -1
921 925 -1
921 926 -2
921 927 -4
921 928 4
922 925 -1
922 926 1
922 927 -2
922 928 4
923 925 -1
923 926 4
923 927 -1
923 928 -1
924 925 4
924 926 -4
924 927 -2
924 928 -1
929 933 1
929 934 4
929 935 -1
929 936 4
930 933 -1
930 934 4
930 935 -4
930 936 2
931 933 -2
931 934 4
931 935 -4
931 936 -1
932 933 -1
932 934 4
932 935 -1
932 936 2
937 941 -2
937 942 4
937 943 -4
937 944 4
938 941 -1
938 942 -4
938 943 -2
938 944 2
939 941 4
939 942 -1
939 943 1
939 944 -4
940 941 1
940 942 -2
940 943 -2
940 944 -2
945 949 1
945 950 1
945 951 -4
945 952 -4
946 949 1
946 950 -1
946 951 4
946 952 4
947 949 -4
947 950 1
947 951 4
947 952 1
948 949 -1
948 950 2
948 951 2
948 952 2
953 957 4
953 958 -4
953 959 4
953 960 -4
954 957 -4
954 958 -4
954 959 -2
954 960 -2
955 957 2
955 958 2
955 959 1
955 960 4
956 957 4
956 958 -2
956 959 -4
956 960 4
961 965 -1
961 966 -1
961 967 2
961 968 4
962 965 4
962 966 2
962 967 -4
962 968 -4
963 965 1
963 966 -4
963 967 2
963 968 -4
964 965 1
964 966 2
964 967 1
964 968 2
969 973 -1
969 974 1
969 975 -2
969 976 -2
970 973 -2
970 974 2
970 975 4
970 976 -1
971 973 -2
971 974 1
971 975 4
971 976 2
972 973 4
972 974 4
972 975 -4
972 976 -1
977 981 -2
977 982 -2
977 983 -2
977 984 2
978 981 -2
978 982 4
978 983 1
978 984 -2
979 981 -2
979 982 -2
979 983 -4
979 984 2
980 981 2
980 982 1
980 983 -2
980 984 -1
985 989 -1
985 990 -2
985 991 -1
985 992 -1
986 989 1
986 990 2
986 991 -4
986 992 -2
987 989 -4
987 990 -4
987 991 2
987 992 -1
988 989 2
988 990 2
988 991 1
988 992 2
993 997 2
993 998 4
993 999 -1
993 1000 4
994 997 4
994 998 1
994 999 1
994 1000 1
995 997 4
995 998 2
995 999 -1
995 1000 2
996 997 1
996 998 4
996 999 4
996 1000 4
1001 1005 -4
1001 1006 4
1001 1007 -2
1001 1008 -1
1002 1005 -2
1002 1006 2
1002 1007 -2
1002 1008 -2
1003 1005 -4
1003 1006 -1
1003 1007 4
1003 1008 -4
1004 1005 -2
1004 1006 1
1004 1007 -2
1004 1008 2
1009 1013 -2
1009 1014 -1
1009 1015 4
1009 1016 4
1010 1013 -4
1010 1014 2
1010 1015 -4
1010 1016 4
1011 1013 -1
1011 1014 1
1011 1015 -1
1011 1016 4
1012 1013 -4
1012 1014 1
1012 1015 -1
1012 1016 1
1017 1021 -4
1017 1022 4
1017 1023 1
1017 1024 4
1018 1021 2
1018 1022 -2
1018 1023 1
1018 1024 2
1019 1021 1
1019 1022 -4
1019 1023 2
1019 1024 1
1020 1021 4
1020 1022 -2
1020 1023 -1
1020 1024 -4
1025 1029 -4
1025 1030 4
1025 1031 1
1025 1032 -4
1026 1029 -2
1026 1030 4
1026 1031 -2
1026 1032 -4
1027 1029 -1
1027 1030 2
1027 1031 4
1027 1032 1
1028 1029 -1
1028 1030 1
1028 1031 4
1028 1032 2
1033 1037 1
1033 1038 4
1033 1039 -4
1033 1040 -1
1034 1037 -2
1034 1038 1
1034 1039 -4
1034 1040 -1
1035 1037 -2
1035 1038 4
1035 1039 -1
1035 1040 -2
1036 1037 -4
1036 1038 -1
1036 1039 1
1036 1040 -1
1041 1045 1
1041 1046 -4
1041 1047 4
1041 1048 -4
1042 1045 -2
1042 1046 -4
1042 1047 4
1042 1048 2
1043 1045 1
1043 1046 -4
1043 1047 -1
1043 1048 -4
1044 1045 -4
1044 1046 -2
1044 1047 -2
1044 1048 -1
1049 1053 -4
1049 1054 1
1049 1055 -2
1049 1056 -2
1050 1053 -2
1050 1054 -1
1050 1055 -2
1050 1056 4
1051 1053 4
1051 1054 -2
1051 1055 2
1051 1056 -2
1052 1053 2
1052 1054 2
1052 1055 -4
1052 1056 4
1057 1061 1
1057 1062 -2
1057 1063 -1
1057 1064 -2
1058 1061 -2
1058 1062 -2
1058 1063 1
1058 1064 -2
1059 1061 2
1059 1062 4
1059 1063 -1
1059 1064 -4
1060 1061 -2
1060 1062 -2
1060 1063 -2
1060 1064 1
1065 1069 2
1065 1070 -2
1065 1071 -1
1065 1072 2
1066 1069 -1
1066 1070 1
1066 1071 1
1066 1072 2
1067 1069 2
1067 1070 -4
1067 1071 1
1067 1072 -2
1068 1069 2
1068 1070 4
1068 1071 4
1068 1072 1
1073 1077 -1
1073 1078 -2
1073 1079 -2
1073 1080 -1
1074 1077 1
1074 1078 -4
1074 1079 2
1074 1080 2
1075 1077 2
1075 1078 -1
1075 1079 1
1075 1080 4
1076 1077 4
1076 1078 1
1076 1079 -2
1076 1080 4
1081 1085 -2
1081 1086 4
1081 1087 -4
1081 1088 1
1082 1085 2
1082 1086 -4
1082 1087 1
1082 1088 4
1083 1085 4
1083 1086 -1
1083 1087 -4
1083 1088 -1
1084 1085 -2
1084 1086 -2
1084 1087 -4
1084 1088 1
1089 1093 2
1089 1094 1
1089 1095 4
1089 1096 2
1090 1093 -1
1090 1094 4
1090 1095 1
1090 1096 1
1091 1093 -4
1091 1094 1
1091 1095 -4
1091 1096 1
1092 1093 -2
1092 1094 -2
1092 1095 2
1092 1096 -1
1097 1101 -4
1097 1102 1
1097 1103 -4
1097 1104 2
1098 1101 -4
1098 1102 1
1098 1103 -1
1098 1104 4
1099 1101 -4
1099 1102 2
1099 1103 -2
1099 1104 1
1100 1101 -1
1100 1102 -4
1100 1103 2
1100 1104 -2
1105 1109 1
1105 1110 2
1105 1111 2
1105 1112 1
1106 1109 -2
1106 1110 4
1106 1111 4
1106 1112 4
1107 1109 4
1107 1110 2
1107 1111 -2
1107 1112 2
1108 1109 2
1108 1110 4
1108 1111 -2
1108 1112 2
1113 1117 2
1113 1118 -1
1113 1119 4
1113 1120 -1
1114 1117 1
1114 1118 -1
1114 1119 2
1114 1120 -2
1115 1117 1
1115 1118 -4
1115 1119 -1
1115 1120 2
1116 1117 2
1116 1118 -2
1116 1119 2
1116 1120 1
1121 1125 -4
1121 1126 4
1121 1127 2
1121 1128 1
1122 1125 -4
1122 1126 -1
1122 1127 -2
1122 1128 -4
1123 1125 -1
1123 1126 1
1123 1127 1
1123 1128 -2
1124 1125 1
1124 1126 -1
1124 1127 -2
1124 1128 -2
1129 1133 -4
1129 1134 2
1129 1135 4
1129 1136 1
1130 1133 -2
1130 1134 -4
1130 1135 1
1130 1136 -2
1131 1133 -1
1131 1134 1
1131 1135 -1
1131 1136 1
1132 1133 4
1132 1134 4
1132 1135 -1
1132 1136 4
1137 1141 -1
1137 1142 -2
1137 1143 2
1137 1144 -2
1138 1141 -4
1138 1142 1
1138 1143 1
1138 1144 4
1139 1141 1
1139 1142 4
1139 1143 2
1139 1144 4
1140 1141 2
1140 1142 1
1140 1143 4
1140 1144 -4
1145 1149 -1
1145 1150 -1
1145 1151 1
1145 1152 -4
1146 1149 1
1146 1150 -1
1146 1151 -1
1146 1152 -4
1147 1149 2
1147 1150 -2
1147 1151 1
1147 1152 -1
1148 1149 -4
1148 1150 2
1148 1151 4
1148 1152 1
5 13 -2
6 14 -2
7 15 2
8 16 4
13 21 -4
14 22 -4
15 23 -1
16 24 -4
21 29 1
22 30 -1
23 31 -2
24 32 2
29 37 4
30 38 1
31 39 -2
32 40 -4
37 45 1
38 46 -2
39 47 -2
40 48 1
45 53 -1
46 54 -4
47 55 -1
48 56 4
53 61 1
54 62 2
55 63 1
56 64 4
61 69 -4
62 70 -1
63 71 -4
64 72 1
69 77 -2
70 78 1
71 79 -2
72 80 4
77 85 -4
78 86 -4
79 87 1
80 88 4
85 93 1
86 94 -4
87 95 2
88 96 2
101 109 -1
102 110 -1
103 111 1
104 112 -1
109 117 -4
110 118 4
111 119 1
112 120 4
117 125 -4
118 126 -1
119 127 2
120 128 -2
125 133 4
126 134 -2
127 135 2
128 136 -1
133 141 -2
134 142 1
135 143 -4
136 144 -2
141 149 -2
142 150 1
143 151 4
144 152 -4
149 157 1
150 158 -4
151 159 1
152 160 4
157 165 -2
158 166 -2
159 167 1
160 168 1
165 173 -4
166 174 -1
167 175 2
168 176 1
173 181 -2
174 182 1
175 183 2
176 184 1
181 189 2
182 190 4
183 191 -4
184 192 -4
197 205 -1
198 206 -1
199 207 2
200 208 4
205 213 -1
206 214 4
207 215 1
208 216 -4
213 221 4
214 222 4
215 223 -1
216 224 1
221 229 -1
222 230 2
223 231 -4
224 232 -2
229 237 -2
230 238 -1
231 239 4
232 240 4
237 245 2
238 246 1
239 247 -2
240 248 2
245 253 -4
246 254 2
247 255 4
248 256 4
253 261 4
254 262 -2
255 263 -1
256 264 -1
261 269 -2
262 270 4
263 271 -1
264 272 4
269 277 -1
270 278 1
271 279 2
272 280 -2
277 285 2
278 286 4
279 287 4
280 288 -4
293 301 1
294 302 4
295 303 -1
296 304 -2
301 309 -2
302 310 4
303 311 2
304 312 1
309 317 4
310 318 2
311 319 -2
312 320 -1
317 325 4
318 326 1
319 327 -4
320 328 1
325 333 1
326 334 -4
327 335 1
328 336 1
333 341 -1
334 342 2
335 343 4
336 344 4
341 349 1
342 350 2
343 351 -4
344 352 4
349 357 2
350 358 1
351 359 1
352 360 2
357 365 4
358 366 2
359 367 -1
360 368 1
365 373 1
366 374 -2
367 375 -1
368 376 -2
373 381 -2
374 382 2
375 383 1
376 384 -1
389 397 2
390 398 -1
391 399 -1
392 400 -1
397 405 -2
398 406 2
399 407 4
400 408 -4
405 413 -4
406 414 2
407 415 4
408 416 -1
413 421 -4
414 422 -4
415 423 -4
416 424 2
421 429 4
422 430 4
423 431 -1
424 432 1
429 437 2
430 438 -4
431 439 -4
432 440 2
437 445 -4
438 446 2
439 447 1
440 448 -4
445 453 -2
446 454 2
447 455 -4
448 456 -2
453 461 4
454 462 4
455 463 -1
456 464 -4
461 469 -1
462 470 -2
463 471 2
464 472 1
469 477 -4
470 478 1
471 479 -1
472 480 2
485 493 -2
486 494 -2
487 495 2
488 496 4
493 501 2
494 502 1
495 503 2
496 504 -1
501 509 -4
502 510 -1
503 511 -1
504 512 -4
509 517 -2
510 518 -1
511 519 4
512 520 1
517 525 -1
518 526 -2
519 527 -2
520 528 2
525 533 4
526 534 4
527 535 -2
528 536 -2
533 541 4
534 542 2
535 543 -2
536 544 -2
541 549 -1
542 550 4
543 551 -2
544 552 2
549 557 -2
550 558 -1
551 559 -2
552 560 2
557 565 -1
558 566 1
559 567 -4
560 568 -2
565 573 4
566 574 -2
567 575 -4
568 576 -1
581 589 1
582 590 -4
583 591 1
584 592 4
589 597 -2
590 598 -1
591 599 -2
592 600 1
597 605 4
598 606 -1
599 607 -2
600 608 -4
605 613 -4
606 614 -4
607 615 -2
608 616 -4
613 621 4
614 622 -4
615 623 2
616 624 2
621 629 -4
622 630 4
623 631 -2
624 632 4
629 637 -2
630 638 1
631 639 2
632 640 2
637 645 -2
638 646 -1
639 647 2
640 648 -2
645 653 -2
646 654 2
647 655 -2
648 656 1
653 661 1
654 662 -1
655 663 2
656 664 4
661 669 2
662 670 1
663 671 -4
664 672 -4
677 685 4
678 686 -2
679 687 2
680 688 1
685 693 1
686 694 1
687 695 -1
688 696 -4
693 701 -4
694 702 -1
695 703 -2
696 704 2
701 709 -4
702 710 4
703 711 2
704 712 4
709 717 -1
710 718 1
711 719 -4
712 720 -1
717 725 1
718 726 -4
719 727 -4
720 728 -4
725 733 2
726 734 4
727 735 -1
728 736 2
733 741 -4
734 742 -2
735 743 2
736 744 -1
741 749 -2
742 750 1
743 751 -2
744 752 -1
749 757 1
750 758 4
751 759 4
752 760 -2
757 765 -2
758 766 2
759 767 -4
760 768 -2
773 781 2
774 782 -4
775 783 2
776 784 -2
781 789 -2
782 790 2
783 791 -2
784 792 1
789 797 -4
790 798 -4
791 799 -2
792 800 1
797 805 1
798 806 2
799 807 -1
800 808 1
805 813 -2
806 814 1
807 815 -2
808 816 2
813 821 1
814 822 2
815 823 2
816 824 4
821 829 -1
822 830 2
823 831 -1
824 832 1
829 837 -4
830 838 2
831 839 2
832 840 1
837 845 4
838 846 1
839 847 4
840 848 1
845 853 -4
846 854 2
847 855 -2
848 856 -1
853 861 2
854 862 -1
855 863 -1
856 864 -1
869 877 2
870 878 1
871 879 1
872 880 1
877 885 2
878 886 -4
879 887 -1
880 888 -2
885 893 -2
886 894 -2
887 895 1
888 896 4
893 901 2
894 902 -2
895 903 2
896 904 4
901 909 1
902 910 4
903 911 2
904 912 2
909 917 -1
910 918 1
911 919 1
912 920 2
917 925 4
918 926 1
919 927 1
920 928 -2
925 933 1
926 934 -4
927 935 1
928 936 -1
933 941 -1
934 942 4
935 943 -1
936 944 -2
941 949 4
942 950 1
943 951 -2
944 952 -2
949 957 1
950 958 -2
951 959 -4
952 960 1
965 973 1
966 974 -2
967 975 4
968 976 -2
973 981 1
974 982 -2
975 983 2
976 984 -2
981 989 -1
982 990 -2
983 991 -2
984 992 -1
989 997 -1
990 998 -2
991 999 1
992 1000 -1
997 1005 1
998 1006 -2
999 1007 4
1000 1008 -4
1005 1013 -2
1006 1014 1
1007 1015 -4
1008 1016 4
1013 1021 -4
1014 1022 2
1015 1023 1
1016 1024 4
1021 1029 4
1022 1030 4
1023 1031 4
1024 1032 1
1029 1037 -1
1030 1038 1
1031 1039 2
1032 1040 1
1037 1045 -2
1038 1046 1
1039 1047 1
1040 1048 -4
1045 1053 4
1046 1054 4
1047 1055 4
1048 1056 -1
1061 1069 -4
1062 1070 -2
1063 1071 1
1064 1072 -4
1069 1077 -1
1070 1078 -1
1071 1079 2
1072 1080 1
1077 1085 -2
1078 1086 2
1079 1087 1
1080 1088 -4
1085 1093 -4
1086 1094 1
1087 1095 -1
1088 1096 2
1093 1101 1
1094 1102 -1
1095 1103 -1
1096 1104 -2
1101 1109 4
1102 1110 2
1103 1111 4
1104 1112 4
1109 1117 -2
1110 1118 2
1111 1119 4
1112 1120 -2
1117 1125 -4
1118 1126 2
1119 1127 2
1120 1128 -1
1125 1133 2
1126 1134 2
1127 1135 1
1128 1136 2
1133 1141 4
1134 1142 -4
1135 1143 -1
1136 1144 -2
1141 1149 -2
1142 1150 4
1143 1151 -1
1144 1152 -2
1 97 -2
2 98 1
3 99 -2
4 100 4
97 193 -1
98 194 2
99 195 -2
100 196 4
193 289 -1
194 290 -4
195 291 -1
196 292 -2
289 385 -4
290 386 -2
291 387 -4
292 388 1
385 481 -1
386 482 4
387 483 -2
388 484 4
481 577 2
482 578 2
483 579 1
484 580 1
577 673 -2
578 674 -1
579 675 2
580 676 -2
673 769 -2
674 770 -2
675 771 2
676 772 -1
769 865 1
770 866 -4
771 867 -4
772 868 -2
865 961 -4
866 962 1
867 963 -2
868 964 1
961 1057 -1
962 1058 2
963 1059 4
964 1060 4
9 105 1
10 106 2
11 107 2
12 108 1
105 201 1
106 202 2
107 203 4
108 204 -2
201 297 4
202 298 -1
203 299 -4
204 300 -4
297 393 4
298 394 4
299 395 2
300 396 -2
393 489 1
394 490 -2
395 491 -1
396 492 4
489 585 -2
490 586 -2
491 587 -2
492 588 -1
585 681 -2
586 682 -4
587 683 2
588 684 4
681 777 2
682 778 4
683 779 -1
684 780 4
777 873 2
778 874 -4
779 875 4
780 876 2
873 969 2
874 970 -4
875 971 1
876 972 4
969 1065 4
970 1066 4
971 1067 -2
972 1068 1
17 113 4
18 114 4
19 115 1
20 116 -2
113 209 -4
114 210 4
115 211 1
116 212 2
209 305 -4
210 306 -2
211 307 -4
212 308 1
305 401 -4
306 402 -2
307 403 4
308 404 4
401 497 2
402 498 4
403 499 2
404 500 2
497 593 -2
498 594 -4
499 595 -2
500 596 4
593 689 -4
594 690 2
595 691 -1
596 692 4
689 785 -1
690 786 2
691 787 2
692 788 -4
785 881 1
786 882 -2
787 883 -2
788 884 -2
881 977 -1
882 978 -1
883 979 4
884 980 1
977 1073 -4
978 1074 4
979 1075 2
980 1076 -4
25 121 4
26 122 -2
27 123 1
28 124 4
121 217 -2
122 218 -4
123 219 -4
124 220 -1
217 313 -2
218 314 -1
219 315 -2
220 316 4
313 409 -4
314 410 2
315 411 -1
316 412 -2
409 505 -4
410 506 -2
411 507 4
412 508 4
505 601 -1
506 602 -2
507 603 -1
508 604 2
601 697 -4
602 698 2
603 699 -2
604 700 -4
697 793 4
698 794 1
699 795 4
700 796 2
793 889 2
794 890 1
795 891 -1
796 892 4
889 985 4
890 986 1
891 987 -2
892 988 -2
985 1081 2
986 1082 -2
987 1083 1
988 1084 2
33 129 -4
34 130 2
35 131 4
36 132 1
129 225 2
130 226 -1
131 227 -1
132 228 -2
225 321 4
226 322 -4
227 323 -2
228 324 -1
321 417 -4
322 418 -4
323 419 -4
324 420 -2
417 513 -4
418 514 2
419 515 -1
420 516 -2
513 609 4
514 610 2
515 611 -4
516 612 4
609 705 2
610 706 2
611 707 -4
612 708 -4
705 801 1
706 802 -2
707 803 1
708 804 -2
801 897 1
802 898 -2
803 899 1
804 900 4
897 993 1
898 994 1
899 995 -2
900 996 4
993 1089 4
994 1090 1
995 1091 -1
996 1092 -1
41 137 1
42 138 -4
43 139 4
44 140 -4
137 233 2
138 234 4
139 235 2
140 236 4
233 329 1
234 330 2
235 331 -4
236 332 1
329 425 4
330 426 4
331 427 1
332 428 2
425 521 1
426 522 -4
427 523 2
428 524 4
521 617 1
522 618 2
523 619 -4
524 620 -4
617 713 -2
618 714 -4
619 715 -4
620 716 1
713 809 -4
714 810 -4
715 811 2
716 812 2
809 905 1
810 906 -1
811 907 -1
812 908 -2
905 1001 -2
906 1002 2
907 1003 1
908 1004 -4
1001 1097 4
1002 1098 -2
1003 1099 -1
1004 1100 1
49 145 -2
50 146 4
51 147 2
52 148 -1
145 241 -4
146 242 -1
147 243 1
148 244 -4
241 337 -1
242 338 1
243 339 -4
244 340 -4
337 433 -4
338 434 2
339 435 1
340 436 4
433 529 2
434 530 4
435 531 -2
436 532 2
529 625 4
530 626 -2
531 627 -4
532 628 -4
625 721 2
626 722 2
627 723 -1
628 724 2
721 817 2
722 818 -4
723 819 2
724 820 4
817 913 1
818 914 -4
819 915 -1
820 916 1
913 1009 -1
914 1010 -2
915 1011 4
916 1012 -4
1009 1105 -2
1010 1106 4
1011 1107 1
1012 1108 -2
57 153 4
58 154 -4
59 155 2
60 156 2
153 249 -1
154 250 4
155 251 2
156 252 2
249 345 -2
250 346 -1
251 347 -1
252 348 4
345 441 -1
346 442 2
347 443 4
348 444 2
441 537 -4
442 538 1
443 539 4
444 540 -1
537 633 4
538 634 -2
539 635 1
540 636 -4
633 729 2
634 730 4
635 731 1
636 732 -2
729 825 4
730 826 4
731 827 2
732 828 2
825 921 1
826 922 1
827 923 1
828 924 1
921 1017 2
922 1018 -4
923 1019 2
924 1020 1
1017 1113 1
1018 1114 1
1019 1115 1
1020 1116 1
65 161 -2
66 162 -4
67 163 1
68 164 -4
161 257 2
162 258 2
163 259 1
164 260 -4
257 353 -4
258 354 -4
259 355 -2
260 356 -2
353 449 -2
354 450 1
355 451 1
356 452 2
449 545 1
450 546 -4
451 547 -4
452 548 1
545 641 1
546 642 4
547 643 -4
548 644 2
641 737 -1
642 738 1
643 739 1
644 740 2
737 833 1
738 834 -2
739 835 4
740 836 4
833 929 -1
834 930 1
835 931 2
836 932 -4
929 1025 1
930 1026 4
931 1027 -4
932 1028 2
1025 1121 -2
1026 1122 4
1027 1123 1
1028 1124 -2
73 169 -4
74 170 -2
75 171 -4
76 172 -2
169 265 4
170 266 4
171 267 4
172 268 2
265 361 1
266 362 2
267 363 2
268 364 2
361 457 -2
362 458 -1
363 459 -2
364 460 2
457 553 1
458 554 -1
459 555 -2
460 556 -1
553 649 -4
554 650 4
555 651 -4
556 652 2
649 745 1
650 746 1
651 747 -1
652 748 -4
745 841 2
746 842 -1
747 843 -4
748 844 4
841 937 1
842 938 -1
843 939 4
844 940 4
937 1033 -2
938 1034 -1
939 1035 1
940 1036 -1
1033 1129 1
1034 1130 4
1035 1131 -1
1036 1132 4
81 177 1
82 178 -4
83 179 -2
84 180 4
177 273 -2
178 274 4
179 275 2
180 276 -1
273 369 2
274 370 -4
275 371 -1
276 372 4
369 465 -1
370 466 2
371 467 -1
372 468 -1
465 561 1
466 562 4
467 563 -2
468 564 4
561 657 1
562 658 -2
563 659 2
564 660 1
657 753 2
658 754 -4
659 755 4
660 756 1
753 849 -2
754 850 -4
755 851 -1
756 852 1
849 945 -1
850 946 1
851 947 -1
852 948 -4
945 1041 1
946 1042 -2
947 1043 1
948 1044 -1
1041 1137 4
1042 1138 -1
1043 1139 2
1044 1140 -4
89 185 2
90 186 4
91 187 -4
92 188 4
185 281 4
186 282 4
187 283 -4
188 284 -4
281 377 2
282 378 1
283 379 -2
284 380 2
377 473 -2
378 474 4
379 475 -1
380 476 -2
473 569 1
474 570 -4
475 571 -1
476 572 4
569 665 -2
570 666 4
571 667 -2
572 668 4
665 761 -2
666 762 1
667 763 1
668 764 1
761 857 -2
762 858 -4
763 859 -4
764 860 4
857 953 -4
858 954 -4
859 955 -1
860 956 4
953 1049 4
954 1050 -2
955 1051 1
956 1052 -2
1049 1145 1
1050 1146 4
1051 1147 -1
1052 1148 -1
