#
1 5 -1
1 6 2
1 7 -4
1 8 4
2 5 2
2 6 -1
2 7 -4
2 8 4
3 5 4
3 6 -2
3 7 4
3 8 4
4 5 2
4 6 1
4 7 -2
4 8 4
9 13 -1
9 14 1
9 15 -1
9 16 2
10 13 -2
10 14 2
10 15 -4
10 16 -4
11 13 -4
11 14 -1
11 15 -1
11 16 -2
12 13 2
12 14 -1
12 15 1
12 16 -2
17 21 1
17 22 1
17 23 -2
17 24 4
18 21 -4
18 22 -4
18 23 -2
18 24 -2
19 21 2
19 22 1
19 23 1
19 24 -2
20 21 -2
20 22 1
20 23 2
20 24 2
25 29 1
25 30 -4
25 31 2
25 32 -4
26 29 -2
26 30 2
26 31 2
26 32 -2
27 29 1
27 30 2
27 31 4
27 32 4
28 29 -1
28 30 -4
28 31 2
28 32 2
33 37 -1
33 38 -1
33 39 1
33 40 -4
34 37 -2
34 38 -1
34 39 1
34 40 -4
35 37 -2
35 38 1
35 39 -1
35 40 -1
36 37 1
36 38 4
36 39 4
36 40 -4
41 45 -4
41 46 2
41 47 -2
41 48 1
42 45 -4
42 46 -4
42 47 2
42 48 -2
43 45 4
43 46 -4
43 47 4
43 48 -1
44 45 1
44 46 4
44 47 2
44 48 -4
49 53 -4
49 54 -1
49 55 4
49 56 2
50 53 -2
50 54 -1
50 55 -2
50 56 -1
51 53 2
51 54 1
51 55 1
51 56 -4
52 53 2
52 54 -4
52 55 -1
52 56 2
57 61 1
57 62 -1
57 63 -2
57 64 -2
58 61 -2
58 62 1
58 63 4
58 64 -2
59 61 2
59 62 1
59 63 -1
59 64 2
60 61 1
60 62 -4
60 63 4
60 64 -2
65 69 1
65 70 -1
65 71 4
65 72 -1
66 69 1
66 70 1
66 71 -4
66 72 -2
67 69 4
67 70 4
67 71 1
67 72 4
68 69 2
68 70 -1
68 71 -1
68 72 4
73 77 -1
73 78 2
73 79 -2
73 80 1
74 77 -1
74 78 -4
74 79 4
74 80 4
75 77 4
75 78 2
75 79 1
75 80 -2
76 77 -2
76 78 -2
76 79 -1
76 80 -2
81 85 -4
81 86 -4
81 87 2
81 88 -1
82 85 -4
82 86 4
82 87 -4
82 88 2
83 85 -2
83 86 -2
83 87 2
83 88 4
84 85 2
84 86 -2
84 87 -1
84 88 4
89 93 -2
89 94 -4
89 95 2
89 96 1
90 93 2
90 94 -1
90 95 -2
90 96 4
91 93 -1
91 94 1
91 95 -1
91 96 -2
92 93 4
92 94 -2
92 95 -1
92 96 4
97 101 -1
97 102 -4
97 103 -4
97 104 -4
98 101 -1
98 102 -2
98 103 2
98 104 -2
99 101 -4
99 102 -1
99 103 -4
99 104 -2
100 101 -4
100 102 -4
100 103 4
100 104 4
105 109 1
105 110 -4
105 111 2
105 112 1
106 109 -4
106 110 4
106 111 1
106 112 1
107 109 1
107 110 -2
107 111 2
107 112 -2
108 109 4
108 110 -2
108 111 -2
108 112 4
113 117 -1
113 118 -2
113 119 -2
113 120 -1
114 117 4
114 118 4
114 119 4
114 120 4
115 117 -4
115 118 -2
115 119 -4
115 120 -1
116 117 1
116 118 -1
116 119 4
116 120 -2
121 125 2
121 126 -1
121 127 4
121 128 -2
122 125 4
122 126 -4
122 127 -1
122 128 -4
123 125 -2
123 126 -4
123 127 -4
123 128 -2
124 125 1
124 126 -2
124 127 -2
124 128 -4
129 133 2
129 134 4
129 135 2
129 136 -2
130 133 -1
130 134 4
130 135 -1
130 136 -4
131 133 -1
131 134 2
131 135 -4
131 136 1
132 133 -1
132 134 -2
132 135 -4
132 136 2
137 141 4
137 142 -1
137 143 -4
137 144 1
138 141 4
138 142 4
138 143 -2
138 144 -1
139 141 1
139 142 -2
139 143 -1
139 144 2
140 141 1
140 142 1
140 143 -1
140 144 -4
145 149 1
145 150 1
145 151 -4
145 152 1
146 149 2
146 150 2
146 151 4
146 152 2
147 149 -2
147 150 -1
147 151 -4
147 152 2
148 149 -4
148 150 2
148 151 -2
148 152 1
153 157 -1
153 158 2
153 159 -2
153 160 1
154 157 4
154 158 -4
154 159 2
154 160 -1
155 157 4
155 158 2
155 159 -1
155 160 1
156 157 1
156 158 4
156 159 -2
156 160 2
161 165 4
161 166 4
161 167 4
161 168 1
162 165 2
162 166 1
162 167 2
162 168 -4
163 165 2
163 166 1
163 167 4
163 168 2
164 165 4
164 166 -1
164 167 1
164 168 -2
169 173 4
169 174 4
169 175 -2
169 176 -4
170 173 -4
170 174 -4
170 175 4
170 176 -2
171 173 -4
171 174 -2
171 175 -2
171 176 -4
172 173 -4
172 174 -1
172 175 -2
172 176 -1
177 181 1
177 182 -4
177 183 -1
177 184 -2
178 181 1
178 182 -1
178 183 4
178 184 -2
179 181 -4
179 182 -1
179 183 -4
179 184 4
180 181 4
180 182 2
180 183 1
180 184 -4
185 189 -1
185 190 1
185 191 -1
185 192 4
186 189 -2
186 190 -2
186 191 -4
186 192 -2
187 189 -1
187 190 -4
187 191 -2
187 192 -2
188 189 4
188 190 4
188 191 1
188 192 -2
193 197 4
193 198 -4
193 199 -1
193 200 4
194 197 1
194 198 -1
194 199 4
194 200 -2
195 197 4
195 198 4
195 199 -4
195 200 -1
196 197 2
196 198 4
196 199 2
196 200 1
201 205 1
201 206 -1
201 207 -2
201 208 -1
202 205 2
202 206 -2
202 207 1
202 208 1
203 205 2
203 206 -4
203 207 -1
203 208 1
204 205 4
204 206 -2
204 207 -2
204 208 -2
209 213 4
209 214 -4
209 215 -1
209 216 4
210 213 -2
210 214 2
210 215 2
210 216 1
211 213 1
211 214 2
211 215 -1
211 216 2
212 213 -2
212 214 4
212 215 -1
212 216 2
217 221 2
217 222 -2
217 223 -1
217 224 2
218 221 4
218 222 2
218 223 -4
218 224 2
219 221 2
219 222 -2
219 223 1
219 224 -2
220 221 2
220 222 1
220 223 -4
220 224 -1
225 229 -1
225 230 -2
225 231 4
225 232 1
226 229 1
226 230 2
226 231 -2
226 232 -2
227 229 1
227 230 -4
227 231 -2
227 232 2
228 229 -2
228 230 -1
228 231 2
228 232 -1
233 237 -1
233 238 4
233 239 -4
233 240 -4
234 237 -4
234 238 -2
234 239 1
234 240 1
235 237 4
235 238 -1
235 239 -2
235 240 2
236 237 1
236 238 1
236 239 -2
236 240 2
241 245 4
241 246 4
241 247 -1
241 248 4
242 245 1
242 246 4
242 247 -4
242 248 4
243 245 1
243 246 1
243 247 -1
243 248 2
244 245 1
244 246 4
244 247 1
244 248 4
249 253 -4
249 254 2
249 255 -4
249 256 1
250 253 -2
250 254 1
250 255 1
250 256 -2
251 253 1
251 254 -1
251 255 -2
251 256 4
252 253 4
252 254 -2
252 255 1
252 256 -2
257 261 1
257 262 1
257 263 1
257 264 -2
258 261 1
258 262 -4
258 263 -1
258 264 -2
259 261 2
259 262 1
259 263 -4
259 264 1
260 261 -4
260 262 -4
260 263 -2
260 264 1
265 269 4
265 270 4
265 271 -4
265 272 -1
266 269 4
266 270 -4
266 271 -4
266 272 -2
267 269 2
267 270 -1
267 271 4
267 272 -1
268 269 -4
268 270 2
268 271 -2
268 272 1
273 277 4
273 278 -2
273 279 -2
273 280 -1
274 277 4
274 278 -4
274 279 -4
274 280 -4
275 277 -2
275 278 -1
275 279 -2
275 280 1
276 277 -2
276 278 -1
276 279 1
276 280 2
281 285 4
281 286 -2
281 287 -1
281 288 -2
282 285 -2
282 286 -4
282 287 2
282 288 1
283 285 -1
283 286 2
283 287 1
283 288 -2
284 285 -4
284 286 -4
284 287 -4
284 288 -2
289 293 -2
289 294 1
289 295 4
289 296 4
290 293 -2
290 294 -4
290 295 -2
290 296 -2
291 293 4
291 294 2
291 295 -2
291 296 -2
292 293 -4
292 294 1
292 295 -1
292 296 -1
297 301 -1
297 302 2
297 303 4
297 304 1
298 301 -4
298 302 -4
298 303 4
298 304 2
299 301 -4
299 302 -2
299 303 1
299 304 1
300 301 -2
300 302 1
300 303 1
300 304 -1
305 309 -4
305 310 -2
305 311 4
305 312 -1
306 309 2
306 310 -4
306 311 4
306 312 -1
307 309 1
307 310 -2
307 311 2
307 312 -1
308 309 -2
308 310 -4
308 311 -1
308 312 -1
313 317 -4
313 318 -1
313 319 2
313 320 -1
314 317 -4
314 318 -1
314 319 -4
314 320 -4
315 317 1
315 318 -1
315 319 4
315 320 2
316 317 1
316 318 2
316 319 -2
316 320 -2
321 325 -2
321 326 4
321 327 -1
321 328 -1
322 325 1
322 326 4
322 327 -2
322 328 2
323 325 -1
323 326 1
323 327 -4
323 328 1
324 325 -4
324 326 4
324 327 1
324 328 1
329 333 4
329 334 2
329 335 -4
329 336 -1
330 333 -2
330 334 4
330 335 -4
330 336 1
331 333 -2
331 334 -2
331 335 -4
331 336 -4
332 333 -1
332 334 4
332 335 1
332 336 1
337 341 -2
337 342 4
337 343 2
337 344 -2
338 341 2
338 342 4
338 343 4
338 344 4
339 341 1
339 342 4
339 343 2
339 344 1
340 341 1
340 342 2
340 343 1
340 344 2
345 349 4
345 350 -4
345 351 1
345 352 1
346 349 4
346 350 -1
346 351 -4
346 352 2
347 349 4
347 350 -4
347 351 -4
347 352 2
348 349 -1
348 350 -2
348 351 4
348 352 -4
353 357 -4
353 358 4
353 359 2
353 360 -2
354 357 -4
354 358 -2
354 359 1
354 360 -4
355 357 2
355 358 -4
355 359 -2
355 360 4
356 357 2
356 358 4
356 359 -2
356 360 -1
361 365 4
361 366 2
361 367 1
361 368 4
362 365 4
362 366 4
362 367 2
362 368 -2
363 365 -4
363 366 -4
363 367 -2
363 368 -2
364 365 -1
364 366 -1
364 367 -1
364 368 -4
369 373 -2
369 374 1
369 375 1
369 376 4
370 373 1
370 374 2
370 375 2
370 376 -1
371 373 4
371 374 4
371 375 -4
371 376 1
372 373 -1
372 374 -4
372 375 -2
372 376 2
377 381 1
377 382 -4
377 383 4
377 384 1
378 381 1
378 382 -1
378 383 1
378 384 -1
379 381 -2
379 382 4
379 383 -4
379 384 -1
380 381 2
380 382 -1
380 383 2
380 384 -1
385 389 -1
385 390 2
385 391 4
385 392 -2
386 389 2
386 390 -2
386 391 2
386 392 -2
387 389 -2
387 390 -2
387 391 -4
387 392 4
388 389 -1
388 390 4
388 391 4
388 392 -4
393 397 2
393 398 -4
393 399 4
393 400 -4
394 397 -4
394 398 1
394 399 2
394 400 -1
395 397 -1
395 398 4
395 399 2
395 400 -1
396 397 -1
396 398 -4
396 399 4
396 400 4
401 405 4
401 406 -4
401 407 -4
401 408 1
402 405 2
402 406 -4
402 407 2
402 408 -4
403 405 -4
403 406 4
403 407 -4
403 408 -1
404 405 -1
404 406 1
404 407 -4
404 408 4
409 413 -2
409 414 -2
409 415 4
409 416 4
410 413 1
410 414 1
410 415 -4
410 416 -2
411 413 4
411 414 -4
411 415 -1
411 416 2
412 413 1
412 414 -2
412 415 1
412 416 -1
417 421 2
417 422 2
417 423 4
417 424 1
418 421 2
418 422 4
418 423 -4
418 424 -2
419 421 -4
419 422 4
419 423 -4
419 424 -1
420 421 -1
420 422 1
420 423 -4
420 424 2
425 429 -2
425 430 2
425 431 -2
425 432 1
426 429 -1
426 430 -4
426 431 -2
426 432 -2
427 429 2
427 430 4
427 431 -1
427 432 2
428 429 -1
428 430 -4
428 431 -2
428 432 -1
433 437 1
433 438 1
433 439 4
433 440 -2
434 437 4
434 438 2
434 439 -1
434 440 -4
435 437 -4
435 438 4
435 439 -2
435 440 2
436 437 1
436 438 2
436 439 1
436 440 1
441 445 1
441 446 4
441 447 -2
441 448 4
442 445 -1
442 446 2
442 447 -1
442 448 2
443 445 -4
443 446 -1
443 447 -1
443 448 -1
444 445 1
444 446 -1
444 447 -2
444 448 2
449 453 1
449 454 4
449 455 -1
449 456 -2
450 453 4
450 454 2
450 455 1
450 456 2
451 453 -2
451 454 1
451 455 4
451 456 -4
452 453 -2
452 454 2
452 455 -4
452 456 4
457 461 -1
457 462 4
457 463 -1
457 464 4
458 461 -1
458 462 -2
458 463 -1
458 464 2
459 461 2
459 462 4
459 463 2
459 464 -1
460 461 -2
460 462 -1
460 463 -2
460 464 -4
465 469 -4
465 470 -4
465 471 4
465 472 -4
466 469 -4
466 470 -2
466 471 -2
466 472 2
467 469 4
467 470 4
467 471 -2
467 472 -2
468 469 -2
468 470 1
468 471 1
468 472 -2
473 477 4
473 478 1
473 479 2
473 480 -1
474 477 -2
474 478 1
474 479 1
474 480 1
475 477 2
475 478 -1
475 479 -2
475 480 -1
476 477 -1
476 478 2
476 479 1
476 480 -4
481 485 4
481 486 2
481 487 4
481 488 -2
482 485 1
482 486 -4
482 487 -4
482 488 -4
483 485 -4
483 486 -1
483 487 -4
483 488 2
484 485 4
484 486 -2
484 487 1
484 488 -4
489 493 2
489 494 2
489 495 -1
489 496 -2
490 493 4
490 494 4
490 495 1
490 496 -2
491 493 2
491 494 2
491 495 4
491 496 -2
492 493 -1
492 494 1
492 495 4
492 496 -1
497 501 -2
497 502 2
497 503 2
497 504 -1
498 501 -4
498 502 -1
498 503 -1
498 504 1
499 501 -2
499 502 -2
499 503 -4
499 504 -1
500 501 1
500 502 -1
500 503 -1
500 504 1
505 509 -2
505 510 2
505 511 -2
505 512 4
506 509 -1
506 510 1
506 511 4
506 512 1
507 509 2
507 510 1
507 511 2
507 512 2
508 509 1
508 510 2
508 511 -4
508 512 4
513 517 1
513 518 -2
513 519 4
513 520 -4
514 517 -1
514 518 4
514 519 2
514 520 -1
515 517 2
515 518 -2
515 519 1
515 520 4
516 517 1
516 518 -2
516 519 4
516 520 -2
521 525 1
521 526 -4
521 527 -1
521 528 -1
522 525 -1
522 526 -2
522 527 4
522 528 1
523 525 -4
523 526 -1
523 527 4
523 528 2
524 525 -2
524 526 -1
524 527 1
524 528 1
529 533 -4
529 534 -2
529 535 1
529 536 -2
530 533 1
530 534 4
530 535 -4
530 536 -1
531 533 1
531 534 -1
531 535 -4
531 536 2
532 533 -2
532 534 -2
532 535 -2
532 536 2
537 541 2
537 542 4
537 543 -4
537 544 1
538 541 1
538 542 1
538 543 4
538 544 1
539 541 -2
539 542 4
539 543 -1
539 544 1
540 541 -2
540 542 2
540 543 1
540 544 -1
545 549 2
545 550 4
545 551 -4
545 552 -4
546 549 -2
546 550 4
546 551 -2
546 552 -1
547 549 -1
547 550 4
547 551 4
547 552 -1
548 549 -4
548 550 -2
548 551 -4
548 552 -1
553 557 -4
553 558 -2
553 559 2
553 560 2
554 557 4
554 558 -1
554 559 -2
554 560 1
555 557 -4
555 558 -4
555 559 -4
555 560 -2
556 557 -2
556 558 -4
556 559 1
556 560 2
561 565 -4
561 566 1
561 567 4
561 568 -4
562 565 -1
562 566 -2
562 567 2
562 568 -4
563 565 1
563 566 2
563 567 -1
563 568 -4
564 565 -2
564 566 -2
564 567 -1
564 568 -1
569 573 -4
569 574 2
569 575 4
569 576 4
570 573 1
570 574 1
570 575 -4
570 576 2
571 573 4
571 574 2
571 575 1
571 576 -1
572 573 1
572 574 1
572 575 -4
572 576 -1
577 581 -1
577 582 -2
577 583 1
577 584 4
578 581 4
578 582 1
578 583 1
578 584 -1
579 581 -1
579 582 -1
579 583 1
579 584 4
580 581 -1
580 582 4
580 583 1
580 584 4
585 589 4
585 590 -2
585 591 4
585 592 1
586 589 4
586 590 -2
586 591 -4
586 592 -1
587 589 -4
587 590 1
587 591 -2
587 592 2
588 589 4
588 590 1
588 591 -4
588 592 4
593 597 -1
593 598 -4
593 599 4
593 600 4
594 597 2
594 598 -1
594 599 -4
594 600 2
595 597 -2
595 598 -1
595 599 2
595 600 -4
596 597 2
596 598 4
596 599 1
596 600 -1
601 605 -4
601 606 -2
601 607 2
601 608 -1
602 605 2
602 606 1
602 607 -4
602 608 -4
603 605 1
603 606 4
603 607 -1
603 608 -4
604 605 4
604 606 2
604 607 -1
604 608 -4
609 613 -4
609 614 4
609 615 -2
609 616 -1
610 613 4
610 614 4
610 615 1
610 616 4
611 613 -2
611 614 1
611 615 -4
611 616 -2
612 613 -1
612 614 1
612 615 4
612 616 4
617 621 2
617 622 1
617 623 -1
617 624 2
618 621 4
618 622 -2
618 623 -1
618 624 -4
619 621 -2
619 622 -4
619 623 -4
619 624 -2
620 621 4
620 622 -2
620 623 2
620 624 1
625 629 1
625 630 4
625 631 -4
625 632 2
626 629 1
626 630 2
626 631 2
626 632 2
627 629 -1
627 630 1
627 631 -1
627 632 -2
628 629 1
628 630 -2
628 631 -2
628 632 -2
633 637 -1
633 638 -1
633 639 1
633 640 -1
634 637 2
634 638 2
634 639 1
634 640 2
635 637 1
635 638 2
635 639 1
635 640 2
636 637 -1
636 638 4
636 639 4
636 640 -4
641 645 -1
641 646 -4
641 647 2
641 648 2
642 645 -2
642 646 -4
642 647 2
642 648 2
643 645 1
643 646 -2
643 647 -1
643 648 1
644 645 1
644 646 4
644 647 -1
644 648 1
649 653 -2
649 654 2
649 655 -1
649 656 1
650 653 -2
650 654 4
650 655 4
650 656 4
651 653 2
651 654 -4
651 655 -1
651 656 1
652 653 2
652 654 -2
652 655 -2
652 656 1
657 661 4
657 662 -2
657 663 1
657 664 4
658 661 -4
658 662 -4
658 663 -2
658 664 2
659 661 -1
659 662 2
659 663 2
659 664 -2
660 661 4
660 662 4
660 663 -1
660 664 -2
665 669 -1
665 670 -2
665 671 1
665 672 1
666 669 4
666 670 4
666 671 -2
666 672 -1
667 669 -4
667 670 -2
667 671 -2
667 672 -1
668 669 -4
668 670 4
668 671 -2
668 672 -4
673 677 2
673 678 2
673 679 -1
673 680 -1
674 677 2
674 678 -2
674 679 -4
674 680 -1
675 677 4
675 678 -2
675 679 -4
675 680 4
676 677 -1
676 678 -2
676 679 1
676 680 -1
681 685 -4
681 686 2
681 687 -4
681 688 -4
682 685 1
682 686 -1
682 687 -4
682 688 4
683 685 2
683 686 -4
683 687 -4
683 688 -1
684 685 1
684 686 2
684 687 -4
684 688 4
689 693 1
689 694 -4
689 695 -1
689 696 1
690 693 4
690 694 4
690 695 2
690 696 -2
691 693 -4
691 694 2
691 695 -2
691 696 2
692 693 1
692 694 -1
692 695 -4
692 696 -2
697 701 2
697 702 -4
697 703 -2
697 704 -4
698 701 -4
698 702 -2
698 703 -4
698 704 2
699 701 4
699 702 4
699 703 -4
699 704 2
700 701 -4
700 702 1
700 703 1
700 704 -2
705 709 -1
705 710 1
705 711 -4
705 712 2
706 709 -2
706 710 -2
706 711 -2
706 712 1
707 709 -4
707 710 4
707 711 -1
707 712 -2
708 709 2
708 710 1
708 711 4
708 712 4
713 717 -1
713 718 4
713 719 1
713 720 4
714 717 1
714 718 -4
714 719 1
714 720 4
715 717 4
715 718 2
715 719 2
715 720 -1
716 717 4
716 718 4
716 719 1
716 720 4
721 725 -4
721 726 1
721 727 2
721 728 1
722 725 -1
722 726 -4
722 727 -1
722 728 -2
723 725 1
723 726 -4
723 727 -4
723 728 4
724 725 2
724 726 2
724 727 2
724 728 -1
729 733 4
729 734 -2
729 735 -4
729 736 2
730 733 -4
730 734 2
730 735 -2
730 736 -2
731 733 4
731 734 1
731 735 1
731 736 4
732 733 -2
732 734 2
732 735 1
732 736 -1
737 741 4
737 742 -4
737 743 -4
737 744 -2
738 741 4
738 742 -4
738 743 2
738 744 4
739 741 2
739 742 -2
739 743 1
739 744 2
740 741 1
740 742 4
740 743 -1
740 744 -2
745 749 2
745 750 -1
745 751 1
745 752 -1
746 749 4
746 750 1
746 751 1
746 752 4
747 749 -2
747 750 2
747 751 4
747 752 -2
748 749 -4
748 750 1
748 751 2
748 752 4
753 757 -1
753 758 2
753 759 4
753 760 2
754 757 -2
754 758 -2
754 759 2
754 760 -4
755 757 -1
755 758 1
755 759 -2
755 760 1
756 757 -4
756 758 2
756 759 -4
756 760 -1
761 765 -2
761 766 1
761 767 4
761 768 4
762 765 4
762 766 1
762 767 4
762 768 2
763 765 -4
763 766 -4
763 767 -2
763 768 -4
764 765 4
764 766 -4
764 767 -1
764 768 2
769 773 2
769 774 4
769 775 -1
769 776 1
770 773 2
770 774 -4
770 775 -4
770 776 -4
771 773 -2
771 774 -4
771 775 4
771 776 1
772 773 4
772 774 2
772 775 1
772 776 -2
777 781 1
777 782 -2
777 783 -4
777 784 4
778 781 -2
778 782 4
778 783 -2
778 784 -4
779 781 4
779 782 -2
779 783 2
779 784 -4
780 781 4
780 782 2
780 783 4
780 784 -4
785 789 4
785 790 4
785 791 -2
785 792 4
786 789 2
786 790 1
786 791 -4
786 792 -1
787 789 -1
787 790 -1
787 791 4
787 792 -4
788 789 4
788 790 2
788 791 1
788 792 4
793 797 -4
793 798 -1
793 799 -2
793 800 -4
794 797 4
794 798 2
794 799 -4
794 800 -1
795 797 2
795 798 2
795 799 -2
795 800 1
796 797 4
796 798 4
796 799 -2
796 800 1
801 805 1
801 806 -1
801 807 4
801 808 1
802 805 -2
802 806 2
802 807 -2
802 808 -2
803 805 -2
803 806 -4
803 807 -2
803 808 -4
804 805 -2
804 806 -2
804 807 2
804 808 2
809 813 -4
809 814 -2
809 815 2
809 816 4
810 813 -4
810 814 1
810 815 -1
810 816 1
811 813 -4
811 814 2
811 815 -2
811 816 4
812 813 4
812 814 -4
812 815 -1
812 816 -1
817 821 4
817 822 1
817 823 2
817 824 -1
818 821 4
818 822 -1
818 823 -4
818 824 2
819 821 2
819 822 1
819 823 1
819 824 1
820 821 -1
820 822 -1
820 823 4
820 824 4
825 829 1
825 830 -4
825 831 1
825 832 -4
826 829 2
826 830 -4
826 831 -4
826 832 -4
827 829 -4
827 830 1
827 831 -4
827 832 1
828 829 4
828 830 -4
828 831 1
828 832 4
833 837 4
833 838 1
833 839 -4
833 840 -4
834 837 -4
834 838 4
834 839 -4
834 840 4
835 837 -2
835 838 4
835 839 1
835 840 2
836 837 -4
836 838 -2
836 839 -1
836 840 4
841 845 4
841 846 -1
841 847 2
841 848 4
842 845 4
842 846 -4
842 847 -1
842 848 -1
843 845 -1
843 846 -2
843 847 -2
843 848 -4
844 845 2
844 846 2
844 847 4
844 848 -2
849 853 2
849 854 -1
849 855 -1
849 856 1
850 853 -2
850 854 -1
850 855 -2
850 856 -2
851 853 1
851 854 -2
851 855 -1
851 856 2
852 853 1
852 854 -2
852 855 -4
852 856 -4
857 861 2
857 862 2
857 863 -2
857 864 -1
858 861 -2
858 862 -1
858 863 -4
858 864 -4
859 861 1
859 862 -1
859 863 -1
859 864 -4
860 861 -2
860 862 4
860 863 2
860 864 1
865 869 -2
865 870 -2
865 871 -2
865 872 2
866 869 -2
866 870 -2
866 871 1
866 872 2
867 869 -4
867 870 1
867 871 -4
867 872 4
868 869 4
868 870 -2
868 871 -4
868 872 1
873 877 -1
873 878 4
873 879 1
873 880 4
874 877 -4
874 878 1
874 879 -1
874 880 1
875 877 4
875 878 -1
875 879 4
875 880 2
876 877 -2
876 878 4
876 879 4
876 880 4
881 885 1
881 886 4
881 887 -1
881 888 2
882 885 4
882 886 1
882 887 1
882 888 -2
883 885 -4
883 886 1
883 887 1
883 888 2
884 885 -2
884 886 -4
884 887 -1
884 888 1
889 893 -1
889 894 1
889 895 -2
889 896 -4
890 893 -2
890 894 2
890 895 1
890 896 -2
891 893 -2
891 894 1
891 895 4
891 896 4
892 893 1
892 894 -1
892 895 2
892 896 4
897 901 4
897 902 2
897 903 -4
897 904 -1
898 901 2
898 902 -4
898 903 2
898 904 -4
899 901 -2
899 902 2
899 903 -1
899 904 -4
900 901 1
900 902 -2
900 903 -1
900 904 4
905 909 -4
905 910 2
905 911 -4
905 912 1
906 909 -4
906 910 -4
906 911 4
906 912 2
907 909 2
907 910 1
907 911 -2
907 912 -1
908 909 -2
908 910 1
908 911 4
908 912 -1
913 917 -4
913 918 2
913 919 2
913 920 -4
914 917 4
914 918 -2
914 919 1
914 920 4
915 917 1
915 918 -1
915 919 -4
915 920 -4
916 917 2
916 918 -4
916 919 1
916 920 -4
921 925 -1
921 926 -1
921 927 -2
921 928 -4
922 925 -1
922 926 2
922 927 -4
922 928 2
923 925 -1
923 926 4
923 927 -4
923 928 -2
924 925 -4
924 926 2
924 927 1
924 928 4
929 933 4
929 934 2
929 935 -4
929 936 1
930 933 1
930 934 -2
930 935 1
930 936 4
931 933 -2
931 934 -1
931 935 -1
931 936 4
932 933 4
932 934 1
932 935 -1
932 936 -2
937 941 -2
937 942 2
937 943 2
937 944 1
938 941 -1
938 942 -4
938 943 1
938 944 -4
939 941 -4
939 942 -2
939 943 2
939 944 -1
940 941 -2
940 942 4
940 943 -1
940 944 -2
945 949 -1
945 950 4
945 951 2
945 952 -4
946 949 1
946 950 4
946 951 -4
946 952 -4
947 949 1
947 950 4
947 951 4
947 952 -2
948 949 1
948 950 1
948 951 2
948 952 1
953 957 -4
953 958 -4
953 959 1
953 960 1
954 957 4
954 958 2
954 959 1
954 960 1
955 957 4
955 958 -2
955 959 -2
955 960 1
956 957 -2
956 958 -1
956 959 -4
956 960 -2
961 965 -2
961 966 2
961 967 2
961 968 -4
962 965 4
962 966 -1
962 967 1
962 968 -2
963 965 -4
963 966 -1
963 967 4
963 968 4
964 965 2
964 966 -4
964 967 -2
964 968 -2
969 973 2
969 974 4
969 975 2
969 976 2
970 973 -4
970 974 2
970 975 -4
970 976 -4
971 973 2
971 974 -2
971 975 1
971 976 -2
972 973 -1
972 974 2
972 975 1
972 976 2
977 981 2
977 982 -1
977 983 1
977 984 4
978 981 1
978 982 -2
978 983 2
978 984 1
979 981 2
979 982 4
979 983 2
979 984 -4
980 981 2
980 982 1
980 983 2
980 984 -1
985 989 4
985 990 2
985 991 -4
985 992 -1
986 989 1
986 990 -2
986 991 2
986 992 -1
987 989 4
987 990 -1
987 991 -4
987 992 -2
988 989 -4
988 990 1
988 991 4
988 992 -4
993 997 -2
993 998 -4
993 999 -2
993 1000 1
994 997 -2
994 998 1
994 999 1
994 1000 -4
995 997 -4
995 998 -4
995 999 4
995 1000 4
996 997 2
996 998 1
996 999 -4
996 1000 4
1001 1005 -4
1001 1006 2
1001 1007 -2
1001 1008 1
1002 1005 4
1002 1006 2
1002 1007 2
1002 1008 -1
1003 1005 2
1003 1006 4
1003 1007 -1
1003 1008 2
1004 1005 -1
1004 1006 1
1004 1007 -4
1004 1008 -4
1009 1013 -1
1009 1014 -1
1009 1015 1
1009 1016 4
1010 1013 -4
1010 1014 -4
1010 1015 -1
1010 1016 -2
1011 1013 4
1011 1014 -2
1011 1015 4
1011 1016 2
1012 1013 1
1012 1014 -4
1012 1015 -2
1012 1016 1
1017 1021 4
1017 1022 -2
1017 1023 4
1017 1024 -2
1018 1021 1
1018 1022 -4
1018 1023 -1
1018 1024 2
1019 1021 4
1019 1022 1
1019 1023 1
1019 1024 2
1020 1021 -2
1020 1022 1
1020 1023 2
1020 1024 2
1025 1029 -4
1025 1030 4
1025 1031 -4
1025 1032 -1
1026 1029 2
1026 1030 4
1026 1031 -1
1026 1032 4
1027 1029 1
1027 1030 4
1027 1031 4
1027 1032 2
1028 1029 4
1028 1030 -4
1028 1031 -1
1028 1032 -2
1033 1037 -2
1033 1038 -1
1033 1039 2
1033 1040 1
1034 1037 -1
1034 1038 -1
1034 1039 -2
1034 1040 2
1035 1037 -4
1035 1038 2
1035 1039 -2
1035 1040 2
1036 1037 -2
1036 1038 -2
1036 1039 4
1036 1040 1
1041 1045 1
1041 1046 2
1041 1047 -1
1041 1048 -1
1042 1045 -2
1042 1046 -1
1042 1047 1
1042 1048 4
1043 1045 4
1043 1046 -1
1043 1047 -2
1043 1048 -2
1044 1045 2
1044 1046 -4
1044 1047 -4
1044 1048 -1
1049 1053 -4
1049 1054 -4
1049 1055 1
1049 1056 4
1050 1053 2
1050 1054 1
1050 1055 1
1050 1056 -4
1051 1053 -2
1051 1054 1
1051 1055 -2
1051 1056 1
1052 1053 -2
1052 1054 1
1052 1055 -4
1052 1056 -4
1057 1061 4
1057 1062 -4
1057 1063 2
1057 1064 2
1058 1061 1
1058 1062 4
1058 1063 2
1058 1064 1
1059 1061 -1
1059 1062 -2
1059 1063 1
1059 1064 2
1060 1061 -4
1060 1062 4
1060 1063 2
1060 1064 1
1065 1069 1
1065 1070 -2
1065 1071 -4
1065 1072 -1
1066 1069 -4
1066 1070 1
1066 1071 2
1066 1072 2
1067 1069 1
1067 1070 -1
1067 1071 -1
1067 1072 4
1068 1069 4
1068 1070 -4
1068 1071 -1
1068 1072 -4
1073 1077 -2
1073 1078 2
1073 1079 -2
1073 1080 4
1074 1077 4
1074 1078 4
1074 1079 1
1074 1080 -1
1075 1077 1
1075 1078 2
1075 1079 1
1075 1080 1
1076 1077 -1
1076 1078 2
1076 1079 4
1076 1080 -1
1081 1085 -4
1081 1086 -4
1081 1087 4
1081 1088 -2
1082 1085 2
1082 1086 4
1082 1087 2
1082 1088 -4
1083 1085 4
1083 1086 1
1083 1087 4
1083 1088 4
1084 1085 -1
1084 1086 2
1084 1087 2
1084 1088 2
1089 1093 4
1089 1094 -2
1089 1095 4
1089 1096 -1
1090 1093 -1
1090 1094 -2
1090 1095 4
1090 1096 -2
1091 1093 1
1091 1094 1
1091 1095 -4
1091 1096 1
1092 1093 -2
1092 1094 -1
1092 1095 4
1092 1096 2
1097 1101 2
1097 1102 1
1097 1103 -4
1097 1104 4
1098 1101 2
1098 1102 -2
1098 1103 -2
1098 1104 -2
1099 1101 2
1099 1102 4
1099 1103 -2
1099 1104 1
1100 1101 4
1100 1102 1
1100 1103 -2
1100 1104 -1
1105 1109 -1
1105 1110 -1
1105 1111 -1
1105 1112 1
1106 1109 -1
1106 1110 -4
1106 1111 1
1106 1112 -4
1107 1109 4
1107 1110 2
1107 1111 1
1107 1112 -2
1108 1109 4
1108 1110 4
1108 1111 -1
1108 1112 1
1113 1117 1
1113 1118 1
1113 1119 -4
1113 1120 -4
1114 1117 2
1114 1118 -2
1114 1119 4
1114 1120 4
1115 1117 -2
1115 1118 -1
1115 1119 2
1115 1120 -4
1116 1117 -1
1116 1118 2
1116 1119 -1
1116 1120 -4
1121 1125 4
1121 1126 2
1121 1127 -2
1121 1128 1
1122 1125 2
1122 1126 -2
1122 1127 -2
1122 1128 -2
1123 1125 -2
1123 1126 1
1123 1127 -1
1123 1128 -1
1124 1125 4
1124 1126 -1
1124 1127 2
1124 1128 -4
1129 1133 -2
1129 1134 -1
1129 1135 -4
1129 1136 1
1130 1133 -2
1130 1134 -4
1130 1135 -2
1130 1136 2
1131 1133 -2
1131 1134 -2
1131 1135 2
1131 1136 -4
1132 1133 -1
1132 1134 -4
1132 1135 4
1132 1136 -4
1137 1141 4
1137 1142 -4
1137 1143 4
1137 1144 -4
1138 1141 1
1138 1142 -1
1138 1143 4
1138 1144 1
1139 1141 -4
1139 1142 2
1139 1143 1
1139 1144 -1
1140 1141 -1
1140 1142 -1
1140 1143 -1
1140 1144 4
1145 1149 -1
1145 1150 2
1145 1151 -1
1145 1152 4
1146 1149 -2
1146 1150 4
1146 1151 4
1146 1152 -2
1147 1149 -1
1147 1150 1
1147 1151 4
1147 1152 -2
1148 1149 -1
1148 1150 2
1148 1151 2
1148 1152 4
5 13 1
6 14 4
7 15 -1
8 16 -2
13 21 2
14 22 4
15 23 2
16 24 4
21 29 2
22 30 2
23 31 -1
24 32 -1
29 37 -4
30 38 -2
31 39 -1
32 40 -2
37 45 4
38 46 2
39 47 -4
40 48 2
45 53 -1
46 54 -4
47 55 2
48 56 -2
53 61 -4
54 62 -4
55 63 1
56 64 1
61 69 2
62 70 -2
63 71 1
64 72 -4
69 77 -1
70 78 -4
71 79 1
72 80 4
77 85 -2
78 86 -2
79 87 4
80 88 -1
85 93 2
86 94 -2
87 95 -2
88 96 -4
101 109 4
102 110 -1
103 111 -1
104 112 -1
109 117 -2
110 118 -4
111 119 -4
112 120 2
117 125 -2
118 126 -4
119 127 2
120 128 1
125 133 4
126 134 4
127 135 -4
128 136 2
133 141 -1
134 142 4
135 143 2
136 144 4
141 149 -4
142 150 1
143 151 -1
144 152 4
149 157 -2
150 158 4
151 159 -2
152 160 -2
157 165 -4
158 166 1
159 167 2
160 168 -4
165 173 4
166 174 1
167 175 -1
168 176 -4
173 181 -2
174 182 -1
175 183 1
176 184 1
181 189 -2
182 190 -1
183 191 -2
184 192 -2
197 205 4
198 206 -4
199 207 -2
200 208 -4
205 213 -4
206 214 -4
207 215 2
208 216 2
213 221 2
214 222 4
215 223 1
216 224 4
221 229 -4
222 230 1
223 231 -1
224 232 -4
229 237 1
230 238 1
231 239 2
232 240 -2
237 245 1
238 246 -2
239 247 -1
240 248 -4
245 253 2
246 254 -4
247 255 2
248 256 1
253 261 -4
254 262 1
255 263 2
256 264 -1
261 269 -4
262 270 -1
263 271 -4
264 272 -4
269 277 1
270 278 -1
271 279 -2
272 280 1
277 285 2
278 286 1
279 287 4
280 288 1
293 301 4
294 302 -4
295 303 -4
296 304 -1
301 309 -4
302 310 2
303 311 -2
304 312 -4
309 317 4
310 318 4
311 319 4
312 320 -1
317 325 -2
318 326 -1
319 327 -2
320 328 -4
325 333 4
326 334 -4
327 335 4
328 336 -2
333 341 2
334 342 -1
335 343 1
336 344 2
341 349 -2
342 350 1
343 351 4
344 352 -2
349 357 -1
350 358 4
351 359 -1
352 360 -2
357 365 -2
358 366 1
359 367 -2
360 368 2
365 373 4
366 374 1
367 375 2
368 376 -1
373 381 4
374 382 1
375 383 -4
376 384 -4
389 397 -1
390 398 -4
391 399 -4
392 400 -4
397 405 -4
398 406 -2
399 407 -1
400 408 -2
405 413 -4
406 414 -4
407 415 2
408 416 2
413 421 1
414 422 2
415 423 4
416 424 -4
421 429 4
422 430 -2
423 431 1
424 432 -2
429 437 1
430 438 -1
431 439 4
432 440 -1
437 445 -2
438 446 4
439 447 -4
440 448 1
445 453 -2
446 454 -1
447 455 -4
448 456 -4
453 461 -2
454 462 2
455 463 -1
456 464 -4
461 469 2
462 470 2
463 471 -1
464 472 -4
469 477 -1
470 478 -4
471 479 -2
472 480 1
485 493 1
486 494 -1
487 495 -1
488 496 -2
493 501 -1
494 502 -2
495 503 2
496 504 -1
501 509 2
502 510 -1
503 511 2
504 512 4
509 517 2
510 518 -2
511 519 -1
512 520 -4
517 525 2
518 526 -4
519 527 -2
520 528 -1
525 533 -2
526 534 -2
527 535 4
528 536 -2
533 541 -2
534 542 -1
535 543 -1
536 544 -2
541 549 2
542 550 2
543 551 -2
544 552 -1
549 557 -1
550 558 2
551 559 -1
552 560 -2
557 565 4
558 566 2
559 567 2
560 568 2
565 573 -2
566 574 1
567 575 2
568 576 2
581 589 -4
582 590 2
583 591 -1
584 592 2
589 597 4
590 598 1
591 599 4
592 600 4
597 605 -1
598 606 1
599 607 -1
600 608 4
605 613 1
606 614 -2
607 615 1
608 616 2
613 621 2
614 622 -4
615 623 4
616 624 4
621 629 4
622 630 1
623 631 -4
624 632 1
629 637 -2
630 638 -2
631 639 1
632 640 4
637 645 2
638 646 -2
639 647 1
640 648 1
645 653 -2
646 654 -1
647 655 1
648 656 1
653 661 -1
654 662 2
655 663 -1
656 664 -4
661 669 1
662 670 -1
663 671 2
664 672 4
677 685 4
678 686 -1
679 687 -2
680 688 1
685 693 -2
686 694 4
687 695 -1
688 696 1
693 701 4
694 702 4
695 703 -4
696 704 -4
701 709 -1
702 710 -1
703 711 2
704 712 -2
709 717 -4
710 718 -2
711 719 -1
712 720 1
717 725 -2
718 726 -1
719 727 -2
720 728 -2
725 733 -1
726 734 1
727 735 -2
728 736 -1
733 741 2
734 742 2
735 743 -4
736 744 4
741 749 -4
742 750 -4
743 751 -4
744 752 4
749 757 2
750 758 -2
751 759 -4
752 760 -2
757 765 1
758 766 -1
759 767 -1
760 768 -4
773 781 -4
774 782 1
775 783 1
776 784 -1
781 789 1
782 790 -2
783 791 -2
784 792 4
789 797 -4
790 798 4
791 799 -2
792 800 1
797 805 1
798 806 1
799 807 -4
800 808 -1
805 813 -4
806 814 -4
807 815 -4
808 816 -1
813 821 -1
814 822 -2
815 823 -2
816 824 -1
821 829 4
822 830 -1
823 831 1
824 832 -2
829 837 4
830 838 -4
831 839 1
832 840 -4
837 845 -1
838 846 2
839 847 1
840 848 1
845 853 -1
846 854 4
847 855 2
848 856 -2
853 861 2
854 862 4
855 863 -2
856 864 2
869 877 -1
870 878 -2
871 879 1
872 880 2
877 885 -4
878 886 4
879 887 -4
880 888 -1
885 893 -4
886 894 2
887 895 -2
888 896 -1
893 901 4
894 902 2
895 903 1
896 904 2
901 909 -4
902 910 4
903 911 -4
904 912 1
909 917 4
910 918 -4
911 919 -4
912 920 -2
917 925 1
918 926 4
919 927 4
920 928 2
925 933 4
926 934 4
927 935 2
928 936 -1
933 941 -2
934 942 -4
935 943 2
936 944 1
941 949 2
942 950 -1
943 951 -2
944 952 4
949 957 1
950 958 1
951 959 1
952 960 2
965 973 1
966 974 -1
967 975 -2
968 976 1
973 981 4
974 982 -1
975 983 -2
976 984 2
981 989 1
982 990 -4
983 991 2
984 992 -2
989 997 -2
990 998 -2
991 999 4
992 1000 -2
997 1005 2
998 1006 -1
999 1007 2
1000 1008 -4
1005 1013 4
1006 1014 2
1007 1015 1
1008 1016 -1
1013 1021 1
1014 1022 4
1015 1023 1
1016 1024 2
1021 1029 -1
1022 1030 -1
1023 1031 -4
1024 1032 -1
1029 1037 4
1030 1038 1
1031 1039 4
1032 1040 4
1037 1045 2
1038 1046 4
1039 1047 -1
1040 1048 -1
1045 1053 1
1046 1054 -4
1047 1055 4
1048 1056 -1
1061 1069 -4
1062 1070 -2
1063 1071 -2
1064 1072 2
1069 1077 -2
1070 1078 2
1071 1079 1
1072 1080 -4
1077 1085 -4
1078 1086 -2
1079 1087 -1
1080 1088 -1
1085 1093 1
1086 1094 4
1087 1095 -1
1088 1096 2
1093 1101 1
1094 1102 -1
1095 1103 -2
1096 1104 -1
1101 1109 2
1102 1110 -1
1103 1111 4
1104 1112 1
1109 1117 -1
1110 1118 -2
1111 1119 -1
1112 1120 4
1117 1125 -1
1118 1126 4
1119 1127 -2
1120 1128 1
1125 1133 -2
1126 1134 -2
1127 1135 -2
1128 1136 1
1133 1141 -4
1134 1142 -2
1135 1143 2
1136 1144 -2
1141 1149 -4
1142 1150 -1
1143 1151 -4
1144 1152 2
1 97 -2
2 98 2
3 99 4
4 100 -1
97 193 -4
98 194 2
99 195 4
100 196 1
193 289 -2
194 290 1
195 291 -1
196 292 -2
289 385 -4
290 386 2
291 387 -2
292 388 2
385 481 4
386 482 -4
387 483 -4
388 484 -2
481 577 2
482 578 1
483 579 4
484 580 -4
577 673 -2
578 674 4
579 675 -4
580 676 4
673 769 2
674 770 1
675 771 1
676 772 -4
769 865 -1
770 866 2
771 867 2
772 868 -2
865 961 1
866 962 -4
867 963 4
868 964 -1
961 1057 -1
962 1058 4
963 1059 -2
964 1060 -1
9 105 1
10 106 -2
11 107 -4
12 108 -2
105 201 -4
106 202 2
107 203 -1
108 204 4
201 297 1
202 298 -2
203 299 1
204 300 2
297 393 -1
298 394 -1
299 395 4
300 396 2
393 489 -2
394 490 -4
395 491 -1
396 492 1
489 585 -2
490 586 2
491 587 -1
492 588 1
585 681 2
586 682 4
587 683 2
588 684 -2
681 777 -1
682 778 4
683 779 4
684 780 -1
777 873 1
778 874 4
779 875 4
780 876 4
873 969 -4
874 970 1
875 971 -1
876 972 -4
969 1065 -4
970 1066 -1
971 1067 -2
972 1068 -1
17 113 -2
18 114 -2
19 115 -2
20 116 2
113 209 -4
114 210 2
115 211 4
116 212 4
209 305 4
210 306 -2
211 307 -2
212 308 2
305 401 -2
306 402 1
307 403 4
308 404 -2
401 497 -2
402 498 1
403 499 2
404 500 2
497 593 -1
498 594 -4
499 595 -1
500 596 -1
593 689 -2
594 690 1
595 691 -2
596 692 2
689 785 -2
690 786 -2
691 787 1
692 788 4
785 881 2
786 882 -4
787 883 -1
788 884 4
881 977 -4
882 978 -1
883 979 1
884 980 4
977 1073 -2
978 1074 4
979 1075 -4
980 1076 -4
25 121 -2
26 122 -2
27 123 -1
28 124 -1
121 217 -2
122 218 2
123 219 1
124 220 -1
217 313 -4
218 314 -1
219 315 2
220 316 1
313 409 1
314 410 -1
315 411 -1
316 412 -2
409 505 -4
410 506 -2
411 507 1
412 508 -1
505 601 2
506 602 -2
507 603 -1
508 604 -1
601 697 4
602 698 -4
603 699 -1
604 700 4
697 793 -4
698 794 4
699 795 1
700 796 4
793 889 1
794 890 -1
795 891 -1
796 892 -2
889 985 -2
890 986 -2
891 987 -4
892 988 1
985 1081 2
986 1082 1
987 1083 -2
988 1084 1
33 129 1
34 130 -2
35 131 -2
36 132 4
129 225 -1
130 226 1
131 227 2
132 228 1
225 321 4
226 322 2
227 323 -1
228 324 -1
321 417 2
322 418 -2
323 419 -4
324 420 4
417 513 -4
418 514 4
419 515 -1
420 516 4
513 609 -2
514 610 -2
515 611 1
516 612 4
609 705 1
610 706 -4
611 707 1
612 708 -2
705 801 -2
706 802 2
707 803 -2
708 804 4
801 897 -1
802 898 -1
803 899 4
804 900 2
897 993 -2
898 994 -4
899 995 4
900 996 1
993 1089 -4
994 1090 4
995 1091 -4
996 1092 1
41 137 -2
42 138 2
43 139 -4
44 140 -4
137 233 -2
138 234 4
139 235 -2
140 236 4
233 329 -2
234 330 2
235 331 -2
236 332 -4
329 425 4
330 426 -4
331 427 -4
332 428 4
425 521 1
426 522 4
427 523 -2
428 524 -1
521 617 4
522 618 -4
523 619 -1
524 620 -4
617 713 -4
618 714 1
619 715 2
620 716 1
713 809 -1
714 810 -4
715 811 1
716 812 2
809 905 4
810 906 -4
811 907 -4
812 908 2
905 1001 2
906 1002 -2
907 1003 1
908 1004 4
1001 1097 2
1002 1098 2
1003 1099 1
1004 1100 1
49 145 -2
50 146 -2
51 147 4
52 148 2
145 241 -2
146 242 -1
147 243 -2
148 244 1
241 337 2
242 338 4
243 339 1
244 340 -4
337 433 1
338 434 4
339 435 2
340 436 4
433 529 2
434 530 -2
435 531 -4
436 532 -4
529 625 1
530 626 2
531 627 2
532 628 1
625 721 -1
626 722 -1
627 723 -4
628 724 -1
721 817 -2
722 818 -4
723 819 -1
724 820 -2
817 913 -2
818 914 1
819 915 2
820 916 -2
913 1009 -4
914 1010 -1
915 1011 -1
916 1012 -2
1009 1105 -2
1010 1106 1
1011 1107 2
1012 1108 1
57 153 -4
58 154 -2
59 155 1
60 156 2
153 249 1
154 250 -2
155 251 -1
156 252 -2
249 345 -4
250 346 2
251 347 -2
252 348 -4
345 441 -1
346 442 -1
347 443 -4
348 444 -1
441 537 1
442 538 -4
443 539 1
444 540 -4
537 633 4
538 634 -1
539 635 2
540 636 2
633 729 4
634 730 -4
635 731 2
636 732 2
729 825 -2
730 826 2
731 827 1
732 828 -4
825 921 4
826 922 1
827 923 -1
828 924 1
921 1017 2
922 1018 2
923 1019 2
924 1020 -2
1017 1113 4
1018 1114 -4
1019 1115 -4
1020 1116 -4
65 161 -1
66 162 -2
67 163 4
68 164 -1
161 257 4
162 258 -2
163 259 1
164 260 -1
257 353 2
258 354 4
259 355 2
260 356 2
353 449 -1
354 450 2
355 451 2
356 452 -2
449 545 2
450 546 4
451 547 -4
452 548 -2
545 641 -2
546 642 -4
547 643 4
548 644 2
641 737 1
642 738 -4
643 739 -2
644 740 -4
737 833 4
738 834 -4
739 835 -2
740 836 4
833 929 -1
834 930 2
835 931 -4
836 932 -1
929 1025 4
930 1026 -4
931 1027 -1
932 1028 -2
1025 1121 1
1026 1122 4
1027 1123 -1
1028 1124 1
73 169 1
74 170 4
75 171 4
76 172 -1
169 265 -1
170 266 -1
171 267 -2
172 268 -1
265 361 -1
266 362 1
267 363 2
268 364 -1
361 457 -1
362 458 2
363 459 -2
364 460 -4
457 553 2
458 554 -4
459 555 1
460 556 4
553 649 4
554 650 -4
555 651 2
556 652 1
649 745 -2
650 746 -4
651 747 -4
652 748 1
745 841 2
746 842 -4
747 843 4
748 844 -2
841 937 2
842 938 -4
843 939 4
844 940 -1
937 1033 -2
938 1034 -4
939 1035 -4
940 1036 -4
1033 1129 4
1034 1130 -2
1035 1131 4
1036 1132 -2
81 177 4
82 178 4
83 179 2
84 180 -1
177 273 -1
178 274 -1
179 275 4
180 276 2
273 369 2
274 370 1
275 371 -2
276 372 -1
369 465 1
370 466 -2
371 467 -2
372 468 -2
465 561 -4
466 562 2
467 563 -1
468 564 -2
561 657 1
562 658 4
563 659 4
564 660 1
657 753 -2
658 754 -2
659 755 -1
660 756 4
753 849 1
754 850 2
755 851 1
756 852 2
849 945 -2
850 946 -4
851 947 -1
852 948 1
945 1041 1
946 1042 4
947 1043 2
948 1044 2
1041 1137 1
1042 1138 4
1043 1139 2
1044 1140 -2
89 185 4
90 186 -2
91 187 -4
92 188 -1
185 281 4
186 282 -4
187 283 -1
188 284 4
281 377 -4
282 378 1
283 379 2
284 380 1
377 473 -1
378 474 4
379 475 1
380 476 -4
473 569 -1
474 570 2
475 571 -4
476 572 -4
569 665 -4
570 666 -2
571 667 -1
572 668 2
665 761 -2
666 762 4
667 763 2
668 764 4
761 857 4
762 858 1
763 859 -2
764 860 1
857 953 -1
858 954 -2
859 955 -1
860 956 -2
953 1049 4
954 1050 1
955 1051 2
956 1052 -1
1049 1145 -1
1050 1146 2
1051 1147 4
1052 1148 4
