#
1 5 -1
1 6 -1
1 7 -4
1 8 4
2 5 2
2 6 1
2 7 1
2 8 2
3 5 4
3 6 1
3 7 2
3 8 -1
4 5 2
4 6 -2
4 7 1
4 8 -2
9 13 1
9 14 -1
9 15 -1
9 16 1
10 13 2
10 14 -2
10 15 -4
10 16 -4
11 13 4
11 14 -4
11 15 -1
11 16 -1
12 13 1
12 14 -1
12 15 -4
12 16 -1
17 21 2
17 22 -4
17 23 2
17 24 -4
18 21 -2
18 22 2
18 23 -4
18 24 -1
19 21 -4
19 22 2
19 23 2
19 24 -2
20 21 1
20 22 4
20 23 1
20 24 -1
25 29 -2
25 30 -2
25 31 -1
25 32 -2
26 29 4
26 30 -2
26 31 -4
26 32 1
27 29 4
27 30 -2
27 31 -4
27 32 -4
28 29 -2
28 30 2
28 31 4
28 32 1
33 37 -1
33 38 -2
33 39 2
33 40 2
34 37 2
34 38 2
34 39 4
34 40 2
35 37 -2
35 38 1
35 39 -1
35 40 -1
36 37 4
36 38 -2
36 39 -1
36 40 -1
41 45 4
41 46 -2
41 47 2
41 48 -2
42 45 4
42 46 2
42 47 1
42 48 4
43 45 -2
43 46 1
43 47 2
43 48 4
44 45 1
44 46 4
44 47 2
44 48 -2
49 53 4
49 54 -2
49 55 2
49 56 -2
50 53 4
50 54 1
50 55 -2
50 56 1
51 53 4
51 54 2
51 55 2
51 56 -1
52 53 1
52 54 4
52 55 -2
52 56 -1
57 61 -1
57 62 4
57 63 -4
57 64 1
58 61 4
58 62 2
58 63 -1
58 64 4
59 61 -1
59 62 4
59 63 -2
59 64 1
60 61 -4
60 62 -4
60 63 -2
60 64 1
65 69 1
65 70 2
65 71 -1
65 72 -2
66 69 -1
66 70 1
66 71 -2
66 72 4
67 69 -1
67 70 2
67 71 1
67 72 4
68 69 1
68 70 1
68 71 -2
68 72 4
73 77 -4
73 78 -2
73 79 -2
73 80 4
74 77 -4
74 78 4
74 79 4
74 80 2
75 77 1
75 78 1
75 79 -4
75 80 2
76 77 -2
76 78 -1
76 79 1
76 80 4
81 85 -1
81 86 4
81 87 1
81 88 1
82 85 -1
82 86 -1
82 87 -4
82 88 4
83 85 4
83 86 1
83 87 1
83 88 4
84 85 -1
84 86 -1
84 87 -4
84 88 -2
89 93 2
89 94 1
89 95 1
89 96 1
90 93 -4
90 94 1
90 95 2
90 96 -4
91 93 -2
91 94 -1
91 95 4
91 96 -1
92 93 1
92 94 -4
92 95 1
92 96 1
97 101 -4
97 102 -4
97 103 4
97 104 -2
98 101 2
98 102 -4
98 103 -1
98 104 -2
99 101 2
99 102 -1
99 103 2
99 104 -1
100 101 -4
100 102 -2
100 103 2
100 104 -2
105 109 2
105 110 -4
105 111 4
105 112 -1
106 109 1
106 110 1
106 111 -1
106 112 2
107 109 4
107 110 -4
107 111 -1
107 112 4
108 109 -1
108 110 -2
108 111 4
108 112 -4
113 117 -2
113 118 -2
113 119 4
113 120 -1
114 117 -1
114 118 4
114 119 4
114 120 -2
115 117 -1
115 118 -2
115 119 4
115 120 -4
116 117 4
116 118 4
116 119 2
116 120 -1
121 125 2
121 126 2
121 127 1
121 128 -2
122 125 2
122 126 -1
122 127 2
122 128 1
123 125 2
123 126 -4
123 127 -2
123 128 2
124 125 1
124 126 -1
124 127 2
124 128 -4
129 133 -2
129 134 -1
129 135 1
129 136 4
130 133 -2
130 134 2
130 135 -1
130 136 2
131 133 -4
131 134 1
131 135 2
131 136 -1
132 133 2
132 134 1
132 135 -1
132 136 -4
137 141 4
137 142 4
137 143 2
137 144 1
138 141 -1
138 142 4
138 143 -2
138 144 4
139 141 2
139 142 -4
139 143 -4
139 144 -2
140 141 -2
140 142 -1
140 143 -4
140 144 -4
145 149 -1
145 150 -2
145 151 -1
145 152 -2
146 149 -1
146 150 -1
146 151 4
146 152 -4
147 149 4
147 150 -2
147 151 4
147 152 1
148 149 1
148 150 -1
148 151 -2
148 152 4
153 157 4
153 158 -1
153 159 1
153 160 4
154 157 -1
154 158 4
154 159 -2
154 160 1
155 157 -4
155 158 4
155 159 -2
155 160 -1
156 157 4
156 158 -1
156 159 1
156 160 -4
161 165 4
161 166 1
161 167 2
161 168 -4
162 165 -1
162 166 2
162 167 4
162 168 -2
163 165 2
163 166 1
163 167 2
163 168 -1
164 165 -2
164 166 2
164 167 -1
164 168 -4
169 173 4
169 174 -4
169 175 1
169 176 2
170 173 -2
170 174 1
170 175 4
170 176 4
171 173 1
171 174 -1
171 175 1
171 176 -2
172 173 1
172 174 1
172 175 -4
172 176 1
177 181 1
177 182 2
177 183 1
177 184 4
178 181 -2
178 182 -4
178 183 4
178 184 -1
179 181 4
179 182 1
179 183 1
179 184 1
180 181 2
180 182 1
180 183 -4
180 184 4
185 189 -4
185 190 -2
185 191 2
185 192 1
186 189 4
186 190 2
186 191 -2
186 192 2
187 189 2
187 190 1
187 191 -1
187 192 -2
188 189 -2
188 190 4
188 191 -1
188 192 2
193 197 1
193 198 -4
193 199 -2
193 200 4
194 197 4
194 198 1
194 199 -2
194 200 2
195 197 -4
195 198 4
195 199 -2
195 200 1
196 197 2
196 198 -2
196 199 2
196 200 1
201 205 2
201 206 1
201 207 -1
201 208 -1
202 205 -4
202 206 4
202 207 -4
202 208 4
203 205 -4
203 206 1
203 207 2
203 208 -1
204 205 -2
204 206 4
204 207 4
204 208 1
209 213 2
209 214 4
209 215 -4
209 216 -4
210 213 -4
210 214 -1
210 215 -1
210 216 1
211 213 2
211 214 -2
211 215 2
211 216 -4
212 213 -1
212 214 4
212 215 -1
212 216 1
217 221 1
217 222 -4
217 223 -2
217 224 -1
218 221 -4
218 222 -4
218 223 1
218 224 -2
219 221 -2
219 222 -4
219 223 4
219 224 -1
220 221 -1
220 222 -2
220 223 4
220 224 4
225 229 2
225 230 -1
225 231 -4
225 232 1
226 229 -1
226 230 4
226 231 -2
226 232 1
227 229 -4
227 230 4
227 231 -2
227 232 -4
228 229 4
228 230 -4
228 231 4
228 232 4
233 237 4
233 238 -1
233 239 1
233 240 2
234 237 4
234 238 -2
234 239 -4
234 240 2
235 237 2
235 238 4
235 239 -1
235 240 -2
236 237 2
236 238 2
236 239 4
236 240 -2
241 245 4
241 246 -1
241 247 4
241 248 -4
242 245 1
242 246 -2
242 247 4
242 248 -4
243 245 -4
243 246 2
243 247 1
243 248 -4
244 245 4
244 246 -1
244 247 4
244 248 -2
249 253 4
249 254 -1
249 255 -1
249 256 -2
250 253 -4
250 254 4
250 255 -2
250 256 1
251 253 -4
251 254 4
251 255 -1
251 256 2
252 253 -4
252 254 1
252 255 2
252 256 2
257 261 1
257 262 -4
257 263 4
257 264 -1
258 261 1
258 262 -2
258 263 -1
258 264 -4
259 261 -4
259 262 1
259 263 -4
259 264 2
260 261 1
260 262 2
260 263 -2
260 264 4
265 269 4
265 270 2
265 271 -2
265 272 2
266 269 -2
266 270 1
266 271 -1
266 272 1
267 269 -1
267 270 -4
267 271 -2
267 272 -1
268 269 -1
268 270 -1
268 271 2
268 272 -1
273 277 -1
273 278 2
273 279 1
273 280 -4
274 277 -4
274 278 4
274 279 4
274 280 4
275 277 -2
275 278 1
275 279 -4
275 280 1
276 277 1
276 278 -2
276 279 -2
276 280 2
281 285 -2
281 286 -4
281 287 -4
281 288 -2
282 285 -1
282 286 2
282 287 -1
282 288 -4
283 285 -1
283 286 -1
283 287 -4
283 288 1
284 285 -4
284 286 -1
284 287 -4
284 288 2
289 293 1
289 294 -1
289 295 -2
289 296 -4
290 293 -1
290 294 -2
290 295 -2
290 296 -4
291 293 -4
291 294 -2
291 295 1
291 296 2
292 293 -1
292 294 4
292 295 -2
292 296 -1
297 301 -1
297 302 4
297 303 -4
297 304 1
298 301 1
298 302 -4
298 303 4
298 304 2
299 301 2
299 302 2
299 303 -2
299 304 2
300 301 1
300 302 -4
300 303 -4
300 304 4
305 309 1
305 310 2
305 311 -4
305 312 2
306 309 2
306 310 -4
306 311 -4
306 312 4
307 309 2
307 310 -2
307 311 2
307 312 -1
308 309 2
308 310 4
308 311 -2
308 312 -2
313 317 -1
313 318 -2
313 319 2
313 320 -1
314 317 -4
314 318 4
314 319 -4
314 320 4
315 317 -2
315 318 2
315 319 -1
315 320 -1
316 317 2
316 318 1
316 319 4
316 320 2
321 325 -4
321 326 -4
321 327 4
321 328 1
322 325 -2
322 326 -4
322 327 -4
322 328 1
323 325 1
323 326 1
323 327 1
323 328 -1
324 325 -4
324 326 -2
324 327 -2
324 328 -4
329 333 -1
329 334 1
329 335 1
329 336 -4
330 333 -1
330 334 -1
330 335 1
330 336 -4
331 333 -4
331 334 -1
331 335 4
331 336 1
332 333 -4
332 334 4
332 335 2
332 336 -4
337 341 2
337 342 -2
337 343 -2
337 344 -2
338 341 -2
338 342 2
338 343 4
338 344 -4
339 341 -1
339 342 -4
339 343 4
339 344 2
340 341 -1
340 342 -2
340 343 -1
340 344 4
345 349 2
345 350 -1
345 351 1
345 352 -2
346 349 2
346 350 2
346 351 -1
346 352 -1
347 349 2
347 350 -2
347 351 2
347 352 -4
348 349 1
348 350 -2
348 351 4
348 352 4
353 357 1
353 358 4
353 359 1
353 360 -2
354 357 1
354 358 -2
354 359 2
354 360 4
355 357 2
355 358 4
355 359 2
355 360 -1
356 357 2
356 358 4
356 359 -2
356 360 -1
361 365 -2
361 366 4
361 367 -1
361 368 -4
362 365 2
362 366 4
362 367 -2
362 368 -1
363 365 4
363 366 1
363 367 2
363 368 -1
364 365 -1
364 366 -2
364 367 -1
364 368 -2
369 373 -2
369 374 -4
369 375 -2
369 376 4
370 373 4
370 374 -1
370 375 -4
370 376 2
371 373 -4
371 374 1
371 375 4
371 376 -4
372 373 -4
372 374 -2
372 375 -1
372 376 1
377 381 -1
377 382 2
377 383 4
377 384 -4
378 381 2
378 382 -4
378 383 2
378 384 -1
379 381 2
379 382 -4
379 383 -1
379 384 -1
380 381 4
380 382 -1
380 383 -2
380 384 1
385 389 -2
385 390 4
385 391 4
385 392 -2
386 389 1
386 390 -2
386 391 -4
386 392 2
387 389 2
387 390 -1
387 391 -2
387 392 1
388 389 -2
388 390 -4
388 391 1
388 392 1
393 397 -4
393 398 2
393 399 4
393 400 2
394 397 -1
394 398 2
394 399 2
394 400 4
395 397 -1
395 398 2
395 399 1
395 400 1
396 397 2
396 398 -1
396 399 2
396 400 1
401 405 -4
401 406 -1
401 407 -2
401 408 1
402 405 4
402 406 2
402 407 4
402 408 4
403 405 -2
403 406 -1
403 407 2
403 408 -4
404 405 4
404 406 -2
404 407 -2
404 408 -2
409 413 -1
409 414 1
409 415 4
409 416 -1
410 413 2
410 414 -2
410 415 1
410 416 1
411 413 2
411 414 1
411 415 -2
411 416 -2
412 413 -4
412 414 -2
412 415 4
412 416 -2
417 421 -2
417 422 -2
417 423 -2
417 424 -4
418 421 2
418 422 1
418 423 2
418 424 2
419 421 4
419 422 -2
419 423 -1
419 424 4
420 421 -1
420 422 -4
420 423 2
420 424 2
425 429 -1
425 430 -1
425 431 1
425 432 -1
426 429 -2
426 430 -1
426 431 1
426 432 -2
427 429 1
427 430 -1
427 431 -4
427 432 1
428 429 4
428 430 4
428 431 -4
428 432 -4
433 437 -1
433 438 -4
433 439 -2
433 440 1
434 437 2
434 438 2
434 439 -2
434 440 4
435 437 -2
435 438 -4
435 439 4
435 440 4
436 437 4
436 438 -2
436 439 4
436 440 4
441 445 -1
441 446 -4
441 447 2
441 448 -1
442 445 4
442 446 4
442 447 1
442 448 -1
443 445 -4
443 446 4
443 447 1
443 448 -4
444 445 -4
444 446 2
444 447 -1
444 448 -2
449 453 -4
449 454 -4
449 455 2
449 456 2
450 453 -2
450 454 -2
450 455 -4
450 456 -2
451 453 -4
451 454 -1
451 455 1
451 456 -1
452 453 -4
452 454 4
452 455 4
452 456 1
457 461 2
457 462 4
457 463 4
457 464 -4
458 461 4
458 462 -4
458 463 2
458 464 -1
459 461 2
459 462 -2
459 463 -1
459 464 4
460 461 4
460 462 4
460 463 -4
460 464 1
465 469 -1
465 470 1
465 471 4
465 472 -2
466 469 -4
466 470 4
466 471 2
466 472 -4
467 469 -1
467 470 4
467 471 -2
467 472 1
468 469 1
468 470 -1
468 471 -1
468 472 -1
473 477 -1
473 478 2
473 479 2
473 480 -4
474 477 -1
474 478 1
474 479 2
474 480 2
475 477 -4
475 478 4
475 479 -1
475 480 -4
476 477 4
476 478 4
476 479 2
476 480 1
481 485 2
481 486 4
481 487 -1
481 488 4
482 485 -2
482 486 -4
482 487 -1
482 488 1
483 485 4
483 486 2
483 487 -4
483 488 -4
484 485 1
484 486 -1
484 487 1
484 488 -2
489 493 1
489 494 -1
489 495 -2
489 496 4
490 493 2
490 494 4
490 495 1
490 496 -4
491 493 -1
491 494 -1
491 495 -4
491 496 -2
492 493 -4
492 494 1
492 495 -2
492 496 -4
497 501 2
497 502 2
497 503 2
497 504 2
498 501 -1
498 502 -4
498 503 2
498 504 -4
499 501 2
499 502 1
499 503 -4
499 504 4
500 501 2
500 502 2
500 503 1
500 504 -4
505 509 1
505 510 -2
505 511 -4
505 512 -4
506 509 -1
506 510 1
506 511 -4
506 512 -2
507 509 -4
507 510 -1
507 511 -2
507 512 -1
508 509 -1
508 510 -4
508 511 1
508 512 -1
513 517 -1
513 518 -2
513 519 -1
513 520 4
514 517 1
514 518 -4
514 519 -4
514 520 -1
515 517 -2
515 518 1
515 519 -4
515 520 4
516 517 1
516 518 2
516 519 2
516 520 -4
521 525 -2
521 526 1
521 527 1
521 528 -4
522 525 4
522 526 2
522 527 -1
522 528 -4
523 525 2
523 526 -1
523 527 -4
523 528 -4
524 525 -4
524 526 4
524 527 -4
524 528 -2
529 533 -2
529 534 2
529 535 1
529 536 -2
530 533 4
530 534 -1
530 535 1
530 536 1
531 533 -1
531 534 2
531 535 -4
531 536 -4
532 533 2
532 534 4
532 535 1
532 536 -2
537 541 -2
537 542 -2
537 543 2
537 544 1
538 541 -4
538 542 4
538 543 2
538 544 1
539 541 4
539 542 -4
539 543 1
539 544 1
540 541 -4
540 542 -4
540 543 -2
540 544 2
545 549 -4
545 550 -2
545 551 -1
545 552 2
546 549 4
546 550 -1
546 551 -1
546 552 -1
547 549 -1
547 550 -4
547 551 -2
547 552 -4
548 549 -2
548 550 -2
548 551 2
548 552 2
553 557 -2
553 558 2
553 559 -4
553 560 -4
554 557 2
554 558 -2
554 559 4
554 560 -4
555 557 -1
555 558 -2
555 559 -1
555 560 4
556 557 4
556 558 -2
556 559 -2
556 560 2
561 565 -2
561 566 -1
561 567 4
561 568 1
562 565 -4
562 566 4
562 567 -1
562 568 2
563 565 2
563 566 -4
563 567 4
563 568 -4
564 565 1
564 566 -4
564 567 2
564 568 -1
569 573 4
569 574 -2
569 575 -2
569 576 1
570 573 4
570 574 -1
570 575 -1
570 576 -4
571 573 2
571 574 1
571 575 -1
571 576 1
572 573 4
572 574 2
572 575 1
572 576 4
577 581 4
577 582 -1
577 583 2
577 584 -1
578 581 -1
578 582 4
578 583 1
578 584 2
579 581 2
579 582 1
579 583 -4
579 584 -2
580 581 4
580 582 1
580 583 -4
580 584 -2
585 589 -2
585 590 4
585 591 2
585 592 -2
586 589 2
586 590 -4
586 591 -1
586 592 4
587 589 -2
587 590 -4
587 591 4
587 592 2
588 589 -2
588 590 -2
588 591 -1
588 592 1
593 597 -4
593 598 -4
593 599 4
593 600 2
594 597 1
594 598 2
594 599 -4
594 600 4
595 597 1
595 598 4
595 599 1
595 600 -4
596 597 -1
596 598 -2
596 599 -1
596 600 -1
601 605 -2
601 606 4
601 607 2
601 608 -2
602 605 1
602 606 2
602 607 2
602 608 -4
603 605 -1
603 606 -4
603 607 4
603 608 -4
604 605 -4
604 606 -1
604 607 -1
604 608 -2
609 613 -2
609 614 -4
609 615 -1
609 616 4
610 613 1
610 614 4
610 615 -4
610 616 1
611 613 2
611 614 2
611 615 2
611 616 2
612 613 -4
612 614 -1
612 615 2
612 616 1
617 621 -4
617 622 -4
617 623 1
617 624 1
618 621 -1
618 622 1
618 623 4
618 624 2
619 621 4
619 622 2
619 623 -1
619 624 1
620 621 -1
620 622 1
620 623 -4
620 624 2
625 629 -1
625 630 2
625 631 2
625 632 1
626 629 4
626 630 1
626 631 -4
626 632 2
627 629 2
627 630 2
627 631 -1
627 632 4
628 629 2
628 630 -2
628 631 4
628 632 -2
633 637 -2
633 638 2
633 639 2
633 640 -2
634 637 4
634 638 -4
634 639 2
634 640 2
635 637 2
635 638 4
635 639 -4
635 640 4
636 637 4
636 638 -4
636 639 -1
636 640 -4
641 645 1
641 646 1
641 647 -1
641 648 1
642 645 4
642 646 2
642 647 4
642 648 -4
643 645 -2
643 646 -1
643 647 -2
643 648 -4
644 645 -2
644 646 4
644 647 -2
644 648 1
649 653 -2
649 654 -2
649 655 2
649 656 1
650 653 2
650 654 -2
650 655 -1
650 656 -1
651 653 -4
651 654 -1
651 655 2
651 656 2
652 653 -2
652 654 -1
652 655 -2
652 656 -1
657 661 1
657 662 4
657 663 1
657 664 -2
658 661 1
658 662 4
658 663 -2
658 664 -1
659 661 -2
659 662 -1
659 663 4
659 664 -1
660 661 1
660 662 -2
660 663 2
660 664 -4
665 669 -4
665 670 2
665 671 2
665 672 4
666 669 -4
666 670 -4
666 671 4
666 672 -4
667 669 1
667 670 -1
667 671 4
667 672 1
668 669 -4
668 670 -2
668 671 -1
668 672 -2
673 677 4
673 678 2
673 679 2
673 680 -4
674 677 -4
674 678 -4
674 679 2
674 680 2
675 677 -1
675 678 2
675 679 -4
675 680 2
676 677 -1
676 678 -1
676 679 4
676 680 -1
681 685 -4
681 686 -1
681 687 -2
681 688 2
682 685 -2
682 686 -1
682 687 -2
682 688 -4
683 685 1
683 686 -2
683 687 -1
683 688 -1
684 685 -4
684 686 -1
684 687 4
684 688 -1
689 693 1
689 694 -4
689 695 -4
689 696 2
690 693 -1
690 694 -4
690 695 1
690 696 -4
691 693 -4
691 694 -4
691 695 2
691 696 -1
692 693 -1
692 694 4
692 695 -1
692 696 2
697 701 1
697 702 -2
697 703 2
697 704 2
698 701 2
698 702 1
698 703 -1
698 704 -1
699 701 2
699 702 2
699 703 -2
699 704 1
700 701 1
700 702 4
700 703 2
700 704 1
705 709 -2
705 710 1
705 711 4
705 712 -2
706 709 -1
706 710 -1
706 711 -4
706 712 -2
707 709 -4
707 710 -1
707 711 1
707 712 -1
708 709 -1
708 710 1
708 711 1
708 712 -4
713 717 -2
713 718 -2
713 719 4
713 720 1
714 717 1
714 718 -4
714 719 1
714 720 1
715 717 4
715 718 -1
715 719 1
715 720 1
716 717 -4
716 718 2
716 719 4
716 720 4
721 725 1
721 726 -4
721 727 -4
721 728 4
722 725 2
722 726 1
722 727 -2
722 728 -1
723 725 4
723 726 1
723 727 2
723 728 -2
724 725 4
724 726 1
724 727 2
724 728 1
729 733 -2
729 734 4
729 735 4
729 736 1
730 733 -4
730 734 1
730 735 -1
730 736 -1
731 733 -1
731 734 -1
731 735 2
731 736 -4
732 733 1
732 734 1
732 735 4
732 736 1
737 741 1
737 742 -2
737 743 -1
737 744 2
738 741 -2
738 742 -1
738 743 1
738 744 -4
739 741 -4
739 742 1
739 743 -2
739 744 -1
740 741 4
740 742 1
740 743 -2
740 744 -4
745 749 -2
745 750 -1
745 751 4
745 752 2
746 749 -1
746 750 -4
746 751 -2
746 752 1
747 749 -1
747 750 2
747 751 2
747 752 4
748 749 -2
748 750 4
748 751 2
748 752 2
753 757 1
753 758 -1
753 759 1
753 760 -2
754 757 1
754 758 1
754 759 4
754 760 2
755 757 2
755 758 2
755 759 -1
755 760 -1
756 757 1
756 758 4
756 759 2
756 760 2
761 765 -4
761 766 1
761 767 -4
761 768 -4
762 765 2
762 766 2
762 767 2
762 768 -2
763 765 -2
763 766 -1
763 767 4
763 768 1
764 765 4
764 766 -2
764 767 2
764 768 1
769 773 -4
769 774 -1
769 775 4
769 776 -1
770 773 -4
770 774 2
770 775 1
770 776 2
771 773 -2
771 774 4
771 775 -1
771 776 4
772 773 4
772 774 4
772 775 4
772 776 -1
777 781 -4
777 782 -1
777 783 -1
777 784 1
778 781 1
778 782 -2
778 783 2
778 784 1
779 781 1
779 782 1
779 783 1
779 784 -2
780 781 -4
780 782 -4
780 783 1
780 784 2
785 789 -1
785 790 2
785 791 2
785 792 2
786 789 2
786 790 -4
786 791 1
786 792 -1
787 789 -2
787 790 -1
787 791 4
787 792 -2
788 789 1
788 790 -2
788 791 -2
788 792 -1
793 797 2
793 798 4
793 799 -4
793 800 -2
794 797 2
794 798 -2
794 799 -2
794 800 -4
795 797 -1
795 798 -2
795 799 -4
795 800 -4
796 797 -4
796 798 4
796 799 1
796 800 4
801 805 1
801 806 -2
801 807 -1
801 808 -1
802 805 2
802 806 2
802 807 4
802 808 -1
803 805 -4
803 806 -1
803 807 1
803 808 -2
804 805 2
804 806 2
804 807 -4
804 808 -4
809 813 -2
809 814 -1
809 815 1
809 816 -4
810 813 -2
810 814 4
810 815 -4
810 816 1
811 813 -4
811 814 -1
811 815 4
811 816 -1
812 813 -1
812 814 -1
812 815 4
812 816 -4
817 821 -2
817 822 -4
817 823 2
817 824 -1
818 821 -4
818 822 -1
818 823 1
818 824 2
819 821 -2
819 822 -1
819 823 2
819 824 -4
820 821 -2
820 822 -1
820 823 -2
820 824 4
825 829 2
825 830 1
825 831 2
825 832 1
826 829 -2
826 830 1
826 831 -1
826 832 4
827 829 4
827 830 4
827 831 -2
827 832 -4
828 829 4
828 830 -2
828 831 1
828 832 -2
833 837 -1
833 838 -4
833 839 -1
833 840 -1
834 837 -2
834 838 -2
834 839 -4
834 840 -2
835 837 -2
835 838 -4
835 839 4
835 840 -4
836 837 2
836 838 -1
836 839 -4
836 840 -4
841 845 -4
841 846 -4
841 847 -1
841 848 -2
842 845 4
842 846 -4
842 847 4
842 848 -4
843 845 -2
843 846 -1
843 847 -1
843 848 2
844 845 1
844 846 4
844 847 2
844 848 -2
849 853 -2
849 854 4
849 855 1
849 856 2
850 853 1
850 854 4
850 855 2
850 856 -2
851 853 1
851 854 4
851 855 1
851 856 -2
852 853 -4
852 854 4
852 855 1
852 856 2
857 861 -4
857 862 1
857 863 -1
857 864 1
858 861 -4
858 862 4
858 863 2
858 864 -1
859 861 -4
859 862 -4
859 863 1
859 864 -4
860 861 2
860 862 4
860 863 4
860 864 1
865 869 -2
865 870 -2
865 871 4
865 872 2
866 869 -2
866 870 2
866 871 1
866 872 -2
867 869 2
867 870 -4
867 871 -4
867 872 2
868 869 -2
868 870 1
868 871 -1
868 872 2
873 877 1
873 878 -1
873 879 2
873 880 4
874 877 1
874 878 4
874 879 4
874 880 -2
875 877 1
875 878 -1
875 879 -1
875 880 2
876 877 -1
876 878 -4
876 879 1
876 880 -1
881 885 4
881 886 -2
881 887 4
881 888 -2
882 885 -2
882 886 1
882 887 2
882 888 1
883 885 -2
883 886 -4
883 887 1
883 888 2
884 885 2
884 886 -1
884 887 2
884 888 1
889 893 -2
889 894 2
889 895 4
889 896 -1
890 893 4
890 894 2
890 895 2
890 896 -1
891 893 -4
891 894 2
891 895 -2
891 896 1
892 893 -1
892 894 2
892 895 2
892 896 1
897 901 1
897 902 -1
897 903 4
897 904 -2
898 901 2
898 902 -2
898 903 4
898 904 1
899 901 -1
899 902 -1
899 903 -1
899 904 4
900 901 -1
900 902 4
900 903 -2
900 904 -2
905 909 4
905 910 -4
905 911 -4
905 912 4
906 909 4
906 910 -2
906 911 -2
906 912 -2
907 909 4
907 910 4
907 911 -4
907 912 -2
908 909 2
908 910 -4
908 911 -2
908 912 -2
913 917 -2
913 918 4
913 919 -1
913 920 -4
914 917 -2
914 918 -1
914 919 1
914 920 -1
915 917 -2
915 918 -4
915 919 -1
915 920 -4
916 917 4
916 918 -2
916 919 -2
916 920 4
921 925 4
921 926 2
921 927 1
921 928 -1
922 925 -1
922 926 -4
922 927 1
922 928 -1
923 925 2
923 926 -4
923 927 4
923 928 -2
924 925 2
924 926 4
924 927 4
924 928 2
929 933 2
929 934 1
929 935 -2
929 936 4
930 933 1
930 934 -1
930 935 2
930 936 -2
931 933 -2
931 934 -4
931 935 -4
931 936 2
932 933 4
932 934 2
932 935 -4
932 936 2
937 941 -2
937 942 -1
937 943 -4
937 944 -4
938 941 2
938 942 -4
938 943 -2
938 944 -1
939 941 2
939 942 4
939 943 4
939 944 -1
940 941 4
940 942 -2
940 943 -1
940 944 -2
945 949 2
945 950 4
945 951 -1
945 952 -2
946 949 -1
946 950 -1
946 951 1
946 952 2
947 949 2
947 950 -4
947 951 2
947 952 4
948 949 -1
948 950 -2
948 951 4
948 952 -2
953 957 -2
953 958 -1
953 959 4
953 960 -4
954 957 1
954 958 1
954 959 2
954 960 4
955 957 -2
955 958 2
955 959 1
955 960 4
956 957 1
956 958 2
956 959 -1
956 960 -4
961 965 -1
961 966 -2
961 967 -1
961 968 -4
962 965 -1
962 966 -4
962 967 -4
962 968 -1
963 965 2
963 966 -1
963 967 -1
963 968 -2
964 965 4
964 966 1
964 967 4
964 968 -1
969 973 -1
969 974 -2
969 975 -2
969 976 1
970 973 4
970 974 -1
970 975 1
970 976 -2
971 973 2
971 974 -1
971 975 2
971 976 -1
972 973 1
972 974 -1
972 975 2
972 976 2
977 981 2
977 982 1
977 983 -4
977 984 1
978 981 -4
978 982 -4
978 983 -2
978 984 -2
979 981 -4
979 982 -4
979 983 4
979 984 -1
980 981 4
980 982 2
980 983 2
980 984 1
985 989 2
985 990 1
985 991 4
985 992 -4
986 989 -2
986 990 1
986 991 1
986 992 1
987 989 -1
987 990 -1
987 991 2
987 992 4
988 989 -4
988 990 1
988 991 2
988 992 2
993 997 2
993 998 -1
993 999 2
993 1000 4
994 997 2
994 998 2
994 999 -2
994 1000 1
995 997 1
995 998 4
995 999 1
995 1000 2
996 997 -1
996 998 -4
996 999 4
996 1000 -1
1001 1005 -2
1001 1006 4
1001 1007 4
1001 1008 -4
1002 1005 -2
1002 1006 -2
1002 1007 4
1002 1008 4
1003 1005 4
1003 1006 2
1003 1007 2
1003 1008 -2
1004 1005 -4
1004 1006 -1
1004 1007 -4
1004 1008 4
1009 1013 1
1009 1014 4
1009 1015 -4
1009 1016 4
1010 1013 -2
1010 1014 -1
1010 1015 -1
1010 1016 4
1011 1013 -2
1011 1014 1
1011 1015 4
1011 1016 4
1012 1013 1
1012 1014 -2
1012 1015 -2
1012 1016 2
1017 1021 1
1017 1022 -1
1017 1023 4
1017 1024 -2
1018 1021 4
1018 1022 -2
1018 1023 1
1018 1024 1
1019 1021 1
1019 1022 -4
1019 1023 2
1019 1024 4
1020 1021 -4
1020 1022 -2
1020 1023 2
1020 1024 -1
1025 1029 2
1025 1030 4
1025 1031 -1
1025 1032 -1
1026 1029 -2
1026 1030 4
1026 1031 -4
1026 1032 4
1027 1029 1
1027 1030 2
1027 1031 1
1027 1032 -2
1028 1029 -2
1028 1030 2
1028 1031 -2
1028 1032 2
1033 1037 2
1033 1038 -4
1033 1039 -4
1033 1040 -2
1034 1037 2
1034 1038 2
1034 1039 1
1034 1040 1
1035 1037 -2
1035 1038 -2
1035 1039 -4
1035 1040 -4
1036 1037 -2
1036 1038 -2
1036 1039 -2
1036 1040 -4
1041 1045 -2
1041 1046 -4
1041 1047 4
1041 1048 -2
1042 1045 2
1042 1046 -1
1042 1047 2
1042 1048 1
1043 1045 1
1043 1046 -2
1043 1047 -2
1043 1048 1
1044 1045 1
1044 1046 -2
1044 1047 4
1044 1048 2
1049 1053 1
1049 1054 4
1049 1055 4
1049 1056 -2
1050 1053 -1
1050 1054 -1
1050 1055 -1
1050 1056 2
1051 1053 -4
1051 1054 1
1051 1055 2
1051 1056 -2
1052 1053 2
1052 1054 -1
1052 1055 -2
1052 1056 -1
1057 1061 2
1057 1062 1
1057 1063 -1
1057 1064 2
1058 1061 2
1058 1062 2
1058 1063 -4
1058 1064 2
1059 1061 2
1059 1062 1
1059 1063 -1
1059 1064 4
1060 1061 4
1060 1062 -1
1060 1063 1
1060 1064 -2
1065 1069 -4
1065 1070 1
1065 1071 4
1065 1072 4
1066 1069 -4
1066 1070 -1
1066 1071 4
1066 1072 -4
1067 1069 -1
1067 1070 2
1067 1071 2
1067 1072 2
1068 1069 -2
1068 1070 2
1068 1071 2
1068 1072 4
1073 1077 1
1073 1078 4
1073 1079 4
1073 1080 -4
1074 1077 1
1074 1078 4
1074 1079 -2
1074 1080 -1
1075 1077 -2
1075 1078 -4
1075 1079 -4
1075 1080 -4
1076 1077 4
1076 1078 4
1076 1079 -4
1076 1080 -1
1081 1085 1
1081 1086 -4
1081 1087 -4
1081 1088 2
1082 1085 1
1082 1086 1
1082 1087 1
1082 1088 2
1083 1085 -4
1083 1086 1
1083 1087 2
1083 1088 1
1084 1085 1
1084 1086 2
1084 1087 -2
1084 1088 -1
1089 1093 4
1089 1094 2
1089 1095 1
1089 1096 -4
1090 1093 -2
1090 1094 -4
1090 1095 2
1090 1096 -1
1091 1093 -1
1091 1094 2
1091 1095 -4
1091 1096 4
1092 1093 4
1092 1094 2
1092 1095 1
1092 1096 -2
1097 1101 -4
1097 1102 2
1097 1103 2
1097 1104 1
1098 1101 2
1098 1102 2
1098 1103 -1
1098 1104 1
1099 1101 4
1099 1102 1
1099 1103 -1
1099 1104 4
1100 1101 1
1100 1102 1
1100 1103 -1
1100 1104 2
1105 1109 -4
1105 1110 1
1105 1111 1
1105 1112 -1
1106 1109 -2
1106 1110 2
1106 1111 4
1106 1112 4
1107 1109 -4
1107 1110 4
1107 1111 -4
1107 1112 -2
1108 1109 -4
1108 1110 2
1108 1111 -2
1108 1112 1
1113 1117 4
1113 1118 1
1113 1119 1
1113 1120 -2
1114 1117 2
1114 1118 -4
1114 1119 -1
1114 1120 4
1115 1117 2
1115 1118 1
1115 1119 -2
1115 1120 -1
1116 1117 -4
1116 1118 -2
1116 1119 1
1116 1120 1
1121 1125 -2
1121 1126 2
1121 1127 2
1121 1128 4
1122 1125 1
1122 1126 2
1122 1127 1
1122 1128 -2
1123 1125 4
1123 1126 -2
1123 1127 1
1123 1128 -4
1124 1125 -1
1124 1126 1
1124 1127 4
1124 1128 -1
1129 1133 1
1129 1134 1
1129 1135 2
1129 1136 -1
1130 1133 4
1130 1134 2
1130 1135 -2
1130 1136 -1
1131 1133 -4
1131 1134 -4
1131 1135 -4
1131 1136 -1
1132 1133 1
1132 1134 4
1132 1135 1
1132 1136 2
1137 1141 2
1137 1142 -2
1137 1143 1
1137 1144 1
1138 1141 -4
1138 1142 2
1138 1143 -2
1138 1144 1
1139 1141 4
1139 1142 4
1139 1143 -2
1139 1144 -2
1140 1141 4
1140 1142 -2
1140 1143 1
1140 1144 -1
1145 1149 1
1145 1150 -2
1145 1151 -2
1145 1152 4
1146 1149 -4
1146 1150 -4
1146 1151 1
1146 1152 -1
1147 1149 2
1147 1150 -4
1147 1151 4
1147 1152 4
1148 1149 -2
1148 1150 2
1148 1151 -4
1148 1152 2
5 13 -4
6 14 -1
7 15 2
8 16 -1
13 21 -2
14 22 -4
15 23 2
16 24 2
21 29 4
22 30 4
23 31 -1
24 32 -1
29 37 1
30 38 1
31 39 2
32 40 -2
37 45 1
38 46 2
39 47 1
40 48 2
45 53 -1
46 54 -4
47 55 -2
48 56 2
53 61 -1
54 62 -4
55 63 4
56 64 -2
61 69 1
62 70 -4
63 71 1
64 72 2
69 77 1
70 78 -4
71 79 4
72 80 1
77 85 1
78 86 1
79 87 -1
80 88 1
85 93 -1
86 94 1
87 95 -1
88 96 -2
101 109 -2
102 110 1
103 111 -1
104 112 -4
109 117 -4
110 118 -2
111 119 2
112 120 -4
117 125 -2
118 126 2
119 127 2
120 128 -4
125 133 1
126 134 -4
127 135 4
128 136 -1
133 141 2
134 142 2
135 143 -4
136 144 -2
141 149 1
142 150 2
143 151 1
144 152 -4
149 157 4
150 158 1
151 159 -2
152 160 -2
157 165 -2
158 166 1
159 167 4
160 168 -1
165 173 2
166 174 -4
167 175 -2
168 176 -4
173 181 -1
174 182 -2
175 183 -4
176 184 4
181 189 1
182 190 -2
183 191 -2
184 192 4
197 205 -4
198 206 1
199 207 1
200 208 1
205 213 -1
206 214 -2
207 215 4
208 216 -4
213 221 1
214 222 4
215 223 -1
216 224 2
221 229 1
222 230 -2
223 231 -4
224 232 2
229 237 2
230 238 2
231 239 -1
232 240 -2
237 245 4
238 246 -1
239 247 -1
240 248 -2
245 253 -4
246 254 2
247 255 4
248 256 1
253 261 1
254 262 -1
255 263 4
256 264 -1
261 269 -2
262 270 -1
263 271 -1
264 272 -2
269 277 2
270 278 1
271 279 4
272 280 2
277 285 -4
278 286 -4
279 287 -1
280 288 -2
293 301 2
294 302 -2
295 303 2
296 304 -4
301 309 -2
302 310 -4
303 311 1
304 312 -4
309 317 -1
310 318 -4
311 319 1
312 320 -2
317 325 4
318 326 -1
319 327 1
320 328 4
325 333 1
326 334 -1
327 335 -1
328 336 2
333 341 -2
334 342 -4
335 343 2
336 344 1
341 349 -1
342 350 -1
343 351 -1
344 352 4
349 357 -4
350 358 2
351 359 4
352 360 2
357 365 -2
358 366 -4
359 367 1
360 368 -2
365 373 2
366 374 2
367 375 -4
368 376 -1
373 381 -4
374 382 1
375 383 2
376 384 4
389 397 1
390 398 -2
391 399 -2
392 400 -4
397 405 -2
398 406 2
399 407 -4
400 408 -4
405 413 -4
406 414 4
407 415 -4
408 416 -1
413 421 1
414 422 -4
415 423 1
416 424 -1
421 429 4
422 430 -2
423 431 -4
424 432 -4
429 437 -2
430 438 2
431 439 2
432 440 -4
437 445 4
438 446 4
439 447 -2
440 448 4
445 453 -2
446 454 1
447 455 1
448 456 4
453 461 -2
454 462 -4
455 463 4
456 464 2
461 469 -4
462 470 -4
463 471 2
464 472 -4
469 477 1
470 478 -4
471 479 -1
472 480 2
485 493 -1
486 494 2
487 495 -1
488 496 1
493 501 -4
494 502 -1
495 503 4
496 504 2
501 509 2
502 510 -4
503 511 4
504 512 -1
509 517 -1
510 518 4
511 519 -4
512 520 -1
517 525 1
518 526 2
519 527 -2
520 528 1
525 533 -2
526 534 4
527 535 2
528 536 -1
533 541 4
534 542 -4
535 543 2
536 544 1
541 549 -1
542 550 2
543 551 1
544 552 -1
549 557 2
550 558 -1
551 559 -2
552 560 4
557 565 1
558 566 -1
559 567 1
560 568 2
565 573 1
566 574 -2
567 575 4
568 576 4
581 589 -2
582 590 -4
583 591 1
584 592 -1
589 597 2
590 598 4
591 599 -4
592 600 -2
597 605 -2
598 606 1
599 607 -4
600 608 -4
605 613 -2
606 614 4
607 615 1
608 616 -4
613 621 2
614 622 -1
615 623 -1
616 624 -4
621 629 2
622 630 -2
623 631 -2
624 632 4
629 637 1
630 638 2
631 639 -2
632 640 -2
637 645 -2
638 646 -4
639 647 1
640 648 -1
645 653 -1
646 654 -1
647 655 4
648 656 -2
653 661 -4
654 662 1
655 663 4
656 664 2
661 669 1
662 670 2
663 671 4
664 672 -4
677 685 -4
678 686 1
679 687 -4
680 688 -4
685 693 -4
686 694 2
687 695 4
688 696 -4
693 701 2
694 702 2
695 703 -1
696 704 -1
701 709 4
702 710 -4
703 711 -1
704 712 1
709 717 -1
710 718 -2
711 719 1
712 720 1
717 725 1
718 726 -1
719 727 -1
720 728 -4
725 733 4
726 734 -2
727 735 1
728 736 -4
733 741 1
734 742 4
735 743 1
736 744 -4
741 749 4
742 750 -1
743 751 -1
744 752 4
749 757 -4
750 758 1
751 759 -4
752 760 4
757 765 -4
758 766 1
759 767 -2
760 768 2
773 781 -1
774 782 4
775 783 4
776 784 -2
781 789 1
782 790 2
783 791 -1
784 792 4
789 797 -1
790 798 4
791 799 -1
792 800 1
797 805 -1
798 806 -4
799 807 -4
800 808 4
805 813 -1
806 814 2
807 815 -1
808 816 2
813 821 4
814 822 4
815 823 4
816 824 -4
821 829 2
822 830 -1
823 831 4
824 832 -2
829 837 2
830 838 -4
831 839 2
832 840 2
837 845 4
838 846 1
839 847 4
840 848 -1
845 853 1
846 854 -4
847 855 -1
848 856 -1
853 861 -1
854 862 4
855 863 1
856 864 4
869 877 -1
870 878 -4
871 879 -2
872 880 -2
877 885 -4
878 886 -2
879 887 -1
880 888 -1
885 893 1
886 894 4
887 895 -1
888 896 2
893 901 -2
894 902 4
895 903 1
896 904 4
901 909 -1
902 910 4
903 911 4
904 912 2
909 917 -4
910 918 1
911 919 -1
912 920 -1
917 925 -2
918 926 -4
919 927 1
920 928 -2
925 933 -4
926 934 -2
927 935 4
928 936 -4
933 941 -4
934 942 -1
935 943 2
936 944 -1
941 949 4
942 950 -2
943 951 -4
944 952 1
949 957 1
950 958 1
951 959 -2
952 960 -1
965 973 1
966 974 2
967 975 -2
968 976 -4
973 981 4
974 982 -1
975 983 2
976 984 1
981 989 4
982 990 2
983 991 -1
984 992 -1
989 997 4
990 998 -1
991 999 2
992 1000 2
997 1005 -2
998 1006 -4
999 1007 -4
1000 1008 -4
1005 1013 2
1006 1014 -1
1007 1015 1
1008 1016 1
1013 1021 2
1014 1022 -1
1015 1023 2
1016 1024 2
1021 1029 -4
1022 1030 -1
1023 1031 1
1024 1032 -2
1029 1037 2
1030 1038 -2
1031 1039 -2
1032 1040 -2
1037 1045 -2
1038 1046 2
1039 1047 2
1040 1048 -4
1045 1053 2
1046 1054 1
1047 1055 1
1048 1056 4
1061 1069 -4
1062 1070 2
1063 1071 -4
1064 1072 -4
1069 1077 2
1070 1078 -4
1071 1079 -4
1072 1080 -2
1077 1085 -2
1078 1086 4
1079 1087 -1
1080 1088 4
1085 1093 2
1086 1094 1
1087 1095 -2
1088 1096 2
1093 1101 -2
1094 1102 2
1095 1103 -4
1096 1104 4
1101 1109 -4
1102 1110 1
1103 1111 -1
1104 1112 2
1109 1117 4
1110 1118 2
1111 1119 2
1112 1120 -4
1117 1125 2
1118 1126 -4
1119 1127 -1
1120 1128 2
1125 1133 4
1126 1134 -1
1127 1135 1
1128 1136 1
1133 1141 -1
1134 1142 2
1135 1143 1
1136 1144 4
1141 1149 -4
1142 1150 -1
1143 1151 4
1144 1152 -1
1 97 -4
2 98 1
3 99 1
4 100 -1
97 193 1
98 194 -4
99 195 -1
100 196 -4
193 289 -4
194 290 -2
195 291 -1
196 292 1
289 385 -4
290 386 -1
291 387 4
292 388 4
385 481 2
386 482 -4
387 483 2
388 484 -2
481 577 -1
482 578 -4
483 579 4
484 580 -4
577 673 -1
578 674 1
579 675 -2
580 676 -1
673 769 4
674 770 1
675 771 -1
676 772 -2
769 865 1
770 866 4
771 867 -2
772 868 1
865 961 -1
866 962 4
867 963 4
868 964 -4
961 1057 2
962 1058 1
963 1059 -1
964 1060 2
9 105 -2
10 106 2
11 107 1
12 108 2
105 201 1
106 202 4
107 203 -1
108 204 -1
201 297 -1
202 298 1
203 299 1
204 300 -2
297 393 1
298 394 -4
299 395 -1
300 396 -1
393 489 4
394 490 1
395 491 2
396 492 -1
489 585 1
490 586 1
491 587 2
492 588 -4
585 681 1
586 682 -1
587 683 2
588 684 1
681 777 -4
682 778 4
683 779 -1
684 780 -1
777 873 1
778 874 2
779 875 4
780 876 4
873 969 -4
874 970 2
875 971 -4
876 972 -1
969 1065 2
970 1066 4
971 1067 4
972 1068 1
17 113 2
18 114 -1
19 115 -4
20 116 4
113 209 -1
114 210 2
115 211 -4
116 212 2
209 305 2
210 306 2
211 307 2
212 308 -1
305 401 1
306 402 2
307 403 -4
308 404 -4
401 497 -4
402 498 -1
403 499 2
404 500 1
497 593 4
498 594 -2
499 595 2
500 596 4
593 689 -4
594 690 -1
595 691 -4
596 692 -4
689 785 2
690 786 1
691 787 2
692 788 -2
785 881 1
786 882 4
787 883 -1
788 884 2
881 977 1
882 978 4
883 979 -1
884 980 -4
977 1073 -1
978 1074 -4
979 1075 2
980 1076 -1
25 121 -2
26 122 -1
27 123 -4
28 124 2
121 217 4
122 218 1
123 219 -4
124 220 2
217 313 1
218 314 2
219 315 1
220 316 1
313 409 4
314 410 2
315 411 -2
316 412 4
409 505 -4
410 506 -2
411 507 2
412 508 4
505 601 -2
506 602 -2
507 603 1
508 604 -4
601 697 4
602 698 2
603 699 1
604 700 2
697 793 2
698 794 4
699 795 4
700 796 -2
793 889 4
794 890 2
795 891 2
796 892 2
889 985 2
890 986 -1
891 987 -2
892 988 -1
985 1081 2
986 1082 1
987 1083 2
988 1084 4
33 129 1
34 130 1
35 131 -1
36 132 -4
129 225 1
130 226 1
131 227 2
132 228 4
225 321 4
226 322 -4
227 323 2
228 324 2
321 417 -1
322 418 4
323 419 1
324 420 -1
417 513 4
418 514 2
419 515 1
420 516 -4
513 609 2
514 610 4
515 611 1
516 612 1
609 705 -4
610 706 2
611 707 1
612 708 -4
705 801 -1
706 802 2
707 803 -2
708 804 -1
801 897 -2
802 898 -1
803 899 -4
804 900 -4
897 993 -1
898 994 -2
899 995 -1
900 996 4
993 1089 2
994 1090 1
995 1091 -2
996 1092 1
41 137 2
42 138 4
43 139 -4
44 140 -4
137 233 -1
138 234 -1
139 235 -4
140 236 4
233 329 -1
234 330 1
235 331 1
236 332 -2
329 425 -1
330 426 1
331 427 -4
332 428 1
425 521 -4
426 522 -1
427 523 1
428 524 1
521 617 1
522 618 -4
523 619 1
524 620 2
617 713 -1
618 714 -2
619 715 4
620 716 4
713 809 1
714 810 -2
715 811 2
716 812 -2
809 905 -2
810 906 2
811 907 -1
812 908 -4
905 1001 4
906 1002 -2
907 1003 -2
908 1004 4
1001 1097 4
1002 1098 -4
1003 1099 -2
1004 1100 -2
49 145 1
50 146 -2
51 147 -1
52 148 1
145 241 -1
146 242 -2
147 243 -1
148 244 -1
241 337 -4
242 338 -4
243 339 -2
244 340 -4
337 433 -4
338 434 -1
339 435 -4
340 436 -1
433 529 2
434 530 2
435 531 4
436 532 4
529 625 1
530 626 -1
531 627 -4
532 628 4
625 721 -1
626 722 -4
627 723 -2
628 724 4
721 817 1
722 818 4
723 819 -4
724 820 2
817 913 -2
818 914 -2
819 915 1
820 916 1
913 1009 4
914 1010 4
915 1011 -1
916 1012 1
1009 1105 -1
1010 1106 4
1011 1107 -2
1012 1108 -4
57 153 2
58 154 -1
59 155 4
60 156 4
153 249 -4
154 250 4
155 251 1
156 252 2
249 345 2
250 346 -1
251 347 -4
252 348 -4
345 441 4
346 442 1
347 443 4
348 444 4
441 537 -2
442 538 1
443 539 -4
444 540 1
537 633 -1
538 634 1
539 635 1
540 636 4
633 729 -4
634 730 -4
635 731 4
636 732 1
729 825 2
730 826 -4
731 827 -4
732 828 4
825 921 -4
826 922 4
827 923 4
828 924 -4
921 1017 4
922 1018 4
923 1019 1
924 1020 -2
1017 1113 1
1018 1114 -2
1019 1115 2
1020 1116 -2
65 161 2
66 162 -1
67 163 4
68 164 -1
161 257 4
162 258 1
163 259 -1
164 260 1
257 353 -4
258 354 2
259 355 1
260 356 1
353 449 4
354 450 1
355 451 1
356 452 1
449 545 -2
450 546 2
451 547 2
452 548 -1
545 641 2
546 642 4
547 643 4
548 644 2
641 737 -1
642 738 1
643 739 4
644 740 2
737 833 4
738 834 1
739 835 -4
740 836 -1
833 929 1
834 930 -4
835 931 2
836 932 -2
929 1025 2
930 1026 -4
931 1027 4
932 1028 1
1025 1121 4
1026 1122 1
1027 1123 4
1028 1124 -2
73 169 -1
74 170 -2
75 171 1
76 172 -2
169 265 -1
170 266 -1
171 267 -2
172 268 1
265 361 2
266 362 -1
267 363 1
268 364 2
361 457 4
362 458 -2
363 459 2
364 460 -4
457 553 -2
458 554 4
459 555 2
460 556 2
553 649 -2
554 650 2
555 651 -4
556 652 1
649 745 1
650 746 -2
651 747 -1
652 748 -4
745 841 4
746 842 1
747 843 2
748 844 -2
841 937 -1
842 938 -1
843 939 -1
844 940 1
937 1033 -4
938 1034 -2
939 1035 -1
940 1036 -2
1033 1129 4
1034 1130 2
1035 1131 2
1036 1132 4
81 177 -1
82 178 -1
83 179 -1
84 180 -2
177 273 1
178 274 -1
179 275 -4
180 276 4
273 369 -4
274 370 4
275 371 4
276 372 1
369 465 -2
370 466 -2
371 467 2
372 468 1
465 561 -4
466 562 2
467 563 -4
468 564 2
561 657 4
562 658 -1
563 659 -1
564 660 1
657 753 -4
658 754 2
659 755 4
660 756 4
753 849 -4
754 850 2
755 851 -2
756 852 -2
849 945 4
850 946 4
851 947 -2
852 948 4
945 1041 4
946 1042 1
947 1043 -4
948 1044 4
1041 1137 -2
1042 1138 2
1043 1139 -4
1044 1140 -1
89 185 -2
90 186 -4
91 187 1
92 188 -2
185 281 -2
186 282 -2
187 283 -2
188 284 -4
281 377 -1
282 378 -4
283 379 2
284 380 -2
377 473 -4
378 474 -4
379 475 1
380 476 -2
473 569 -1
474 570 4
475 571 2
476 572 -2
569 665 1
570 666 1
571 667 4
572 668 -4
665 761 -2
666 762 -1
667 763 -4
668 764 -1
761 857 -1
762 858 -4
763 859 4
764 860 2
857 953 1
858 954 1
859 955 -4
860 956 1
953 1049 -2
954 1050 2
955 1051 -4
956 1052 1
1049 1145 -2
1050 1146 2
1051 1147 -2
1052 1148 -1
