#
1 1 0.173333
2 2 -0.013333
3 3 -0.066667
4 4 0.066667
5 5 -0.066667
6 6 0.146667
7 7 -0.040000
8 8 0.146667
9 9 -0.093333
10 10 0.066667
11 11 0.040000
12 12 0.146667
13 13 -0.066667
14 14 -0.173333
15 15 0.173333
16 16 0.093333
17 17 -0.066667
18 18 0.093333
19 19 -0.146667
20 20 -0.120000
21 21 -0.173333
22 22 -0.146667
23 23 -0.173333
24 24 0.173333
25 25 0.146667
26 26 -0.013333
27 27 0.066667
28 28 0.093333
29 29 -0.066667
30 30 -0.173333
31 31 0.146667
32 32 -0.146667
33 33 -0.066667
34 34 -0.173333
35 35 0.013333
36 36 0.093333
37 37 0.173333
38 38 -0.093333
39 39 0.146667
40 40 -0.200000
41 41 0.120000
42 42 0.120000
43 43 -0.120000
44 44 0.093333
45 45 0.013333
46 46 0.200000
47 47 0.093333
48 48 -0.146667
49 49 0.093333
50 50 -0.173333
51 51 -0.093333
52 52 0.173333
53 53 0.200000
54 54 0.013333
55 55 -0.200000
56 56 -0.200000
57 57 -0.173333
58 58 0.200000
59 59 -0.066667
60 60 0.093333
61 61 0.120000
62 62 0.040000
63 63 0.173333
64 64 -0.146667
65 65 0.173333
66 66 0.013333
67 67 -0.200000
68 68 0.120000
69 69 -0.093333
70 70 -0.173333
71 71 0.040000
72 72 -0.066667
73 73 -0.146667
74 74 -0.173333
75 75 0.093333
76 76 -0.146667
77 77 0.146667
78 78 -0.146667
79 79 0.173333
80 80 -0.200000
81 81 -0.040000
82 82 0.146667
83 83 -0.173333
84 84 -0.146667
85 85 -0.066667
86 86 -0.200000
87 87 -0.146667
88 88 0.173333
89 89 -0.013333
90 90 -0.093333
91 91 0.066667
92 92 0.093333
93 93 0.200000
94 94 0.066667
95 95 0.173333
96 96 -0.093333
97 97 -0.120000
98 98 0.013333
99 99 -0.120000
100 100 -0.200000
101 101 0.200000
102 102 0.200000
103 103 -0.093333
104 104 -0.013333
105 105 0.200000
106 106 0.040000
107 107 -0.040000
108 108 0.200000
109 109 0.120000
110 110 -0.146667
111 111 -0.066667
112 112 0.173333
113 113 0.040000
114 114 -0.093333
115 115 -0.200000
116 116 0.013333
117 117 0.173333
118 118 0.040000
119 119 -0.040000
120 120 -0.040000
121 121 0.200000
122 122 -0.173333
123 123 0.146667
124 124 0.200000
125 125 -0.013333
126 126 -0.013333
127 127 -0.146667
128 128 0.040000
129 129 0.040000
130 130 -0.013333
131 131 -0.066667
132 132 0.173333
133 133 -0.200000
134 134 -0.040000
135 135 0.146667
136 136 0.120000
137 137 -0.120000
138 138 0.066667
139 139 -0.173333
140 140 0.040000
141 141 0.013333
142 142 -0.120000
143 143 0.173333
144 144 -0.040000
145 145 -0.040000
146 146 0.146667
147 147 -0.066667
148 148 0.093333
149 149 0.013333
150 150 0.173333
151 151 0.146667
152 152 -0.093333
153 153 -0.146667
154 154 0.093333
155 155 -0.066667
156 156 -0.200000
157 157 0.066667
158 158 0.120000
159 159 -0.093333
160 160 -0.093333
161 161 -0.066667
162 162 0.120000
163 163 0.146667
164 164 0.173333
165 165 -0.146667
166 166 -0.200000
167 167 0.146667
168 168 -0.040000
169 169 0.040000
170 170 -0.200000
171 171 -0.173333
172 172 -0.013333
173 173 0.200000
174 174 0.173333
175 175 0.066667
176 176 -0.013333
177 177 -0.066667
178 178 0.146667
179 179 -0.040000
180 180 0.093333
181 181 -0.040000
182 182 -0.146667
183 183 -0.146667
184 184 -0.146667
185 185 0.093333
186 186 -0.120000
187 187 -0.066667
188 188 -0.013333
189 189 0.066667
190 190 0.200000
191 191 0.146667
192 192 -0.093333
193 193 -0.173333
194 194 0.093333
195 195 -0.120000
196 196 -0.013333
197 197 -0.040000
198 198 -0.013333
199 199 -0.200000
200 200 -0.040000
201 201 -0.200000
202 202 0.120000
203 203 -0.146667
204 204 0.173333
205 205 0.040000
206 206 -0.173333
207 207 0.146667
208 208 -0.093333
209 209 -0.120000
210 210 0.146667
211 211 -0.040000
212 212 0.040000
213 213 0.200000
214 214 -0.040000
215 215 -0.013333
216 216 -0.200000
217 217 0.093333
218 218 -0.093333
219 219 0.173333
220 220 0.093333
221 221 -0.120000
222 222 -0.040000
223 223 0.040000
224 224 0.013333
225 225 -0.200000
226 226 0.040000
227 227 -0.093333
228 228 -0.200000
229 229 -0.146667
230 230 0.120000
231 231 -0.120000
232 232 0.200000
233 233 0.066667
234 234 0.146667
235 235 0.120000
236 236 0.200000
237 237 -0.066667
238 238 -0.173333
239 239 0.146667
240 240 0.200000
241 241 0.066667
242 242 0.066667
243 243 -0.146667
244 244 -0.146667
245 245 -0.146667
246 246 0.120000
247 247 0.146667
248 248 -0.200000
249 249 -0.066667
250 250 -0.093333
251 251 0.173333
252 252 0.200000
253 253 -0.013333
254 254 0.093333
255 255 0.200000
256 256 -0.040000
257 257 -0.093333
258 258 0.146667
259 259 -0.146667
260 260 0.093333
261 261 0.200000
262 262 -0.066667
263 263 -0.120000
264 264 0.066667
265 265 0.093333
266 266 0.013333
267 267 0.040000
268 268 0.093333
269 269 -0.173333
270 270 0.013333
271 271 -0.146667
272 272 -0.013333
273 273 0.200000
274 274 0.013333
275 275 -0.173333
276 276 -0.013333
277 277 0.200000
278 278 0.066667
279 279 0.066667
280 280 0.146667
281 281 -0.173333
282 282 -0.013333
283 283 0.093333
284 284 -0.173333
285 285 -0.146667
286 286 -0.200000
287 287 -0.200000
288 288 0.173333
289 289 0.040000
290 290 0.093333
291 291 0.013333
292 292 -0.066667
293 293 0.146667
294 294 0.120000
295 295 0.013333
296 296 -0.040000
297 297 0.066667
298 298 -0.040000
299 299 -0.093333
300 300 0.200000
301 301 -0.120000
302 302 0.066667
303 303 0.200000
304 304 0.066667
305 305 -0.040000
306 306 0.093333
307 307 0.066667
308 308 0.013333
309 309 0.120000
310 310 -0.093333
311 311 -0.066667
312 312 -0.013333
313 313 -0.173333
314 314 0.066667
315 315 0.066667
316 316 -0.200000
317 317 -0.066667
318 318 -0.093333
319 319 0.200000
320 320 0.093333
321 321 -0.040000
322 322 -0.173333
323 323 0.173333
324 324 -0.120000
325 325 0.173333
326 326 -0.013333
327 327 -0.093333
328 328 -0.093333
329 329 -0.066667
330 330 -0.066667
331 331 -0.120000
332 332 -0.040000
333 333 0.200000
334 334 -0.013333
335 335 0.120000
336 336 -0.120000
337 337 0.040000
338 338 -0.200000
339 339 0.146667
340 340 -0.093333
341 341 -0.173333
342 342 0.013333
343 343 0.013333
344 344 0.093333
345 345 0.040000
346 346 0.066667
347 347 0.200000
348 348 0.040000
349 349 -0.173333
350 350 -0.173333
351 351 0.066667
352 352 -0.200000
353 353 -0.040000
354 354 0.120000
355 355 0.066667
356 356 -0.093333
357 357 0.093333
358 358 0.146667
359 359 0.200000
360 360 -0.146667
361 361 -0.146667
362 362 -0.200000
363 363 0.120000
364 364 0.013333
365 365 -0.173333
366 366 0.013333
367 367 -0.173333
368 368 0.013333
369 369 -0.146667
370 370 0.093333
371 371 -0.200000
372 372 0.066667
373 373 0.173333
374 374 0.040000
375 375 0.200000
376 376 0.013333
377 377 0.013333
378 378 -0.040000
379 379 0.200000
380 380 0.013333
381 381 -0.146667
382 382 0.146667
383 383 -0.120000
384 384 -0.200000
385 385 0.200000
386 386 -0.120000
387 387 -0.013333
388 388 0.120000
389 389 -0.093333
390 390 -0.120000
391 391 -0.013333
392 392 -0.120000
393 393 0.013333
394 394 0.066667
395 395 -0.013333
396 396 0.040000
397 397 0.146667
398 398 0.200000
399 399 -0.066667
400 400 0.013333
401 401 0.200000
402 402 -0.173333
403 403 0.120000
404 404 0.093333
405 405 0.146667
406 406 0.093333
407 407 0.093333
408 408 0.173333
409 409 -0.066667
410 410 0.120000
411 411 0.013333
412 412 0.040000
413 413 -0.040000
414 414 0.013333
415 415 -0.040000
416 416 0.146667
417 417 0.146667
418 418 -0.120000
419 419 0.093333
420 420 -0.146667
421 421 0.013333
422 422 0.013333
423 423 -0.093333
424 424 -0.093333
425 425 -0.013333
426 426 -0.120000
427 427 0.013333
428 428 -0.146667
429 429 -0.093333
430 430 0.173333
431 431 -0.093333
432 432 -0.066667
433 433 -0.173333
434 434 -0.040000
435 435 -0.093333
436 436 -0.173333
437 437 0.013333
438 438 -0.120000
439 439 0.200000
440 440 -0.146667
441 441 0.066667
442 442 -0.146667
443 443 0.013333
444 444 0.173333
445 445 0.120000
446 446 0.146667
447 447 -0.120000
448 448 0.066667
449 449 0.200000
450 450 0.146667
451 451 0.066667
452 452 -0.093333
453 453 0.066667
454 454 -0.120000
455 455 0.066667
456 456 0.013333
457 457 -0.093333
458 458 0.173333
459 459 0.120000
460 460 0.120000
461 461 0.040000
462 462 -0.040000
463 463 -0.200000
464 464 -0.200000
465 465 0.173333
466 466 0.120000
467 467 0.013333
468 468 -0.093333
469 469 0.093333
470 470 -0.146667
471 471 -0.146667
472 472 -0.013333
473 473 0.013333
474 474 0.066667
475 475 -0.093333
476 476 0.173333
477 477 -0.040000
478 478 -0.013333
479 479 0.040000
480 480 0.093333
481 481 0.013333
482 482 0.146667
483 483 0.066667
484 484 -0.013333
485 485 0.146667
486 486 0.120000
487 487 0.200000
488 488 -0.066667
489 489 -0.066667
490 490 0.040000
491 491 0.146667
492 492 -0.093333
493 493 -0.146667
494 494 -0.093333
495 495 -0.146667
496 496 -0.013333
497 497 -0.146667
498 498 0.173333
499 499 -0.093333
500 500 -0.040000
501 501 -0.120000
502 502 0.173333
503 503 0.093333
504 504 0.013333
505 505 0.120000
506 506 -0.200000
507 507 -0.066667
508 508 0.013333
509 509 -0.093333
510 510 0.093333
511 511 -0.200000
512 512 -0.146667
513 513 0.200000
514 514 -0.093333
515 515 -0.120000
516 516 -0.173333
517 517 0.040000
518 518 -0.066667
519 519 0.093333
520 520 -0.120000
521 521 0.173333
522 522 0.040000
523 523 -0.173333
524 524 0.146667
525 525 0.173333
526 526 -0.013333
527 527 -0.066667
528 528 0.093333
529 529 0.120000
530 530 0.013333
531 531 -0.173333
532 532 0.173333
533 533 0.093333
534 534 0.146667
535 535 -0.200000
536 536 0.040000
537 537 -0.173333
538 538 0.066667
539 539 -0.146667
540 540 0.040000
541 541 -0.173333
542 542 0.146667
543 543 0.173333
544 544 0.120000
545 545 0.120000
546 546 -0.013333
547 547 -0.040000
548 548 -0.066667
549 549 -0.200000
550 550 -0.066667
551 551 0.040000
552 552 0.040000
553 553 -0.066667
554 554 -0.093333
555 555 -0.040000
556 556 0.200000
557 557 0.093333
558 558 0.013333
559 559 -0.120000
560 560 0.146667
561 561 -0.093333
562 562 0.093333
563 563 -0.173333
564 564 0.146667
565 565 -0.173333
566 566 0.040000
567 567 -0.120000
568 568 -0.040000
569 569 -0.146667
570 570 -0.040000
571 571 0.146667
572 572 0.200000
573 573 0.040000
574 574 -0.013333
575 575 -0.173333
576 576 -0.146667
577 577 -0.093333
578 578 -0.066667
579 579 -0.066667
580 580 -0.093333
581 581 0.066667
582 582 0.066667
583 583 0.146667
584 584 0.066667
585 585 -0.120000
586 586 -0.013333
587 587 -0.200000
588 588 -0.066667
589 589 -0.146667
590 590 0.173333
591 591 -0.013333
592 592 -0.093333
593 593 -0.040000
594 594 -0.013333
595 595 0.066667
596 596 -0.093333
597 597 0.120000
598 598 -0.093333
599 599 0.093333
600 600 0.013333
601 601 -0.066667
602 602 0.200000
603 603 -0.040000
604 604 -0.200000
605 605 -0.120000
606 606 0.146667
607 607 -0.040000
608 608 0.173333
609 609 0.013333
610 610 -0.200000
611 611 -0.200000
612 612 -0.066667
613 613 -0.120000
614 614 0.040000
615 615 -0.013333
616 616 0.093333
617 617 -0.013333
618 618 -0.200000
619 619 0.040000
620 620 0.173333
621 621 0.093333
622 622 0.146667
623 623 -0.120000
624 624 -0.146667
625 625 -0.173333
626 626 0.173333
627 627 -0.173333
628 628 -0.093333
629 629 -0.040000
630 630 -0.093333
631 631 -0.200000
632 632 -0.173333
633 633 0.040000
634 634 -0.093333
635 635 0.013333
636 636 0.173333
637 637 -0.013333
638 638 -0.120000
639 639 0.013333
640 640 0.200000
641 641 0.013333
642 642 -0.066667
643 643 -0.066667
644 644 -0.013333
645 645 -0.146667
646 646 0.013333
647 647 -0.146667
648 648 -0.093333
649 649 0.120000
650 650 0.066667
651 651 -0.013333
652 652 0.200000
653 653 0.066667
654 654 0.066667
655 655 -0.200000
656 656 -0.093333
657 657 0.040000
658 658 -0.120000
659 659 -0.066667
660 660 -0.173333
661 661 0.120000
662 662 -0.146667
663 663 -0.093333
664 664 0.200000
665 665 -0.066667
666 666 -0.093333
667 667 -0.200000
668 668 0.040000
669 669 -0.146667
670 670 -0.066667
671 671 0.066667
672 672 0.066667
673 673 -0.173333
674 674 0.146667
675 675 -0.120000
676 676 -0.120000
677 677 -0.040000
678 678 0.093333
679 679 -0.066667
680 680 0.173333
681 681 0.146667
682 682 0.040000
683 683 -0.120000
684 684 -0.120000
685 685 -0.013333
686 686 -0.120000
687 687 -0.200000
688 688 0.200000
689 689 0.013333
690 690 0.200000
691 691 -0.040000
692 692 -0.120000
693 693 -0.040000
694 694 -0.120000
695 695 -0.013333
696 696 0.066667
697 697 0.173333
698 698 -0.066667
699 699 0.146667
700 700 0.173333
701 701 -0.173333
702 702 0.173333
703 703 0.200000
704 704 0.200000
705 705 0.040000
706 706 0.040000
707 707 0.173333
708 708 -0.146667
709 709 -0.146667
710 710 0.093333
711 711 0.146667
712 712 0.120000
713 713 0.013333
714 714 0.013333
715 715 0.120000
716 716 -0.173333
717 717 -0.040000
718 718 -0.093333
719 719 -0.120000
720 720 0.200000
721 721 0.200000
722 722 0.013333
723 723 0.066667
724 724 -0.120000
725 725 -0.040000
726 726 -0.146667
727 727 -0.093333
728 728 -0.173333
729 729 0.200000
730 730 -0.040000
731 731 -0.066667
732 732 -0.200000
733 733 0.173333
734 734 -0.013333
735 735 -0.200000
736 736 -0.173333
737 737 0.093333
738 738 -0.120000
739 739 -0.093333
740 740 0.173333
741 741 0.120000
742 742 -0.120000
743 743 0.013333
744 744 -0.146667
745 745 0.173333
746 746 0.040000
747 747 -0.066667
748 748 -0.040000
749 749 0.120000
750 750 -0.173333
751 751 -0.066667
752 752 0.200000
753 753 0.173333
754 754 -0.013333
755 755 -0.173333
756 756 -0.093333
757 757 0.146667
758 758 -0.040000
759 759 -0.093333
760 760 -0.066667
761 761 0.173333
762 762 -0.066667
763 763 0.120000
764 764 0.146667
765 765 0.173333
766 766 -0.040000
767 767 -0.013333
768 768 0.173333
769 769 0.200000
770 770 -0.013333
771 771 0.173333
772 772 -0.146667
773 773 -0.200000
774 774 0.120000
775 775 -0.093333
776 776 -0.093333
777 777 -0.093333
778 778 0.200000
779 779 0.040000
780 780 0.173333
781 781 -0.173333
782 782 -0.093333
783 783 0.146667
784 784 0.066667
785 785 0.120000
786 786 0.120000
787 787 -0.093333
788 788 0.093333
789 789 -0.146667
790 790 -0.146667
791 791 -0.173333
792 792 0.066667
793 793 -0.200000
794 794 -0.120000
795 795 -0.040000
796 796 -0.200000
797 797 0.200000
798 798 0.146667
799 799 -0.040000
800 800 -0.173333
801 801 0.173333
802 802 0.093333
803 803 -0.173333
804 804 -0.173333
805 805 -0.146667
806 806 0.013333
807 807 0.200000
808 808 0.200000
809 809 -0.146667
810 810 0.093333
811 811 -0.066667
812 812 -0.093333
813 813 0.200000
814 814 0.200000
815 815 -0.200000
816 816 -0.146667
817 817 0.200000
818 818 0.146667
819 819 0.120000
820 820 -0.040000
821 821 0.146667
822 822 0.093333
823 823 -0.093333
824 824 0.040000
825 825 0.173333
826 826 0.120000
827 827 0.120000
828 828 -0.093333
829 829 0.093333
830 830 -0.120000
831 831 -0.066667
832 832 0.200000
833 833 -0.013333
834 834 -0.040000
835 835 -0.013333
836 836 0.146667
837 837 0.013333
838 838 0.173333
839 839 0.146667
840 840 0.173333
841 841 0.120000
842 842 0.013333
843 843 -0.120000
844 844 -0.146667
845 845 -0.013333
846 846 -0.040000
847 847 -0.146667
848 848 0.200000
849 849 0.120000
850 850 -0.146667
851 851 -0.120000
852 852 0.013333
853 853 0.200000
854 854 -0.040000
855 855 0.120000
856 856 -0.040000
857 857 0.066667
858 858 -0.120000
859 859 -0.173333
860 860 0.093333
861 861 -0.066667
862 862 0.040000
863 863 0.093333
864 864 0.173333
865 865 0.040000
866 866 -0.066667
867 867 -0.066667
868 868 0.066667
869 869 -0.013333
870 870 0.146667
871 871 0.146667
872 872 -0.146667
873 873 0.013333
874 874 0.173333
875 875 -0.013333
876 876 0.120000
877 877 -0.173333
878 878 -0.146667
879 879 0.146667
880 880 0.093333
881 881 0.013333
882 882 0.093333
883 883 -0.093333
884 884 -0.040000
885 885 -0.120000
886 886 -0.013333
887 887 -0.120000
888 888 0.200000
889 889 0.120000
890 890 -0.066667
891 891 -0.093333
892 892 -0.013333
893 893 -0.120000
894 894 0.040000
895 895 0.200000
896 896 -0.093333
897 897 -0.146667
898 898 -0.093333
899 899 -0.066667
900 900 0.146667
901 901 0.173333
902 902 0.146667
903 903 0.200000
904 904 -0.013333
905 905 -0.066667
906 906 -0.173333
907 907 -0.146667
908 908 0.013333
909 909 -0.040000
910 910 0.146667
911 911 -0.173333
912 912 -0.066667
913 913 -0.200000
914 914 -0.173333
915 915 0.146667
916 916 -0.200000
917 917 -0.146667
918 918 -0.093333
919 919 0.200000
920 920 0.146667
921 921 -0.200000
922 922 0.120000
923 923 0.146667
924 924 0.040000
925 925 0.173333
926 926 0.093333
927 927 -0.173333
928 928 0.013333
929 929 -0.013333
930 930 -0.040000
931 931 -0.013333
932 932 0.120000
933 933 -0.013333
934 934 0.173333
935 935 -0.040000
936 936 -0.200000
937 937 -0.040000
938 938 0.146667
939 939 0.146667
940 940 0.066667
941 941 0.040000
942 942 -0.173333
943 943 -0.146667
944 944 -0.066667
945 945 0.066667
946 946 0.120000
947 947 -0.120000
948 948 0.200000
949 949 -0.200000
950 950 0.173333
951 951 -0.013333
952 952 -0.200000
953 953 -0.200000
954 954 -0.146667
955 955 0.093333
956 956 -0.146667
957 957 -0.013333
958 958 0.066667
959 959 -0.173333
960 960 0.013333
961 961 0.066667
962 962 0.093333
963 963 0.013333
964 964 -0.120000
965 965 0.146667
966 966 0.200000
967 967 -0.173333
968 968 0.173333
969 969 0.066667
970 970 -0.173333
971 971 -0.093333
972 972 -0.066667
973 973 -0.013333
974 974 0.120000
975 975 0.093333
976 976 0.093333
977 977 -0.120000
978 978 0.066667
979 979 0.040000
980 980 0.066667
981 981 0.066667
982 982 0.120000
983 983 0.013333
984 984 0.200000
985 985 -0.173333
986 986 0.093333
987 987 0.173333
988 988 -0.146667
989 989 0.040000
990 990 0.093333
991 991 -0.013333
992 992 0.013333
993 993 0.093333
994 994 -0.093333
995 995 -0.013333
996 996 0.066667
997 997 -0.173333
998 998 0.146667
999 999 0.120000
1000 1000 -0.066667
1001 1001 0.013333
1002 1002 0.173333
1003 1003 0.173333
1004 1004 0.173333
1005 1005 -0.013333
1006 1006 -0.040000
1007 1007 0.040000
1008 1008 -0.173333
1009 1009 0.013333
1010 1010 -0.173333
1011 1011 -0.200000
1012 1012 -0.120000
1013 1013 -0.146667
1014 1014 -0.200000
1015 1015 0.200000
1016 1016 -0.146667
1017 1017 -0.173333
1018 1018 0.093333
1019 1019 -0.066667
1020 1020 0.146667
1021 1021 0.146667
1022 1022 0.093333
1023 1023 -0.200000
1024 1024 -0.040000
1025 1025 0.013333
1026 1026 -0.200000
1027 1027 0.173333
1028 1028 0.066667
1029 1029 -0.066667
1030 1030 -0.146667
1031 1031 -0.120000
1032 1032 -0.040000
1033 1033 0.120000
1034 1034 -0.093333
1035 1035 -0.013333
1036 1036 0.040000
1037 1037 0.173333
1038 1038 -0.066667
1039 1039 0.173333
1040 1040 0.066667
1041 1041 0.120000
1042 1042 -0.093333
1043 1043 0.120000
1044 1044 0.040000
1045 1045 -0.093333
1046 1046 0.120000
1047 1047 0.066667
1048 1048 -0.173333
1049 1049 -0.013333
1050 1050 -0.120000
1051 1051 -0.173333
1052 1052 -0.200000
1053 1053 -0.120000
1054 1054 0.120000
1055 1055 0.173333
1056 1056 -0.066667
1057 1057 0.200000
1058 1058 -0.200000
1059 1059 0.066667
1060 1060 -0.200000
1061 1061 0.120000
1062 1062 0.093333
1063 1063 -0.146667
1064 1064 0.120000
1065 1065 0.200000
1066 1066 -0.173333
1067 1067 -0.013333
1068 1068 -0.173333
1069 1069 -0.146667
1070 1070 -0.066667
1071 1071 0.013333
1072 1072 0.173333
1073 1073 -0.013333
1074 1074 0.013333
1075 1075 -0.093333
1076 1076 0.040000
1077 1077 0.066667
1078 1078 0.120000
1079 1079 -0.146667
1080 1080 0.013333
1081 1081 -0.013333
1082 1082 -0.200000
1083 1083 -0.040000
1084 1084 0.066667
1085 1085 0.200000
1086 1086 -0.066667
1087 1087 0.093333
1088 1088 -0.173333
1089 1089 -0.013333
1090 1090 0.120000
1091 1091 0.093333
1092 1092 0.013333
1093 1093 0.093333
1094 1094 0.146667
1095 1095 0.146667
1096 1096 -0.093333
1097 1097 -0.120000
1098 1098 0.173333
1099 1099 0.093333
1100 1100 -0.093333
1101 1101 0.040000
1102 1102 0.173333
1103 1103 -0.040000
1104 1104 0.093333
1105 1105 0.066667
1106 1106 0.066667
1107 1107 -0.200000
1108 1108 -0.120000
1109 1109 -0.146667
1110 1110 0.093333
1111 1111 -0.066667
1112 1112 -0.173333
1113 1113 -0.120000
1114 1114 0.093333
1115 1115 0.173333
1116 1116 0.066667
1117 1117 -0.173333
1118 1118 -0.173333
1119 1119 -0.200000
1120 1120 0.093333
1121 1121 0.200000
1122 1122 0.120000
1123 1123 -0.120000
1124 1124 -0.066667
1125 1125 0.093333
1126 1126 -0.146667
1127 1127 -0.173333
1128 1128 0.200000
1129 1129 0.040000
1130 1130 -0.093333
1131 1131 -0.040000
1132 1132 0.040000
1133 1133 -0.066667
1134 1134 0.146667
1135 1135 0.093333
1136 1136 0.093333
1137 1137 -0.173333
1138 1138 -0.120000
1139 1139 -0.013333
1140 1140 -0.146667
1141 1141 0.173333
1142 1142 0.173333
1143 1143 -0.040000
1144 1144 -0.200000
1145 1145 -0.146667
1146 1146 0.146667
1147 1147 -0.146667
1148 1148 -0.066667
1149 1149 -0.093333
1150 1150 -0.013333
1151 1151 -0.173333
1152 1152 -0.013333
1 5 3.000000
1 6 -4.333333
1 7 -3.666667
1 8 1.000000
1 97 0.866667
2 5 0.466667
2 6 0.333333
2 7 -0.200000
2 8 -0.200000
2 98 0.200000
3 5 0.200000
3 6 0.600000
3 7 -3.666667
3 8 -1.000000
3 99 0.066667
4 5 1.000000
4 6 -0.066667
4 7 -5.000000
4 8 -0.733333
4 100 0.733333
5 13 0.600000
6 14 1.000000
7 15 2.333333
8 16 -3.666667
9 13 0.200000
9 14 0.200000
9 15 -0.066667
9 16 0.200000
9 105 -0.333333
10 13 0.333333
10 14 0.466667
10 15 1.000000
10 16 -0.600000
10 106 0.466667
11 13 -0.333333
11 14 -1.000000
11 15 3.666667
11 16 0.333333
11 107 -0.200000
12 13 0.866667
12 14 0.333333
12 15 0.733333
12 16 -0.866667
12 108 -0.733333
13 21 0.200000
14 22 0.600000
15 23 0.600000
16 24 -1.000000
17 21 -0.733333
17 22 0.333333
17 23 -1.666667
17 24 -0.333333
17 113 4.333333
18 21 0.866667
18 22 -0.200000
18 23 1.000000
18 24 0.600000
18 114 1.000000
19 21 -1.000000
19 22 -0.066667
19 23 0.733333
19 24 0.466667
19 115 -0.733333
20 21 -0.200000
20 22 -1.000000
20 23 -0.466667
20 24 0.200000
20 116 0.733333
21 29 -0.333333
22 30 -0.200000
23 31 0.600000
24 32 -0.200000
25 29 -0.466667
25 30 -0.200000
25 31 0.733333
25 32 -0.200000
25 121 0.466667
26 29 -0.333333
26 30 0.066667
26 31 -0.866667
26 32 -0.733333
26 122 0.333333
27 29 -0.600000
27 30 -0.200000
27 31 0.333333
27 32 -0.866667
27 123 1.000000
28 29 0.066667
28 30 -0.066667
28 31 -1.000000
28 32 -0.333333
28 124 0.866667
29 37 -0.733333
30 38 -0.733333
31 39 1.000000
32 40 -0.600000
33 37 0.066667
33 38 -0.600000
33 39 0.333333
33 40 0.333333
33 129 0.200000
34 37 -0.333333
34 38 0.333333
34 39 0.333333
34 40 -0.200000
34 130 3.666667
35 37 -0.600000
35 38 -1.000000
35 39 -0.333333
35 40 -0.600000
35 131 -0.466667
36 37 -4.333333
36 38 0.600000
36 39 0.200000
36 40 -0.200000
36 132 -1.000000
37 45 1.000000
38 46 -0.333333
39 47 -0.200000
40 48 0.600000
41 45 0.200000
41 46 -0.733333
41 47 1.000000
41 48 0.866667
41 137 -0.600000
42 45 -0.466667
42 46 5.000000
42 47 0.466667
42 48 3.000000
42 138 -3.666667
43 45 -0.600000
43 46 0.333333
43 47 2.333333
43 48 -0.333333
43 139 -0.066667
44 45 3.000000
44 46 5.000000
44 47 0.333333
44 48 0.600000
44 140 -0.333333
45 53 0.066667
46 54 1.000000
47 55 4.333333
48 56 0.066667
49 53 -3.666667
49 54 0.600000
49 55 -0.333333
49 56 0.066667
49 145 -0.733333
50 53 0.333333
50 54 -0.333333
50 55 -0.733333
50 56 -0.333333
50 146 -0.600000
51 53 -0.333333
51 54 1.000000
51 55 -1.000000
51 56 -0.066667
51 147 -0.200000
52 53 -0.333333
52 54 -0.200000
52 55 -0.200000
52 56 1.000000
52 148 0.333333
53 61 -0.733333
54 62 -4.333333
55 63 -1.666667
56 64 0.866667
57 61 -0.066667
57 62 0.866667
57 63 -0.066667
57 64 -0.866667
57 153 -0.866667
58 61 0.333333
58 62 -1.000000
58 63 -0.866667
58 64 0.200000
58 154 -1.000000
59 61 0.600000
59 62 0.066667
59 63 -0.733333
59 64 -0.200000
59 155 -0.066667
60 61 -0.333333
60 62 -1.000000
60 63 0.733333
60 64 -0.333333
60 156 -0.466667
61 69 -3.666667
62 70 0.066667
63 71 -4.333333
64 72 1.000000
65 69 1.000000
65 70 -1.000000
65 71 1.000000
65 72 -1.000000
65 161 -0.333333
66 69 0.733333
66 70 0.733333
66 71 4.333333
66 72 4.333333
66 162 -0.466667
67 69 1.000000
67 70 2.333333
67 71 0.466667
67 72 -0.733333
67 163 -4.333333
68 69 0.066667
68 70 1.666667
68 71 -4.333333
68 72 0.866667
68 164 -0.733333
69 77 2.333333
70 78 0.866667
71 79 -3.000000
72 80 -1.666667
73 77 1.000000
73 78 0.066667
73 79 1.666667
73 80 -0.333333
73 169 -0.600000
74 77 -0.333333
74 78 0.200000
74 79 0.333333
74 80 -0.466667
74 170 0.066667
75 77 0.333333
75 78 1.000000
75 79 -1.000000
75 80 2.333333
75 171 0.466667
76 77 0.333333
76 78 -0.600000
76 79 -0.200000
76 80 -1.000000
76 172 0.066667
77 85 -1.000000
78 86 0.866667
79 87 -3.666667
80 88 5.000000
81 85 -0.066667
81 86 -0.733333
81 87 -0.733333
81 88 3.666667
81 177 0.733333
82 85 0.200000
82 86 1.000000
82 87 -0.333333
82 88 -3.666667
82 178 -4.333333
83 85 -0.866667
83 86 1.000000
83 87 -1.000000
83 88 1.000000
83 179 5.000000
84 85 0.733333
84 86 0.333333
84 87 -0.733333
84 88 0.200000
84 180 -4.333333
85 93 0.066667
86 94 1.000000
87 95 -2.333333
88 96 0.600000
89 93 0.333333
89 94 -0.600000
89 95 3.000000
89 96 -0.200000
89 185 0.600000
90 93 0.600000
90 94 -0.866667
90 95 0.733333
90 96 0.600000
90 186 -0.333333
91 93 0.866667
91 94 0.733333
91 95 -0.333333
91 96 0.466667
91 187 -0.466667
92 93 0.733333
92 94 0.333333
92 95 -0.733333
92 96 0.600000
92 188 -0.066667
97 101 -0.866667
97 102 -0.466667
97 103 -0.333333
97 104 -0.066667
97 193 -0.066667
98 101 0.733333
98 102 -0.466667
98 103 -0.333333
98 104 -0.866667
98 194 1.000000
99 101 1.000000
99 102 0.733333
99 103 -0.466667
99 104 -1.000000
99 195 -0.066667
100 101 1.000000
100 102 0.600000
100 103 1.000000
100 104 0.200000
100 196 -0.600000
101 109 -0.733333
102 110 -0.066667
103 111 0.733333
104 112 -0.733333
105 109 0.066667
105 110 -0.466667
105 111 0.200000
105 112 -0.466667
105 201 -1.000000
106 109 -0.466667
106 110 0.466667
106 111 0.066667
106 112 -1.000000
106 202 0.333333
107 109 0.466667
107 110 0.600000
107 111 -0.600000
107 112 1.000000
107 203 0.066667
108 109 -0.733333
108 110 0.333333
108 111 -1.000000
108 112 0.600000
108 204 -0.200000
109 117 -0.466667
110 118 0.466667
111 119 -1.000000
112 120 0.200000
113 117 0.733333
113 118 0.066667
113 119 1.000000
113 120 0.733333
113 209 0.600000
114 117 0.333333
114 118 0.200000
114 119 0.066667
114 120 -0.733333
114 210 0.066667
115 117 -0.866667
115 118 0.066667
115 119 0.333333
115 120 -0.600000
115 211 1.000000
116 117 -0.866667
116 118 0.200000
116 119 0.866667
116 120 -1.000000
116 212 -0.466667
117 125 0.466667
118 126 0.600000
119 127 0.333333
120 128 0.066667
121 125 0.733333
121 126 -0.466667
121 127 0.600000
121 128 0.333333
121 217 0.866667
122 125 0.733333
122 126 -0.333333
122 127 -0.200000
122 128 -0.333333
122 218 0.200000
123 125 -0.600000
123 126 0.466667
123 127 0.200000
123 128 -1.000000
123 219 -0.733333
124 125 1.000000
124 126 0.200000
124 127 -0.333333
124 128 -0.066667
124 220 1.000000
125 133 -0.866667
126 134 1.000000
127 135 -0.200000
128 136 -0.066667
129 133 -1.000000
129 134 4.333333
129 135 -0.333333
129 136 0.066667
129 225 -0.066667
130 133 -0.200000
130 134 -0.866667
130 135 -3.666667
130 136 -0.866667
130 226 -3.666667
131 133 -5.000000
131 134 4.333333
131 135 0.866667
131 136 -0.733333
131 227 -0.600000
132 133 -0.733333
132 134 -5.000000
132 135 -3.000000
132 136 5.000000
132 228 0.066667
133 141 -0.600000
134 142 0.866667
135 143 -0.600000
136 144 0.733333
137 141 -0.466667
137 142 -0.333333
137 143 -0.066667
137 144 0.600000
137 233 -0.466667
138 141 0.200000
138 142 0.333333
138 143 -0.600000
138 144 0.600000
138 234 0.600000
139 141 -1.000000
139 142 -0.066667
139 143 -0.200000
139 144 0.066667
139 235 0.200000
140 141 0.733333
140 142 -0.733333
140 143 0.600000
140 144 -0.600000
140 236 0.466667
141 149 -0.866667
142 150 0.866667
143 151 0.600000
144 152 0.200000
145 149 -0.733333
145 150 0.866667
145 151 0.200000
145 152 1.000000
145 241 1.000000
146 149 -0.333333
146 150 0.466667
146 151 -0.466667
146 152 0.866667
146 242 3.666667
147 149 -0.600000
147 150 -0.866667
147 151 0.466667
147 152 -0.066667
147 243 -0.866667
148 149 -0.866667
148 150 -0.066667
148 151 0.466667
148 152 0.333333
148 244 -1.000000
149 157 -0.200000
150 158 0.066667
151 159 -0.600000
152 160 -0.866667
153 157 0.866667
153 158 0.600000
153 159 -0.733333
153 160 -0.600000
153 249 -0.866667
154 157 -0.066667
154 158 -0.066667
154 159 0.466667
154 160 -1.000000
154 250 0.200000
155 157 -0.600000
155 158 -0.466667
155 159 -0.466667
155 160 0.066667
155 251 0.600000
156 157 0.333333
156 158 0.066667
156 159 0.066667
156 160 -0.733333
156 252 -1.000000
157 165 0.733333
158 166 0.466667
159 167 -0.466667
160 168 -4.333333
161 165 0.200000
161 166 0.333333
161 167 0.333333
161 168 0.066667
161 257 -1.000000
162 165 -0.466667
162 166 -2.333333
162 167 -0.600000
162 168 -0.466667
162 258 0.066667
163 165 5.000000
163 166 2.333333
163 167 0.466667
163 168 -3.666667
163 259 -3.000000
164 165 -1.000000
164 166 -0.600000
164 167 0.733333
164 168 0.733333
164 260 0.333333
165 173 0.333333
166 174 0.066667
167 175 0.600000
168 176 -0.733333
169 173 -3.666667
169 174 0.066667
169 175 0.600000
169 176 -1.000000
169 265 -0.066667
170 173 -0.200000
170 174 0.066667
170 175 0.466667
170 176 0.333333
170 266 -0.466667
171 173 -0.466667
171 174 0.600000
171 175 -0.066667
171 176 0.466667
171 267 -0.733333
172 173 -5.000000
172 174 0.600000
172 175 0.333333
172 176 -3.666667
172 268 -0.733333
173 181 -0.333333
174 182 -0.866667
175 183 -1.000000
176 184 1.000000
177 181 2.333333
177 182 0.466667
177 183 0.466667
177 184 -0.466667
177 273 -0.866667
178 181 -1.000000
178 182 -0.333333
178 183 1.000000
178 184 3.666667
178 274 -1.666667
179 181 -0.066667
179 182 0.466667
179 183 5.000000
179 184 -3.000000
179 275 -0.866667
180 181 0.866667
180 182 0.600000
180 183 1.000000
180 184 0.333333
180 276 -0.466667
181 189 -1.000000
182 190 -0.600000
183 191 -0.733333
184 192 2.333333
185 189 -3.666667
185 190 -0.866667
185 191 -1.666667
185 192 0.866667
185 281 0.066667
186 189 -0.733333
186 190 -0.066667
186 191 -0.066667
186 192 -0.066667
186 282 0.733333
187 189 0.200000
187 190 0.466667
187 191 0.333333
187 192 -0.600000
187 283 -0.466667
188 189 -0.200000
188 190 0.733333
188 191 -5.000000
188 192 0.066667
188 284 -0.600000
193 197 -0.600000
193 198 0.333333
193 199 -0.066667
193 200 -0.066667
193 289 0.200000
194 197 0.333333
194 198 -0.466667
194 199 -0.866667
194 200 -0.733333
194 290 0.866667
195 197 0.733333
195 198 -0.200000
195 199 -0.600000
195 200 0.600000
195 291 2.333333
196 197 0.066667
196 198 0.866667
196 199 -0.600000
196 200 -0.866667
196 292 0.600000
197 205 0.066667
198 206 -0.200000
199 207 0.200000
200 208 -0.733333
201 205 0.333333
201 206 0.866667
201 207 -1.000000
201 208 0.466667
201 297 -0.066667
202 205 -1.000000
202 206 0.600000
202 207 0.466667
202 208 -0.866667
202 298 -0.333333
203 205 -0.466667
203 206 0.200000
203 207 -0.600000
203 208 0.600000
203 299 -0.600000
204 205 0.466667
204 206 -0.066667
204 207 -0.866667
204 208 0.200000
204 300 0.066667
205 213 -1.000000
206 214 0.600000
207 215 1.000000
208 216 -0.200000
209 213 -0.866667
209 214 -1.000000
209 215 0.866667
209 216 -0.866667
209 305 0.733333
210 213 -1.000000
210 214 -1.000000
210 215 -0.466667
210 216 1.000000
210 306 -0.733333
211 213 -1.000000
211 214 -0.866667
211 215 -0.333333
211 216 0.066667
211 307 0.466667
212 213 -0.333333
212 214 0.733333
212 215 -0.600000
212 216 0.200000
212 308 -0.466667
213 221 -0.200000
214 222 -1.000000
215 223 -0.200000
216 224 -0.733333
217 221 -0.600000
217 222 0.333333
217 223 0.466667
217 224 0.866667
217 313 -1.000000
218 221 0.600000
218 222 -1.000000
218 223 0.200000
218 224 0.466667
218 314 -0.333333
219 221 0.333333
219 222 0.733333
219 223 0.733333
219 224 -1.000000
219 315 -0.200000
220 221 0.866667
220 222 -0.200000
220 223 0.600000
220 224 -0.866667
220 316 -1.000000
221 229 -0.600000
222 230 -0.466667
223 231 -0.733333
224 232 0.733333
225 229 0.066667
225 230 1.000000
225 231 -0.466667
225 232 -0.466667
225 321 -0.733333
226 229 0.200000
226 230 -0.466667
226 231 -0.733333
226 232 -0.466667
226 322 -0.466667
227 229 0.733333
227 230 1.000000
227 231 -0.333333
227 232 -0.200000
227 323 1.000000
228 229 0.466667
228 230 0.733333
228 231 -0.600000
228 232 0.600000
228 324 0.733333
229 237 0.333333
230 238 0.466667
231 239 0.600000
232 240 0.866667
233 237 0.200000
233 238 -0.200000
233 239 -0.466667
233 240 -0.066667
233 329 0.733333
234 237 1.000000
234 238 1.000000
234 239 0.200000
234 240 -0.466667
234 330 0.066667
235 237 0.866667
235 238 0.866667
235 239 -1.000000
235 240 -0.466667
235 331 1.000000
236 237 -0.333333
236 238 0.866667
236 239 0.066667
236 240 -0.600000
236 332 -0.466667
237 245 0.866667
238 246 1.000000
239 247 0.600000
240 248 1.000000
241 245 0.066667
241 246 0.600000
241 247 -0.066667
241 248 -0.733333
241 337 -0.066667
242 245 -0.466667
242 246 5.000000
242 247 1.000000
242 248 -0.333333
242 338 -1.666667
243 245 -1.000000
243 246 -1.666667
243 247 1.000000
243 248 -0.600000
243 339 0.066667
244 245 0.466667
244 246 1.000000
244 247 -0.733333
244 248 0.200000
244 340 0.733333
245 253 -0.066667
246 254 -3.666667
247 255 -0.733333
248 256 -0.333333
249 253 1.000000
249 254 5.000000
249 255 -3.666667
249 256 -0.600000
249 345 0.600000
250 253 0.733333
250 254 -0.066667
250 255 -5.000000
250 256 4.333333
250 346 -5.000000
251 253 0.733333
251 254 0.866667
251 255 4.333333
251 256 0.066667
251 347 -0.733333
252 253 -0.066667
252 254 0.866667
252 255 1.000000
252 256 0.866667
252 348 -0.333333
253 261 -0.200000
254 262 0.200000
255 263 -0.333333
256 264 -0.600000
257 261 5.000000
257 262 0.733333
257 263 -3.666667
257 264 -0.333333
257 353 1.000000
258 261 0.333333
258 262 1.000000
258 263 0.866667
258 264 0.333333
258 354 -0.466667
259 261 -0.333333
259 262 -2.333333
259 263 -0.466667
259 264 0.600000
259 355 0.466667
260 261 4.333333
260 262 0.600000
260 263 -0.466667
260 264 0.866667
260 356 2.333333
261 269 0.866667
262 270 0.066667
263 271 0.733333
264 272 0.466667
265 269 -0.333333
265 270 0.066667
265 271 -0.733333
265 272 0.866667
265 361 -1.000000
266 269 0.466667
266 270 0.200000
266 271 -0.600000
266 272 -0.200000
266 362 -0.866667
267 269 1.000000
267 270 0.466667
267 271 -0.200000
267 272 0.466667
267 363 -0.066667
268 269 -0.466667
268 270 0.733333
268 271 0.600000
268 272 1.000000
268 364 -0.333333
269 277 0.066667
270 278 0.066667
271 279 0.333333
272 280 0.200000
273 277 -1.000000
273 278 0.600000
273 279 -1.000000
273 280 1.666667
273 369 -0.866667
274 277 0.466667
274 278 -0.466667
274 279 3.000000
274 280 -0.066667
274 370 -0.333333
275 277 -3.000000
275 278 1.000000
275 279 0.600000
275 280 -1.000000
275 371 0.200000
276 277 5.000000
276 278 1.000000
276 279 0.066667
276 280 0.333333
276 372 -3.666667
277 285 -1.000000
278 286 -1.000000
279 287 -2.333333
280 288 -1.000000
281 285 -0.466667
281 286 0.866667
281 287 0.600000
281 288 -0.066667
281 377 0.466667
282 285 1.000000
282 286 -0.333333
282 287 0.066667
282 288 -4.333333
282 378 -0.066667
283 285 0.066667
283 286 0.466667
283 287 -1.000000
283 288 0.600000
283 379 0.866667
284 285 0.333333
284 286 -1.000000
284 287 -0.866667
284 288 2.333333
284 380 -0.600000
289 293 -0.466667
289 294 -0.866667
289 295 0.066667
289 296 -0.466667
289 385 0.866667
290 293 0.200000
290 294 -0.866667
290 295 -0.200000
290 296 -0.466667
290 386 -0.866667
291 293 0.866667
291 294 0.733333
291 295 -0.066667
291 296 0.333333
291 387 0.333333
292 293 -0.733333
292 294 -0.333333
292 295 0.333333
292 296 -0.866667
292 388 -0.600000
293 301 0.600000
294 302 0.866667
295 303 0.733333
296 304 -0.600000
297 301 0.333333
297 302 0.466667
297 303 -1.000000
297 304 0.333333
297 393 -0.866667
298 301 -0.466667
298 302 -0.200000
298 303 0.066667
298 304 0.066667
298 394 -0.066667
299 301 0.200000
299 302 0.733333
299 303 -0.600000
299 304 -0.066667
299 395 -0.466667
300 301 -0.466667
300 302 -0.333333
300 303 -0.600000
300 304 0.600000
300 396 0.600000
301 309 0.866667
302 310 -0.733333
303 311 0.466667
304 312 -0.200000
305 309 0.600000
305 310 -0.066667
305 311 0.333333
305 312 0.066667
305 401 -1.000000
306 309 -0.066667
306 310 -0.333333
306 311 -0.066667
306 312 0.333333
306 402 2.333333
307 309 -0.466667
307 310 -0.733333
307 311 -0.333333
307 312 -1.000000
307 403 1.000000
308 309 0.733333
308 310 -0.866667
308 311 -0.200000
308 312 1.000000
308 404 1.000000
309 317 -0.333333
310 318 -0.466667
311 319 -0.333333
312 320 -0.466667
313 317 0.866667
313 318 -0.333333
313 319 -1.000000
313 320 0.466667
313 409 1.000000
314 317 0.333333
314 318 -0.733333
314 319 0.466667
314 320 0.466667
314 410 -1.000000
315 317 -0.733333
315 318 -0.600000
315 319 -1.000000
315 320 1.000000
315 411 -0.066667
316 317 0.066667
316 318 -0.200000
316 319 0.333333
316 320 0.200000
316 412 0.333333
317 325 0.200000
318 326 1.000000
319 327 -0.733333
320 328 0.866667
321 325 0.866667
321 326 0.466667
321 327 -0.333333
321 328 0.200000
321 417 -1.000000
322 325 -0.200000
322 326 -0.733333
322 327 0.866667
322 328 -0.333333
322 418 0.733333
323 325 -0.733333
323 326 -1.000000
323 327 -0.866667
323 328 0.066667
323 419 0.333333
324 325 -0.600000
324 326 -1.000000
324 327 -0.733333
324 328 -0.333333
324 420 0.600000
325 333 0.200000
326 334 -0.600000
327 335 -1.000000
328 336 0.066667
329 333 -0.333333
329 334 0.866667
329 335 1.000000
329 336 -0.733333
329 425 -1.000000
330 333 0.066667
330 334 -0.600000
330 335 -0.066667
330 336 -0.200000
330 426 -0.200000
331 333 -0.466667
331 334 0.200000
331 335 0.733333
331 336 -1.000000
331 427 -1.000000
332 333 0.733333
332 334 0.866667
332 335 -1.000000
332 336 0.066667
332 428 0.333333
333 341 0.200000
334 342 -0.066667
335 343 -0.866667
336 344 -0.333333
337 341 1.000000
337 342 -0.066667
337 343 0.600000
337 344 0.200000
337 433 0.733333
338 341 -0.600000
338 342 0.600000
338 343 -0.866667
338 344 3.666667
338 434 0.866667
339 341 0.866667
339 342 -0.066667
339 343 -1.000000
339 344 0.200000
339 435 0.200000
340 341 -0.466667
340 342 -0.200000
340 343 -0.200000
340 344 -0.866667
340 436 -0.733333
341 349 -0.600000
342 350 0.600000
343 351 0.066667
344 352 -0.866667
345 349 -0.200000
345 350 0.466667
345 351 0.733333
345 352 -0.200000
345 441 0.466667
346 349 0.200000
346 350 -0.200000
346 351 -0.333333
346 352 -0.466667
346 442 4.333333
347 349 -1.000000
347 350 0.733333
347 351 0.733333
347 352 0.066667
347 443 -0.466667
348 349 0.733333
348 350 0.866667
348 351 0.600000
348 352 0.200000
348 444 -0.600000
349 357 0.066667
350 358 0.600000
351 359 0.066667
352 360 0.333333
353 357 -0.333333
353 358 -0.200000
353 359 -0.733333
353 360 0.466667
353 449 1.000000
354 357 0.866667
354 358 -0.200000
354 359 -0.333333
354 360 -0.466667
354 450 -0.200000
355 357 0.333333
355 358 0.066667
355 359 -0.200000
355 360 1.000000
355 451 -0.733333
356 357 -0.066667
356 358 0.466667
356 359 -1.000000
356 360 -0.333333
356 452 0.600000
357 365 -0.066667
358 366 -0.866667
359 367 -0.866667
360 368 -0.733333
361 365 0.333333
361 366 0.866667
361 367 1.000000
361 368 0.600000
361 457 0.866667
362 365 0.333333
362 366 -0.066667
362 367 -0.600000
362 368 0.600000
362 458 -0.333333
363 365 0.866667
363 366 -1.000000
363 367 -0.866667
363 368 0.333333
363 459 0.200000
364 365 0.733333
364 366 0.733333
364 367 -0.466667
364 368 -0.600000
364 460 0.466667
365 373 -1.000000
366 374 0.200000
367 375 0.733333
368 376 0.733333
369 373 -0.066667
369 374 -0.866667
369 375 -0.066667
369 376 0.866667
369 465 1.666667
370 373 0.200000
370 374 0.466667
370 375 -0.466667
370 376 -0.466667
370 466 -0.733333
371 373 -2.333333
371 374 0.733333
371 375 -0.466667
371 376 0.066667
371 467 -0.733333
372 373 -0.333333
372 374 -0.866667
372 375 0.200000
372 376 1.000000
372 468 0.066667
373 381 -0.066667
374 382 0.333333
375 383 -0.333333
376 384 0.066667
377 381 0.600000
377 382 -0.866667
377 383 -0.200000
377 384 -0.466667
377 473 -0.200000
378 381 -0.066667
378 382 -0.066667
378 383 0.200000
378 384 0.600000
378 474 -0.866667
379 381 0.466667
379 382 -0.866667
379 383 0.466667
379 384 0.333333
379 475 -0.733333
380 381 1.000000
380 382 -0.866667
380 383 0.866667
380 384 0.600000
380 476 -1.000000
385 389 -0.066667
385 390 0.600000
385 391 -1.000000
385 392 -0.066667
385 481 1.000000
386 389 0.333333
386 390 0.866667
386 391 0.866667
386 392 0.066667
386 482 0.333333
387 389 3.000000
387 390 -0.333333
387 391 -0.733333
387 392 1.000000
387 483 -0.333333
388 389 -0.333333
388 390 -0.333333
388 391 -0.733333
388 392 -0.333333
388 484 0.600000
389 397 0.733333
390 398 -0.200000
391 399 0.733333
392 400 -0.466667
393 397 0.200000
393 398 1.000000
393 399 0.066667
393 400 -0.066667
393 489 0.066667
394 397 0.466667
394 398 0.866667
394 399 0.200000
394 400 0.600000
394 490 0.200000
395 397 -0.200000
395 398 -1.000000
395 399 -0.466667
395 400 -0.066667
395 491 0.600000
396 397 0.733333
396 398 -0.066667
396 399 0.200000
396 400 0.600000
396 492 0.333333
397 405 -0.200000
398 406 -1.000000
399 407 0.733333
400 408 0.466667
401 405 0.333333
401 406 0.733333
401 407 -0.733333
401 408 0.066667
401 497 -0.600000
402 405 -0.066667
402 406 0.333333
402 407 0.866667
402 408 1.000000
402 498 1.000000
403 405 -0.066667
403 406 -0.866667
403 407 -0.066667
403 408 -0.333333
403 499 -0.066667
404 405 0.200000
404 406 0.066667
404 407 -0.866667
404 408 0.733333
404 500 0.333333
405 413 -0.866667
406 414 0.466667
407 415 -0.733333
408 416 0.600000
409 413 -0.466667
409 414 -1.000000
409 415 0.333333
409 416 0.200000
409 505 1.000000
410 413 0.866667
410 414 0.333333
410 415 0.066667
410 416 1.000000
410 506 -0.733333
411 413 -0.733333
411 414 0.066667
411 415 0.066667
411 416 -1.000000
411 507 -0.333333
412 413 -0.733333
412 414 -0.466667
412 415 0.600000
412 416 0.200000
412 508 0.066667
413 421 -0.600000
414 422 -0.733333
415 423 -0.600000
416 424 -0.733333
417 421 -0.733333
417 422 0.200000
417 423 -3.000000
417 424 -0.066667
417 513 1.000000
418 421 -0.200000
418 422 0.200000
418 423 0.333333
418 424 -0.333333
418 514 0.066667
419 421 -0.466667
419 422 -0.333333
419 423 0.866667
419 424 0.333333
419 515 1.666667
420 421 0.600000
420 422 -1.000000
420 423 0.066667
420 424 -0.066667
420 516 -0.066667
421 429 0.333333
422 430 0.600000
423 431 -0.733333
424 432 -0.733333
425 429 -0.466667
425 430 -0.866667
425 431 0.600000
425 432 -3.666667
425 521 0.066667
426 429 -0.066667
426 430 -0.866667
426 431 -0.466667
426 432 0.066667
426 522 0.066667
427 429 -0.466667
427 430 -0.866667
427 431 0.200000
427 432 0.600000
427 523 0.066667
428 429 0.600000
428 430 -0.866667
428 431 -1.000000
428 432 -0.733333
428 524 -0.733333
429 437 1.666667
430 438 -0.600000
431 439 -0.066667
432 440 -2.333333
433 437 0.333333
433 438 -0.733333
433 439 0.866667
433 440 0.733333
433 529 -0.466667
434 437 -0.866667
434 438 -0.466667
434 439 -0.333333
434 440 4.333333
434 530 0.600000
435 437 0.333333
435 438 -0.600000
435 439 -0.200000
435 440 -1.000000
435 531 -0.866667
436 437 3.666667
436 438 -4.333333
436 439 1.000000
436 440 0.333333
436 532 -0.066667
437 445 0.733333
438 446 0.866667
439 447 0.733333
440 448 5.000000
441 445 -0.733333
441 446 0.733333
441 447 0.066667
441 448 -1.000000
441 537 -0.200000
442 445 0.466667
442 446 0.333333
442 447 1.000000
442 448 1.000000
442 538 0.066667
443 445 -0.733333
443 446 0.600000
443 447 -0.866667
443 448 -0.466667
443 539 -0.466667
444 445 0.066667
444 446 0.066667
444 447 0.333333
444 448 4.333333
444 540 -0.466667
445 453 1.000000
446 454 -0.600000
447 455 0.066667
448 456 2.333333
449 453 0.466667
449 454 -0.200000
449 455 -0.466667
449 456 0.200000
449 545 -0.333333
450 453 0.066667
450 454 -0.733333
450 455 0.600000
450 456 -0.200000
450 546 0.333333
451 453 2.333333
451 454 1.000000
451 455 0.200000
451 456 -0.066667
451 547 0.200000
452 453 -0.733333
452 454 0.466667
452 455 0.200000
452 456 -0.333333
452 548 -0.600000
453 461 1.000000
454 462 0.466667
455 463 0.866667
456 464 -0.466667
457 461 0.866667
457 462 0.733333
457 463 0.200000
457 464 0.066667
457 553 0.200000
458 461 -0.333333
458 462 -0.200000
458 463 0.333333
458 464 -1.000000
458 554 0.066667
459 461 0.200000
459 462 -0.600000
459 463 -0.333333
459 464 0.866667
459 555 0.733333
460 461 -0.466667
460 462 -0.733333
460 463 -1.000000
460 464 0.333333
460 556 -0.466667
461 469 -0.600000
462 470 0.866667
463 471 -0.866667
464 472 0.200000
465 469 1.000000
465 470 1.000000
465 471 -0.066667
465 472 -0.200000
465 561 -0.600000
466 469 0.733333
466 470 -0.466667
466 471 0.733333
466 472 0.066667
466 562 0.200000
467 469 0.866667
467 470 -0.733333
467 471 0.066667
467 472 1.000000
467 563 -1.000000
468 469 -0.333333
468 470 -0.866667
468 471 -0.466667
468 472 0.066667
468 564 1.000000
469 477 -0.733333
470 478 -0.600000
471 479 0.333333
472 480 0.333333
473 477 1.000000
473 478 0.200000
473 479 -0.333333
473 480 0.866667
473 569 0.600000
474 477 0.200000
474 478 -0.733333
474 479 -0.733333
474 480 0.066667
474 570 -0.200000
475 477 -0.600000
475 478 -0.200000
475 479 -0.333333
475 480 -0.866667
475 571 -1.000000
476 477 0.866667
476 478 -0.466667
476 479 0.600000
476 480 -0.733333
476 572 0.200000
481 485 0.600000
481 486 -0.466667
481 487 -0.733333
481 488 -0.733333
481 577 -0.866667
482 485 -1.000000
482 486 -0.066667
482 487 -0.066667
482 488 0.200000
482 578 0.333333
483 485 0.600000
483 486 -0.866667
483 487 -1.000000
483 488 -0.333333
483 579 -0.600000
484 485 -0.466667
484 486 -0.200000
484 487 0.466667
484 488 -0.466667
484 580 -0.200000
485 493 1.666667
486 494 0.600000
487 495 0.200000
488 496 1.000000
489 493 -1.000000
489 494 -0.733333
489 495 -0.866667
489 496 1.000000
489 585 0.333333
490 493 0.466667
490 494 -0.866667
490 495 0.066667
490 496 0.600000
490 586 -0.866667
491 493 -0.066667
491 494 0.066667
491 495 -0.066667
491 496 -0.466667
491 587 -0.200000
492 493 -0.200000
492 494 -1.000000
492 495 0.600000
492 496 0.866667
492 588 -0.466667
493 501 1.000000
494 502 1.000000
495 503 0.733333
496 504 0.866667
497 501 -1.000000
497 502 -0.733333
497 503 0.466667
497 504 0.333333
497 593 1.000000
498 501 0.466667
498 502 0.866667
498 503 0.333333
498 504 -2.333333
498 594 1.666667
499 501 1.000000
499 502 1.666667
499 503 -3.666667
499 504 -1.000000
499 595 0.066667
500 501 0.333333
500 502 0.733333
500 503 -0.200000
500 504 -0.733333
500 596 0.200000
501 509 3.000000
502 510 0.333333
503 511 0.333333
504 512 -1.666667
505 509 0.733333
505 510 -0.333333
505 511 -0.733333
505 512 1.000000
505 601 -1.000000
506 509 0.333333
506 510 0.333333
506 511 0.066667
506 512 -0.466667
506 602 -0.200000
507 509 -0.466667
507 510 0.200000
507 511 0.333333
507 512 0.733333
507 603 -1.000000
508 509 -5.000000
508 510 -0.066667
508 511 -0.600000
508 512 1.000000
508 604 0.200000
509 517 -1.000000
510 518 -0.866667
511 519 0.333333
512 520 1.000000
513 517 0.866667
513 518 0.466667
513 519 0.066667
513 520 -0.600000
513 609 0.200000
514 517 -0.333333
514 518 -0.866667
514 519 -0.466667
514 520 0.600000
514 610 1.000000
515 517 -0.600000
515 518 -0.200000
515 519 -0.466667
515 520 -0.733333
515 611 0.466667
516 517 0.866667
516 518 0.066667
516 519 -0.333333
516 520 -0.066667
516 612 0.733333
517 525 0.066667
518 526 -0.600000
519 527 0.733333
520 528 -0.466667
521 525 -0.333333
521 526 -0.600000
521 527 -0.866667
521 528 0.866667
521 617 -0.333333
522 525 -0.866667
522 526 -0.866667
522 527 0.333333
522 528 0.600000
522 618 0.866667
523 525 0.733333
523 526 -0.333333
523 527 1.000000
523 528 -0.466667
523 619 0.733333
524 525 -0.866667
524 526 -0.866667
524 527 -0.866667
524 528 0.200000
524 620 -0.333333
525 533 0.333333
526 534 -1.000000
527 535 -1.000000
528 536 -0.866667
529 533 -0.600000
529 534 -0.733333
529 535 -0.066667
529 536 -0.066667
529 625 -1.000000
530 533 0.466667
530 534 -2.333333
530 535 0.600000
530 536 0.066667
530 626 0.733333
531 533 0.866667
531 534 1.000000
531 535 -1.000000
531 536 0.466667
531 627 0.333333
532 533 -0.466667
532 534 0.066667
532 535 0.333333
532 536 0.600000
532 628 -0.466667
533 541 0.466667
534 542 0.333333
535 543 -0.600000
536 544 -0.200000
537 541 3.666667
537 542 -0.200000
537 543 1.000000
537 544 -0.066667
537 633 -1.000000
538 541 0.200000
538 542 -0.200000
538 543 -0.200000
538 544 0.333333
538 634 0.333333
539 541 3.666667
539 542 -1.000000
539 543 0.466667
539 544 -0.600000
539 635 -0.333333
540 541 3.000000
540 542 -1.000000
540 543 -0.466667
540 544 -0.600000
540 636 -1.000000
541 549 0.866667
542 550 0.333333
543 551 -0.066667
544 552 0.066667
545 549 -0.733333
545 550 0.200000
545 551 0.200000
545 552 0.866667
545 641 -0.600000
546 549 0.200000
546 550 0.866667
546 551 0.333333
546 552 0.066667
546 642 0.333333
547 549 -1.000000
547 550 -0.066667
547 551 -0.866667
547 552 0.466667
547 643 0.600000
548 549 -0.200000
548 550 0.066667
548 551 1.000000
548 552 0.733333
548 644 -0.200000
549 557 -0.866667
550 558 0.466667
551 559 0.866667
552 560 -0.200000
553 557 0.066667
553 558 -0.866667
553 559 -0.200000
553 560 -0.866667
553 649 -0.866667
554 557 0.733333
554 558 -1.000000
554 559 -0.066667
554 560 -3.666667
554 650 0.733333
555 557 -0.866667
555 558 0.600000
555 559 0.733333
555 560 0.200000
555 651 -1.000000
556 557 -0.733333
556 558 0.466667
556 559 1.000000
556 560 -0.600000
556 652 0.466667
557 565 -0.200000
558 566 0.333333
559 567 0.866667
560 568 -0.733333
561 565 0.333333
561 566 0.200000
561 567 -0.066667
561 568 -1.000000
561 657 -0.333333
562 565 -0.333333
562 566 0.200000
562 567 -0.066667
562 568 0.066667
562 658 0.733333
563 565 -0.733333
563 566 0.866667
563 567 -0.866667
563 568 0.200000
563 659 0.066667
564 565 0.600000
564 566 0.866667
564 567 -0.733333
564 568 -0.333333
564 660 0.600000
565 573 0.733333
566 574 0.733333
567 575 0.200000
568 576 -3.000000
569 573 -0.600000
569 574 -1.000000
569 575 0.333333
569 576 0.066667
569 665 0.466667
570 573 -0.600000
570 574 1.000000
570 575 0.866667
570 576 -2.333333
570 666 -0.333333
571 573 0.333333
571 574 -1.000000
571 575 -0.066667
571 576 -0.333333
571 667 0.466667
572 573 -0.333333
572 574 0.200000
572 575 0.333333
572 576 2.333333
572 668 -3.000000
577 581 -0.866667
577 582 -0.466667
577 583 -0.333333
577 584 0.333333
577 673 1.000000
578 581 -0.066667
578 582 -0.066667
578 583 -0.200000
578 584 0.866667
578 674 0.866667
579 581 0.066667
579 582 -0.333333
579 583 2.333333
579 584 -0.733333
579 675 -0.066667
580 581 -0.466667
580 582 -1.000000
580 583 0.333333
580 584 0.333333
580 676 0.066667
581 589 0.600000
582 590 0.333333
583 591 -3.666667
584 592 0.333333
585 589 0.866667
585 590 -0.200000
585 591 -0.200000
585 592 0.600000
585 681 3.000000
586 589 -0.600000
586 590 0.733333
586 591 -0.333333
586 592 -1.000000
586 682 -0.200000
587 589 0.733333
587 590 0.733333
587 591 0.733333
587 592 1.000000
587 683 -0.866667
588 589 0.733333
588 590 -0.733333
588 591 0.066667
588 592 0.866667
588 684 0.866667
589 597 1.000000
590 598 -0.200000
591 599 0.066667
592 600 -0.866667
593 597 -0.333333
593 598 -0.600000
593 599 0.733333
593 600 -0.200000
593 689 0.200000
594 597 -0.200000
594 598 0.200000
594 599 0.200000
594 600 0.066667
594 690 0.733333
595 597 0.733333
595 598 -0.200000
595 599 0.866667
595 600 -1.000000
595 691 0.066667
596 597 -0.066667
596 598 0.466667
596 599 -0.733333
596 600 0.466667
596 692 0.866667
597 605 -0.866667
598 606 0.333333
599 607 -0.200000
600 608 -0.333333
601 605 0.733333
601 606 0.733333
601 607 -0.333333
601 608 -0.866667
601 697 0.066667
602 605 -0.200000
602 606 -0.066667
602 607 0.600000
602 608 0.866667
602 698 0.333333
603 605 0.066667
603 606 -0.200000
603 607 -0.733333
603 608 0.733333
603 699 -0.600000
604 605 -0.866667
604 606 -0.333333
604 607 0.600000
604 608 0.733333
604 700 0.866667
605 613 0.466667
606 614 1.000000
607 615 -0.733333
608 616 -0.600000
609 613 -3.666667
609 614 0.200000
609 615 0.200000
609 616 0.333333
609 705 0.333333
610 613 0.200000
610 614 0.066667
610 615 0.066667
610 616 0.066667
610 706 -0.866667
611 613 0.733333
611 614 0.066667
611 615 1.000000
611 616 -0.466667
611 707 0.333333
612 613 0.200000
612 614 -0.866667
612 615 -0.600000
612 616 -1.000000
612 708 1.000000
613 621 0.466667
614 622 0.600000
615 623 -0.066667
616 624 -0.200000
617 621 -0.600000
617 622 -0.866667
617 623 -4.333333
617 624 2.333333
617 713 0.733333
618 621 -0.066667
618 622 -0.466667
618 623 0.466667
618 624 0.733333
618 714 0.866667
619 621 0.466667
619 622 0.600000
619 623 1.000000
619 624 0.066667
619 715 0.333333
620 621 0.733333
620 622 -0.200000
620 623 0.866667
620 624 -0.066667
620 716 0.466667
621 629 0.466667
622 630 0.200000
623 631 -2.333333
624 632 -0.333333
625 629 -0.466667
625 630 0.200000
625 631 0.466667
625 632 -0.600000
625 721 -1.000000
626 629 -0.733333
626 630 -0.733333
626 631 -1.000000
626 632 0.600000
626 722 -0.600000
627 629 -0.866667
627 630 0.600000
627 631 -0.066667
627 632 0.866667
627 723 -0.066667
628 629 1.000000
628 630 0.600000
628 631 -0.066667
628 632 -1.000000
628 724 -0.866667
629 637 0.466667
630 638 0.466667
631 639 0.466667
632 640 0.200000
633 637 0.600000
633 638 -0.066667
633 639 0.466667
633 640 -0.466667
633 729 0.866667
634 637 -0.600000
634 638 -1.000000
634 639 -0.600000
634 640 0.733333
634 730 0.866667
635 637 0.733333
635 638 -1.000000
635 639 -0.866667
635 640 -0.733333
635 731 -0.866667
636 637 -0.600000
636 638 0.733333
636 639 1.000000
636 640 -0.733333
636 732 -0.466667
637 645 1.000000
638 646 0.866667
639 647 0.866667
640 648 -0.600000
641 645 -1.000000
641 646 -0.066667
641 647 -0.600000
641 648 0.066667
641 737 0.333333
642 645 0.200000
642 646 0.066667
642 647 0.333333
642 648 0.066667
642 738 0.733333
643 645 -1.000000
643 646 0.466667
643 647 -0.600000
643 648 0.333333
643 739 0.866667
644 645 0.066667
644 646 -1.000000
644 647 0.466667
644 648 0.466667
644 740 0.733333
645 653 0.733333
646 654 -0.333333
647 655 0.066667
648 656 0.333333
649 653 0.733333
649 654 0.200000
649 655 0.733333
649 656 -1.000000
649 745 -0.333333
650 653 -0.733333
650 654 -0.200000
650 655 -1.000000
650 656 -0.466667
650 746 -0.200000
651 653 0.866667
651 654 0.200000
651 655 0.600000
651 656 0.600000
651 747 -0.466667
652 653 -0.466667
652 654 -0.600000
652 655 -0.333333
652 656 0.866667
652 748 -0.733333
653 661 0.866667
654 662 -0.066667
655 663 -0.600000
656 664 0.866667
657 661 1.000000
657 662 -0.866667
657 663 -0.466667
657 664 1.000000
657 753 1.000000
658 661 -0.066667
658 662 -0.066667
658 663 -0.200000
658 664 0.333333
658 754 -0.200000
659 661 1.000000
659 662 0.733333
659 663 0.333333
659 664 -1.000000
659 755 0.733333
660 661 -0.200000
660 662 -0.466667
660 663 0.600000
660 664 -0.866667
660 756 -0.333333
661 669 0.333333
662 670 -1.000000
663 671 -0.200000
664 672 0.733333
665 669 0.866667
665 670 1.000000
665 671 1.000000
665 672 -0.066667
665 761 -0.733333
666 669 0.466667
666 670 0.333333
666 671 0.466667
666 672 -0.866667
666 762 -0.466667
667 669 -0.333333
667 670 -0.733333
667 671 -1.000000
667 672 0.333333
667 763 0.866667
668 669 -0.733333
668 670 0.733333
668 671 0.333333
668 672 0.066667
668 764 -1.000000
673 677 -0.200000
673 678 0.733333
673 679 -0.200000
673 680 -0.333333
673 769 -0.333333
674 677 3.666667
674 678 1.000000
674 679 1.000000
674 680 0.333333
674 770 -0.466667
675 677 0.200000
675 678 -0.600000
675 679 -1.000000
675 680 -0.866667
675 771 1.000000
676 677 -1.000000
676 678 -0.600000
676 679 0.866667
676 680 0.600000
676 772 -0.066667
677 685 1.000000
678 686 1.666667
679 687 0.600000
680 688 1.666667
681 685 -0.333333
681 686 4.333333
681 687 0.866667
681 688 3.000000
681 777 -0.733333
682 685 -0.466667
682 686 -1.666667
682 687 0.066667
682 688 -1.000000
682 778 -0.466667
683 685 5.000000
683 686 -0.466667
683 687 0.466667
683 688 0.600000
683 779 -3.000000
684 685 -0.466667
684 686 0.466667
684 687 -0.733333
684 688 5.000000
684 780 -0.066667
685 693 0.466667
686 694 0.333333
687 695 -1.000000
688 696 -0.600000
689 693 -0.866667
689 694 -0.200000
689 695 1.000000
689 696 -0.200000
689 785 0.600000
690 693 0.200000
690 694 0.333333
690 695 1.000000
690 696 -0.733333
690 786 0.066667
691 693 -0.066667
691 694 0.333333
691 695 -0.333333
691 696 -0.733333
691 787 0.466667
692 693 0.600000
692 694 0.466667
692 695 -0.466667
692 696 -0.600000
692 788 -0.066667
693 701 0.466667
694 702 -0.066667
695 703 -0.600000
696 704 -0.066667
697 701 1.000000
697 702 1.000000
697 703 -0.200000
697 704 -1.000000
697 793 3.666667
698 701 -0.066667
698 702 0.466667
698 703 0.866667
698 704 -0.600000
698 794 0.733333
699 701 -0.733333
699 702 -0.600000
699 703 0.200000
699 704 0.200000
699 795 -0.866667
700 701 -0.333333
700 702 -0.466667
700 703 -0.466667
700 704 0.600000
700 796 -0.600000
701 709 0.733333
702 710 1.000000
703 711 -0.466667
704 712 -0.600000
705 709 0.066667
705 710 -0.333333
705 711 -0.866667
705 712 -0.866667
705 801 0.466667
706 709 -0.600000
706 710 0.466667
706 711 -0.866667
706 712 0.466667
706 802 -0.066667
707 709 1.000000
707 710 0.333333
707 711 -0.733333
707 712 -0.066667
707 803 -0.200000
708 709 0.600000
708 710 -1.000000
708 711 0.200000
708 712 -0.333333
708 804 -0.733333
709 717 -1.000000
710 718 0.333333
711 719 -0.600000
712 720 0.466667
713 717 0.466667
713 718 -0.866667
713 719 0.200000
713 720 0.200000
713 809 -0.066667
714 717 -0.333333
714 718 0.200000
714 719 -0.733333
714 720 0.866667
714 810 0.200000
715 717 -0.600000
715 718 0.600000
715 719 -0.333333
715 720 -0.466667
715 811 -0.466667
716 717 -0.066667
716 718 -0.733333
716 719 -1.000000
716 720 -0.733333
716 812 0.066667
717 725 0.600000
718 726 0.200000
719 727 0.866667
720 728 -0.333333
721 725 -0.600000
721 726 -3.000000
721 727 -1.000000
721 728 -0.733333
721 817 4.333333
722 725 1.000000
722 726 0.866667
722 727 0.333333
722 728 -0.733333
722 818 -0.200000
723 725 -0.466667
723 726 1.000000
723 727 0.866667
723 728 -1.000000
723 819 0.733333
724 725 0.866667
724 726 -0.866667
724 727 0.866667
724 728 -3.666667
724 820 3.000000
725 733 0.066667
726 734 -0.600000
727 735 0.600000
728 736 -0.200000
729 733 -0.066667
729 734 0.066667
729 735 -0.333333
729 736 1.000000
729 825 -1.000000
730 733 -0.600000
730 734 1.000000
730 735 0.066667
730 736 0.600000
730 826 -0.066667
731 733 0.466667
731 734 0.600000
731 735 -0.333333
731 736 -0.600000
731 827 0.866667
732 733 -0.866667
732 734 0.866667
732 735 3.666667
732 736 -0.200000
732 828 2.333333
733 741 0.066667
734 742 -0.200000
735 743 -0.466667
736 744 -0.066667
737 741 -1.000000
737 742 0.333333
737 743 -0.200000
737 744 -0.066667
737 833 0.733333
738 741 0.466667
738 742 -0.200000
738 743 -0.600000
738 744 -1.000000
738 834 -0.866667
739 741 0.466667
739 742 1.000000
739 743 -0.600000
739 744 -0.066667
739 835 0.866667
740 741 -0.866667
740 742 0.333333
740 743 0.866667
740 744 0.333333
740 836 -0.066667
741 749 0.466667
742 750 0.866667
743 751 -0.733333
744 752 -0.200000
745 749 0.200000
745 750 0.466667
745 751 -0.733333
745 752 0.200000
745 841 -1.000000
746 749 -0.733333
746 750 -0.733333
746 751 -0.333333
746 752 -0.066667
746 842 -0.866667
747 749 -1.000000
747 750 -0.333333
747 751 0.733333
747 752 -0.866667
747 843 -1.000000
748 749 -1.000000
748 750 -0.466667
748 751 -0.466667
748 752 0.600000
748 844 0.600000
749 757 0.333333
750 758 -0.600000
751 759 0.066667
752 760 0.066667
753 757 -0.733333
753 758 0.333333
753 759 -0.866667
753 760 1.000000
753 849 -0.600000
754 757 -0.066667
754 758 0.466667
754 759 0.600000
754 760 0.866667
754 850 1.000000
755 757 1.000000
755 758 -2.333333
755 759 0.466667
755 760 -0.600000
755 851 -0.733333
756 757 -0.333333
756 758 1.000000
756 759 0.466667
756 760 0.733333
756 852 -0.333333
757 765 0.733333
758 766 -0.866667
759 767 -0.200000
760 768 0.466667
761 765 -0.066667
761 766 -0.733333
761 767 -0.866667
761 768 0.600000
761 857 0.733333
762 765 -1.000000
762 766 1.000000
762 767 -0.600000
762 768 -0.333333
762 858 0.333333
763 765 -0.600000
763 766 0.333333
763 767 0.466667
763 768 -0.466667
763 859 -1.000000
764 765 -0.733333
764 766 -0.066667
764 767 -0.200000
764 768 0.866667
764 860 1.000000
769 773 0.600000
769 774 -0.866667
769 775 -0.066667
769 776 0.466667
769 865 0.600000
770 773 0.333333
770 774 -0.466667
770 775 0.733333
770 776 0.333333
770 866 -0.333333
771 773 -0.600000
771 774 0.600000
771 775 -0.333333
771 776 -0.866667
771 867 0.200000
772 773 0.733333
772 774 -1.666667
772 775 -0.066667
772 776 2.333333
772 868 3.000000
773 781 0.466667
774 782 -0.600000
775 783 -0.866667
776 784 -0.733333
777 781 -0.600000
777 782 0.466667
777 783 -0.600000
777 784 1.000000
777 873 1.000000
778 781 0.066667
778 782 1.000000
778 783 -0.333333
778 784 -0.733333
778 874 0.733333
779 781 -0.866667
779 782 -0.733333
779 783 0.600000
779 784 -4.333333
779 875 -0.066667
780 781 0.733333
780 782 0.066667
780 783 -0.866667
780 784 0.466667
780 876 -0.600000
781 789 -0.733333
782 790 0.066667
783 791 -1.000000
784 792 0.600000
785 789 -0.333333
785 790 -0.466667
785 791 -0.333333
785 792 0.333333
785 881 0.600000
786 789 0.200000
786 790 0.200000
786 791 -0.066667
786 792 -0.866667
786 882 0.333333
787 789 0.333333
787 790 0.200000
787 791 -0.733333
787 792 0.466667
787 883 0.733333
788 789 -1.000000
788 790 -1.000000
788 791 -0.600000
788 792 -0.866667
788 884 0.200000
789 797 -1.000000
790 798 -0.333333
791 799 0.733333
792 800 -1.000000
793 797 0.333333
793 798 -0.200000
793 799 -0.200000
793 800 -0.733333
793 889 -1.000000
794 797 -0.600000
794 798 0.466667
794 799 1.000000
794 800 -0.066667
794 890 -0.733333
795 797 -0.866667
795 798 -0.466667
795 799 -0.733333
795 800 -1.000000
795 891 0.066667
796 797 0.866667
796 798 0.600000
796 799 1.000000
796 800 -0.333333
796 892 -1.000000
797 805 -0.466667
798 806 -0.466667
799 807 0.333333
800 808 0.866667
801 805 0.600000
801 806 0.200000
801 807 -0.600000
801 808 0.600000
801 897 -0.600000
802 805 0.066667
802 806 -0.066667
802 807 0.066667
802 808 -0.866667
802 898 -0.733333
803 805 -0.066667
803 806 -0.333333
803 807 0.066667
803 808 0.866667
803 899 -0.333333
804 805 0.200000
804 806 0.600000
804 807 0.066667
804 808 0.333333
804 900 1.000000
805 813 -0.066667
806 814 0.200000
807 815 0.200000
808 816 0.733333
809 813 -0.066667
809 814 0.466667
809 815 -0.066667
809 816 -1.000000
809 905 0.733333
810 813 0.066667
810 814 0.600000
810 815 -0.200000
810 816 0.066667
810 906 0.466667
811 813 0.733333
811 814 1.000000
811 815 0.866667
811 816 -0.600000
811 907 0.600000
812 813 0.200000
812 814 -0.733333
812 815 0.733333
812 816 -0.200000
812 908 0.600000
813 821 0.333333
814 822 -2.333333
815 823 0.866667
816 824 0.466667
817 821 -0.066667
817 822 0.200000
817 823 1.000000
817 824 -0.600000
817 913 0.333333
818 821 0.333333
818 822 0.866667
818 823 3.666667
818 824 1.666667
818 914 -1.000000
819 821 0.066667
819 822 0.733333
819 823 -0.466667
819 824 -0.066667
819 915 -0.866667
820 821 -0.333333
820 822 -0.600000
820 823 0.866667
820 824 0.333333
820 916 -0.600000
821 829 0.733333
822 830 0.333333
823 831 -1.000000
824 832 1.666667
825 829 0.066667
825 830 -1.666667
825 831 -0.733333
825 832 4.333333
825 921 0.733333
826 829 0.200000
826 830 0.466667
826 831 1.000000
826 832 -1.000000
826 922 -0.200000
827 829 -0.066667
827 830 0.333333
827 831 0.866667
827 832 -0.466667
827 923 0.333333
828 829 0.333333
828 830 1.000000
828 831 -0.600000
828 832 -1.000000
828 924 -1.000000
829 837 -0.333333
830 838 -0.333333
831 839 0.333333
832 840 4.333333
833 837 -0.733333
833 838 -0.066667
833 839 1.666667
833 840 -0.466667
833 929 1.666667
834 837 0.600000
834 838 -0.466667
834 839 0.066667
834 840 -0.733333
834 930 0.200000
835 837 -0.600000
835 838 -0.733333
835 839 -0.466667
835 840 -0.066667
835 931 0.333333
836 837 -0.066667
836 838 -1.000000
836 839 -0.333333
836 840 0.066667
836 932 -0.200000
837 845 0.200000
838 846 -0.466667
839 847 0.600000
840 848 0.333333
841 845 0.733333
841 846 0.733333
841 847 -1.000000
841 848 -0.466667
841 937 0.066667
842 845 -0.600000
842 846 -1.000000
842 847 -0.733333
842 848 -1.000000
842 938 1.000000
843 845 0.466667
843 846 -0.333333
843 847 0.200000
843 848 -0.333333
843 939 -0.066667
844 845 -0.200000
844 846 0.066667
844 847 -1.000000
844 848 -0.066667
844 940 0.333333
845 853 0.466667
846 854 0.600000
847 855 -0.200000
848 856 -0.066667
849 853 3.000000
849 854 -0.333333
849 855 -0.466667
849 856 0.333333
849 945 2.333333
850 853 -0.866667
850 854 0.333333
850 855 -0.866667
850 856 -0.466667
850 946 -0.866667
851 853 0.333333
851 854 0.866667
851 855 -0.066667
851 856 -1.000000
851 947 -0.866667
852 853 0.866667
852 854 0.733333
852 855 2.333333
852 856 0.866667
852 948 -0.466667
853 861 -0.066667
854 862 -4.333333
855 863 -0.733333
856 864 -0.733333
857 861 0.066667
857 862 -0.866667
857 863 -0.466667
857 864 0.733333
857 953 5.000000
858 861 1.000000
858 862 -0.466667
858 863 0.066667
858 864 5.000000
858 954 -1.000000
859 861 0.466667
859 862 -0.466667
859 863 -1.000000
859 864 -0.066667
859 955 -0.733333
860 861 -0.600000
860 862 -0.066667
860 863 -0.733333
860 864 -0.066667
860 956 -0.733333
865 869 0.066667
865 870 -0.600000
865 871 -0.866667
865 872 -0.066667
865 961 -0.333333
866 869 0.066667
866 870 0.066667
866 871 -0.200000
866 872 -0.600000
866 962 -0.333333
867 869 -0.066667
867 870 0.466667
867 871 -1.000000
867 872 -0.333333
867 963 -0.200000
868 869 -0.200000
868 870 -0.200000
868 871 0.600000
868 872 -0.333333
868 964 -1.000000
869 877 1.000000
870 878 -0.866667
871 879 -0.333333
872 880 0.066667
873 877 0.066667
873 878 -1.000000
873 879 0.200000
873 880 -0.600000
873 969 0.466667
874 877 0.733333
874 878 -0.866667
874 879 -1.000000
874 880 -0.866667
874 970 0.733333
875 877 0.333333
875 878 -1.000000
875 879 -0.866667
875 880 0.866667
875 971 -0.333333
876 877 -0.066667
876 878 -0.333333
876 879 1.000000
876 880 0.200000
876 972 -0.600000
877 885 3.666667
878 886 0.866667
879 887 -0.200000
880 888 -3.666667
881 885 -0.600000
881 886 0.066667
881 887 0.466667
881 888 0.333333
881 977 0.200000
882 885 -2.333333
882 886 -0.333333
882 887 -0.333333
882 888 -1.000000
882 978 -1.000000
883 885 -0.200000
883 886 1.000000
883 887 0.733333
883 888 -0.733333
883 979 -0.333333
884 885 -0.466667
884 886 -0.733333
884 887 -0.600000
884 888 -1.000000
884 980 -0.600000
885 893 1.000000
886 894 -0.733333
887 895 1.000000
888 896 -0.333333
889 893 -0.866667
889 894 -0.333333
889 895 -1.000000
889 896 -0.600000
889 985 -0.866667
890 893 0.866667
890 894 -0.866667
890 895 0.333333
890 896 0.733333
890 986 -0.200000
891 893 -0.600000
891 894 0.333333
891 895 -1.000000
891 896 -0.866667
891 987 0.600000
892 893 -0.733333
892 894 -0.733333
892 895 -0.600000
892 896 -0.733333
892 988 -0.066667
893 901 0.600000
894 902 -0.066667
895 903 -0.200000
896 904 0.200000
897 901 -0.466667
897 902 -0.200000
897 903 1.000000
897 904 1.000000
897 993 -0.200000
898 901 -0.600000
898 902 -0.733333
898 903 1.000000
898 904 0.600000
898 994 0.333333
899 901 -1.000000
899 902 0.333333
899 903 0.600000
899 904 0.600000
899 995 -0.733333
900 901 0.733333
900 902 -0.866667
900 903 -0.600000
900 904 0.600000
900 996 -0.066667
901 909 0.333333
902 910 -0.466667
903 911 0.600000
904 912 0.866667
905 909 -0.466667
905 910 0.600000
905 911 0.866667
905 912 1.000000
905 1001 -1.000000
906 909 -0.466667
906 910 -3.666667
906 911 -4.333333
906 912 -0.600000
906 1002 -1.000000
907 909 0.600000
907 910 0.333333
907 911 -3.666667
907 912 0.733333
907 1003 -1.000000
908 909 -0.333333
908 910 -0.600000
908 911 0.066667
908 912 0.333333
908 1004 0.733333
909 917 -0.200000
910 918 -0.733333
911 919 3.666667
912 920 0.466667
913 917 -0.600000
913 918 -1.000000
913 919 -0.333333
913 920 -0.333333
913 1009 -0.333333
914 917 0.466667
914 918 0.600000
914 919 -0.200000
914 920 -0.866667
914 1010 1.000000
915 917 0.466667
915 918 -0.333333
915 919 -0.466667
915 920 0.866667
915 1011 -0.866667
916 917 -0.200000
916 918 -0.600000
916 919 0.333333
916 920 0.866667
916 1012 0.333333
917 925 0.333333
918 926 0.066667
919 927 -2.333333
920 928 -0.066667
921 925 -0.066667
921 926 0.066667
921 927 -1.000000
921 928 -0.066667
921 1017 0.866667
922 925 0.333333
922 926 0.200000
922 927 0.333333
922 928 -0.066667
922 1018 1.000000
923 925 -0.066667
923 926 1.000000
923 927 -0.866667
923 928 0.066667
923 1019 0.600000
924 925 -1.000000
924 926 2.333333
924 927 -0.600000
924 928 -0.600000
924 1020 -0.600000
925 933 1.666667
926 934 -1.000000
927 935 4.333333
928 936 1.000000
929 933 5.000000
929 934 -3.666667
929 935 1.666667
929 936 0.600000
929 1025 -1.000000
930 933 1.000000
930 934 -1.000000
930 935 -3.000000
930 936 0.733333
930 1026 -0.600000
931 933 0.200000
931 934 0.466667
931 935 3.666667
931 936 1.000000
931 1027 1.666667
932 933 -0.600000
932 934 0.466667
932 935 -1.666667
932 936 0.066667
932 1028 -3.000000
933 941 -0.600000
934 942 0.866667
935 943 1.000000
936 944 -0.600000
937 941 0.466667
937 942 0.600000
937 943 3.666667
937 944 -0.200000
937 1033 -0.866667
938 941 0.333333
938 942 -0.466667
938 943 0.066667
938 944 -0.466667
938 1034 -0.333333
939 941 0.466667
939 942 4.333333
939 943 0.733333
939 944 -3.666667
939 1035 -0.866667
940 941 0.866667
940 942 -0.466667
940 943 -1.000000
940 944 -0.333333
940 1036 1.000000
941 949 -1.000000
942 950 -1.666667
943 951 -0.733333
944 952 -3.000000
945 949 0.733333
945 950 0.600000
945 951 1.666667
945 952 2.333333
945 1041 1.000000
946 949 0.066667
946 950 -0.200000
946 951 -0.066667
946 952 -0.466667
946 1042 0.866667
947 949 -0.733333
947 950 0.733333
947 951 -0.066667
947 952 -0.066667
947 1043 0.066667
948 949 3.666667
948 950 -5.000000
948 951 0.466667
948 952 -4.333333
948 1044 5.000000
949 957 -0.600000
950 958 0.333333
951 959 0.866667
952 960 0.600000
953 957 -0.200000
953 958 0.466667
953 959 -0.066667
953 960 0.466667
953 1049 -0.200000
954 957 0.733333
954 958 0.333333
954 959 -0.600000
954 960 -0.466667
954 1050 0.466667
955 957 -0.866667
955 958 -0.600000
955 959 1.000000
955 960 0.600000
955 1051 0.200000
956 957 0.066667
956 958 -1.000000
956 959 -0.333333
956 960 -0.333333
956 1052 1.000000
961 965 0.733333
961 966 -1.000000
961 967 0.733333
961 968 -0.600000
961 1057 0.333333
962 965 3.666667
962 966 1.000000
962 967 -0.333333
962 968 1.000000
962 1058 -1.666667
963 965 -0.200000
963 966 0.200000
963 967 -1.000000
963 968 -0.600000
963 1059 -4.333333
964 965 -1.000000
964 966 0.466667
964 967 0.466667
964 968 1.000000
964 1060 -0.066667
965 973 -4.333333
966 974 -0.333333
967 975 3.666667
968 976 0.333333
969 973 -3.666667
969 974 -0.600000
969 975 0.733333
969 976 0.733333
969 1065 0.600000
970 973 0.066667
970 974 -0.066667
970 975 0.200000
970 976 1.000000
970 1066 1.000000
971 973 -5.000000
971 974 0.733333
971 975 -0.333333
971 976 -3.666667
971 1067 -0.866667
972 973 -1.000000
972 974 -0.733333
972 975 0.600000
972 976 -0.066667
972 1068 -0.466667
973 981 0.600000
974 982 -0.866667
975 983 0.600000
976 984 -0.333333
977 981 -1.000000
977 982 -0.866667
977 983 0.200000
977 984 -0.066667
977 1073 0.466667
978 981 0.066667
978 982 0.466667
978 983 0.066667
978 984 -0.200000
978 1074 0.333333
979 981 0.600000
979 982 -0.866667
979 983 0.333333
979 984 0.200000
979 1075 -0.733333
980 981 -0.466667
980 982 -0.866667
980 983 0.333333
980 984 0.600000
980 1076 -0.200000
981 989 0.600000
982 990 -0.733333
983 991 0.466667
984 992 -1.000000
985 989 -0.066667
985 990 0.466667
985 991 -0.600000
985 992 0.866667
985 1081 -0.600000
986 989 0.733333
986 990 -0.200000
986 991 -0.333333
986 992 1.000000
986 1082 -0.866667
987 989 0.466667
987 990 -1.000000
987 991 0.333333
987 992 -0.866667
987 1083 -3.666667
988 989 0.733333
988 990 0.333333
988 991 0.333333
988 992 1.000000
988 1084 -0.066667
989 997 0.733333
990 998 0.066667
991 999 -0.333333
992 1000 -2.333333
993 997 0.866667
993 998 0.600000
993 999 -0.333333
993 1000 0.333333
993 1089 0.733333
994 997 0.866667
994 998 0.600000
994 999 0.733333
994 1000 0.733333
994 1090 -0.866667
995 997 0.466667
995 998 -0.333333
995 999 -0.866667
995 1000 -0.466667
995 1091 -1.000000
996 997 0.866667
996 998 -0.333333
996 999 -0.466667
996 1000 -1.000000
996 1092 0.866667
997 1005 -0.866667
998 1006 0.200000
999 1007 0.466667
1000 1008 -0.200000
1001 1005 3.666667
1001 1006 0.200000
1001 1007 0.733333
1001 1008 -0.066667
1001 1097 -1.666667
1002 1005 -0.466667
1002 1006 -0.600000
1002 1007 1.000000
1002 1008 -0.466667
1002 1098 -0.466667
1003 1005 5.000000
1003 1006 4.333333
1003 1007 1.000000
1003 1008 1.000000
1003 1099 -0.733333
1004 1005 0.733333
1004 1006 1.000000
1004 1007 0.066667
1004 1008 -0.733333
1004 1100 -0.866667
1005 1013 0.200000
1006 1014 -0.600000
1007 1015 1.000000
1008 1016 -1.000000
1009 1013 0.866667
1009 1014 0.333333
1009 1015 -0.066667
1009 1016 0.200000
1009 1105 0.200000
1010 1013 -0.466667
1010 1014 -0.733333
1010 1015 0.333333
1010 1016 5.000000
1010 1106 3.000000
1011 1013 0.600000
1011 1014 0.066667
1011 1015 0.733333
1011 1016 -0.733333
1011 1107 0.866667
1012 1013 0.333333
1012 1014 -0.600000
1012 1015 0.333333
1012 1016 0.866667
1012 1108 -0.600000
1013 1021 0.600000
1014 1022 -0.200000
1015 1023 -0.600000
1016 1024 1.000000
1017 1021 -0.066667
1017 1022 -0.200000
1017 1023 0.066667
1017 1024 0.600000
1017 1113 -0.600000
1018 1021 0.600000
1018 1022 1.000000
1018 1023 1.000000
1018 1024 -0.866667
1018 1114 -0.733333
1019 1021 0.333333
1019 1022 -1.000000
1019 1023 0.333333
1019 1024 -0.333333
1019 1115 -1.666667
1020 1021 0.866667
1020 1022 -0.466667
1020 1023 0.600000
1020 1024 0.066667
1020 1116 -0.733333
1021 1029 -1.000000
1022 1030 -1.000000
1023 1031 1.000000
1024 1032 0.600000
1025 1029 0.866667
1025 1030 0.600000
1025 1031 5.000000
1025 1032 -0.333333
1025 1121 0.733333
1026 1029 -0.466667
1026 1030 -0.600000
1026 1031 -0.866667
1026 1032 -0.200000
1026 1122 -0.466667
1027 1029 -0.733333
1027 1030 -0.066667
1027 1031 -0.066667
1027 1032 0.866667
1027 1123 -0.733333
1028 1029 -0.333333
1028 1030 0.600000
1028 1031 0.333333
1028 1032 0.200000
1028 1124 0.200000
1029 1037 0.066667
1030 1038 -1.000000
1031 1039 0.066667
1032 1040 -0.733333
1033 1037 0.200000
1033 1038 0.866667
1033 1039 -1.000000
1033 1040 0.600000
1033 1129 -0.333333
1034 1037 -0.200000
1034 1038 1.000000
1034 1039 1.000000
1034 1040 0.866667
1034 1130 -0.333333
1035 1037 0.733333
1035 1038 0.200000
1035 1039 0.866667
1035 1040 -1.000000
1035 1131 -0.066667
1036 1037 0.733333
1036 1038 0.200000
1036 1039 1.000000
1036 1040 -0.600000
1036 1132 -0.733333
1037 1045 0.066667
1038 1046 -0.600000
1039 1047 0.733333
1040 1048 -0.333333
1041 1045 -0.066667
1041 1046 0.333333
1041 1047 -0.200000
1041 1048 -0.466667
1041 1137 1.000000
1042 1045 -0.466667
1042 1046 -0.600000
1042 1047 0.333333
1042 1048 0.600000
1042 1138 0.466667
1043 1045 0.600000
1043 1046 -0.733333
1043 1047 -0.333333
1043 1048 0.466667
1043 1139 0.600000
1044 1045 -0.600000
1044 1046 -4.333333
1044 1047 -0.066667
1044 1048 -0.733333
1044 1140 0.333333
1045 1053 0.066667
1046 1054 0.066667
1047 1055 -1.000000
1048 1056 0.200000
1049 1053 0.333333
1049 1054 0.600000
1049 1055 -0.733333
1049 1056 -0.733333
1049 1145 0.200000
1050 1053 1.000000
1050 1054 0.333333
1050 1055 0.466667
1050 1056 0.866667
1050 1146 1.000000
1051 1053 -0.200000
1051 1054 -0.200000
1051 1055 -0.066667
1051 1056 -1.000000
1051 1147 0.200000
1052 1053 -0.066667
1052 1054 0.333333
1052 1055 -1.000000
1052 1056 -0.733333
1052 1148 -0.066667
1057 1061 3.666667
1057 1062 -0.733333
1057 1063 1.000000
1057 1064 -0.333333
1058 1061 2.333333
1058 1062 -3.666667
1058 1063 0.333333
1058 1064 -1.666667
1059 1061 -0.333333
1059 1062 0.733333
1059 1063 2.333333
1059 1064 1.000000
1060 1061 -3.666667
1060 1062 -0.333333
1060 1063 0.866667
1060 1064 0.733333
1061 1069 0.200000
1062 1070 5.000000
1063 1071 2.333333
1064 1072 -1.000000
1065 1069 0.066667
1065 1070 0.333333
1065 1071 -0.866667
1065 1072 -0.200000
1066 1069 -1.000000
1066 1070 0.333333
1066 1071 -5.000000
1066 1072 -1.000000
1067 1069 -1.000000
1067 1070 0.466667
1067 1071 -1.000000
1067 1072 -0.733333
1068 1069 0.200000
1068 1070 -0.733333
1068 1071 -0.866667
1068 1072 -3.000000
1069 1077 0.600000
1070 1078 -0.600000
1071 1079 -0.333333
1072 1080 1.000000
1073 1077 -0.333333
1073 1078 -0.200000
1073 1079 1.000000
1073 1080 4.333333
1074 1077 -0.066667
1074 1078 0.333333
1074 1079 -0.066667
1074 1080 -0.866667
1075 1077 -0.200000
1075 1078 0.466667
1075 1079 0.600000
1075 1080 0.066667
1076 1077 0.066667
1076 1078 -0.333333
1076 1079 -0.600000
1076 1080 0.333333
1077 1085 0.066667
1078 1086 0.200000
1079 1087 -0.866667
1080 1088 0.733333
1081 1085 -0.200000
1081 1086 0.466667
1081 1087 -3.000000
1081 1088 1.000000
1082 1085 -3.666667
1082 1086 -0.866667
1082 1087 0.333333
1082 1088 -0.866667
1083 1085 -0.466667
1083 1086 0.600000
1083 1087 -0.466667
1083 1088 -0.466667
1084 1085 -0.600000
1084 1086 -0.333333
1084 1087 0.600000
1084 1088 0.066667
1085 1093 -0.600000
1086 1094 0.333333
1087 1095 1.000000
1088 1096 -0.466667
1089 1093 0.733333
1089 1094 0.600000
1089 1095 -1.000000
1089 1096 -1.000000
1090 1093 -0.466667
1090 1094 0.866667
1090 1095 0.066667
1090 1096 -0.066667
1091 1093 0.600000
1091 1094 0.333333
1091 1095 0.466667
1091 1096 -0.200000
1092 1093 0.200000
1092 1094 0.333333
1092 1095 5.000000
1092 1096 0.866667
1093 1101 -1.000000
1094 1102 0.066667
1095 1103 4.333333
1096 1104 -0.200000
1097 1101 0.733333
1097 1102 1.000000
1097 1103 3.000000
1097 1104 -0.333333
1098 1101 -0.466667
1098 1102 -0.600000
1098 1103 1.000000
1098 1104 0.066667
1099 1101 -3.000000
1099 1102 -0.733333
1099 1103 3.666667
1099 1104 -5.000000
1100 1101 -0.466667
1100 1102 0.333333
1100 1103 -0.600000
1100 1104 -1.000000
1101 1109 0.466667
1102 1110 -0.733333
1103 1111 -0.333333
1104 1112 1.000000
1105 1109 -0.733333
1105 1110 -0.066667
1105 1111 -0.600000
1105 1112 -0.200000
1106 1109 0.600000
1106 1110 0.200000
1106 1111 1.000000
1106 1112 -3.000000
1107 1109 0.466667
1107 1110 0.866667
1107 1111 0.333333
1107 1112 0.600000
1108 1109 0.600000
1108 1110 0.600000
1108 1111 -0.333333
1108 1112 1.000000
1109 1117 -0.066667
1110 1118 0.733333
1111 1119 -0.466667
1112 1120 -0.066667
1113 1117 -4.333333
1113 1118 1.666667
1113 1119 -0.866667
1113 1120 -0.200000
1114 1117 -0.600000
1114 1118 0.066667
1114 1119 -1.000000
1114 1120 -0.466667
1115 1117 -1.000000
1115 1118 -0.866667
1115 1119 -1.000000
1115 1120 -0.066667
1116 1117 0.733333
1116 1118 -0.066667
1116 1119 -0.466667
1116 1120 0.466667
1117 1125 0.333333
1118 1126 -0.866667
1119 1127 0.066667
1120 1128 -1.000000
1121 1125 -0.466667
1121 1126 -0.333333
1121 1127 -0.600000
1121 1128 -0.600000
1122 1125 -0.333333
1122 1126 -0.066667
1122 1127 0.066667
1122 1128 -0.600000
1123 1125 0.333333
1123 1126 -0.866667
1123 1127 1.000000
1123 1128 -0.600000
1124 1125 0.466667
1124 1126 0.733333
1124 1127 0.866667
1124 1128 1.000000
1125 1133 0.600000
1126 1134 -0.066667
1127 1135 0.600000
1128 1136 0.200000
1129 1133 -0.200000
1129 1134 -1.000000
1129 1135 2.333333
1129 1136 0.600000
1130 1133 1.000000
1130 1134 0.600000
1130 1135 -0.466667
1130 1136 0.866667
1131 1133 -1.000000
1131 1134 0.600000
1131 1135 0.066667
1131 1136 0.333333
1132 1133 0.466667
1132 1134 -0.333333
1132 1135 0.066667
1132 1136 -1.000000
1133 1141 1.000000
1134 1142 0.200000
1135 1143 -1.666667
1136 1144 -0.333333
1137 1141 -0.866667
1137 1142 -1.000000
1137 1143 -0.600000
1137 1144 3.666667
1138 1141 -0.066667
1138 1142 -0.866667
1138 1143 -0.066667
1138 1144 -0.200000
1139 1141 0.866667
1139 1142 0.066667
1139 1143 -0.066667
1139 1144 -0.200000
1140 1141 -0.066667
1140 1142 -1.000000
1140 1143 -0.466667
1140 1144 0.200000
1141 1149 1.000000
1142 1150 0.200000
1143 1151 0.333333
1144 1152 -1.000000
1145 1149 -0.866667
1145 1150 0.333333
1145 1151 0.466667
1145 1152 0.733333
1146 1149 -1.000000
1146 1150 0.066667
1146 1151 -0.200000
1146 1152 -0.466667
1147 1149 -0.333333
1147 1150 -0.200000
1147 1151 0.600000
1147 1152 -0.200000
1148 1149 0.600000
1148 1150 0.600000
1148 1151 -0.200000
1148 1152 0.066667