#
1 1 -0.093333
2 2 -0.040000
3 3 -0.013333
4 4 -0.013333
5 5 -0.146667
6 6 -0.120000
7 7 -0.066667
8 8 0.146667
9 9 -0.200000
10 10 0.200000
11 11 0.120000
12 12 -0.146667
13 13 0.093333
14 14 0.093333
15 15 -0.066667
16 16 0.120000
17 17 -0.146667
18 18 0.013333
19 19 -0.040000
20 20 0.120000
21 21 0.200000
22 22 -0.066667
23 23 0.066667
24 24 0.093333
25 25 -0.093333
26 26 -0.146667
27 27 -0.093333
28 28 -0.040000
29 29 0.013333
30 30 0.093333
31 31 -0.013333
32 32 -0.066667
33 33 0.120000
34 34 0.093333
35 35 0.013333
36 36 -0.120000
37 37 -0.120000
38 38 0.120000
39 39 -0.120000
40 40 0.200000
41 41 -0.146667
42 42 -0.066667
43 43 -0.173333
44 44 -0.040000
45 45 0.093333
46 46 0.120000
47 47 -0.173333
48 48 -0.013333
49 49 0.013333
50 50 0.040000
51 51 0.200000
52 52 -0.200000
53 53 -0.200000
54 54 0.200000
55 55 -0.013333
56 56 -0.013333
57 57 0.040000
58 58 0.066667
59 59 -0.146667
60 60 0.093333
61 61 0.146667
62 62 0.066667
63 63 -0.013333
64 64 -0.013333
65 65 0.120000
66 66 0.013333
67 67 0.146667
68 68 -0.093333
69 69 -0.093333
70 70 0.200000
71 71 0.040000
72 72 -0.066667
73 73 0.013333
74 74 -0.120000
75 75 0.093333
76 76 0.040000
77 77 0.200000
78 78 -0.200000
79 79 0.066667
80 80 -0.013333
81 81 0.040000
82 82 0.200000
83 83 -0.066667
84 84 -0.200000
85 85 0.120000
86 86 0.120000
87 87 -0.066667
88 88 0.040000
89 89 0.146667
90 90 -0.200000
91 91 0.146667
92 92 -0.200000
93 93 0.013333
94 94 -0.040000
95 95 0.173333
96 96 -0.040000
97 97 -0.200000
98 98 -0.040000
99 99 -0.040000
100 100 -0.173333
101 101 -0.146667
102 102 -0.200000
103 103 -0.013333
104 104 -0.066667
105 105 -0.093333
106 106 0.040000
107 107 -0.146667
108 108 -0.066667
109 109 0.040000
110 110 0.120000
111 111 -0.200000
112 112 0.200000
113 113 -0.040000
114 114 -0.173333
115 115 0.120000
116 116 0.093333
117 117 -0.093333
118 118 -0.040000
119 119 0.040000
120 120 -0.040000
121 121 0.040000
122 122 -0.040000
123 123 0.093333
124 124 0.066667
125 125 0.146667
126 126 -0.200000
127 127 0.120000
128 128 0.120000
129 129 -0.173333
130 130 -0.120000
131 131 0.173333
132 132 0.013333
133 133 0.146667
134 134 0.040000
135 135 -0.200000
136 136 0.200000
137 137 -0.013333
138 138 -0.146667
139 139 -0.040000
140 140 -0.146667
141 141 -0.093333
142 142 -0.146667
143 143 -0.040000
144 144 -0.066667
145 145 0.200000
146 146 0.200000
147 147 -0.146667
148 148 -0.173333
149 149 -0.146667
150 150 0.093333
151 151 -0.146667
152 152 0.200000
153 153 0.173333
154 154 0.146667
155 155 0.013333
156 156 0.093333
157 157 -0.040000
158 158 0.173333
159 159 -0.173333
160 160 0.040000
161 161 0.040000
162 162 -0.200000
163 163 0.066667
164 164 -0.120000
165 165 0.066667
166 166 -0.146667
167 167 0.120000
168 168 0.040000
169 169 -0.093333
170 170 -0.173333
171 171 0.200000
172 172 -0.120000
173 173 -0.173333
174 174 -0.146667
175 175 -0.173333
176 176 0.146667
177 177 0.093333
178 178 0.200000
179 179 -0.040000
180 180 0.173333
181 181 -0.120000
182 182 -0.066667
183 183 -0.013333
184 184 0.013333
185 185 0.173333
186 186 -0.120000
187 187 0.066667
188 188 0.173333
189 189 -0.013333
190 190 -0.093333
191 191 0.120000
192 192 -0.173333
193 193 0.093333
194 194 -0.040000
195 195 0.146667
196 196 0.173333
197 197 0.120000
198 198 0.173333
199 199 0.040000
200 200 0.093333
201 201 -0.013333
202 202 -0.013333
203 203 0.093333
204 204 0.093333
205 205 -0.200000
206 206 -0.040000
207 207 0.013333
208 208 0.120000
209 209 0.200000
210 210 0.013333
211 211 0.013333
212 212 -0.173333
213 213 0.066667
214 214 0.200000
215 215 0.120000
216 216 0.093333
217 217 0.040000
218 218 -0.013333
219 219 0.013333
220 220 -0.200000
221 221 -0.173333
222 222 -0.146667
223 223 0.066667
224 224 0.146667
225 225 0.200000
226 226 0.093333
227 227 0.040000
228 228 0.146667
229 229 0.040000
230 230 0.040000
231 231 0.120000
232 232 -0.200000
233 233 0.120000
234 234 0.120000
235 235 0.093333
236 236 0.173333
237 237 -0.120000
238 238 -0.066667
239 239 -0.066667
240 240 0.200000
241 241 -0.040000
242 242 0.093333
243 243 0.200000
244 244 0.013333
245 245 -0.173333
246 246 0.040000
247 247 0.066667
248 248 0.066667
249 249 -0.200000
250 250 -0.146667
251 251 0.120000
252 252 0.066667
253 253 -0.066667
254 254 0.066667
255 255 -0.013333
256 256 -0.146667
257 257 0.120000
258 258 0.040000
259 259 0.013333
260 260 -0.200000
261 261 -0.146667
262 262 -0.173333
263 263 0.040000
264 264 -0.120000
265 265 0.066667
266 266 -0.200000
267 267 -0.013333
268 268 -0.093333
269 269 -0.173333
270 270 -0.093333
271 271 0.120000
272 272 -0.066667
273 273 0.200000
274 274 -0.120000
275 275 -0.040000
276 276 -0.200000
277 277 -0.120000
278 278 -0.040000
279 279 0.146667
280 280 -0.013333
281 281 0.093333
282 282 0.066667
283 283 -0.173333
284 284 -0.013333
285 285 0.040000
286 286 -0.066667
287 287 -0.040000
288 288 -0.120000
289 289 -0.040000
290 290 -0.093333
291 291 -0.093333
292 292 -0.013333
293 293 0.200000
294 294 0.200000
295 295 -0.066667
296 296 0.013333
297 297 -0.040000
298 298 0.013333
299 299 -0.040000
300 300 -0.146667
301 301 0.146667
302 302 0.146667
303 303 -0.200000
304 304 -0.093333
305 305 0.013333
306 306 -0.013333
307 307 -0.200000
308 308 0.066667
309 309 -0.093333
310 310 0.040000
311 311 0.040000
312 312 -0.173333
313 313 0.173333
314 314 0.173333
315 315 -0.013333
316 316 0.146667
317 317 0.013333
318 318 -0.040000
319 319 -0.040000
320 320 -0.066667
321 321 0.146667
322 322 -0.146667
323 323 -0.066667
324 324 -0.093333
325 325 0.200000
326 326 0.093333
327 327 0.173333
328 328 0.013333
329 329 0.013333
330 330 0.013333
331 331 -0.146667
332 332 0.173333
333 333 0.013333
334 334 -0.066667
335 335 -0.146667
336 336 -0.120000
337 337 -0.173333
338 338 0.120000
339 339 0.013333
340 340 -0.093333
341 341 0.173333
342 342 0.066667
343 343 0.040000
344 344 0.013333
345 345 -0.120000
346 346 -0.093333
347 347 -0.120000
348 348 -0.066667
349 349 0.200000
350 350 0.173333
351 351 -0.120000
352 352 -0.013333
353 353 0.146667
354 354 0.040000
355 355 -0.200000
356 356 -0.146667
357 357 0.093333
358 358 0.200000
359 359 0.013333
360 360 0.200000
361 361 0.120000
362 362 -0.146667
363 363 -0.066667
364 364 0.146667
365 365 -0.200000
366 366 -0.173333
367 367 0.013333
368 368 -0.173333
369 369 0.013333
370 370 0.040000
371 371 0.093333
372 372 -0.040000
373 373 -0.120000
374 374 0.120000
375 375 -0.200000
376 376 -0.200000
377 377 -0.066667
378 378 0.200000
379 379 0.040000
380 380 -0.093333
381 381 -0.066667
382 382 0.200000
383 383 0.040000
384 384 0.040000
385 385 0.200000
386 386 0.200000
387 387 0.146667
388 388 -0.146667
389 389 0.040000
390 390 -0.013333
391 391 -0.120000
392 392 0.066667
393 393 0.120000
394 394 -0.200000
395 395 -0.173333
396 396 -0.093333
397 397 0.200000
398 398 -0.146667
399 399 -0.146667
400 400 0.013333
401 401 0.040000
402 402 -0.146667
403 403 -0.093333
404 404 -0.066667
405 405 -0.040000
406 406 -0.066667
407 407 -0.200000
408 408 0.013333
409 409 -0.120000
410 410 -0.120000
411 411 -0.173333
412 412 0.146667
413 413 -0.120000
414 414 -0.066667
415 415 0.200000
416 416 -0.173333
417 417 0.173333
418 418 0.066667
419 419 -0.093333
420 420 0.013333
421 421 -0.093333
422 422 -0.040000
423 423 -0.013333
424 424 -0.173333
425 425 0.066667
426 426 0.120000
427 427 0.066667
428 428 -0.013333
429 429 -0.040000
430 430 -0.173333
431 431 0.173333
432 432 -0.040000
433 433 0.173333
434 434 0.200000
435 435 0.040000
436 436 -0.013333
437 437 0.120000
438 438 0.093333
439 439 0.120000
440 440 -0.066667
441 441 -0.120000
442 442 -0.200000
443 443 -0.040000
444 444 -0.173333
445 445 -0.173333
446 446 0.200000
447 447 0.066667
448 448 -0.120000
449 449 0.200000
450 450 -0.093333
451 451 -0.040000
452 452 0.040000
453 453 -0.013333
454 454 -0.146667
455 455 -0.173333
456 456 0.173333
457 457 -0.173333
458 458 0.093333
459 459 0.173333
460 460 -0.146667
461 461 -0.013333
462 462 0.120000
463 463 0.040000
464 464 0.013333
465 465 -0.120000
466 466 0.200000
467 467 0.120000
468 468 0.040000
469 469 -0.066667
470 470 0.093333
471 471 0.146667
472 472 0.093333
473 473 -0.013333
474 474 -0.146667
475 475 0.066667
476 476 0.066667
477 477 0.173333
478 478 -0.146667
479 479 0.120000
480 480 -0.120000
481 481 0.200000
482 482 -0.013333
483 483 0.146667
484 484 -0.013333
485 485 0.200000
486 486 -0.200000
487 487 -0.200000
488 488 -0.120000
489 489 0.066667
490 490 0.173333
491 491 -0.173333
492 492 -0.093333
493 493 -0.120000
494 494 -0.013333
495 495 0.173333
496 496 -0.040000
497 497 0.013333
498 498 -0.013333
499 499 0.013333
500 500 -0.200000
501 501 -0.040000
502 502 -0.013333
503 503 -0.066667
504 504 0.066667
505 505 0.040000
506 506 -0.013333
507 507 0.013333
508 508 -0.146667
509 509 -0.173333
510 510 -0.120000
511 511 -0.040000
512 512 -0.093333
513 513 0.173333
514 514 0.040000
515 515 0.040000
516 516 0.146667
517 517 -0.146667
518 518 0.173333
519 519 0.040000
520 520 0.066667
521 521 -0.200000
522 522 0.093333
523 523 0.013333
524 524 -0.146667
525 525 0.173333
526 526 0.173333
527 527 -0.146667
528 528 0.146667
529 529 0.120000
530 530 -0.120000
531 531 0.013333
532 532 -0.173333
533 533 0.120000
534 534 0.013333
535 535 -0.013333
536 536 -0.120000
537 537 0.066667
538 538 0.013333
539 539 -0.146667
540 540 -0.200000
541 541 0.013333
542 542 -0.120000
543 543 0.200000
544 544 -0.146667
545 545 -0.013333
546 546 0.013333
547 547 -0.093333
548 548 0.120000
549 549 0.066667
550 550 0.040000
551 551 -0.066667
552 552 0.093333
553 553 -0.120000
554 554 0.040000
555 555 -0.013333
556 556 0.040000
557 557 -0.120000
558 558 -0.093333
559 559 -0.120000
560 560 0.066667
561 561 -0.120000
562 562 0.120000
563 563 0.040000
564 564 -0.200000
565 565 0.013333
566 566 0.200000
567 567 0.120000
568 568 -0.120000
569 569 0.093333
570 570 -0.013333
571 571 -0.013333
572 572 -0.146667
573 573 0.173333
574 574 -0.120000
575 575 0.013333
576 576 0.013333
577 577 -0.120000
578 578 0.013333
579 579 -0.200000
580 580 -0.146667
581 581 -0.146667
582 582 0.093333
583 583 0.066667
584 584 0.146667
585 585 0.146667
586 586 -0.093333
587 587 0.200000
588 588 0.173333
589 589 -0.146667
590 590 -0.173333
591 591 0.093333
592 592 -0.093333
593 593 -0.066667
594 594 0.040000
595 595 0.200000
596 596 0.146667
597 597 0.040000
598 598 -0.093333
599 599 0.173333
600 600 0.120000
601 601 0.040000
602 602 -0.066667
603 603 0.120000
604 604 -0.173333
605 605 -0.200000
606 606 0.173333
607 607 0.146667
608 608 0.040000
609 609 -0.093333
610 610 0.066667
611 611 -0.173333
612 612 0.120000
613 613 -0.013333
614 614 -0.173333
615 615 0.173333
616 616 -0.200000
617 617 0.200000
618 618 0.146667
619 619 -0.200000
620 620 0.066667
621 621 -0.013333
622 622 0.120000
623 623 -0.013333
624 624 0.093333
625 625 0.040000
626 626 0.040000
627 627 0.173333
628 628 0.066667
629 629 -0.173333
630 630 -0.120000
631 631 0.200000
632 632 0.173333
633 633 -0.120000
634 634 0.173333
635 635 -0.146667
636 636 -0.120000
637 637 -0.146667
638 638 -0.146667
639 639 -0.173333
640 640 0.013333
641 641 0.040000
642 642 -0.200000
643 643 -0.093333
644 644 -0.040000
645 645 0.173333
646 646 -0.066667
647 647 -0.120000
648 648 0.093333
649 649 -0.146667
650 650 -0.146667
651 651 0.093333
652 652 0.093333
653 653 0.093333
654 654 0.200000
655 655 -0.146667
656 656 0.173333
657 657 -0.120000
658 658 -0.066667
659 659 0.200000
660 660 0.040000
661 661 0.120000
662 662 0.066667
663 663 -0.200000
664 664 0.093333
665 665 0.013333
666 666 -0.146667
667 667 0.066667
668 668 -0.093333
669 669 0.120000
670 670 -0.200000
671 671 0.040000
672 672 -0.066667
673 673 0.173333
674 674 0.173333
675 675 0.013333
676 676 -0.066667
677 677 -0.200000
678 678 -0.040000
679 679 0.120000
680 680 -0.093333
681 681 0.173333
682 682 -0.200000
683 683 -0.200000
684 684 0.040000
685 685 -0.146667
686 686 0.093333
687 687 -0.066667
688 688 -0.066667
689 689 0.013333
690 690 0.066667
691 691 -0.040000
692 692 0.040000
693 693 -0.120000
694 694 -0.093333
695 695 0.200000
696 696 -0.093333
697 697 -0.173333
698 698 0.040000
699 699 0.040000
700 700 0.120000
701 701 -0.013333
702 702 0.173333
703 703 -0.146667
704 704 0.093333
705 705 -0.066667
706 706 0.146667
707 707 0.146667
708 708 -0.093333
709 709 -0.040000
710 710 -0.093333
711 711 -0.040000
712 712 -0.013333
713 713 -0.040000
714 714 -0.120000
715 715 -0.093333
716 716 -0.146667
717 717 -0.040000
718 718 -0.200000
719 719 -0.200000
720 720 -0.120000
721 721 0.120000
722 722 -0.066667
723 723 -0.040000
724 724 0.120000
725 725 0.093333
726 726 0.013333
727 727 0.093333
728 728 -0.173333
729 729 0.173333
730 730 -0.200000
731 731 0.013333
732 732 0.146667
733 733 -0.200000
734 734 0.173333
735 735 0.200000
736 736 -0.200000
737 737 0.146667
738 738 0.040000
739 739 0.093333
740 740 -0.066667
741 741 -0.146667
742 742 0.040000
743 743 -0.173333
744 744 -0.173333
745 745 -0.200000
746 746 0.066667
747 747 -0.093333
748 748 0.200000
749 749 0.093333
750 750 -0.200000
751 751 0.200000
752 752 0.146667
753 753 0.066667
754 754 -0.066667
755 755 -0.013333
756 756 -0.146667
757 757 0.120000
758 758 -0.173333
759 759 0.173333
760 760 -0.013333
761 761 -0.040000
762 762 -0.013333
763 763 -0.040000
764 764 -0.040000
765 765 -0.093333
766 766 0.173333
767 767 0.146667
768 768 0.040000
769 769 0.040000
770 770 -0.040000
771 771 0.013333
772 772 -0.200000
773 773 -0.093333
774 774 0.066667
775 775 0.146667
776 776 0.093333
777 777 0.013333
778 778 0.200000
779 779 0.013333
780 780 0.173333
781 781 0.013333
782 782 -0.173333
783 783 0.013333
784 784 0.013333
785 785 -0.040000
786 786 -0.040000
787 787 -0.173333
788 788 -0.040000
789 789 -0.040000
790 790 0.013333
791 791 -0.066667
792 792 -0.146667
793 793 0.066667
794 794 0.066667
795 795 0.200000
796 796 -0.146667
797 797 0.173333
798 798 0.146667
799 799 0.120000
800 800 0.066667
801 801 0.066667
802 802 0.066667
803 803 0.173333
804 804 -0.200000
805 805 0.093333
806 806 0.173333
807 807 0.093333
808 808 -0.200000
809 809 0.093333
810 810 0.066667
811 811 -0.066667
812 812 -0.013333
813 813 0.066667
814 814 -0.040000
815 815 0.200000
816 816 -0.093333
817 817 0.066667
818 818 0.093333
819 819 -0.066667
820 820 -0.013333
821 821 0.040000
822 822 0.200000
823 823 0.093333
824 824 0.013333
825 825 0.013333
826 826 -0.146667
827 827 -0.173333
828 828 -0.200000
829 829 0.200000
830 830 -0.146667
831 831 -0.066667
832 832 -0.013333
833 833 -0.120000
834 834 0.066667
835 835 0.173333
836 836 0.013333
837 837 0.066667
838 838 0.200000
839 839 0.200000
840 840 -0.173333
841 841 0.013333
842 842 -0.120000
843 843 0.173333
844 844 -0.146667
845 845 -0.093333
846 846 -0.013333
847 847 -0.146667
848 848 0.146667
849 849 -0.120000
850 850 0.146667
851 851 0.066667
852 852 0.093333
853 853 -0.200000
854 854 -0.173333
855 855 -0.146667
856 856 0.146667
857 857 0.173333
858 858 0.146667
859 859 0.040000
860 860 -0.066667
861 861 0.093333
862 862 -0.013333
863 863 0.120000
864 864 0.066667
865 865 -0.093333
866 866 -0.120000
867 867 -0.093333
868 868 -0.200000
869 869 0.066667
870 870 0.066667
871 871 0.066667
872 872 -0.093333
873 873 -0.200000
874 874 -0.013333
875 875 -0.066667
876 876 0.200000
877 877 -0.173333
878 878 0.040000
879 879 -0.146667
880 880 0.013333
881 881 -0.146667
882 882 0.120000
883 883 0.040000
884 884 -0.173333
885 885 0.013333
886 886 0.200000
887 887 -0.093333
888 888 -0.093333
889 889 0.093333
890 890 0.013333
891 891 -0.066667
892 892 -0.120000
893 893 -0.120000
894 894 -0.093333
895 895 0.013333
896 896 0.066667
897 897 -0.013333
898 898 -0.120000
899 899 -0.200000
900 900 0.200000
901 901 -0.066667
902 902 0.120000
903 903 -0.146667
904 904 -0.173333
905 905 -0.013333
906 906 -0.146667
907 907 0.146667
908 908 -0.146667
909 909 0.093333
910 910 -0.146667
911 911 0.200000
912 912 -0.093333
913 913 -0.093333
914 914 -0.120000
915 915 -0.200000
916 916 -0.093333
917 917 -0.040000
918 918 0.013333
919 919 -0.013333
920 920 0.093333
921 921 0.013333
922 922 0.200000
923 923 0.093333
924 924 0.013333
925 925 -0.200000
926 926 -0.066667
927 927 0.066667
928 928 0.200000
929 929 -0.120000
930 930 0.200000
931 931 -0.200000
932 932 0.093333
933 933 0.120000
934 934 -0.120000
935 935 0.120000
936 936 0.173333
937 937 0.066667
938 938 0.120000
939 939 -0.040000
940 940 -0.146667
941 941 -0.093333
942 942 -0.146667
943 943 0.120000
944 944 -0.040000
945 945 0.093333
946 946 0.200000
947 947 0.146667
948 948 0.013333
949 949 -0.066667
950 950 0.173333
951 951 0.040000
952 952 -0.146667
953 953 0.173333
954 954 -0.120000
955 955 0.013333
956 956 0.093333
957 957 -0.120000
958 958 0.146667
959 959 0.013333
960 960 -0.093333
961 961 -0.093333
962 962 -0.120000
963 963 -0.013333
964 964 -0.093333
965 965 0.066667
966 966 -0.146667
967 967 -0.040000
968 968 0.120000
969 969 -0.146667
970 970 -0.173333
971 971 0.146667
972 972 0.120000
973 973 0.013333
974 974 0.013333
975 975 -0.146667
976 976 0.066667
977 977 -0.200000
978 978 0.146667
979 979 -0.200000
980 980 -0.066667
981 981 0.040000
982 982 0.040000
983 983 0.120000
984 984 -0.013333
985 985 0.173333
986 986 0.146667
987 987 -0.173333
988 988 0.120000
989 989 -0.173333
990 990 0.146667
991 991 -0.066667
992 992 -0.066667
993 993 -0.013333
994 994 -0.200000
995 995 0.200000
996 996 0.093333
997 997 0.173333
998 998 -0.146667
999 999 -0.040000
1000 1000 -0.120000
1001 1001 0.013333
1002 1002 -0.013333
1003 1003 -0.066667
1004 1004 -0.093333
1005 1005 -0.120000
1006 1006 -0.093333
1007 1007 -0.146667
1008 1008 -0.146667
1009 1009 -0.200000
1010 1010 -0.066667
1011 1011 -0.066667
1012 1012 -0.200000
1013 1013 -0.173333
1014 1014 -0.093333
1015 1015 0.093333
1016 1016 -0.146667
1017 1017 0.013333
1018 1018 -0.066667
1019 1019 0.093333
1020 1020 -0.200000
1021 1021 0.120000
1022 1022 0.120000
1023 1023 -0.066667
1024 1024 -0.066667
1025 1025 -0.066667
1026 1026 0.093333
1027 1027 -0.146667
1028 1028 0.200000
1029 1029 -0.040000
1030 1030 0.146667
1031 1031 -0.200000
1032 1032 -0.200000
1033 1033 0.093333
1034 1034 0.173333
1035 1035 0.093333
1036 1036 -0.093333
1037 1037 -0.146667
1038 1038 0.200000
1039 1039 -0.066667
1040 1040 -0.146667
1041 1041 -0.093333
1042 1042 -0.093333
1043 1043 -0.093333
1044 1044 -0.040000
1045 1045 -0.200000
1046 1046 0.093333
1047 1047 0.200000
1048 1048 0.173333
1049 1049 0.200000
1050 1050 0.093333
1051 1051 0.093333
1052 1052 -0.066667
1053 1053 -0.146667
1054 1054 -0.120000
1055 1055 0.013333
1056 1056 0.066667
1057 1057 0.146667
1058 1058 0.120000
1059 1059 0.066667
1060 1060 0.200000
1061 1061 -0.146667
1062 1062 -0.040000
1063 1063 -0.146667
1064 1064 -0.013333
1065 1065 -0.040000
1066 1066 -0.093333
1067 1067 0.120000
1068 1068 0.200000
1069 1069 -0.013333
1070 1070 -0.066667
1071 1071 -0.120000
1072 1072 -0.173333
1073 1073 0.146667
1074 1074 0.120000
1075 1075 -0.066667
1076 1076 -0.093333
1077 1077 -0.173333
1078 1078 0.120000
1079 1079 0.040000
1080 1080 0.013333
1081 1081 0.013333
1082 1082 0.040000
1083 1083 0.040000
1084 1084 -0.146667
1085 1085 -0.120000
1086 1086 0.066667
1087 1087 -0.146667
1088 1088 -0.093333
1089 1089 -0.093333
1090 1090 0.040000
1091 1091 -0.200000
1092 1092 -0.066667
1093 1093 0.066667
1094 1094 -0.093333
1095 1095 -0.146667
1096 1096 0.040000
1097 1097 0.013333
1098 1098 0.120000
1099 1099 -0.200000
1100 1100 -0.040000
1101 1101 -0.066667
1102 1102 -0.093333
1103 1103 -0.173333
1104 1104 -0.066667
1105 1105 -0.013333
1106 1106 -0.146667
1107 1107 -0.146667
1108 1108 -0.040000
1109 1109 -0.066667
1110 1110 -0.040000
1111 1111 -0.066667
1112 1112 -0.173333
1113 1113 -0.013333
1114 1114 -0.200000
1115 1115 -0.040000
1116 1116 -0.066667
1117 1117 0.146667
1118 1118 -0.013333
1119 1119 -0.066667
1120 1120 -0.013333
1121 1121 0.200000
1122 1122 0.093333
1123 1123 -0.173333
1124 1124 0.173333
1125 1125 -0.066667
1126 1126 -0.200000
1127 1127 -0.040000
1128 1128 0.120000
1129 1129 0.120000
1130 1130 0.200000
1131 1131 -0.066667
1132 1132 -0.146667
1133 1133 0.146667
1134 1134 -0.120000
1135 1135 0.120000
1136 1136 -0.200000
1137 1137 0.146667
1138 1138 0.120000
1139 1139 0.173333
1140 1140 0.093333
1141 1141 0.146667
1142 1142 0.146667
1143 1143 0.040000
1144 1144 0.066667
1145 1145 -0.120000
1146 1146 0.200000
1147 1147 -0.173333
1148 1148 -0.040000
1149 1149 -0.120000
1150 1150 -0.066667
1151 1151 -0.173333
1152 1152 -0.146667
1 5 1.666667
1 6 1.000000
1 7 1.000000
1 8 0.600000
1 97 0.333333
2 5 -0.333333
2 6 -4.333333
2 7 0.866667
2 8 0.733333
2 98 1.000000
3 5 -0.333333
3 6 -0.866667
3 7 1.000000
3 8 -0.866667
3 99 -0.600000
4 5 -0.733333
4 6 -0.600000
4 7 1.000000
4 8 0.466667
4 100 0.733333
5 13 0.866667
6 14 0.600000
7 15 0.466667
8 16 0.200000
9 13 0.600000
9 14 0.466667
9 15 -0.733333
9 16 0.466667
9 105 0.066667
10 13 -4.333333
10 14 0.466667
10 15 -1.000000
10 16 0.600000
10 106 0.600000
11 13 2.333333
11 14 -0.333333
11 15 0.466667
11 16 0.200000
11 107 -0.466667
12 13 0.333333
12 14 -0.466667
12 15 -0.466667
12 16 -0.333333
12 108 -0.866667
13 21 -0.733333
14 22 -0.466667
15 23 -1.000000
16 24 0.600000
17 21 0.600000
17 22 -0.733333
17 23 -0.600000
17 24 0.600000
17 113 0.866667
18 21 1.000000
18 22 -0.333333
18 23 0.466667
18 24 0.866667
18 114 -0.600000
19 21 -0.733333
19 22 -1.000000
19 23 -0.600000
19 24 0.733333
19 115 -1.000000
20 21 0.600000
20 22 -0.733333
20 23 0.866667
20 24 -0.733333
20 116 -0.200000
21 29 -1.000000
22 30 -0.333333
23 31 0.200000
24 32 0.466667
25 29 -0.733333
25 30 -0.066667
25 31 0.866667
25 32 -0.733333
25 121 -0.733333
26 29 -0.866667
26 30 -0.200000
26 31 1.000000
26 32 -1.666667
26 122 0.466667
27 29 0.733333
27 30 -0.466667
27 31 -1.000000
27 32 -0.733333
27 123 0.333333
28 29 -0.733333
28 30 0.600000
28 31 -0.333333
28 32 -0.733333
28 124 1.000000
29 37 -0.600000
30 38 -1.000000
31 39 -0.466667
32 40 1.000000
33 37 -0.733333
33 38 0.733333
33 39 0.600000
33 40 0.733333
33 129 0.866667
34 37 -0.600000
34 38 -0.866667
34 39 0.333333
34 40 -4.333333
34 130 -0.466667
35 37 1.000000
35 38 0.600000
35 39 -0.066667
35 40 -3.666667
35 131 -0.866667
36 37 0.600000
36 38 0.866667
36 39 -0.200000
36 40 0.733333
36 132 -0.733333
37 45 0.200000
38 46 -0.066667
39 47 -0.866667
40 48 0.466667
41 45 0.866667
41 46 0.466667
41 47 -0.733333
41 48 -0.200000
41 137 -0.733333
42 45 1.000000
42 46 -0.600000
42 47 -0.466667
42 48 -0.333333
42 138 1.000000
43 45 -0.200000
43 46 -0.333333
43 47 -0.200000
43 48 0.200000
43 139 -0.733333
44 45 -2.333333
44 46 0.466667
44 47 0.866667
44 48 0.333333
44 140 -0.733333
45 53 -1.000000
46 54 -0.200000
47 55 0.333333
48 56 0.466667
49 53 -0.333333
49 54 -0.733333
49 55 0.200000
49 56 3.666667
49 145 -1.000000
50 53 -0.466667
50 54 0.200000
50 55 -0.466667
50 56 0.333333
50 146 -0.733333
51 53 0.733333
51 54 -0.466667
51 55 0.333333
51 56 -0.066667
51 147 0.066667
52 53 0.066667
52 54 -0.466667
52 55 -0.200000
52 56 -1.000000
52 148 -0.200000
53 61 -0.066667
54 62 -0.066667
55 63 -0.333333
56 64 -0.600000
57 61 -0.600000
57 62 -0.466667
57 63 -0.733333
57 64 -0.866667
57 153 2.333333
58 61 0.733333
58 62 -0.333333
58 63 -0.733333
58 64 -1.000000
58 154 0.066667
59 61 -0.066667
59 62 0.066667
59 63 0.866667
59 64 0.600000
59 155 0.600000
60 61 0.733333
60 62 1.000000
60 63 0.466667
60 64 -0.200000
60 156 0.333333
61 69 0.066667
62 70 -0.466667
63 71 -0.066667
64 72 -0.066667
65 69 0.866667
65 70 0.066667
65 71 -0.733333
65 72 -0.066667
65 161 0.066667
66 69 0.333333
66 70 -0.200000
66 71 0.733333
66 72 0.200000
66 162 0.866667
67 69 0.066667
67 70 -0.333333
67 71 0.600000
67 72 1.000000
67 163 0.066667
68 69 -0.600000
68 70 0.600000
68 71 0.866667
68 72 0.066667
68 164 2.333333
69 77 0.466667
70 78 0.466667
71 79 -0.600000
72 80 -0.066667
73 77 0.600000
73 78 -0.066667
73 79 0.200000
73 80 0.866667
73 169 1.000000
74 77 0.600000
74 78 0.466667
74 79 1.000000
74 80 0.066667
74 170 0.466667
75 77 1.000000
75 78 -0.066667
75 79 -0.733333
75 80 0.200000
75 171 -0.600000
76 77 -0.066667
76 78 0.066667
76 79 -0.066667
76 80 -0.066667
76 172 -0.066667
77 85 0.600000
78 86 -0.066667
79 87 0.200000
80 88 0.333333
81 85 0.866667
81 86 -3.666667
81 87 0.466667
81 88 0.200000
81 177 1.000000
82 85 1.000000
82 86 -0.466667
82 87 -0.600000
82 88 0.333333
82 178 -0.600000
83 85 -0.200000
83 86 -1.000000
83 87 -0.200000
83 88 -0.200000
83 179 0.066667
84 85 2.333333
84 86 0.066667
84 87 0.333333
84 88 0.466667
84 180 0.200000
85 93 0.333333
86 94 -4.333333
87 95 -0.466667
88 96 0.866667
89 93 0.733333
89 94 0.866667
89 95 -0.866667
89 96 0.866667
89 185 1.000000
90 93 1.666667
90 94 1.000000
90 95 0.333333
90 96 0.466667
90 186 -0.333333
91 93 -2.333333
91 94 -0.200000
91 95 0.333333
91 96 0.200000
91 187 0.066667
92 93 3.666667
92 94 3.000000
92 95 -3.000000
92 96 0.333333
92 188 -4.333333
97 101 0.866667
97 102 -0.600000
97 103 -0.200000
97 104 0.200000
97 193 -1.000000
98 101 1.000000
98 102 1.000000
98 103 0.600000
98 104 -0.866667
98 194 -5.000000
99 101 -1.000000
99 102 -0.200000
99 103 -0.866667
99 104 -0.066667
99 195 0.200000
100 101 0.733333
100 102 -1.000000
100 103 -0.200000
100 104 -0.200000
100 196 0.600000
101 109 0.200000
102 110 0.333333
103 111 -0.466667
104 112 0.466667
105 109 1.000000
105 110 -0.733333
105 111 0.066667
105 112 -0.733333
105 201 3.000000
106 109 -0.200000
106 110 -0.066667
106 111 -1.666667
106 112 -0.466667
106 202 -1.000000
107 109 -0.466667
107 110 0.466667
107 111 -0.333333
107 112 0.733333
107 203 -1.666667
108 109 0.866667
108 110 0.200000
108 111 0.466667
108 112 0.866667
108 204 -1.000000
109 117 -0.866667
110 118 0.333333
111 119 0.866667
112 120 0.333333
113 117 1.000000
113 118 0.200000
113 119 -0.200000
113 120 5.000000
113 209 0.066667
114 117 0.333333
114 118 -3.666667
114 119 0.333333
114 120 -5.000000
114 210 0.066667
115 117 -0.733333
115 118 5.000000
115 119 -1.666667
115 120 -0.200000
115 211 -0.066667
116 117 0.466667
116 118 0.200000
116 119 -2.333333
116 120 -0.066667
116 212 -0.733333
117 125 -0.200000
118 126 0.333333
119 127 0.866667
120 128 -0.466667
121 125 -0.333333
121 126 0.066667
121 127 0.600000
121 128 -0.866667
121 217 -0.200000
122 125 1.000000
122 126 0.066667
122 127 -0.733333
122 128 0.333333
122 218 -0.733333
123 125 -0.333333
123 126 -0.600000
123 127 0.200000
123 128 -0.333333
123 219 -0.733333
124 125 0.333333
124 126 -0.466667
124 127 0.200000
124 128 -0.466667
124 220 -0.600000
125 133 -1.000000
126 134 0.466667
127 135 0.200000
128 136 0.600000
129 133 -0.466667
129 134 1.000000
129 135 -0.733333
129 136 -0.200000
129 225 -0.866667
130 133 0.600000
130 134 1.000000
130 135 -0.600000
130 136 1.000000
130 226 1.000000
131 133 -0.600000
131 134 1.000000
131 135 -0.200000
131 136 -1.000000
131 227 0.466667
132 133 0.200000
132 134 1.000000
132 135 -0.333333
132 136 0.066667
132 228 -1.000000
133 141 0.866667
134 142 -0.066667
135 143 1.000000
136 144 -0.600000
137 141 0.333333
137 142 -0.200000
137 143 1.000000
137 144 0.333333
137 233 -0.200000
138 141 -0.200000
138 142 5.000000
138 143 -0.333333
138 144 0.200000
138 234 -0.733333
139 141 0.733333
139 142 0.200000
139 143 -0.333333
139 144 1.000000
139 235 -0.466667
140 141 0.200000
140 142 -0.466667
140 143 -0.333333
140 144 -1.000000
140 236 0.600000
141 149 0.466667
142 150 -0.866667
143 151 0.733333
144 152 -0.333333
145 149 -0.733333
145 150 -0.466667
145 151 0.466667
145 152 -1.000000
145 241 -0.333333
146 149 0.066667
146 150 0.333333
146 151 -0.733333
146 152 0.600000
146 242 1.000000
147 149 0.466667
147 150 -0.866667
147 151 -0.733333
147 152 0.466667
147 243 0.200000
148 149 -5.000000
148 150 -0.333333
148 151 -0.066667
148 152 1.000000
148 244 -5.000000
149 157 0.466667
150 158 0.733333
151 159 -0.333333
152 160 -0.466667
153 157 1.000000
153 158 0.066667
153 159 0.866667
153 160 0.333333
153 249 0.866667
154 157 0.200000
154 158 0.466667
154 159 -1.000000
154 160 0.333333
154 250 0.333333
155 157 -0.600000
155 158 0.066667
155 159 0.866667
155 160 -0.200000
155 251 0.466667
156 157 0.866667
156 158 -1.000000
156 159 -0.333333
156 160 0.733333
156 252 0.866667
157 165 0.200000
158 166 3.000000
159 167 -0.600000
160 168 -0.200000
161 165 -3.000000
161 166 -3.666667
161 167 -0.333333
161 168 -0.600000
161 257 -1.000000
162 165 0.600000
162 166 -0.066667
162 167 -0.466667
162 168 0.200000
162 258 1.000000
163 165 -0.600000
163 166 0.866667
163 167 -0.600000
163 168 -0.866667
163 259 -0.600000
164 165 0.200000
164 166 -1.666667
164 167 -0.733333
164 168 -0.066667
164 260 -0.333333
165 173 1.000000
166 174 1.666667
167 175 0.733333
168 176 -1.000000
169 173 -0.733333
169 174 -0.466667
169 175 -1.000000
169 176 -0.466667
169 265 -0.866667
170 173 3.000000
170 174 3.000000
170 175 0.200000
170 176 4.333333
170 266 -0.466667
171 173 -0.333333
171 174 0.066667
171 175 0.733333
171 176 0.466667
171 267 -0.333333
172 173 0.200000
172 174 0.866667
172 175 0.466667
172 176 1.000000
172 268 0.866667
173 181 1.000000
174 182 -0.333333
175 183 -0.466667
176 184 -1.000000
177 181 0.600000
177 182 -0.866667
177 183 -0.200000
177 184 0.466667
177 273 -0.600000
178 181 0.866667
178 182 1.000000
178 183 -0.066667
178 184 -0.066667
178 274 -0.066667
179 181 0.066667
179 182 -1.666667
179 183 -0.466667
179 184 -0.200000
179 275 -0.066667
180 181 -0.200000
180 182 -1.000000
180 183 0.866667
180 184 0.066667
180 276 -1.000000
181 189 -0.600000
182 190 3.666667
183 191 0.066667
184 192 0.333333
185 189 1.000000
185 190 0.733333
185 191 -0.866667
185 192 -0.866667
185 281 1.000000
186 189 -5.000000
186 190 -0.733333
186 191 0.466667
186 192 0.333333
186 282 0.600000
187 189 -0.866667
187 190 -1.000000
187 191 -5.000000
187 192 0.600000
187 283 1.000000
188 189 0.333333
188 190 -0.466667
188 191 -3.666667
188 192 -0.466667
188 284 -1.666667
193 197 1.000000
193 198 0.200000
193 199 -0.733333
193 200 -1.000000
193 289 0.733333
194 197 1.000000
194 198 0.600000
194 199 1.000000
194 200 -1.666667
194 290 1.000000
195 197 -0.733333
195 198 -0.866667
195 199 -0.600000
195 200 -0.066667
195 291 -0.733333
196 197 0.066667
196 198 -0.600000
196 199 0.333333
196 200 -4.333333
196 292 0.466667
197 205 -0.200000
198 206 -0.733333
199 207 0.333333
200 208 1.000000
201 205 0.066667
201 206 3.000000
201 207 -4.333333
201 208 0.066667
201 297 -0.333333
202 205 0.200000
202 206 0.200000
202 207 0.600000
202 208 -0.600000
202 298 0.600000
203 205 -3.666667
203 206 2.333333
203 207 0.866667
203 208 -1.000000
203 299 -0.066667
204 205 0.600000
204 206 -0.333333
204 207 0.600000
204 208 0.466667
204 300 0.600000
205 213 -0.466667
206 214 2.333333
207 215 -1.000000
208 216 -0.466667
209 213 0.733333
209 214 1.000000
209 215 -0.200000
209 216 0.066667
209 305 -0.600000
210 213 -0.066667
210 214 1.000000
210 215 1.000000
210 216 -1.000000
210 306 -0.333333
211 213 -0.866667
211 214 -0.066667
211 215 -0.333333
211 216 -1.000000
211 307 1.000000
212 213 1.000000
212 214 1.000000
212 215 0.200000
212 216 -0.733333
212 308 0.200000
213 221 -0.200000
214 222 -0.333333
215 223 1.000000
216 224 -1.000000
217 221 0.466667
217 222 0.066667
217 223 -1.000000
217 224 -0.066667
217 313 -0.066667
218 221 -0.733333
218 222 -0.333333
218 223 -0.333333
218 224 -0.733333
218 314 -0.333333
219 221 -0.066667
219 222 -0.600000
219 223 0.066667
219 224 0.600000
219 315 0.200000
220 221 0.333333
220 222 0.200000
220 223 -0.733333
220 224 -0.466667
220 316 -0.200000
221 229 -0.333333
222 230 0.600000
223 231 0.600000
224 232 0.866667
225 229 -5.000000
225 230 0.866667
225 231 -0.600000
225 232 0.333333
225 321 -1.666667
226 229 0.333333
226 230 0.066667
226 231 -0.466667
226 232 -0.333333
226 322 -0.866667
227 229 0.866667
227 230 -1.000000
227 231 -0.066667
227 232 -0.333333
227 323 0.733333
228 229 0.333333
228 230 -1.000000
228 231 0.733333
228 232 0.200000
228 324 -0.600000
229 237 -0.466667
230 238 -0.733333
231 239 0.600000
232 240 0.200000
233 237 -0.066667
233 238 0.066667
233 239 0.600000
233 240 -0.066667
233 329 0.333333
234 237 -0.600000
234 238 1.000000
234 239 -0.466667
234 240 1.000000
234 330 -0.600000
235 237 0.466667
235 238 -0.733333
235 239 -0.733333
235 240 0.066667
235 331 0.466667
236 237 -0.866667
236 238 0.733333
236 239 -0.200000
236 240 0.200000
236 332 1.000000
237 245 1.000000
238 246 -0.200000
239 247 -0.466667
240 248 0.733333
241 245 -0.066667
241 246 -0.466667
241 247 0.733333
241 248 -0.200000
241 337 0.466667
242 245 0.466667
242 246 -0.066667
242 247 0.200000
242 248 0.066667
242 338 -1.000000
243 245 0.333333
243 246 -0.200000
243 247 -0.466667
243 248 1.000000
243 339 0.066667
244 245 0.066667
244 246 -0.066667
244 247 0.066667
244 248 0.333333
244 340 3.666667
245 253 0.733333
246 254 0.600000
247 255 0.066667
248 256 -1.000000
249 253 0.600000
249 254 -1.000000
249 255 -0.466667
249 256 0.066667
249 345 0.333333
250 253 -0.466667
250 254 0.600000
250 255 -0.333333
250 256 -0.466667
250 346 1.000000
251 253 0.066667
251 254 -0.466667
251 255 -0.866667
251 256 -0.466667
251 347 -0.200000
252 253 0.466667
252 254 0.333333
252 255 1.000000
252 256 0.733333
252 348 0.866667
253 261 -0.866667
254 262 -0.866667
255 263 5.000000
256 264 -0.733333
257 261 -0.066667
257 262 -4.333333
257 263 0.200000
257 264 -0.600000
257 353 0.066667
258 261 0.333333
258 262 -0.733333
258 263 1.000000
258 264 -0.733333
258 354 -0.466667
259 261 0.866667
259 262 -0.466667
259 263 -0.466667
259 264 -0.733333
259 355 -0.866667
260 261 0.866667
260 262 -0.866667
260 263 0.066667
260 264 -0.733333
260 356 -0.200000
261 269 -1.000000
262 270 -0.333333
263 271 -0.866667
264 272 -0.066667
265 269 -0.066667
265 270 -0.200000
265 271 -1.000000
265 272 0.866667
265 361 -0.466667
266 269 0.200000
266 270 0.200000
266 271 -0.466667
266 272 -0.333333
266 362 -1.666667
267 269 0.466667
267 270 -0.866667
267 271 0.200000
267 272 0.466667
267 363 0.333333
268 269 0.200000
268 270 0.066667
268 271 -0.733333
268 272 -0.200000
268 364 0.200000
269 277 -0.733333
270 278 -0.333333
271 279 0.733333
272 280 -0.200000
273 277 0.733333
273 278 0.733333
273 279 0.733333
273 280 1.000000
273 369 0.866667
274 277 -0.866667
274 278 -1.000000
274 279 -0.866667
274 280 0.733333
274 370 -0.066667
275 277 -0.200000
275 278 0.600000
275 279 -0.733333
275 280 0.466667
275 371 0.600000
276 277 0.866667
276 278 0.200000
276 279 -0.066667
276 280 0.066667
276 372 0.600000
277 285 0.733333
278 286 -0.866667
279 287 0.866667
280 288 -0.600000
281 285 0.866667
281 286 0.600000
281 287 -0.066667
281 288 -0.600000
281 377 -0.866667
282 285 0.200000
282 286 1.000000
282 287 -0.733333
282 288 0.733333
282 378 0.600000
283 285 -0.466667
283 286 0.866667
283 287 1.000000
283 288 -0.066667
283 379 0.066667
284 285 0.333333
284 286 0.466667
284 287 -0.333333
284 288 0.866667
284 380 -2.333333
289 293 0.466667
289 294 0.866667
289 295 -0.866667
289 296 -0.066667
289 385 0.733333
290 293 1.000000
290 294 -0.733333
290 295 -1.000000
290 296 0.066667
290 386 -2.333333
291 293 0.600000
291 294 -0.466667
291 295 0.333333
291 296 -0.200000
291 387 -1.000000
292 293 -1.000000
292 294 1.000000
292 295 -0.466667
292 296 -0.866667
292 388 -0.600000
293 301 0.600000
294 302 -1.000000
295 303 0.066667
296 304 1.000000
297 301 -0.200000
297 302 3.666667
297 303 0.733333
297 304 -5.000000
297 393 -1.000000
298 301 0.200000
298 302 0.600000
298 303 -0.466667
298 304 2.333333
298 394 0.066667
299 301 -0.200000
299 302 1.000000
299 303 -3.000000
299 304 -1.000000
299 395 0.333333
300 301 0.333333
300 302 1.000000
300 303 1.000000
300 304 -0.466667
300 396 -0.733333
301 309 -0.600000
302 310 0.333333
303 311 0.866667
304 312 -0.733333
305 309 0.866667
305 310 -0.733333
305 311 0.733333
305 312 -0.066667
305 401 0.200000
306 309 -1.000000
306 310 1.000000
306 311 1.000000
306 312 -0.200000
306 402 -0.200000
307 309 0.333333
307 310 1.666667
307 311 -0.600000
307 312 5.000000
307 403 0.733333
308 309 -0.333333
308 310 4.333333
308 311 0.200000
308 312 -0.200000
308 404 -0.066667
309 317 0.466667
310 318 0.733333
311 319 0.466667
312 320 0.466667
313 317 1.000000
313 318 0.600000
313 319 1.666667
313 320 1.000000
313 409 -0.600000
314 317 0.866667
314 318 0.600000
314 319 -1.000000
314 320 0.733333
314 410 0.600000
315 317 -1.000000
315 318 -0.333333
315 319 -0.466667
315 320 -0.200000
315 411 0.333333
316 317 -0.200000
316 318 -0.866667
316 319 0.866667
316 320 -0.466667
316 412 -0.600000
317 325 0.466667
318 326 -0.333333
319 327 -0.333333
320 328 -0.200000
321 325 -1.000000
321 326 0.733333
321 327 -0.066667
321 328 -0.066667
321 417 -0.600000
322 325 0.200000
322 326 -0.866667
322 327 0.333333
322 328 -1.000000
322 418 -0.866667
323 325 1.000000
323 326 -1.000000
323 327 -0.866667
323 328 0.200000
323 419 -0.866667
324 325 0.333333
324 326 -1.000000
324 327 1.000000
324 328 1.000000
324 420 1.000000
325 333 -0.866667
326 334 0.866667
327 335 4.333333
328 336 -0.333333
329 333 -0.866667
329 334 -0.466667
329 335 -0.200000
329 336 0.333333
329 425 0.466667
330 333 -1.000000
330 334 0.333333
330 335 0.600000
330 336 -3.000000
330 426 0.733333
331 333 -0.200000
331 334 -0.200000
331 335 0.466667
331 336 -1.000000
331 427 0.600000
332 333 0.733333
332 334 0.466667
332 335 0.866667
332 336 0.866667
332 428 1.000000
333 341 -0.333333
334 342 -0.066667
335 343 0.733333
336 344 -0.733333
337 341 -0.066667
337 342 -0.200000
337 343 -2.333333
337 344 0.466667
337 433 5.000000
338 341 -0.066667
338 342 -0.733333
338 343 1.000000
338 344 0.866667
338 434 -0.733333
339 341 0.200000
339 342 0.200000
339 343 -0.866667
339 344 0.200000
339 435 -0.333333
340 341 0.333333
340 342 -0.066667
340 343 -0.200000
340 344 -0.200000
340 436 0.466667
341 349 1.000000
342 350 -1.000000
343 351 0.866667
344 352 1.000000
345 349 -0.733333
345 350 -0.733333
345 351 1.000000
345 352 0.866667
345 441 -0.200000
346 349 -1.000000
346 350 -0.866667
346 351 -0.733333
346 352 -0.466667
346 442 0.200000
347 349 0.066667
347 350 0.600000
347 351 -0.466667
347 352 0.066667
347 443 0.466667
348 349 -0.866667
348 350 -1.000000
348 351 -0.466667
348 352 0.733333
348 444 -0.333333
349 357 -0.466667
350 358 0.466667
351 359 0.333333
352 360 -0.600000
353 357 -0.466667
353 358 -4.333333
353 359 -0.333333
353 360 -0.466667
353 449 -0.866667
354 357 0.200000
354 358 -1.000000
354 359 0.866667
354 360 0.866667
354 450 0.600000
355 357 -1.000000
355 358 0.333333
355 359 0.866667
355 360 0.333333
355 451 -0.200000
356 357 4.333333
356 358 3.000000
356 359 0.466667
356 360 -0.733333
356 452 0.600000
357 365 -0.600000
358 366 0.333333
359 367 -0.066667
360 368 0.066667
361 365 0.200000
361 366 0.333333
361 367 -0.200000
361 368 0.066667
361 457 -1.000000
362 365 0.200000
362 366 -1.000000
362 367 -0.200000
362 368 1.666667
362 458 -5.000000
363 365 -0.466667
363 366 -0.333333
363 367 0.466667
363 368 -0.866667
363 459 -0.333333
364 365 0.200000
364 366 0.066667
364 367 0.600000
364 368 -1.000000
364 460 0.466667
365 373 -0.466667
366 374 -0.600000
367 375 -0.200000
368 376 -0.200000
369 373 -0.333333
369 374 1.000000
369 375 -0.733333
369 376 0.066667
369 465 -0.333333
370 373 -0.466667
370 374 1.000000
370 375 0.466667
370 376 0.333333
370 466 -0.600000
371 373 1.000000
371 374 0.066667
371 375 -0.733333
371 376 -0.733333
371 467 -1.000000
372 373 -1.000000
372 374 0.733333
372 375 0.600000
372 376 -0.200000
372 468 0.866667
373 381 0.200000
374 382 -0.600000
375 383 0.200000
376 384 -0.066667
377 381 0.200000
377 382 -0.866667
377 383 0.466667
377 384 0.733333
377 473 0.600000
378 381 -0.200000
378 382 -0.200000
378 383 0.200000
378 384 -0.600000
378 474 -0.066667
379 381 0.066667
379 382 -0.466667
379 383 0.866667
379 384 -1.000000
379 475 -0.733333
380 381 0.333333
380 382 0.600000
380 383 1.666667
380 384 0.333333
380 476 -0.600000
385 389 2.333333
385 390 -0.466667
385 391 -4.333333
385 392 -4.333333
385 481 0.066667
386 389 -0.066667
386 390 -1.000000
386 391 -4.333333
386 392 -0.733333
386 482 4.333333
387 389 -0.866667
387 390 -0.733333
387 391 -1.000000
387 392 -4.333333
387 483 -0.866667
388 389 -0.333333
388 390 3.000000
388 391 -0.333333
388 392 0.733333
388 484 0.066667
389 397 0.733333
390 398 0.733333
391 399 -0.066667
392 400 0.200000
393 397 -0.200000
393 398 -0.066667
393 399 0.466667
393 400 3.666667
393 489 -1.000000
394 397 0.600000
394 398 -0.600000
394 399 -0.333333
394 400 -0.600000
394 490 0.866667
395 397 -0.600000
395 398 0.733333
395 399 -0.066667
395 400 0.866667
395 491 -0.066667
396 397 -3.000000
396 398 1.000000
396 399 0.200000
396 400 -0.600000
396 492 -0.600000
397 405 0.466667
398 406 0.200000
399 407 1.000000
400 408 -0.200000
401 405 0.733333
401 406 -0.200000
401 407 -1.000000
401 408 1.000000
401 497 3.666667
402 405 -0.600000
402 406 0.066667
402 407 -0.200000
402 408 0.066667
402 498 0.333333
403 405 -0.066667
403 406 0.333333
403 407 0.733333
403 408 -1.000000
403 499 1.000000
404 405 -0.600000
404 406 -0.333333
404 407 -0.333333
404 408 1.000000
404 500 -0.200000
405 413 1.000000
406 414 -0.600000
407 415 0.200000
408 416 -0.733333
409 413 0.866667
409 414 0.066667
409 415 0.866667
409 416 -0.200000
409 505 -0.866667
410 413 -0.200000
410 414 0.333333
410 415 0.200000
410 416 -0.333333
410 506 -0.466667
411 413 -0.600000
411 414 -0.733333
411 415 -0.600000
411 416 0.200000
411 507 0.200000
412 413 -0.200000
412 414 -0.333333
412 415 0.866667
412 416 0.733333
412 508 0.333333
413 421 -1.000000
414 422 1.000000
415 423 -1.000000
416 424 1.000000
417 421 0.066667
417 422 -0.333333
417 423 -0.600000
417 424 0.733333
417 513 0.866667
418 421 -4.333333
418 422 -0.733333
418 423 -0.733333
418 424 0.200000
418 514 -4.333333
419 421 2.333333
419 422 3.666667
419 423 1.666667
419 424 0.200000
419 515 -3.000000
420 421 -1.000000
420 422 1.000000
420 423 -0.733333
420 424 1.000000
420 516 -1.000000
421 429 1.000000
422 430 -0.600000
423 431 1.000000
424 432 -1.000000
425 429 -0.200000
425 430 0.066667
425 431 0.333333
425 432 -0.066667
425 521 -0.066667
426 429 0.333333
426 430 1.000000
426 431 -0.733333
426 432 0.600000
426 522 -0.866667
427 429 0.466667
427 430 0.200000
427 431 0.466667
427 432 0.866667
427 523 -0.733333
428 429 -0.333333
428 430 0.066667
428 431 -0.733333
428 432 0.200000
428 524 1.000000
429 437 0.333333
430 438 0.733333
431 439 -0.866667
432 440 -0.466667
433 437 -0.733333
433 438 0.600000
433 439 -0.866667
433 440 -0.866667
433 529 0.866667
434 437 -0.866667
434 438 0.733333
434 439 -0.600000
434 440 0.733333
434 530 0.333333
435 437 0.733333
435 438 0.600000
435 439 0.600000
435 440 -0.733333
435 531 -1.666667
436 437 0.066667
436 438 5.000000
436 439 0.733333
436 440 -3.000000
436 532 -0.333333
437 445 -0.333333
438 446 0.600000
439 447 -1.000000
440 448 3.000000
441 445 -0.200000
441 446 0.333333
441 447 -0.733333
441 448 1.666667
441 537 0.333333
442 445 1.000000
442 446 -0.200000
442 447 0.466667
442 448 -0.333333
442 538 -0.333333
443 445 1.000000
443 446 0.600000
443 447 0.466667
443 448 -0.466667
443 539 -0.866667
444 445 0.066667
444 446 -0.066667
444 447 0.333333
444 448 -0.600000
444 540 -0.866667
445 453 -1.000000
446 454 0.866667
447 455 -0.200000
448 456 -1.000000
449 453 0.200000
449 454 0.866667
449 455 -0.200000
449 456 -0.600000
449 545 -0.466667
450 453 1.000000
450 454 5.000000
450 455 -1.000000
450 456 -1.000000
450 546 1.000000
451 453 1.000000
451 454 1.000000
451 455 0.333333
451 456 0.600000
451 547 -1.000000
452 453 3.000000
452 454 5.000000
452 455 0.466667
452 456 0.200000
452 548 0.066667
453 461 -3.666667
454 462 -0.600000
455 463 0.466667
456 464 0.866667
457 461 -3.000000
457 462 0.333333
457 463 0.200000
457 464 -1.000000
457 553 0.733333
458 461 1.000000
458 462 0.333333
458 463 -3.000000
458 464 -0.333333
458 554 1.666667
459 461 -0.200000
459 462 0.733333
459 463 -0.866667
459 464 -0.866667
459 555 0.466667
460 461 -0.866667
460 462 0.066667
460 463 -0.066667
460 464 0.200000
460 556 -0.733333
461 469 -1.000000
462 470 -0.733333
463 471 -0.866667
464 472 0.600000
465 469 0.333333
465 470 -0.733333
465 471 0.733333
465 472 -0.733333
465 561 -3.666667
466 469 -1.000000
466 470 0.733333
466 471 1.000000
466 472 -0.200000
466 562 -0.866667
467 469 -0.866667
467 470 0.333333
467 471 -0.600000
467 472 0.600000
467 563 -0.333333
468 469 0.333333
468 470 -0.200000
468 471 -0.600000
468 472 0.200000
468 564 1.000000
469 477 -0.600000
470 478 0.733333
471 479 0.466667
472 480 -1.000000
473 477 -0.733333
473 478 -1.000000
473 479 -0.200000
473 480 0.466667
473 569 0.333333
474 477 -0.333333
474 478 -1.000000
474 479 0.466667
474 480 0.866667
474 570 0.866667
475 477 0.866667
475 478 -0.333333
475 479 0.466667
475 480 0.466667
475 571 0.466667
476 477 0.200000
476 478 0.733333
476 479 -0.066667
476 480 0.733333
476 572 0.866667
481 485 -0.200000
481 486 -0.600000
481 487 -0.466667
481 488 0.333333
481 577 -0.866667
482 485 -3.666667
482 486 1.666667
482 487 -0.600000
482 488 0.466667
482 578 -1.000000
483 485 -0.066667
483 486 -1.666667
483 487 0.333333
483 488 0.466667
483 579 -0.733333
484 485 -0.200000
484 486 -0.733333
484 487 -0.866667
484 488 0.333333
484 580 -0.066667
485 493 0.733333
486 494 -3.666667
487 495 0.466667
488 496 0.200000
489 493 -0.866667
489 494 0.866667
489 495 0.866667
489 496 0.466667
489 585 4.333333
490 493 -1.000000
490 494 -0.733333
490 495 4.333333
490 496 0.333333
490 586 -0.200000
491 493 0.333333
491 494 0.466667
491 495 0.600000
491 496 1.000000
491 587 -1.000000
492 493 0.866667
492 494 -0.466667
492 495 -0.333333
492 496 -0.733333
492 588 0.600000
493 501 -1.000000
494 502 -0.466667
495 503 0.733333
496 504 -0.200000
497 501 0.600000
497 502 -0.466667
497 503 -0.600000
497 504 -0.066667
497 593 0.866667
498 501 0.733333
498 502 0.333333
498 503 1.000000
498 504 1.666667
498 594 -4.333333
499 501 -0.200000
499 502 0.733333
499 503 0.333333
499 504 -0.866667
499 595 -1.000000
500 501 0.333333
500 502 0.866667
500 503 0.600000
500 504 1.666667
500 596 -0.866667
501 509 0.866667
502 510 -4.333333
503 511 -0.600000
504 512 1.666667
505 509 0.333333
505 510 -0.733333
505 511 -0.866667
505 512 -0.866667
505 601 -0.066667
506 509 -0.333333
506 510 -0.866667
506 511 0.333333
506 512 5.000000
506 602 -1.000000
507 509 -0.600000
507 510 -0.466667
507 511 -0.466667
507 512 -0.733333
507 603 0.200000
508 509 -0.733333
508 510 1.000000
508 511 -0.066667
508 512 -0.333333
508 604 0.333333
509 517 -0.466667
510 518 -1.000000
511 519 0.333333
512 520 0.066667
513 517 0.866667
513 518 -0.200000
513 519 -0.466667
513 520 -0.066667
513 609 -0.066667
514 517 -0.333333
514 518 0.466667
514 519 -0.333333
514 520 0.733333
514 610 0.200000
515 517 -0.600000
515 518 0.733333
515 519 0.600000
515 520 0.200000
515 611 0.866667
516 517 0.866667
516 518 0.733333
516 519 -0.066667
516 520 0.866667
516 612 -0.733333
517 525 0.866667
518 526 0.466667
519 527 0.866667
520 528 0.466667
521 525 -0.066667
521 526 -0.200000
521 527 0.066667
521 528 -1.000000
521 617 0.466667
522 525 -0.200000
522 526 0.200000
522 527 0.466667
522 528 -0.066667
522 618 -0.066667
523 525 -0.733333
523 526 0.466667
523 527 1.000000
523 528 0.600000
523 619 -0.200000
524 525 -0.333333
524 526 1.000000
524 527 -0.333333
524 528 0.733333
524 620 0.866667
525 533 -0.333333
526 534 -1.666667
527 535 1.000000
528 536 1.000000
529 533 0.600000
529 534 1.000000
529 535 -0.200000
529 536 -0.733333
529 625 1.000000
530 533 1.000000
530 534 3.666667
530 535 -0.066667
530 536 0.466667
530 626 1.000000
531 533 0.466667
531 534 0.466667
531 535 0.600000
531 536 0.600000
531 627 0.866667
532 533 -1.000000
532 534 -0.733333
532 535 -0.200000
532 536 -0.333333
532 628 -0.333333
533 541 -0.466667
534 542 -1.000000
535 543 -0.600000
536 544 0.733333
537 541 -1.000000
537 542 3.000000
537 543 0.466667
537 544 -0.600000
537 633 0.333333
538 541 0.466667
538 542 -0.600000
538 543 -0.466667
538 544 -0.333333
538 634 -0.466667
539 541 -1.000000
539 542 -0.066667
539 543 -0.466667
539 544 0.600000
539 635 -0.200000
540 541 0.466667
540 542 0.066667
540 543 -0.600000
540 544 0.733333
540 636 1.000000
541 549 0.866667
542 550 -0.600000
543 551 -0.333333
544 552 0.066667
545 549 0.466667
545 550 -0.333333
545 551 0.866667
545 552 -0.466667
545 641 0.866667
546 549 -0.200000
546 550 0.733333
546 551 0.866667
546 552 0.333333
546 642 -3.666667
547 549 0.333333
547 550 2.333333
547 551 1.000000
547 552 3.000000
547 643 -0.600000
548 549 0.333333
548 550 -0.066667
548 551 0.200000
548 552 -0.600000
548 644 -0.733333
549 557 -1.000000
550 558 0.200000
551 559 2.333333
552 560 0.066667
553 557 -0.066667
553 558 0.866667
553 559 0.333333
553 560 -0.866667
553 649 -0.466667
554 557 -0.200000
554 558 0.200000
554 559 -1.000000
554 560 0.333333
554 650 0.866667
555 557 0.600000
555 558 -0.466667
555 559 0.600000
555 560 0.066667
555 651 -0.066667
556 557 0.600000
556 558 -0.200000
556 559 4.333333
556 560 0.200000
556 652 0.733333
557 565 -0.866667
558 566 0.466667
559 567 -0.733333
560 568 0.866667
561 565 -0.200000
561 566 -0.066667
561 567 -0.466667
561 568 0.066667
561 657 0.333333
562 565 0.066667
562 566 -0.600000
562 567 -0.333333
562 568 0.866667
562 658 -0.066667
563 565 -0.600000
563 566 4.333333
563 567 -0.600000
563 568 0.733333
563 659 -0.733333
564 565 -0.866667
564 566 1.000000
564 567 -0.333333
564 568 0.866667
564 660 0.200000
565 573 1.000000
566 574 5.000000
567 575 0.466667
568 576 -0.466667
569 573 -0.866667
569 574 0.600000
569 575 -0.333333
569 576 -0.066667
569 665 -0.200000
570 573 -0.733333
570 574 -0.600000
570 575 -0.600000
570 576 -0.333333
570 666 -1.000000
571 573 2.333333
571 574 -1.000000
571 575 -0.066667
571 576 -1.000000
571 667 -0.866667
572 573 -0.200000
572 574 -0.600000
572 575 0.866667
572 576 0.466667
572 668 -1.000000
577 581 0.733333
577 582 -0.066667
577 583 0.066667
577 584 0.200000
577 673 0.733333
578 581 1.000000
578 582 0.200000
578 583 -1.000000
578 584 -0.733333
578 674 -0.333333
579 581 0.466667
579 582 -0.333333
579 583 0.600000
579 584 -0.333333
579 675 0.866667
580 581 0.333333
580 582 -0.466667
580 583 0.733333
580 584 -0.733333
580 676 -1.000000
581 589 0.600000
582 590 0.066667
583 591 0.333333
584 592 0.600000
585 589 -0.466667
585 590 0.600000
585 591 -0.066667
585 592 -0.733333
585 681 -0.466667
586 589 -1.000000
586 590 -0.733333
586 591 1.000000
586 592 0.600000
586 682 0.866667
587 589 1.000000
587 590 -1.000000
587 591 0.333333
587 592 0.866667
587 683 0.333333
588 589 -3.000000
588 590 0.066667
588 591 0.733333
588 592 -0.466667
588 684 0.600000
589 597 -0.066667
590 598 0.200000
591 599 0.333333
592 600 -0.333333
593 597 1.000000
593 598 -0.200000
593 599 -0.333333
593 600 0.200000
593 689 -1.000000
594 597 -0.866667
594 598 1.000000
594 599 0.866667
594 600 0.733333
594 690 0.733333
595 597 -0.733333
595 598 -0.466667
595 599 -0.466667
595 600 -0.866667
595 691 0.600000
596 597 0.333333
596 598 -0.066667
596 599 0.466667
596 600 0.866667
596 692 -0.200000
597 605 1.000000
598 606 0.200000
599 607 0.600000
600 608 1.000000
601 605 -0.333333
601 606 -0.066667
601 607 1.000000
601 608 0.733333
601 697 0.333333
602 605 -0.333333
602 606 -0.600000
602 607 -0.866667
602 608 -0.333333
602 698 -1.000000
603 605 -0.600000
603 606 0.333333
603 607 -0.600000
603 608 -0.333333
603 699 -0.866667
604 605 3.666667
604 606 -4.333333
604 607 0.200000
604 608 5.000000
604 700 0.866667
605 613 -0.866667
606 614 1.000000
607 615 0.200000
608 616 0.200000
609 613 0.066667
609 614 -1.000000
609 615 0.333333
609 616 0.600000
609 705 -0.866667
610 613 0.466667
610 614 0.200000
610 615 0.466667
610 616 -0.866667
610 706 0.600000
611 613 -0.333333
611 614 0.600000
611 615 2.333333
611 616 0.600000
611 707 0.466667
612 613 -0.200000
612 614 0.733333
612 615 3.666667
612 616 -1.000000
612 708 -0.200000
613 621 -0.200000
614 622 -0.200000
615 623 -0.333333
616 624 -0.866667
617 621 0.600000
617 622 -0.066667
617 623 -0.733333
617 624 -0.200000
617 713 0.866667
618 621 0.200000
618 622 -0.333333
618 623 -0.466667
618 624 -0.866667
618 714 0.866667
619 621 -0.466667
619 622 0.600000
619 623 -0.333333
619 624 0.733333
619 715 -0.600000
620 621 0.866667
620 622 0.200000
620 623 1.000000
620 624 -0.200000
620 716 -0.200000
621 629 0.333333
622 630 -0.333333
623 631 -0.066667
624 632 -5.000000
625 629 -0.466667
625 630 -1.000000
625 631 -0.866667
625 632 0.466667
625 721 0.466667
626 629 -0.866667
626 630 0.600000
626 631 0.600000
626 632 -0.333333
626 722 4.333333
627 629 1.000000
627 630 0.866667
627 631 0.200000
627 632 -0.733333
627 723 -0.733333
628 629 1.666667
628 630 -0.066667
628 631 -0.466667
628 632 0.066667
628 724 -0.600000
629 637 -0.733333
630 638 0.466667
631 639 -0.200000
632 640 0.866667
633 637 0.733333
633 638 0.200000
633 639 -0.866667
633 640 -0.066667
633 729 -0.200000
634 637 -0.733333
634 638 -0.600000
634 639 1.000000
634 640 0.866667
634 730 -0.200000
635 637 -1.000000
635 638 0.466667
635 639 0.333333
635 640 0.066667
635 731 -0.466667
636 637 1.000000
636 638 -0.066667
636 639 -0.600000
636 640 -0.600000
636 732 -0.200000
637 645 0.200000
638 646 -0.866667
639 647 -1.666667
640 648 -1.000000
641 645 1.000000
641 646 -2.333333
641 647 -1.666667
641 648 -4.333333
641 737 -0.333333
642 645 0.733333
642 646 -1.000000
642 647 0.200000
642 648 0.600000
642 738 -0.066667
643 645 0.333333
643 646 -0.733333
643 647 -0.866667
643 648 0.200000
643 739 0.600000
644 645 -0.733333
644 646 0.466667
644 647 0.466667
644 648 -0.333333
644 740 -1.000000
645 653 4.333333
646 654 1.000000
647 655 -1.000000
648 656 -3.666667
649 653 -0.333333
649 654 -0.600000
649 655 0.066667
649 656 1.666667
649 745 -0.200000
650 653 -0.733333
650 654 -0.866667
650 655 0.600000
650 656 0.200000
650 746 0.200000
651 653 0.600000
651 654 0.466667
651 655 2.333333
651 656 0.733333
651 747 3.000000
652 653 -0.866667
652 654 1.000000
652 655 0.866667
652 656 0.200000
652 748 -0.066667
653 661 0.866667
654 662 -0.200000
655 663 -3.000000
656 664 0.200000
657 661 0.333333
657 662 -0.066667
657 663 -0.733333
657 664 -0.466667
657 753 -0.333333
658 661 -0.466667
658 662 0.200000
658 663 -1.000000
658 664 0.600000
658 754 -0.733333
659 661 -1.000000
659 662 -0.333333
659 663 0.466667
659 664 -0.466667
659 755 -0.866667
660 661 -0.200000
660 662 0.466667
660 663 0.866667
660 664 -1.000000
660 756 -0.600000
661 669 -0.866667
662 670 0.333333
663 671 -2.333333
664 672 -0.733333
665 669 -0.466667
665 670 0.200000
665 671 0.733333
665 672 -0.733333
665 761 0.333333
666 669 -0.866667
666 670 0.733333
666 671 0.866667
666 672 0.600000
666 762 1.000000
667 669 -0.200000
667 670 -0.866667
667 671 -0.333333
667 672 -0.333333
667 763 0.333333
668 669 -0.600000
668 670 -0.466667
668 671 -5.000000
668 672 -0.333333
668 764 3.000000
673 677 0.600000
673 678 -0.333333
673 679 0.600000
673 680 -0.600000
673 769 0.733333
674 677 0.466667
674 678 0.333333
674 679 1.000000
674 680 0.333333
674 770 0.733333
675 677 -0.600000
675 678 0.333333
675 679 -0.866667
675 680 0.333333
675 771 0.066667
676 677 0.333333
676 678 -0.866667
676 679 0.200000
676 680 0.466667
676 772 0.333333
677 685 -0.733333
678 686 -0.733333
679 687 -0.466667
680 688 1.000000
681 685 -1.000000
681 686 -0.733333
681 687 -0.866667
681 688 -0.333333
681 777 -1.000000
682 685 -0.466667
682 686 -1.000000
682 687 1.000000
682 688 -0.200000
682 778 0.600000
683 685 0.466667
683 686 -0.333333
683 687 0.866667
683 688 0.733333
683 779 -0.866667
684 685 -0.333333
684 686 -1.000000
684 687 0.066667
684 688 0.466667
684 780 -0.066667
685 693 0.733333
686 694 3.666667
687 695 -0.066667
688 696 -0.466667
689 693 0.466667
689 694 0.866667
689 695 0.733333
689 696 -0.333333
689 785 0.466667
690 693 -0.200000
690 694 -2.333333
690 695 -0.333333
690 696 -0.066667
690 786 0.733333
691 693 0.733333
691 694 -0.866667
691 695 0.066667
691 696 0.866667
691 787 0.600000
692 693 1.666667
692 694 3.666667
692 695 -0.733333
692 696 -3.000000
692 788 5.000000
693 701 0.333333
694 702 -0.600000
695 703 -1.000000
696 704 0.200000
697 701 -1.000000
697 702 0.600000
697 703 0.866667
697 704 0.333333
697 793 -0.066667
698 701 0.066667
698 702 -0.200000
698 703 -1.000000
698 704 0.733333
698 794 0.066667
699 701 0.466667
699 702 1.000000
699 703 0.333333
699 704 -0.466667
699 795 0.733333
700 701 0.866667
700 702 -0.066667
700 703 -0.466667
700 704 -0.066667
700 796 -0.466667
701 709 -1.000000
702 710 0.733333
703 711 0.333333
704 712 0.600000
705 709 -0.600000
705 710 0.866667
705 711 -0.466667
705 712 0.066667
705 801 0.066667
706 709 0.866667
706 710 -0.733333
706 711 0.333333
706 712 -0.466667
706 802 0.066667
707 709 -1.000000
707 710 -0.866667
707 711 1.000000
707 712 0.600000
707 803 -0.600000
708 709 0.333333
708 710 -0.333333
708 711 0.066667
708 712 -1.000000
708 804 0.200000
709 717 0.733333
710 718 1.000000
711 719 0.333333
712 720 0.600000
713 717 0.866667
713 718 -5.000000
713 719 -0.200000
713 720 0.600000
713 809 1.000000
714 717 0.866667
714 718 0.600000
714 719 -0.200000
714 720 -1.000000
714 810 -0.333333
715 717 -0.200000
715 718 -0.200000
715 719 0.333333
715 720 1.000000
715 811 -1.000000
716 717 0.066667
716 718 3.000000
716 719 5.000000
716 720 0.333333
716 812 0.333333
717 725 -0.333333
718 726 -0.333333
719 727 -1.000000
720 728 -3.000000
721 725 -0.600000
721 726 0.600000
721 727 0.733333
721 728 0.733333
721 817 -0.866667
722 725 -0.866667
722 726 -1.000000
722 727 0.333333
722 728 -3.000000
722 818 -0.066667
723 725 0.733333
723 726 1.000000
723 727 -0.066667
723 728 0.333333
723 819 0.333333
724 725 -0.733333
724 726 0.333333
724 727 -0.733333
724 728 0.066667
724 820 -0.466667
725 733 -0.200000
726 734 0.600000
727 735 -0.466667
728 736 0.333333
729 733 -0.466667
729 734 -0.600000
729 735 -0.200000
729 736 -0.066667
729 825 -1.000000
730 733 0.200000
730 734 0.200000
730 735 -0.866667
730 736 -0.600000
730 826 0.600000
731 733 0.733333
731 734 1.000000
731 735 0.733333
731 736 0.866667
731 827 -1.000000
732 733 -0.200000
732 734 -0.866667
732 735 -0.200000
732 736 -0.866667
732 828 -0.200000
733 741 0.066667
734 742 0.600000
735 743 0.200000
736 744 0.200000
737 741 -0.066667
737 742 0.866667
737 743 -0.333333
737 744 -0.066667
737 833 -1.000000
738 741 -0.733333
738 742 0.600000
738 743 1.000000
738 744 -0.333333
738 834 0.466667
739 741 0.466667
739 742 -0.066667
739 743 0.333333
739 744 0.333333
739 835 0.466667
740 741 0.200000
740 742 -1.000000
740 743 -0.333333
740 744 -0.600000
740 836 0.733333
741 749 -0.866667
742 750 -0.733333
743 751 0.333333
744 752 -0.866667
745 749 -1.000000
745 750 0.466667
745 751 1.000000
745 752 -0.466667
745 841 0.466667
746 749 -1.000000
746 750 0.200000
746 751 1.000000
746 752 -1.000000
746 842 -0.600000
747 749 -0.066667
747 750 0.066667
747 751 -0.466667
747 752 -0.600000
747 843 0.600000
748 749 0.733333
748 750 0.200000
748 751 0.600000
748 752 0.866667
748 844 -0.466667
749 757 -0.066667
750 758 -0.866667
751 759 1.000000
752 760 -0.600000
753 757 -0.600000
753 758 -0.600000
753 759 -5.000000
753 760 1.000000
753 849 0.866667
754 757 -0.200000
754 758 -0.066667
754 759 0.066667
754 760 0.466667
754 850 1.000000
755 757 0.866667
755 758 0.333333
755 759 -0.466667
755 760 -0.600000
755 851 -0.733333
756 757 -0.866667
756 758 0.466667
756 759 0.066667
756 760 -0.200000
756 852 3.000000
757 765 -0.200000
758 766 1.666667
759 767 0.333333
760 768 -0.333333
761 765 1.666667
761 766 0.200000
761 767 -0.200000
761 768 -1.000000
761 857 0.333333
762 765 1.000000
762 766 -2.333333
762 767 -4.333333
762 768 -0.066667
762 858 -5.000000
763 765 1.666667
763 766 -3.000000
763 767 -0.600000
763 768 -1.000000
763 859 -1.666667
764 765 -3.000000
764 766 0.200000
764 767 -2.333333
764 768 4.333333
764 860 4.333333
769 773 1.000000
769 774 0.200000
769 775 -0.200000
769 776 0.733333
769 865 0.733333
770 773 -0.466667
770 774 0.866667
770 775 0.866667
770 776 -1.000000
770 866 0.600000
771 773 -0.200000
771 774 -0.200000
771 775 0.200000
771 776 -0.733333
771 867 -0.866667
772 773 -0.866667
772 774 -0.866667
772 775 0.200000
772 776 -0.866667
772 868 -0.066667
773 781 1.000000
774 782 0.066667
775 783 -5.000000
776 784 1.000000
777 781 -0.733333
777 782 4.333333
777 783 -0.333333
777 784 0.200000
777 873 0.466667
778 781 0.333333
778 782 0.200000
778 783 -0.733333
778 784 -0.600000
778 874 -1.000000
779 781 -0.600000
779 782 -0.333333
779 783 -5.000000
779 784 0.200000
779 875 -0.866667
780 781 1.000000
780 782 0.600000
780 783 -0.466667
780 784 -0.600000
780 876 0.733333
781 789 0.466667
782 790 -0.200000
783 791 -0.866667
784 792 0.066667
785 789 0.600000
785 790 0.200000
785 791 -0.600000
785 792 -0.466667
785 881 0.866667
786 789 0.600000
786 790 -0.333333
786 791 0.066667
786 792 -0.333333
786 882 0.733333
787 789 0.600000
787 790 0.200000
787 791 -0.200000
787 792 -0.466667
787 883 0.733333
788 789 0.466667
788 790 0.466667
788 791 0.200000
788 792 -3.666667
788 884 -1.000000
789 797 -0.733333
790 798 -0.733333
791 799 0.333333
792 800 -0.333333
793 797 0.600000
793 798 -0.333333
793 799 1.000000
793 800 1.000000
793 889 0.200000
794 797 0.333333
794 798 -0.866667
794 799 -0.466667
794 800 -0.333333
794 890 0.333333
795 797 1.000000
795 798 -0.600000
795 799 0.066667
795 800 0.600000
795 891 -0.733333
796 797 -0.466667
796 798 0.333333
796 799 0.866667
796 800 0.733333
796 892 0.866667
797 805 -0.466667
798 806 -0.600000
799 807 0.466667
800 808 -0.066667
801 805 0.466667
801 806 -3.666667
801 807 1.000000
801 808 1.000000
801 897 -0.866667
802 805 -0.066667
802 806 0.200000
802 807 0.200000
802 808 0.466667
802 898 0.333333
803 805 -0.466667
803 806 -0.866667
803 807 0.733333
803 808 -0.200000
803 899 -0.466667
804 805 0.733333
804 806 0.200000
804 807 0.333333
804 808 0.200000
804 900 0.066667
805 813 0.733333
806 814 -2.333333
807 815 0.600000
808 816 -0.200000
809 813 -0.600000
809 814 -0.466667
809 815 -1.000000
809 816 0.600000
809 905 -0.600000
810 813 0.333333
810 814 -0.733333
810 815 -0.333333
810 816 -0.733333
810 906 -0.066667
811 813 -0.200000
811 814 -0.333333
811 815 -3.666667
811 816 -0.466667
811 907 0.733333
812 813 -0.600000
812 814 -0.066667
812 815 0.466667
812 816 -0.600000
812 908 0.066667
813 821 -0.600000
814 822 1.000000
815 823 0.733333
816 824 0.600000
817 821 1.000000
817 822 -0.866667
817 823 -1.000000
817 824 0.333333
817 913 0.200000
818 821 -0.066667
818 822 0.600000
818 823 -0.466667
818 824 -0.733333
818 914 0.600000
819 821 -0.600000
819 822 -0.333333
819 823 0.600000
819 824 -1.000000
819 915 0.333333
820 821 -0.066667
820 822 0.466667
820 823 -0.733333
820 824 0.733333
820 916 0.466667
821 829 -0.466667
822 830 -0.600000
823 831 0.600000
824 832 0.733333
825 829 0.066667
825 830 -0.333333
825 831 -0.333333
825 832 0.600000
825 921 -0.466667
826 829 -0.733333
826 830 -0.600000
826 831 -1.666667
826 832 0.733333
826 922 -1.000000
827 829 -0.866667
827 830 -0.066667
827 831 -0.866667
827 832 1.000000
827 923 -4.333333
828 829 -0.733333
828 830 0.866667
828 831 0.200000
828 832 0.866667
828 924 -0.733333
829 837 0.733333
830 838 0.333333
831 839 0.333333
832 840 0.600000
833 837 -0.333333
833 838 -0.200000
833 839 0.333333
833 840 -1.000000
833 929 -0.600000
834 837 0.066667
834 838 0.733333
834 839 0.733333
834 840 1.000000
834 930 2.333333
835 837 -0.466667
835 838 0.200000
835 839 -0.066667
835 840 0.333333
835 931 1.000000
836 837 -0.200000
836 838 1.000000
836 839 0.333333
836 840 0.866667
836 932 2.333333
837 845 0.066667
838 846 -0.333333
839 847 1.000000
840 848 3.666667
841 845 0.066667
841 846 -2.333333
841 847 -0.600000
841 848 3.000000
841 937 -0.600000
842 845 0.733333
842 846 -0.600000
842 847 -0.600000
842 848 -0.466667
842 938 0.333333
843 845 0.600000
843 846 -1.666667
843 847 -0.866667
843 848 0.600000
843 939 2.333333
844 845 -0.200000
844 846 1.666667
844 847 -3.000000
844 848 -0.466667
844 940 -0.600000
845 853 -1.000000
846 854 -0.600000
847 855 -0.733333
848 856 -1.000000
849 853 1.000000
849 854 0.066667
849 855 0.466667
849 856 -0.866667
849 945 -0.333333
850 853 0.600000
850 854 0.733333
850 855 0.066667
850 856 -0.466667
850 946 0.333333
851 853 0.333333
851 854 -0.733333
851 855 -0.333333
851 856 0.200000
851 947 0.600000
852 853 -0.066667
852 854 0.866667
852 855 0.600000
852 856 0.333333
852 948 -0.333333
853 861 0.466667
854 862 -0.600000
855 863 -0.866667
856 864 0.866667
857 861 -1.666667
857 862 1.000000
857 863 -0.866667
857 864 -1.000000
857 953 0.600000
858 861 0.733333
858 862 0.333333
858 863 -2.333333
858 864 -0.333333
858 954 -0.066667
859 861 -0.466667
859 862 -0.733333
859 863 1.000000
859 864 -1.000000
859 955 -2.333333
860 861 -1.666667
860 862 -1.000000
860 863 -0.200000
860 864 -1.666667
860 956 0.200000
865 869 0.066667
865 870 -0.466667
865 871 -0.200000
865 872 -1.000000
865 961 -0.733333
866 869 0.200000
866 870 0.066667
866 871 -0.600000
866 872 -0.733333
866 962 -0.200000
867 869 0.066667
867 870 0.066667
867 871 0.600000
867 872 -0.466667
867 963 -0.200000
868 869 0.333333
868 870 0.466667
868 871 -0.600000
868 872 0.866667
868 964 -0.733333
869 877 -0.466667
870 878 0.600000
871 879 0.733333
872 880 -1.000000
873 877 4.333333
873 878 0.866667
873 879 0.733333
873 880 0.866667
873 969 0.066667
874 877 -1.000000
874 878 -0.200000
874 879 0.600000
874 880 -0.733333
874 970 -0.066667
875 877 -2.333333
875 878 0.466667
875 879 -0.733333
875 880 -0.066667
875 971 0.866667
876 877 0.866667
876 878 0.466667
876 879 -0.200000
876 880 -0.200000
876 972 0.466667
877 885 -0.466667
878 886 -0.733333
879 887 -1.000000
880 888 -0.066667
881 885 0.466667
881 886 0.200000
881 887 -1.000000
881 888 0.733333
881 977 -0.200000
882 885 -0.600000
882 886 -3.000000
882 887 0.866667
882 888 0.200000
882 978 0.866667
883 885 -1.000000
883 886 -0.733333
883 887 0.866667
883 888 0.866667
883 979 0.466667
884 885 -2.333333
884 886 -1.666667
884 887 0.333333
884 888 0.466667
884 980 0.333333
885 893 0.866667
886 894 -0.600000
887 895 0.733333
888 896 1.000000
889 893 -0.733333
889 894 -0.200000
889 895 -2.333333
889 896 0.466667
889 985 -0.466667
890 893 1.000000
890 894 0.333333
890 895 1.000000
890 896 -0.200000
890 986 -0.466667
891 893 0.466667
891 894 0.066667
891 895 0.066667
891 896 -5.000000
891 987 -1.000000
892 893 0.066667
892 894 -0.333333
892 895 0.866667
892 896 1.000000
892 988 0.200000
893 901 1.000000
894 902 -0.466667
895 903 -0.066667
896 904 1.000000
897 901 -1.000000
897 902 -0.866667
897 903 -0.200000
897 904 0.066667
897 993 1.000000
898 901 -0.600000
898 902 1.000000
898 903 0.066667
898 904 -0.200000
898 994 0.466667
899 901 -0.333333
899 902 -0.733333
899 903 -0.733333
899 904 -0.200000
899 995 -0.200000
900 901 -0.733333
900 902 0.866667
900 903 -0.600000
900 904 -1.000000
900 996 3.666667
901 909 0.200000
902 910 0.066667
903 911 0.200000
904 912 -0.333333
905 909 0.200000
905 910 0.333333
905 911 1.000000
905 912 0.466667
905 1001 -0.733333
906 909 0.866667
906 910 0.600000
906 911 -0.333333
906 912 0.333333
906 1002 5.000000
907 909 -0.733333
907 910 -0.200000
907 911 0.466667
907 912 -0.200000
907 1003 0.733333
908 909 0.866667
908 910 -0.866667
908 911 0.466667
908 912 -1.000000
908 1004 0.866667
909 917 0.333333
910 918 -0.466667
911 919 0.600000
912 920 -0.466667
913 917 -0.200000
913 918 0.733333
913 919 0.600000
913 920 0.733333
913 1009 0.600000
914 917 0.466667
914 918 -0.200000
914 919 -0.466667
914 920 -0.733333
914 1010 0.466667
915 917 0.733333
915 918 3.000000
915 919 -0.333333
915 920 -1.666667
915 1011 0.466667
916 917 -0.466667
916 918 0.466667
916 919 0.200000
916 920 -0.600000
916 1012 -0.200000
917 925 -0.466667
918 926 2.333333
919 927 -0.866667
920 928 0.333333
921 925 0.866667
921 926 -0.466667
921 927 -0.866667
921 928 1.000000
921 1017 -0.200000
922 925 -2.333333
922 926 2.333333
922 927 0.733333
922 928 -0.866667
922 1018 0.866667
923 925 -0.866667
923 926 0.466667
923 927 -0.200000
923 928 -1.000000
923 1019 0.866667
924 925 0.600000
924 926 0.466667
924 927 -0.333333
924 928 1.000000
924 1020 -0.600000
925 933 -1.000000
926 934 -1.000000
927 935 -0.333333
928 936 0.333333
929 933 -1.666667
929 934 -0.733333
929 935 1.000000
929 936 1.000000
929 1025 -0.066667
930 933 0.466667
930 934 0.733333
930 935 0.866667
930 936 5.000000
930 1026 -0.733333
931 933 -0.200000
931 934 -0.333333
931 935 0.200000
931 936 -0.466667
931 1027 -0.866667
932 933 0.733333
932 934 0.333333
932 935 -1.666667
932 936 0.733333
932 1028 0.200000
933 941 0.466667
934 942 -0.333333
935 943 -0.466667
936 944 -0.600000
937 941 0.200000
937 942 -1.000000
937 943 -5.000000
937 944 1.666667
937 1033 -0.333333
938 941 0.600000
938 942 -0.066667
938 943 -0.600000
938 944 1.000000
938 1034 0.200000
939 941 1.000000
939 942 -0.200000
939 943 0.733333
939 944 -5.000000
939 1035 5.000000
940 941 0.866667
940 942 0.200000
940 943 -2.333333
940 944 0.066667
940 1036 -1.000000
941 949 0.466667
942 950 4.333333
943 951 -0.066667
944 952 -1.000000
945 949 0.333333
945 950 1.000000
945 951 -0.333333
945 952 -0.466667
945 1041 0.466667
946 949 0.866667
946 950 -0.066667
946 951 -0.733333
946 952 -0.066667
946 1042 0.200000
947 949 5.000000
947 950 -1.000000
947 951 -1.000000
947 952 -0.466667
947 1043 -1.000000
948 949 -0.600000
948 950 -3.666667
948 951 3.666667
948 952 -0.200000
948 1044 -3.666667
949 957 0.333333
950 958 0.066667
951 959 -1.000000
952 960 -0.333333
953 957 -1.000000
953 958 -1.000000
953 959 -3.000000
953 960 -0.466667
953 1049 -0.866667
954 957 -0.066667
954 958 -0.333333
954 959 0.866667
954 960 1.000000
954 1050 -0.200000
955 957 -0.466667
955 958 -2.333333
955 959 0.600000
955 960 0.866667
955 1051 0.066667
956 957 -0.733333
956 958 -0.600000
956 959 -0.333333
956 960 -0.866667
956 1052 0.466667
961 965 -0.333333
961 966 0.200000
961 967 -0.866667
961 968 -0.466667
961 1057 -0.733333
962 965 -0.466667
962 966 -0.333333
962 967 -1.000000
962 968 0.600000
962 1058 -0.066667
963 965 -0.333333
963 966 0.866667
963 967 0.333333
963 968 -0.600000
963 1059 -0.866667
964 965 -0.333333
964 966 0.466667
964 967 -1.000000
964 968 0.733333
964 1060 0.066667
965 973 -0.866667
966 974 -1.000000
967 975 -3.666667
968 976 -0.466667
969 973 1.000000
969 974 -0.733333
969 975 -0.866667
969 976 1.000000
969 1065 0.466667
970 973 -0.600000
970 974 -1.000000
970 975 -0.466667
970 976 0.466667
970 1066 -0.600000
971 973 3.666667
971 974 -0.333333
971 975 3.000000
971 976 0.600000
971 1067 0.466667
972 973 0.466667
972 974 -0.200000
972 975 -0.600000
972 976 -1.000000
972 1068 0.066667
973 981 0.200000
974 982 0.333333
975 983 1.000000
976 984 0.200000
977 981 0.600000
977 982 -0.066667
977 983 0.066667
977 984 -0.466667
977 1073 -0.733333
978 981 0.600000
978 982 -0.200000
978 983 0.466667
978 984 0.733333
978 1074 -0.200000
979 981 -0.200000
979 982 0.066667
979 983 -1.666667
979 984 -0.200000
979 1075 0.466667
980 981 -0.466667
980 982 0.200000
980 983 -0.600000
980 984 0.066667
980 1076 -0.733333
981 989 -0.333333
982 990 1.000000
983 991 -0.466667
984 992 -0.733333
985 989 0.066667
985 990 -0.200000
985 991 -0.733333
985 992 -0.466667
985 1081 -0.066667
986 989 0.066667
986 990 0.733333
986 991 -4.333333
986 992 -0.733333
986 1082 0.066667
987 989 0.600000
987 990 0.066667
987 991 0.733333
987 992 0.333333
987 1083 -0.733333
988 989 1.000000
988 990 -0.866667
988 991 -0.466667
988 992 0.733333
988 1084 -0.866667
989 997 -0.333333
990 998 -0.066667
991 999 0.200000
992 1000 1.000000
993 997 0.733333
993 998 0.333333
993 999 -0.200000
993 1000 0.733333
993 1089 -1.000000
994 997 -0.333333
994 998 -3.666667
994 999 -0.066667
994 1000 0.333333
994 1090 0.333333
995 997 -1.000000
995 998 0.733333
995 999 -0.333333
995 1000 0.066667
995 1091 -1.000000
996 997 3.666667
996 998 -0.066667
996 999 0.200000
996 1000 -0.333333
996 1092 0.600000
997 1005 -0.333333
998 1006 0.333333
999 1007 -1.000000
1000 1008 -0.333333
1001 1005 0.466667
1001 1006 1.000000
1001 1007 -0.066667
1001 1008 -0.600000
1001 1097 1.000000
1002 1005 -0.733333
1002 1006 -0.733333
1002 1007 -0.866667
1002 1008 -1.000000
1002 1098 5.000000
1003 1005 -0.866667
1003 1006 -0.866667
1003 1007 0.066667
1003 1008 0.333333
1003 1099 0.733333
1004 1005 -0.066667
1004 1006 0.066667
1004 1007 -0.066667
1004 1008 0.600000
1004 1100 1.000000
1005 1013 0.066667
1006 1014 1.000000
1007 1015 -0.866667
1008 1016 0.466667
1009 1013 0.733333
1009 1014 0.866667
1009 1015 -0.200000
1009 1016 -1.000000
1009 1105 -0.066667
1010 1013 0.466667
1010 1014 -0.866667
1010 1015 4.333333
1010 1016 0.200000
1010 1106 -0.066667
1011 1013 0.333333
1011 1014 -0.200000
1011 1015 5.000000
1011 1016 0.866667
1011 1107 -0.600000
1012 1013 1.000000
1012 1014 -0.866667
1012 1015 -0.066667
1012 1016 0.066667
1012 1108 0.866667
1013 1021 0.066667
1014 1022 -0.333333
1015 1023 0.333333
1016 1024 0.866667
1017 1021 0.866667
1017 1022 -0.600000
1017 1023 0.733333
1017 1024 0.066667
1017 1113 0.600000
1018 1021 -0.600000
1018 1022 0.066667
1018 1023 0.600000
1018 1024 -0.866667
1018 1114 0.600000
1019 1021 -0.733333
1019 1022 -1.000000
1019 1023 -0.600000
1019 1024 -0.200000
1019 1115 -0.066667
1020 1021 0.866667
1020 1022 -0.466667
1020 1023 0.733333
1020 1024 -0.733333
1020 1116 0.066667
1021 1029 0.733333
1022 1030 -0.066667
1023 1031 -0.066667
1024 1032 0.866667
1025 1029 0.866667
1025 1030 1.000000
1025 1031 -0.733333
1025 1032 -0.600000
1025 1121 0.200000
1026 1029 0.600000
1026 1030 -0.066667
1026 1031 0.333333
1026 1032 -0.066667
1026 1122 -0.733333
1027 1029 0.200000
1027 1030 -0.066667
1027 1031 -0.733333
1027 1032 0.733333
1027 1123 -1.000000
1028 1029 0.333333
1028 1030 -0.466667
1028 1031 1.000000
1028 1032 -0.733333
1028 1124 -0.866667
1029 1037 1.000000
1030 1038 2.333333
1031 1039 -0.200000
1032 1040 0.733333
1033 1037 -0.466667
1033 1038 0.466667
1033 1039 3.666667
1033 1040 0.333333
1033 1129 -3.666667
1034 1037 0.866667
1034 1038 0.066667
1034 1039 -0.866667
1034 1040 -0.200000
1034 1130 -0.066667
1035 1037 -0.733333
1035 1038 -2.333333
1035 1039 0.333333
1035 1040 -1.000000
1035 1131 1.000000
1036 1037 -2.333333
1036 1038 -0.866667
1036 1039 -0.466667
1036 1040 -0.733333
1036 1132 1.000000
1037 1045 0.733333
1038 1046 2.333333
1039 1047 -0.200000
1040 1048 0.866667
1041 1045 -0.066667
1041 1046 0.200000
1041 1047 0.866667
1041 1048 -0.466667
1041 1137 -0.466667
1042 1045 -0.200000
1042 1046 0.600000
1042 1047 0.600000
1042 1048 0.466667
1042 1138 0.333333
1043 1045 -0.066667
1043 1046 -0.733333
1043 1047 -0.066667
1043 1048 0.733333
1043 1139 0.600000
1044 1045 -2.333333
1044 1046 1.000000
1044 1047 -0.733333
1044 1048 0.600000
1044 1140 -0.200000
1045 1053 0.333333
1046 1054 0.333333
1047 1055 -0.466667
1048 1056 0.600000
1049 1053 5.000000
1049 1054 0.466667
1049 1055 1.000000
1049 1056 0.200000
1049 1145 0.733333
1050 1053 -0.733333
1050 1054 -0.866667
1050 1055 -0.333333
1050 1056 0.600000
1050 1146 1.000000
1051 1053 0.466667
1051 1054 -0.333333
1051 1055 -0.333333
1051 1056 -0.866667
1051 1147 0.600000
1052 1053 -0.466667
1052 1054 -0.466667
1052 1055 0.600000
1052 1056 -0.333333
1052 1148 -0.333333
1057 1061 0.066667
1057 1062 -0.066667
1057 1063 0.466667
1057 1064 0.600000
1058 1061 -0.066667
1058 1062 1.000000
1058 1063 0.733333
1058 1064 -0.200000
1059 1061 -0.200000
1059 1062 0.733333
1059 1063 -0.733333
1059 1064 1.000000
1060 1061 0.066667
1060 1062 0.600000
1060 1063 -1.000000
1060 1064 -1.666667
1061 1069 0.866667
1062 1070 -0.466667
1063 1071 -0.466667
1064 1072 1.000000
1065 1069 -0.600000
1065 1070 -0.866667
1065 1071 0.200000
1065 1072 -0.866667
1066 1069 -0.600000
1066 1070 0.866667
1066 1071 -0.200000
1066 1072 -0.466667
1067 1069 0.200000
1067 1070 -1.000000
1067 1071 -0.466667
1067 1072 0.200000
1068 1069 -0.333333
1068 1070 -0.866667
1068 1071 -0.333333
1068 1072 -0.866667
1069 1077 1.000000
1070 1078 1.000000
1071 1079 0.733333
1072 1080 -0.600000
1073 1077 -0.066667
1073 1078 0.733333
1073 1079 -0.066667
1073 1080 -0.733333
1074 1077 1.000000
1074 1078 -0.466667
1074 1079 0.866667
1074 1080 -0.733333
1075 1077 -0.733333
1075 1078 -0.866667
1075 1079 -0.600000
1075 1080 -1.000000
1076 1077 0.066667
1076 1078 0.200000
1076 1079 0.066667
1076 1080 0.066667
1077 1085 -0.066667
1078 1086 0.600000
1079 1087 -0.066667
1080 1088 -0.333333
1081 1085 -0.466667
1081 1086 -0.600000
1081 1087 0.333333
1081 1088 -0.066667
1082 1085 -0.066667
1082 1086 0.466667
1082 1087 0.600000
1082 1088 0.733333
1083 1085 -0.600000
1083 1086 2.333333
1083 1087 0.200000
1083 1088 0.733333
1084 1085 4.333333
1084 1086 1.000000
1084 1087 -0.866667
1084 1088 0.600000
1085 1093 -0.466667
1086 1094 1.000000
1087 1095 -0.866667
1088 1096 -0.466667
1089 1093 -0.200000
1089 1094 0.866667
1089 1095 0.866667
1089 1096 -1.000000
1090 1093 -0.333333
1090 1094 0.333333
1090 1095 -1.000000
1090 1096 -0.733333
1091 1093 -0.200000
1091 1094 0.066667
1091 1095 0.200000
1091 1096 -0.066667
1092 1093 -0.866667
1092 1094 0.600000
1092 1095 0.333333
1092 1096 0.600000
1093 1101 -0.066667
1094 1102 1.000000
1095 1103 -0.200000
1096 1104 -0.333333
1097 1101 0.333333
1097 1102 -0.200000
1097 1103 0.200000
1097 1104 -0.733333
1098 1101 0.733333
1098 1102 -0.333333
1098 1103 0.066667
1098 1104 -0.333333
1099 1101 -0.866667
1099 1102 0.466667
1099 1103 0.866667
1099 1104 -0.333333
1100 1101 -0.466667
1100 1102 -0.466667
1100 1103 -0.333333
1100 1104 0.466667
1101 1109 -1.000000
1102 1110 0.600000
1103 1111 0.066667
1104 1112 1.000000
1105 1109 0.466667
1105 1110 -0.333333
1105 1111 0.600000
1105 1112 -0.733333
1106 1109 0.733333
1106 1110 -0.733333
1106 1111 1.000000
1106 1112 0.466667
1107 1109 0.066667
1107 1110 -0.200000
1107 1111 -0.200000
1107 1112 -3.000000
1108 1109 1.666667
1108 1110 0.733333
1108 1111 0.333333
1108 1112 0.333333
1109 1117 0.466667
1110 1118 0.600000
1111 1119 -0.066667
1112 1120 -0.466667
1113 1117 0.066667
1113 1118 -0.200000
1113 1119 0.466667
1113 1120 0.733333
1114 1117 -0.600000
1114 1118 0.200000
1114 1119 0.866667
1114 1120 -0.466667
1115 1117 -1.000000
1115 1118 0.333333
1115 1119 -0.200000
1115 1120 -0.466667
1116 1117 -1.000000
1116 1118 -0.733333
1116 1119 0.333333
1116 1120 -0.200000
1117 1125 0.600000
1118 1126 0.466667
1119 1127 -0.200000
1120 1128 -1.000000
1121 1125 -0.600000
1121 1126 0.200000
1121 1127 -0.066667
1121 1128 1.000000
1122 1125 0.066667
1122 1126 0.866667
1122 1127 -0.066667
1122 1128 -0.066667
1123 1125 -3.000000
1123 1126 0.600000
1123 1127 -0.600000
1123 1128 -0.333333
1124 1125 -0.200000
1124 1126 0.466667
1124 1127 -0.200000
1124 1128 1.000000
1125 1133 -0.466667
1126 1134 0.733333
1127 1135 1.000000
1128 1136 -1.666667
1129 1133 -0.600000
1129 1134 -0.866667
1129 1135 -0.600000
1129 1136 3.666667
1130 1133 0.333333
1130 1134 -0.600000
1130 1135 -0.600000
1130 1136 0.733333
1131 1133 0.333333
1131 1134 0.333333
1131 1135 0.333333
1131 1136 1.000000
1132 1133 -0.466667
1132 1134 -0.066667
1132 1135 1.000000
1132 1136 0.866667
1133 1141 -0.466667
1134 1142 -0.333333
1135 1143 0.466667
1136 1144 0.200000
1137 1141 1.000000
1137 1142 0.066667
1137 1143 -1.000000
1137 1144 0.866667
1138 1141 1.000000
1138 1142 0.466667
1138 1143 -0.466667
1138 1144 -0.466667
1139 1141 -0.200000
1139 1142 0.600000
1139 1143 -0.333333
1139 1144 -5.000000
1140 1141 -0.333333
1140 1142 -0.066667
1140 1143 -0.333333
1140 1144 0.066667
1141 1149 0.200000
1142 1150 0.066667
1143 1151 0.333333
1144 1152 0.466667
1145 1149 0.333333
1145 1150 -0.333333
1145 1151 -0.200000
1145 1152 -0.866667
1146 1149 -0.600000
1146 1150 -1.000000
1146 1151 1.000000
1146 1152 -0.066667
1147 1149 -0.600000
1147 1150 -0.600000
1147 1151 1.000000
1147 1152 0.600000
1148 1149 -4.333333
1148 1150 4.333333
1148 1151 3.000000
1148 1152 0.333333