#
1 1 0.013333
2 2 0.173333
3 3 0.093333
4 4 -0.093333
5 5 0.200000
6 6 0.146667
7 7 0.146667
8 8 0.066667
9 9 0.066667
10 10 -0.093333
11 11 -0.173333
12 12 0.013333
13 13 0.200000
14 14 0.200000
15 15 -0.120000
16 16 0.066667
17 17 -0.173333
18 18 -0.013333
19 19 0.200000
20 20 -0.173333
21 21 0.146667
22 22 0.013333
23 23 -0.093333
24 24 -0.146667
25 25 0.120000
26 26 -0.040000
27 27 -0.120000
28 28 -0.173333
29 29 -0.093333
30 30 -0.013333
31 31 -0.146667
32 32 0.173333
33 33 0.200000
34 34 0.040000
35 35 0.013333
36 36 0.066667
37 37 -0.146667
38 38 -0.146667
39 39 0.200000
40 40 0.066667
41 41 0.093333
42 42 -0.173333
43 43 -0.066667
44 44 -0.093333
45 45 0.040000
46 46 -0.173333
47 47 0.013333
48 48 0.200000
49 49 -0.066667
50 50 -0.200000
51 51 -0.013333
52 52 -0.066667
53 53 0.120000
54 54 0.013333
55 55 -0.200000
56 56 -0.013333
57 57 0.146667
58 58 -0.066667
59 59 -0.120000
60 60 0.120000
61 61 -0.146667
62 62 -0.013333
63 63 0.200000
64 64 -0.013333
65 65 -0.066667
66 66 -0.040000
67 67 -0.146667
68 68 -0.040000
69 69 0.146667
70 70 -0.173333
71 71 -0.173333
72 72 0.013333
73 73 0.066667
74 74 -0.200000
75 75 -0.146667
76 76 -0.200000
77 77 -0.120000
78 78 -0.013333
79 79 0.200000
80 80 0.040000
81 81 0.200000
82 82 -0.040000
83 83 0.200000
84 84 0.013333
85 85 -0.173333
86 86 -0.040000
87 87 -0.200000
88 88 -0.120000
89 89 -0.093333
90 90 -0.173333
91 91 -0.040000
92 92 0.066667
93 93 0.146667
94 94 -0.146667
95 95 0.173333
96 96 0.200000
97 97 0.013333
98 98 -0.200000
99 99 0.120000
100 100 -0.013333
101 101 0.093333
102 102 0.040000
103 103 0.200000
104 104 -0.093333
105 105 0.040000
106 106 -0.040000
107 107 0.120000
108 108 0.066667
109 109 -0.066667
110 110 0.173333
111 111 0.093333
112 112 0.066667
113 113 0.173333
114 114 0.066667
115 115 -0.093333
116 116 -0.173333
117 117 -0.093333
118 118 0.066667
119 119 -0.066667
120 120 -0.173333
121 121 -0.040000
122 122 0.013333
123 123 0.093333
124 124 -0.173333
125 125 0.093333
126 126 0.120000
127 127 0.173333
128 128 -0.120000
129 129 -0.066667
130 130 0.013333
131 131 -0.146667
132 132 -0.013333
133 133 0.040000
134 134 -0.173333
135 135 0.146667
136 136 0.146667
137 137 -0.120000
138 138 0.146667
139 139 0.013333
140 140 0.013333
141 141 -0.173333
142 142 -0.066667
143 143 0.093333
144 144 -0.120000
145 145 0.093333
146 146 -0.120000
147 147 0.200000
148 148 0.040000
149 149 0.040000
150 150 0.120000
151 151 -0.040000
152 152 0.146667
153 153 0.146667
154 154 -0.013333
155 155 0.146667
156 156 0.013333
157 157 -0.013333
158 158 0.040000
159 159 0.173333
160 160 -0.093333
161 161 0.173333
162 162 0.200000
163 163 0.013333
164 164 -0.040000
165 165 -0.093333
166 166 -0.066667
167 167 -0.173333
168 168 -0.120000
169 169 -0.146667
170 170 -0.040000
171 171 -0.173333
172 172 -0.120000
173 173 0.120000
174 174 0.120000
175 175 0.173333
176 176 0.200000
177 177 0.173333
178 178 0.013333
179 179 0.093333
180 180 -0.093333
181 181 0.120000
182 182 0.173333
183 183 -0.200000
184 184 0.173333
185 185 0.093333
186 186 -0.200000
187 187 -0.120000
188 188 0.146667
189 189 -0.120000
190 190 -0.120000
191 191 -0.013333
192 192 -0.093333
193 193 0.120000
194 194 0.173333
195 195 0.200000
196 196 -0.173333
197 197 0.066667
198 198 -0.013333
199 199 0.200000
200 200 -0.146667
201 201 -0.200000
202 202 -0.013333
203 203 0.093333
204 204 -0.146667
205 205 -0.093333
206 206 -0.013333
207 207 -0.146667
208 208 -0.146667
209 209 0.013333
210 210 -0.120000
211 211 -0.200000
212 212 -0.200000
213 213 0.013333
214 214 -0.146667
215 215 0.066667
216 216 0.066667
217 217 0.093333
218 218 -0.040000
219 219 -0.013333
220 220 0.173333
221 221 -0.093333
222 222 -0.013333
223 223 0.040000
224 224 -0.066667
225 225 -0.200000
226 226 0.040000
227 227 0.040000
228 228 -0.066667
229 229 -0.146667
230 230 0.093333
231 231 0.146667
232 232 -0.013333
233 233 0.146667
234 234 -0.040000
235 235 -0.120000
236 236 -0.066667
237 237 -0.120000
238 238 -0.093333
239 239 0.066667
240 240 0.013333
241 241 -0.093333
242 242 0.013333
243 243 0.120000
244 244 0.040000
245 245 -0.040000
246 246 0.040000
247 247 0.200000
248 248 0.146667
249 249 -0.093333
250 250 -0.120000
251 251 0.066667
252 252 -0.093333
253 253 -0.120000
254 254 0.173333
255 255 -0.093333
256 256 -0.040000
257 257 -0.146667
258 258 0.173333
259 259 -0.066667
260 260 0.146667
261 261 -0.146667
262 262 -0.146667
263 263 -0.200000
264 264 -0.120000
265 265 -0.013333
266 266 0.200000
267 267 -0.173333
268 268 0.066667
269 269 0.013333
270 270 0.173333
271 271 -0.013333
272 272 0.173333
273 273 0.146667
274 274 -0.200000
275 275 0.066667
276 276 -0.040000
277 277 0.173333
278 278 -0.040000
279 279 0.066667
280 280 -0.200000
281 281 -0.013333
282 282 0.200000
283 283 -0.040000
284 284 -0.093333
285 285 0.146667
286 286 -0.173333
287 287 0.146667
288 288 0.200000
289 289 0.200000
290 290 -0.120000
291 291 -0.093333
292 292 -0.093333
293 293 -0.093333
294 294 -0.200000
295 295 0.120000
296 296 -0.093333
297 297 0.013333
298 298 -0.200000
299 299 0.146667
300 300 -0.093333
301 301 0.200000
302 302 0.013333
303 303 0.093333
304 304 0.013333
305 305 0.173333
306 306 0.040000
307 307 -0.013333
308 308 -0.040000
309 309 0.173333
310 310 -0.173333
311 311 0.173333
312 312 0.146667
313 313 0.146667
314 314 0.093333
315 315 -0.093333
316 316 -0.066667
317 317 -0.093333
318 318 0.013333
319 319 0.200000
320 320 0.120000
321 321 -0.040000
322 322 0.013333
323 323 -0.066667
324 324 -0.200000
325 325 0.093333
326 326 0.120000
327 327 0.093333
328 328 -0.120000
329 329 -0.093333
330 330 -0.066667
331 331 -0.093333
332 332 0.120000
333 333 -0.200000
334 334 -0.200000
335 335 -0.040000
336 336 0.200000
337 337 -0.200000
338 338 -0.146667
339 339 -0.040000
340 340 -0.093333
341 341 -0.040000
342 342 -0.093333
343 343 0.120000
344 344 0.120000
345 345 0.146667
346 346 0.040000
347 347 -0.040000
348 348 0.013333
349 349 0.173333
350 350 0.200000
351 351 0.066667
352 352 -0.146667
353 353 -0.120000
354 354 0.040000
355 355 -0.013333
356 356 -0.173333
357 357 -0.200000
358 358 0.120000
359 359 0.066667
360 360 0.120000
361 361 0.120000
362 362 -0.040000
363 363 0.200000
364 364 0.173333
365 365 -0.013333
366 366 0.066667
367 367 -0.013333
368 368 -0.146667
369 369 0.040000
370 370 -0.040000
371 371 0.066667
372 372 -0.173333
373 373 0.013333
374 374 0.013333
375 375 0.173333
376 376 -0.093333
377 377 0.173333
378 378 0.093333
379 379 0.013333
380 380 -0.013333
381 381 -0.040000
382 382 0.120000
383 383 -0.013333
384 384 0.200000
385 385 0.093333
386 386 0.173333
387 387 0.120000
388 388 0.040000
389 389 -0.066667
390 390 0.120000
391 391 -0.173333
392 392 -0.066667
393 393 -0.013333
394 394 -0.040000
395 395 0.200000
396 396 0.200000
397 397 -0.146667
398 398 -0.120000
399 399 0.200000
400 400 0.146667
401 401 -0.173333
402 402 -0.120000
403 403 -0.146667
404 404 -0.013333
405 405 -0.013333
406 406 -0.066667
407 407 -0.200000
408 408 0.013333
409 409 0.013333
410 410 0.146667
411 411 0.013333
412 412 -0.066667
413 413 0.120000
414 414 0.200000
415 415 -0.066667
416 416 0.200000
417 417 -0.146667
418 418 0.013333
419 419 -0.040000
420 420 0.066667
421 421 0.200000
422 422 -0.146667
423 423 0.093333
424 424 -0.200000
425 425 -0.066667
426 426 0.013333
427 427 0.120000
428 428 0.120000
429 429 0.013333
430 430 -0.013333
431 431 0.120000
432 432 -0.013333
433 433 0.093333
434 434 0.066667
435 435 0.146667
436 436 0.173333
437 437 0.093333
438 438 -0.200000
439 439 0.200000
440 440 0.146667
441 441 0.120000
442 442 0.173333
443 443 0.200000
444 444 -0.200000
445 445 -0.200000
446 446 -0.066667
447 447 0.093333
448 448 -0.200000
449 449 -0.040000
450 450 0.120000
451 451 0.093333
452 452 -0.040000
453 453 0.120000
454 454 0.040000
455 455 0.120000
456 456 -0.146667
457 457 0.040000
458 458 0.120000
459 459 -0.146667
460 460 -0.120000
461 461 0.066667
462 462 0.013333
463 463 0.200000
464 464 0.066667
465 465 0.200000
466 466 -0.200000
467 467 -0.066667
468 468 -0.040000
469 469 -0.200000
470 470 0.120000
471 471 -0.173333
472 472 0.040000
473 473 -0.013333
474 474 -0.146667
475 475 0.120000
476 476 0.173333
477 477 -0.013333
478 478 -0.040000
479 479 0.173333
480 480 0.120000
481 481 -0.173333
482 482 0.200000
483 483 0.013333
484 484 -0.146667
485 485 0.120000
486 486 -0.093333
487 487 -0.066667
488 488 0.146667
489 489 -0.200000
490 490 0.146667
491 491 -0.066667
492 492 0.200000
493 493 -0.040000
494 494 -0.173333
495 495 0.146667
496 496 0.040000
497 497 -0.173333
498 498 0.093333
499 499 0.120000
500 500 -0.013333
501 501 -0.013333
502 502 -0.200000
503 503 -0.066667
504 504 -0.066667
505 505 0.146667
506 506 0.120000
507 507 -0.040000
508 508 0.040000
509 509 -0.066667
510 510 0.200000
511 511 -0.146667
512 512 -0.120000
513 513 -0.066667
514 514 0.200000
515 515 0.093333
516 516 -0.066667
517 517 -0.200000
518 518 -0.013333
519 519 -0.120000
520 520 0.066667
521 521 -0.093333
522 522 -0.200000
523 523 0.066667
524 524 0.173333
525 525 0.146667
526 526 -0.200000
527 527 -0.173333
528 528 -0.093333
529 529 0.146667
530 530 0.120000
531 531 0.013333
532 532 -0.066667
533 533 -0.093333
534 534 -0.200000
535 535 0.066667
536 536 0.173333
537 537 -0.093333
538 538 -0.146667
539 539 -0.040000
540 540 0.066667
541 541 0.146667
542 542 0.013333
543 543 0.120000
544 544 -0.066667
545 545 0.040000
546 546 -0.173333
547 547 -0.173333
548 548 0.040000
549 549 -0.200000
550 550 0.040000
551 551 -0.093333
552 552 0.173333
553 553 -0.146667
554 554 -0.040000
555 555 -0.040000
556 556 0.200000
557 557 -0.040000
558 558 -0.120000
559 559 -0.120000
560 560 0.093333
561 561 0.013333
562 562 -0.013333
563 563 -0.120000
564 564 0.146667
565 565 0.173333
566 566 -0.120000
567 567 -0.093333
568 568 0.173333
569 569 -0.066667
570 570 -0.040000
571 571 0.146667
572 572 -0.066667
573 573 -0.173333
574 574 -0.200000
575 575 -0.146667
576 576 0.173333
577 577 -0.200000
578 578 -0.013333
579 579 -0.120000
580 580 -0.066667
581 581 -0.200000
582 582 0.093333
583 583 -0.013333
584 584 0.120000
585 585 0.173333
586 586 -0.120000
587 587 -0.146667
588 588 0.066667
589 589 -0.093333
590 590 0.120000
591 591 -0.173333
592 592 0.066667
593 593 0.120000
594 594 0.173333
595 595 0.040000
596 596 0.173333
597 597 0.120000
598 598 0.146667
599 599 0.200000
600 600 -0.120000
601 601 0.040000
602 602 -0.200000
603 603 0.146667
604 604 -0.013333
605 605 0.146667
606 606 0.173333
607 607 -0.173333
608 608 0.200000
609 609 -0.040000
610 610 -0.093333
611 611 0.066667
612 612 0.066667
613 613 -0.093333
614 614 0.093333
615 615 -0.093333
616 616 0.013333
617 617 0.173333
618 618 -0.120000
619 619 0.040000
620 620 -0.066667
621 621 -0.146667
622 622 0.013333
623 623 -0.093333
624 624 -0.093333
625 625 0.120000
626 626 -0.146667
627 627 -0.173333
628 628 -0.200000
629 629 -0.040000
630 630 0.200000
631 631 -0.120000
632 632 -0.066667
633 633 0.173333
634 634 0.120000
635 635 0.146667
636 636 -0.066667
637 637 -0.040000
638 638 0.173333
639 639 -0.093333
640 640 -0.146667
641 641 0.173333
642 642 -0.013333
643 643 -0.200000
644 644 0.066667
645 645 -0.200000
646 646 -0.120000
647 647 -0.120000
648 648 -0.146667
649 649 -0.093333
650 650 -0.173333
651 651 0.093333
652 652 -0.093333
653 653 0.066667
654 654 -0.173333
655 655 -0.066667
656 656 -0.146667
657 657 0.120000
658 658 -0.013333
659 659 0.173333
660 660 0.013333
661 661 0.040000
662 662 -0.013333
663 663 0.173333
664 664 -0.120000
665 665 -0.146667
666 666 -0.120000
667 667 0.040000
668 668 -0.040000
669 669 0.093333
670 670 -0.093333
671 671 -0.173333
672 672 0.173333
673 673 -0.200000
674 674 0.066667
675 675 0.120000
676 676 0.013333
677 677 0.173333
678 678 -0.066667
679 679 -0.040000
680 680 0.146667
681 681 0.013333
682 682 -0.120000
683 683 0.013333
684 684 0.120000
685 685 0.093333
686 686 0.173333
687 687 -0.200000
688 688 -0.066667
689 689 -0.093333
690 690 -0.146667
691 691 0.040000
692 692 0.200000
693 693 -0.093333
694 694 0.066667
695 695 0.013333
696 696 -0.013333
697 697 0.093333
698 698 -0.120000
699 699 -0.093333
700 700 -0.200000
701 701 0.200000
702 702 -0.013333
703 703 -0.200000
704 704 0.173333
705 705 0.066667
706 706 0.120000
707 707 -0.093333
708 708 0.200000
709 709 -0.066667
710 710 0.173333
711 711 -0.173333
712 712 0.173333
713 713 -0.120000
714 714 0.146667
715 715 -0.200000
716 716 0.173333
717 717 0.200000
718 718 -0.013333
719 719 0.040000
720 720 -0.120000
721 721 0.093333
722 722 -0.120000
723 723 -0.120000
724 724 -0.013333
725 725 -0.040000
726 726 -0.173333
727 727 0.013333
728 728 0.040000
729 729 0.066667
730 730 0.040000
731 731 -0.146667
732 732 0.040000
733 733 0.013333
734 734 -0.040000
735 735 -0.093333
736 736 0.093333
737 737 -0.120000
738 738 -0.066667
739 739 0.013333
740 740 -0.173333
741 741 0.200000
742 742 0.066667
743 743 -0.173333
744 744 0.200000
745 745 -0.146667
746 746 0.120000
747 747 0.093333
748 748 0.146667
749 749 -0.066667
750 750 -0.093333
751 751 -0.013333
752 752 -0.120000
753 753 -0.146667
754 754 -0.173333
755 755 -0.146667
756 756 0.066667
757 757 0.120000
758 758 0.146667
759 759 0.013333
760 760 -0.200000
761 761 -0.013333
762 762 -0.093333
763 763 -0.013333
764 764 -0.146667
765 765 0.066667
766 766 0.200000
767 767 -0.120000
768 768 -0.040000
769 769 0.066667
770 770 0.146667
771 771 0.040000
772 772 0.066667
773 773 0.200000
774 774 0.040000
775 775 0.200000
776 776 0.066667
777 777 0.040000
778 778 -0.200000
779 779 -0.200000
780 780 -0.040000
781 781 -0.120000
782 782 -0.146667
783 783 0.040000
784 784 -0.093333
785 785 -0.173333
786 786 -0.066667
787 787 -0.200000
788 788 -0.146667
789 789 0.013333
790 790 0.173333
791 791 0.146667
792 792 0.013333
793 793 -0.013333
794 794 -0.013333
795 795 -0.173333
796 796 -0.146667
797 797 -0.146667
798 798 0.040000
799 799 0.120000
800 800 0.040000
801 801 0.173333
802 802 0.173333
803 803 -0.120000
804 804 -0.146667
805 805 -0.013333
806 806 0.093333
807 807 -0.173333
808 808 0.013333
809 809 -0.173333
810 810 0.093333
811 811 -0.200000
812 812 -0.173333
813 813 -0.200000
814 814 0.013333
815 815 -0.146667
816 816 -0.093333
817 817 -0.120000
818 818 0.066667
819 819 -0.040000
820 820 0.200000
821 821 0.066667
822 822 0.066667
823 823 -0.173333
824 824 0.120000
825 825 0.093333
826 826 -0.173333
827 827 -0.173333
828 828 0.093333
829 829 0.120000
830 830 -0.040000
831 831 0.013333
832 832 -0.200000
833 833 0.013333
834 834 0.200000
835 835 0.093333
836 836 -0.173333
837 837 -0.013333
838 838 -0.013333
839 839 -0.066667
840 840 0.146667
841 841 -0.093333
842 842 0.093333
843 843 0.013333
844 844 0.093333
845 845 0.120000
846 846 0.040000
847 847 -0.013333
848 848 0.173333
849 849 0.146667
850 850 -0.120000
851 851 -0.013333
852 852 0.040000
853 853 0.013333
854 854 -0.146667
855 855 -0.120000
856 856 0.200000
857 857 0.173333
858 858 0.200000
859 859 -0.066667
860 860 -0.013333
861 861 -0.066667
862 862 -0.093333
863 863 0.066667
864 864 -0.013333
865 865 -0.146667
866 866 0.173333
867 867 0.093333
868 868 0.093333
869 869 0.093333
870 870 0.066667
871 871 0.093333
872 872 -0.093333
873 873 -0.173333
874 874 0.200000
875 875 0.200000
876 876 0.146667
877 877 0.173333
878 878 -0.040000
879 879 -0.146667
880 880 0.146667
881 881 0.013333
882 882 0.093333
883 883 -0.013333
884 884 -0.120000
885 885 0.173333
886 886 0.173333
887 887 -0.120000
888 888 -0.173333
889 889 0.173333
890 890 0.120000
891 891 0.200000
892 892 0.066667
893 893 -0.040000
894 894 -0.146667
895 895 0.040000
896 896 -0.173333
897 897 -0.200000
898 898 -0.066667
899 899 0.146667
900 900 0.146667
901 901 0.200000
902 902 -0.200000
903 903 0.066667
904 904 0.146667
905 905 -0.040000
906 906 0.066667
907 907 -0.120000
908 908 -0.066667
909 909 0.066667
910 910 0.146667
911 911 0.146667
912 912 -0.013333
913 913 -0.066667
914 914 -0.173333
915 915 -0.200000
916 916 -0.066667
917 917 -0.040000
918 918 0.120000
919 919 0.040000
920 920 -0.200000
921 921 0.120000
922 922 0.093333
923 923 -0.093333
924 924 0.093333
925 925 0.173333
926 926 0.066667
927 927 -0.093333
928 928 0.040000
929 929 -0.066667
930 930 0.120000
931 931 0.040000
932 932 0.146667
933 933 -0.146667
934 934 -0.173333
935 935 0.040000
936 936 0.146667
937 937 -0.200000
938 938 0.146667
939 939 0.173333
940 940 0.200000
941 941 0.120000
942 942 0.066667
943 943 -0.013333
944 944 -0.173333
945 945 -0.013333
946 946 -0.013333
947 947 -0.200000
948 948 0.040000
949 949 0.093333
950 950 0.173333
951 951 -0.093333
952 952 -0.013333
953 953 -0.120000
954 954 0.066667
955 955 -0.040000
956 956 0.093333
957 957 -0.200000
958 958 -0.066667
959 959 -0.146667
960 960 -0.040000
961 961 0.173333
962 962 -0.146667
963 963 -0.146667
964 964 -0.040000
965 965 0.093333
966 966 0.040000
967 967 -0.120000
968 968 0.093333
969 969 -0.146667
970 970 -0.120000
971 971 -0.200000
972 972 -0.120000
973 973 0.120000
974 974 -0.146667
975 975 -0.013333
976 976 0.200000
977 977 -0.120000
978 978 -0.013333
979 979 0.013333
980 980 0.200000
981 981 0.146667
982 982 -0.120000
983 983 -0.173333
984 984 0.120000
985 985 0.066667
986 986 0.040000
987 987 0.200000
988 988 0.013333
989 989 0.200000
990 990 -0.093333
991 991 -0.146667
992 992 -0.200000
993 993 -0.146667
994 994 -0.200000
995 995 -0.040000
996 996 0.040000
997 997 -0.093333
998 998 -0.066667
999 999 0.013333
1000 1000 0.200000
1001 1001 0.173333
1002 1002 -0.013333
1003 1003 -0.066667
1004 1004 0.120000
1005 1005 0.093333
1006 1006 0.200000
1007 1007 0.173333
1008 1008 -0.040000
1009 1009 0.120000
1010 1010 -0.173333
1011 1011 -0.093333
1012 1012 0.040000
1013 1013 0.146667
1014 1014 0.146667
1015 1015 -0.013333
1016 1016 0.200000
1017 1017 0.120000
1018 1018 0.146667
1019 1019 -0.066667
1020 1020 0.120000
1021 1021 -0.146667
1022 1022 -0.146667
1023 1023 -0.013333
1024 1024 -0.200000
1025 1025 -0.093333
1026 1026 0.120000
1027 1027 0.146667
1028 1028 -0.173333
1029 1029 0.200000
1030 1030 -0.146667
1031 1031 -0.040000
1032 1032 0.013333
1033 1033 0.093333
1034 1034 0.013333
1035 1035 0.120000
1036 1036 0.173333
1037 1037 -0.013333
1038 1038 0.013333
1039 1039 -0.146667
1040 1040 0.120000
1041 1041 0.040000
1042 1042 0.013333
1043 1043 0.066667
1044 1044 -0.146667
1045 1045 0.146667
1046 1046 0.173333
1047 1047 0.066667
1048 1048 0.173333
1049 1049 0.013333
1050 1050 0.120000
1051 1051 0.093333
1052 1052 0.040000
1053 1053 0.066667
1054 1054 0.066667
1055 1055 -0.093333
1056 1056 0.146667
1057 1057 0.040000
1058 1058 -0.040000
1059 1059 0.040000
1060 1060 -0.066667
1061 1061 0.173333
1062 1062 0.200000
1063 1063 0.173333
1064 1064 0.120000
1065 1065 -0.120000
1066 1066 -0.120000
1067 1067 0.093333
1068 1068 -0.146667
1069 1069 0.013333
1070 1070 -0.173333
1071 1071 0.013333
1072 1072 -0.093333
1073 1073 0.013333
1074 1074 -0.120000
1075 1075 -0.120000
1076 1076 0.146667
1077 1077 0.066667
1078 1078 0.120000
1079 1079 -0.146667
1080 1080 -0.093333
1081 1081 -0.200000
1082 1082 0.173333
1083 1083 -0.146667
1084 1084 0.066667
1085 1085 -0.040000
1086 1086 0.120000
1087 1087 0.120000
1088 1088 -0.146667
1089 1089 -0.093333
1090 1090 -0.200000
1091 1091 -0.200000
1092 1092 0.093333
1093 1093 -0.173333
1094 1094 0.200000
1095 1095 0.200000
1096 1096 -0.066667
1097 1097 -0.013333
1098 1098 0.093333
1099 1099 -0.066667
1100 1100 0.013333
1101 1101 0.093333
1102 1102 0.066667
1103 1103 -0.040000
1104 1104 0.120000
1105 1105 0.040000
1106 1106 -0.146667
1107 1107 0.066667
1108 1108 -0.040000
1109 1109 -0.040000
1110 1110 -0.013333
1111 1111 0.120000
1112 1112 0.146667
1113 1113 0.066667
1114 1114 0.093333
1115 1115 0.066667
1116 1116 -0.200000
1117 1117 0.146667
1118 1118 -0.146667
1119 1119 -0.120000
1120 1120 0.120000
1121 1121 -0.120000
1122 1122 -0.146667
1123 1123 0.013333
1124 1124 0.066667
1125 1125 -0.040000
1126 1126 0.066667
1127 1127 -0.173333
1128 1128 0.066667
1129 1129 0.146667
1130 1130 -0.200000
1131 1131 0.093333
1132 1132 -0.093333
1133 1133 -0.200000
1134 1134 0.146667
1135 1135 0.200000
1136 1136 0.040000
1137 1137 -0.146667
1138 1138 -0.146667
1139 1139 0.093333
1140 1140 0.040000
1141 1141 0.013333
1142 1142 -0.200000
1143 1143 -0.013333
1144 1144 -0.093333
1145 1145 -0.093333
1146 1146 0.093333
1147 1147 0.013333
1148 1148 -0.066667
1149 1149 -0.200000
1150 1150 0.040000
1151 1151 -0.066667
1152 1152 -0.120000
1 5 -0.600000
1 6 0.600000
1 7 -0.466667
1 8 0.733333
1 97 -0.200000
2 5 1.000000
2 6 0.200000
2 7 0.200000
2 8 -0.466667
2 98 0.600000
3 5 0.200000
3 6 0.733333
3 7 0.600000
3 8 -1.000000
3 99 -0.466667
4 5 -0.466667
4 6 0.066667
4 7 -1.000000
4 8 -0.733333
4 100 0.866667
5 13 -0.866667
6 14 0.866667
7 15 1.000000
8 16 3.666667
9 13 -0.866667
9 14 -0.866667
9 15 -1.000000
9 16 0.066667
9 105 0.466667
10 13 -0.466667
10 14 -0.066667
10 15 -0.466667
10 16 0.333333
10 106 -1.000000
11 13 0.200000
11 14 0.200000
11 15 0.200000
11 16 -0.866667
11 107 0.733333
12 13 1.000000
12 14 -0.866667
12 15 -0.600000
12 16 -0.600000
12 108 -0.866667
13 21 0.066667
14 22 -0.066667
15 23 -0.466667
16 24 -0.733333
17 21 -1.000000
17 22 1.000000
17 23 -0.333333
17 24 -0.866667
17 113 0.333333
18 21 -0.600000
18 22 0.733333
18 23 -0.200000
18 24 -0.866667
18 114 1.000000
19 21 1.000000
19 22 0.866667
19 23 -0.200000
19 24 0.066667
19 115 0.866667
20 21 0.466667
20 22 -0.733333
20 23 0.866667
20 24 -0.200000
20 116 0.866667
21 29 0.200000
22 30 -0.066667
23 31 -0.066667
24 32 -0.466667
25 29 5.000000
25 30 -4.333333
25 31 -1.000000
25 32 -0.733333
25 121 0.733333
26 29 0.200000
26 30 0.600000
26 31 -0.066667
26 32 -0.333333
26 122 -0.066667
27 29 -0.066667
27 30 -0.333333
27 31 1.000000
27 32 -1.000000
27 123 1.000000
28 29 0.866667
28 30 -0.333333
28 31 0.066667
28 32 -0.733333
28 124 0.333333
29 37 -0.333333
30 38 0.866667
31 39 1.000000
32 40 -0.066667
33 37 0.600000
33 38 -0.333333
33 39 0.200000
33 40 -0.466667
33 129 -0.600000
34 37 0.733333
34 38 2.333333
34 39 -1.000000
34 40 0.866667
34 130 1.000000
35 37 0.600000
35 38 0.866667
35 39 -0.866667
35 40 -0.066667
35 131 -1.000000
36 37 0.200000
36 38 -0.066667
36 39 1.000000
36 40 0.866667
36 132 -1.000000
37 45 1.000000
38 46 -0.466667
39 47 0.600000
40 48 -0.066667
41 45 -0.866667
41 46 -0.066667
41 47 0.066667
41 48 0.866667
41 137 -2.333333
42 45 -0.333333
42 46 0.066667
42 47 -0.066667
42 48 0.333333
42 138 -0.866667
43 45 0.466667
43 46 0.600000
43 47 -0.333333
43 48 -0.066667
43 139 0.333333
44 45 -0.200000
44 46 1.000000
44 47 -0.466667
44 48 -0.200000
44 140 -0.733333
45 53 0.466667
46 54 -0.200000
47 55 -0.600000
48 56 0.466667
49 53 -0.200000
49 54 -0.466667
49 55 -0.066667
49 56 -1.000000
49 145 0.866667
50 53 0.466667
50 54 -0.466667
50 55 -0.866667
50 56 -0.866667
50 146 -0.333333
51 53 1.000000
51 54 0.333333
51 55 0.600000
51 56 -0.733333
51 147 -0.733333
52 53 -0.600000
52 54 0.600000
52 55 -0.733333
52 56 -1.000000
52 148 -0.066667
53 61 0.333333
54 62 -0.333333
55 63 0.200000
56 64 -0.866667
57 61 0.200000
57 62 -0.733333
57 63 0.733333
57 64 -0.466667
57 153 -0.066667
58 61 -1.000000
58 62 0.600000
58 63 0.200000
58 64 -0.333333
58 154 0.333333
59 61 -0.866667
59 62 -0.066667
59 63 -0.466667
59 64 1.000000
59 155 0.600000
60 61 3.666667
60 62 0.733333
60 63 0.333333
60 64 0.733333
60 156 -0.466667
61 69 1.000000
62 70 0.600000
63 71 -0.733333
64 72 0.066667
65 69 3.000000
65 70 0.600000
65 71 -0.333333
65 72 0.066667
65 161 4.333333
66 69 -1.000000
66 70 -0.200000
66 71 -0.733333
66 72 -1.000000
66 162 -1.000000
67 69 -0.200000
67 70 -0.733333
67 71 -1.000000
67 72 -0.866667
67 163 -5.000000
68 69 -0.066667
68 70 -0.733333
68 71 0.733333
68 72 -0.066667
68 164 1.000000
69 77 0.733333
70 78 -0.333333
71 79 -0.866667
72 80 0.066667
73 77 0.333333
73 78 -0.333333
73 79 -0.066667
73 80 -1.000000
73 169 -0.333333
74 77 -0.866667
74 78 0.466667
74 79 0.600000
74 80 3.000000
74 170 -0.733333
75 77 -0.600000
75 78 0.066667
75 79 -0.333333
75 80 -0.200000
75 171 -0.866667
76 77 1.000000
76 78 -0.733333
76 79 -1.000000
76 80 0.600000
76 172 -1.000000
77 85 0.466667
78 86 -2.333333
79 87 -1.000000
80 88 -2.333333
81 85 -0.466667
81 86 0.733333
81 87 -0.200000
81 88 -1.000000
81 177 -0.733333
82 85 -3.000000
82 86 -0.866667
82 87 -0.866667
82 88 0.733333
82 178 -0.066667
83 85 -1.000000
83 86 -1.000000
83 87 -0.866667
83 88 3.000000
83 179 -1.000000
84 85 -0.466667
84 86 -0.333333
84 87 -0.200000
84 88 -3.666667
84 180 -0.466667
85 93 0.200000
86 94 -0.066667
87 95 0.333333
88 96 -0.466667
89 93 0.066667
89 94 -0.466667
89 95 -0.866667
89 96 0.200000
89 185 -1.666667
90 93 0.333333
90 94 0.466667
90 95 -1.666667
90 96 -0.600000
90 186 -4.333333
91 93 0.066667
91 94 -0.200000
91 95 -0.333333
91 96 1.000000
91 187 0.066667
92 93 -1.000000
92 94 0.600000
92 95 1.000000
92 96 -0.333333
92 188 -0.466667
97 101 0.866667
97 102 -1.000000
97 103 0.600000
97 104 -0.733333
97 193 0.600000
98 101 -0.733333
98 102 5.000000
98 103 -0.066667
98 104 -0.200000
98 194 0.066667
99 101 0.866667
99 102 0.733333
99 103 -0.466667
99 104 -1.000000
99 195 1.000000
100 101 -0.200000
100 102 0.866667
100 103 0.600000
100 104 -0.866667
100 196 0.066667
101 109 1.000000
102 110 0.866667
103 111 -0.066667
104 112 1.000000
105 109 0.200000
105 110 -0.333333
105 111 -0.866667
105 112 0.866667
105 201 -0.333333
106 109 -0.066667
106 110 -0.333333
106 111 -0.200000
106 112 0.333333
106 202 -0.466667
107 109 -0.466667
107 110 -0.333333
107 111 -0.200000
107 112 -0.200000
107 203 0.733333
108 109 1.000000
108 110 0.333333
108 111 -0.733333
108 112 -0.333333
108 204 -0.866667
109 117 0.600000
110 118 0.733333
111 119 0.066667
112 120 -2.333333
113 117 -0.066667
113 118 0.466667
113 119 0.600000
113 120 -5.000000
113 209 0.866667
114 117 1.000000
114 118 0.333333
114 119 -0.733333
114 120 -0.333333
114 210 -0.200000
115 117 2.333333
115 118 0.600000
115 119 0.733333
115 120 -1.666667
115 211 -5.000000
116 117 -0.066667
116 118 -0.200000
116 119 3.666667
116 120 0.333333
116 212 0.333333
117 125 0.600000
118 126 -0.066667
119 127 -0.333333
120 128 -0.733333
121 125 -0.200000
121 126 -0.866667
121 127 -0.066667
121 128 -0.333333
121 217 0.333333
122 125 1.000000
122 126 1.666667
122 127 -0.066667
122 128 -0.866667
122 218 0.733333
123 125 0.466667
123 126 -1.666667
123 127 0.066667
123 128 -3.000000
123 219 -0.733333
124 125 -0.066667
124 126 -0.866667
124 127 0.066667
124 128 0.200000
124 220 -0.333333
125 133 0.333333
126 134 3.666667
127 135 -0.066667
128 136 -0.333333
129 133 0.466667
129 134 0.466667
129 135 0.200000
129 136 -0.733333
129 225 -0.733333
130 133 0.333333
130 134 -0.866667
130 135 0.333333
130 136 0.200000
130 226 -1.000000
131 133 -0.200000
131 134 -0.733333
131 135 -0.466667
131 136 0.466667
131 227 -0.733333
132 133 0.466667
132 134 0.200000
132 135 0.733333
132 136 0.733333
132 228 -0.466667
133 141 0.733333
134 142 5.000000
135 143 -0.733333
136 144 -0.066667
137 141 0.733333
137 142 4.333333
137 143 0.600000
137 144 -0.333333
137 233 -0.733333
138 141 0.733333
138 142 0.200000
138 143 0.466667
138 144 -0.200000
138 234 -0.866667
139 141 1.000000
139 142 -2.333333
139 143 0.333333
139 144 -1.000000
139 235 1.000000
140 141 0.733333
140 142 0.600000
140 143 0.066667
140 144 -0.866667
140 236 -0.466667
141 149 -0.066667
142 150 0.600000
143 151 0.333333
144 152 -0.066667
145 149 0.066667
145 150 0.866667
145 151 -0.466667
145 152 -4.333333
145 241 1.000000
146 149 0.733333
146 150 0.200000
146 151 -0.600000
146 152 -3.666667
146 242 0.866667
147 149 -0.066667
147 150 0.733333
147 151 0.466667
147 152 -0.866667
147 243 0.466667
148 149 0.733333
148 150 -0.333333
148 151 0.066667
148 152 3.666667
148 244 -0.733333
149 157 0.466667
150 158 -0.066667
151 159 0.200000
152 160 1.000000
153 157 -0.466667
153 158 -0.466667
153 159 -0.333333
153 160 0.200000
153 249 0.200000
154 157 0.866667
154 158 0.066667
154 159 -0.866667
154 160 -0.866667
154 250 -0.600000
155 157 -0.466667
155 158 -0.200000
155 159 -0.733333
155 160 0.066667
155 251 -1.000000
156 157 -0.066667
156 158 0.866667
156 159 0.066667
156 160 -0.333333
156 252 -0.466667
157 165 0.600000
158 166 0.466667
159 167 1.000000
160 168 0.333333
161 165 -5.000000
161 166 0.866667
161 167 1.000000
161 168 -0.600000
161 257 3.000000
162 165 1.000000
162 166 -0.066667
162 167 0.866667
162 168 0.733333
162 258 -1.000000
163 165 0.200000
163 166 0.600000
163 167 -1.000000
163 168 0.066667
163 259 -0.600000
164 165 -0.600000
164 166 0.333333
164 167 -0.333333
164 168 -0.200000
164 260 0.200000
165 173 -0.066667
166 174 0.333333
167 175 0.466667
168 176 -3.666667
169 173 -0.466667
169 174 0.600000
169 175 0.066667
169 176 1.000000
169 265 -0.066667
170 173 1.000000
170 174 -0.466667
170 175 1.000000
170 176 -1.000000
170 266 5.000000
171 173 -0.333333
171 174 -0.333333
171 175 -0.733333
171 176 -0.333333
171 267 0.866667
172 173 -0.866667
172 174 -0.600000
172 175 0.600000
172 176 0.333333
172 268 0.733333
173 181 0.333333
174 182 -1.000000
175 183 0.066667
176 184 1.000000
177 181 -1.000000
177 182 0.600000
177 183 -1.000000
177 184 0.333333
177 273 0.333333
178 181 0.600000
178 182 -0.733333
178 183 0.200000
178 184 2.333333
178 274 -0.466667
179 181 0.333333
179 182 0.333333
179 183 -2.333333
179 184 -4.333333
179 275 0.200000
180 181 0.733333
180 182 -0.066667
180 183 1.000000
180 184 -0.733333
180 276 4.333333
181 189 5.000000
182 190 -0.466667
183 191 -1.000000
184 192 4.333333
185 189 0.333333
185 190 3.666667
185 191 -5.000000
185 192 -0.333333
185 281 1.000000
186 189 -3.666667
186 190 0.066667
186 191 -4.333333
186 192 -1.000000
186 282 0.333333
187 189 -0.466667
187 190 -0.733333
187 191 5.000000
187 192 -0.733333
187 283 -4.333333
188 189 0.466667
188 190 0.866667
188 191 -0.466667
188 192 0.066667
188 284 -0.333333
193 197 0.466667
193 198 -0.066667
193 199 -0.066667
193 200 -1.000000
193 289 -0.600000
194 197 0.066667
194 198 0.466667
194 199 -0.466667
194 200 0.333333
194 290 -0.066667
195 197 0.600000
195 198 -0.466667
195 199 -0.866667
195 200 -0.466667
195 291 -0.333333
196 197 -0.733333
196 198 -0.866667
196 199 1.000000
196 200 -0.466667
196 292 -0.333333
197 205 -0.466667
198 206 0.600000
199 207 0.866667
200 208 -0.200000
201 205 -1.666667
201 206 0.200000
201 207 -0.066667
201 208 -5.000000
201 297 -0.600000
202 205 -0.733333
202 206 0.466667
202 207 -0.200000
202 208 0.333333
202 298 -0.466667
203 205 -0.333333
203 206 0.466667
203 207 0.600000
203 208 -0.466667
203 299 -0.866667
204 205 3.000000
204 206 -0.066667
204 207 0.866667
204 208 -0.466667
204 300 -0.600000
205 213 3.000000
206 214 0.333333
207 215 0.866667
208 216 -0.600000
209 213 1.666667
209 214 -0.733333
209 215 0.066667
209 216 0.733333
209 305 0.333333
210 213 0.866667
210 214 -0.733333
210 215 0.200000
210 216 -0.466667
210 306 0.466667
211 213 0.333333
211 214 0.466667
211 215 -1.000000
211 216 -0.200000
211 307 3.000000
212 213 4.333333
212 214 1.000000
212 215 -0.600000
212 216 1.000000
212 308 -0.066667
213 221 -4.333333
214 222 0.066667
215 223 -1.000000
216 224 -0.333333
217 221 -1.000000
217 222 0.600000
217 223 -0.333333
217 224 -0.200000
217 313 -0.333333
218 221 -0.066667
218 222 0.733333
218 223 3.000000
218 224 -0.333333
218 314 -0.866667
219 221 0.333333
219 222 0.466667
219 223 -0.333333
219 224 -0.733333
219 315 -0.333333
220 221 -3.000000
220 222 0.600000
220 223 -0.066667
220 224 -0.600000
220 316 0.600000
221 229 -0.466667
222 230 1.000000
223 231 -0.200000
224 232 -0.866667
225 229 1.000000
225 230 -0.733333
225 231 -1.000000
225 232 0.333333
225 321 0.600000
226 229 0.866667
226 230 -1.000000
226 231 0.866667
226 232 -0.600000
226 322 -0.733333
227 229 -0.066667
227 230 0.333333
227 231 -0.466667
227 232 -1.000000
227 323 -0.333333
228 229 0.866667
228 230 0.066667
228 231 0.200000
228 232 -0.600000
228 324 -0.466667
229 237 0.866667
230 238 0.466667
231 239 -1.000000
232 240 1.000000
233 237 0.200000
233 238 0.866667
233 239 -0.333333
233 240 -0.866667
233 329 0.466667
234 237 0.866667
234 238 -0.333333
234 239 0.600000
234 240 0.333333
234 330 -0.866667
235 237 0.200000
235 238 0.866667
235 239 -0.066667
235 240 0.466667
235 331 -0.066667
236 237 0.466667
236 238 0.066667
236 239 1.000000
236 240 -0.066667
236 332 0.200000
237 245 0.066667
238 246 -0.866667
239 247 0.200000
240 248 -0.333333
241 245 0.066667
241 246 0.066667
241 247 0.600000
241 248 0.200000
241 337 0.200000
242 245 -0.866667
242 246 -0.466667
242 247 -0.733333
242 248 -0.733333
242 338 0.200000
243 245 0.733333
243 246 -0.866667
243 247 0.600000
243 248 0.866667
243 339 -0.066667
244 245 -0.200000
244 246 0.200000
244 247 -0.733333
244 248 -0.866667
244 340 0.733333
245 253 -1.000000
246 254 1.000000
247 255 0.733333
248 256 3.000000
249 253 2.333333
249 254 -0.733333
249 255 1.000000
249 256 -0.333333
249 345 0.733333
250 253 -0.600000
250 254 -0.733333
250 255 -0.733333
250 256 -0.466667
250 346 -5.000000
251 253 -0.333333
251 254 -0.066667
251 255 -0.066667
251 256 0.200000
251 347 0.733333
252 253 -1.000000
252 254 -0.600000
252 255 0.733333
252 256 0.866667
252 348 0.866667
253 261 0.466667
254 262 -4.333333
255 263 0.066667
256 264 -1.000000
257 261 -0.200000
257 262 0.466667
257 263 -3.666667
257 264 0.200000
257 353 -2.333333
258 261 0.066667
258 262 1.666667
258 263 -0.600000
258 264 0.600000
258 354 0.733333
259 261 -0.733333
259 262 -0.600000
259 263 0.600000
259 264 1.000000
259 355 -0.466667
260 261 -0.866667
260 262 -0.333333
260 263 -3.666667
260 264 -0.066667
260 356 -0.066667
261 269 -0.200000
262 270 -1.666667
263 271 -4.333333
264 272 -4.333333
265 269 -0.066667
265 270 0.866667
265 271 0.733333
265 272 0.466667
265 361 -0.200000
266 269 0.200000
266 270 4.333333
266 271 -1.666667
266 272 0.866667
266 362 0.333333
267 269 -0.466667
267 270 0.066667
267 271 1.000000
267 272 0.200000
267 363 0.600000
268 269 0.333333
268 270 5.000000
268 271 -0.866667
268 272 0.200000
268 364 -0.600000
269 277 -0.333333
270 278 -4.333333
271 279 -1.000000
272 280 -2.333333
273 277 -1.000000
273 278 -0.066667
273 279 0.066667
273 280 1.000000
273 369 -0.066667
274 277 0.733333
274 278 0.333333
274 279 0.066667
274 280 0.466667
274 370 0.866667
275 277 -1.000000
275 278 -3.000000
275 279 -2.333333
275 280 -1.000000
275 371 0.600000
276 277 5.000000
276 278 5.000000
276 279 -0.733333
276 280 0.600000
276 372 0.066667
277 285 0.066667
278 286 0.066667
279 287 -0.600000
280 288 0.466667
281 285 0.333333
281 286 1.666667
281 287 -0.866667
281 288 0.333333
281 377 0.733333
282 285 0.333333
282 286 -0.466667
282 287 0.200000
282 288 0.600000
282 378 0.066667
283 285 0.200000
283 286 -0.333333
283 287 -0.066667
283 288 -0.200000
283 379 0.600000
284 285 -0.333333
284 286 -1.000000
284 287 0.333333
284 288 -0.200000
284 380 -0.600000
289 293 0.066667
289 294 -1.000000
289 295 0.866667
289 296 -0.200000
289 385 -0.733333
290 293 0.200000
290 294 1.666667
290 295 0.466667
290 296 5.000000
290 386 0.733333
291 293 3.666667
291 294 -0.333333
291 295 -0.733333
291 296 -1.000000
291 387 2.333333
292 293 -0.333333
292 294 5.000000
292 295 0.466667
292 296 0.466667
292 388 -0.333333
293 301 3.666667
294 302 -0.733333
295 303 0.600000
296 304 -0.200000
297 301 0.333333
297 302 -0.733333
297 303 0.200000
297 304 0.466667
297 393 0.200000
298 301 1.000000
298 302 1.000000
298 303 0.466667
298 304 -0.466667
298 394 -0.466667
299 301 -0.866667
299 302 1.000000
299 303 -0.600000
299 304 1.000000
299 395 -1.000000
300 301 0.200000
300 302 -0.733333
300 303 -0.466667
300 304 -0.466667
300 396 0.466667
301 309 0.066667
302 310 -0.866667
303 311 -0.733333
304 312 1.000000
305 309 0.200000
305 310 -0.866667
305 311 0.466667
305 312 0.600000
305 401 -0.333333
306 309 0.866667
306 310 -0.066667
306 311 0.733333
306 312 0.333333
306 402 -0.466667
307 309 -1.000000
307 310 0.600000
307 311 -0.866667
307 312 -0.333333
307 403 0.466667
308 309 -0.600000
308 310 0.466667
308 311 0.466667
308 312 -0.866667
308 404 0.466667
309 317 -0.333333
310 318 0.200000
311 319 0.866667
312 320 0.066667
313 317 -0.066667
313 318 0.066667
313 319 -0.333333
313 320 0.866667
313 409 -0.733333
314 317 0.333333
314 318 -0.600000
314 319 0.600000
314 320 -0.066667
314 410 -0.733333
315 317 0.733333
315 318 -0.600000
315 319 0.466667
315 320 -0.466667
315 411 -0.733333
316 317 0.333333
316 318 -0.600000
316 319 -0.333333
316 320 -1.000000
316 412 4.333333
317 325 0.600000
318 326 0.333333
319 327 0.333333
320 328 -0.066667
321 325 0.200000
321 326 1.000000
321 327 0.466667
321 328 1.000000
321 417 0.600000
322 325 0.200000
322 326 -0.333333
322 327 -0.066667
322 328 -0.600000
322 418 -0.066667
323 325 -0.333333
323 326 0.600000
323 327 -0.466667
323 328 -0.333333
323 419 -0.600000
324 325 -0.200000
324 326 -0.200000
324 327 -0.866667
324 328 0.466667
324 420 0.866667
325 333 0.866667
326 334 0.866667
327 335 0.466667
328 336 -0.200000
329 333 -0.200000
329 334 -0.200000
329 335 -0.600000
329 336 -0.466667
329 425 0.466667
330 333 -1.000000
330 334 0.866667
330 335 0.600000
330 336 -0.333333
330 426 -0.866667
331 333 -0.200000
331 334 -5.000000
331 335 0.200000
331 336 -0.466667
331 427 0.200000
332 333 0.200000
332 334 -0.866667
332 335 -0.333333
332 336 -1.000000
332 428 -0.600000
333 341 -0.200000
334 342 1.000000
335 343 -0.733333
336 344 0.866667
337 341 0.866667
337 342 0.866667
337 343 0.733333
337 344 0.066667
337 433 0.333333
338 341 -0.866667
338 342 0.200000
338 343 -0.733333
338 344 -0.466667
338 434 0.200000
339 341 -0.200000
339 342 0.733333
339 343 0.066667
339 344 0.866667
339 435 -0.600000
340 341 -0.466667
340 342 -0.200000
340 343 -0.866667
340 344 0.600000
340 436 -0.600000
341 349 -0.600000
342 350 -0.733333
343 351 0.866667
344 352 0.466667
345 349 -1.000000
345 350 -0.733333
345 351 -0.733333
345 352 -1.000000
345 441 0.866667
346 349 0.466667
346 350 2.333333
346 351 0.466667
346 352 0.866667
346 442 -2.333333
347 349 -0.066667
347 350 -0.733333
347 351 0.733333
347 352 -0.866667
347 443 -1.000000
348 349 -0.333333
348 350 0.333333
348 351 0.466667
348 352 -1.000000
348 444 -0.866667
349 357 1.000000
350 358 1.000000
351 359 0.733333
352 360 0.600000
353 357 -1.000000
353 358 0.333333
353 359 -0.466667
353 360 0.066667
353 449 0.733333
354 357 -0.333333
354 358 0.466667
354 359 -0.200000
354 360 -0.866667
354 450 -0.200000
355 357 0.200000
355 358 -0.466667
355 359 -0.200000
355 360 0.333333
355 451 -0.866667
356 357 -0.333333
356 358 -0.466667
356 359 0.200000
356 360 -0.466667
356 452 -0.600000
357 365 -0.600000
358 366 -0.466667
359 367 -0.733333
360 368 0.866667
361 365 0.333333
361 366 1.000000
361 367 -0.466667
361 368 -0.466667
361 457 -0.733333
362 365 0.066667
362 366 -0.733333
362 367 0.466667
362 368 -0.733333
362 458 1.000000
363 365 -0.200000
363 366 0.866667
363 367 -0.866667
363 368 -0.066667
363 459 0.733333
364 365 -0.733333
364 366 0.866667
364 367 -0.066667
364 368 -0.600000
364 460 0.200000
365 373 -0.866667
366 374 -0.333333
367 375 0.333333
368 376 1.000000
369 373 0.733333
369 374 0.200000
369 375 1.000000
369 376 -0.600000
369 465 0.066667
370 373 -0.200000
370 374 -0.733333
370 375 -0.600000
370 376 -0.866667
370 466 -0.866667
371 373 -0.200000
371 374 0.733333
371 375 0.466667
371 376 0.466667
371 467 0.866667
372 373 -0.333333
372 374 0.600000
372 375 0.466667
372 376 -0.600000
372 468 0.600000
373 381 -0.200000
374 382 -1.000000
375 383 0.733333
376 384 0.333333
377 381 -0.600000
377 382 -0.200000
377 383 0.600000
377 384 0.466667
377 473 -0.466667
378 381 -0.066667
378 382 0.600000
378 383 0.066667
378 384 -0.733333
378 474 1.000000
379 381 0.600000
379 382 -0.600000
379 383 -1.000000
379 384 -0.333333
379 475 -0.866667
380 381 0.733333
380 382 -0.733333
380 383 -1.000000
380 384 -0.733333
380 476 -0.333333
385 389 -1.000000
385 390 -1.666667
385 391 -0.333333
385 392 -0.333333
385 481 0.333333
386 389 -3.000000
386 390 -0.200000
386 391 0.466667
386 392 -0.600000
386 482 -5.000000
387 389 1.000000
387 390 0.333333
387 391 -3.000000
387 392 -4.333333
387 483 4.333333
388 389 0.466667
388 390 0.466667
388 391 -1.000000
388 392 -1.000000
388 484 0.866667
389 397 -0.066667
390 398 0.066667
391 399 1.666667
392 400 -3.666667
393 397 -0.333333
393 398 2.333333
393 399 -0.466667
393 400 -2.333333
393 489 -5.000000
394 397 -3.666667
394 398 -0.466667
394 399 3.666667
394 400 -0.466667
394 490 -0.733333
395 397 0.333333
395 398 1.000000
395 399 -0.333333
395 400 0.066667
395 491 0.866667
396 397 -0.866667
396 398 -0.066667
396 399 -0.866667
396 400 -1.000000
396 492 -0.333333
397 405 0.466667
398 406 -0.200000
399 407 3.666667
400 408 -0.866667
401 405 -1.000000
401 406 -3.666667
401 407 0.333333
401 408 -0.866667
401 497 -0.866667
402 405 -0.333333
402 406 -0.466667
402 407 -0.333333
402 408 4.333333
402 498 -0.600000
403 405 0.066667
403 406 0.733333
403 407 -0.333333
403 408 -0.466667
403 499 0.066667
404 405 0.733333
404 406 -0.466667
404 407 -0.866667
404 408 0.733333
404 500 0.200000
405 413 0.733333
406 414 0.466667
407 415 -2.333333
408 416 -0.600000
409 413 -1.000000
409 414 -0.600000
409 415 0.333333
409 416 -0.466667
409 505 -0.466667
410 413 -0.466667
410 414 -0.333333
410 415 0.600000
410 416 0.333333
410 506 0.200000
411 413 0.333333
411 414 0.066667
411 415 3.666667
411 416 0.733333
411 507 0.333333
412 413 0.333333
412 414 -0.200000
412 415 -0.600000
412 416 -0.866667
412 508 -1.000000
413 421 3.000000
414 422 -0.466667
415 423 0.733333
416 424 0.200000
417 421 -0.066667
417 422 -0.333333
417 423 0.333333
417 424 -0.200000
417 513 0.466667
418 421 0.333333
418 422 -0.866667
418 423 -0.600000
418 424 -0.200000
418 514 -0.466667
419 421 -0.866667
419 422 1.000000
419 423 -1.000000
419 424 -0.333333
419 515 -0.866667
420 421 -3.000000
420 422 1.000000
420 423 -0.200000
420 424 -0.333333
420 516 -3.666667
421 429 -0.333333
422 430 0.866667
423 431 -0.200000
424 432 0.066667
425 429 -0.200000
425 430 0.333333
425 431 -0.066667
425 432 -0.333333
425 521 -0.333333
426 429 0.466667
426 430 0.333333
426 431 -0.866667
426 432 0.466667
426 522 0.200000
427 429 -0.466667
427 430 0.866667
427 431 -0.733333
427 432 -0.333333
427 523 0.733333
428 429 -0.866667
428 430 -0.600000
428 431 -0.466667
428 432 0.333333
428 524 -1.000000
429 437 0.333333
430 438 -0.066667
431 439 0.600000
432 440 0.333333
433 437 -0.066667
433 438 0.066667
433 439 -0.066667
433 440 0.466667
433 529 -0.866667
434 437 -0.733333
434 438 -0.733333
434 439 -0.333333
434 440 -0.866667
434 530 0.200000
435 437 1.000000
435 438 -0.066667
435 439 -0.466667
435 440 -0.066667
435 531 1.000000
436 437 -0.200000
436 438 0.733333
436 439 0.200000
436 440 -1.000000
436 532 4.333333
437 445 -2.333333
438 446 1.000000
439 447 -0.733333
440 448 -0.600000
441 445 0.066667
441 446 -3.666667
441 447 -0.466667
441 448 -5.000000
441 537 -0.200000
442 445 1.000000
442 446 -1.000000
442 447 0.066667
442 448 0.333333
442 538 -0.333333
443 445 -0.866667
443 446 5.000000
443 447 0.066667
443 448 -0.733333
443 539 0.733333
444 445 0.600000
444 446 0.600000
444 447 0.066667
444 448 0.333333
444 540 1.000000
445 453 -0.333333
446 454 -5.000000
447 455 -0.333333
448 456 -0.066667
449 453 -0.466667
449 454 -1.000000
449 455 -1.000000
449 456 -0.066667
449 545 0.866667
450 453 -0.600000
450 454 0.733333
450 455 0.200000
450 456 -0.200000
450 546 -0.200000
451 453 0.066667
451 454 -0.333333
451 455 0.200000
451 456 -0.866667
451 547 -0.066667
452 453 0.600000
452 454 0.466667
452 455 -1.000000
452 456 0.200000
452 548 0.733333
453 461 0.333333
454 462 0.333333
455 463 4.333333
456 464 1.000000
457 461 -0.200000
457 462 0.866667
457 463 -0.066667
457 464 -0.600000
457 553 -0.066667
458 461 0.466667
458 462 0.200000
458 463 0.066667
458 464 0.466667
458 554 -0.466667
459 461 -0.733333
459 462 -1.000000
459 463 -0.866667
459 464 -0.066667
459 555 -0.600000
460 461 -0.066667
460 462 -0.600000
460 463 0.600000
460 464 0.466667
460 556 0.466667
461 469 -0.333333
462 470 0.200000
463 471 -0.200000
464 472 -0.733333
465 469 -0.466667
465 470 0.066667
465 471 5.000000
465 472 -0.866667
465 561 2.333333
466 469 -0.866667
466 470 0.066667
466 471 -1.000000
466 472 0.866667
466 562 0.066667
467 469 0.200000
467 470 -0.733333
467 471 0.333333
467 472 -0.200000
467 563 1.000000
468 469 0.733333
468 470 -0.866667
468 471 0.066667
468 472 -0.866667
468 564 -0.466667
469 477 0.066667
470 478 0.200000
471 479 1.000000
472 480 0.200000
473 477 -0.066667
473 478 0.066667
473 479 -0.600000
473 480 -0.466667
473 569 -0.866667
474 477 0.200000
474 478 -0.066667
474 479 -0.333333
474 480 -0.600000
474 570 0.066667
475 477 0.466667
475 478 -0.733333
475 479 -0.066667
475 480 0.600000
475 571 0.600000
476 477 -0.333333
476 478 1.000000
476 479 1.000000
476 480 0.066667
476 572 0.600000
481 485 -0.600000
481 486 0.466667
481 487 1.000000
481 488 -1.666667
481 577 1.000000
482 485 -0.600000
482 486 -0.333333
482 487 -0.200000
482 488 0.733333
482 578 -2.333333
483 485 -0.200000
483 486 -0.333333
483 487 0.066667
483 488 -4.333333
483 579 -0.866667
484 485 0.733333
484 486 -0.333333
484 487 -0.066667
484 488 -0.866667
484 580 0.200000
485 493 0.866667
486 494 -1.000000
487 495 0.200000
488 496 0.466667
489 493 0.733333
489 494 -0.200000
489 495 -1.000000
489 496 1.666667
489 585 0.600000
490 493 1.000000
490 494 -0.733333
490 495 -0.733333
490 496 0.333333
490 586 0.866667
491 493 0.733333
491 494 0.333333
491 495 -2.333333
491 496 0.333333
491 587 5.000000
492 493 -1.666667
492 494 1.000000
492 495 -0.066667
492 496 1.666667
492 588 0.200000
493 501 0.200000
494 502 -0.866667
495 503 0.466667
496 504 -1.000000
497 501 -0.066667
497 502 -0.333333
497 503 0.733333
497 504 -0.200000
497 593 -1.000000
498 501 0.466667
498 502 3.666667
498 503 0.066667
498 504 -1.000000
498 594 0.333333
499 501 0.200000
499 502 -0.866667
499 503 0.600000
499 504 0.333333
499 595 -0.333333
500 501 0.333333
500 502 0.733333
500 503 -0.200000
500 504 -0.866667
500 596 -0.733333
501 509 -0.866667
502 510 -0.866667
503 511 -0.333333
504 512 -0.066667
505 509 -0.600000
505 510 0.600000
505 511 0.333333
505 512 0.466667
505 601 -0.733333
506 509 -0.333333
506 510 1.000000
506 511 -0.600000
506 512 1.000000
506 602 0.600000
507 509 -0.466667
507 510 -1.000000
507 511 -1.000000
507 512 1.000000
507 603 1.000000
508 509 -0.333333
508 510 4.333333
508 511 -0.333333
508 512 -0.200000
508 604 -0.733333
509 517 -0.600000
510 518 0.466667
511 519 -1.000000
512 520 -0.333333
513 517 0.200000
513 518 0.333333
513 519 -0.600000
513 520 0.600000
513 609 1.000000
514 517 -0.200000
514 518 -1.000000
514 519 -0.200000
514 520 0.866667
514 610 0.600000
515 517 0.466667
515 518 -0.600000
515 519 -0.866667
515 520 -0.466667
515 611 -0.866667
516 517 -0.200000
516 518 0.066667
516 519 -0.066667
516 520 -1.000000
516 612 0.466667
517 525 0.066667
518 526 -0.866667
519 527 -0.733333
520 528 -1.000000
521 525 0.333333
521 526 0.066667
521 527 -0.733333
521 528 -0.333333
521 617 -0.200000
522 525 -0.466667
522 526 -0.866667
522 527 -0.333333
522 528 0.200000
522 618 -1.000000
523 525 -0.600000
523 526 -0.066667
523 527 0.466667
523 528 -0.600000
523 619 0.733333
524 525 -0.066667
524 526 0.600000
524 527 -0.200000
524 528 -0.466667
524 620 -0.066667
525 533 0.200000
526 534 0.466667
527 535 1.000000
528 536 -0.200000
529 533 -0.466667
529 534 -0.466667
529 535 1.000000
529 536 0.733333
529 625 1.000000
530 533 1.000000
530 534 0.066667
530 535 -0.466667
530 536 -0.466667
530 626 0.733333
531 533 -0.600000
531 534 -0.466667
531 535 0.333333
531 536 -1.000000
531 627 -0.866667
532 533 0.733333
532 534 0.733333
532 535 0.466667
532 536 -0.600000
532 628 -4.333333
533 541 0.466667
534 542 0.600000
535 543 -0.066667
536 544 -0.066667
537 541 0.600000
537 542 -0.600000
537 543 -0.733333
537 544 -0.733333
537 633 0.333333
538 541 0.733333
538 542 0.466667
538 543 -0.333333
538 544 -0.733333
538 634 -0.600000
539 541 0.733333
539 542 0.466667
539 543 -0.066667
539 544 -0.866667
539 635 0.466667
540 541 -0.066667
540 542 -0.600000
540 543 0.733333
540 544 -1.000000
540 636 0.866667
541 549 0.200000
542 550 0.066667
543 551 0.333333
544 552 -0.733333
545 549 0.333333
545 550 0.200000
545 551 -0.866667
545 552 -0.600000
545 641 0.066667
546 549 -0.200000
546 550 -0.866667
546 551 -0.466667
546 552 -0.466667
546 642 0.600000
547 549 0.866667
547 550 1.666667
547 551 -0.733333
547 552 -0.066667
547 643 0.200000
548 549 -1.000000
548 550 0.333333
548 551 0.866667
548 552 0.466667
548 644 0.466667
549 557 0.733333
550 558 0.333333
551 559 0.066667
552 560 0.466667
553 557 -0.866667
553 558 0.200000
553 559 -1.000000
553 560 0.866667
553 649 1.000000
554 557 0.733333
554 558 0.600000
554 559 0.866667
554 560 -1.000000
554 650 0.333333
555 557 -0.733333
555 558 -1.000000
555 559 -1.000000
555 560 0.200000
555 651 0.466667
556 557 -0.200000
556 558 0.200000
556 559 -0.066667
556 560 -1.000000
556 652 -0.466667
557 565 -1.000000
558 566 -0.466667
559 567 -0.733333
560 568 -0.600000
561 565 1.000000
561 566 -0.066667
561 567 -0.733333
561 568 0.466667
561 657 -0.066667
562 565 0.066667
562 566 0.733333
562 567 0.733333
562 568 1.000000
562 658 -0.200000
563 565 -0.600000
563 566 0.600000
563 567 0.066667
563 568 0.733333
563 659 1.000000
564 565 -0.200000
564 566 0.333333
564 567 1.000000
564 568 -1.000000
564 660 0.600000
565 573 0.333333
566 574 -0.466667
567 575 -0.200000
568 576 0.200000
569 573 1.000000
569 574 0.333333
569 575 0.733333
569 576 -0.066667
569 665 0.200000
570 573 -0.466667
570 574 0.466667
570 575 -0.333333
570 576 1.000000
570 666 -0.066667
571 573 -0.466667
571 574 -0.733333
571 575 0.600000
571 576 -0.600000
571 667 0.733333
572 573 0.733333
572 574 -0.333333
572 575 -0.333333
572 576 1.000000
572 668 0.866667
577 581 -4.333333
577 582 -1.000000
577 583 -3.000000
577 584 -0.200000
577 673 1.666667
578 581 1.000000
578 582 -3.000000
578 583 2.333333
578 584 -1.666667
578 674 -0.066667
579 581 3.000000
579 582 -1.666667
579 583 -0.333333
579 584 2.333333
579 675 -0.066667
580 581 -0.333333
580 582 1.000000
580 583 4.333333
580 584 -0.200000
580 676 -0.466667
581 589 0.066667
582 590 0.200000
583 591 4.333333
584 592 -0.333333
585 589 1.000000
585 590 0.333333
585 591 0.600000
585 592 -0.600000
585 681 -0.733333
586 589 -5.000000
586 590 -1.000000
586 591 2.333333
586 592 -0.066667
586 682 -0.200000
587 589 -0.466667
587 590 -3.000000
587 591 3.666667
587 592 -3.666667
587 683 -0.200000
588 589 -0.466667
588 590 0.866667
588 591 -0.333333
588 592 -0.866667
588 684 -0.866667
589 597 1.000000
590 598 4.333333
591 599 -0.866667
592 600 -0.333333
593 597 0.600000
593 598 0.200000
593 599 -1.000000
593 600 -0.600000
593 689 -0.466667
594 597 -0.466667
594 598 -0.866667
594 599 -0.600000
594 600 0.733333
594 690 -0.200000
595 597 0.600000
595 598 -0.600000
595 599 -0.733333
595 600 0.333333
595 691 -0.333333
596 597 0.066667
596 598 -1.000000
596 599 -0.466667
596 600 1.666667
596 692 1.000000
597 605 -0.600000
598 606 -3.666667
599 607 -0.333333
600 608 -1.000000
601 605 -0.733333
601 606 -3.666667
601 607 -0.600000
601 608 -3.000000
601 697 5.000000
602 605 -0.866667
602 606 0.200000
602 607 -0.333333
602 608 -5.000000
602 698 0.066667
603 605 -0.466667
603 606 0.866667
603 607 0.066667
603 608 4.333333
603 699 3.666667
604 605 -0.866667
604 606 0.733333
604 607 3.000000
604 608 1.000000
604 700 3.000000
605 613 0.066667
606 614 5.000000
607 615 0.600000
608 616 -1.666667
609 613 -1.000000
609 614 0.200000
609 615 -0.866667
609 616 0.600000
609 705 1.000000
610 613 0.866667
610 614 -0.733333
610 615 0.733333
610 616 1.666667
610 706 -0.733333
611 613 -0.200000
611 614 0.066667
611 615 0.466667
611 616 0.333333
611 707 -0.866667
612 613 0.066667
612 614 0.066667
612 615 -1.000000
612 616 0.600000
612 708 -0.200000
613 621 -0.066667
614 622 -0.466667
615 623 0.066667
616 624 0.600000
617 621 0.733333
617 622 0.866667
617 623 0.066667
617 624 -0.333333
617 713 0.600000
618 621 0.333333
618 622 -1.000000
618 623 0.733333
618 624 -0.866667
618 714 -0.066667
619 621 -1.000000
619 622 0.733333
619 623 -2.333333
619 624 0.333333
619 715 -0.066667
620 621 0.066667
620 622 -1.000000
620 623 -0.333333
620 624 0.066667
620 716 -4.333333
621 629 -0.333333
622 630 1.000000
623 631 0.733333
624 632 0.333333
625 629 0.600000
625 630 1.666667
625 631 -5.000000
625 632 -0.466667
625 721 -1.666667
626 629 -0.466667
626 630 1.666667
626 631 -0.600000
626 632 0.733333
626 722 0.333333
627 629 -0.866667
627 630 0.466667
627 631 0.733333
627 632 0.733333
627 723 1.000000
628 629 -3.000000
628 630 0.333333
628 631 -0.066667
628 632 0.866667
628 724 0.200000
629 637 0.600000
630 638 -3.666667
631 639 -1.000000
632 640 -0.733333
633 637 -1.000000
633 638 5.000000
633 639 0.600000
633 640 0.866667
633 729 0.200000
634 637 1.000000
634 638 0.866667
634 639 -0.200000
634 640 -1.000000
634 730 0.333333
635 637 0.333333
635 638 3.666667
635 639 0.200000
635 640 0.733333
635 731 -0.333333
636 637 0.733333
636 638 0.733333
636 639 -0.600000
636 640 -0.866667
636 732 4.333333
637 645 0.066667
638 646 -1.000000
639 647 -0.333333
640 648 -1.000000
641 645 -0.733333
641 646 -1.000000
641 647 0.200000
641 648 -3.666667
641 737 0.200000
642 645 -0.866667
642 646 3.000000
642 647 0.333333
642 648 0.466667
642 738 -0.466667
643 645 -0.866667
643 646 -0.733333
643 647 1.000000
643 648 0.333333
643 739 -0.066667
644 645 0.333333
644 646 -0.600000
644 647 -0.866667
644 648 0.600000
644 740 0.466667
645 653 1.000000
646 654 -0.333333
647 655 -0.333333
648 656 0.066667
649 653 -0.466667
649 654 -0.600000
649 655 0.466667
649 656 0.866667
649 745 0.066667
650 653 0.866667
650 654 -0.200000
650 655 0.200000
650 656 -0.600000
650 746 -0.600000
651 653 -0.733333
651 654 0.200000
651 655 0.200000
651 656 0.866667
651 747 -0.466667
652 653 -0.866667
652 654 -0.466667
652 655 -0.333333
652 656 0.466667
652 748 0.600000
653 661 -1.000000
654 662 -0.466667
655 663 -0.866667
656 664 0.333333
657 661 0.466667
657 662 -0.866667
657 663 -0.333333
657 664 0.200000
657 753 0.200000
658 661 1.000000
658 662 0.333333
658 663 -0.600000
658 664 -0.066667
658 754 -0.466667
659 661 -0.866667
659 662 -0.466667
659 663 -0.066667
659 664 -1.000000
659 755 0.333333
660 661 0.066667
660 662 -0.466667
660 663 -0.066667
660 664 -0.866667
660 756 0.600000
661 669 0.866667
662 670 0.333333
663 671 -0.333333
664 672 -1.000000
665 669 0.066667
665 670 0.066667
665 671 -0.333333
665 672 -0.466667
665 761 -0.600000
666 669 -1.000000
666 670 -0.066667
666 671 -0.866667
666 672 -1.000000
666 762 -0.600000
667 669 -0.066667
667 670 0.200000
667 671 -0.866667
667 672 -1.000000
667 763 0.333333
668 669 -0.600000
668 670 -0.333333
668 671 0.333333
668 672 0.600000
668 764 -0.466667
673 677 1.666667
673 678 5.000000
673 679 0.866667
673 680 -0.466667
673 769 -0.466667
674 677 -0.600000
674 678 -0.733333
674 679 4.333333
674 680 -0.066667
674 770 0.066667
675 677 -1.666667
675 678 0.200000
675 679 -0.066667
675 680 0.333333
675 771 3.666667
676 677 3.666667
676 678 -0.200000
676 679 -1.666667
676 680 0.200000
676 772 0.466667
677 685 1.666667
678 686 -1.000000
679 687 -0.866667
680 688 -0.200000
681 685 -0.333333
681 686 -0.733333
681 687 0.333333
681 688 0.600000
681 777 -0.066667
682 685 0.066667
682 686 3.666667
682 687 0.066667
682 688 -3.666667
682 778 -0.866667
683 685 0.600000
683 686 -0.333333
683 687 0.733333
683 688 -0.466667
683 779 0.200000
684 685 -0.333333
684 686 -0.866667
684 687 -0.733333
684 688 0.866667
684 780 -0.866667
685 693 0.600000
686 694 -3.666667
687 695 -1.000000
688 696 -0.200000
689 693 0.866667
689 694 -0.866667
689 695 1.000000
689 696 0.600000
689 785 -0.466667
690 693 0.200000
690 694 0.733333
690 695 0.733333
690 696 0.333333
690 786 1.000000
691 693 -0.333333
691 694 -0.333333
691 695 0.200000
691 696 0.600000
691 787 0.066667
692 693 0.600000
692 694 -0.866667
692 695 0.066667
692 696 -0.866667
692 788 0.066667
693 701 0.600000
694 702 1.000000
695 703 0.733333
696 704 -3.000000
697 701 0.333333
697 702 0.466667
697 703 -0.066667
697 704 4.333333
697 793 0.866667
698 701 0.333333
698 702 0.600000
698 703 0.466667
698 704 0.733333
698 794 -0.866667
699 701 0.066667
699 702 -1.000000
699 703 0.200000
699 704 0.066667
699 795 -0.066667
700 701 -0.066667
700 702 -3.666667
700 703 -1.000000
700 704 -0.333333
700 796 0.066667
701 709 -0.733333
702 710 0.066667
703 711 0.866667
704 712 -0.200000
705 709 -0.466667
705 710 0.866667
705 711 -0.200000
705 712 0.333333
705 801 0.866667
706 709 1.000000
706 710 0.333333
706 711 0.333333
706 712 0.600000
706 802 -0.333333
707 709 0.066667
707 710 0.466667
707 711 -0.066667
707 712 -0.866667
707 803 -0.333333
708 709 0.200000
708 710 0.066667
708 711 0.733333
708 712 -0.866667
708 804 0.866667
709 717 -0.733333
710 718 0.333333
711 719 -0.600000
712 720 -1.000000
713 717 -0.466667
713 718 -0.066667
713 719 0.733333
713 720 -1.000000
713 809 0.200000
714 717 -0.733333
714 718 0.200000
714 719 0.066667
714 720 -1.000000
714 810 -1.000000
715 717 0.333333
715 718 -0.200000
715 719 0.466667
715 720 0.466667
715 811 0.733333
716 717 -0.466667
716 718 1.000000
716 719 -0.333333
716 720 -0.866667
716 812 -0.200000
717 725 0.600000
718 726 -0.066667
719 727 -0.200000
720 728 0.333333
721 725 0.733333
721 726 -0.866667
721 727 -0.866667
721 728 0.200000
721 817 -0.466667
722 725 -0.866667
722 726 0.866667
722 727 -0.066667
722 728 0.200000
722 818 -1.666667
723 725 -1.000000
723 726 -0.200000
723 727 0.466667
723 728 -0.466667
723 819 0.066667
724 725 0.066667
724 726 0.600000
724 727 -0.333333
724 728 0.866667
724 820 -0.200000
725 733 -0.600000
726 734 -0.600000
727 735 -0.066667
728 736 0.600000
729 733 0.600000
729 734 0.066667
729 735 1.000000
729 736 0.066667
729 825 0.333333
730 733 -0.200000
730 734 -5.000000
730 735 -0.733333
730 736 0.866667
730 826 3.666667
731 733 2.333333
731 734 -0.200000
731 735 1.000000
731 736 -0.066667
731 827 -0.600000
732 733 -3.000000
732 734 -5.000000
732 735 -0.733333
732 736 -5.000000
732 828 -0.600000
733 741 3.000000
734 742 -0.066667
735 743 0.466667
736 744 -0.066667
737 741 -0.600000
737 742 0.600000
737 743 -0.733333
737 744 -0.200000
737 833 0.200000
738 741 -0.466667
738 742 0.200000
738 743 -0.733333
738 744 -0.600000
738 834 -0.600000
739 741 -0.333333
739 742 -0.866667
739 743 0.200000
739 744 -0.600000
739 835 -1.000000
740 741 0.866667
740 742 -0.066667
740 743 -0.200000
740 744 -0.866667
740 836 -0.733333
741 749 -3.000000
742 750 0.600000
743 751 0.600000
744 752 0.600000
745 749 -1.000000
745 750 -0.066667
745 751 0.600000
745 752 0.200000
745 841 -0.066667
746 749 -0.066667
746 750 -0.333333
746 751 -0.733333
746 752 0.466667
746 842 0.466667
747 749 0.333333
747 750 0.733333
747 751 -0.733333
747 752 -0.600000
747 843 0.733333
748 749 -0.733333
748 750 0.733333
748 751 0.866667
748 752 0.733333
748 844 -0.333333
749 757 0.200000
750 758 1.000000
751 759 -0.333333
752 760 -0.066667
753 757 -0.466667
753 758 1.000000
753 759 -0.466667
753 760 0.733333
753 849 -0.200000
754 757 -1.000000
754 758 0.200000
754 759 -0.866667
754 760 0.866667
754 850 0.866667
755 757 -0.066667
755 758 -0.333333
755 759 1.000000
755 760 -1.000000
755 851 -0.866667
756 757 1.000000
756 758 -1.000000
756 759 0.066667
756 760 0.200000
756 852 -0.866667
757 765 1.000000
758 766 0.600000
759 767 -0.733333
760 768 -0.466667
761 765 0.333333
761 766 0.866667
761 767 0.866667
761 768 -0.866667
761 857 0.600000
762 765 0.466667
762 766 0.733333
762 767 0.466667
762 768 0.066667
762 858 -0.866667
763 765 -0.733333
763 766 0.466667
763 767 0.733333
763 768 0.600000
763 859 -0.333333
764 765 0.066667
764 766 -1.000000
764 767 0.333333
764 768 0.066667
764 860 -0.333333
769 773 -0.200000
769 774 0.066667
769 775 -0.333333
769 776 0.466667
769 865 -0.733333
770 773 0.066667
770 774 -0.733333
770 775 -0.866667
770 776 0.866667
770 866 0.066667
771 773 -0.333333
771 774 0.333333
771 775 -0.066667
771 776 -0.200000
771 867 -3.000000
772 773 -0.600000
772 774 0.066667
772 775 0.333333
772 776 0.333333
772 868 -0.733333
773 781 -0.200000
774 782 0.066667
775 783 0.733333
776 784 0.866667
777 781 -0.200000
777 782 -0.333333
777 783 0.333333
777 784 0.600000
777 873 0.733333
778 781 -0.333333
778 782 -0.466667
778 783 0.066667
778 784 -0.866667
778 874 0.200000
779 781 0.733333
779 782 -1.000000
779 783 -0.733333
779 784 -0.866667
779 875 -0.466667
780 781 0.466667
780 782 0.866667
780 783 -0.333333
780 784 0.733333
780 876 -1.000000
781 789 0.733333
782 790 -0.600000
783 791 1.000000
784 792 0.066667
785 789 0.066667
785 790 -0.466667
785 791 -0.733333
785 792 -1.000000
785 881 0.600000
786 789 -0.066667
786 790 -0.066667
786 791 -0.866667
786 792 1.000000
786 882 0.600000
787 789 0.333333
787 790 -0.733333
787 791 -0.600000
787 792 0.466667
787 883 0.866667
788 789 -0.066667
788 790 -0.466667
788 791 -1.000000
788 792 -0.866667
788 884 -0.466667
789 797 -0.733333
790 798 -0.866667
791 799 0.733333
792 800 -0.066667
793 797 -1.000000
793 798 0.333333
793 799 -1.000000
793 800 -1.000000
793 889 1.000000
794 797 -0.733333
794 798 -0.200000
794 799 -0.333333
794 800 0.600000
794 890 -0.333333
795 797 -0.600000
795 798 -1.000000
795 799 -0.866667
795 800 -0.866667
795 891 0.866667
796 797 0.066667
796 798 0.733333
796 799 -0.600000
796 800 -0.466667
796 892 -1.000000
797 805 0.866667
798 806 -0.333333
799 807 -1.000000
800 808 0.333333
801 805 -4.333333
801 806 1.000000
801 807 -1.000000
801 808 0.866667
801 897 -0.600000
802 805 -0.866667
802 806 -1.000000
802 807 -0.600000
802 808 -0.200000
802 898 -0.733333
803 805 -0.333333
803 806 -0.866667
803 807 0.733333
803 808 -0.600000
803 899 -0.600000
804 805 0.866667
804 806 0.600000
804 807 0.466667
804 808 -1.000000
804 900 0.466667
805 813 -0.466667
806 814 -0.600000
807 815 0.066667
808 816 -0.866667
809 813 -0.466667
809 814 -0.733333
809 815 -1.000000
809 816 -0.066667
809 905 0.066667
810 813 -1.000000
810 814 -1.000000
810 815 -0.066667
810 816 -0.600000
810 906 0.200000
811 813 -0.866667
811 814 -0.333333
811 815 -1.000000
811 816 0.733333
811 907 0.600000
812 813 -0.733333
812 814 -1.000000
812 815 1.000000
812 816 0.066667
812 908 -0.866667
813 821 0.066667
814 822 -3.666667
815 823 0.466667
816 824 -0.733333
817 821 -0.866667
817 822 0.200000
817 823 0.066667
817 824 0.200000
817 913 0.333333
818 821 4.333333
818 822 -2.333333
818 823 0.200000
818 824 1.000000
818 914 0.733333
819 821 0.733333
819 822 -0.333333
819 823 0.333333
819 824 -0.733333
819 915 0.733333
820 821 0.066667
820 822 3.000000
820 823 -0.200000
820 824 -0.866667
820 916 -0.466667
821 829 0.600000
822 830 -0.200000
823 831 0.866667
824 832 0.333333
825 829 0.600000
825 830 -0.600000
825 831 0.733333
825 832 -0.200000
825 921 -0.466667
826 829 0.733333
826 830 0.733333
826 831 1.000000
826 832 5.000000
826 922 -0.200000
827 829 0.866667
827 830 0.866667
827 831 0.066667
827 832 0.466667
827 923 0.466667
828 829 0.866667
828 830 -0.733333
828 831 -0.333333
828 832 0.600000
828 924 -0.200000
829 837 -0.466667
830 838 -1.000000
831 839 1.000000
832 840 -0.066667
833 837 0.333333
833 838 -1.000000
833 839 -0.733333
833 840 -0.200000
833 929 -0.866667
834 837 -1.000000
834 838 0.200000
834 839 -5.000000
834 840 0.466667
834 930 -0.333333
835 837 -0.333333
835 838 -0.200000
835 839 1.000000
835 840 0.200000
835 931 0.200000
836 837 -0.866667
836 838 0.600000
836 839 -0.466667
836 840 0.466667
836 932 0.733333
837 845 0.333333
838 846 0.200000
839 847 0.600000
840 848 0.600000
841 845 1.000000
841 846 -1.000000
841 847 -0.600000
841 848 0.866667
841 937 -0.333333
842 845 1.000000
842 846 0.600000
842 847 0.200000
842 848 -0.200000
842 938 -0.066667
843 845 0.466667
843 846 -0.866667
843 847 0.200000
843 848 -0.733333
843 939 0.466667
844 845 -0.333333
844 846 -0.733333
844 847 -0.600000
844 848 0.866667
844 940 0.866667
845 853 -1.000000
846 854 1.000000
847 855 0.466667
848 856 0.866667
849 853 -1.000000
849 854 -0.333333
849 855 -0.866667
849 856 0.733333
849 945 -0.600000
850 853 -5.000000
850 854 4.333333
850 855 0.600000
850 856 -0.733333
850 946 -0.200000
851 853 -0.600000
851 854 -0.466667
851 855 -0.200000
851 856 -0.466667
851 947 -0.466667
852 853 -0.866667
852 854 -0.200000
852 855 0.066667
852 856 1.000000
852 948 -0.466667
853 861 0.466667
854 862 -0.600000
855 863 -0.866667
856 864 -0.333333
857 861 -1.000000
857 862 0.200000
857 863 -0.066667
857 864 0.066667
857 953 -0.600000
858 861 0.866667
858 862 -0.466667
858 863 1.666667
858 864 0.733333
858 954 -0.066667
859 861 0.333333
859 862 0.866667
859 863 1.666667
859 864 -0.733333
859 955 -0.866667
860 861 0.733333
860 862 -0.066667
860 863 0.200000
860 864 0.066667
860 956 -0.866667
865 869 1.000000
865 870 0.866667
865 871 -0.200000
865 872 -0.733333
865 961 0.066667
866 869 0.600000
866 870 -0.200000
866 871 -0.600000
866 872 0.066667
866 962 -0.200000
867 869 0.866667
867 870 -0.466667
867 871 -0.200000
867 872 1.666667
867 963 -0.733333
868 869 -0.066667
868 870 -5.000000
868 871 0.866667
868 872 0.733333
868 964 0.200000
869 877 0.866667
870 878 -0.200000
871 879 0.466667
872 880 0.733333
873 877 -1.000000
873 878 -0.066667
873 879 0.466667
873 880 -0.066667
873 969 0.733333
874 877 -0.466667
874 878 -0.466667
874 879 -0.600000
874 880 -0.733333
874 970 -0.733333
875 877 -0.066667
875 878 -0.466667
875 879 -0.733333
875 880 -0.200000
875 971 -1.000000
876 877 -0.733333
876 878 -0.866667
876 879 0.600000
876 880 -0.600000
876 972 0.466667
877 885 -0.600000
878 886 -0.866667
879 887 0.600000
880 888 0.466667
881 885 1.000000
881 886 1.000000
881 887 0.333333
881 888 0.600000
881 977 0.733333
882 885 0.466667
882 886 -0.200000
882 887 -0.066667
882 888 0.200000
882 978 0.466667
883 885 0.333333
883 886 0.066667
883 887 -0.600000
883 888 0.200000
883 979 -0.733333
884 885 0.733333
884 886 0.333333
884 887 0.333333
884 888 -0.200000
884 980 -0.466667
885 893 -0.066667
886 894 0.866667
887 895 0.866667
888 896 0.866667
889 893 0.866667
889 894 -0.600000
889 895 -0.066667
889 896 -0.200000
889 985 -0.200000
890 893 0.200000
890 894 0.466667
890 895 0.333333
890 896 -1.000000
890 986 -0.333333
891 893 -0.066667
891 894 -0.466667
891 895 0.733333
891 896 0.866667
891 987 1.000000
892 893 -0.866667
892 894 1.000000
892 895 0.333333
892 896 0.866667
892 988 0.066667
893 901 0.866667
894 902 0.200000
895 903 -0.466667
896 904 0.200000
897 901 0.866667
897 902 0.466667
897 903 0.600000
897 904 0.333333
897 993 -0.866667
898 901 1.000000
898 902 -0.866667
898 903 -0.733333
898 904 -1.000000
898 994 0.733333
899 901 -0.333333
899 902 -0.333333
899 903 -0.866667
899 904 0.333333
899 995 -0.733333
900 901 1.000000
900 902 -0.466667
900 903 -0.466667
900 904 -0.333333
900 996 0.600000
901 909 0.600000
902 910 0.466667
903 911 0.333333
904 912 -0.600000
905 909 -0.466667
905 910 -0.466667
905 911 0.733333
905 912 -1.000000
905 1001 -1.000000
906 909 -0.733333
906 910 -0.733333
906 911 -1.000000
906 912 0.866667
906 1002 2.333333
907 909 1.000000
907 910 -0.333333
907 911 0.466667
907 912 0.466667
907 1003 1.000000
908 909 -1.000000
908 910 0.733333
908 911 -0.600000
908 912 -0.200000
908 1004 -0.466667
909 917 -0.333333
910 918 -1.000000
911 919 0.600000
912 920 0.866667
913 917 -0.466667
913 918 1.000000
913 919 0.333333
913 920 0.333333
913 1009 -0.466667
914 917 0.066667
914 918 -1.000000
914 919 -1.000000
914 920 0.200000
914 1010 -0.333333
915 917 0.066667
915 918 0.600000
915 919 0.066667
915 920 0.333333
915 1011 0.733333
916 917 -0.733333
916 918 0.866667
916 919 -1.000000
916 920 -1.000000
916 1012 -0.466667
917 925 -0.066667
918 926 0.600000
919 927 -0.466667
920 928 0.200000
921 925 -0.066667
921 926 0.600000
921 927 0.066667
921 928 -0.200000
921 1017 -0.733333
922 925 -0.600000
922 926 0.466667
922 927 -0.866667
922 928 -0.733333
922 1018 0.466667
923 925 -0.733333
923 926 -0.200000
923 927 -0.333333
923 928 -0.466667
923 1019 0.333333
924 925 0.466667
924 926 0.466667
924 927 -0.600000
924 928 -0.333333
924 1020 -0.866667
925 933 0.066667
926 934 -0.333333
927 935 -0.733333
928 936 0.866667
929 933 -0.066667
929 934 0.200000
929 935 0.733333
929 936 -1.000000
929 1025 -0.333333
930 933 -1.000000
930 934 0.066667
930 935 -0.200000
930 936 0.333333
930 1026 1.000000
931 933 0.733333
931 934 -1.000000
931 935 -1.000000
931 936 0.866667
931 1027 -0.733333
932 933 -0.066667
932 934 -0.200000
932 935 0.600000
932 936 -0.466667
932 1028 -1.000000
933 941 1.000000
934 942 0.733333
935 943 0.600000
936 944 0.066667
937 941 -1.000000
937 942 0.600000
937 943 -0.466667
937 944 0.600000
937 1033 -0.200000
938 941 0.333333
938 942 -0.066667
938 943 -0.333333
938 944 0.600000
938 1034 -0.333333
939 941 0.200000
939 942 -0.733333
939 943 -0.866667
939 944 -0.866667
939 1035 -0.733333
940 941 0.733333
940 942 -0.066667
940 943 -0.200000
940 944 0.066667
940 1036 0.333333
941 949 0.600000
942 950 0.733333
943 951 0.200000
944 952 0.466667
945 949 -0.333333
945 950 -0.333333
945 951 -0.733333
945 952 0.600000
945 1041 1.000000
946 949 -0.866667
946 950 -1.000000
946 951 0.466667
946 952 -0.600000
946 1042 0.733333
947 949 0.333333
947 950 1.000000
947 951 -1.000000
947 952 0.066667
947 1043 0.066667
948 949 0.200000
948 950 -1.000000
948 951 1.000000
948 952 1.000000
948 1044 0.600000
949 957 0.866667
950 958 0.733333
951 959 0.600000
952 960 0.066667
953 957 -0.066667
953 958 0.733333
953 959 -0.866667
953 960 -0.333333
953 1049 -0.600000
954 957 0.466667
954 958 0.733333
954 959 -3.666667
954 960 -0.733333
954 1050 1.000000
955 957 -0.866667
955 958 1.000000
955 959 0.333333
955 960 -0.466667
955 1051 -1.000000
956 957 0.866667
956 958 -0.600000
956 959 0.466667
956 960 -0.466667
956 1052 0.066667
961 965 -0.333333
961 966 0.333333
961 967 -0.600000
961 968 -0.866667
961 1057 0.466667
962 965 -0.466667
962 966 0.600000
962 967 -1.000000
962 968 -0.733333
962 1058 0.200000
963 965 0.333333
963 966 0.733333
963 967 -0.866667
963 968 -1.000000
963 1059 0.600000
964 965 0.600000
964 966 0.733333
964 967 -0.733333
964 968 0.200000
964 1060 0.466667
965 973 0.200000
966 974 0.866667
967 975 0.733333
968 976 0.866667
969 973 1.000000
969 974 -0.600000
969 975 0.866667
969 976 0.866667
969 1065 -0.333333
970 973 0.733333
970 974 -1.000000
970 975 -0.333333
970 976 0.200000
970 1066 0.333333
971 973 0.200000
971 974 0.866667
971 975 -0.333333
971 976 0.866667
971 1067 0.200000
972 973 0.866667
972 974 0.733333
972 975 -1.000000
972 976 0.466667
972 1068 0.600000
973 981 -0.600000
974 982 -3.000000
975 983 0.866667
976 984 -0.466667
977 981 0.066667
977 982 0.066667
977 983 0.333333
977 984 -0.600000
977 1073 -0.600000
978 981 -0.333333
978 982 0.066667
978 983 -0.200000
978 984 0.066667
978 1074 2.333333
979 981 -1.000000
979 982 -0.466667
979 983 0.600000
979 984 0.333333
979 1075 -0.866667
980 981 -0.200000
980 982 -0.733333
980 983 0.866667
980 984 0.600000
980 1076 -0.866667
981 989 -0.200000
982 990 0.466667
983 991 -0.866667
984 992 -0.200000
985 989 -0.066667
985 990 -0.200000
985 991 -1.000000
985 992 0.066667
985 1081 0.600000
986 989 0.466667
986 990 1.000000
986 991 0.466667
986 992 -0.466667
986 1082 0.866667
987 989 0.733333
987 990 0.200000
987 991 1.000000
987 992 -1.000000
987 1083 0.733333
988 989 -0.466667
988 990 0.866667
988 991 1.000000
988 992 0.333333
988 1084 -0.466667
989 997 -0.600000
990 998 -0.200000
991 999 -0.333333
992 1000 -0.466667
993 997 0.600000
993 998 -0.333333
993 999 -0.466667
993 1000 -0.600000
993 1089 0.866667
994 997 -0.466667
994 998 -0.066667
994 999 -0.866667
994 1000 1.000000
994 1090 0.200000
995 997 -0.600000
995 998 -0.600000
995 999 0.866667
995 1000 -0.866667
995 1091 1.000000
996 997 -0.200000
996 998 0.600000
996 999 0.600000
996 1000 -0.066667
996 1092 0.466667
997 1005 -0.066667
998 1006 -0.333333
999 1007 0.733333
1000 1008 0.200000
1001 1005 -0.200000
1001 1006 -0.066667
1001 1007 4.333333
1001 1008 -0.600000
1001 1097 -0.066667
1002 1005 -1.000000
1002 1006 -0.866667
1002 1007 0.333333
1002 1008 -0.466667
1002 1098 -0.866667
1003 1005 0.600000
1003 1006 0.200000
1003 1007 -0.066667
1003 1008 0.333333
1003 1099 -1.000000
1004 1005 -0.466667
1004 1006 0.466667
1004 1007 -0.200000
1004 1008 0.333333
1004 1100 0.866667
1005 1013 -0.200000
1006 1014 0.066667
1007 1015 -1.000000
1008 1016 -0.733333
1009 1013 -0.200000
1009 1014 0.600000
1009 1015 -0.333333
1009 1016 0.733333
1009 1105 -0.866667
1010 1013 -0.333333
1010 1014 -0.333333
1010 1015 -0.333333
1010 1016 -0.466667
1010 1106 -0.600000
1011 1013 -0.600000
1011 1014 -0.333333
1011 1015 1.000000
1011 1016 -0.333333
1011 1107 -0.733333
1012 1013 -1.000000
1012 1014 -0.466667
1012 1015 -3.000000
1012 1016 -1.000000
1012 1108 0.200000
1013 1021 -0.333333
1014 1022 0.600000
1015 1023 -0.466667
1016 1024 -0.200000
1017 1021 -0.733333
1017 1022 -0.066667
1017 1023 -0.600000
1017 1024 0.066667
1017 1113 -0.466667
1018 1021 -0.866667
1018 1022 0.333333
1018 1023 -0.866667
1018 1024 0.066667
1018 1114 -0.733333
1019 1021 -0.600000
1019 1022 -1.000000
1019 1023 0.466667
1019 1024 -0.333333
1019 1115 1.000000
1020 1021 1.000000
1020 1022 -0.200000
1020 1023 0.866667
1020 1024 0.066667
1020 1116 -1.000000
1021 1029 -0.866667
1022 1030 -0.466667
1023 1031 1.000000
1024 1032 -0.200000
1025 1029 -0.600000
1025 1030 0.466667
1025 1031 -0.200000
1025 1032 -0.200000
1025 1121 0.333333
1026 1029 -0.866667
1026 1030 0.733333
1026 1031 0.733333
1026 1032 0.200000
1026 1122 -0.600000
1027 1029 -0.200000
1027 1030 0.466667
1027 1031 -0.600000
1027 1032 -0.600000
1027 1123 0.466667
1028 1029 -0.466667
1028 1030 1.000000
1028 1031 1.000000
1028 1032 0.600000
1028 1124 -0.066667
1029 1037 -0.200000
1030 1038 -0.200000
1031 1039 -0.333333
1032 1040 -0.333333
1033 1037 0.600000
1033 1038 0.600000
1033 1039 0.066667
1033 1040 -0.600000
1033 1129 1.000000
1034 1037 0.866667
1034 1038 0.333333
1034 1039 -3.666667
1034 1040 -0.333333
1034 1130 -1.000000
1035 1037 -0.066667
1035 1038 -0.600000
1035 1039 -1.000000
1035 1040 -0.600000
1035 1131 0.733333
1036 1037 0.466667
1036 1038 0.066667
1036 1039 -0.066667
1036 1040 -0.866667
1036 1132 -0.333333
1037 1045 0.466667
1038 1046 -3.666667
1039 1047 -0.733333
1040 1048 -0.600000
1041 1045 0.066667
1041 1046 -0.066667
1041 1047 -0.866667
1041 1048 -0.066667
1041 1137 0.200000
1042 1045 0.333333
1042 1046 -0.200000
1042 1047 0.466667
1042 1048 -0.866667
1042 1138 -0.333333
1043 1045 1.000000
1043 1046 2.333333
1043 1047 -3.666667
1043 1048 0.333333
1043 1139 -0.066667
1044 1045 -1.000000
1044 1046 0.333333
1044 1047 0.066667
1044 1048 -0.466667
1044 1140 -0.733333
1045 1053 -0.066667
1046 1054 -0.600000
1047 1055 0.600000
1048 1056 -1.000000
1049 1053 -0.333333
1049 1054 -0.066667
1049 1055 1.000000
1049 1056 -5.000000
1049 1145 -0.200000
1050 1053 -0.733333
1050 1054 -0.866667
1050 1055 0.600000
1050 1056 0.733333
1050 1146 0.733333
1051 1053 0.066667
1051 1054 0.600000
1051 1055 0.466667
1051 1056 -0.333333
1051 1147 -0.333333
1052 1053 -0.466667
1052 1054 -0.866667
1052 1055 5.000000
1052 1056 0.333333
1052 1148 -1.666667
1057 1061 -1.000000
1057 1062 -0.466667
1057 1063 -0.466667
1057 1064 0.333333
1058 1061 -0.200000
1058 1062 -0.600000
1058 1063 0.200000
1058 1064 -0.066667
1059 1061 -0.066667
1059 1062 -0.200000
1059 1063 0.333333
1059 1064 0.866667
1060 1061 -0.466667
1060 1062 -0.600000
1060 1063 1.000000
1060 1064 -0.333333
1061 1069 -0.466667
1062 1070 0.866667
1063 1071 -0.200000
1064 1072 -0.200000
1065 1069 0.200000
1065 1070 0.733333
1065 1071 -0.200000
1065 1072 0.333333
1066 1069 -0.600000
1066 1070 -0.733333
1066 1071 0.200000
1066 1072 -0.200000
1067 1069 -0.733333
1067 1070 0.200000
1067 1071 0.866667
1067 1072 -0.600000
1068 1069 -0.866667
1068 1070 0.200000
1068 1071 -1.000000
1068 1072 -0.866667
1069 1077 -0.733333
1070 1078 -0.733333
1071 1079 0.600000
1072 1080 0.333333
1073 1077 0.333333
1073 1078 0.466667
1073 1079 -0.733333
1073 1080 -0.466667
1074 1077 -3.666667
1074 1078 0.733333
1074 1079 3.666667
1074 1080 -0.733333
1075 1077 -0.600000
1075 1078 -0.200000
1075 1079 0.333333
1075 1080 1.000000
1076 1077 -1.000000
1076 1078 0.733333
1076 1079 -4.333333
1076 1080 -0.600000
1077 1085 -4.333333
1078 1086 -0.066667
1079 1087 -0.066667
1080 1088 -0.866667
1081 1085 -3.000000
1081 1086 -1.000000
1081 1087 -1.000000
1081 1088 0.866667
1082 1085 -4.333333
1082 1086 -0.600000
1082 1087 -1.000000
1082 1088 0.333333
1083 1085 -0.866667
1083 1086 0.066667
1083 1087 0.733333
1083 1088 0.200000
1084 1085 -0.066667
1084 1086 -0.333333
1084 1087 -0.733333
1084 1088 -0.333333
1085 1093 -1.000000
1086 1094 0.066667
1087 1095 0.333333
1088 1096 -0.600000
1089 1093 0.866667
1089 1094 -1.000000
1089 1095 -1.000000
1089 1096 -1.000000
1090 1093 0.733333
1090 1094 1.000000
1090 1095 -0.733333
1090 1096 1.000000
1091 1093 -0.733333
1091 1094 -0.600000
1091 1095 -0.333333
1091 1096 0.866667
1092 1093 0.600000
1092 1094 0.466667
1092 1095 0.600000
1092 1096 0.200000
1093 1101 1.000000
1094 1102 3.666667
1095 1103 0.733333
1096 1104 -0.200000
1097 1101 -0.333333
1097 1102 -0.200000
1097 1103 -0.200000
1097 1104 -0.733333
1098 1101 -0.333333
1098 1102 -0.333333
1098 1103 -0.733333
1098 1104 -1.000000
1099 1101 0.066667
1099 1102 -0.200000
1099 1103 -1.000000
1099 1104 0.466667
1100 1101 1.000000
1100 1102 -0.466667
1100 1103 -0.733333
1100 1104 1.000000
1101 1109 1.000000
1102 1110 -5.000000
1103 1111 -0.066667
1104 1112 1.000000
1105 1109 -0.066667
1105 1110 -1.666667
1105 1111 -0.466667
1105 1112 -3.666667
1106 1109 -1.000000
1106 1110 0.333333
1106 1111 -2.333333
1106 1112 -0.733333
1107 1109 -0.333333
1107 1110 -0.333333
1107 1111 0.466667
1107 1112 -1.000000
1108 1109 3.666667
1108 1110 -1.000000
1108 1111 0.733333
1108 1112 0.600000
1109 1117 3.000000
1110 1118 -0.333333
1111 1119 1.000000
1112 1120 -0.466667
1113 1117 0.600000
1113 1118 0.333333
1113 1119 3.666667
1113 1120 -0.200000
1114 1117 0.866667
1114 1118 -3.666667
1114 1119 1.000000
1114 1120 -0.066667
1115 1117 -0.333333
1115 1118 0.200000
1115 1119 0.866667
1115 1120 -1.666667
1116 1117 -0.600000
1116 1118 0.200000
1116 1119 -1.000000
1116 1120 5.000000
1117 1125 -5.000000
1118 1126 -2.333333
1119 1127 0.466667
1120 1128 -1.666667
1121 1125 0.600000
1121 1126 1.000000
1121 1127 0.066667
1121 1128 -1.000000
1122 1125 0.333333
1122 1126 0.333333
1122 1127 -0.066667
1122 1128 0.466667
1123 1125 0.733333
1123 1126 -0.866667
1123 1127 0.200000
1123 1128 0.733333
1124 1125 -0.333333
1124 1126 -3.000000
1124 1127 0.466667
1124 1128 3.666667
1125 1133 0.600000
1126 1134 -0.466667
1127 1135 -0.066667
1128 1136 1.000000
1129 1133 -0.066667
1129 1134 -0.200000
1129 1135 0.600000
1129 1136 0.466667
1130 1133 -0.866667
1130 1134 0.066667
1130 1135 -0.066667
1130 1136 0.733333
1131 1133 1.666667
1131 1134 -0.066667
1131 1135 0.866667
1131 1136 -1.000000
1132 1133 0.200000
1132 1134 2.333333
1132 1135 -0.066667
1132 1136 1.000000
1133 1141 1.000000
1134 1142 -0.600000
1135 1143 0.200000
1136 1144 0.600000
1137 1141 0.733333
1137 1142 -0.466667
1137 1143 -0.733333
1137 1144 -0.466667
1138 1141 0.066667
1138 1142 1.000000
1138 1143 0.866667
1138 1144 0.600000
1139 1141 0.466667
1139 1142 -0.866667
1139 1143 0.333333
1139 1144 0.333333
1140 1141 -0.466667
1140 1142 -0.600000
1140 1143 -0.600000
1140 1144 -1.000000
1141 1149 -1.000000
1142 1150 0.066667
1143 1151 0.733333
1144 1152 0.200000
1145 1149 0.866667
1145 1150 -0.333333
1145 1151 -0.066667
1145 1152 -0.466667
1146 1149 0.066667
1146 1150 -0.466667
1146 1151 -1.000000
1146 1152 -4.333333
1147 1149 0.866667
1147 1150 0.600000
1147 1151 0.066667
1147 1152 -0.866667
1148 1149 1.000000
1148 1150 4.333333
1148 1151 0.333333
1148 1152 -3.000000