#
1 1 0.200000
2 2 0.120000
3 3 -0.120000
4 4 -0.093333
5 5 -0.120000
6 6 0.040000
7 7 -0.173333
8 8 0.173333
9 9 0.093333
10 10 -0.146667
11 11 -0.066667
12 12 -0.093333
13 13 -0.120000
14 14 -0.173333
15 15 0.013333
16 16 -0.120000
17 17 0.200000
18 18 -0.146667
19 19 -0.040000
20 20 -0.040000
21 21 -0.066667
22 22 -0.146667
23 23 0.013333
24 24 0.200000
25 25 -0.200000
26 26 -0.120000
27 27 -0.200000
28 28 -0.120000
29 29 -0.013333
30 30 0.066667
31 31 -0.146667
32 32 -0.146667
33 33 0.200000
34 34 0.146667
35 35 0.093333
36 36 -0.146667
37 37 -0.093333
38 38 0.120000
39 39 0.066667
40 40 -0.200000
41 41 0.173333
42 42 -0.200000
43 43 -0.066667
44 44 0.066667
45 45 -0.093333
46 46 -0.040000
47 47 -0.040000
48 48 -0.040000
49 49 0.040000
50 50 0.173333
51 51 -0.146667
52 52 0.066667
53 53 -0.093333
54 54 0.146667
55 55 0.066667
56 56 0.093333
57 57 0.200000
58 58 -0.066667
59 59 0.120000
60 60 0.146667
61 61 0.173333
62 62 -0.066667
63 63 -0.120000
64 64 -0.013333
65 65 0.173333
66 66 -0.120000
67 67 -0.040000
68 68 0.013333
69 69 0.013333
70 70 -0.066667
71 71 -0.066667
72 72 -0.040000
73 73 0.013333
74 74 0.066667
75 75 -0.040000
76 76 -0.040000
77 77 0.173333
78 78 -0.146667
79 79 -0.040000
80 80 0.013333
81 81 -0.200000
82 82 -0.093333
83 83 0.200000
84 84 0.173333
85 85 0.093333
86 86 0.013333
87 87 0.173333
88 88 0.066667
89 89 0.066667
90 90 0.093333
91 91 0.093333
92 92 -0.200000
93 93 0.200000
94 94 0.040000
95 95 -0.146667
96 96 -0.040000
97 97 0.173333
98 98 -0.146667
99 99 0.013333
100 100 0.200000
101 101 0.120000
102 102 0.013333
103 103 -0.013333
104 104 -0.173333
105 105 0.173333
106 106 0.040000
107 107 -0.173333
108 108 -0.040000
109 109 0.120000
110 110 0.066667
111 111 -0.013333
112 112 0.040000
113 113 -0.200000
114 114 0.040000
115 115 0.120000
116 116 0.146667
117 117 -0.200000
118 118 -0.066667
119 119 0.173333
120 120 -0.120000
121 121 0.040000
122 122 0.200000
123 123 0.093333
124 124 -0.013333
125 125 -0.173333
126 126 -0.013333
127 127 0.146667
128 128 0.066667
129 129 -0.093333
130 130 -0.013333
131 131 -0.173333
132 132 0.120000
133 133 -0.040000
134 134 -0.120000
135 135 0.146667
136 136 -0.013333
137 137 0.120000
138 138 0.200000
139 139 -0.040000
140 140 0.173333
141 141 0.146667
142 142 -0.173333
143 143 -0.146667
144 144 0.066667
145 145 -0.120000
146 146 -0.040000
147 147 0.013333
148 148 -0.146667
149 149 0.173333
150 150 -0.146667
151 151 0.146667
152 152 0.013333
153 153 -0.066667
154 154 -0.040000
155 155 0.120000
156 156 0.093333
157 157 -0.200000
158 158 -0.173333
159 159 0.120000
160 160 -0.146667
161 161 0.120000
162 162 0.093333
163 163 -0.040000
164 164 0.066667
165 165 -0.013333
166 166 0.173333
167 167 0.200000
168 168 0.066667
169 169 -0.013333
170 170 0.120000
171 171 0.013333
172 172 0.066667
173 173 0.146667
174 174 0.146667
175 175 -0.066667
176 176 0.173333
177 177 -0.173333
178 178 -0.013333
179 179 0.146667
180 180 -0.173333
181 181 -0.146667
182 182 -0.173333
183 183 -0.146667
184 184 -0.200000
185 185 0.200000
186 186 0.200000
187 187 -0.200000
188 188 -0.173333
189 189 0.093333
190 190 -0.066667
191 191 0.040000
192 192 0.066667
193 193 0.013333
194 194 -0.200000
195 195 0.093333
196 196 0.173333
197 197 0.040000
198 198 0.013333
199 199 0.146667
200 200 0.093333
201 201 0.040000
202 202 0.120000
203 203 0.200000
204 204 -0.013333
205 205 -0.173333
206 206 0.200000
207 207 0.040000
208 208 0.040000
209 209 -0.013333
210 210 0.093333
211 211 -0.066667
212 212 0.146667
213 213 -0.120000
214 214 0.200000
215 215 -0.013333
216 216 0.120000
217 217 0.013333
218 218 0.120000
219 219 -0.040000
220 220 0.120000
221 221 -0.066667
222 222 0.093333
223 223 0.200000
224 224 0.146667
225 225 -0.013333
226 226 -0.120000
227 227 -0.013333
228 228 -0.120000
229 229 -0.013333
230 230 -0.066667
231 231 -0.173333
232 232 0.013333
233 233 0.173333
234 234 -0.173333
235 235 -0.146667
236 236 -0.093333
237 237 0.013333
238 238 0.173333
239 239 -0.200000
240 240 -0.040000
241 241 0.066667
242 242 -0.093333
243 243 0.066667
244 244 -0.146667
245 245 -0.093333
246 246 -0.013333
247 247 0.093333
248 248 0.146667
249 249 -0.173333
250 250 0.120000
251 251 0.040000
252 252 -0.200000
253 253 -0.066667
254 254 -0.040000
255 255 -0.066667
256 256 -0.040000
257 257 -0.120000
258 258 -0.146667
259 259 -0.093333
260 260 -0.013333
261 261 0.066667
262 262 -0.200000
263 263 -0.013333
264 264 -0.093333
265 265 -0.040000
266 266 -0.120000
267 267 0.013333
268 268 -0.013333
269 269 0.173333
270 270 0.040000
271 271 0.120000
272 272 0.173333
273 273 0.066667
274 274 0.200000
275 275 0.200000
276 276 -0.093333
277 277 -0.173333
278 278 -0.120000
279 279 -0.200000
280 280 0.013333
281 281 0.013333
282 282 -0.173333
283 283 -0.066667
284 284 0.013333
285 285 0.013333
286 286 -0.146667
287 287 0.120000
288 288 0.120000
289 289 0.013333
290 290 -0.120000
291 291 0.093333
292 292 0.120000
293 293 -0.066667
294 294 0.013333
295 295 0.013333
296 296 -0.173333
297 297 -0.173333
298 298 0.120000
299 299 0.013333
300 300 -0.013333
301 301 0.040000
302 302 0.093333
303 303 0.173333
304 304 -0.013333
305 305 0.173333
306 306 0.013333
307 307 0.173333
308 308 -0.146667
309 309 -0.173333
310 310 0.093333
311 311 0.173333
312 312 0.040000
313 313 -0.093333
314 314 -0.120000
315 315 0.173333
316 316 -0.013333
317 317 0.013333
318 318 0.093333
319 319 -0.200000
320 320 -0.146667
321 321 -0.013333
322 322 -0.040000
323 323 -0.173333
324 324 -0.013333
325 325 -0.040000
326 326 0.066667
327 327 0.040000
328 328 0.173333
329 329 0.173333
330 330 -0.013333
331 331 -0.173333
332 332 0.120000
333 333 0.200000
334 334 -0.200000
335 335 -0.093333
336 336 0.013333
337 337 0.066667
338 338 0.200000
339 339 -0.173333
340 340 -0.173333
341 341 0.146667
342 342 0.013333
343 343 -0.040000
344 344 -0.200000
345 345 -0.040000
346 346 -0.173333
347 347 -0.093333
348 348 -0.120000
349 349 0.066667
350 350 0.013333
351 351 -0.066667
352 352 0.200000
353 353 0.200000
354 354 0.173333
355 355 0.120000
356 356 -0.040000
357 357 -0.120000
358 358 0.066667
359 359 -0.173333
360 360 -0.093333
361 361 -0.120000
362 362 -0.146667
363 363 0.173333
364 364 -0.093333
365 365 -0.146667
366 366 -0.146667
367 367 -0.040000
368 368 0.120000
369 369 0.066667
370 370 -0.013333
371 371 -0.040000
372 372 -0.013333
373 373 -0.173333
374 374 0.093333
375 375 0.066667
376 376 0.066667
377 377 -0.040000
378 378 0.173333
379 379 0.200000
380 380 -0.146667
381 381 0.120000
382 382 0.120000
383 383 -0.146667
384 384 -0.173333
385 385 -0.013333
386 386 0.013333
387 387 0.013333
388 388 -0.013333
389 389 0.200000
390 390 0.066667
391 391 -0.040000
392 392 0.066667
393 393 0.066667
394 394 0.200000
395 395 0.173333
396 396 0.013333
397 397 0.146667
398 398 -0.200000
399 399 -0.066667
400 400 -0.013333
401 401 -0.120000
402 402 -0.013333
403 403 -0.093333
404 404 -0.173333
405 405 0.120000
406 406 -0.066667
407 407 0.146667
408 408 -0.120000
409 409 -0.120000
410 410 0.093333
411 411 0.146667
412 412 0.120000
413 413 0.093333
414 414 -0.093333
415 415 0.013333
416 416 0.173333
417 417 0.066667
418 418 -0.040000
419 419 -0.120000
420 420 0.200000
421 421 0.146667
422 422 0.173333
423 423 0.040000
424 424 0.093333
425 425 -0.040000
426 426 -0.093333
427 427 -0.093333
428 428 0.173333
429 429 0.093333
430 430 0.093333
431 431 0.200000
432 432 -0.200000
433 433 0.120000
434 434 -0.146667
435 435 0.013333
436 436 -0.013333
437 437 -0.200000
438 438 -0.013333
439 439 0.146667
440 440 0.200000
441 441 0.040000
442 442 -0.146667
443 443 -0.200000
444 444 -0.120000
445 445 0.146667
446 446 -0.146667
447 447 0.120000
448 448 0.120000
449 449 0.040000
450 450 0.146667
451 451 0.013333
452 452 0.066667
453 453 0.040000
454 454 -0.040000
455 455 0.040000
456 456 -0.093333
457 457 -0.066667
458 458 0.040000
459 459 0.066667
460 460 -0.013333
461 461 -0.066667
462 462 -0.200000
463 463 -0.066667
464 464 -0.066667
465 465 -0.066667
466 466 0.040000
467 467 0.200000
468 468 0.200000
469 469 -0.066667
470 470 -0.013333
471 471 -0.040000
472 472 -0.120000
473 473 -0.093333
474 474 0.146667
475 475 0.173333
476 476 0.093333
477 477 0.093333
478 478 -0.013333
479 479 -0.013333
480 480 0.200000
481 481 -0.146667
482 482 0.040000
483 483 0.013333
484 484 0.066667
485 485 0.013333
486 486 0.013333
487 487 -0.093333
488 488 -0.173333
489 489 -0.173333
490 490 -0.200000
491 491 -0.200000
492 492 0.146667
493 493 -0.173333
494 494 -0.120000
495 495 -0.200000
496 496 -0.040000
497 497 0.200000
498 498 -0.013333
499 499 -0.120000
500 500 -0.040000
501 501 0.146667
502 502 -0.146667
503 503 0.120000
504 504 0.200000
505 505 -0.146667
506 506 -0.093333
507 507 -0.066667
508 508 -0.040000
509 509 0.040000
510 510 -0.040000
511 511 0.200000
512 512 -0.120000
513 513 -0.066667
514 514 0.040000
515 515 0.173333
516 516 0.200000
517 517 0.173333
518 518 -0.120000
519 519 -0.146667
520 520 0.200000
521 521 -0.040000
522 522 -0.093333
523 523 0.200000
524 524 -0.040000
525 525 0.040000
526 526 -0.040000
527 527 0.120000
528 528 0.200000
529 529 -0.066667
530 530 -0.093333
531 531 -0.146667
532 532 -0.146667
533 533 -0.066667
534 534 0.066667
535 535 0.066667
536 536 0.200000
537 537 0.146667
538 538 0.013333
539 539 -0.146667
540 540 -0.173333
541 541 0.040000
542 542 -0.200000
543 543 0.120000
544 544 0.120000
545 545 0.173333
546 546 -0.093333
547 547 0.200000
548 548 0.173333
549 549 0.146667
550 550 0.146667
551 551 -0.040000
552 552 0.200000
553 553 0.120000
554 554 -0.146667
555 555 0.200000
556 556 -0.093333
557 557 -0.120000
558 558 -0.120000
559 559 0.013333
560 560 -0.120000
561 561 -0.093333
562 562 -0.066667
563 563 0.066667
564 564 -0.040000
565 565 0.146667
566 566 -0.146667
567 567 -0.173333
568 568 -0.013333
569 569 -0.040000
570 570 0.173333
571 571 -0.200000
572 572 0.040000
573 573 -0.173333
574 574 0.013333
575 575 -0.146667
576 576 -0.146667
577 577 0.013333
578 578 -0.120000
579 579 -0.013333
580 580 0.173333
581 581 -0.013333
582 582 0.146667
583 583 -0.146667
584 584 -0.093333
585 585 -0.173333
586 586 -0.040000
587 587 0.066667
588 588 0.120000
589 589 0.173333
590 590 -0.013333
591 591 -0.013333
592 592 -0.200000
593 593 0.173333
594 594 -0.040000
595 595 -0.146667
596 596 -0.040000
597 597 0.066667
598 598 0.146667
599 599 0.093333
600 600 -0.040000
601 601 0.093333
602 602 -0.040000
603 603 -0.093333
604 604 -0.093333
605 605 0.120000
606 606 -0.120000
607 607 -0.120000
608 608 -0.013333
609 609 0.066667
610 610 -0.066667
611 611 0.040000
612 612 0.093333
613 613 0.173333
614 614 0.146667
615 615 0.146667
616 616 -0.013333
617 617 -0.120000
618 618 -0.120000
619 619 -0.013333
620 620 0.146667
621 621 0.040000
622 622 -0.146667
623 623 0.173333
624 624 -0.173333
625 625 -0.013333
626 626 0.120000
627 627 -0.066667
628 628 -0.173333
629 629 -0.013333
630 630 0.120000
631 631 0.173333
632 632 0.146667
633 633 0.066667
634 634 -0.146667
635 635 0.093333
636 636 0.066667
637 637 -0.200000
638 638 -0.120000
639 639 0.146667
640 640 -0.040000
641 641 0.146667
642 642 0.093333
643 643 -0.173333
644 644 0.066667
645 645 0.066667
646 646 0.013333
647 647 0.200000
648 648 -0.200000
649 649 0.146667
650 650 0.013333
651 651 -0.120000
652 652 0.093333
653 653 -0.093333
654 654 0.173333
655 655 -0.013333
656 656 -0.066667
657 657 -0.093333
658 658 0.066667
659 659 -0.120000
660 660 -0.013333
661 661 0.200000
662 662 0.066667
663 663 -0.146667
664 664 -0.066667
665 665 0.146667
666 666 -0.013333
667 667 -0.040000
668 668 0.120000
669 669 -0.120000
670 670 -0.120000
671 671 0.040000
672 672 0.200000
673 673 0.173333
674 674 0.200000
675 675 -0.013333
676 676 0.040000
677 677 0.200000
678 678 0.120000
679 679 0.040000
680 680 0.200000
681 681 0.066667
682 682 -0.093333
683 683 -0.066667
684 684 0.200000
685 685 -0.120000
686 686 -0.093333
687 687 0.013333
688 688 0.173333
689 689 0.200000
690 690 0.173333
691 691 -0.093333
692 692 0.093333
693 693 0.066667
694 694 0.066667
695 695 0.173333
696 696 0.173333
697 697 0.120000
698 698 -0.173333
699 699 -0.120000
700 700 0.066667
701 701 -0.200000
702 702 -0.200000
703 703 -0.120000
704 704 -0.066667
705 705 -0.013333
706 706 -0.173333
707 707 -0.040000
708 708 -0.146667
709 709 0.120000
710 710 -0.066667
711 711 -0.013333
712 712 0.093333
713 713 0.093333
714 714 0.146667
715 715 0.013333
716 716 -0.173333
717 717 -0.066667
718 718 -0.013333
719 719 0.200000
720 720 -0.120000
721 721 0.040000
722 722 0.040000
723 723 0.146667
724 724 -0.173333
725 725 -0.013333
726 726 0.066667
727 727 -0.120000
728 728 0.200000
729 729 -0.013333
730 730 -0.013333
731 731 -0.173333
732 732 -0.200000
733 733 0.200000
734 734 -0.173333
735 735 0.120000
736 736 0.120000
737 737 0.040000
738 738 -0.200000
739 739 -0.200000
740 740 0.146667
741 741 0.093333
742 742 -0.093333
743 743 0.146667
744 744 -0.173333
745 745 0.093333
746 746 -0.200000
747 747 -0.200000
748 748 0.093333
749 749 0.093333
750 750 0.200000
751 751 -0.173333
752 752 0.040000
753 753 0.120000
754 754 0.146667
755 755 -0.066667
756 756 0.146667
757 757 0.066667
758 758 -0.040000
759 759 -0.120000
760 760 -0.013333
761 761 0.013333
762 762 0.040000
763 763 0.120000
764 764 -0.013333
765 765 -0.146667
766 766 -0.146667
767 767 0.120000
768 768 0.066667
769 769 0.146667
770 770 0.040000
771 771 0.066667
772 772 -0.146667
773 773 0.146667
774 774 0.120000
775 775 -0.146667
776 776 0.200000
777 777 -0.040000
778 778 0.066667
779 779 -0.200000
780 780 -0.146667
781 781 0.146667
782 782 0.013333
783 783 0.013333
784 784 0.200000
785 785 0.146667
786 786 0.040000
787 787 -0.146667
788 788 -0.066667
789 789 0.173333
790 790 0.066667
791 791 0.040000
792 792 -0.093333
793 793 -0.120000
794 794 0.120000
795 795 -0.066667
796 796 -0.173333
797 797 -0.173333
798 798 0.066667
799 799 0.200000
800 800 -0.093333
801 801 -0.146667
802 802 -0.093333
803 803 -0.066667
804 804 -0.173333
805 805 -0.146667
806 806 0.120000
807 807 -0.040000
808 808 -0.013333
809 809 0.200000
810 810 0.013333
811 811 0.066667
812 812 -0.146667
813 813 0.120000
814 814 -0.013333
815 815 0.120000
816 816 -0.200000
817 817 0.066667
818 818 -0.200000
819 819 -0.120000
820 820 0.173333
821 821 -0.200000
822 822 0.173333
823 823 0.066667
824 824 0.120000
825 825 0.013333
826 826 -0.013333
827 827 -0.146667
828 828 0.120000
829 829 -0.120000
830 830 0.120000
831 831 0.093333
832 832 -0.093333
833 833 0.146667
834 834 -0.200000
835 835 0.093333
836 836 -0.146667
837 837 -0.200000
838 838 -0.146667
839 839 -0.146667
840 840 -0.066667
841 841 -0.066667
842 842 -0.146667
843 843 0.173333
844 844 0.120000
845 845 0.200000
846 846 -0.146667
847 847 -0.066667
848 848 0.066667
849 849 0.146667
850 850 -0.173333
851 851 -0.040000
852 852 -0.200000
853 853 -0.093333
854 854 0.146667
855 855 0.146667
856 856 -0.066667
857 857 0.013333
858 858 0.173333
859 859 -0.013333
860 860 -0.066667
861 861 0.200000
862 862 -0.146667
863 863 0.066667
864 864 -0.093333
865 865 -0.013333
866 866 0.200000
867 867 -0.013333
868 868 -0.173333
869 869 0.013333
870 870 -0.040000
871 871 -0.066667
872 872 0.040000
873 873 0.200000
874 874 -0.173333
875 875 -0.093333
876 876 0.093333
877 877 -0.066667
878 878 -0.200000
879 879 0.120000
880 880 -0.173333
881 881 -0.146667
882 882 -0.093333
883 883 -0.173333
884 884 -0.040000
885 885 -0.093333
886 886 0.120000
887 887 -0.120000
888 888 0.146667
889 889 0.200000
890 890 -0.066667
891 891 0.200000
892 892 0.200000
893 893 -0.173333
894 894 0.040000
895 895 0.093333
896 896 0.146667
897 897 -0.120000
898 898 0.200000
899 899 -0.173333
900 900 0.146667
901 901 0.146667
902 902 -0.066667
903 903 0.040000
904 904 0.120000
905 905 0.146667
906 906 0.146667
907 907 -0.093333
908 908 0.200000
909 909 0.013333
910 910 0.200000
911 911 -0.093333
912 912 0.066667
913 913 0.173333
914 914 0.066667
915 915 -0.040000
916 916 0.120000
917 917 0.173333
918 918 -0.146667
919 919 -0.200000
920 920 0.146667
921 921 -0.146667
922 922 -0.146667
923 923 0.013333
924 924 0.146667
925 925 0.040000
926 926 0.040000
927 927 0.066667
928 928 -0.040000
929 929 -0.013333
930 930 0.173333
931 931 0.093333
932 932 0.120000
933 933 -0.093333
934 934 -0.200000
935 935 0.200000
936 936 -0.146667
937 937 -0.146667
938 938 0.013333
939 939 -0.066667
940 940 0.200000
941 941 -0.093333
942 942 -0.120000
943 943 0.200000
944 944 0.200000
945 945 -0.200000
946 946 0.066667
947 947 -0.120000
948 948 -0.120000
949 949 0.120000
950 950 0.040000
951 951 -0.093333
952 952 0.013333
953 953 -0.120000
954 954 0.200000
955 955 -0.040000
956 956 0.013333
957 957 -0.093333
958 958 -0.093333
959 959 -0.146667
960 960 -0.120000
961 961 -0.040000
962 962 0.093333
963 963 -0.066667
964 964 -0.013333
965 965 0.013333
966 966 0.066667
967 967 0.146667
968 968 -0.093333
969 969 -0.200000
970 970 -0.093333
971 971 -0.120000
972 972 0.093333
973 973 0.093333
974 974 0.093333
975 975 0.120000
976 976 -0.066667
977 977 0.146667
978 978 -0.093333
979 979 0.093333
980 980 0.173333
981 981 0.040000
982 982 -0.013333
983 983 0.066667
984 984 0.093333
985 985 0.093333
986 986 0.093333
987 987 0.173333
988 988 0.040000
989 989 0.120000
990 990 -0.093333
991 991 0.040000
992 992 -0.013333
993 993 -0.040000
994 994 -0.013333
995 995 -0.200000
996 996 0.120000
997 997 0.040000
998 998 -0.146667
999 999 0.120000
1000 1000 -0.013333
1001 1001 -0.146667
1002 1002 -0.120000
1003 1003 -0.093333
1004 1004 -0.200000
1005 1005 0.066667
1006 1006 -0.120000
1007 1007 0.120000
1008 1008 -0.093333
1009 1009 0.120000
1010 1010 0.146667
1011 1011 0.093333
1012 1012 -0.093333
1013 1013 -0.173333
1014 1014 0.120000
1015 1015 0.120000
1016 1016 0.013333
1017 1017 -0.120000
1018 1018 0.013333
1019 1019 -0.200000
1020 1020 -0.013333
1021 1021 0.040000
1022 1022 0.146667
1023 1023 0.173333
1024 1024 0.013333
1025 1025 -0.200000
1026 1026 -0.066667
1027 1027 0.040000
1028 1028 0.146667
1029 1029 -0.146667
1030 1030 0.146667
1031 1031 -0.093333
1032 1032 0.013333
1033 1033 -0.120000
1034 1034 -0.173333
1035 1035 -0.173333
1036 1036 -0.066667
1037 1037 0.040000
1038 1038 0.200000
1039 1039 0.146667
1040 1040 0.093333
1041 1041 0.093333
1042 1042 -0.093333
1043 1043 -0.200000
1044 1044 0.066667
1045 1045 0.066667
1046 1046 -0.120000
1047 1047 0.013333
1048 1048 -0.066667
1049 1049 0.200000
1050 1050 -0.200000
1051 1051 -0.146667
1052 1052 -0.013333
1053 1053 -0.146667
1054 1054 0.146667
1055 1055 0.120000
1056 1056 0.173333
1057 1057 -0.066667
1058 1058 0.066667
1059 1059 0.066667
1060 1060 -0.093333
1061 1061 0.040000
1062 1062 0.173333
1063 1063 0.173333
1064 1064 -0.200000
1065 1065 0.200000
1066 1066 -0.120000
1067 1067 -0.093333
1068 1068 -0.173333
1069 1069 0.146667
1070 1070 0.066667
1071 1071 0.200000
1072 1072 0.040000
1073 1073 -0.093333
1074 1074 -0.146667
1075 1075 0.066667
1076 1076 0.173333
1077 1077 0.146667
1078 1078 0.200000
1079 1079 0.093333
1080 1080 -0.013333
1081 1081 0.200000
1082 1082 0.120000
1083 1083 -0.200000
1084 1084 -0.146667
1085 1085 0.066667
1086 1086 -0.146667
1087 1087 -0.200000
1088 1088 -0.066667
1089 1089 0.040000
1090 1090 0.066667
1091 1091 0.146667
1092 1092 -0.093333
1093 1093 0.093333
1094 1094 0.040000
1095 1095 0.146667
1096 1096 -0.173333
1097 1097 -0.173333
1098 1098 -0.040000
1099 1099 -0.013333
1100 1100 -0.066667
1101 1101 -0.173333
1102 1102 0.040000
1103 1103 -0.093333
1104 1104 -0.040000
1105 1105 0.146667
1106 1106 -0.093333
1107 1107 0.066667
1108 1108 0.040000
1109 1109 0.173333
1110 1110 -0.040000
1111 1111 0.040000
1112 1112 -0.040000
1113 1113 -0.040000
1114 1114 0.040000
1115 1115 -0.200000
1116 1116 -0.066667
1117 1117 0.120000
1118 1118 0.120000
1119 1119 0.093333
1120 1120 -0.200000
1121 1121 0.200000
1122 1122 0.013333
1123 1123 0.093333
1124 1124 -0.066667
1125 1125 0.200000
1126 1126 -0.200000
1127 1127 0.173333
1128 1128 0.093333
1129 1129 -0.013333
1130 1130 -0.146667
1131 1131 -0.200000
1132 1132 0.093333
1133 1133 -0.093333
1134 1134 0.173333
1135 1135 -0.200000
1136 1136 0.200000
1137 1137 0.040000
1138 1138 0.120000
1139 1139 -0.066667
1140 1140 0.040000
1141 1141 -0.146667
1142 1142 0.200000
1143 1143 -0.120000
1144 1144 -0.093333
1145 1145 -0.093333
1146 1146 0.120000
1147 1147 0.040000
1148 1148 0.120000
1149 1149 0.146667
1150 1150 0.093333
1151 1151 -0.013333
1152 1152 -0.200000
1 5 -0.600000
1 6 0.066667
1 7 -0.733333
1 8 -0.733333
1 97 -0.200000
2 5 0.600000
2 6 0.466667
2 7 0.866667
2 8 -0.066667
2 98 0.066667
3 5 0.200000
3 6 0.200000
3 7 0.466667
3 8 0.333333
3 99 0.066667
4 5 0.733333
4 6 0.600000
4 7 0.866667
4 8 0.466667
4 100 0.733333
5 13 -0.466667
6 14 -0.466667
7 15 0.200000
8 16 0.333333
9 13 -0.333333
9 14 -0.066667
9 15 -0.866667
9 16 -0.733333
9 105 -0.200000
10 13 0.333333
10 14 0.333333
10 15 -0.200000
10 16 0.600000
10 106 -1.000000
11 13 -0.066667
11 14 -0.066667
11 15 -0.333333
11 16 0.866667
11 107 -0.066667
12 13 0.866667
12 14 0.600000
12 15 0.866667
12 16 -0.866667
12 108 -1.000000
13 21 -0.600000
14 22 -0.466667
15 23 -0.733333
16 24 -0.333333
17 21 0.200000
17 22 0.866667
17 23 -0.733333
17 24 0.066667
17 113 0.733333
18 21 0.333333
18 22 0.333333
18 23 -0.866667
18 24 -0.466667
18 114 0.200000
19 21 -0.733333
19 22 1.000000
19 23 -0.733333
19 24 0.600000
19 115 -0.600000
20 21 -1.000000
20 22 0.466667
20 23 0.466667
20 24 0.333333
20 116 0.200000
21 29 -0.333333
22 30 -0.733333
23 31 1.000000
24 32 -0.733333
25 29 0.733333
25 30 0.066667
25 31 0.200000
25 32 -1.000000
25 121 0.733333
26 29 -0.600000
26 30 0.066667
26 31 0.066667
26 32 0.333333
26 122 0.733333
27 29 -0.066667
27 30 -0.866667
27 31 -0.066667
27 32 -0.866667
27 123 -0.600000
28 29 0.466667
28 30 0.466667
28 31 1.000000
28 32 -1.000000
28 124 -1.000000
29 37 0.733333
30 38 1.000000
31 39 -0.333333
32 40 0.600000
33 37 0.333333
33 38 0.066667
33 39 1.000000
33 40 0.066667
33 129 -0.066667
34 37 -0.733333
34 38 -0.733333
34 39 -0.200000
34 40 0.733333
34 130 1.000000
35 37 0.200000
35 38 -0.066667
35 39 -0.200000
35 40 -0.733333
35 131 0.200000
36 37 0.200000
36 38 0.333333
36 39 -0.333333
36 40 0.733333
36 132 -0.466667
37 45 -0.466667
38 46 -0.466667
39 47 1.000000
40 48 -1.000000
41 45 0.866667
41 46 0.200000
41 47 -0.066667
41 48 0.333333
41 137 -1.000000
42 45 -1.666667
42 46 0.466667
42 47 -0.600000
42 48 -0.333333
42 138 -0.733333
43 45 0.333333
43 46 -0.333333
43 47 -0.733333
43 48 -0.466667
43 139 -0.066667
44 45 0.200000
44 46 0.733333
44 47 -0.066667
44 48 0.733333
44 140 -0.333333
45 53 0.733333
46 54 -0.200000
47 55 0.600000
48 56 0.600000
49 53 0.200000
49 54 -0.600000
49 55 0.600000
49 56 0.866667
49 145 0.866667
50 53 0.866667
50 54 0.066667
50 55 0.066667
50 56 -0.066667
50 146 0.866667
51 53 0.066667
51 54 -0.733333
51 55 -0.866667
51 56 -0.333333
51 147 -0.466667
52 53 -0.466667
52 54 -0.066667
52 55 0.866667
52 56 -0.333333
52 148 0.600000
53 61 -0.333333
54 62 0.600000
55 63 -0.066667
56 64 -3.666667
57 61 0.866667
57 62 -0.466667
57 63 0.600000
57 64 -0.333333
57 153 -0.333333
58 61 0.333333
58 62 0.333333
58 63 -0.333333
58 64 0.466667
58 154 -0.333333
59 61 0.333333
59 62 -0.866667
59 63 0.600000
59 64 -0.333333
59 155 -0.333333
60 61 -0.733333
60 62 -0.866667
60 63 1.000000
60 64 -0.466667
60 156 0.066667
61 69 1.000000
62 70 -0.866667
63 71 0.466667
64 72 0.866667
65 69 0.733333
65 70 1.000000
65 71 0.866667
65 72 -0.600000
65 161 -0.733333
66 69 -0.733333
66 70 -5.000000
66 71 0.200000
66 72 -1.000000
66 162 0.200000
67 69 -0.066667
67 70 -0.733333
67 71 0.733333
67 72 -0.066667
67 163 0.733333
68 69 -0.466667
68 70 1.000000
68 71 0.333333
68 72 -0.066667
68 164 -1.000000
69 77 0.066667
70 78 0.600000
71 79 -0.866667
72 80 0.200000
73 77 -0.466667
73 78 0.466667
73 79 0.866667
73 80 -0.066667
73 169 0.600000
74 77 0.733333
74 78 0.066667
74 79 -0.733333
74 80 -0.333333
74 170 -0.333333
75 77 -0.466667
75 78 0.333333
75 79 0.733333
75 80 -1.000000
75 171 0.866667
76 77 0.466667
76 78 0.333333
76 79 5.000000
76 80 0.333333
76 172 -0.600000
77 85 -0.333333
78 86 0.466667
79 87 5.000000
80 88 -0.866667
81 85 0.066667
81 86 -4.333333
81 87 0.333333
81 88 -0.733333
81 177 0.066667
82 85 0.733333
82 86 1.000000
82 87 0.200000
82 88 0.466667
82 178 0.733333
83 85 5.000000
83 86 0.333333
83 87 1.000000
83 88 0.466667
83 179 -0.466667
84 85 -0.066667
84 86 0.466667
84 87 -1.000000
84 88 0.866667
84 180 -0.600000
85 93 -0.066667
86 94 5.000000
87 95 3.666667
88 96 0.466667
89 93 1.000000
89 94 -1.000000
89 95 0.200000
89 96 0.733333
89 185 1.000000
90 93 -0.466667
90 94 0.466667
90 95 -3.000000
90 96 -0.466667
90 186 -0.866667
91 93 -0.066667
91 94 -0.600000
91 95 -0.733333
91 96 -1.000000
91 187 0.733333
92 93 -1.000000
92 94 0.333333
92 95 3.000000
92 96 0.866667
92 188 4.333333
97 101 0.333333
97 102 -0.200000
97 103 0.466667
97 104 0.866667
97 193 -1.000000
98 101 0.333333
98 102 -0.600000
98 103 0.333333
98 104 0.200000
98 194 -0.866667
99 101 0.466667
99 102 0.066667
99 103 0.066667
99 104 -0.200000
99 195 -1.000000
100 101 0.466667
100 102 -0.866667
100 103 -0.066667
100 104 0.866667
100 196 0.733333
101 109 -0.333333
102 110 0.066667
103 111 -1.000000
104 112 0.200000
105 109 -0.733333
105 110 1.000000
105 111 0.200000
105 112 -1.000000
105 201 -0.733333
106 109 0.733333
106 110 0.600000
106 111 0.200000
106 112 -0.866667
106 202 0.600000
107 109 -0.866667
107 110 0.733333
107 111 0.733333
107 112 1.000000
107 203 -0.866667
108 109 0.600000
108 110 -0.733333
108 111 0.200000
108 112 -1.000000
108 204 -0.466667
109 117 0.600000
110 118 0.066667
111 119 0.733333
112 120 -0.466667
113 117 -0.466667
113 118 -0.200000
113 119 -0.066667
113 120 -0.733333
113 209 0.466667
114 117 -0.466667
114 118 -0.600000
114 119 -0.466667
114 120 -0.466667
114 210 0.066667
115 117 -0.200000
115 118 0.200000
115 119 0.466667
115 120 -0.200000
115 211 -1.000000
116 117 -0.066667
116 118 0.333333
116 119 0.866667
116 120 4.333333
116 212 -5.000000
117 125 -0.866667
118 126 -0.333333
119 127 0.466667
120 128 5.000000
121 125 0.066667
121 126 -0.333333
121 127 -1.000000
121 128 1.000000
121 217 -0.066667
122 125 0.600000
122 126 -0.866667
122 127 -0.066667
122 128 0.333333
122 218 0.466667
123 125 -1.000000
123 126 -0.600000
123 127 -0.466667
123 128 1.000000
123 219 0.866667
124 125 0.733333
124 126 -1.000000
124 127 -0.733333
124 128 -5.000000
124 220 0.333333
125 133 -1.000000
126 134 -0.600000
127 135 0.200000
128 136 -0.200000
129 133 0.600000
129 134 0.466667
129 135 -0.600000
129 136 0.333333
129 225 -0.200000
130 133 0.866667
130 134 0.600000
130 135 0.600000
130 136 -0.733333
130 226 0.466667
131 133 0.066667
131 134 1.000000
131 135 0.066667
131 136 0.866667
131 227 -0.066667
132 133 0.466667
132 134 0.733333
132 135 -1.000000
132 136 0.200000
132 228 -0.733333
133 141 -1.000000
134 142 -0.200000
135 143 -0.333333
136 144 -0.600000
137 141 -0.333333
137 142 0.333333
137 143 -0.333333
137 144 0.600000
137 233 -1.000000
138 141 0.200000
138 142 -0.200000
138 143 -0.066667
138 144 0.066667
138 234 -0.333333
139 141 -0.466667
139 142 -0.333333
139 143 0.333333
139 144 -0.466667
139 235 0.466667
140 141 1.000000
140 142 0.066667
140 143 -0.600000
140 144 0.466667
140 236 0.066667
141 149 0.066667
142 150 -0.866667
143 151 0.600000
144 152 0.066667
145 149 0.333333
145 150 -1.000000
145 151 -0.333333
145 152 -1.000000
145 241 -0.733333
146 149 -0.733333
146 150 -0.600000
146 151 -0.333333
146 152 -0.333333
146 242 -0.733333
147 149 0.200000
147 150 -0.333333
147 151 0.333333
147 152 0.600000
147 243 -0.733333
148 149 0.600000
148 150 -0.733333
148 151 -0.066667
148 152 1.000000
148 244 -0.333333
149 157 0.600000
150 158 -1.000000
151 159 -1.000000
152 160 -0.333333
153 157 1.000000
153 158 0.866667
153 159 -0.200000
153 160 0.866667
153 249 -1.000000
154 157 -0.866667
154 158 -0.333333
154 159 0.600000
154 160 0.600000
154 250 -0.200000
155 157 0.733333
155 158 -1.000000
155 159 0.866667
155 160 0.466667
155 251 -0.466667
156 157 0.466667
156 158 -0.866667
156 159 1.000000
156 160 0.733333
156 252 0.600000
157 165 0.200000
158 166 -0.066667
159 167 0.200000
160 168 1.000000
161 165 0.333333
161 166 1.000000
161 167 0.200000
161 168 -0.466667
161 257 0.600000
162 165 -0.466667
162 166 -1.000000
162 167 0.866667
162 168 0.600000
162 258 0.733333
163 165 0.466667
163 166 0.466667
163 167 0.200000
163 168 0.866667
163 259 0.866667
164 165 -0.066667
164 166 -0.333333
164 167 -0.866667
164 168 -0.333333
164 260 1.000000
165 173 0.066667
166 174 -0.200000
167 175 -0.333333
168 176 1.000000
169 173 0.600000
169 174 0.866667
169 175 0.600000
169 176 0.600000
169 265 -1.000000
170 173 0.466667
170 174 0.200000
170 175 -0.600000
170 176 -0.066667
170 266 1.000000
171 173 0.733333
171 174 -1.000000
171 175 -0.066667
171 176 0.333333
171 267 0.600000
172 173 -0.733333
172 174 -0.866667
172 175 -0.333333
172 176 -0.866667
172 268 -5.000000
173 181 0.200000
174 182 -0.733333
175 183 -0.066667
176 184 -0.333333
177 181 0.866667
177 182 -0.066667
177 183 0.466667
177 184 0.066667
177 273 -0.733333
178 181 -0.733333
178 182 1.000000
178 183 -1.000000
178 184 -1.000000
178 274 1.000000
179 181 -0.733333
179 182 0.333333
179 183 0.066667
179 184 0.200000
179 275 0.733333
180 181 -0.066667
180 182 -0.733333
180 183 0.200000
180 184 -0.733333
180 276 -1.000000
181 189 -0.066667
182 190 -0.466667
183 191 -0.866667
184 192 -0.333333
185 189 -0.333333
185 190 0.733333
185 191 -0.333333
185 192 -0.066667
185 281 -5.000000
186 189 0.066667
186 190 -0.333333
186 191 -0.200000
186 192 0.733333
186 282 0.466667
187 189 0.066667
187 190 -0.866667
187 191 0.600000
187 192 -0.600000
187 283 -0.600000
188 189 0.466667
188 190 1.000000
188 191 0.466667
188 192 -0.866667
188 284 -1.000000
193 197 0.466667
193 198 0.066667
193 199 -0.066667
193 200 -0.466667
193 289 -1.000000
194 197 0.200000
194 198 0.466667
194 199 0.466667
194 200 0.600000
194 290 0.200000
195 197 1.000000
195 198 1.000000
195 199 0.333333
195 200 1.000000
195 291 -3.666667
196 197 0.866667
196 198 0.466667
196 199 -0.066667
196 200 0.466667
196 292 -0.200000
197 205 1.000000
198 206 0.733333
199 207 1.000000
200 208 -0.466667
201 205 0.066667
201 206 1.000000
201 207 0.466667
201 208 0.466667
201 297 0.466667
202 205 -0.600000
202 206 0.333333
202 207 -0.866667
202 208 0.600000
202 298 -0.600000
203 205 0.866667
203 206 -0.733333
203 207 0.600000
203 208 0.866667
203 299 0.066667
204 205 -0.066667
204 206 -0.066667
204 207 0.466667
204 208 -0.066667
204 300 0.466667
205 213 0.600000
206 214 -0.333333
207 215 0.200000
208 216 -0.200000
209 213 -0.333333
209 214 0.466667
209 215 -0.466667
209 216 0.200000
209 305 -0.866667
210 213 0.333333
210 214 -0.866667
210 215 0.333333
210 216 -2.333333
210 306 0.200000
211 213 -0.733333
211 214 -0.866667
211 215 0.066667
211 216 0.866667
211 307 -0.333333
212 213 0.733333
212 214 -0.333333
212 215 -0.866667
212 216 -2.333333
212 308 -1.000000
213 221 -0.066667
214 222 0.600000
215 223 -0.066667
216 224 0.466667
217 221 -0.333333
217 222 0.600000
217 223 0.066667
217 224 0.600000
217 313 -0.600000
218 221 0.066667
218 222 0.200000
218 223 -0.600000
218 224 0.066667
218 314 0.866667
219 221 0.200000
219 222 0.600000
219 223 0.466667
219 224 0.333333
219 315 1.000000
220 221 0.200000
220 222 -0.600000
220 223 0.866667
220 224 4.333333
220 316 -0.200000
221 229 -0.600000
222 230 -0.466667
223 231 -0.200000
224 232 -0.600000
225 229 -0.200000
225 230 0.866667
225 231 -0.066667
225 232 1.000000
225 321 -1.000000
226 229 0.733333
226 230 0.200000
226 231 1.000000
226 232 -0.466667
226 322 -0.066667
227 229 -0.600000
227 230 0.333333
227 231 -0.600000
227 232 0.466667
227 323 0.333333
228 229 0.600000
228 230 -0.866667
228 231 -0.200000
228 232 0.600000
228 324 0.066667
229 237 0.466667
230 238 -0.866667
231 239 0.466667
232 240 0.866667
233 237 -0.066667
233 238 0.600000
233 239 -1.000000
233 240 0.333333
233 329 0.466667
234 237 0.200000
234 238 -0.866667
234 239 0.333333
234 240 0.866667
234 330 0.466667
235 237 0.200000
235 238 0.866667
235 239 -0.066667
235 240 -0.466667
235 331 -0.066667
236 237 0.066667
236 238 -0.600000
236 239 0.866667
236 240 -0.066667
236 332 -0.600000
237 245 -0.066667
238 246 -0.333333
239 247 -0.866667
240 248 -0.066667
241 245 1.000000
241 246 1.000000
241 247 0.600000
241 248 0.866667
241 337 1.000000
242 245 -0.200000
242 246 0.866667
242 247 0.600000
242 248 -0.866667
242 338 0.333333
243 245 0.600000
243 246 -0.466667
243 247 -0.866667
243 248 -0.200000
243 339 -0.466667
244 245 0.733333
244 246 -0.866667
244 247 0.466667
244 248 0.466667
244 340 -0.733333
245 253 -0.333333
246 254 0.333333
247 255 -0.600000
248 256 -0.066667
249 253 0.066667
249 254 -0.200000
249 255 -0.066667
249 256 -0.600000
249 345 -0.866667
250 253 0.333333
250 254 1.000000
250 255 -0.866667
250 256 0.200000
250 346 -1.000000
251 253 0.466667
251 254 0.066667
251 255 -0.066667
251 256 -0.200000
251 347 0.200000
252 253 0.066667
252 254 0.066667
252 255 -0.600000
252 256 -0.466667
252 348 -0.200000
253 261 0.600000
254 262 0.333333
255 263 0.066667
256 264 -1.000000
257 261 0.866667
257 262 0.333333
257 263 -0.200000
257 264 0.733333
257 353 1.000000
258 261 0.466667
258 262 -1.000000
258 263 0.333333
258 264 0.733333
258 354 -0.466667
259 261 0.333333
259 262 -0.200000
259 263 0.333333
259 264 0.866667
259 355 0.466667
260 261 0.866667
260 262 -0.733333
260 263 -0.733333
260 264 1.000000
260 356 1.000000
261 269 -0.333333
262 270 -1.000000
263 271 -0.200000
264 272 -0.333333
265 269 0.600000
265 270 0.066667
265 271 0.333333
265 272 -1.000000
265 361 -0.333333
266 269 -0.866667
266 270 -0.066667
266 271 -4.333333
266 272 0.333333
266 362 0.733333
267 269 -0.466667
267 270 -0.733333
267 271 -0.200000
267 272 -0.733333
267 363 -1.000000
268 269 0.066667
268 270 0.600000
268 271 -4.333333
268 272 5.000000
268 364 -0.333333
269 277 -0.466667
270 278 1.000000
271 279 -3.666667
272 280 0.866667
273 277 0.600000
273 278 -0.066667
273 279 0.066667
273 280 0.066667
273 369 -0.466667
274 277 -0.333333
274 278 0.066667
274 279 0.866667
274 280 -0.600000
274 370 0.466667
275 277 -1.000000
275 278 -0.866667
275 279 0.733333
275 280 1.000000
275 371 -0.466667
276 277 -0.200000
276 278 0.866667
276 279 -0.600000
276 280 0.200000
276 372 -0.866667
277 285 0.333333
278 286 -0.200000
279 287 -0.066667
280 288 0.200000
281 285 -0.333333
281 286 0.333333
281 287 1.666667
281 288 -0.066667
281 377 2.333333
282 285 0.466667
282 286 -0.066667
282 287 -0.066667
282 288 0.600000
282 378 -0.600000
283 285 0.733333
283 286 0.200000
283 287 0.466667
283 288 0.066667
283 379 -0.200000
284 285 -0.200000
284 286 0.066667
284 287 0.466667
284 288 0.866667
284 380 0.733333
289 293 -0.600000
289 294 -0.466667
289 295 0.733333
289 296 0.066667
289 385 0.600000
290 293 -4.333333
290 294 0.600000
290 295 0.600000
290 296 0.333333
290 386 -4.333333
291 293 3.666667
291 294 -0.466667
291 295 0.600000
291 296 -0.333333
291 387 -0.600000
292 293 -0.866667
292 294 -0.200000
292 295 0.200000
292 296 0.866667
292 388 -0.333333
293 301 0.866667
294 302 -1.000000
295 303 0.066667
296 304 -0.600000
297 301 -0.466667
297 302 -0.200000
297 303 -1.000000
297 304 -0.600000
297 393 1.000000
298 301 0.600000
298 302 0.333333
298 303 1.000000
298 304 -0.466667
298 394 0.733333
299 301 -0.333333
299 302 -0.733333
299 303 -0.200000
299 304 0.066667
299 395 0.733333
300 301 -0.600000
300 302 -0.200000
300 303 0.733333
300 304 -1.000000
300 396 -0.866667
301 309 -0.733333
302 310 -0.066667
303 311 -0.733333
304 312 -0.600000
305 309 -0.600000
305 310 0.066667
305 311 -0.333333
305 312 -0.733333
305 401 0.066667
306 309 -0.066667
306 310 0.200000
306 311 -0.866667
306 312 0.333333
306 402 -0.333333
307 309 -0.733333
307 310 0.066667
307 311 0.333333
307 312 0.466667
307 403 -0.733333
308 309 -0.466667
308 310 1.000000
308 311 0.466667
308 312 1.000000
308 404 -0.733333
309 317 -0.200000
310 318 0.333333
311 319 0.333333
312 320 -0.333333
313 317 0.466667
313 318 0.733333
313 319 0.600000
313 320 -0.600000
313 409 0.866667
314 317 -1.000000
314 318 0.733333
314 319 1.000000
314 320 -2.333333
314 410 -1.000000
315 317 -0.866667
315 318 -1.000000
315 319 -0.333333
315 320 -0.733333
315 411 -0.333333
316 317 -1.000000
316 318 0.066667
316 319 -0.333333
316 320 -0.333333
316 412 -0.200000
317 325 -0.200000
318 326 -0.866667
319 327 -0.066667
320 328 -0.600000
321 325 -0.600000
321 326 0.733333
321 327 -0.466667
321 328 0.066667
321 417 -1.000000
322 325 0.466667
322 326 -1.000000
322 327 0.333333
322 328 0.466667
322 418 0.466667
323 325 -0.866667
323 326 -0.066667
323 327 -0.066667
323 328 1.000000
323 419 0.333333
324 325 -0.466667
324 326 -0.200000
324 327 1.000000
324 328 -0.333333
324 420 -0.733333
325 333 -0.200000
326 334 -0.733333
327 335 -0.200000
328 336 -1.000000
329 333 0.066667
329 334 1.000000
329 335 0.866667
329 336 0.733333
329 425 0.466667
330 333 -0.866667
330 334 -0.066667
330 335 3.000000
330 336 0.866667
330 426 5.000000
331 333 0.333333
331 334 -0.866667
331 335 0.866667
331 336 -0.466667
331 427 0.200000
332 333 -0.200000
332 334 1.000000
332 335 -0.866667
332 336 0.066667
332 428 -1.666667
333 341 -0.600000
334 342 0.333333
335 343 0.333333
336 344 -0.333333
337 341 -0.466667
337 342 -5.000000
337 343 -0.333333
337 344 -0.866667
337 433 0.333333
338 341 0.333333
338 342 -0.733333
338 343 -0.733333
338 344 -0.200000
338 434 0.733333
339 341 0.733333
339 342 0.333333
339 343 0.066667
339 344 -0.333333
339 435 -0.600000
340 341 0.200000
340 342 0.466667
340 343 0.333333
340 344 0.600000
340 436 0.333333
341 349 -0.866667
342 350 -0.733333
343 351 -0.333333
344 352 -0.066667
345 349 0.333333
345 350 -0.066667
345 351 -0.200000
345 352 0.200000
345 441 -1.000000
346 349 0.733333
346 350 -0.200000
346 351 0.200000
346 352 -0.466667
346 442 -0.066667
347 349 -1.000000
347 350 0.066667
347 351 -0.066667
347 352 0.200000
347 443 0.733333
348 349 0.600000
348 350 1.000000
348 351 0.200000
348 352 -0.866667
348 444 -0.466667
349 357 0.866667
350 358 -0.333333
351 359 0.066667
352 360 -0.466667
353 357 0.466667
353 358 0.733333
353 359 0.733333
353 360 0.200000
353 449 0.066667
354 357 0.866667
354 358 0.600000
354 359 0.866667
354 360 -0.600000
354 450 0.200000
355 357 -0.600000
355 358 -0.333333
355 359 1.000000
355 360 0.733333
355 451 0.600000
356 357 -1.000000
356 358 -0.066667
356 359 1.000000
356 360 0.466667
356 452 -0.066667
357 365 -0.066667
358 366 -0.466667
359 367 -0.866667
360 368 -0.333333
361 365 -1.000000
361 366 0.866667
361 367 3.000000
361 368 -0.066667
361 457 1.666667
362 365 1.000000
362 366 1.000000
362 367 -0.600000
362 368 -0.466667
362 458 -0.066667
363 365 0.600000
363 366 1.000000
363 367 0.066667
363 368 0.866667
363 459 0.733333
364 365 -0.200000
364 366 -0.066667
364 367 -0.333333
364 368 0.066667
364 460 -1.000000
365 373 0.200000
366 374 -0.066667
367 375 -1.666667
368 376 -0.600000
369 373 -0.466667
369 374 0.600000
369 375 -0.333333
369 376 -0.733333
369 465 -0.200000
370 373 0.466667
370 374 1.000000
370 375 3.000000
370 376 0.866667
370 466 0.466667
371 373 0.866667
371 374 -0.733333
371 375 -3.666667
371 376 -0.200000
371 467 -5.000000
372 373 0.600000
372 374 -0.200000
372 375 -0.866667
372 376 -0.600000
372 468 0.733333
373 381 0.200000
374 382 -0.733333
375 383 -3.666667
376 384 -0.333333
377 381 -0.466667
377 382 0.200000
377 383 -1.000000
377 384 0.600000
377 473 -0.466667
378 381 0.733333
378 382 -0.733333
378 383 2.333333
378 384 0.066667
378 474 5.000000
379 381 0.733333
379 382 -0.733333
379 383 0.200000
379 384 -1.000000
379 475 -0.066667
380 381 -0.466667
380 382 -0.866667
380 383 -0.866667
380 384 0.733333
380 476 0.600000
385 389 -3.000000
385 390 -0.733333
385 391 3.000000
385 392 0.066667
385 481 0.733333
386 389 -0.066667
386 390 4.333333
386 391 3.666667
386 392 -3.000000
386 482 -0.466667
387 389 0.733333
387 390 -0.333333
387 391 0.200000
387 392 -0.066667
387 483 -0.066667
388 389 -0.200000
388 390 0.866667
388 391 1.000000
388 392 1.000000
388 484 -0.866667
389 397 1.000000
390 398 -1.666667
391 399 -0.333333
392 400 0.466667
393 397 0.466667
393 398 4.333333
393 399 0.200000
393 400 0.600000
393 489 -0.200000
394 397 -0.200000
394 398 -2.333333
394 399 0.866667
394 400 -1.000000
394 490 -0.466667
395 397 0.333333
395 398 -0.866667
395 399 0.333333
395 400 -0.600000
395 491 -0.066667
396 397 0.200000
396 398 0.200000
396 399 0.466667
396 400 0.866667
396 492 -0.866667
397 405 1.000000
398 406 1.000000
399 407 0.466667
400 408 -0.866667
401 405 0.200000
401 406 -0.866667
401 407 0.866667
401 408 -0.466667
401 497 0.066667
402 405 -0.200000
402 406 -0.466667
402 407 0.733333
402 408 -0.600000
402 498 0.333333
403 405 0.066667
403 406 -0.066667
403 407 -0.333333
403 408 -0.733333
403 499 -0.866667
404 405 -0.600000
404 406 0.333333
404 407 0.866667
404 408 -0.200000
404 500 0.200000
405 413 0.466667
406 414 -1.000000
407 415 -0.466667
408 416 -0.866667
409 413 -0.733333
409 414 -0.066667
409 415 1.000000
409 416 -0.200000
409 505 -0.600000
410 413 0.333333
410 414 -0.066667
410 415 0.866667
410 416 0.333333
410 506 -0.733333
411 413 -0.600000
411 414 -0.466667
411 415 -0.466667
411 416 -0.466667
411 507 3.666667
412 413 -0.733333
412 414 -0.333333
412 415 -0.866667
412 416 -0.600000
412 508 0.466667
413 421 4.333333
414 422 0.600000
415 423 0.333333
416 424 3.000000
417 421 -0.200000
417 422 0.733333
417 423 -0.600000
417 424 0.733333
417 513 -0.066667
418 421 -0.466667
418 422 -0.600000
418 423 -0.466667
418 424 -0.200000
418 514 -0.733333
419 421 0.733333
419 422 0.200000
419 423 0.866667
419 424 1.000000
419 515 0.466667
420 421 -1.000000
420 422 -0.066667
420 423 -0.066667
420 424 -0.466667
420 516 -1.000000
421 429 0.066667
422 430 0.733333
423 431 0.600000
424 432 5.000000
425 429 -0.466667
425 430 0.866667
425 431 0.333333
425 432 0.866667
425 521 0.600000
426 429 -3.666667
426 430 0.600000
426 431 0.600000
426 432 1.666667
426 522 -0.066667
427 429 0.333333
427 430 -0.466667
427 431 -0.733333
427 432 0.066667
427 523 1.000000
428 429 3.000000
428 430 -0.866667
428 431 -2.333333
428 432 -4.333333
428 524 0.466667
429 437 -0.333333
430 438 0.733333
431 439 -1.000000
432 440 -0.333333
433 437 -0.333333
433 438 0.733333
433 439 -0.333333
433 440 -0.066667
433 529 -0.066667
434 437 -1.000000
434 438 0.200000
434 439 1.666667
434 440 1.000000
434 530 -0.066667
435 437 -0.333333
435 438 0.466667
435 439 -0.333333
435 440 0.066667
435 531 -1.000000
436 437 -3.000000
436 438 0.466667
436 439 -0.600000
436 440 -0.866667
436 532 -0.733333
437 445 0.600000
438 446 -0.733333
439 447 0.866667
440 448 -3.000000
441 445 -0.066667
441 446 -0.466667
441 447 -0.866667
441 448 1.000000
441 537 -0.733333
442 445 0.333333
442 446 0.866667
442 447 -0.466667
442 448 0.733333
442 538 0.866667
443 445 -0.600000
443 446 1.000000
443 447 -0.066667
443 448 1.000000
443 539 -0.866667
444 445 -0.866667
444 446 0.866667
444 447 0.200000
444 448 -0.466667
444 540 1.000000
445 453 -0.600000
446 454 0.866667
447 455 -0.600000
448 456 -1.666667
449 453 0.200000
449 454 0.200000
449 455 -0.466667
449 456 -0.600000
449 545 0.866667
450 453 0.733333
450 454 -3.666667
450 455 0.200000
450 456 0.333333
450 546 1.000000
451 453 -0.600000
451 454 0.333333
451 455 -0.466667
451 456 -0.866667
451 547 3.666667
452 453 -0.066667
452 454 -1.000000
452 455 -0.466667
452 456 1.000000
452 548 0.200000
453 461 1.666667
454 462 -1.666667
455 463 0.733333
456 464 -0.333333
457 461 -1.000000
457 462 -0.733333
457 463 -1.000000
457 464 1.000000
457 553 1.666667
458 461 0.066667
458 462 0.466667
458 463 0.466667
458 464 -0.466667
458 554 -0.200000
459 461 -5.000000
459 462 3.666667
459 463 -3.000000
459 464 -0.600000
459 555 -0.733333
460 461 0.733333
460 462 0.600000
460 463 -1.666667
460 464 -5.000000
460 556 -0.200000
461 469 0.866667
462 470 3.666667
463 471 4.333333
464 472 -3.000000
465 469 0.333333
465 470 0.200000
465 471 -4.333333
465 472 -0.066667
465 561 -1.000000
466 469 -0.466667
466 470 -0.600000
466 471 0.333333
466 472 -0.333333
466 562 -0.333333
467 469 0.733333
467 470 3.000000
467 471 0.466667
467 472 -0.600000
467 563 1.000000
468 469 1.000000
468 470 -0.066667
468 471 -0.733333
468 472 0.200000
468 564 0.200000
469 477 -0.333333
470 478 -0.333333
471 479 -0.333333
472 480 -5.000000
473 477 -0.600000
473 478 1.000000
473 479 1.000000
473 480 0.733333
473 569 0.466667
474 477 0.866667
474 478 0.333333
474 479 0.066667
474 480 0.733333
474 570 0.066667
475 477 0.333333
475 478 -0.733333
475 479 -2.333333
475 480 -0.866667
475 571 -0.333333
476 477 0.066667
476 478 0.333333
476 479 -3.666667
476 480 -0.866667
476 572 -0.066667
481 485 1.000000
481 486 -0.200000
481 487 0.333333
481 488 -0.466667
481 577 0.733333
482 485 0.333333
482 486 -0.066667
482 487 -0.600000
482 488 -0.466667
482 578 0.333333
483 485 0.333333
483 486 -1.000000
483 487 0.333333
483 488 0.466667
483 579 -0.066667
484 485 -1.000000
484 486 -0.866667
484 487 0.466667
484 488 0.466667
484 580 0.333333
485 493 0.600000
486 494 -0.200000
487 495 -0.600000
488 496 -0.200000
489 493 0.600000
489 494 -0.600000
489 495 0.733333
489 496 0.333333
489 585 0.200000
490 493 -0.733333
490 494 -0.333333
490 495 0.600000
490 496 -0.866667
490 586 0.866667
491 493 0.466667
491 494 -0.733333
491 495 0.733333
491 496 0.200000
491 587 0.333333
492 493 -0.066667
492 494 0.733333
492 495 -0.200000
492 496 -1.000000
492 588 1.000000
493 501 1.000000
494 502 -0.466667
495 503 0.733333
496 504 -1.000000
497 501 -1.000000
497 502 -0.200000
497 503 -0.466667
497 504 0.200000
497 593 -0.733333
498 501 -1.000000
498 502 0.200000
498 503 0.866667
498 504 -0.600000
498 594 0.333333
499 501 0.866667
499 502 0.200000
499 503 0.866667
499 504 0.066667
499 595 -0.333333
500 501 0.866667
500 502 -1.000000
500 503 -0.200000
500 504 0.600000
500 596 -0.333333
501 509 -1.000000
502 510 0.333333
503 511 -0.066667
504 512 -0.333333
505 509 -0.200000
505 510 0.733333
505 511 -0.733333
505 512 -0.600000
505 601 -0.733333
506 509 0.066667
506 510 0.066667
506 511 -0.466667
506 512 0.466667
506 602 -0.866667
507 509 0.333333
507 510 0.733333
507 511 -0.200000
507 512 -3.000000
507 603 -0.466667
508 509 0.733333
508 510 0.866667
508 511 0.733333
508 512 0.333333
508 604 0.600000
509 517 0.066667
510 518 0.733333
511 519 0.200000
512 520 -0.733333
513 517 -0.600000
513 518 -0.466667
513 519 -1.000000
513 520 0.200000
513 609 -0.200000
514 517 -1.000000
514 518 3.666667
514 519 0.866667
514 520 0.733333
514 610 -3.666667
515 517 0.866667
515 518 0.733333
515 519 -0.066667
515 520 0.600000
515 611 0.866667
516 517 -0.466667
516 518 -0.200000
516 519 0.333333
516 520 -0.466667
516 612 -0.866667
517 525 0.866667
518 526 0.333333
519 527 5.000000
520 528 0.600000
521 525 0.333333
521 526 0.200000
521 527 1.666667
521 528 3.666667
521 617 1.000000
522 525 -0.200000
522 526 0.333333
522 527 0.200000
522 528 0.066667
522 618 -0.200000
523 525 -0.866667
523 526 0.466667
523 527 0.466667
523 528 0.733333
523 619 -0.466667
524 525 0.733333
524 526 -0.600000
524 527 -0.600000
524 528 -0.066667
524 620 -1.000000
525 533 0.600000
526 534 -1.000000
527 535 -4.333333
528 536 3.666667
529 533 -3.000000
529 534 -0.200000
529 535 1.000000
529 536 0.866667
529 625 -3.000000
530 533 0.866667
530 534 0.466667
530 535 -1.666667
530 536 0.333333
530 626 -4.333333
531 533 1.000000
531 534 -0.466667
531 535 -1.000000
531 536 0.066667
531 627 -0.066667
532 533 0.333333
532 534 1.000000
532 535 3.666667
532 536 -0.866667
532 628 0.733333
533 541 4.333333
534 542 0.866667
535 543 -1.666667
536 544 -0.200000
537 541 0.466667
537 542 -0.866667
537 543 -0.466667
537 544 0.733333
537 633 0.066667
538 541 -0.066667
538 542 -0.333333
538 543 -0.600000
538 544 0.200000
538 634 0.466667
539 541 -0.733333
539 542 -0.333333
539 543 -0.600000
539 544 0.600000
539 635 0.333333
540 541 0.200000
540 542 -0.866667
540 543 -0.600000
540 544 0.866667
540 636 0.066667
541 549 -0.466667
542 550 -0.600000
543 551 0.866667
544 552 0.866667
545 549 0.066667
545 550 -0.733333
545 551 0.066667
545 552 5.000000
545 641 0.333333
546 549 -0.333333
546 550 -2.333333
546 551 0.333333
546 552 -1.000000
546 642 0.600000
547 549 -0.333333
547 550 -1.000000
547 551 0.600000
547 552 2.333333
547 643 -0.200000
548 549 -0.600000
548 550 0.600000
548 551 -1.000000
548 552 0.200000
548 644 -0.333333
549 557 -0.866667
550 558 0.600000
551 559 0.466667
552 560 0.200000
553 557 -5.000000
553 558 0.600000
553 559 -0.333333
553 560 1.000000
553 649 3.666667
554 557 1.000000
554 558 0.333333
554 559 0.733333
554 560 -0.600000
554 650 0.066667
555 557 0.333333
555 558 1.000000
555 559 -0.200000
555 560 -0.866667
555 651 0.733333
556 557 1.000000
556 558 0.066667
556 559 1.000000
556 560 -0.733333
556 652 -0.600000
557 565 0.733333
558 566 0.333333
559 567 -0.200000
560 568 0.200000
561 565 -0.866667
561 566 0.066667
561 567 -0.333333
561 568 -0.466667
561 657 -0.333333
562 565 0.600000
562 566 0.200000
562 567 0.333333
562 568 -0.600000
562 658 -0.066667
563 565 5.000000
563 566 -0.200000
563 567 1.000000
563 568 -0.333333
563 659 3.666667
564 565 0.333333
564 566 -0.733333
564 567 -0.333333
564 568 -1.000000
564 660 0.733333
565 573 -0.066667
566 574 -0.200000
567 575 0.733333
568 576 0.600000
569 573 0.333333
569 574 3.000000
569 575 0.733333
569 576 -0.600000
569 665 -0.466667
570 573 -0.466667
570 574 0.200000
570 575 0.200000
570 576 -0.200000
570 666 5.000000
571 573 -0.466667
571 574 0.466667
571 575 -0.066667
571 576 -0.066667
571 667 -0.466667
572 573 0.733333
572 574 -0.733333
572 575 0.466667
572 576 -0.866667
572 668 0.200000
577 581 -0.866667
577 582 0.466667
577 583 0.600000
577 584 0.466667
577 673 0.733333
578 581 0.333333
578 582 -0.866667
578 583 -0.466667
578 584 0.200000
578 674 -0.066667
579 581 2.333333
579 582 0.866667
579 583 -2.333333
579 584 0.333333
579 675 -1.000000
580 581 0.600000
580 582 -0.600000
580 583 -1.666667
580 584 1.000000
580 676 -0.333333
581 589 -0.333333
582 590 -0.200000
583 591 -0.333333
584 592 0.200000
585 589 0.466667
585 590 -0.466667
585 591 -0.866667
585 592 -0.066667
585 681 0.466667
586 589 0.333333
586 590 -1.000000
586 591 0.333333
586 592 0.866667
586 682 0.066667
587 589 -0.066667
587 590 -0.866667
587 591 -0.200000
587 592 -1.000000
587 683 -0.600000
588 589 4.333333
588 590 -0.066667
588 591 -1.000000
588 592 1.000000
588 684 0.600000
589 597 0.066667
590 598 0.333333
591 599 -1.000000
592 600 0.333333
593 597 -3.000000
593 598 0.200000
593 599 0.866667
593 600 -0.066667
593 689 -0.200000
594 597 -0.866667
594 598 0.733333
594 599 0.066667
594 600 -0.066667
594 690 0.466667
595 597 -0.066667
595 598 0.333333
595 599 0.600000
595 600 0.466667
595 691 -0.200000
596 597 -1.000000
596 598 -0.733333
596 599 1.000000
596 600 -0.466667
596 692 -0.600000
597 605 5.000000
598 606 -0.866667
599 607 -0.200000
600 608 0.200000
601 605 0.200000
601 606 0.466667
601 607 -0.733333
601 608 0.733333
601 697 0.466667
602 605 -0.866667
602 606 -1.000000
602 607 4.333333
602 608 -0.600000
602 698 -0.333333
603 605 -0.600000
603 606 1.000000
603 607 0.200000
603 608 1.000000
603 699 -0.733333
604 605 -0.333333
604 606 -0.333333
604 607 0.066667
604 608 -0.466667
604 700 -5.000000
605 613 -0.066667
606 614 -0.466667
607 615 0.600000
608 616 0.466667
609 613 -0.866667
609 614 -0.733333
609 615 -2.333333
609 616 0.333333
609 705 0.333333
610 613 0.866667
610 614 -0.066667
610 615 -1.000000
610 616 1.000000
610 706 -4.333333
611 613 -0.200000
611 614 1.000000
611 615 0.600000
611 616 1.000000
611 707 -0.333333
612 613 -0.466667
612 614 0.733333
612 615 -4.333333
612 616 1.000000
612 708 -0.733333
613 621 0.866667
614 622 0.733333
615 623 -0.866667
616 624 0.333333
617 621 -0.733333
617 622 0.466667
617 623 0.866667
617 624 -0.866667
617 713 -4.333333
618 621 0.733333
618 622 -0.066667
618 623 -0.466667
618 624 1.000000
618 714 -0.733333
619 621 0.200000
619 622 -0.600000
619 623 -0.333333
619 624 -0.333333
619 715 0.733333
620 621 0.733333
620 622 -0.866667
620 623 -0.466667
620 624 0.200000
620 716 -5.000000
621 629 -0.733333
622 630 1.000000
623 631 -0.866667
624 632 -0.200000
625 629 0.466667
625 630 -3.666667
625 631 -0.866667
625 632 3.666667
625 721 -0.733333
626 629 0.866667
626 630 -0.066667
626 631 -0.333333
626 632 0.466667
626 722 -0.066667
627 629 1.000000
627 630 -1.000000
627 631 5.000000
627 632 0.733333
627 723 -1.000000
628 629 -1.000000
628 630 -0.333333
628 631 4.333333
628 632 -0.600000
628 724 -0.866667
629 637 0.466667
630 638 -0.866667
631 639 -0.600000
632 640 -0.466667
633 637 -1.000000
633 638 0.200000
633 639 0.333333
633 640 0.200000
633 729 -0.333333
634 637 1.000000
634 638 0.066667
634 639 0.466667
634 640 0.733333
634 730 -0.600000
635 637 -0.600000
635 638 -0.733333
635 639 0.600000
635 640 0.733333
635 731 -0.466667
636 637 -0.066667
636 638 -0.200000
636 639 -0.333333
636 640 -0.600000
636 732 -0.200000
637 645 0.866667
638 646 -1.000000
639 647 0.866667
640 648 0.466667
641 645 -0.066667
641 646 -0.466667
641 647 0.333333
641 648 -0.066667
641 737 -0.200000
642 645 -0.466667
642 646 -1.000000
642 647 1.000000
642 648 0.733333
642 738 0.733333
643 645 0.066667
643 646 -1.000000
643 647 -0.066667
643 648 0.333333
643 739 0.466667
644 645 0.200000
644 646 0.466667
644 647 0.466667
644 648 -0.600000
644 740 -1.000000
645 653 0.600000
646 654 -0.333333
647 655 -1.000000
648 656 -0.466667
649 653 3.666667
649 654 0.600000
649 655 -0.066667
649 656 -1.000000
649 745 -1.000000
650 653 0.733333
650 654 -0.733333
650 655 0.866667
650 656 -1.000000
650 746 0.466667
651 653 1.000000
651 654 0.333333
651 655 1.000000
651 656 0.866667
651 747 0.600000
652 653 -0.866667
652 654 -0.466667
652 655 -0.733333
652 656 0.333333
652 748 -0.600000
653 661 -0.733333
654 662 -0.333333
655 663 0.200000
656 664 -0.733333
657 661 -0.200000
657 662 -0.200000
657 663 -1.666667
657 664 0.333333
657 753 0.600000
658 661 3.666667
658 662 -0.733333
658 663 -0.066667
658 664 -0.733333
658 754 -0.200000
659 661 -1.000000
659 662 1.000000
659 663 2.333333
659 664 -0.466667
659 755 0.866667
660 661 -0.466667
660 662 -0.066667
660 663 0.333333
660 664 0.200000
660 756 0.333333
661 669 -0.600000
662 670 0.066667
663 671 -0.866667
664 672 -0.066667
665 669 0.600000
665 670 -0.466667
665 671 -4.333333
665 672 2.333333
665 761 -0.733333
666 669 -1.000000
666 670 3.000000
666 671 1.000000
666 672 -2.333333
666 762 -0.200000
667 669 0.733333
667 670 -0.066667
667 671 -0.600000
667 672 -5.000000
667 763 4.333333
668 669 -0.466667
668 670 0.866667
668 671 0.466667
668 672 1.000000
668 764 4.333333
673 677 0.466667
673 678 -0.733333
673 679 0.333333
673 680 0.333333
673 769 0.066667
674 677 0.466667
674 678 0.866667
674 679 0.466667
674 680 0.733333
674 770 -0.466667
675 677 0.466667
675 678 1.000000
675 679 -0.066667
675 680 0.733333
675 771 1.000000
676 677 -0.866667
676 678 -0.466667
676 679 -0.066667
676 680 0.333333
676 772 -0.200000
677 685 0.466667
678 686 -0.600000
679 687 -0.466667
680 688 0.066667
681 685 0.200000
681 686 0.733333
681 687 0.733333
681 688 -0.333333
681 777 -0.733333
682 685 -1.000000
682 686 0.333333
682 687 -0.066667
682 688 -0.866667
682 778 1.000000
683 685 -0.600000
683 686 -2.333333
683 687 0.600000
683 688 0.200000
683 779 -0.200000
684 685 1.000000
684 686 1.666667
684 687 -0.733333
684 688 -0.866667
684 780 0.600000
685 693 0.866667
686 694 0.600000
687 695 0.200000
688 696 0.200000
689 693 0.600000
689 694 3.000000
689 695 -0.066667
689 696 0.600000
689 785 -0.600000
690 693 0.466667
690 694 0.600000
690 695 3.000000
690 696 0.866667
690 786 -0.200000
691 693 -0.733333
691 694 -0.333333
691 695 1.666667
691 696 3.000000
691 787 -0.466667
692 693 4.333333
692 694 0.466667
692 695 -0.333333
692 696 -1.666667
692 788 0.600000
693 701 -0.866667
694 702 -1.000000
695 703 -5.000000
696 704 1.000000
697 701 5.000000
697 702 -0.066667
697 703 0.733333
697 704 -5.000000
697 793 1.000000
698 701 0.066667
698 702 3.000000
698 703 0.200000
698 704 -0.733333
698 794 -3.000000
699 701 -3.000000
699 702 0.200000
699 703 0.866667
699 704 -1.000000
699 795 -0.866667
700 701 0.866667
700 702 2.333333
700 703 -0.733333
700 704 5.000000
700 796 0.200000
701 709 5.000000
702 710 -3.666667
703 711 1.000000
704 712 0.333333
705 709 -2.333333
705 710 -2.333333
705 711 -0.200000
705 712 0.066667
705 801 -0.333333
706 709 0.200000
706 710 0.466667
706 711 1.000000
706 712 -5.000000
706 802 -2.333333
707 709 -0.733333
707 710 -0.866667
707 711 -0.066667
707 712 0.200000
707 803 0.466667
708 709 1.000000
708 710 0.866667
708 711 1.000000
708 712 -2.333333
708 804 -0.333333
709 717 0.066667
710 718 -1.666667
711 719 -5.000000
712 720 -0.333333
713 717 -0.200000
713 718 3.000000
713 719 -1.666667
713 720 -0.600000
713 809 0.866667
714 717 -0.466667
714 718 -1.000000
714 719 -0.733333
714 720 0.733333
714 810 -0.333333
715 717 -0.866667
715 718 0.866667
715 719 0.466667
715 720 -0.866667
715 811 0.466667
716 717 0.333333
716 718 1.666667
716 719 0.466667
716 720 -5.000000
716 812 -0.866667
717 725 0.600000
718 726 -0.333333
719 727 1.000000
720 728 -1.000000
721 725 -0.066667
721 726 -1.000000
721 727 -0.066667
721 728 -0.733333
721 817 -0.466667
722 725 -1.000000
722 726 -0.866667
722 727 0.333333
722 728 -0.600000
722 818 -0.466667
723 725 0.733333
723 726 -0.466667
723 727 -0.866667
723 728 0.200000
723 819 0.200000
724 725 0.866667
724 726 0.733333
724 727 -0.066667
724 728 -0.333333
724 820 -1.000000
725 733 -0.733333
726 734 -0.066667
727 735 0.200000
728 736 0.066667
729 733 -0.733333
729 734 -0.200000
729 735 -0.466667
729 736 0.066667
729 825 -0.733333
730 733 0.466667
730 734 0.733333
730 735 0.333333
730 736 -0.200000
730 826 -0.466667
731 733 0.466667
731 734 0.333333
731 735 0.600000
731 736 0.733333
731 827 0.333333
732 733 0.866667
732 734 0.866667
732 735 -0.733333
732 736 1.000000
732 828 0.333333
733 741 -0.866667
734 742 0.200000
735 743 0.466667
736 744 0.466667
737 741 0.333333
737 742 0.866667
737 743 0.466667
737 744 -0.600000
737 833 -0.866667
738 741 -0.466667
738 742 0.066667
738 743 -0.066667
738 744 0.600000
738 834 0.200000
739 741 0.733333
739 742 -0.466667
739 743 0.200000
739 744 0.600000
739 835 0.600000
740 741 0.200000
740 742 0.466667
740 743 0.200000
740 744 0.866667
740 836 0.866667
741 749 -0.333333
742 750 0.600000
743 751 0.866667
744 752 0.333333
745 749 -1.000000
745 750 0.733333
745 751 -2.333333
745 752 1.000000
745 841 -0.466667
746 749 0.866667
746 750 -0.600000
746 751 0.333333
746 752 -1.000000
746 842 0.200000
747 749 0.866667
747 750 0.600000
747 751 -0.200000
747 752 -1.000000
747 843 -1.000000
748 749 0.466667
748 750 0.600000
748 751 0.733333
748 752 0.600000
748 844 -0.466667
749 757 -0.200000
750 758 0.200000
751 759 -0.066667
752 760 0.733333
753 757 -1.000000
753 758 -0.200000
753 759 -0.733333
753 760 0.066667
753 849 -0.866667
754 757 -0.866667
754 758 -0.200000
754 759 0.733333
754 760 0.466667
754 850 0.733333
755 757 -1.000000
755 758 -0.600000
755 759 -1.000000
755 760 -1.000000
755 851 -0.733333
756 757 0.733333
756 758 0.600000
756 759 0.600000
756 760 0.600000
756 852 0.333333
757 765 -0.866667
758 766 -0.066667
759 767 0.733333
760 768 -0.733333
761 765 0.866667
761 766 -0.066667
761 767 -0.733333
761 768 -0.866667
761 857 0.066667
762 765 0.200000
762 766 -2.333333
762 767 1.000000
762 768 0.600000
762 858 -0.733333
763 765 0.466667
763 766 4.333333
763 767 0.200000
763 768 1.666667
763 859 0.333333
764 765 0.466667
764 766 1.000000
764 767 -0.200000
764 768 0.200000
764 860 0.066667
769 773 -0.466667
769 774 -0.466667
769 775 1.000000
769 776 -0.066667
769 865 0.200000
770 773 -0.466667
770 774 0.600000
770 775 -0.600000
770 776 -0.466667
770 866 0.333333
771 773 0.066667
771 774 -0.466667
771 775 -0.866667
771 776 -1.000000
771 867 -0.200000
772 773 -0.200000
772 774 -0.733333
772 775 0.333333
772 776 -1.000000
772 868 0.200000
773 781 -0.200000
774 782 0.066667
775 783 -0.866667
776 784 -1.000000
777 781 -0.466667
777 782 0.866667
777 783 -0.733333
777 784 -0.333333
777 873 -0.066667
778 781 0.600000
778 782 0.733333
778 783 -1.000000
778 784 -0.333333
778 874 -0.733333
779 781 -0.466667
779 782 0.200000
779 783 -0.066667
779 784 -1.000000
779 875 0.866667
780 781 0.200000
780 782 0.333333
780 783 0.600000
780 784 1.000000
780 876 -0.333333
781 789 0.066667
782 790 0.866667
783 791 0.333333
784 792 0.866667
785 789 0.466667
785 790 -0.333333
785 791 0.066667
785 792 -0.466667
785 881 -0.066667
786 789 -0.466667
786 790 0.866667
786 791 -1.000000
786 792 5.000000
786 882 -1.666667
787 789 0.600000
787 790 1.000000
787 791 -0.200000
787 792 0.066667
787 883 -0.200000
788 789 1.666667
788 790 0.866667
788 791 3.000000
788 792 -5.000000
788 884 0.600000
789 797 -0.333333
790 798 0.333333
791 799 -0.866667
792 800 -2.333333
793 797 -0.466667
793 798 1.000000
793 799 -0.333333
793 800 -0.200000
793 889 -0.333333
794 797 0.866667
794 798 -0.600000
794 799 0.866667
794 800 0.466667
794 890 -0.200000
795 797 -1.000000
795 798 0.600000
795 799 -0.466667
795 800 -0.866667
795 891 -0.200000
796 797 -0.866667
796 798 0.200000
796 799 0.866667
796 800 0.333333
796 892 0.333333
797 805 -0.866667
798 806 -0.200000
799 807 -0.600000
800 808 -3.000000
801 805 0.200000
801 806 0.200000
801 807 0.466667
801 808 1.000000
801 897 -0.333333
802 805 0.600000
802 806 0.733333
802 807 -4.333333
802 808 -0.600000
802 898 -0.333333
803 805 -0.466667
803 806 0.200000
803 807 0.333333
803 808 1.000000
803 899 -0.466667
804 805 2.333333
804 806 1.000000
804 807 0.333333
804 808 3.666667
804 900 -2.333333
805 813 -0.466667
806 814 0.066667
807 815 -0.066667
808 816 -1.666667
809 813 0.333333
809 814 0.466667
809 815 -0.333333
809 816 0.200000
809 905 1.000000
810 813 -0.600000
810 814 0.333333
810 815 -0.733333
810 816 1.666667
810 906 0.466667
811 813 0.866667
811 814 0.466667
811 815 -0.066667
811 816 1.000000
811 907 1.000000
812 813 0.733333
812 814 0.733333
812 815 0.600000
812 816 -0.866667
812 908 -0.733333
813 821 -0.600000
814 822 -0.066667
815 823 -0.066667
816 824 0.333333
817 821 1.000000
817 822 -0.066667
817 823 -1.000000
817 824 -1.000000
817 913 -0.466667
818 821 0.866667
818 822 -0.466667
818 823 1.000000
818 824 0.066667
818 914 -0.733333
819 821 -0.466667
819 822 0.066667
819 823 -0.866667
819 824 -0.066667
819 915 0.866667
820 821 -0.466667
820 822 0.600000
820 823 0.466667
820 824 0.733333
820 916 3.000000
821 829 -1.000000
822 830 0.333333
823 831 -0.333333
824 832 -1.000000
825 829 -0.200000
825 830 0.733333
825 831 -4.333333
825 832 -1.000000
825 921 1.000000
826 829 -0.333333
826 830 0.200000
826 831 -0.333333
826 832 1.000000
826 922 1.000000
827 829 -0.733333
827 830 -1.000000
827 831 0.200000
827 832 1.000000
827 923 -0.733333
828 829 -1.000000
828 830 -0.466667
828 831 -0.733333
828 832 -0.866667
828 924 -1.000000
829 837 -0.333333
830 838 -0.600000
831 839 -0.066667
832 840 -0.200000
833 837 -0.333333
833 838 1.000000
833 839 -1.000000
833 840 4.333333
833 929 -0.866667
834 837 -0.866667
834 838 0.600000
834 839 -0.066667
834 840 0.866667
834 930 -0.066667
835 837 1.000000
835 838 -0.733333
835 839 -1.000000
835 840 0.466667
835 931 -0.466667
836 837 0.200000
836 838 0.200000
836 839 -0.600000
836 840 1.000000
836 932 0.333333
837 845 0.600000
838 846 -0.466667
839 847 0.333333
840 848 -0.600000
841 845 -0.066667
841 846 0.866667
841 847 1.000000
841 848 -0.466667
841 937 -1.000000
842 845 0.466667
842 846 -1.000000
842 847 0.600000
842 848 -0.733333
842 938 -0.866667
843 845 -0.333333
843 846 -0.466667
843 847 0.600000
843 848 1.000000
843 939 -0.466667
844 845 0.466667
844 846 0.333333
844 847 -0.600000
844 848 0.200000
844 940 0.866667
845 853 -0.200000
846 854 -0.066667
847 855 5.000000
848 856 0.866667
849 853 -0.200000
849 854 -3.000000
849 855 0.466667
849 856 -0.200000
849 945 -0.200000
850 853 -1.000000
850 854 0.333333
850 855 -0.466667
850 856 1.000000
850 946 0.733333
851 853 -0.600000
851 854 0.200000
851 855 -1.000000
851 856 0.066667
851 947 -0.066667
852 853 -0.866667
852 854 -1.000000
852 855 0.333333
852 856 1.000000
852 948 0.200000
853 861 0.600000
854 862 -2.333333
855 863 0.600000
856 864 1.000000
857 861 0.866667
857 862 1.000000
857 863 -0.333333
857 864 0.333333
857 953 -0.333333
858 861 -0.733333
858 862 -0.200000
858 863 1.000000
858 864 0.333333
858 954 -0.733333
859 861 -1.000000
859 862 -0.866667
859 863 0.466667
859 864 -0.600000
859 955 -0.600000
860 861 -1.000000
860 862 -1.000000
860 863 0.466667
860 864 0.466667
860 956 -0.866667
865 869 0.333333
865 870 -0.866667
865 871 -0.200000
865 872 -0.600000
865 961 -0.733333
866 869 -0.600000
866 870 1.000000
866 871 1.000000
866 872 -0.200000
866 962 3.000000
867 869 -0.600000
867 870 0.733333
867 871 -0.600000
867 872 0.600000
867 963 0.600000
868 869 -0.333333
868 870 4.333333
868 871 -0.866667
868 872 1.000000
868 964 -2.333333
869 877 0.333333
870 878 4.333333
871 879 0.066667
872 880 -1.000000
873 877 -0.066667
873 878 0.866667
873 879 0.200000
873 880 -0.066667
873 969 -0.333333
874 877 -0.200000
874 878 -0.200000
874 879 -0.866667
874 880 -0.333333
874 970 -0.466667
875 877 -0.200000
875 878 -0.066667
875 879 -0.066667
875 880 1.000000
875 971 0.600000
876 877 0.733333
876 878 -0.066667
876 879 0.066667
876 880 0.466667
876 972 0.466667
877 885 0.333333
878 886 -0.200000
879 887 -0.733333
880 888 0.466667
881 885 0.466667
881 886 -0.066667
881 887 -0.333333
881 888 0.200000
881 977 -0.200000
882 885 1.000000
882 886 0.200000
882 887 -0.600000
882 888 1.666667
882 978 -0.333333
883 885 -1.000000
883 886 -0.466667
883 887 -0.333333
883 888 -0.333333
883 979 -1.000000
884 885 -0.200000
884 886 -1.000000
884 887 -0.333333
884 888 0.333333
884 980 1.000000
885 893 0.333333
886 894 -0.333333
887 895 0.066667
888 896 0.200000
889 893 0.600000
889 894 -0.600000
889 895 -3.000000
889 896 -2.333333
889 985 -0.866667
890 893 0.333333
890 894 -0.466667
890 895 1.000000
890 896 -0.333333
890 986 1.000000
891 893 0.066667
891 894 -0.333333
891 895 0.066667
891 896 -1.000000
891 987 0.600000
892 893 0.200000
892 894 0.333333
892 895 0.466667
892 896 0.600000
892 988 -0.733333
893 901 0.333333
894 902 -5.000000
895 903 0.466667
896 904 0.733333
897 901 -0.066667
897 902 -0.466667
897 903 -0.333333
897 904 -0.466667
897 993 0.733333
898 901 -0.066667
898 902 1.666667
898 903 0.200000
898 904 -0.466667
898 994 0.733333
899 901 0.466667
899 902 0.866667
899 903 0.333333
899 904 0.466667
899 995 -0.866667
900 901 -0.200000
900 902 5.000000
900 903 0.866667
900 904 -0.866667
900 996 -0.333333
901 909 -0.600000
902 910 -3.666667
903 911 0.066667
904 912 -0.200000
905 909 0.066667
905 910 0.200000
905 911 -4.333333
905 912 0.600000
905 1001 1.000000
906 909 -1.000000
906 910 1.000000
906 911 -0.333333
906 912 -0.200000
906 1002 0.333333
907 909 -0.333333
907 910 1.000000
907 911 -0.200000
907 912 0.200000
907 1003 -0.866667
908 909 -0.466667
908 910 -0.200000
908 911 -1.000000
908 912 -0.333333
908 1004 0.333333
909 917 5.000000
910 918 -0.466667
911 919 -0.866667
912 920 0.466667
913 917 0.333333
913 918 0.733333
913 919 5.000000
913 920 -1.000000
913 1009 1.000000
914 917 -0.333333
914 918 0.866667
914 919 0.600000
914 920 -0.600000
914 1010 -0.466667
915 917 -0.733333
915 918 0.866667
915 919 3.000000
915 920 1.000000
915 1011 -0.333333
916 917 -0.600000
916 918 0.333333
916 919 -0.733333
916 920 -0.200000
916 1012 -0.733333
917 925 0.600000
918 926 4.333333
919 927 1.666667
920 928 1.000000
921 925 -0.600000
921 926 1.000000
921 927 -0.600000
921 928 0.066667
921 1017 -0.466667
922 925 -1.000000
922 926 -0.200000
922 927 -0.733333
922 928 -1.000000
922 1018 1.000000
923 925 0.733333
923 926 0.200000
923 927 0.866667
923 928 -1.000000
923 1019 0.200000
924 925 -0.066667
924 926 -0.066667
924 927 -0.200000
924 928 -0.466667
924 1020 -0.733333
925 933 -1.000000
926 934 0.600000
927 935 0.600000
928 936 -1.000000
929 933 0.200000
929 934 -0.866667
929 935 0.866667
929 936 -0.066667
929 1025 -0.600000
930 933 0.200000
930 934 0.200000
930 935 0.466667
930 936 0.733333
930 1026 0.066667
931 933 -0.466667
931 934 -0.866667
931 935 0.733333
931 936 0.733333
931 1027 0.200000
932 933 -1.000000
932 934 -1.000000
932 935 -0.866667
932 936 0.733333
932 1028 0.200000
933 941 0.466667
934 942 0.200000
935 943 -0.866667
936 944 -0.333333
937 941 0.333333
937 942 1.666667
937 943 -1.666667
937 944 -0.200000
937 1033 0.066667
938 941 0.066667
938 942 -0.200000
938 943 -0.466667
938 944 -1.000000
938 1034 1.000000
939 941 0.733333
939 942 0.066667
939 943 -0.466667
939 944 0.066667
939 1035 1.000000
940 941 0.333333
940 942 -0.200000
940 943 0.733333
940 944 0.733333
940 1036 0.466667
941 949 3.666667
942 950 -0.600000
943 951 0.200000
944 952 -1.000000
945 949 0.733333
945 950 0.733333
945 951 0.733333
945 952 -0.066667
945 1041 -0.466667
946 949 0.600000
946 950 0.200000
946 951 -1.000000
946 952 0.866667
946 1042 -0.866667
947 949 1.000000
947 950 0.600000
947 951 -0.600000
947 952 -1.000000
947 1043 0.733333
948 949 -0.733333
948 950 0.333333
948 951 0.733333
948 952 0.333333
948 1044 -0.333333
949 957 0.333333
950 958 -0.200000
951 959 0.600000
952 960 1.000000
953 957 3.000000
953 958 -1.000000
953 959 -2.333333
953 960 -0.600000
953 1049 -0.066667
954 957 0.200000
954 958 0.066667
954 959 -0.200000
954 960 1.000000
954 1050 -0.733333
955 957 -0.200000
955 958 -0.333333
955 959 0.066667
955 960 0.733333
955 1051 0.466667
956 957 1.000000
956 958 1.000000
956 959 0.866667
956 960 -0.200000
956 1052 1.666667
961 965 -0.066667
961 966 0.333333
961 967 -1.000000
961 968 -0.333333
961 1057 -0.333333
962 965 0.200000
962 966 -0.333333
962 967 0.200000
962 968 0.200000
962 1058 -1.000000
963 965 0.866667
963 966 0.600000
963 967 -0.066667
963 968 -1.000000
963 1059 1.000000
964 965 0.066667
964 966 -1.000000
964 967 0.200000
964 968 0.866667
964 1060 -0.333333
965 973 0.466667
966 974 0.333333
967 975 0.333333
968 976 0.200000
969 973 -0.066667
969 974 -0.466667
969 975 0.066667
969 976 -0.333333
969 1065 4.333333
970 973 0.866667
970 974 -0.733333
970 975 -0.733333
970 976 0.200000
970 1066 0.600000
971 973 -0.600000
971 974 0.866667
971 975 1.000000
971 976 -1.000000
971 1067 0.600000
972 973 0.066667
972 974 -0.866667
972 975 -0.333333
972 976 0.200000
972 1068 0.066667
973 981 0.200000
974 982 0.333333
975 983 -0.866667
976 984 0.333333
977 981 0.733333
977 982 0.466667
977 983 -0.466667
977 984 0.200000
977 1073 -0.333333
978 981 -0.866667
978 982 0.066667
978 983 0.200000
978 984 -0.466667
978 1074 -0.866667
979 981 0.066667
979 982 0.733333
979 983 0.200000
979 984 -0.200000
979 1075 0.866667
980 981 -1.000000
980 982 1.000000
980 983 1.000000
980 984 0.733333
980 1076 0.733333
981 989 -0.066667
982 990 -0.333333
983 991 0.200000
984 992 -0.600000
985 989 -1.000000
985 990 0.466667
985 991 0.733333
985 992 -0.200000
985 1081 0.200000
986 989 0.733333
986 990 -0.466667
986 991 0.200000
986 992 -0.733333
986 1082 0.066667
987 989 0.866667
987 990 0.866667
987 991 0.066667
987 992 -1.000000
987 1083 0.333333
988 989 -0.466667
988 990 -0.066667
988 991 0.066667
988 992 0.866667
988 1084 -0.333333
989 997 -0.866667
990 998 0.733333
991 999 -5.000000
992 1000 -0.333333
993 997 0.333333
993 998 0.733333
993 999 -0.866667
993 1000 0.466667
993 1089 -0.066667
994 997 -0.866667
994 998 1.000000
994 999 0.066667
994 1000 1.000000
994 1090 -0.600000
995 997 0.200000
995 998 0.200000
995 999 -5.000000
995 1000 1.000000
995 1091 -0.066667
996 997 0.066667
996 998 0.200000
996 999 0.600000
996 1000 -0.200000
996 1092 0.333333
997 1005 0.733333
998 1006 -0.466667
999 1007 -0.200000
1000 1008 -0.333333
1001 1005 -5.000000
1001 1006 -0.200000
1001 1007 -3.666667
1001 1008 -0.733333
1001 1097 0.066667
1002 1005 -5.000000
1002 1006 -0.466667
1002 1007 0.600000
1002 1008 -0.733333
1002 1098 1.000000
1003 1005 0.733333
1003 1006 0.466667
1003 1007 5.000000
1003 1008 0.733333
1003 1099 -2.333333
1004 1005 2.333333
1004 1006 -0.333333
1004 1007 0.600000
1004 1008 4.333333
1004 1100 1.666667
1005 1013 5.000000
1006 1014 3.000000
1007 1015 -0.066667
1008 1016 0.333333
1009 1013 2.333333
1009 1014 0.466667
1009 1015 0.600000
1009 1016 -0.733333
1009 1105 1.666667
1010 1013 -2.333333
1010 1014 -0.733333
1010 1015 1.666667
1010 1016 0.866667
1010 1106 0.733333
1011 1013 1.666667
1011 1014 -0.733333
1011 1015 -1.000000
1011 1016 -3.666667
1011 1107 3.000000
1012 1013 -1.000000
1012 1014 -5.000000
1012 1015 0.733333
1012 1016 -0.333333
1012 1108 -0.200000
1013 1021 0.066667
1014 1022 -2.333333
1015 1023 -0.066667
1016 1024 0.066667
1017 1021 0.066667
1017 1022 -0.200000
1017 1023 -0.333333
1017 1024 0.466667
1017 1113 -0.866667
1018 1021 0.866667
1018 1022 -0.066667
1018 1023 -0.333333
1018 1024 -0.733333
1018 1114 -1.000000
1019 1021 0.066667
1019 1022 2.333333
1019 1023 5.000000
1019 1024 -0.600000
1019 1115 -0.600000
1020 1021 -0.466667
1020 1022 5.000000
1020 1023 1.666667
1020 1024 0.466667
1020 1116 -0.733333
1021 1029 0.466667
1022 1030 -0.066667
1023 1031 0.466667
1024 1032 0.466667
1025 1029 -0.333333
1025 1030 1.000000
1025 1031 -0.600000
1025 1032 0.600000
1025 1121 -0.866667
1026 1029 1.666667
1026 1030 -0.600000
1026 1031 5.000000
1026 1032 -0.600000
1026 1122 -2.333333
1027 1029 -0.600000
1027 1030 0.600000
1027 1031 -0.600000
1027 1032 2.333333
1027 1123 -0.600000
1028 1029 -0.600000
1028 1030 0.333333
1028 1031 -4.333333
1028 1032 0.866667
1028 1124 0.200000
1029 1037 -1.000000
1030 1038 0.200000
1031 1039 1.000000
1032 1040 -3.666667
1033 1037 0.066667
1033 1038 -0.466667
1033 1039 4.333333
1033 1040 3.000000
1033 1129 0.200000
1034 1037 0.466667
1034 1038 -0.600000
1034 1039 -0.600000
1034 1040 -0.733333
1034 1130 0.733333
1035 1037 -0.466667
1035 1038 0.333333
1035 1039 -0.200000
1035 1040 0.333333
1035 1131 -1.000000
1036 1037 0.866667
1036 1038 -0.466667
1036 1039 -0.066667
1036 1040 -0.200000
1036 1132 0.733333
1037 1045 -1.000000
1038 1046 0.733333
1039 1047 -0.333333
1040 1048 -0.466667
1041 1045 -0.600000
1041 1046 -0.200000
1041 1047 -0.866667
1041 1048 -1.000000
1041 1137 -0.466667
1042 1045 -0.333333
1042 1046 0.066667
1042 1047 -1.666667
1042 1048 -0.200000
1042 1138 0.066667
1043 1045 0.066667
1043 1046 0.200000
1043 1047 0.333333
1043 1048 -0.200000
1043 1139 0.333333
1044 1045 -0.333333
1044 1046 -0.600000
1044 1047 0.066667
1044 1048 -3.666667
1044 1140 -3.666667
1045 1053 -0.066667
1046 1054 -4.333333
1047 1055 3.000000
1048 1056 4.333333
1049 1053 -0.066667
1049 1054 1.666667
1049 1055 -0.200000
1049 1056 -0.600000
1049 1145 -0.866667
1050 1053 0.466667
1050 1054 -0.066667
1050 1055 -0.200000
1050 1056 -3.000000
1050 1146 -0.333333
1051 1053 0.466667
1051 1054 -1.000000
1051 1055 3.000000
1051 1056 0.066667
1051 1147 -1.000000
1052 1053 -0.600000
1052 1054 -3.666667
1052 1055 1.000000
1052 1056 2.333333
1052 1148 -0.333333
1057 1061 2.333333
1057 1062 0.333333
1057 1063 0.066667
1057 1064 3.000000
1058 1061 -0.466667
1058 1062 -0.466667
1058 1063 -0.600000
1058 1064 -2.333333
1059 1061 -0.066667
1059 1062 0.333333
1059 1063 0.200000
1059 1064 1.000000
1060 1061 -1.000000
1060 1062 0.866667
1060 1063 -1.000000
1060 1064 0.600000
1061 1069 -5.000000
1062 1070 -0.333333
1063 1071 -0.333333
1064 1072 0.600000
1065 1069 1.000000
1065 1070 -1.000000
1065 1071 5.000000
1065 1072 -0.466667
1066 1069 -0.333333
1066 1070 1.000000
1066 1071 0.466667
1066 1072 0.600000
1067 1069 1.666667
1067 1070 -0.866667
1067 1071 -0.866667
1067 1072 -0.200000
1068 1069 0.466667
1068 1070 -0.066667
1068 1071 -0.600000
1068 1072 -0.466667
1069 1077 -3.000000
1070 1078 4.333333
1071 1079 -0.200000
1072 1080 -4.333333
1073 1077 -0.333333
1073 1078 2.333333
1073 1079 -0.200000
1073 1080 0.333333
1074 1077 -0.600000
1074 1078 -0.333333
1074 1079 1.000000
1074 1080 -0.600000
1075 1077 3.000000
1075 1078 -0.466667
1075 1079 -0.333333
1075 1080 -0.733333
1076 1077 0.733333
1076 1078 -0.333333
1076 1079 -0.066667
1076 1080 -0.333333
1077 1085 1.000000
1078 1086 -0.866667
1079 1087 -0.733333
1080 1088 -0.066667
1081 1085 0.200000
1081 1086 0.466667
1081 1087 0.733333
1081 1088 -1.000000
1082 1085 -0.333333
1082 1086 0.733333
1082 1087 1.000000
1082 1088 -1.000000
1083 1085 0.600000
1083 1086 -0.600000
1083 1087 0.200000
1083 1088 0.466667
1084 1085 0.866667
1084 1086 -0.066667
1084 1087 -0.733333
1084 1088 0.200000
1085 1093 0.466667
1086 1094 0.200000
1087 1095 0.333333
1088 1096 0.466667
1089 1093 -4.333333
1089 1094 0.066667
1089 1095 -0.466667
1089 1096 0.466667
1090 1093 0.733333
1090 1094 -0.466667
1090 1095 -0.333333
1090 1096 -0.733333
1091 1093 0.866667
1091 1094 -0.333333
1091 1095 0.200000
1091 1096 -0.066667
1092 1093 0.200000
1092 1094 0.733333
1092 1095 -0.333333
1092 1096 0.200000
1093 1101 -0.866667
1094 1102 -0.066667
1095 1103 0.466667
1096 1104 0.066667
1097 1101 -0.200000
1097 1102 -1.000000
1097 1103 0.200000
1097 1104 -3.000000
1098 1101 0.866667
1098 1102 -0.200000
1098 1103 0.600000
1098 1104 -0.066667
1099 1101 0.333333
1099 1102 -1.000000
1099 1103 -1.000000
1099 1104 0.333333
1100 1101 1.000000
1100 1102 0.866667
1100 1103 -0.333333
1100 1104 0.866667
1101 1109 -0.466667
1102 1110 -0.600000
1103 1111 0.466667
1104 1112 0.066667
1105 1109 0.600000
1105 1110 0.866667
1105 1111 0.066667
1105 1112 0.600000
1106 1109 0.866667
1106 1110 0.333333
1106 1111 1.000000
1106 1112 0.333333
1107 1109 -0.200000
1107 1110 0.333333
1107 1111 0.066667
1107 1112 0.333333
1108 1109 -0.200000
1108 1110 0.200000
1108 1111 0.066667
1108 1112 -0.466667
1109 1117 0.600000
1110 1118 -0.333333
1111 1119 -0.333333
1112 1120 -0.466667
1113 1117 -0.466667
1113 1118 -0.600000
1113 1119 0.466667
1113 1120 0.333333
1114 1117 -0.466667
1114 1118 -0.600000
1114 1119 0.200000
1114 1120 -0.733333
1115 1117 0.200000
1115 1118 -0.866667
1115 1119 0.600000
1115 1120 -0.600000
1116 1117 0.200000
1116 1118 -0.733333
1116 1119 0.866667
1116 1120 0.866667
1117 1125 -0.466667
1118 1126 -0.733333
1119 1127 -0.066667
1120 1128 0.200000
1121 1125 -0.466667
1121 1126 1.000000
1121 1127 1.000000
1121 1128 -0.733333
1122 1125 0.866667
1122 1126 0.200000
1122 1127 -0.333333
1122 1128 0.066667
1123 1125 -0.733333
1123 1126 -0.200000
1123 1127 -0.333333
1123 1128 -0.200000
1124 1125 -0.733333
1124 1126 -0.333333
1124 1127 -0.333333
1124 1128 -1.000000
1125 1133 -0.066667
1126 1134 -0.733333
1127 1135 -0.333333
1128 1136 -0.466667
1129 1133 0.200000
1129 1134 -0.333333
1129 1135 -0.600000
1129 1136 0.466667
1130 1133 0.733333
1130 1134 0.600000
1130 1135 0.733333
1130 1136 -0.333333
1131 1133 -0.733333
1131 1134 -1.000000
1131 1135 -0.333333
1131 1136 -0.333333
1132 1133 -0.466667
1132 1134 -1.000000
1132 1135 0.600000
1132 1136 0.866667
1133 1141 0.333333
1134 1142 -1.000000
1135 1143 -0.200000
1136 1144 -0.733333
1137 1141 -0.066667
1137 1142 0.600000
1137 1143 -0.066667
1137 1144 0.066667
1138 1141 3.666667
1138 1142 -0.200000
1138 1143 0.733333
1138 1144 -1.666667
1139 1141 -1.000000
1139 1142 1.666667
1139 1143 -1.000000
1139 1144 3.666667
1140 1141 -0.866667
1140 1142 0.733333
1140 1143 -0.333333
1140 1144 -5.000000
1141 1149 0.466667
1142 1150 0.333333
1143 1151 0.600000
1144 1152 0.866667
1145 1149 -2.333333
1145 1150 -0.600000
1145 1151 -0.066667
1145 1152 -1.000000
1146 1149 -0.733333
1146 1150 -0.200000
1146 1151 0.066667
1146 1152 0.333333
1147 1149 0.466667
1147 1150 -0.333333
1147 1151 -0.866667
1147 1152 1.000000
1148 1149 0.733333
1148 1150 0.333333
1148 1151 0.066667
1148 1152 -1.000000