#
1 1 -0.200000
2 2 -0.093333
3 3 0.146667
4 4 -0.120000
5 5 0.173333
6 6 -0.066667
7 7 -0.146667
8 8 -0.093333
9 9 -0.200000
10 10 0.173333
11 11 0.040000
12 12 -0.093333
13 13 0.066667
14 14 0.120000
15 15 0.200000
16 16 0.173333
17 17 -0.146667
18 18 0.173333
19 19 0.013333
20 20 0.120000
21 21 -0.173333
22 22 -0.173333
23 23 -0.013333
24 24 -0.093333
25 25 -0.066667
26 26 -0.066667
27 27 -0.120000
28 28 -0.013333
29 29 0.120000
30 30 0.200000
31 31 0.173333
32 32 -0.200000
33 33 -0.040000
34 34 0.013333
35 35 0.146667
36 36 0.013333
37 37 0.146667
38 38 0.093333
39 39 0.200000
40 40 -0.120000
41 41 -0.173333
42 42 -0.173333
43 43 0.040000
44 44 -0.173333
45 45 -0.040000
46 46 0.093333
47 47 -0.066667
48 48 0.040000
49 49 0.040000
50 50 -0.093333
51 51 -0.040000
52 52 0.146667
53 53 0.093333
54 54 0.120000
55 55 -0.200000
56 56 0.200000
57 57 -0.093333
58 58 -0.173333
59 59 -0.120000
60 60 -0.066667
61 61 0.146667
62 62 0.200000
63 63 -0.093333
64 64 0.093333
65 65 0.040000
66 66 0.013333
67 67 0.146667
68 68 0.013333
69 69 0.066667
70 70 -0.173333
71 71 0.066667
72 72 0.120000
73 73 0.173333
74 74 0.120000
75 75 0.013333
76 76 0.040000
77 77 0.200000
78 78 0.066667
79 79 0.040000
80 80 0.066667
81 81 0.120000
82 82 -0.120000
83 83 0.013333
84 84 0.200000
85 85 -0.146667
86 86 -0.066667
87 87 -0.200000
88 88 0.093333
89 89 0.040000
90 90 0.093333
91 91 0.093333
92 92 0.066667
93 93 -0.200000
94 94 0.066667
95 95 -0.173333
96 96 -0.146667
97 97 0.200000
98 98 -0.040000
99 99 -0.040000
100 100 0.173333
101 101 -0.066667
102 102 0.173333
103 103 -0.120000
104 104 -0.013333
105 105 0.066667
106 106 0.093333
107 107 0.200000
108 108 -0.146667
109 109 -0.040000
110 110 0.013333
111 111 0.200000
112 112 -0.013333
113 113 -0.173333
114 114 0.173333
115 115 0.200000
116 116 0.120000
117 117 0.146667
118 118 -0.120000
119 119 0.120000
120 120 0.093333
121 121 -0.040000
122 122 0.173333
123 123 0.066667
124 124 -0.146667
125 125 0.200000
126 126 -0.093333
127 127 0.066667
128 128 0.200000
129 129 -0.066667
130 130 -0.013333
131 131 -0.093333
132 132 -0.120000
133 133 0.066667
134 134 -0.093333
135 135 0.120000
136 136 -0.066667
137 137 -0.093333
138 138 0.093333
139 139 -0.200000
140 140 0.146667
141 141 -0.040000
142 142 0.146667
143 143 -0.146667
144 144 -0.066667
145 145 0.200000
146 146 0.040000
147 147 -0.120000
148 148 -0.146667
149 149 0.093333
150 150 0.066667
151 151 -0.200000
152 152 0.093333
153 153 -0.120000
154 154 0.120000
155 155 0.093333
156 156 0.093333
157 157 0.146667
158 158 -0.066667
159 159 -0.146667
160 160 -0.173333
161 161 -0.093333
162 162 -0.013333
163 163 0.093333
164 164 0.040000
165 165 -0.146667
166 166 -0.200000
167 167 0.200000
168 168 -0.093333
169 169 0.093333
170 170 0.173333
171 171 0.040000
172 172 0.093333
173 173 0.173333
174 174 -0.146667
175 175 0.066667
176 176 0.173333
177 177 0.146667
178 178 0.173333
179 179 -0.200000
180 180 -0.120000
181 181 0.066667
182 182 0.200000
183 183 -0.200000
184 184 -0.173333
185 185 0.120000
186 186 -0.093333
187 187 0.093333
188 188 0.093333
189 189 -0.040000
190 190 -0.200000
191 191 -0.173333
192 192 -0.120000
193 193 -0.093333
194 194 -0.120000
195 195 0.093333
196 196 0.066667
197 197 -0.040000
198 198 0.173333
199 199 0.066667
200 200 0.066667
201 201 0.200000
202 202 -0.200000
203 203 0.146667
204 204 -0.013333
205 205 0.066667
206 206 -0.066667
207 207 0.146667
208 208 -0.040000
209 209 -0.173333
210 210 -0.200000
211 211 0.040000
212 212 -0.093333
213 213 0.013333
214 214 -0.146667
215 215 -0.066667
216 216 -0.013333
217 217 0.146667
218 218 -0.013333
219 219 -0.066667
220 220 0.066667
221 221 0.093333
222 222 0.013333
223 223 -0.093333
224 224 -0.146667
225 225 -0.120000
226 226 -0.013333
227 227 -0.093333
228 228 -0.173333
229 229 -0.146667
230 230 -0.146667
231 231 -0.013333
232 232 0.146667
233 233 0.093333
234 234 -0.200000
235 235 -0.066667
236 236 0.146667
237 237 0.200000
238 238 0.013333
239 239 -0.013333
240 240 0.146667
241 241 0.173333
242 242 0.013333
243 243 0.040000
244 244 -0.146667
245 245 0.173333
246 246 0.093333
247 247 -0.066667
248 248 -0.066667
249 249 -0.200000
250 250 0.093333
251 251 0.200000
252 252 0.013333
253 253 0.200000
254 254 -0.120000
255 255 -0.173333
256 256 -0.120000
257 257 -0.173333
258 258 -0.120000
259 259 0.066667
260 260 -0.066667
261 261 0.093333
262 262 -0.120000
263 263 -0.066667
264 264 -0.093333
265 265 0.013333
266 266 0.120000
267 267 0.093333
268 268 -0.120000
269 269 0.120000
270 270 0.093333
271 271 0.093333
272 272 -0.066667
273 273 0.040000
274 274 0.066667
275 275 -0.093333
276 276 0.146667
277 277 0.013333
278 278 -0.146667
279 279 0.173333
280 280 0.173333
281 281 0.173333
282 282 0.093333
283 283 -0.120000
284 284 0.120000
285 285 0.066667
286 286 -0.040000
287 287 -0.013333
288 288 -0.173333
289 289 0.093333
290 290 -0.120000
291 291 -0.013333
292 292 0.200000
293 293 0.040000
294 294 -0.093333
295 295 -0.146667
296 296 -0.146667
297 297 0.120000
298 298 -0.200000
299 299 -0.120000
300 300 0.066667
301 301 -0.093333
302 302 0.200000
303 303 0.120000
304 304 -0.120000
305 305 -0.013333
306 306 -0.093333
307 307 0.066667
308 308 -0.120000
309 309 0.146667
310 310 -0.040000
311 311 0.013333
312 312 0.040000
313 313 -0.013333
314 314 0.120000
315 315 0.066667
316 316 -0.120000
317 317 0.040000
318 318 0.200000
319 319 0.200000
320 320 -0.013333
321 321 -0.013333
322 322 -0.120000
323 323 0.146667
324 324 -0.040000
325 325 0.093333
326 326 0.013333
327 327 -0.066667
328 328 -0.093333
329 329 -0.040000
330 330 0.120000
331 331 -0.013333
332 332 -0.173333
333 333 -0.013333
334 334 -0.066667
335 335 -0.040000
336 336 -0.040000
337 337 0.093333
338 338 0.093333
339 339 0.093333
340 340 -0.173333
341 341 0.173333
342 342 -0.200000
343 343 -0.093333
344 344 0.066667
345 345 -0.146667
346 346 0.200000
347 347 -0.013333
348 348 -0.200000
349 349 -0.120000
350 350 0.146667
351 351 0.066667
352 352 0.013333
353 353 -0.013333
354 354 0.200000
355 355 0.093333
356 356 0.066667
357 357 0.146667
358 358 -0.200000
359 359 -0.120000
360 360 -0.146667
361 361 0.146667
362 362 0.146667
363 363 0.200000
364 364 -0.093333
365 365 -0.093333
366 366 -0.200000
367 367 0.093333
368 368 0.040000
369 369 0.066667
370 370 -0.066667
371 371 0.146667
372 372 0.200000
373 373 0.173333
374 374 -0.120000
375 375 -0.040000
376 376 0.146667
377 377 0.093333
378 378 -0.173333
379 379 0.093333
380 380 0.120000
381 381 0.066667
382 382 0.066667
383 383 0.146667
384 384 0.200000
385 385 0.066667
386 386 -0.066667
387 387 0.173333
388 388 0.120000
389 389 -0.013333
390 390 0.093333
391 391 -0.040000
392 392 0.093333
393 393 -0.120000
394 394 0.040000
395 395 -0.200000
396 396 0.066667
397 397 0.120000
398 398 -0.040000
399 399 -0.120000
400 400 -0.040000
401 401 0.093333
402 402 -0.066667
403 403 0.120000
404 404 0.120000
405 405 -0.066667
406 406 0.066667
407 407 0.200000
408 408 -0.146667
409 409 0.200000
410 410 0.066667
411 411 0.120000
412 412 -0.040000
413 413 -0.066667
414 414 0.066667
415 415 -0.173333
416 416 -0.146667
417 417 -0.173333
418 418 0.146667
419 419 0.200000
420 420 -0.093333
421 421 -0.013333
422 422 0.173333
423 423 0.200000
424 424 -0.146667
425 425 -0.013333
426 426 -0.120000
427 427 0.200000
428 428 -0.040000
429 429 0.040000
430 430 0.146667
431 431 -0.120000
432 432 -0.146667
433 433 0.013333
434 434 -0.173333
435 435 -0.146667
436 436 -0.013333
437 437 0.093333
438 438 -0.173333
439 439 -0.173333
440 440 -0.173333
441 441 0.066667
442 442 -0.200000
443 443 -0.093333
444 444 0.013333
445 445 0.173333
446 446 -0.093333
447 447 0.093333
448 448 -0.120000
449 449 0.013333
450 450 0.040000
451 451 0.146667
452 452 -0.146667
453 453 -0.173333
454 454 -0.040000
455 455 -0.093333
456 456 -0.066667
457 457 -0.040000
458 458 0.200000
459 459 0.146667
460 460 0.146667
461 461 0.146667
462 462 -0.013333
463 463 -0.120000
464 464 0.200000
465 465 0.093333
466 466 -0.173333
467 467 -0.066667
468 468 -0.013333
469 469 0.040000
470 470 0.120000
471 471 0.120000
472 472 -0.040000
473 473 -0.200000
474 474 0.066667
475 475 0.013333
476 476 -0.146667
477 477 0.200000
478 478 -0.146667
479 479 -0.146667
480 480 -0.146667
481 481 0.200000
482 482 -0.120000
483 483 -0.066667
484 484 0.013333
485 485 -0.146667
486 486 0.040000
487 487 -0.173333
488 488 0.120000
489 489 0.173333
490 490 -0.146667
491 491 0.013333
492 492 -0.173333
493 493 -0.013333
494 494 0.066667
495 495 0.013333
496 496 -0.066667
497 497 0.093333
498 498 -0.173333
499 499 0.200000
500 500 -0.173333
501 501 0.146667
502 502 0.120000
503 503 -0.013333
504 504 0.040000
505 505 0.066667
506 506 -0.093333
507 507 -0.173333
508 508 -0.200000
509 509 0.066667
510 510 0.173333
511 511 0.013333
512 512 -0.146667
513 513 -0.120000
514 514 -0.146667
515 515 0.146667
516 516 -0.066667
517 517 0.040000
518 518 0.146667
519 519 -0.093333
520 520 0.066667
521 521 -0.066667
522 522 0.146667
523 523 -0.066667
524 524 -0.200000
525 525 -0.013333
526 526 0.040000
527 527 -0.093333
528 528 -0.120000
529 529 -0.093333
530 530 0.146667
531 531 0.146667
532 532 -0.120000
533 533 0.013333
534 534 -0.146667
535 535 0.173333
536 536 0.013333
537 537 0.120000
538 538 0.200000
539 539 -0.066667
540 540 -0.146667
541 541 0.146667
542 542 0.040000
543 543 -0.146667
544 544 0.200000
545 545 0.093333
546 546 -0.120000
547 547 0.093333
548 548 -0.013333
549 549 0.066667
550 550 0.146667
551 551 0.146667
552 552 -0.040000
553 553 -0.013333
554 554 -0.200000
555 555 -0.066667
556 556 0.200000
557 557 0.066667
558 558 -0.200000
559 559 -0.040000
560 560 -0.200000
561 561 0.200000
562 562 -0.173333
563 563 -0.173333
564 564 -0.200000
565 565 0.013333
566 566 0.066667
567 567 0.013333
568 568 -0.120000
569 569 -0.013333
570 570 -0.200000
571 571 -0.146667
572 572 0.120000
573 573 0.200000
574 574 0.200000
575 575 0.120000
576 576 -0.146667
577 577 -0.093333
578 578 0.093333
579 579 0.013333
580 580 0.146667
581 581 0.093333
582 582 -0.093333
583 583 0.093333
584 584 -0.066667
585 585 0.146667
586 586 0.173333
587 587 0.013333
588 588 -0.040000
589 589 0.146667
590 590 -0.013333
591 591 0.013333
592 592 0.120000
593 593 -0.120000
594 594 -0.013333
595 595 0.146667
596 596 0.173333
597 597 -0.120000
598 598 -0.066667
599 599 -0.146667
600 600 -0.040000
601 601 -0.066667
602 602 0.093333
603 603 -0.173333
604 604 -0.120000
605 605 0.173333
606 606 -0.093333
607 607 -0.120000
608 608 0.200000
609 609 -0.066667
610 610 0.173333
611 611 -0.013333
612 612 -0.066667
613 613 -0.013333
614 614 -0.120000
615 615 -0.120000
616 616 0.200000
617 617 -0.066667
618 618 -0.040000
619 619 0.120000
620 620 -0.093333
621 621 -0.040000
622 622 0.146667
623 623 0.040000
624 624 -0.013333
625 625 0.173333
626 626 -0.013333
627 627 0.200000
628 628 0.040000
629 629 0.066667
630 630 0.013333
631 631 -0.200000
632 632 -0.013333
633 633 0.146667
634 634 -0.066667
635 635 -0.066667
636 636 -0.093333
637 637 -0.093333
638 638 0.173333
639 639 -0.173333
640 640 -0.040000
641 641 -0.120000
642 642 -0.066667
643 643 -0.040000
644 644 0.173333
645 645 -0.173333
646 646 0.200000
647 647 -0.066667
648 648 -0.120000
649 649 0.066667
650 650 0.200000
651 651 0.066667
652 652 -0.093333
653 653 -0.200000
654 654 -0.146667
655 655 -0.093333
656 656 -0.146667
657 657 0.093333
658 658 -0.066667
659 659 -0.093333
660 660 -0.146667
661 661 0.173333
662 662 -0.040000
663 663 -0.146667
664 664 -0.173333
665 665 -0.066667
666 666 -0.066667
667 667 -0.066667
668 668 -0.040000
669 669 0.093333
670 670 -0.013333
671 671 0.093333
672 672 0.120000
673 673 0.040000
674 674 -0.146667
675 675 0.066667
676 676 -0.093333
677 677 -0.173333
678 678 -0.040000
679 679 -0.066667
680 680 0.146667
681 681 0.146667
682 682 -0.013333
683 683 -0.093333
684 684 -0.120000
685 685 -0.146667
686 686 -0.200000
687 687 0.200000
688 688 -0.173333
689 689 -0.093333
690 690 0.146667
691 691 -0.013333
692 692 0.013333
693 693 -0.093333
694 694 -0.040000
695 695 0.146667
696 696 -0.066667
697 697 0.120000
698 698 -0.040000
699 699 -0.200000
700 700 0.093333
701 701 -0.040000
702 702 0.093333
703 703 -0.093333
704 704 -0.066667
705 705 -0.093333
706 706 0.173333
707 707 0.093333
708 708 0.146667
709 709 -0.066667
710 710 -0.120000
711 711 -0.013333
712 712 0.093333
713 713 -0.120000
714 714 0.146667
715 715 0.013333
716 716 -0.173333
717 717 -0.200000
718 718 0.173333
719 719 0.200000
720 720 0.200000
721 721 -0.013333
722 722 -0.013333
723 723 0.066667
724 724 0.146667
725 725 -0.120000
726 726 0.120000
727 727 -0.066667
728 728 0.040000
729 729 0.173333
730 730 0.040000
731 731 -0.200000
732 732 -0.200000
733 733 0.013333
734 734 0.093333
735 735 0.040000
736 736 0.200000
737 737 -0.093333
738 738 -0.066667
739 739 -0.093333
740 740 -0.093333
741 741 0.013333
742 742 -0.173333
743 743 0.146667
744 744 0.173333
745 745 -0.040000
746 746 0.200000
747 747 -0.013333
748 748 -0.040000
749 749 0.093333
750 750 0.200000
751 751 0.200000
752 752 -0.200000
753 753 -0.173333
754 754 0.066667
755 755 0.093333
756 756 -0.040000
757 757 -0.200000
758 758 -0.093333
759 759 -0.200000
760 760 -0.200000
761 761 -0.200000
762 762 -0.173333
763 763 0.093333
764 764 -0.146667
765 765 0.120000
766 766 0.173333
767 767 -0.093333
768 768 -0.120000
769 769 -0.066667
770 770 -0.040000
771 771 0.120000
772 772 -0.173333
773 773 -0.200000
774 774 -0.066667
775 775 -0.093333
776 776 0.120000
777 777 0.200000
778 778 -0.066667
779 779 0.066667
780 780 -0.093333
781 781 0.173333
782 782 0.013333
783 783 -0.200000
784 784 -0.120000
785 785 0.013333
786 786 -0.173333
787 787 -0.120000
788 788 -0.120000
789 789 -0.200000
790 790 -0.040000
791 791 0.093333
792 792 0.173333
793 793 0.013333
794 794 0.146667
795 795 0.013333
796 796 -0.040000
797 797 0.200000
798 798 0.066667
799 799 -0.200000
800 800 -0.120000
801 801 -0.200000
802 802 -0.146667
803 803 0.093333
804 804 0.200000
805 805 -0.093333
806 806 0.173333
807 807 -0.146667
808 808 -0.173333
809 809 0.146667
810 810 0.093333
811 811 0.200000
812 812 0.093333
813 813 -0.173333
814 814 -0.093333
815 815 -0.013333
816 816 -0.013333
817 817 0.013333
818 818 0.146667
819 819 0.200000
820 820 -0.093333
821 821 0.066667
822 822 0.200000
823 823 0.173333
824 824 0.093333
825 825 0.066667
826 826 -0.040000
827 827 -0.200000
828 828 -0.120000
829 829 0.013333
830 830 0.120000
831 831 -0.146667
832 832 -0.200000
833 833 0.120000
834 834 0.146667
835 835 -0.173333
836 836 -0.120000
837 837 0.013333
838 838 0.040000
839 839 -0.013333
840 840 0.093333
841 841 -0.093333
842 842 0.013333
843 843 -0.120000
844 844 0.173333
845 845 -0.120000
846 846 0.120000
847 847 0.013333
848 848 -0.173333
849 849 0.013333
850 850 -0.146667
851 851 0.040000
852 852 0.120000
853 853 -0.200000
854 854 0.120000
855 855 0.040000
856 856 -0.120000
857 857 -0.093333
858 858 0.093333
859 859 -0.200000
860 860 -0.040000
861 861 -0.173333
862 862 -0.066667
863 863 0.200000
864 864 -0.013333
865 865 0.040000
866 866 -0.120000
867 867 -0.173333
868 868 0.040000
869 869 0.200000
870 870 0.120000
871 871 0.173333
872 872 0.120000
873 873 -0.200000
874 874 -0.200000
875 875 -0.173333
876 876 -0.013333
877 877 0.013333
878 878 -0.013333
879 879 0.066667
880 880 -0.120000
881 881 0.173333
882 882 0.120000
883 883 -0.013333
884 884 -0.120000
885 885 -0.066667
886 886 0.146667
887 887 0.146667
888 888 -0.173333
889 889 -0.200000
890 890 -0.093333
891 891 -0.120000
892 892 0.173333
893 893 -0.093333
894 894 -0.013333
895 895 0.146667
896 896 0.013333
897 897 0.146667
898 898 -0.013333
899 899 -0.040000
900 900 0.013333
901 901 -0.066667
902 902 0.040000
903 903 -0.146667
904 904 0.093333
905 905 0.200000
906 906 0.093333
907 907 0.066667
908 908 0.013333
909 909 -0.040000
910 910 0.120000
911 911 0.173333
912 912 -0.120000
913 913 0.040000
914 914 0.013333
915 915 0.173333
916 916 0.146667
917 917 0.040000
918 918 -0.173333
919 919 -0.013333
920 920 -0.013333
921 921 -0.040000
922 922 -0.093333
923 923 0.120000
924 924 -0.093333
925 925 -0.066667
926 926 -0.040000
927 927 -0.173333
928 928 -0.093333
929 929 -0.120000
930 930 0.120000
931 931 0.066667
932 932 0.013333
933 933 -0.013333
934 934 0.040000
935 935 0.093333
936 936 0.093333
937 937 -0.013333
938 938 -0.146667
939 939 0.173333
940 940 0.040000
941 941 -0.040000
942 942 0.093333
943 943 -0.200000
944 944 -0.120000
945 945 -0.120000
946 946 -0.093333
947 947 -0.040000
948 948 0.093333
949 949 0.040000
950 950 -0.066667
951 951 0.013333
952 952 0.066667
953 953 -0.120000
954 954 0.013333
955 955 0.040000
956 956 0.173333
957 957 0.120000
958 958 0.173333
959 959 -0.093333
960 960 -0.093333
961 961 -0.146667
962 962 -0.200000
963 963 -0.173333
964 964 0.093333
965 965 0.013333
966 966 -0.093333
967 967 0.066667
968 968 -0.040000
969 969 0.146667
970 970 -0.040000
971 971 0.120000
972 972 -0.093333
973 973 0.200000
974 974 0.093333
975 975 0.066667
976 976 0.120000
977 977 0.013333
978 978 -0.040000
979 979 0.200000
980 980 0.120000
981 981 0.120000
982 982 0.093333
983 983 -0.013333
984 984 -0.146667
985 985 -0.146667
986 986 0.040000
987 987 0.120000
988 988 0.146667
989 989 -0.066667
990 990 -0.146667
991 991 0.093333
992 992 0.146667
993 993 0.200000
994 994 0.013333
995 995 -0.173333
996 996 0.120000
997 997 0.173333
998 998 -0.173333
999 999 0.066667
1000 1000 0.200000
1001 1001 -0.066667
1002 1002 0.013333
1003 1003 0.146667
1004 1004 0.146667
1005 1005 0.173333
1006 1006 0.200000
1007 1007 0.200000
1008 1008 -0.120000
1009 1009 0.120000
1010 1010 0.093333
1011 1011 -0.173333
1012 1012 0.093333
1013 1013 0.013333
1014 1014 0.093333
1015 1015 0.173333
1016 1016 -0.040000
1017 1017 0.093333
1018 1018 -0.173333
1019 1019 -0.173333
1020 1020 -0.066667
1021 1021 0.120000
1022 1022 0.013333
1023 1023 -0.040000
1024 1024 0.120000
1025 1025 -0.093333
1026 1026 -0.040000
1027 1027 -0.200000
1028 1028 -0.146667
1029 1029 -0.146667
1030 1030 0.093333
1031 1031 0.120000
1032 1032 -0.040000
1033 1033 -0.013333
1034 1034 0.200000
1035 1035 0.200000
1036 1036 -0.146667
1037 1037 -0.146667
1038 1038 -0.146667
1039 1039 -0.200000
1040 1040 -0.200000
1041 1041 0.200000
1042 1042 -0.013333
1043 1043 0.013333
1044 1044 0.066667
1045 1045 -0.120000
1046 1046 0.200000
1047 1047 0.013333
1048 1048 0.200000
1049 1049 -0.173333
1050 1050 -0.040000
1051 1051 -0.173333
1052 1052 0.173333
1053 1053 0.120000
1054 1054 0.040000
1055 1055 0.120000
1056 1056 -0.173333
1057 1057 0.013333
1058 1058 -0.066667
1059 1059 0.040000
1060 1060 -0.120000
1061 1061 0.173333
1062 1062 -0.066667
1063 1063 -0.093333
1064 1064 0.066667
1065 1065 0.093333
1066 1066 0.013333
1067 1067 -0.200000
1068 1068 -0.066667
1069 1069 0.093333
1070 1070 0.093333
1071 1071 0.146667
1072 1072 0.040000
1073 1073 -0.013333
1074 1074 -0.040000
1075 1075 -0.200000
1076 1076 0.093333
1077 1077 -0.093333
1078 1078 0.066667
1079 1079 -0.013333
1080 1080 0.040000
1081 1081 -0.066667
1082 1082 0.146667
1083 1083 0.013333
1084 1084 -0.013333
1085 1085 0.146667
1086 1086 0.013333
1087 1087 0.173333
1088 1088 0.013333
1089 1089 0.013333
1090 1090 -0.066667
1091 1091 -0.013333
1092 1092 -0.093333
1093 1093 0.013333
1094 1094 0.066667
1095 1095 -0.013333
1096 1096 0.040000
1097 1097 0.120000
1098 1098 -0.146667
1099 1099 -0.173333
1100 1100 0.066667
1101 1101 -0.040000
1102 1102 0.120000
1103 1103 0.040000
1104 1104 0.093333
1105 1105 -0.120000
1106 1106 -0.013333
1107 1107 -0.013333
1108 1108 -0.200000
1109 1109 0.173333
1110 1110 0.146667
1111 1111 0.066667
1112 1112 0.120000
1113 1113 -0.013333
1114 1114 0.040000
1115 1115 -0.173333
1116 1116 -0.173333
1117 1117 -0.173333
1118 1118 -0.013333
1119 1119 0.093333
1120 1120 -0.146667
1121 1121 0.146667
1122 1122 -0.120000
1123 1123 -0.066667
1124 1124 -0.040000
1125 1125 0.146667
1126 1126 0.200000
1127 1127 0.066667
1128 1128 -0.040000
1129 1129 0.013333
1130 1130 0.120000
1131 1131 -0.013333
1132 1132 -0.146667
1133 1133 0.173333
1134 1134 0.093333
1135 1135 -0.066667
1136 1136 -0.093333
1137 1137 -0.120000
1138 1138 0.093333
1139 1139 -0.013333
1140 1140 -0.146667
1141 1141 0.200000
1142 1142 0.173333
1143 1143 0.066667
1144 1144 0.093333
1145 1145 0.040000
1146 1146 0.200000
1147 1147 0.120000
1148 1148 -0.040000
1149 1149 0.146667
1150 1150 -0.173333
1151 1151 0.146667
1152 1152 0.120000
1 5 -0.733333
1 6 -0.066667
1 7 -0.733333
1 8 -1.000000
1 97 -0.866667
2 5 -0.200000
2 6 0.466667
2 7 2.333333
2 8 -0.466667
2 98 -0.466667
3 5 0.200000
3 6 0.466667
3 7 0.333333
3 8 0.466667
3 99 -0.333333
4 5 0.466667
4 6 0.466667
4 7 0.200000
4 8 0.466667
4 100 -1.000000
5 13 0.066667
6 14 -0.066667
7 15 0.066667
8 16 -0.200000
9 13 -0.866667
9 14 0.200000
9 15 -0.200000
9 16 -0.600000
9 105 -0.066667
10 13 1.000000
10 14 -0.200000
10 15 -1.000000
10 16 -0.333333
10 106 -0.200000
11 13 -0.866667
11 14 -0.200000
11 15 -0.333333
11 16 -0.866667
11 107 0.333333
12 13 -1.000000
12 14 -0.733333
12 15 0.600000
12 16 0.066667
12 108 -0.466667
13 21 -0.733333
14 22 -0.066667
15 23 0.733333
16 24 0.333333
17 21 -1.000000
17 22 0.200000
17 23 0.600000
17 24 -0.733333
17 113 -0.600000
18 21 -0.200000
18 22 -1.000000
18 23 0.866667
18 24 -0.600000
18 114 -0.600000
19 21 0.066667
19 22 1.000000
19 23 -0.866667
19 24 0.333333
19 115 0.733333
20 21 0.066667
20 22 0.866667
20 23 -1.000000
20 24 -0.733333
20 116 -0.333333
21 29 -0.066667
22 30 0.733333
23 31 1.000000
24 32 -0.066667
25 29 1.000000
25 30 0.333333
25 31 -0.200000
25 32 -0.466667
25 121 1.000000
26 29 -0.333333
26 30 -0.333333
26 31 -0.866667
26 32 -0.066667
26 122 -0.333333
27 29 -0.333333
27 30 0.333333
27 31 0.066667
27 32 -0.866667
27 123 0.466667
28 29 -0.600000
28 30 -0.333333
28 31 -1.000000
28 32 -0.066667
28 124 -0.200000
29 37 0.866667
30 38 0.466667
31 39 0.200000
32 40 0.200000
33 37 -0.466667
33 38 -0.466667
33 39 -0.866667
33 40 -1.000000
33 129 1.000000
34 37 -1.000000
34 38 0.866667
34 39 -0.066667
34 40 -0.866667
34 130 1.000000
35 37 0.600000
35 38 -0.200000
35 39 -1.000000
35 40 -0.333333
35 131 -0.466667
36 37 -0.466667
36 38 0.600000
36 39 -0.600000
36 40 0.333333
36 132 -0.333333
37 45 -0.600000
38 46 -0.466667
39 47 1.000000
40 48 0.866667
41 45 0.066667
41 46 0.066667
41 47 0.733333
41 48 0.733333
41 137 -0.066667
42 45 -0.733333
42 46 -0.200000
42 47 -1.000000
42 48 -0.333333
42 138 0.733333
43 45 -0.600000
43 46 0.333333
43 47 0.733333
43 48 0.200000
43 139 -0.200000
44 45 0.600000
44 46 -2.333333
44 47 -0.866667
44 48 0.200000
44 140 1.000000
45 53 0.466667
46 54 -0.733333
47 55 0.733333
48 56 0.733333
49 53 0.866667
49 54 1.000000
49 55 0.333333
49 56 -0.466667
49 145 -0.333333
50 53 -0.733333
50 54 -0.733333
50 55 -0.866667
50 56 0.466667
50 146 0.200000
51 53 0.866667
51 54 -0.466667
51 55 0.333333
51 56 -0.733333
51 147 -0.333333
52 53 0.600000
52 54 -0.466667
52 55 -5.000000
52 56 0.333333
52 148 -0.600000
53 61 1.000000
54 62 -0.066667
55 63 0.066667
56 64 0.733333
57 61 0.200000
57 62 -0.600000
57 63 -0.066667
57 64 -0.866667
57 153 0.333333
58 61 1.000000
58 62 1.000000
58 63 -0.733333
58 64 -0.200000
58 154 -0.066667
59 61 0.066667
59 62 0.733333
59 63 0.733333
59 64 -0.200000
59 155 1.000000
60 61 0.200000
60 62 -1.000000
60 63 -0.466667
60 64 0.866667
60 156 -0.200000
61 69 -0.333333
62 70 -0.600000
63 71 -0.333333
64 72 -0.600000
65 69 -0.866667
65 70 -0.200000
65 71 1.000000
65 72 -0.466667
65 161 -0.600000
66 69 -0.733333
66 70 0.600000
66 71 0.066667
66 72 -0.200000
66 162 1.000000
67 69 -0.466667
67 70 0.333333
67 71 -0.066667
67 72 0.600000
67 163 0.600000
68 69 -1.000000
68 70 -1.000000
68 71 0.733333
68 72 0.200000
68 164 -1.000000
69 77 -0.466667
70 78 0.600000
71 79 0.733333
72 80 -0.200000
73 77 3.000000
73 78 -0.600000
73 79 -0.733333
73 80 1.000000
73 169 -3.000000
74 77 0.733333
74 78 0.733333
74 79 0.333333
74 80 -0.600000
74 170 -0.333333
75 77 0.600000
75 78 -0.200000
75 79 -0.733333
75 80 -0.466667
75 171 0.333333
76 77 0.866667
76 78 0.200000
76 79 -0.200000
76 80 -4.333333
76 172 0.866667
77 85 0.066667
78 86 0.466667
79 87 0.066667
80 88 -0.466667
81 85 -1.000000
81 86 1.000000
81 87 0.333333
81 88 0.200000
81 177 -0.466667
82 85 -0.866667
82 86 0.600000
82 87 0.200000
82 88 0.466667
82 178 -1.000000
83 85 -0.333333
83 86 -0.200000
83 87 0.866667
83 88 -1.000000
83 179 0.333333
84 85 -0.066667
84 86 -0.333333
84 87 -0.066667
84 88 1.000000
84 180 -0.733333
85 93 -1.000000
86 94 -0.200000
87 95 1.000000
88 96 -0.866667
89 93 -0.200000
89 94 0.200000
89 95 -0.066667
89 96 0.066667
89 185 1.000000
90 93 -0.466667
90 94 0.733333
90 95 -0.733333
90 96 0.200000
90 186 1.000000
91 93 -0.333333
91 94 0.466667
91 95 -0.600000
91 96 0.600000
91 187 0.600000
92 93 -0.600000
92 94 -0.200000
92 95 0.866667
92 96 0.866667
92 188 0.066667
97 101 -0.066667
97 102 1.000000
97 103 -0.066667
97 104 -1.000000
97 193 -3.666667
98 101 -0.200000
98 102 0.733333
98 103 0.066667
98 104 0.866667
98 194 0.466667
99 101 -4.333333
99 102 0.066667
99 103 -0.200000
99 104 0.333333
99 195 1.000000
100 101 -0.733333
100 102 -0.200000
100 103 -0.200000
100 104 -0.866667
100 196 0.200000
101 109 -0.466667
102 110 0.733333
103 111 0.200000
104 112 -0.466667
105 109 0.333333
105 110 0.733333
105 111 0.866667
105 112 1.000000
105 201 0.200000
106 109 -0.600000
106 110 -0.866667
106 111 -0.466667
106 112 -1.000000
106 202 3.000000
107 109 0.600000
107 110 -0.466667
107 111 0.600000
107 112 0.333333
107 203 -0.200000
108 109 -0.200000
108 110 -1.000000
108 111 0.866667
108 112 -0.066667
108 204 -0.333333
109 117 0.866667
110 118 -0.333333
111 119 0.866667
112 120 -0.733333
113 117 -0.333333
113 118 -0.733333
113 119 -0.733333
113 120 1.000000
113 209 0.200000
114 117 -1.000000
114 118 -0.066667
114 119 -0.600000
114 120 -0.200000
114 210 2.333333
115 117 -0.600000
115 118 -1.000000
115 119 0.733333
115 120 -0.200000
115 211 0.866667
116 117 -0.600000
116 118 -0.200000
116 119 -0.866667
116 120 -0.733333
116 212 0.600000
117 125 0.200000
118 126 -0.866667
119 127 -0.466667
120 128 -1.000000
121 125 0.466667
121 126 -0.466667
121 127 0.466667
121 128 -0.200000
121 217 -0.600000
122 125 0.200000
122 126 -3.000000
122 127 0.466667
122 128 -0.200000
122 218 0.466667
123 125 -0.200000
123 126 0.600000
123 127 0.733333
123 128 -0.600000
123 219 0.866667
124 125 0.600000
124 126 1.000000
124 127 0.600000
124 128 0.600000
124 220 -0.333333
125 133 0.866667
126 134 -0.066667
127 135 0.733333
128 136 -0.600000
129 133 -5.000000
129 134 5.000000
129 135 0.333333
129 136 -0.733333
129 225 0.466667
130 133 -3.666667
130 134 0.466667
130 135 0.066667
130 136 -0.333333
130 226 1.000000
131 133 0.600000
131 134 0.733333
131 135 0.333333
131 136 -0.066667
131 227 -0.466667
132 133 -0.733333
132 134 -0.466667
132 135 -0.733333
132 136 0.733333
132 228 -0.066667
133 141 -0.866667
134 142 0.733333
135 143 -0.066667
136 144 0.600000
137 141 0.066667
137 142 1.000000
137 143 -0.866667
137 144 0.733333
137 233 -1.000000
138 141 0.066667
138 142 1.000000
138 143 -0.066667
138 144 0.333333
138 234 -0.333333
139 141 -0.866667
139 142 0.866667
139 143 -0.733333
139 144 0.466667
139 235 -0.600000
140 141 -0.600000
140 142 -0.600000
140 143 -1.000000
140 144 0.333333
140 236 0.333333
141 149 -0.200000
142 150 3.666667
143 151 -0.733333
144 152 0.066667
145 149 -4.333333
145 150 0.333333
145 151 -0.600000
145 152 0.066667
145 241 4.333333
146 149 0.066667
146 150 -0.733333
146 151 0.066667
146 152 -0.466667
146 242 0.333333
147 149 0.466667
147 150 0.600000
147 151 -0.333333
147 152 -0.333333
147 243 0.466667
148 149 0.600000
148 150 0.866667
148 151 -0.200000
148 152 -1.000000
148 244 -0.600000
149 157 -1.000000
150 158 0.600000
151 159 -0.600000
152 160 0.866667
153 157 0.200000
153 158 0.466667
153 159 0.866667
153 160 0.866667
153 249 0.200000
154 157 0.200000
154 158 0.600000
154 159 0.733333
154 160 0.600000
154 250 -0.466667
155 157 0.333333
155 158 0.200000
155 159 -0.466667
155 160 0.733333
155 251 -0.333333
156 157 0.466667
156 158 -0.200000
156 159 -0.866667
156 160 0.333333
156 252 -0.066667
157 165 0.600000
158 166 0.733333
159 167 -0.866667
160 168 -0.866667
161 165 0.866667
161 166 -0.466667
161 167 -0.200000
161 168 -0.466667
161 257 0.733333
162 165 1.000000
162 166 0.333333
162 167 -0.200000
162 168 -0.200000
162 258 -0.466667
163 165 -1.000000
163 166 0.200000
163 167 -0.466667
163 168 0.333333
163 259 1.000000
164 165 1.000000
164 166 0.600000
164 167 -0.200000
164 168 -0.200000
164 260 -0.200000
165 173 -0.466667
166 174 0.066667
167 175 0.600000
168 176 -0.200000
169 173 0.466667
169 174 -1.000000
169 175 -2.333333
169 176 0.466667
169 265 0.600000
170 173 1.000000
170 174 3.666667
170 175 0.066667
170 176 0.200000
170 266 1.000000
171 173 5.000000
171 174 0.200000
171 175 0.200000
171 176 -0.733333
171 267 1.000000
172 173 -1.000000
172 174 -1.000000
172 175 1.000000
172 176 -0.466667
172 268 0.200000
173 181 1.000000
174 182 4.333333
175 183 0.733333
176 184 0.733333
177 181 -0.600000
177 182 -0.733333
177 183 1.000000
177 184 1.666667
177 273 -0.333333
178 181 -0.333333
178 182 0.066667
178 183 0.066667
178 184 2.333333
178 274 1.000000
179 181 -0.066667
179 182 -1.666667
179 183 -0.066667
179 184 4.333333
179 275 -0.733333
180 181 -0.333333
180 182 2.333333
180 183 -0.866667
180 184 -0.466667
180 276 -2.333333
181 189 -0.200000
182 190 -1.000000
183 191 0.733333
184 192 1.000000
185 189 0.066667
185 190 1.000000
185 191 0.466667
185 192 -1.000000
185 281 -0.066667
186 189 -0.066667
186 190 0.733333
186 191 0.866667
186 192 -0.333333
186 282 -0.333333
187 189 0.733333
187 190 -0.066667
187 191 -0.600000
187 192 0.600000
187 283 0.466667
188 189 0.466667
188 190 -0.066667
188 191 0.733333
188 192 2.333333
188 284 -0.200000
193 197 0.866667
193 198 -0.333333
193 199 5.000000
193 200 0.466667
193 289 0.733333
194 197 0.200000
194 198 -0.466667
194 199 2.333333
194 200 -0.466667
194 290 0.333333
195 197 3.000000
195 198 0.733333
195 199 5.000000
195 200 -0.866667
195 291 -5.000000
196 197 3.000000
196 198 -0.600000
196 199 1.000000
196 200 1.000000
196 292 1.000000
197 205 1.666667
198 206 3.666667
199 207 4.333333
200 208 0.600000
201 205 0.733333
201 206 1.000000
201 207 0.866667
201 208 0.200000
201 297 0.066667
202 205 3.000000
202 206 -0.200000
202 207 3.000000
202 208 -1.666667
202 298 -0.066667
203 205 -0.466667
203 206 -0.200000
203 207 -1.000000
203 208 -0.466667
203 299 -0.333333
204 205 -0.333333
204 206 1.000000
204 207 -0.733333
204 208 -1.000000
204 300 -0.200000
205 213 -0.733333
206 214 -0.600000
207 215 -0.333333
208 216 0.200000
209 213 0.466667
209 214 0.866667
209 215 -0.200000
209 216 0.866667
209 305 1.000000
210 213 1.000000
210 214 -0.733333
210 215 -0.866667
210 216 0.466667
210 306 -0.066667
211 213 -0.200000
211 214 -0.600000
211 215 -0.200000
211 216 0.200000
211 307 -1.000000
212 213 0.466667
212 214 0.200000
212 215 -0.066667
212 216 0.333333
212 308 -1.000000
213 221 0.866667
214 222 0.866667
215 223 0.466667
216 224 -1.000000
217 221 0.733333
217 222 0.600000
217 223 0.200000
217 224 -0.600000
217 313 -0.333333
218 221 -0.600000
218 222 -0.866667
218 223 -0.333333
218 224 -0.466667
218 314 -0.866667
219 221 0.733333
219 222 0.600000
219 223 1.000000
219 224 -0.466667
219 315 0.333333
220 221 -0.733333
220 222 0.866667
220 223 0.466667
220 224 -0.066667
220 316 -0.200000
221 229 -1.000000
222 230 0.866667
223 231 0.466667
224 232 0.200000
225 229 -3.000000
225 230 1.666667
225 231 -5.000000
225 232 0.066667
225 321 0.866667
226 229 1.000000
226 230 -3.666667
226 231 0.066667
226 232 0.066667
226 322 -0.333333
227 229 1.000000
227 230 -0.866667
227 231 0.733333
227 232 -0.066667
227 323 -0.733333
228 229 0.066667
228 230 -0.600000
228 231 0.600000
228 232 -0.733333
228 324 0.200000
229 237 0.866667
230 238 -0.600000
231 239 1.000000
232 240 0.600000
233 237 -0.066667
233 238 0.466667
233 239 0.466667
233 240 -1.000000
233 329 -0.200000
234 237 -0.600000
234 238 0.200000
234 239 -0.466667
234 240 -0.333333
234 330 -0.600000
235 237 -1.000000
235 238 -1.000000
235 239 -1.000000
235 240 -0.733333
235 331 -1.666667
236 237 -0.200000
236 238 0.466667
236 239 -0.200000
236 240 0.066667
236 332 -0.066667
237 245 0.333333
238 246 0.333333
239 247 0.333333
240 248 -1.000000
241 245 0.466667
241 246 -0.066667
241 247 1.000000
241 248 -0.466667
241 337 0.200000
242 245 -0.600000
242 246 -0.866667
242 247 0.066667
242 248 -0.866667
242 338 0.200000
243 245 -0.866667
243 246 1.000000
243 247 -0.200000
243 248 -0.466667
243 339 0.333333
244 245 0.600000
244 246 0.066667
244 247 -0.466667
244 248 -1.000000
244 340 -0.866667
245 253 -0.733333
246 254 0.733333
247 255 0.600000
248 256 1.000000
249 253 0.866667
249 254 -0.200000
249 255 -0.333333
249 256 0.733333
249 345 0.200000
250 253 -0.733333
250 254 -0.733333
250 255 -0.200000
250 256 0.066667
250 346 -0.466667
251 253 0.733333
251 254 0.066667
251 255 0.600000
251 256 -0.200000
251 347 -0.066667
252 253 -0.200000
252 254 -1.000000
252 255 -0.200000
252 256 0.066667
252 348 0.866667
253 261 0.200000
254 262 0.733333
255 263 1.000000
256 264 1.000000
257 261 -1.000000
257 262 -0.333333
257 263 0.733333
257 264 -0.200000
257 353 -0.466667
258 261 0.200000
258 262 1.000000
258 263 -0.333333
258 264 0.066667
258 354 -1.000000
259 261 -0.200000
259 262 0.866667
259 263 -0.466667
259 264 0.733333
259 355 1.000000
260 261 -0.200000
260 262 -0.066667
260 263 0.333333
260 264 0.066667
260 356 3.666667
261 269 -0.200000
262 270 0.066667
263 271 0.733333
264 272 1.000000
265 269 0.333333
265 270 -0.200000
265 271 0.333333
265 272 -0.466667
265 361 -0.333333
266 269 2.333333
266 270 -0.333333
266 271 0.866667
266 272 -0.200000
266 362 -0.733333
267 269 5.000000
267 270 -0.200000
267 271 -1.000000
267 272 0.066667
267 363 0.333333
268 269 1.000000
268 270 -0.200000
268 271 0.333333
268 272 -0.733333
268 364 1.000000
269 277 0.733333
270 278 0.600000
271 279 0.066667
272 280 0.733333
273 277 -3.000000
273 278 -0.600000
273 279 0.333333
273 280 -1.000000
273 369 -0.466667
274 277 0.333333
274 278 -0.733333
274 279 -0.466667
274 280 -0.066667
274 370 -0.200000
275 277 1.000000
275 278 -0.200000
275 279 -0.866667
275 280 -0.600000
275 371 -0.066667
276 277 2.333333
276 278 0.200000
276 279 -1.000000
276 280 0.200000
276 372 -5.000000
277 285 -0.066667
278 286 -0.466667
279 287 0.333333
280 288 0.600000
281 285 -0.200000
281 286 1.000000
281 287 0.333333
281 288 -0.333333
281 377 -1.000000
282 285 -0.333333
282 286 -0.066667
282 287 -0.466667
282 288 -0.600000
282 378 -0.600000
283 285 0.866667
283 286 0.200000
283 287 0.333333
283 288 -0.600000
283 379 -0.466667
284 285 -0.866667
284 286 -0.866667
284 287 -0.466667
284 288 -0.733333
284 380 0.600000
289 293 -0.333333
289 294 0.200000
289 295 0.866667
289 296 -0.733333
289 385 1.000000
290 293 0.200000
290 294 -0.866667
290 295 -0.600000
290 296 0.600000
290 386 0.466667
291 293 0.333333
291 294 0.200000
291 295 -0.733333
291 296 0.333333
291 387 5.000000
292 293 -0.066667
292 294 -4.333333
292 295 0.733333
292 296 -3.666667
292 388 -0.333333
293 301 -1.000000
294 302 0.333333
295 303 -0.600000
296 304 0.466667
297 301 -0.733333
297 302 -0.600000
297 303 0.600000
297 304 -0.333333
297 393 -0.466667
298 301 -0.466667
298 302 -0.600000
298 303 0.466667
298 304 -0.333333
298 394 0.733333
299 301 -1.000000
299 302 0.066667
299 303 0.066667
299 304 0.333333
299 395 -0.866667
300 301 1.000000
300 302 -0.733333
300 303 -0.200000
300 304 -0.066667
300 396 1.000000
301 309 -1.000000
302 310 -0.866667
303 311 -0.066667
304 312 1.000000
305 309 0.466667
305 310 -0.200000
305 311 -0.600000
305 312 -1.000000
305 401 1.000000
306 309 0.066667
306 310 2.333333
306 311 -0.600000
306 312 -0.866667
306 402 -1.000000
307 309 1.000000
307 310 0.200000
307 311 0.733333
307 312 0.866667
307 403 0.066667
308 309 0.066667
308 310 0.733333
308 311 0.600000
308 312 0.466667
308 404 1.000000
309 317 0.733333
310 318 -0.066667
311 319 -0.866667
312 320 0.333333
313 317 -1.000000
313 318 -0.200000
313 319 0.333333
313 320 0.200000
313 409 0.600000
314 317 -0.733333
314 318 0.600000
314 319 -1.000000
314 320 0.066667
314 410 -0.066667
315 317 -0.466667
315 318 0.600000
315 319 -0.333333
315 320 0.466667
315 411 -0.200000
316 317 -0.333333
316 318 -0.066667
316 319 -0.866667
316 320 -0.733333
316 412 1.000000
317 325 -0.466667
318 326 -0.466667
319 327 -0.066667
320 328 -0.333333
321 325 0.600000
321 326 -0.066667
321 327 0.200000
321 328 -0.066667
321 417 1.666667
322 325 -1.000000
322 326 2.333333
322 327 -1.000000
322 328 -3.666667
322 418 -3.666667
323 325 -0.466667
323 326 2.333333
323 327 -0.733333
323 328 -1.000000
323 419 1.000000
324 325 0.466667
324 326 -0.333333
324 327 1.000000
324 328 5.000000
324 420 -0.200000
325 333 -0.600000
326 334 0.466667
327 335 1.000000
328 336 0.466667
329 333 -0.333333
329 334 -0.600000
329 335 0.733333
329 336 -0.866667
329 425 -0.333333
330 333 -0.333333
330 334 0.200000
330 335 0.333333
330 336 -0.600000
330 426 -0.200000
331 333 -0.200000
331 334 4.333333
331 335 -0.600000
331 336 0.466667
331 427 -4.333333
332 333 0.333333
332 334 -0.600000
332 335 1.666667
332 336 -0.466667
332 428 -2.333333
333 341 1.000000
334 342 -0.733333
335 343 1.666667
336 344 -0.733333
337 341 -0.866667
337 342 -0.866667
337 343 -0.066667
337 344 -0.600000
337 433 0.600000
338 341 0.466667
338 342 0.066667
338 343 0.733333
338 344 1.000000
338 434 0.333333
339 341 1.000000
339 342 0.733333
339 343 0.333333
339 344 0.866667
339 435 -0.866667
340 341 -0.066667
340 342 2.333333
340 343 -0.466667
340 344 0.600000
340 436 0.066667
341 349 0.466667
342 350 0.600000
343 351 0.200000
344 352 -0.200000
345 349 0.066667
345 350 -0.733333
345 351 0.866667
345 352 -0.733333
345 441 0.600000
346 349 0.066667
346 350 0.600000
346 351 0.200000
346 352 0.333333
346 442 -0.066667
347 349 -0.333333
347 350 0.866667
347 351 0.866667
347 352 0.866667
347 443 0.200000
348 349 -0.600000
348 350 0.600000
348 351 -0.200000
348 352 0.066667
348 444 -1.000000
349 357 -1.000000
350 358 -0.066667
351 359 -0.600000
352 360 0.600000
353 357 -0.333333
353 358 0.733333
353 359 0.733333
353 360 1.000000
353 449 1.000000
354 357 -0.466667
354 358 0.066667
354 359 -0.200000
354 360 -0.733333
354 450 0.733333
355 357 0.200000
355 358 -0.200000
355 359 0.333333
355 360 1.000000
355 451 -0.066667
356 357 -0.200000
356 358 0.466667
356 359 0.200000
356 360 5.000000
356 452 0.333333
357 365 0.333333
358 366 0.600000
359 367 0.066667
360 368 -0.600000
361 365 0.200000
361 366 -0.200000
361 367 0.333333
361 368 -0.466667
361 457 -0.333333
362 365 2.333333
362 366 -0.600000
362 367 0.333333
362 368 -0.333333
362 458 -1.000000
363 365 0.466667
363 366 0.466667
363 367 0.733333
363 368 0.600000
363 459 -0.200000
364 365 0.600000
364 366 -0.066667
364 367 -0.066667
364 368 1.000000
364 460 0.733333
365 373 0.466667
366 374 -0.600000
367 375 -1.000000
368 376 -0.066667
369 373 -0.733333
369 374 -0.466667
369 375 0.600000
369 376 -1.000000
369 465 -0.600000
370 373 -0.600000
370 374 0.466667
370 375 1.000000
370 376 0.600000
370 466 -0.200000
371 373 0.866667
371 374 0.866667
371 375 -0.733333
371 376 -0.866667
371 467 0.466667
372 373 -0.333333
372 374 0.866667
372 375 0.466667
372 376 -0.333333
372 468 0.466667
373 381 0.600000
374 382 -0.466667
375 383 -0.333333
376 384 -0.733333
377 381 -0.466667
377 382 1.000000
377 383 -0.866667
377 384 -0.600000
377 473 0.466667
378 381 0.200000
378 382 0.600000
378 383 -0.333333
378 384 1.000000
378 474 -0.733333
379 381 -0.333333
379 382 -1.000000
379 383 0.600000
379 384 0.733333
379 475 0.066667
380 381 -1.000000
380 382 -0.733333
380 383 0.600000
380 384 1.000000
380 476 -1.000000
385 389 0.200000
385 390 4.333333
385 391 0.200000
385 392 0.066667
385 481 -1.000000
386 389 -0.600000
386 390 0.466667
386 391 0.466667
386 392 -0.333333
386 482 0.600000
387 389 0.066667
387 390 0.066667
387 391 -0.600000
387 392 -3.000000
387 483 -0.466667
388 389 -0.466667
388 390 -0.733333
388 391 -0.200000
388 392 0.733333
388 484 -0.333333
389 397 0.200000
390 398 -0.733333
391 399 -0.600000
392 400 0.333333
393 397 -0.200000
393 398 0.600000
393 399 -0.866667
393 400 -0.200000
393 489 0.200000
394 397 1.000000
394 398 -1.666667
394 399 0.066667
394 400 1.000000
394 490 0.333333
395 397 0.200000
395 398 -0.333333
395 399 -3.666667
395 400 -0.200000
395 491 -0.200000
396 397 0.733333
396 398 -0.600000
396 399 -0.333333
396 400 0.066667
396 492 0.200000
397 405 -0.733333
398 406 0.333333
399 407 -0.066667
400 408 -0.066667
401 405 -0.733333
401 406 -0.200000
401 407 0.466667
401 408 -0.333333
401 497 -0.600000
402 405 -0.466667
402 406 1.666667
402 407 -0.066667
402 408 -5.000000
402 498 -2.333333
403 405 0.866667
403 406 0.466667
403 407 -0.733333
403 408 0.333333
403 499 -0.733333
404 405 -0.866667
404 406 -0.200000
404 407 0.600000
404 408 -0.866667
404 500 0.600000
405 413 -1.000000
406 414 0.200000
407 415 1.000000
408 416 0.466667
409 413 0.733333
409 414 1.000000
409 415 1.000000
409 416 -1.000000
409 505 0.733333
410 413 -0.600000
410 414 0.333333
410 415 0.733333
410 416 -1.000000
410 506 -0.066667
411 413 -0.200000
411 414 -0.200000
411 415 0.333333
411 416 0.466667
411 507 -0.733333
412 413 0.333333
412 414 0.200000
412 415 -0.600000
412 416 -1.000000
412 508 0.333333
413 421 1.000000
414 422 -0.733333
415 423 -0.333333
416 424 1.000000
417 421 1.000000
417 422 -2.333333
417 423 -0.866667
417 424 0.066667
417 513 -0.066667
418 421 0.333333
418 422 3.000000
418 423 1.000000
418 424 0.333333
418 514 0.733333
419 421 0.600000
419 422 -0.333333
419 423 -5.000000
419 424 0.866667
419 515 -0.200000
420 421 0.733333
420 422 -0.333333
420 423 -0.733333
420 424 -0.333333
420 516 -0.600000
421 429 -0.333333
422 430 -0.866667
423 431 -0.333333
424 432 0.333333
425 429 1.000000
425 430 0.466667
425 431 0.066667
425 432 0.600000
425 521 -0.466667
426 429 -0.200000
426 430 -4.333333
426 431 3.666667
426 432 0.466667
426 522 0.733333
427 429 0.866667
427 430 0.333333
427 431 -0.600000
427 432 0.066667
427 523 -2.333333
428 429 -1.000000
428 430 -5.000000
428 431 -1.000000
428 432 -0.600000
428 524 -0.333333
429 437 0.733333
430 438 -0.200000
431 439 -0.333333
432 440 0.600000
433 437 -0.333333
433 438 0.733333
433 439 -0.066667
433 440 0.466667
433 529 1.000000
434 437 1.000000
434 438 -1.000000
434 439 0.066667
434 440 0.466667
434 530 -0.066667
435 437 0.066667
435 438 -0.866667
435 439 0.733333
435 440 -0.066667
435 531 -0.333333
436 437 -0.333333
436 438 0.733333
436 439 -0.866667
436 440 0.200000
436 532 -0.866667
437 445 0.466667
438 446 -0.466667
439 447 0.600000
440 448 -0.866667
441 445 -0.466667
441 446 -1.000000
441 447 0.733333
441 448 0.866667
441 537 -0.333333
442 445 -0.333333
442 446 0.200000
442 447 -0.066667
442 448 0.466667
442 538 0.333333
443 445 1.000000
443 446 -1.000000
443 447 0.333333
443 448 1.000000
443 539 0.733333
444 445 1.000000
444 446 -0.333333
444 447 0.733333
444 448 0.200000
444 540 0.333333
445 453 1.000000
446 454 0.200000
447 455 -0.466667
448 456 1.000000
449 453 -0.733333
449 454 0.333333
449 455 0.466667
449 456 -0.333333
449 545 -0.066667
450 453 -0.066667
450 454 1.000000
450 455 -0.733333
450 456 0.333333
450 546 0.733333
451 453 -0.600000
451 454 0.733333
451 455 -0.333333
451 456 1.000000
451 547 -0.600000
452 453 -0.066667
452 454 -0.466667
452 455 0.066667
452 456 0.066667
452 548 1.000000
453 461 -0.733333
454 462 -0.600000
455 463 -0.600000
456 464 0.200000
457 461 0.466667
457 462 -0.733333
457 463 -0.066667
457 464 -0.066667
457 553 1.000000
458 461 -0.866667
458 462 -0.466667
458 463 -0.866667
458 464 0.733333
458 554 0.600000
459 461 -0.600000
459 462 0.333333
459 463 1.666667
459 464 -0.466667
459 555 -0.066667
460 461 0.600000
460 462 0.866667
460 463 -0.600000
460 464 0.200000
460 556 0.466667
461 469 -1.000000
462 470 -0.733333
463 471 -0.466667
464 472 0.600000
465 469 1.000000
465 470 0.866667
465 471 0.866667
465 472 -0.333333
465 561 0.066667
466 469 0.066667
466 470 1.000000
466 471 0.866667
466 472 1.000000
466 562 0.866667
467 469 0.866667
467 470 -0.066667
467 471 0.066667
467 472 -0.733333
467 563 0.733333
468 469 -0.866667
468 470 -0.466667
468 471 -0.333333
468 472 0.866667
468 564 -0.466667
469 477 0.200000
470 478 -0.066667
471 479 0.200000
472 480 0.200000
473 477 1.000000
473 478 -0.733333
473 479 -0.600000
473 480 -0.466667
473 569 -0.600000
474 477 0.066667
474 478 1.000000
474 479 0.200000
474 480 -1.000000
474 570 -0.466667
475 477 0.466667
475 478 0.466667
475 479 -0.200000
475 480 -0.066667
475 571 -0.200000
476 477 -0.066667
476 478 -0.866667
476 479 -0.733333
476 480 0.600000
476 572 -0.733333
481 485 1.666667
481 486 -0.466667
481 487 -0.333333
481 488 0.733333
481 577 -1.000000
482 485 -0.600000
482 486 1.000000
482 487 0.600000
482 488 0.066667
482 578 -0.200000
483 485 -1.000000
483 486 0.600000
483 487 -1.000000
483 488 0.866667
483 579 -0.600000
484 485 0.200000
484 486 0.600000
484 487 -0.866667
484 488 0.200000
484 580 -1.000000
485 493 -1.666667
486 494 -0.733333
487 495 0.600000
488 496 -1.000000
489 493 -2.333333
489 494 -1.000000
489 495 0.066667
489 496 0.200000
489 585 0.200000
490 493 -2.333333
490 494 -0.600000
490 495 -0.333333
490 496 1.000000
490 586 3.666667
491 493 -0.600000
491 494 0.066667
491 495 0.333333
491 496 0.066667
491 587 4.333333
492 493 -2.333333
492 494 0.733333
492 495 0.066667
492 496 0.066667
492 588 0.200000
493 501 0.866667
494 502 -0.466667
495 503 -0.600000
496 504 0.333333
497 501 0.066667
497 502 -4.333333
497 503 0.600000
497 504 -0.733333
497 593 -4.333333
498 501 -0.866667
498 502 -1.000000
498 503 0.333333
498 504 -4.333333
498 594 0.333333
499 501 -0.866667
499 502 -1.000000
499 503 -0.066667
499 504 0.333333
499 595 -1.000000
500 501 0.733333
500 502 0.066667
500 503 -0.066667
500 504 -0.466667
500 596 -0.733333
501 509 -0.333333
502 510 -0.333333
503 511 -0.600000
504 512 0.466667
505 509 0.466667
505 510 -0.200000
505 511 0.466667
505 512 1.666667
505 601 -3.000000
506 509 0.866667
506 510 -0.600000
506 511 -0.733333
506 512 0.466667
506 602 3.000000
507 509 1.000000
507 510 -0.733333
507 511 1.000000
507 512 0.200000
507 603 -1.000000
508 509 1.000000
508 510 0.866667
508 511 -0.333333
508 512 0.600000
508 604 0.333333
509 517 0.200000
510 518 0.866667
511 519 -0.733333
512 520 -0.600000
513 517 0.733333
513 518 1.000000
513 519 -0.466667
513 520 -0.066667
513 609 0.466667
514 517 0.600000
514 518 -1.000000
514 519 0.600000
514 520 0.733333
514 610 0.600000
515 517 0.200000
515 518 0.466667
515 519 -0.466667
515 520 0.733333
515 611 -0.333333
516 517 -1.000000
516 518 0.066667
516 519 0.466667
516 520 -0.333333
516 612 -0.600000
517 525 -0.866667
518 526 -0.200000
519 527 -0.600000
520 528 -0.333333
521 525 -0.600000
521 526 0.066667
521 527 -0.466667
521 528 0.600000
521 617 -0.733333
522 525 0.866667
522 526 0.200000
522 527 1.000000
522 528 -0.866667
522 618 -0.733333
523 525 0.333333
523 526 -0.466667
523 527 0.600000
523 528 -0.200000
523 619 -0.733333
524 525 0.066667
524 526 -0.733333
524 527 0.600000
524 528 0.466667
524 620 0.733333
525 533 0.600000
526 534 0.866667
527 535 -0.066667
528 536 -0.333333
529 533 0.200000
529 534 -0.200000
529 535 0.066667
529 536 -0.733333
529 625 0.866667
530 533 -0.200000
530 534 -0.333333
530 535 -0.333333
530 536 0.466667
530 626 0.733333
531 533 -0.600000
531 534 0.600000
531 535 -0.466667
531 536 0.600000
531 627 0.066667
532 533 0.466667
532 534 1.000000
532 535 0.200000
532 536 0.600000
532 628 0.466667
533 541 0.733333
534 542 0.200000
535 543 0.600000
536 544 -0.200000
537 541 -0.866667
537 542 -0.200000
537 543 1.000000
537 544 -1.000000
537 633 -0.466667
538 541 1.000000
538 542 1.000000
538 543 -0.466667
538 544 -0.866667
538 634 -1.000000
539 541 -0.466667
539 542 -0.466667
539 543 -0.466667
539 544 -0.466667
539 635 0.466667
540 541 0.600000
540 542 0.866667
540 543 1.000000
540 544 0.466667
540 636 -0.600000
541 549 -0.333333
542 550 0.200000
543 551 0.733333
544 552 0.733333
545 549 -0.066667
545 550 -0.733333
545 551 0.466667
545 552 -0.333333
545 641 -0.733333
546 549 -0.866667
546 550 0.600000
546 551 -1.000000
546 552 0.066667
546 642 -0.200000
547 549 0.333333
547 550 -1.000000
547 551 -5.000000
547 552 -0.466667
547 643 0.200000
548 549 0.466667
548 550 0.466667
548 551 -0.200000
548 552 -0.333333
548 644 -0.466667
549 557 0.600000
550 558 0.333333
551 559 -0.066667
552 560 -1.000000
553 557 -0.733333
553 558 -0.200000
553 559 0.466667
553 560 1.000000
553 649 -0.866667
554 557 -1.000000
554 558 0.466667
554 559 -0.200000
554 560 -0.066667
554 650 -0.466667
555 557 0.200000
555 558 0.066667
555 559 0.333333
555 560 -0.600000
555 651 0.200000
556 557 1.000000
556 558 0.200000
556 559 0.200000
556 560 0.733333
556 652 -0.066667
557 565 0.200000
558 566 0.066667
559 567 0.466667
560 568 -0.200000
561 565 -1.000000
561 566 -0.733333
561 567 1.000000
561 568 0.200000
561 657 -0.333333
562 565 0.600000
562 566 -0.333333
562 567 1.000000
562 568 1.000000
562 658 0.066667
563 565 -0.866667
563 566 0.600000
563 567 -1.000000
563 568 -0.333333
563 659 -0.866667
564 565 -0.600000
564 566 0.733333
564 567 -0.333333
564 568 1.000000
564 660 -0.466667
565 573 -0.333333
566 574 -0.866667
567 575 -0.333333
568 576 0.866667
569 573 -0.466667
569 574 -0.600000
569 575 0.466667
569 576 0.733333
569 665 -0.200000
570 573 -0.200000
570 574 -0.333333
570 575 0.466667
570 576 -0.866667
570 666 -0.200000
571 573 -0.733333
571 574 -0.200000
571 575 0.733333
571 576 1.000000
571 667 -0.333333
572 573 -0.733333
572 574 -0.466667
572 575 -0.333333
572 576 -0.333333
572 668 -0.333333
577 581 -0.866667
577 582 -3.666667
577 583 0.066667
577 584 -0.733333
577 673 1.000000
578 581 0.466667
578 582 -0.066667
578 583 0.866667
578 584 0.733333
578 674 -0.333333
579 581 0.733333
579 582 -0.866667
579 583 0.733333
579 584 0.466667
579 675 0.066667
580 581 0.466667
580 582 -0.733333
580 583 -0.333333
580 584 0.333333
580 676 1.000000
581 589 -4.333333
582 590 -3.666667
583 591 0.600000
584 592 4.333333
585 589 -0.866667
585 590 -4.333333
585 591 1.000000
585 592 -0.466667
585 681 -1.000000
586 589 1.000000
586 590 -2.333333
586 591 3.000000
586 592 0.333333
586 682 3.666667
587 589 -0.600000
587 590 5.000000
587 591 0.733333
587 592 -0.466667
587 683 0.066667
588 589 -2.333333
588 590 0.466667
588 591 0.066667
588 592 4.333333
588 684 -0.200000
589 597 -2.333333
590 598 -5.000000
591 599 -0.466667
592 600 0.866667
593 597 4.333333
593 598 0.333333
593 599 -0.600000
593 600 1.000000
593 689 -0.200000
594 597 -0.466667
594 598 -0.466667
594 599 0.333333
594 600 -0.466667
594 690 0.333333
595 597 -0.466667
595 598 1.666667
595 599 -0.200000
595 600 0.200000
595 691 0.866667
596 597 -0.333333
596 598 -0.733333
596 599 0.600000
596 600 0.066667
596 692 0.200000
597 605 -4.333333
598 606 0.066667
599 607 0.600000
600 608 0.200000
601 605 -0.466667
601 606 -1.000000
601 607 0.866667
601 608 0.733333
601 697 1.000000
602 605 -2.333333
602 606 -0.333333
602 607 3.000000
602 608 -0.733333
602 698 -5.000000
603 605 4.333333
603 606 0.200000
603 607 -1.000000
603 608 -0.733333
603 699 -0.333333
604 605 0.466667
604 606 -0.333333
604 607 3.000000
604 608 0.733333
604 700 -5.000000
605 613 -1.000000
606 614 -0.466667
607 615 0.466667
608 616 1.000000
609 613 0.733333
609 614 0.466667
609 615 0.066667
609 616 0.600000
609 705 0.866667
610 613 -0.866667
610 614 -0.733333
610 615 1.000000
610 616 0.200000
610 706 0.600000
611 613 0.600000
611 614 0.600000
611 615 0.600000
611 616 -1.000000
611 707 -0.600000
612 613 1.000000
612 614 -0.200000
612 615 -1.000000
612 616 0.333333
612 708 -0.333333
613 621 -0.600000
614 622 -0.200000
615 623 0.733333
616 624 -0.600000
617 621 0.466667
617 622 -0.733333
617 623 0.466667
617 624 0.866667
617 713 -0.200000
618 621 0.200000
618 622 0.333333
618 623 0.733333
618 624 -0.200000
618 714 0.866667
619 621 -0.466667
619 622 0.066667
619 623 0.200000
619 624 -0.733333
619 715 1.000000
620 621 0.333333
620 622 -0.733333
620 623 -0.066667
620 624 0.600000
620 716 0.066667
621 629 -0.200000
622 630 0.866667
623 631 -0.333333
624 632 0.733333
625 629 -0.200000
625 630 -0.066667
625 631 -0.866667
625 632 0.333333
625 721 1.000000
626 629 0.200000
626 630 0.200000
626 631 -3.666667
626 632 0.200000
626 722 -2.333333
627 629 -0.866667
627 630 -0.066667
627 631 0.600000
627 632 -0.466667
627 723 0.333333
628 629 -0.333333
628 630 -0.866667
628 631 -1.000000
628 632 0.066667
628 724 -0.866667
629 637 -0.066667
630 638 -1.000000
631 639 0.333333
632 640 -0.200000
633 637 0.866667
633 638 -0.066667
633 639 -0.200000
633 640 0.200000
633 729 -0.866667
634 637 -4.333333
634 638 0.200000
634 639 0.866667
634 640 -1.000000
634 730 -0.466667
635 637 -0.600000
635 638 -0.466667
635 639 -0.066667
635 640 -0.200000
635 731 -0.200000
636 637 -1.666667
636 638 -0.600000
636 639 -0.333333
636 640 0.733333
636 732 2.333333
637 645 -1.000000
638 646 -0.200000
639 647 0.600000
640 648 0.333333
641 645 -0.333333
641 646 0.866667
641 647 0.866667
641 648 0.866667
641 737 -0.466667
642 645 0.733333
642 646 0.333333
642 647 1.000000
642 648 0.200000
642 738 1.000000
643 645 1.000000
643 646 -0.866667
643 647 -0.600000
643 648 0.466667
643 739 -0.200000
644 645 0.333333
644 646 -0.200000
644 647 -0.066667
644 648 0.333333
644 740 1.000000
645 653 -0.733333
646 654 0.200000
647 655 0.733333
648 656 1.000000
649 653 0.466667
649 654 0.466667
649 655 0.866667
649 656 -0.066667
649 745 0.466667
650 653 -0.733333
650 654 -0.600000
650 655 -1.000000
650 656 -1.000000
650 746 0.466667
651 653 -0.466667
651 654 0.733333
651 655 0.333333
651 656 0.866667
651 747 -0.200000
652 653 0.466667
652 654 1.000000
652 655 0.466667
652 656 -0.200000
652 748 0.600000
653 661 0.333333
654 662 -0.600000
655 663 1.000000
656 664 -1.000000
657 661 -0.200000
657 662 -0.066667
657 663 0.733333
657 664 0.866667
657 753 0.600000
658 661 0.066667
658 662 -0.466667
658 663 -1.000000
658 664 0.466667
658 754 1.000000
659 661 -0.466667
659 662 0.066667
659 663 0.866667
659 664 -1.000000
659 755 0.733333
660 661 0.333333
660 662 -0.866667
660 663 -0.066667
660 664 -0.200000
660 756 0.066667
661 669 0.333333
662 670 -0.600000
663 671 0.333333
664 672 -0.600000
665 669 -0.866667
665 670 -1.000000
665 671 0.466667
665 672 0.333333
665 761 0.600000
666 669 0.333333
666 670 0.866667
666 671 0.466667
666 672 0.733333
666 762 -0.600000
667 669 0.066667
667 670 -0.600000
667 671 -0.733333
667 672 -0.333333
667 763 2.333333
668 669 0.733333
668 670 -0.466667
668 671 0.333333
668 672 0.200000
668 764 1.000000
673 677 1.000000
673 678 0.066667
673 679 1.000000
673 680 0.466667
673 769 0.333333
674 677 -0.466667
674 678 -0.466667
674 679 0.866667
674 680 -3.000000
674 770 -0.066667
675 677 0.733333
675 678 0.600000
675 679 -0.733333
675 680 -1.000000
675 771 -0.600000
676 677 0.866667
676 678 0.066667
676 679 -0.600000
676 680 4.333333
676 772 0.333333
677 685 1.000000
678 686 0.066667
679 687 -3.000000
680 688 -0.600000
681 685 -0.600000
681 686 -0.066667
681 687 0.066667
681 688 -0.066667
681 777 0.333333
682 685 0.066667
682 686 -0.733333
682 687 0.333333
682 688 5.000000
682 778 3.000000
683 685 -0.600000
683 686 -0.333333
683 687 -0.733333
683 688 0.200000
683 779 -0.600000
684 685 -0.600000
684 686 1.000000
684 687 -0.466667
684 688 0.333333
684 780 0.200000
685 693 0.066667
686 694 -0.466667
687 695 3.666667
688 696 0.200000
689 693 0.733333
689 694 -0.466667
689 695 0.600000
689 696 -0.866667
689 785 1.000000
690 693 0.466667
690 694 -0.066667
690 695 -0.466667
690 696 -0.066667
690 786 0.200000
691 693 2.333333
691 694 0.466667
691 695 3.666667
691 696 -0.466667
691 787 -0.866667
692 693 -4.333333
692 694 -0.866667
692 695 -0.066667
692 696 0.733333
692 788 0.200000
693 701 -0.866667
694 702 1.000000
695 703 1.000000
696 704 -0.466667
697 701 -0.466667
697 702 -0.600000
697 703 1.666667
697 704 1.000000
697 793 0.066667
698 701 0.066667
698 702 0.600000
698 703 -0.333333
698 704 0.733333
698 794 -1.000000
699 701 0.200000
699 702 -1.000000
699 703 -3.000000
699 704 -0.600000
699 795 0.866667
700 701 -4.333333
700 702 3.000000
700 703 -5.000000
700 704 1.000000
700 796 -2.333333
701 709 -4.333333
702 710 -1.666667
703 711 0.466667
704 712 -3.666667
705 709 1.000000
705 710 0.466667
705 711 -1.666667
705 712 -0.466667
705 801 -0.333333
706 709 3.666667
706 710 -0.466667
706 711 -1.000000
706 712 -1.000000
706 802 0.066667
707 709 -1.000000
707 710 3.000000
707 711 0.466667
707 712 -0.600000
707 803 2.333333
708 709 3.000000
708 710 5.000000
708 711 0.733333
708 712 -3.000000
708 804 -0.733333
709 717 1.000000
710 718 -1.000000
711 719 -1.000000
712 720 0.200000
713 717 0.866667
713 718 1.000000
713 719 -0.200000
713 720 -0.200000
713 809 -0.466667
714 717 0.466667
714 718 0.333333
714 719 -0.600000
714 720 -0.333333
714 810 0.866667
715 717 -1.000000
715 718 0.600000
715 719 -0.866667
715 720 -0.066667
715 811 1.000000
716 717 -0.600000
716 718 -0.200000
716 719 -0.866667
716 720 0.600000
716 812 0.466667
717 725 -3.666667
718 726 2.333333
719 727 0.200000
720 728 0.066667
721 725 -1.000000
721 726 -3.666667
721 727 -0.466667
721 728 0.333333
721 817 0.066667
722 725 0.466667
722 726 -2.333333
722 727 -0.333333
722 728 1.000000
722 818 -0.066667
723 725 -0.600000
723 726 -0.466667
723 727 -1.000000
723 728 1.000000
723 819 -1.000000
724 725 2.333333
724 726 0.200000
724 727 -1.000000
724 728 -5.000000
724 820 -0.200000
725 733 -3.666667
726 734 -0.600000
727 735 -0.200000
728 736 -4.333333
729 733 -0.733333
729 734 -0.466667
729 735 0.733333
729 736 -1.000000
729 825 0.866667
730 733 -0.066667
730 734 -1.000000
730 735 0.200000
730 736 4.333333
730 826 1.000000
731 733 -0.733333
731 734 -1.000000
731 735 0.333333
731 736 0.066667
731 827 0.866667
732 733 -0.066667
732 734 0.600000
732 735 0.333333
732 736 -1.000000
732 828 -0.333333
733 741 0.866667
734 742 -0.066667
735 743 1.000000
736 744 -1.000000
737 741 -0.733333
737 742 0.333333
737 743 -0.200000
737 744 -0.866667
737 833 -0.600000
738 741 -0.600000
738 742 0.466667
738 743 -0.466667
738 744 -0.200000
738 834 -3.000000
739 741 -1.000000
739 742 -0.866667
739 743 0.200000
739 744 0.866667
739 835 1.000000
740 741 -0.733333
740 742 -0.333333
740 743 0.600000
740 744 1.000000
740 836 0.600000
741 749 -0.466667
742 750 0.466667
743 751 -0.866667
744 752 0.600000
745 749 0.733333
745 750 0.466667
745 751 0.066667
745 752 -0.866667
745 841 0.600000
746 749 -0.066667
746 750 0.066667
746 751 0.733333
746 752 0.600000
746 842 -0.066667
747 749 -0.866667
747 750 0.200000
747 751 -0.466667
747 752 0.733333
747 843 -0.600000
748 749 -0.600000
748 750 -0.866667
748 751 -0.866667
748 752 -0.333333
748 844 -0.733333
749 757 -0.333333
750 758 1.000000
751 759 0.466667
752 760 1.000000
753 757 0.866667
753 758 0.600000
753 759 0.200000
753 760 -0.066667
753 849 -0.200000
754 757 -0.866667
754 758 0.066667
754 759 0.866667
754 760 1.000000
754 850 0.466667
755 757 -0.866667
755 758 -0.466667
755 759 -1.000000
755 760 0.466667
755 851 -0.600000
756 757 -0.066667
756 758 0.333333
756 759 -0.200000
756 760 -0.466667
756 852 -0.600000
757 765 0.333333
758 766 0.200000
759 767 0.466667
760 768 0.200000
761 765 -0.466667
761 766 0.600000
761 767 0.200000
761 768 -0.200000
761 857 -0.200000
762 765 1.000000
762 766 0.333333
762 767 0.200000
762 768 -0.733333
762 858 0.333333
763 765 -0.066667
763 766 -0.600000
763 767 -4.333333
763 768 -0.733333
763 859 3.000000
764 765 1.000000
764 766 0.733333
764 767 1.000000
764 768 -0.466667
764 860 -0.200000
769 773 -1.000000
769 774 -0.466667
769 775 -0.200000
769 776 0.466667
769 865 -0.733333
770 773 0.733333
770 774 -0.200000
770 775 0.866667
770 776 -0.333333
770 866 -0.333333
771 773 -0.466667
771 774 -0.066667
771 775 -0.866667
771 776 1.000000
771 867 -0.600000
772 773 -0.333333
772 774 -0.333333
772 775 -0.333333
772 776 -0.866667
772 868 -0.466667
773 781 0.333333
774 782 -0.600000
775 783 1.000000
776 784 0.733333
777 781 2.333333
777 782 0.200000
777 783 0.600000
777 784 -1.000000
777 873 1.000000
778 781 1.000000
778 782 -0.466667
778 783 0.200000
778 784 -1.000000
778 874 1.000000
779 781 -0.733333
779 782 0.866667
779 783 -0.066667
779 784 -0.600000
779 875 -1.000000
780 781 -0.600000
780 782 -0.600000
780 783 -1.000000
780 784 -0.466667
780 876 -0.333333
781 789 -0.733333
782 790 -0.733333
783 791 -1.000000
784 792 0.600000
785 789 0.733333
785 790 -0.200000
785 791 -0.200000
785 792 0.466667
785 881 -0.466667
786 789 0.200000
786 790 0.200000
786 791 -0.866667
786 792 0.733333
786 882 0.200000
787 789 -0.333333
787 790 -0.066667
787 791 1.000000
787 792 0.600000
787 883 3.666667
788 789 0.600000
788 790 -1.000000
788 791 0.600000
788 792 1.000000
788 884 0.733333
789 797 0.466667
790 798 0.866667
791 799 -0.333333
792 800 0.600000
793 797 -1.000000
793 798 0.733333
793 799 1.000000
793 800 0.200000
793 889 0.333333
794 797 -0.866667
794 798 -0.466667
794 799 -0.200000
794 800 0.066667
794 890 -0.200000
795 797 -0.600000
795 798 -1.000000
795 799 -0.600000
795 800 0.866667
795 891 0.600000
796 797 -0.866667
796 798 0.600000
796 799 -4.333333
796 800 3.000000
796 892 -1.666667
797 805 0.866667
798 806 0.200000
799 807 -1.666667
800 808 1.000000
801 805 -0.466667
801 806 -3.666667
801 807 -0.066667
801 808 -0.333333
801 897 0.866667
802 805 2.333333
802 806 0.333333
802 807 5.000000
802 808 0.600000
802 898 0.466667
803 805 0.200000
803 806 -0.333333
803 807 -0.333333
803 808 0.466667
803 899 -0.333333
804 805 -0.733333
804 806 4.333333
804 807 1.000000
804 808 -1.000000
804 900 -5.000000
805 813 -3.000000
806 814 1.000000
807 815 2.333333
808 816 0.466667
809 813 0.733333
809 814 -0.866667
809 815 -5.000000
809 816 0.200000
809 905 -0.600000
810 813 1.000000
810 814 1.000000
810 815 -4.333333
810 816 0.066667
810 906 0.200000
811 813 0.333333
811 814 0.333333
811 815 0.866667
811 816 0.866667
811 907 1.000000
812 813 -0.333333
812 814 -1.000000
812 815 -0.600000
812 816 0.200000
812 908 0.866667
813 821 0.333333
814 822 0.733333
815 823 -0.333333
816 824 3.000000
817 821 -1.000000
817 822 -0.466667
817 823 0.466667
817 824 0.866667
817 913 0.333333
818 821 -0.066667
818 822 0.600000
818 823 -0.333333
818 824 0.200000
818 914 0.733333
819 821 0.466667
819 822 -0.600000
819 823 -1.000000
819 824 1.000000
819 915 0.200000
820 821 0.200000
820 822 -1.000000
820 823 1.000000
820 824 -0.466667
820 916 0.866667
821 829 0.866667
822 830 -0.733333
823 831 -0.066667
824 832 -0.200000
825 829 0.333333
825 830 1.000000
825 831 0.066667
825 832 0.333333
825 921 0.200000
826 829 -0.733333
826 830 -0.733333
826 831 -0.333333
826 832 0.066667
826 922 -0.733333
827 829 -0.466667
827 830 -0.333333
827 831 0.333333
827 832 1.000000
827 923 0.200000
828 829 -0.866667
828 830 0.200000
828 831 0.466667
828 832 -0.600000
828 924 2.333333
829 837 0.466667
830 838 -0.733333
831 839 1.000000
832 840 0.200000
833 837 0.600000
833 838 -0.733333
833 839 0.333333
833 840 -0.466667
833 929 -0.866667
834 837 1.000000
834 838 0.866667
834 839 0.333333
834 840 -0.866667
834 930 -1.000000
835 837 -4.333333
835 838 -0.733333
835 839 2.333333
835 840 3.000000
835 931 -1.666667
836 837 0.200000
836 838 -0.733333
836 839 -1.000000
836 840 -1.000000
836 932 0.066667
837 845 0.466667
838 846 0.066667
839 847 -0.200000
840 848 0.333333
841 845 0.733333
841 846 -1.000000
841 847 -0.333333
841 848 -0.600000
841 937 0.200000
842 845 0.333333
842 846 -0.866667
842 847 -0.066667
842 848 -0.466667
842 938 -1.000000
843 845 0.466667
843 846 0.066667
843 847 -0.866667
843 848 -0.200000
843 939 0.466667
844 845 -0.466667
844 846 0.733333
844 847 -0.333333
844 848 0.466667
844 940 -1.000000
845 853 -0.066667
846 854 0.600000
847 855 0.333333
848 856 -0.333333
849 853 -0.333333
849 854 -0.600000
849 855 -0.333333
849 856 0.466667
849 945 0.066667
850 853 0.333333
850 854 0.066667
850 855 -0.066667
850 856 -0.200000
850 946 -0.066667
851 853 0.466667
851 854 -0.600000
851 855 -0.200000
851 856 -0.733333
851 947 0.733333
852 853 0.333333
852 854 -0.733333
852 855 0.066667
852 856 0.466667
852 948 0.066667
853 861 0.600000
854 862 -0.600000
855 863 0.200000
856 864 -0.333333
857 861 0.066667
857 862 -0.066667
857 863 0.866667
857 864 1.000000
857 953 -0.066667
858 861 1.000000
858 862 0.466667
858 863 -0.600000
858 864 0.466667
858 954 -0.066667
859 861 -0.066667
859 862 0.866667
859 863 0.066667
859 864 -1.000000
859 955 0.200000
860 861 -0.866667
860 862 -0.066667
860 863 -0.066667
860 864 1.000000
860 956 -1.000000
865 869 -0.200000
865 870 -0.866667
865 871 0.600000
865 872 0.066667
865 961 0.066667
866 869 0.200000
866 870 -0.466667
866 871 0.733333
866 872 0.333333
866 962 1.000000
867 869 -0.733333
867 870 0.600000
867 871 0.866667
867 872 -0.333333
867 963 0.066667
868 869 0.866667
868 870 -0.466667
868 871 0.600000
868 872 1.000000
868 964 -1.000000
869 877 0.600000
870 878 -0.066667
871 879 -0.333333
872 880 -0.600000
873 877 0.866667
873 878 -0.200000
873 879 0.200000
873 880 -0.200000
873 969 -0.200000
874 877 -0.733333
874 878 0.733333
874 879 0.200000
874 880 -0.600000
874 970 -0.866667
875 877 0.200000
875 878 2.333333
875 879 0.200000
875 880 -1.000000
875 971 -0.066667
876 877 0.866667
876 878 4.333333
876 879 1.000000
876 880 -0.066667
876 972 -0.466667
877 885 -0.466667
878 886 -0.066667
879 887 0.200000
880 888 -0.733333
881 885 0.200000
881 886 0.200000
881 887 1.000000
881 888 -0.866667
881 977 -0.066667
882 885 0.733333
882 886 0.466667
882 887 0.200000
882 888 -0.466667
882 978 0.333333
883 885 -0.066667
883 886 0.466667
883 887 -0.466667
883 888 1.000000
883 979 0.066667
884 885 0.733333
884 886 0.333333
884 887 0.866667
884 888 1.000000
884 980 -0.466667
885 893 -0.600000
886 894 -0.733333
887 895 -0.200000
888 896 -0.733333
889 893 0.466667
889 894 -0.733333
889 895 0.200000
889 896 -0.333333
889 985 -5.000000
890 893 0.066667
890 894 0.200000
890 895 0.866667
890 896 -0.066667
890 986 0.866667
891 893 0.600000
891 894 -0.600000
891 895 0.733333
891 896 0.200000
891 987 0.733333
892 893 0.200000
892 894 0.733333
892 895 0.600000
892 896 -0.066667
892 988 0.066667
893 901 0.066667
894 902 -0.466667
895 903 5.000000
896 904 0.466667
897 901 -0.200000
897 902 1.000000
897 903 -0.600000
897 904 -0.200000
897 993 0.466667
898 901 0.866667
898 902 0.866667
898 903 0.066667
898 904 0.733333
898 994 -0.600000
899 901 0.066667
899 902 0.733333
899 903 -0.866667
899 904 0.733333
899 995 -0.466667
900 901 -0.066667
900 902 -1.000000
900 903 -5.000000
900 904 0.333333
900 996 0.866667
901 909 -1.000000
902 910 -0.733333
903 911 4.333333
904 912 0.733333
905 909 -0.600000
905 910 -1.000000
905 911 0.600000
905 912 0.333333
905 1001 0.333333
906 909 -0.333333
906 910 0.866667
906 911 -3.000000
906 912 -0.466667
906 1002 1.000000
907 909 0.066667
907 910 -0.733333
907 911 0.600000
907 912 0.200000
907 1003 -0.066667
908 909 1.000000
908 910 -0.600000
908 911 0.733333
908 912 -0.466667
908 1004 -0.333333
909 917 1.000000
910 918 1.000000
911 919 -5.000000
912 920 -0.733333
913 917 -0.066667
913 918 -0.333333
913 919 0.866667
913 920 -0.466667
913 1009 0.866667
914 917 -0.066667
914 918 -0.866667
914 919 0.200000
914 920 1.000000
914 1010 -3.666667
915 917 -0.333333
915 918 0.066667
915 919 -0.733333
915 920 -0.600000
915 1011 -0.733333
916 917 0.600000
916 918 -0.333333
916 919 5.000000
916 920 -5.000000
916 1012 0.333333
917 925 -0.333333
918 926 0.066667
919 927 -1.000000
920 928 0.733333
921 925 -0.733333
921 926 -0.600000
921 927 -0.733333
921 928 0.466667
921 1017 -0.733333
922 925 0.066667
922 926 -4.333333
922 927 0.866667
922 928 -0.333333
922 1018 0.866667
923 925 -0.066667
923 926 -0.333333
923 927 -0.733333
923 928 1.666667
923 1019 0.333333
924 925 0.066667
924 926 -5.000000
924 927 0.066667
924 928 -5.000000
924 1020 -0.466667
925 933 -0.333333
926 934 5.000000
927 935 0.066667
928 936 -0.333333
929 933 -0.066667
929 934 -0.733333
929 935 0.200000
929 936 -0.600000
929 1025 0.466667
930 933 0.600000
930 934 0.200000
930 935 0.733333
930 936 0.466667
930 1026 -0.333333
931 933 1.000000
931 934 -0.733333
931 935 -0.066667
931 936 0.066667
931 1027 -0.866667
932 933 1.000000
932 934 0.600000
932 935 0.066667
932 936 -0.866667
932 1028 -0.600000
933 941 0.866667
934 942 0.200000
935 943 -0.466667
936 944 0.466667
937 941 -0.066667
937 942 0.200000
937 943 -1.666667
937 944 -1.666667
937 1033 -0.600000
938 941 -0.333333
938 942 3.000000
938 943 0.600000
938 944 0.600000
938 1034 -0.600000
939 941 -0.466667
939 942 1.000000
939 943 -0.333333
939 944 0.733333
939 1035 -0.333333
940 941 -0.066667
940 942 -0.733333
940 943 0.333333
940 944 -0.866667
940 1036 0.466667
941 949 -0.066667
942 950 0.200000
943 951 0.333333
944 952 0.333333
945 949 -0.600000
945 950 0.466667
945 951 3.000000
945 952 3.666667
945 1041 0.466667
946 949 1.000000
946 950 -0.466667
946 951 1.000000
946 952 -1.000000
946 1042 -0.333333
947 949 0.200000
947 950 1.000000
947 951 -0.333333
947 952 -0.466667
947 1043 -1.000000
948 949 0.200000
948 950 0.200000
948 951 1.000000
948 952 0.333333
948 1044 -0.066667
949 957 -0.066667
950 958 -0.466667
951 959 4.333333
952 960 -0.733333
953 957 -0.066667
953 958 -0.733333
953 959 -0.333333
953 960 -0.866667
953 1049 -0.600000
954 957 -0.866667
954 958 0.733333
954 959 0.600000
954 960 0.466667
954 1050 0.600000
955 957 -1.000000
955 958 0.066667
955 959 -0.466667
955 960 -0.733333
955 1051 -3.666667
956 957 -0.733333
956 958 -1.000000
956 959 0.200000
956 960 0.333333
956 1052 -0.200000
961 965 0.333333
961 966 0.600000
961 967 -0.600000
961 968 -0.333333
961 1057 1.000000
962 965 -0.866667
962 966 -0.466667
962 967 -0.600000
962 968 0.066667
962 1058 0.466667
963 965 0.200000
963 966 0.733333
963 967 -0.200000
963 968 -0.466667
963 1059 -0.066667
964 965 -0.866667
964 966 -0.866667
964 967 0.600000
964 968 0.466667
964 1060 0.466667
965 973 -0.600000
966 974 -0.733333
967 975 0.733333
968 976 1.000000
969 973 -0.466667
969 974 0.866667
969 975 0.600000
969 976 -0.600000
969 1065 0.200000
970 973 0.333333
970 974 0.200000
970 975 0.866667
970 976 0.866667
970 1066 0.466667
971 973 -0.466667
971 974 0.333333
971 975 0.866667
971 976 0.733333
971 1067 0.333333
972 973 -0.066667
972 974 0.733333
972 975 0.066667
972 976 -0.733333
972 1068 0.466667
973 981 1.000000
974 982 -0.866667
975 983 -1.000000
976 984 0.733333
977 981 0.600000
977 982 0.333333
977 983 -0.600000
977 984 -0.200000
977 1073 0.733333
978 981 1.000000
978 982 4.333333
978 983 0.066667
978 984 0.066667
978 1074 -0.066667
979 981 0.066667
979 982 1.000000
979 983 0.866667
979 984 0.733333
979 1075 -0.600000
980 981 -0.733333
980 982 0.466667
980 983 -0.466667
980 984 0.066667
980 1076 -0.066667
981 989 -0.600000
982 990 3.000000
983 991 -0.066667
984 992 0.866667
985 989 1.000000
985 990 0.333333
985 991 0.066667
985 992 0.600000
985 1081 -1.000000
986 989 0.066667
986 990 0.600000
986 991 -0.200000
986 992 0.066667
986 1082 -0.866667
987 989 0.733333
987 990 -0.466667
987 991 0.600000
987 992 -0.066667
987 1083 -0.200000
988 989 0.066667
988 990 0.466667
988 991 0.333333
988 992 -0.066667
988 1084 0.600000
989 997 0.600000
990 998 3.000000
991 999 0.333333
992 1000 -0.200000
993 997 0.733333
993 998 0.866667
993 999 1.666667
993 1000 2.333333
993 1089 -0.600000
994 997 -1.666667
994 998 -4.333333
994 999 3.666667
994 1000 0.733333
994 1090 -0.600000
995 997 -0.200000
995 998 1.000000
995 999 -3.000000
995 1000 -0.066667
995 1091 -0.466667
996 997 0.733333
996 998 0.466667
996 999 3.666667
996 1000 -0.333333
996 1092 0.466667
997 1005 0.333333
998 1006 0.066667
999 1007 4.333333
1000 1008 -3.000000
1001 1005 3.666667
1001 1006 -0.466667
1001 1007 0.200000
1001 1008 0.466667
1001 1097 1.666667
1002 1005 0.600000
1002 1006 -0.733333
1002 1007 -0.866667
1002 1008 0.333333
1002 1098 -0.333333
1003 1005 -0.200000
1003 1006 -0.600000
1003 1007 -0.466667
1003 1008 0.600000
1003 1099 -1.000000
1004 1005 1.000000
1004 1006 0.066667
1004 1007 -0.466667
1004 1008 0.600000
1004 1100 -0.466667
1005 1013 0.733333
1006 1014 -0.733333
1007 1015 -0.600000
1008 1016 -1.000000
1009 1013 -0.066667
1009 1014 0.866667
1009 1015 -0.600000
1009 1016 -0.333333
1009 1105 0.733333
1010 1013 0.466667
1010 1014 -0.466667
1010 1015 -4.333333
1010 1016 0.600000
1010 1106 0.333333
1011 1013 0.600000
1011 1014 0.200000
1011 1015 -0.200000
1011 1016 2.333333
1011 1107 0.066667
1012 1013 0.733333
1012 1014 -0.200000
1012 1015 0.333333
1012 1016 -1.666667
1012 1108 3.666667
1013 1021 -0.200000
1014 1022 -0.866667
1015 1023 -3.666667
1016 1024 -0.866667
1017 1021 0.600000
1017 1022 0.333333
1017 1023 0.066667
1017 1024 -0.333333
1017 1113 0.600000
1018 1021 0.600000
1018 1022 0.600000
1018 1023 3.666667
1018 1024 -0.866667
1018 1114 -0.866667
1019 1021 -0.466667
1019 1022 0.333333
1019 1023 -0.733333
1019 1024 -0.333333
1019 1115 0.733333
1020 1021 0.333333
1020 1022 0.200000
1020 1023 0.200000
1020 1024 0.600000
1020 1116 -0.333333
1021 1029 2.333333
1022 1030 -0.333333
1023 1031 3.000000
1024 1032 -0.733333
1025 1029 0.066667
1025 1030 0.733333
1025 1031 0.733333
1025 1032 -0.600000
1025 1121 -0.600000
1026 1029 -0.466667
1026 1030 -1.000000
1026 1031 0.200000
1026 1032 0.200000
1026 1122 0.466667
1027 1029 1.666667
1027 1030 3.000000
1027 1031 0.066667
1027 1032 0.333333
1027 1123 -0.866667
1028 1029 -0.466667
1028 1030 1.000000
1028 1031 -0.333333
1028 1032 0.600000
1028 1124 0.333333
1029 1037 -3.666667
1030 1038 -0.600000
1031 1039 -0.066667
1032 1040 -0.333333
1033 1037 0.466667
1033 1038 0.066667
1033 1039 0.200000
1033 1040 0.466667
1033 1129 0.333333
1034 1037 -1.000000
1034 1038 -0.600000
1034 1039 0.866667
1034 1040 -3.000000
1034 1130 0.600000
1035 1037 -2.333333
1035 1038 -3.000000
1035 1039 3.000000
1035 1040 -1.000000
1035 1131 0.733333
1036 1037 0.333333
1036 1038 0.733333
1036 1039 3.000000
1036 1040 -2.333333
1036 1132 -0.600000
1037 1045 3.000000
1038 1046 -0.466667
1039 1047 0.600000
1040 1048 0.333333
1041 1045 -5.000000
1041 1046 1.000000
1041 1047 -0.066667
1041 1048 0.466667
1041 1137 0.333333
1042 1045 0.200000
1042 1046 0.066667
1042 1047 -0.466667
1042 1048 0.200000
1042 1138 -0.600000
1043 1045 0.600000
1043 1046 -0.333333
1043 1047 0.600000
1043 1048 -0.733333
1043 1139 0.066667
1044 1045 2.333333
1044 1046 -3.000000
1044 1047 1.000000
1044 1048 0.200000
1044 1140 -0.200000
1045 1053 0.333333
1046 1054 -5.000000
1047 1055 -0.466667
1048 1056 -2.333333
1049 1053 -0.600000
1049 1054 0.200000
1049 1055 0.466667
1049 1056 1.000000
1049 1145 0.733333
1050 1053 -0.466667
1050 1054 1.000000
1050 1055 1.000000
1050 1056 -3.666667
1050 1146 0.866667
1051 1053 0.333333
1051 1054 -4.333333
1051 1055 -4.333333
1051 1056 5.000000
1051 1147 -3.000000
1052 1053 -1.000000
1052 1054 1.000000
1052 1055 -4.333333
1052 1056 -0.866667
1052 1148 0.066667
1057 1061 -0.466667
1057 1062 0.866667
1057 1063 0.866667
1057 1064 0.733333
1058 1061 0.733333
1058 1062 -0.066667
1058 1063 0.200000
1058 1064 -0.866667
1059 1061 -0.733333
1059 1062 -0.200000
1059 1063 0.733333
1059 1064 1.666667
1060 1061 -0.333333
1060 1062 -0.466667
1060 1063 -0.733333
1060 1064 -0.600000
1061 1069 0.066667
1062 1070 0.600000
1063 1071 1.000000
1064 1072 0.600000
1065 1069 -0.733333
1065 1070 -1.000000
1065 1071 -0.200000
1065 1072 0.866667
1066 1069 -0.200000
1066 1070 -0.600000
1066 1071 0.866667
1066 1072 -0.733333
1067 1069 -0.200000
1067 1070 -0.600000
1067 1071 0.200000
1067 1072 0.600000
1068 1069 -0.866667
1068 1070 -0.600000
1068 1071 0.733333
1068 1072 -1.000000
1069 1077 -0.600000
1070 1078 -0.733333
1071 1079 -0.733333
1072 1080 -0.600000
1073 1077 -2.333333
1073 1078 -0.333333
1073 1079 0.333333
1073 1080 0.600000
1074 1077 0.066667
1074 1078 -0.466667
1074 1079 -0.066667
1074 1080 -0.733333
1075 1077 1.000000
1075 1078 0.866667
1075 1079 0.066667
1075 1080 0.066667
1076 1077 -0.466667
1076 1078 -0.466667
1076 1079 0.733333
1076 1080 -0.733333
1077 1085 0.333333
1078 1086 0.333333
1079 1087 -0.733333
1080 1088 0.333333
1081 1085 -0.066667
1081 1086 0.066667
1081 1087 -0.466667
1081 1088 -0.466667
1082 1085 -0.066667
1082 1086 0.066667
1082 1087 0.066667
1082 1088 -0.200000
1083 1085 -0.200000
1083 1086 -0.866667
1083 1087 1.000000
1083 1088 -1.000000
1084 1085 -0.600000
1084 1086 1.000000
1084 1087 0.200000
1084 1088 0.333333
1085 1093 -0.600000
1086 1094 -0.200000
1087 1095 3.666667
1088 1096 -0.333333
1089 1093 0.600000
1089 1094 -0.200000
1089 1095 0.866667
1089 1096 0.066667
1090 1093 0.333333
1090 1094 -0.466667
1090 1095 -0.200000
1090 1096 -0.466667
1091 1093 0.466667
1091 1094 0.066667
1091 1095 0.600000
1091 1096 0.466667
1092 1093 -1.000000
1092 1094 0.200000
1092 1095 0.333333
1092 1096 0.333333
1093 1101 0.600000
1094 1102 -0.333333
1095 1103 0.733333
1096 1104 0.200000
1097 1101 -0.466667
1097 1102 -3.666667
1097 1103 0.466667
1097 1104 -0.066667
1098 1101 -2.333333
1098 1102 -3.666667
1098 1103 -5.000000
1098 1104 1.000000
1099 1101 -0.066667
1099 1102 -0.466667
1099 1103 -0.200000
1099 1104 0.466667
1100 1101 -3.666667
1100 1102 0.600000
1100 1103 0.066667
1100 1104 -0.466667
1101 1109 -0.733333
1102 1110 -0.466667
1103 1111 -1.000000
1104 1112 0.200000
1105 1109 -0.466667
1105 1110 0.333333
1105 1111 0.066667
1105 1112 -0.600000
1106 1109 -0.466667
1106 1110 1.000000
1106 1111 0.733333
1106 1112 -0.200000
1107 1109 -0.200000
1107 1110 0.600000
1107 1111 0.866667
1107 1112 1.000000
1108 1109 -0.866667
1108 1110 -0.466667
1108 1111 2.333333
1108 1112 0.200000
1109 1117 -0.866667
1110 1118 -0.066667
1111 1119 0.600000
1112 1120 -0.200000
1113 1117 -0.600000
1113 1118 -0.466667
1113 1119 -0.066667
1113 1120 -1.000000
1114 1117 0.200000
1114 1118 -0.466667
1114 1119 -0.466667
1114 1120 0.333333
1115 1117 1.000000
1115 1118 -1.000000
1115 1119 0.733333
1115 1120 -0.733333
1116 1117 0.733333
1116 1118 0.733333
1116 1119 0.866667
1116 1120 -0.733333
1117 1125 1.000000
1118 1126 0.066667
1119 1127 -0.600000
1120 1128 0.333333
1121 1125 0.466667
1121 1126 0.066667
1121 1127 0.866667
1121 1128 -0.733333
1122 1125 -0.866667
1122 1126 0.333333
1122 1127 0.600000
1122 1128 0.600000
1123 1125 0.200000
1123 1126 1.000000
1123 1127 1.000000
1123 1128 -1.000000
1124 1125 -0.866667
1124 1126 0.333333
1124 1127 1.000000
1124 1128 -1.000000
1125 1133 -0.733333
1126 1134 -0.066667
1127 1135 5.000000
1128 1136 -0.066667
1129 1133 -0.333333
1129 1134 -0.600000
1129 1135 0.066667
1129 1136 -0.466667
1130 1133 0.733333
1130 1134 0.200000
1130 1135 1.000000
1130 1136 1.000000
1131 1133 -0.466667
1131 1134 0.866667
1131 1135 -0.733333
1131 1136 -0.200000
1132 1133 -0.866667
1132 1134 0.466667
1132 1135 0.466667
1132 1136 -0.066667
1133 1141 -0.866667
1134 1142 1.000000
1135 1143 1.000000
1136 1144 0.866667
1137 1141 0.200000
1137 1142 -0.600000
1137 1143 -1.000000
1137 1144 -0.866667
1138 1141 0.333333
1138 1142 -0.600000
1138 1143 -0.333333
1138 1144 -0.600000
1139 1141 -1.000000
1139 1142 -0.333333
1139 1143 0.600000
1139 1144 -0.333333
1140 1141 0.333333
1140 1142 -0.466667
1140 1143 0.866667
1140 1144 1.000000
1141 1149 0.733333
1142 1150 0.200000
1143 1151 0.600000
1144 1152 0.600000
1145 1149 0.200000
1145 1150 -0.333333
1145 1151 -0.066667
1145 1152 -0.466667
1146 1149 -0.066667
1146 1150 0.066667
1146 1151 0.600000
1146 1152 -0.333333
1147 1149 -3.666667
1147 1150 0.066667
1147 1151 0.733333
1147 1152 -1.000000
1148 1149 -1.000000
1148 1150 -0.866667
1148 1151 0.200000
1148 1152 -0.600000