#
1 1 -0.093333
2 2 -0.066667
3 3 0.120000
4 4 0.200000
5 5 -0.093333
6 6 0.120000
7 7 0.146667
8 8 -0.040000
9 9 -0.200000
10 10 -0.040000
11 11 -0.120000
12 12 0.040000
13 13 -0.066667
14 14 0.040000
15 15 -0.093333
16 16 0.093333
17 17 -0.173333
18 18 -0.013333
19 19 -0.013333
20 20 -0.066667
21 21 0.093333
22 22 0.066667
23 23 -0.040000
24 24 0.146667
25 25 -0.040000
26 26 0.040000
27 27 0.093333
28 28 -0.200000
29 29 0.013333
30 30 -0.120000
31 31 -0.200000
32 32 0.093333
33 33 -0.200000
34 34 0.173333
35 35 -0.013333
36 36 -0.173333
37 37 -0.200000
38 38 0.173333
39 39 -0.013333
40 40 0.173333
41 41 0.173333
42 42 -0.173333
43 43 -0.120000
44 44 -0.040000
45 45 0.040000
46 46 -0.200000
47 47 -0.146667
48 48 0.013333
49 49 0.013333
50 50 0.173333
51 51 -0.120000
52 52 -0.146667
53 53 0.093333
54 54 -0.093333
55 55 0.173333
56 56 -0.040000
57 57 -0.200000
58 58 0.066667
59 59 -0.040000
60 60 0.200000
61 61 -0.013333
62 62 -0.146667
63 63 -0.200000
64 64 -0.093333
65 65 0.173333
66 66 -0.066667
67 67 0.040000
68 68 0.066667
69 69 -0.066667
70 70 -0.173333
71 71 -0.173333
72 72 0.200000
73 73 -0.200000
74 74 -0.200000
75 75 0.093333
76 76 0.013333
77 77 -0.013333
78 78 0.120000
79 79 0.200000
80 80 -0.146667
81 81 -0.093333
82 82 -0.146667
83 83 -0.146667
84 84 0.040000
85 85 -0.066667
86 86 0.093333
87 87 0.040000
88 88 -0.173333
89 89 -0.040000
90 90 0.146667
91 91 0.173333
92 92 0.120000
93 93 0.093333
94 94 0.066667
95 95 0.200000
96 96 -0.120000
97 97 -0.120000
98 98 -0.146667
99 99 0.066667
100 100 -0.013333
101 101 -0.120000
102 102 0.120000
103 103 -0.120000
104 104 -0.200000
105 105 -0.120000
106 106 0.013333
107 107 -0.093333
108 108 0.120000
109 109 0.093333
110 110 0.173333
111 111 -0.066667
112 112 -0.200000
113 113 -0.120000
114 114 -0.013333
115 115 0.173333
116 116 -0.066667
117 117 -0.013333
118 118 0.146667
119 119 -0.146667
120 120 0.146667
121 121 -0.173333
122 122 -0.040000
123 123 -0.013333
124 124 -0.173333
125 125 -0.013333
126 126 -0.146667
127 127 0.200000
128 128 -0.066667
129 129 0.093333
130 130 -0.200000
131 131 -0.093333
132 132 0.040000
133 133 -0.200000
134 134 0.013333
135 135 -0.066667
136 136 -0.120000
137 137 -0.013333
138 138 -0.093333
139 139 0.066667
140 140 0.120000
141 141 0.120000
142 142 0.200000
143 143 -0.013333
144 144 -0.013333
145 145 0.066667
146 146 -0.013333
147 147 -0.013333
148 148 0.146667
149 149 0.066667
150 150 0.120000
151 151 -0.093333
152 152 0.120000
153 153 0.200000
154 154 -0.120000
155 155 -0.173333
156 156 0.173333
157 157 -0.066667
158 158 0.173333
159 159 0.066667
160 160 0.173333
161 161 0.066667
162 162 -0.173333
163 163 -0.093333
164 164 -0.120000
165 165 0.040000
166 166 0.120000
167 167 0.173333
168 168 0.013333
169 169 0.066667
170 170 0.040000
171 171 0.200000
172 172 0.146667
173 173 -0.040000
174 174 -0.146667
175 175 -0.013333
176 176 0.093333
177 177 -0.093333
178 178 -0.120000
179 179 -0.200000
180 180 0.120000
181 181 0.200000
182 182 0.173333
183 183 0.040000
184 184 -0.146667
185 185 0.173333
186 186 -0.120000
187 187 -0.040000
188 188 -0.173333
189 189 -0.120000
190 190 -0.173333
191 191 -0.173333
192 192 0.120000
193 193 -0.120000
194 194 0.200000
195 195 -0.200000
196 196 -0.173333
197 197 -0.066667
198 198 -0.120000
199 199 0.013333
200 200 0.200000
201 201 -0.173333
202 202 -0.120000
203 203 -0.093333
204 204 0.173333
205 205 0.013333
206 206 0.013333
207 207 0.120000
208 208 -0.200000
209 209 0.066667
210 210 -0.173333
211 211 0.066667
212 212 -0.013333
213 213 0.120000
214 214 0.146667
215 215 -0.013333
216 216 -0.093333
217 217 -0.173333
218 218 0.120000
219 219 0.093333
220 220 0.173333
221 221 -0.120000
222 222 0.013333
223 223 -0.093333
224 224 -0.013333
225 225 0.013333
226 226 -0.146667
227 227 -0.200000
228 228 0.093333
229 229 0.040000
230 230 -0.040000
231 231 -0.066667
232 232 -0.120000
233 233 0.066667
234 234 -0.093333
235 235 -0.093333
236 236 -0.013333
237 237 -0.066667
238 238 -0.200000
239 239 0.093333
240 240 -0.146667
241 241 0.013333
242 242 -0.093333
243 243 0.013333
244 244 -0.040000
245 245 0.040000
246 246 -0.146667
247 247 -0.040000
248 248 -0.093333
249 249 -0.200000
250 250 0.040000
251 251 0.200000
252 252 0.120000
253 253 0.013333
254 254 -0.200000
255 255 0.120000
256 256 -0.146667
257 257 -0.173333
258 258 0.200000
259 259 0.120000
260 260 -0.173333
261 261 0.173333
262 262 0.093333
263 263 0.013333
264 264 0.093333
265 265 -0.093333
266 266 -0.066667
267 267 0.200000
268 268 -0.066667
269 269 0.173333
270 270 0.146667
271 271 -0.066667
272 272 -0.200000
273 273 0.200000
274 274 0.146667
275 275 0.200000
276 276 -0.066667
277 277 0.200000
278 278 -0.093333
279 279 0.146667
280 280 -0.066667
281 281 -0.066667
282 282 -0.093333
283 283 -0.173333
284 284 -0.120000
285 285 0.173333
286 286 -0.120000
287 287 -0.040000
288 288 0.120000
289 289 0.120000
290 290 0.093333
291 291 0.173333
292 292 0.173333
293 293 -0.173333
294 294 -0.040000
295 295 -0.013333
296 296 0.040000
297 297 -0.013333
298 298 0.066667
299 299 -0.040000
300 300 -0.120000
301 301 -0.120000
302 302 0.093333
303 303 0.013333
304 304 0.040000
305 305 -0.120000
306 306 -0.173333
307 307 -0.146667
308 308 -0.173333
309 309 0.146667
310 310 0.146667
311 311 -0.093333
312 312 0.040000
313 313 -0.200000
314 314 -0.173333
315 315 0.173333
316 316 0.120000
317 317 -0.093333
318 318 -0.173333
319 319 -0.093333
320 320 0.146667
321 321 -0.093333
322 322 0.013333
323 323 0.146667
324 324 -0.173333
325 325 -0.013333
326 326 -0.093333
327 327 -0.173333
328 328 -0.066667
329 329 0.066667
330 330 0.120000
331 331 -0.066667
332 332 -0.120000
333 333 0.093333
334 334 -0.040000
335 335 0.066667
336 336 0.093333
337 337 0.093333
338 338 -0.066667
339 339 0.040000
340 340 -0.093333
341 341 0.093333
342 342 -0.200000
343 343 0.173333
344 344 -0.066667
345 345 0.173333
346 346 -0.200000
347 347 0.093333
348 348 -0.013333
349 349 -0.146667
350 350 -0.066667
351 351 0.173333
352 352 0.040000
353 353 0.040000
354 354 0.146667
355 355 -0.200000
356 356 0.013333
357 357 -0.120000
358 358 0.120000
359 359 -0.146667
360 360 0.066667
361 361 -0.066667
362 362 0.146667
363 363 0.013333
364 364 0.013333
365 365 0.120000
366 366 -0.040000
367 367 0.013333
368 368 -0.066667
369 369 -0.200000
370 370 -0.066667
371 371 -0.146667
372 372 -0.200000
373 373 -0.173333
374 374 -0.173333
375 375 -0.066667
376 376 0.146667
377 377 0.066667
378 378 0.013333
379 379 0.146667
380 380 0.120000
381 381 0.066667
382 382 0.146667
383 383 0.173333
384 384 0.173333
385 385 0.066667
386 386 -0.093333
387 387 0.146667
388 388 -0.040000
389 389 -0.040000
390 390 -0.120000
391 391 0.040000
392 392 0.173333
393 393 0.013333
394 394 -0.146667
395 395 0.120000
396 396 -0.200000
397 397 -0.173333
398 398 0.173333
399 399 0.120000
400 400 -0.200000
401 401 0.066667
402 402 -0.120000
403 403 -0.066667
404 404 -0.040000
405 405 0.173333
406 406 -0.093333
407 407 0.066667
408 408 -0.200000
409 409 0.173333
410 410 0.013333
411 411 0.040000
412 412 -0.200000
413 413 -0.146667
414 414 -0.040000
415 415 0.093333
416 416 0.093333
417 417 -0.120000
418 418 0.066667
419 419 0.013333
420 420 -0.173333
421 421 -0.066667
422 422 0.146667
423 423 -0.040000
424 424 0.200000
425 425 -0.173333
426 426 0.013333
427 427 0.013333
428 428 0.120000
429 429 0.013333
430 430 0.013333
431 431 -0.066667
432 432 -0.066667
433 433 -0.013333
434 434 -0.200000
435 435 0.173333
436 436 -0.040000
437 437 -0.173333
438 438 0.013333
439 439 0.200000
440 440 0.200000
441 441 -0.173333
442 442 -0.013333
443 443 -0.066667
444 444 0.013333
445 445 -0.146667
446 446 -0.040000
447 447 0.013333
448 448 -0.120000
449 449 0.200000
450 450 -0.173333
451 451 0.173333
452 452 0.013333
453 453 0.013333
454 454 0.013333
455 455 -0.146667
456 456 0.093333
457 457 -0.120000
458 458 0.173333
459 459 -0.066667
460 460 -0.173333
461 461 -0.173333
462 462 -0.040000
463 463 -0.120000
464 464 0.200000
465 465 -0.040000
466 466 -0.173333
467 467 0.093333
468 468 -0.093333
469 469 0.146667
470 470 0.173333
471 471 -0.200000
472 472 0.093333
473 473 0.173333
474 474 0.146667
475 475 -0.093333
476 476 0.066667
477 477 -0.120000
478 478 -0.013333
479 479 0.013333
480 480 0.173333
481 481 -0.146667
482 482 -0.093333
483 483 -0.173333
484 484 -0.120000
485 485 -0.093333
486 486 -0.066667
487 487 -0.040000
488 488 0.013333
489 489 -0.040000
490 490 0.093333
491 491 0.013333
492 492 0.066667
493 493 -0.173333
494 494 0.146667
495 495 -0.200000
496 496 0.200000
497 497 0.146667
498 498 -0.040000
499 499 -0.146667
500 500 0.093333
501 501 0.066667
502 502 0.066667
503 503 -0.040000
504 504 -0.200000
505 505 -0.093333
506 506 -0.013333
507 507 -0.200000
508 508 -0.066667
509 509 -0.120000
510 510 0.146667
511 511 0.120000
512 512 0.040000
513 513 -0.013333
514 514 -0.040000
515 515 0.200000
516 516 -0.066667
517 517 0.146667
518 518 0.200000
519 519 0.013333
520 520 0.120000
521 521 0.013333
522 522 0.040000
523 523 -0.093333
524 524 0.173333
525 525 0.013333
526 526 0.173333
527 527 -0.146667
528 528 -0.093333
529 529 0.040000
530 530 -0.066667
531 531 0.200000
532 532 -0.013333
533 533 -0.066667
534 534 -0.146667
535 535 0.146667
536 536 -0.200000
537 537 -0.146667
538 538 0.200000
539 539 0.066667
540 540 -0.013333
541 541 0.173333
542 542 -0.146667
543 543 0.040000
544 544 -0.173333
545 545 0.173333
546 546 0.040000
547 547 -0.066667
548 548 -0.200000
549 549 0.120000
550 550 0.013333
551 551 -0.066667
552 552 -0.200000
553 553 0.173333
554 554 -0.040000
555 555 0.013333
556 556 -0.093333
557 557 -0.093333
558 558 0.093333
559 559 -0.040000
560 560 -0.040000
561 561 0.013333
562 562 -0.120000
563 563 -0.200000
564 564 -0.173333
565 565 -0.013333
566 566 -0.040000
567 567 -0.093333
568 568 0.066667
569 569 0.146667
570 570 -0.066667
571 571 0.120000
572 572 -0.200000
573 573 0.040000
574 574 0.040000
575 575 0.013333
576 576 -0.120000
577 577 0.013333
578 578 -0.040000
579 579 -0.013333
580 580 -0.066667
581 581 0.066667
582 582 -0.066667
583 583 -0.066667
584 584 -0.093333
585 585 0.093333
586 586 0.200000
587 587 0.040000
588 588 -0.013333
589 589 -0.093333
590 590 0.093333
591 591 -0.200000
592 592 -0.200000
593 593 -0.146667
594 594 -0.173333
595 595 -0.093333
596 596 0.146667
597 597 -0.040000
598 598 -0.066667
599 599 -0.013333
600 600 -0.040000
601 601 -0.173333
602 602 -0.200000
603 603 0.173333
604 604 0.093333
605 605 -0.120000
606 606 -0.093333
607 607 0.040000
608 608 -0.120000
609 609 0.093333
610 610 0.146667
611 611 0.066667
612 612 0.173333
613 613 0.040000
614 614 -0.066667
615 615 -0.093333
616 616 0.013333
617 617 -0.173333
618 618 0.013333
619 619 0.093333
620 620 -0.173333
621 621 0.066667
622 622 -0.013333
623 623 -0.013333
624 624 0.120000
625 625 -0.066667
626 626 0.173333
627 627 0.093333
628 628 -0.040000
629 629 0.040000
630 630 -0.093333
631 631 -0.120000
632 632 -0.173333
633 633 0.013333
634 634 -0.066667
635 635 -0.040000
636 636 -0.040000
637 637 -0.066667
638 638 0.173333
639 639 -0.120000
640 640 -0.093333
641 641 -0.146667
642 642 -0.146667
643 643 -0.146667
644 644 0.200000
645 645 -0.200000
646 646 -0.146667
647 647 0.066667
648 648 -0.040000
649 649 0.013333
650 650 0.013333
651 651 -0.200000
652 652 -0.093333
653 653 0.013333
654 654 -0.200000
655 655 0.093333
656 656 -0.040000
657 657 -0.066667
658 658 0.173333
659 659 -0.120000
660 660 -0.200000
661 661 -0.013333
662 662 -0.040000
663 663 0.066667
664 664 0.013333
665 665 -0.040000
666 666 -0.146667
667 667 0.120000
668 668 0.200000
669 669 0.146667
670 670 -0.120000
671 671 -0.066667
672 672 -0.146667
673 673 -0.146667
674 674 -0.013333
675 675 -0.120000
676 676 0.120000
677 677 0.200000
678 678 0.013333
679 679 -0.146667
680 680 0.093333
681 681 -0.066667
682 682 0.066667
683 683 0.013333
684 684 -0.173333
685 685 0.200000
686 686 -0.040000
687 687 -0.173333
688 688 -0.200000
689 689 0.093333
690 690 -0.040000
691 691 0.066667
692 692 0.013333
693 693 -0.040000
694 694 0.200000
695 695 -0.040000
696 696 -0.040000
697 697 0.200000
698 698 0.013333
699 699 -0.040000
700 700 0.200000
701 701 -0.173333
702 702 0.066667
703 703 -0.146667
704 704 -0.200000
705 705 0.013333
706 706 0.093333
707 707 -0.173333
708 708 0.200000
709 709 0.173333
710 710 0.146667
711 711 0.120000
712 712 -0.093333
713 713 -0.146667
714 714 0.146667
715 715 -0.173333
716 716 -0.146667
717 717 0.146667
718 718 0.040000
719 719 0.146667
720 720 -0.040000
721 721 0.066667
722 722 0.013333
723 723 -0.200000
724 724 0.200000
725 725 -0.066667
726 726 -0.040000
727 727 0.120000
728 728 -0.013333
729 729 0.173333
730 730 -0.173333
731 731 -0.066667
732 732 -0.146667
733 733 0.093333
734 734 -0.146667
735 735 0.146667
736 736 0.146667
737 737 -0.173333
738 738 -0.066667
739 739 0.120000
740 740 0.146667
741 741 0.093333
742 742 -0.120000
743 743 -0.146667
744 744 0.173333
745 745 0.146667
746 746 0.093333
747 747 0.120000
748 748 0.120000
749 749 -0.040000
750 750 -0.200000
751 751 0.066667
752 752 -0.013333
753 753 -0.066667
754 754 -0.146667
755 755 0.173333
756 756 -0.146667
757 757 0.040000
758 758 -0.120000
759 759 -0.146667
760 760 0.173333
761 761 0.013333
762 762 -0.173333
763 763 -0.173333
764 764 0.120000
765 765 -0.200000
766 766 -0.200000
767 767 -0.200000
768 768 -0.200000
769 769 0.146667
770 770 0.200000
771 771 0.200000
772 772 0.120000
773 773 0.066667
774 774 -0.173333
775 775 0.040000
776 776 -0.173333
777 777 0.146667
778 778 -0.040000
779 779 -0.146667
780 780 -0.146667
781 781 -0.066667
782 782 0.120000
783 783 -0.093333
784 784 -0.066667
785 785 -0.040000
786 786 -0.173333
787 787 -0.040000
788 788 0.173333
789 789 0.146667
790 790 0.066667
791 791 -0.173333
792 792 -0.066667
793 793 -0.013333
794 794 0.200000
795 795 0.120000
796 796 0.093333
797 797 -0.066667
798 798 0.013333
799 799 0.200000
800 800 0.013333
801 801 0.173333
802 802 0.120000
803 803 0.146667
804 804 -0.013333
805 805 -0.093333
806 806 0.093333
807 807 -0.146667
808 808 -0.066667
809 809 -0.173333
810 810 -0.120000
811 811 -0.093333
812 812 0.013333
813 813 0.013333
814 814 0.066667
815 815 0.040000
816 816 0.040000
817 817 -0.173333
818 818 0.146667
819 819 -0.146667
820 820 0.013333
821 821 -0.093333
822 822 -0.173333
823 823 0.066667
824 824 0.013333
825 825 0.146667
826 826 0.040000
827 827 -0.146667
828 828 0.173333
829 829 -0.013333
830 830 0.146667
831 831 -0.066667
832 832 0.040000
833 833 0.120000
834 834 -0.093333
835 835 0.120000
836 836 -0.093333
837 837 -0.146667
838 838 -0.146667
839 839 0.120000
840 840 -0.200000
841 841 0.013333
842 842 -0.173333
843 843 0.066667
844 844 0.066667
845 845 0.173333
846 846 -0.066667
847 847 -0.146667
848 848 0.200000
849 849 -0.173333
850 850 0.120000
851 851 0.146667
852 852 0.093333
853 853 0.120000
854 854 -0.120000
855 855 0.066667
856 856 -0.040000
857 857 0.066667
858 858 -0.013333
859 859 -0.040000
860 860 -0.013333
861 861 0.013333
862 862 -0.013333
863 863 -0.200000
864 864 -0.146667
865 865 -0.120000
866 866 0.093333
867 867 0.146667
868 868 -0.146667
869 869 0.200000
870 870 -0.093333
871 871 0.040000
872 872 -0.066667
873 873 -0.146667
874 874 0.040000
875 875 0.120000
876 876 0.173333
877 877 -0.146667
878 878 -0.146667
879 879 0.173333
880 880 -0.146667
881 881 0.146667
882 882 0.146667
883 883 0.013333
884 884 -0.040000
885 885 -0.200000
886 886 -0.040000
887 887 -0.040000
888 888 -0.146667
889 889 -0.173333
890 890 0.146667
891 891 -0.146667
892 892 0.093333
893 893 -0.146667
894 894 -0.013333
895 895 -0.013333
896 896 0.120000
897 897 -0.120000
898 898 0.200000
899 899 -0.093333
900 900 0.120000
901 901 0.200000
902 902 -0.200000
903 903 0.173333
904 904 -0.173333
905 905 -0.173333
906 906 0.173333
907 907 -0.120000
908 908 -0.200000
909 909 -0.093333
910 910 -0.120000
911 911 0.013333
912 912 0.200000
913 913 -0.066667
914 914 0.146667
915 915 -0.120000
916 916 0.013333
917 917 -0.093333
918 918 0.040000
919 919 -0.066667
920 920 -0.093333
921 921 -0.200000
922 922 0.173333
923 923 0.013333
924 924 0.066667
925 925 0.120000
926 926 -0.173333
927 927 0.040000
928 928 0.173333
929 929 0.120000
930 930 0.200000
931 931 -0.146667
932 932 -0.040000
933 933 0.040000
934 934 -0.173333
935 935 -0.200000
936 936 -0.120000
937 937 0.173333
938 938 0.200000
939 939 0.120000
940 940 -0.146667
941 941 -0.040000
942 942 0.146667
943 943 0.013333
944 944 0.040000
945 945 0.040000
946 946 0.013333
947 947 0.093333
948 948 -0.093333
949 949 0.013333
950 950 -0.066667
951 951 -0.013333
952 952 -0.146667
953 953 0.013333
954 954 -0.040000
955 955 -0.146667
956 956 -0.120000
957 957 -0.013333
958 958 0.173333
959 959 0.200000
960 960 0.200000
961 961 -0.173333
962 962 0.013333
963 963 -0.093333
964 964 0.120000
965 965 0.013333
966 966 -0.173333
967 967 0.120000
968 968 0.040000
969 969 0.120000
970 970 0.200000
971 971 0.066667
972 972 0.093333
973 973 0.040000
974 974 -0.173333
975 975 -0.013333
976 976 -0.066667
977 977 0.200000
978 978 0.146667
979 979 0.200000
980 980 -0.040000
981 981 0.040000
982 982 0.093333
983 983 0.040000
984 984 0.066667
985 985 0.173333
986 986 -0.146667
987 987 0.013333
988 988 -0.120000
989 989 -0.146667
990 990 0.013333
991 991 0.173333
992 992 0.013333
993 993 0.120000
994 994 -0.040000
995 995 -0.093333
996 996 -0.040000
997 997 0.173333
998 998 -0.013333
999 999 0.093333
1000 1000 0.173333
1001 1001 -0.013333
1002 1002 -0.173333
1003 1003 0.093333
1004 1004 0.200000
1005 1005 0.146667
1006 1006 -0.146667
1007 1007 0.120000
1008 1008 0.093333
1009 1009 -0.093333
1010 1010 0.173333
1011 1011 0.120000
1012 1012 0.093333
1013 1013 0.146667
1014 1014 -0.173333
1015 1015 -0.173333
1016 1016 0.120000
1017 1017 0.146667
1018 1018 0.120000
1019 1019 -0.093333
1020 1020 -0.066667
1021 1021 -0.200000
1022 1022 0.013333
1023 1023 -0.093333
1024 1024 -0.013333
1025 1025 0.200000
1026 1026 0.040000
1027 1027 -0.066667
1028 1028 -0.200000
1029 1029 -0.200000
1030 1030 -0.093333
1031 1031 0.066667
1032 1032 0.200000
1033 1033 -0.200000
1034 1034 0.040000
1035 1035 -0.040000
1036 1036 0.013333
1037 1037 -0.040000
1038 1038 0.066667
1039 1039 -0.093333
1040 1040 0.173333
1041 1041 -0.120000
1042 1042 -0.093333
1043 1043 -0.066667
1044 1044 0.040000
1045 1045 0.066667
1046 1046 -0.146667
1047 1047 -0.120000
1048 1048 0.173333
1049 1049 -0.066667
1050 1050 -0.200000
1051 1051 -0.066667
1052 1052 0.066667
1053 1053 -0.200000
1054 1054 0.040000
1055 1055 -0.200000
1056 1056 0.173333
1057 1057 -0.040000
1058 1058 -0.146667
1059 1059 -0.146667
1060 1060 -0.173333
1061 1061 0.146667
1062 1062 0.093333
1063 1063 -0.093333
1064 1064 0.013333
1065 1065 -0.066667
1066 1066 0.093333
1067 1067 -0.040000
1068 1068 -0.200000
1069 1069 -0.200000
1070 1070 -0.120000
1071 1071 0.120000
1072 1072 -0.200000
1073 1073 -0.120000
1074 1074 0.066667
1075 1075 0.173333
1076 1076 -0.200000
1077 1077 0.120000
1078 1078 -0.120000
1079 1079 0.093333
1080 1080 -0.200000
1081 1081 -0.173333
1082 1082 -0.120000
1083 1083 0.120000
1084 1084 -0.173333
1085 1085 -0.040000
1086 1086 -0.120000
1087 1087 -0.146667
1088 1088 -0.066667
1089 1089 0.013333
1090 1090 0.120000
1091 1091 0.093333
1092 1092 -0.066667
1093 1093 0.120000
1094 1094 -0.200000
1095 1095 -0.173333
1096 1096 0.013333
1097 1097 -0.146667
1098 1098 -0.013333
1099 1099 -0.066667
1100 1100 -0.013333
1101 1101 0.013333
1102 1102 0.066667
1103 1103 0.040000
1104 1104 -0.040000
1105 1105 -0.040000
1106 1106 0.066667
1107 1107 0.200000
1108 1108 -0.013333
1109 1109 0.173333
1110 1110 -0.040000
1111 1111 -0.173333
1112 1112 0.200000
1113 1113 0.120000
1114 1114 -0.093333
1115 1115 0.013333
1116 1116 0.013333
1117 1117 -0.040000
1118 1118 0.173333
1119 1119 0.093333
1120 1120 0.146667
1121 1121 0.173333
1122 1122 0.013333
1123 1123 0.200000
1124 1124 0.040000
1125 1125 -0.066667
1126 1126 0.013333
1127 1127 0.146667
1128 1128 0.200000
1129 1129 0.066667
1130 1130 -0.146667
1131 1131 0.146667
1132 1132 0.013333
1133 1133 -0.173333
1134 1134 -0.066667
1135 1135 0.040000
1136 1136 -0.120000
1137 1137 0.146667
1138 1138 0.013333
1139 1139 0.093333
1140 1140 0.093333
1141 1141 0.040000
1142 1142 -0.040000
1143 1143 0.093333
1144 1144 -0.146667
1145 1145 0.093333
1146 1146 0.093333
1147 1147 -0.120000
1148 1148 -0.066667
1149 1149 -0.120000
1150 1150 0.040000
1151 1151 -0.200000
1152 1152 -0.200000
1 5 -0.733333
1 6 0.066667
1 7 -0.866667
1 8 -0.733333
1 97 -0.466667
2 5 0.466667
2 6 -0.733333
2 7 -1.000000
2 8 -0.333333
2 98 0.600000
3 5 0.466667
3 6 -0.600000
3 7 -0.600000
3 8 -0.066667
3 99 0.200000
4 5 -0.333333
4 6 0.066667
4 7 -0.200000
4 8 0.333333
4 100 0.200000
5 13 -0.066667
6 14 -0.600000
7 15 0.200000
8 16 -3.000000
9 13 0.333333
9 14 0.066667
9 15 -0.866667
9 16 -0.733333
9 105 -2.333333
10 13 -0.733333
10 14 0.866667
10 15 -0.333333
10 16 0.066667
10 106 -0.466667
11 13 -0.200000
11 14 0.600000
11 15 0.466667
11 16 1.000000
11 107 -0.200000
12 13 -0.866667
12 14 1.000000
12 15 -0.333333
12 16 -1.666667
12 108 -0.333333
13 21 -1.000000
14 22 -0.466667
15 23 0.600000
16 24 -0.066667
17 21 0.866667
17 22 -1.000000
17 23 0.333333
17 24 -0.066667
17 113 0.333333
18 21 0.466667
18 22 0.600000
18 23 0.466667
18 24 -0.866667
18 114 -0.733333
19 21 -0.200000
19 22 -0.466667
19 23 -0.866667
19 24 0.466667
19 115 -0.466667
20 21 -0.600000
20 22 -0.866667
20 23 0.866667
20 24 5.000000
20 116 -0.733333
21 29 -0.866667
22 30 -0.066667
23 31 -0.600000
24 32 -0.600000
25 29 0.600000
25 30 0.600000
25 31 -1.000000
25 32 -0.066667
25 121 0.733333
26 29 -1.000000
26 30 0.066667
26 31 0.200000
26 32 0.333333
26 122 0.866667
27 29 0.466667
27 30 0.600000
27 31 0.733333
27 32 -0.733333
27 123 -0.466667
28 29 -0.466667
28 30 -0.866667
28 31 1.000000
28 32 0.200000
28 124 0.733333
29 37 -0.600000
30 38 0.200000
31 39 0.733333
32 40 0.200000
33 37 -0.466667
33 38 0.866667
33 39 -0.333333
33 40 0.866667
33 129 -1.000000
34 37 -0.600000
34 38 0.600000
34 39 -0.200000
34 40 1.000000
34 130 0.866667
35 37 0.466667
35 38 -0.200000
35 39 -0.200000
35 40 -0.066667
35 131 0.733333
36 37 0.066667
36 38 -0.866667
36 39 0.333333
36 40 0.066667
36 132 -0.733333
37 45 0.866667
38 46 -0.466667
39 47 0.600000
40 48 1.000000
41 45 0.333333
41 46 -0.466667
41 47 -1.000000
41 48 0.333333
41 137 -0.466667
42 45 0.866667
42 46 -0.866667
42 47 -1.000000
42 48 1.000000
42 138 0.466667
43 45 -0.466667
43 46 -0.733333
43 47 0.600000
43 48 -0.600000
43 139 -0.466667
44 45 -0.066667
44 46 -0.866667
44 47 0.866667
44 48 0.866667
44 140 -0.200000
45 53 1.000000
46 54 0.600000
47 55 1.000000
48 56 -0.600000
49 53 -0.066667
49 54 -0.333333
49 55 -0.333333
49 56 -0.866667
49 145 -0.600000
50 53 -0.866667
50 54 0.866667
50 55 -0.466667
50 56 0.866667
50 146 -0.866667
51 53 0.600000
51 54 1.666667
51 55 -0.866667
51 56 -0.066667
51 147 -4.333333
52 53 -1.000000
52 54 0.866667
52 55 -0.066667
52 56 -0.066667
52 148 -1.000000
53 61 0.600000
54 62 -5.000000
55 63 -0.600000
56 64 -1.000000
57 61 0.066667
57 62 5.000000
57 63 0.066667
57 64 -0.333333
57 153 -0.733333
58 61 -1.000000
58 62 -0.866667
58 63 1.000000
58 64 -0.600000
58 154 -0.600000
59 61 0.200000
59 62 -0.466667
59 63 0.466667
59 64 0.333333
59 155 0.600000
60 61 0.866667
60 62 -2.333333
60 63 0.466667
60 64 5.000000
60 156 4.333333
61 69 -0.733333
62 70 -0.333333
63 71 -0.600000
64 72 0.866667
65 69 0.066667
65 70 0.466667
65 71 0.200000
65 72 -1.000000
65 161 1.000000
66 69 0.066667
66 70 0.866667
66 71 0.600000
66 72 -3.000000
66 162 1.666667
67 69 0.866667
67 70 0.466667
67 71 0.333333
67 72 0.866667
67 163 -0.866667
68 69 0.733333
68 70 -1.000000
68 71 0.333333
68 72 1.000000
68 164 0.066667
69 77 0.333333
70 78 -0.200000
71 79 -0.733333
72 80 2.333333
73 77 0.200000
73 78 0.600000
73 79 0.600000
73 80 -0.866667
73 169 -0.466667
74 77 -1.000000
74 78 -0.466667
74 79 0.600000
74 80 0.066667
74 170 -0.333333
75 77 -1.000000
75 78 0.200000
75 79 -0.466667
75 80 0.333333
75 171 -0.600000
76 77 -1.000000
76 78 -0.733333
76 79 0.600000
76 80 -0.066667
76 172 -0.200000
77 85 -0.866667
78 86 0.466667
79 87 0.733333
80 88 -0.200000
81 85 0.200000
81 86 -0.866667
81 87 -0.600000
81 88 0.733333
81 177 -0.600000
82 85 -0.600000
82 86 0.466667
82 87 -0.200000
82 88 0.866667
82 178 -0.200000
83 85 0.866667
83 86 0.200000
83 87 -0.200000
83 88 -0.333333
83 179 -0.066667
84 85 0.200000
84 86 -0.600000
84 87 -1.000000
84 88 0.200000
84 180 -0.200000
85 93 -0.866667
86 94 -0.600000
87 95 1.000000
88 96 1.000000
89 93 0.200000
89 94 -1.000000
89 95 -0.866667
89 96 -0.733333
89 185 -0.600000
90 93 -0.333333
90 94 0.733333
90 95 0.466667
90 96 -0.333333
90 186 1.666667
91 93 3.000000
91 94 -4.333333
91 95 0.866667
91 96 0.200000
91 187 -0.733333
92 93 0.600000
92 94 -0.066667
92 95 -0.333333
92 96 1.000000
92 188 -0.733333
97 101 -0.466667
97 102 1.000000
97 103 -0.466667
97 104 0.466667
97 193 0.600000
98 101 0.333333
98 102 -0.333333
98 103 0.733333
98 104 -0.333333
98 194 0.866667
99 101 -1.000000
99 102 0.200000
99 103 0.733333
99 104 0.733333
99 195 -0.866667
100 101 -1.000000
100 102 0.733333
100 103 -0.066667
100 104 -0.600000
100 196 -3.666667
101 109 -0.866667
102 110 -0.866667
103 111 0.733333
104 112 -0.333333
105 109 -0.866667
105 110 0.333333
105 111 -4.333333
105 112 -3.666667
105 201 -4.333333
106 109 -0.333333
106 110 0.200000
106 111 0.066667
106 112 1.666667
106 202 -4.333333
107 109 -0.866667
107 110 1.000000
107 111 -0.866667
107 112 -0.466667
107 203 0.466667
108 109 -0.466667
108 110 0.733333
108 111 0.733333
108 112 -0.600000
108 204 -0.600000
109 117 0.733333
110 118 -0.200000
111 119 0.733333
112 120 -0.866667
113 117 1.000000
113 118 -1.000000
113 119 -0.600000
113 120 0.333333
113 209 -0.866667
114 117 0.066667
114 118 0.333333
114 119 -0.066667
114 120 -0.333333
114 210 -0.466667
115 117 0.333333
115 118 1.000000
115 119 0.866667
115 120 -0.200000
115 211 -0.600000
116 117 -0.333333
116 118 0.200000
116 119 0.866667
116 120 0.866667
116 212 -1.000000
117 125 -0.333333
118 126 -1.000000
119 127 -1.000000
120 128 -0.466667
121 125 -0.866667
121 126 -0.733333
121 127 0.333333
121 128 -0.333333
121 217 0.333333
122 125 0.600000
122 126 0.733333
122 127 -1.000000
122 128 1.000000
122 218 -0.466667
123 125 -0.733333
123 126 0.866667
123 127 0.600000
123 128 0.466667
123 219 -1.000000
124 125 1.000000
124 126 0.733333
124 127 -0.466667
124 128 -0.333333
124 220 -0.600000
125 133 -0.200000
126 134 -0.866667
127 135 -1.000000
128 136 -0.600000
129 133 0.600000
129 134 0.866667
129 135 0.333333
129 136 -0.600000
129 225 -0.600000
130 133 -1.000000
130 134 1.000000
130 135 0.600000
130 136 0.733333
130 226 0.866667
131 133 0.333333
131 134 -1.000000
131 135 -0.333333
131 136 0.466667
131 227 0.333333
132 133 0.733333
132 134 0.333333
132 135 0.066667
132 136 0.866667
132 228 -0.333333
133 141 0.200000
134 142 0.333333
135 143 0.200000
136 144 -0.066667
137 141 -0.466667
137 142 -0.066667
137 143 0.200000
137 144 0.066667
137 233 -0.866667
138 141 -1.000000
138 142 0.466667
138 143 -1.666667
138 144 -0.066667
138 234 -0.333333
139 141 0.333333
139 142 -0.600000
139 143 1.000000
139 144 0.733333
139 235 -0.466667
140 141 -0.466667
140 142 -1.000000
140 143 0.200000
140 144 -0.866667
140 236 -0.466667
141 149 0.466667
142 150 0.600000
143 151 0.466667
144 152 -1.000000
145 149 -4.333333
145 150 -0.066667
145 151 -0.200000
145 152 0.866667
145 241 -0.866667
146 149 0.466667
146 150 1.000000
146 151 0.866667
146 152 -1.000000
146 242 0.333333
147 149 1.000000
147 150 0.466667
147 151 2.333333
147 152 -0.466667
147 243 -0.066667
148 149 -0.200000
148 150 0.600000
148 151 -0.466667
148 152 -1.000000
148 244 0.200000
149 157 -0.733333
150 158 -0.866667
151 159 -0.866667
152 160 -0.066667
153 157 0.733333
153 158 -0.066667
153 159 0.200000
153 160 -1.666667
153 249 3.666667
154 157 -0.466667
154 158 -0.333333
154 159 0.466667
154 160 0.333333
154 250 -0.066667
155 157 -0.600000
155 158 -0.466667
155 159 -0.600000
155 160 0.066667
155 251 0.866667
156 157 3.000000
156 158 0.066667
156 159 -0.333333
156 160 -0.333333
156 252 -0.866667
157 165 0.600000
158 166 0.333333
159 167 0.866667
160 168 -0.600000
161 165 -0.066667
161 166 0.200000
161 167 -0.600000
161 168 -0.866667
161 257 -0.600000
162 165 0.600000
162 166 5.000000
162 167 -0.333333
162 168 0.333333
162 258 0.866667
163 165 0.733333
163 166 1.000000
163 167 -1.000000
163 168 0.466667
163 259 -0.200000
164 165 -0.200000
164 166 0.066667
164 167 0.733333
164 168 -0.600000
164 260 0.866667
165 173 0.200000
166 174 0.600000
167 175 -0.066667
168 176 -0.200000
169 173 0.600000
169 174 -0.333333
169 175 -0.333333
169 176 1.000000
169 265 -1.000000
170 173 -0.733333
170 174 0.200000
170 175 -0.466667
170 176 -0.333333
170 266 -0.866667
171 173 0.600000
171 174 -0.866667
171 175 -0.733333
171 176 -0.600000
171 267 0.200000
172 173 -0.733333
172 174 0.733333
172 175 -0.333333
172 176 -0.733333
172 268 -0.866667
173 181 -0.866667
174 182 -0.333333
175 183 0.600000
176 184 -0.866667
177 181 2.333333
177 182 -0.733333
177 183 -0.200000
177 184 -0.600000
177 273 -0.066667
178 181 -0.866667
178 182 -0.866667
178 183 0.866667
178 184 -0.866667
178 274 0.066667
179 181 0.466667
179 182 -0.333333
179 183 1.000000
179 184 -0.866667
179 275 0.866667
180 181 -0.200000
180 182 0.333333
180 183 -0.866667
180 184 -0.200000
180 276 0.733333
181 189 0.466667
182 190 0.200000
183 191 -0.733333
184 192 -0.466667
185 189 4.333333
185 190 -0.333333
185 191 -0.466667
185 192 -0.866667
185 281 -0.333333
186 189 -2.333333
186 190 -5.000000
186 191 0.600000
186 192 -0.333333
186 282 1.000000
187 189 0.466667
187 190 -0.200000
187 191 -0.066667
187 192 -1.000000
187 283 -0.866667
188 189 -0.466667
188 190 0.600000
188 191 -0.466667
188 192 -0.333333
188 284 0.733333
193 197 -1.000000
193 198 0.066667
193 199 -0.866667
193 200 0.066667
193 289 0.466667
194 197 0.333333
194 198 0.866667
194 199 -0.466667
194 200 -0.333333
194 290 -0.866667
195 197 -0.333333
195 198 -0.200000
195 199 0.200000
195 200 -0.333333
195 291 -0.866667
196 197 0.600000
196 198 -0.333333
196 199 0.066667
196 200 -3.000000
196 292 -0.333333
197 205 -0.866667
198 206 0.333333
199 207 0.466667
200 208 5.000000
201 205 -0.733333
201 206 -0.200000
201 207 1.000000
201 208 -0.333333
201 297 2.333333
202 205 0.333333
202 206 1.000000
202 207 -1.000000
202 208 -1.666667
202 298 0.466667
203 205 -0.200000
203 206 -1.000000
203 207 0.733333
203 208 3.000000
203 299 -0.066667
204 205 1.000000
204 206 -0.866667
204 207 -0.600000
204 208 -0.066667
204 300 -0.600000
205 213 -0.466667
206 214 0.200000
207 215 -0.466667
208 216 4.333333
209 213 -0.466667
209 214 -0.200000
209 215 0.600000
209 216 -0.866667
209 305 -0.866667
210 213 1.000000
210 214 -0.466667
210 215 0.866667
210 216 -0.200000
210 306 -0.866667
211 213 -0.200000
211 214 -1.000000
211 215 1.000000
211 216 -2.333333
211 307 0.600000
212 213 0.333333
212 214 0.600000
212 215 0.200000
212 216 1.000000
212 308 -0.600000
213 221 0.466667
214 222 -0.333333
215 223 -0.733333
216 224 -0.333333
217 221 -0.733333
217 222 -1.000000
217 223 -0.200000
217 224 -0.866667
217 313 0.466667
218 221 -0.066667
218 222 0.200000
218 223 -0.866667
218 224 0.866667
218 314 -0.333333
219 221 0.866667
219 222 0.466667
219 223 0.600000
219 224 -0.600000
219 315 0.466667
220 221 0.600000
220 222 0.466667
220 223 1.000000
220 224 0.733333
220 316 1.000000
221 229 -0.466667
222 230 0.466667
223 231 0.333333
224 232 -0.466667
225 229 -1.000000
225 230 1.000000
225 231 -0.333333
225 232 -0.733333
225 321 0.866667
226 229 0.066667
226 230 0.333333
226 231 0.066667
226 232 0.333333
226 322 1.000000
227 229 -0.066667
227 230 -5.000000
227 231 -0.200000
227 232 -0.733333
227 323 -0.733333
228 229 -0.066667
228 230 0.333333
228 231 0.066667
228 232 0.466667
228 324 0.733333
229 237 -0.466667
230 238 -0.466667
231 239 -1.000000
232 240 -0.600000
233 237 -0.333333
233 238 0.066667
233 239 0.333333
233 240 0.200000
233 329 0.600000
234 237 0.200000
234 238 0.866667
234 239 -0.733333
234 240 0.200000
234 330 1.000000
235 237 -0.333333
235 238 -1.000000
235 239 0.200000
235 240 -0.866667
235 331 -1.000000
236 237 -0.066667
236 238 -0.466667
236 239 -0.066667
236 240 -0.733333
236 332 -0.066667
237 245 0.733333
238 246 -1.000000
239 247 0.466667
240 248 0.066667
241 245 -0.466667
241 246 0.066667
241 247 0.200000
241 248 0.066667
241 337 -1.000000
242 245 0.200000
242 246 1.000000
242 247 1.000000
242 248 -0.466667
242 338 0.600000
243 245 0.066667
243 246 0.466667
243 247 1.000000
243 248 -0.200000
243 339 -0.866667
244 245 1.000000
244 246 -0.600000
244 247 -0.733333
244 248 -0.600000
244 340 -0.200000
245 253 0.466667
246 254 0.466667
247 255 0.066667
248 256 0.866667
249 253 0.866667
249 254 -0.866667
249 255 -1.000000
249 256 -0.333333
249 345 1.666667
250 253 -0.333333
250 254 0.200000
250 255 0.600000
250 256 -0.333333
250 346 -0.466667
251 253 -0.466667
251 254 -0.200000
251 255 0.866667
251 256 -0.866667
251 347 -1.000000
252 253 0.733333
252 254 -0.733333
252 255 -0.466667
252 256 -0.066667
252 348 1.000000
253 261 0.066667
254 262 -0.066667
255 263 0.066667
256 264 1.000000
257 261 0.733333
257 262 -0.466667
257 263 0.333333
257 264 -0.733333
257 353 -0.333333
258 261 0.600000
258 262 -0.866667
258 263 -0.466667
258 264 -0.866667
258 354 0.600000
259 261 -0.333333
259 262 0.066667
259 263 1.000000
259 264 -0.600000
259 355 0.333333
260 261 1.000000
260 262 1.000000
260 263 -0.600000
260 264 0.866667
260 356 -0.733333
261 269 -0.066667
262 270 -0.466667
263 271 0.600000
264 272 0.333333
265 269 1.000000
265 270 0.866667
265 271 -0.733333
265 272 0.733333
265 361 -1.000000
266 269 3.666667
266 270 0.333333
266 271 -0.866667
266 272 0.733333
266 362 -0.466667
267 269 0.466667
267 270 -0.333333
267 271 0.600000
267 272 -1.000000
267 363 0.066667
268 269 0.600000
268 270 1.000000
268 271 -0.466667
268 272 -0.333333
268 364 0.200000
269 277 -0.600000
270 278 0.200000
271 279 0.733333
272 280 -0.066667
273 277 -0.200000
273 278 0.866667
273 279 0.866667
273 280 0.866667
273 369 1.000000
274 277 0.333333
274 278 0.600000
274 279 0.466667
274 280 -0.200000
274 370 -0.333333
275 277 -1.000000
275 278 -0.066667
275 279 -0.333333
275 280 0.066667
275 371 0.466667
276 277 -0.200000
276 278 -0.733333
276 279 -0.866667
276 280 -0.733333
276 372 0.866667
277 285 0.466667
278 286 0.466667
279 287 0.333333
280 288 0.600000
281 285 -0.733333
281 286 0.866667
281 287 -0.733333
281 288 1.000000
281 377 -1.000000
282 285 -0.600000
282 286 0.600000
282 287 0.466667
282 288 -0.466667
282 378 -0.600000
283 285 0.600000
283 286 -1.000000
283 287 0.733333
283 288 0.466667
283 379 0.866667
284 285 -1.666667
284 286 -0.466667
284 287 -2.333333
284 288 0.333333
284 380 -0.333333
289 293 0.733333
289 294 1.000000
289 295 -0.866667
289 296 -0.200000
289 385 -0.333333
290 293 -0.466667
290 294 0.733333
290 295 0.733333
290 296 -0.466667
290 386 0.733333
291 293 0.733333
291 294 -0.733333
291 295 -0.866667
291 296 1.000000
291 387 0.866667
292 293 -0.600000
292 294 0.733333
292 295 0.866667
292 296 -0.200000
292 388 0.333333
293 301 -0.333333
294 302 0.733333
295 303 -1.000000
296 304 -1.000000
297 301 -0.066667
297 302 0.600000
297 303 0.733333
297 304 -0.333333
297 393 -1.000000
298 301 -0.333333
298 302 1.000000
298 303 0.733333
298 304 0.466667
298 394 -0.066667
299 301 0.466667
299 302 -0.200000
299 303 -0.200000
299 304 0.200000
299 395 0.866667
300 301 -0.200000
300 302 -0.600000
300 303 0.733333
300 304 -0.200000
300 396 -0.600000
301 309 -0.333333
302 310 -0.066667
303 311 -0.066667
304 312 0.866667
305 309 0.333333
305 310 -0.466667
305 311 0.600000
305 312 0.866667
305 401 -0.866667
306 309 0.200000
306 310 -0.466667
306 311 -0.600000
306 312 -0.733333
306 402 -0.200000
307 309 -1.000000
307 310 0.200000
307 311 0.333333
307 312 0.066667
307 403 0.200000
308 309 -0.200000
308 310 0.733333
308 311 0.466667
308 312 -1.000000
308 404 -1.000000
309 317 -0.200000
310 318 0.733333
311 319 -0.600000
312 320 0.600000
313 317 -0.066667
313 318 0.600000
313 319 0.866667
313 320 -1.666667
313 409 -0.200000
314 317 0.066667
314 318 0.066667
314 319 0.333333
314 320 -0.733333
314 410 -0.866667
315 317 1.000000
315 318 1.000000
315 319 0.600000
315 320 -2.333333
315 411 0.333333
316 317 0.200000
316 318 0.333333
316 319 -0.466667
316 320 0.866667
316 412 0.333333
317 325 -0.600000
318 326 -0.600000
319 327 -2.333333
320 328 0.333333
321 325 -0.200000
321 326 -0.466667
321 327 1.000000
321 328 0.066667
321 417 -0.466667
322 325 0.466667
322 326 0.600000
322 327 -0.200000
322 328 0.333333
322 418 0.866667
323 325 -0.600000
323 326 1.000000
323 327 4.333333
323 328 -0.333333
323 419 1.000000
324 325 0.466667
324 326 0.066667
324 327 -0.333333
324 328 -0.333333
324 420 -0.466667
325 333 1.000000
326 334 -0.600000
327 335 0.333333
328 336 0.066667
329 333 -4.333333
329 334 -0.733333
329 335 0.866667
329 336 4.333333
329 425 0.466667
330 333 0.333333
330 334 0.866667
330 335 -1.000000
330 336 0.466667
330 426 -0.066667
331 333 0.866667
331 334 0.200000
331 335 0.466667
331 336 0.466667
331 427 0.200000
332 333 -0.733333
332 334 -0.733333
332 335 0.866667
332 336 -0.200000
332 428 -0.333333
333 341 0.733333
334 342 -0.466667
335 343 -0.733333
336 344 -5.000000
337 341 0.066667
337 342 -0.466667
337 343 0.733333
337 344 -0.866667
337 433 0.466667
338 341 -0.333333
338 342 0.333333
338 343 -0.866667
338 344 3.000000
338 434 0.333333
339 341 -4.333333
339 342 -0.600000
339 343 -0.733333
339 344 -3.000000
339 435 0.600000
340 341 -0.466667
340 342 -0.466667
340 343 -0.466667
340 344 -5.000000
340 436 0.866667
341 349 -1.000000
342 350 -0.333333
343 351 1.666667
344 352 0.333333
345 349 0.066667
345 350 0.600000
345 351 -0.866667
345 352 2.333333
345 441 -1.000000
346 349 1.000000
346 350 -0.333333
346 351 -0.466667
346 352 -4.333333
346 442 -0.600000
347 349 -0.600000
347 350 0.466667
347 351 -1.000000
347 352 0.333333
347 443 -0.333333
348 349 -0.333333
348 350 -0.200000
348 351 0.200000
348 352 -0.066667
348 444 0.466667
349 357 0.866667
350 358 0.866667
351 359 -2.333333
352 360 0.733333
353 357 0.466667
353 358 -0.866667
353 359 3.666667
353 360 -0.866667
353 449 -0.733333
354 357 -0.733333
354 358 -0.600000
354 359 1.000000
354 360 -0.600000
354 450 -0.733333
355 357 -0.866667
355 358 0.466667
355 359 0.866667
355 360 0.466667
355 451 -1.000000
356 357 0.600000
356 358 0.333333
356 359 1.000000
356 360 -0.866667
356 452 -0.466667
357 365 -0.200000
358 366 -0.600000
359 367 2.333333
360 368 -1.000000
361 365 -1.000000
361 366 0.066667
361 367 -0.733333
361 368 -0.600000
361 457 0.333333
362 365 0.066667
362 366 0.200000
362 367 0.866667
362 368 1.000000
362 458 -0.733333
363 365 -0.733333
363 366 -0.600000
363 367 -1.666667
363 368 -1.666667
363 459 -0.733333
364 365 0.600000
364 366 -0.866667
364 367 0.333333
364 368 0.866667
364 460 0.866667
365 373 -0.066667
366 374 -0.733333
367 375 -0.466667
368 376 1.000000
369 373 -0.600000
369 374 -0.066667
369 375 1.000000
369 376 0.200000
369 465 0.600000
370 373 1.000000
370 374 -0.333333
370 375 0.066667
370 376 0.333333
370 466 0.466667
371 373 0.066667
371 374 0.466667
371 375 0.600000
371 376 0.333333
371 467 -0.733333
372 373 0.066667
372 374 -1.000000
372 375 -0.200000
372 376 -1.000000
372 468 0.466667
373 381 -0.466667
374 382 0.066667
375 383 -1.000000
376 384 0.466667
377 381 -0.066667
377 382 -0.200000
377 383 1.000000
377 384 0.066667
377 473 -1.000000
378 381 -0.066667
378 382 -0.200000
378 383 1.000000
378 384 0.600000
378 474 0.066667
379 381 -0.733333
379 382 -0.600000
379 383 0.066667
379 384 -0.733333
379 475 -0.866667
380 381 -0.200000
380 382 0.600000
380 383 0.466667
380 384 -0.200000
380 476 -0.333333
385 389 0.466667
385 390 0.333333
385 391 0.466667
385 392 -0.466667
385 481 3.000000
386 389 -0.866667
386 390 0.466667
386 391 -1.000000
386 392 0.600000
386 482 -0.333333
387 389 -0.866667
387 390 -0.733333
387 391 -0.333333
387 392 1.000000
387 483 -0.600000
388 389 -0.733333
388 390 -1.666667
388 391 1.000000
388 392 0.333333
388 484 0.466667
389 397 -0.866667
390 398 0.600000
391 399 0.466667
392 400 -0.600000
393 397 0.600000
393 398 -0.066667
393 399 -0.333333
393 400 0.733333
393 489 -0.200000
394 397 0.600000
394 398 0.600000
394 399 -0.600000
394 400 0.733333
394 490 0.866667
395 397 0.733333
395 398 0.333333
395 399 -0.733333
395 400 -1.000000
395 491 0.600000
396 397 0.600000
396 398 -0.200000
396 399 0.733333
396 400 -4.333333
396 492 -0.333333
397 405 -0.200000
398 406 -3.000000
399 407 -0.866667
400 408 -0.466667
401 405 0.066667
401 406 -0.733333
401 407 -0.733333
401 408 -0.866667
401 497 -0.466667
402 405 -1.000000
402 406 0.866667
402 407 -0.066667
402 408 -1.000000
402 498 -0.066667
403 405 -1.000000
403 406 3.000000
403 407 0.333333
403 408 0.200000
403 499 -1.000000
404 405 -0.466667
404 406 0.600000
404 407 0.733333
404 408 -0.200000
404 500 -0.333333
405 413 0.333333
406 414 -1.000000
407 415 -1.000000
408 416 -1.000000
409 413 -0.600000
409 414 0.333333
409 415 -0.600000
409 416 1.000000
409 505 -0.733333
410 413 0.066667
410 414 0.733333
410 415 -1.000000
410 416 -0.066667
410 506 -0.066667
411 413 0.200000
411 414 -0.333333
411 415 0.600000
411 416 0.333333
411 507 1.000000
412 413 -0.600000
412 414 -1.000000
412 415 0.333333
412 416 1.000000
412 508 0.600000
413 421 -0.066667
414 422 -0.333333
415 423 -0.200000
416 424 -0.066667
417 421 -0.733333
417 422 0.733333
417 423 0.866667
417 424 -0.333333
417 513 0.333333
418 421 0.600000
418 422 0.333333
418 423 0.866667
418 424 -0.733333
418 514 0.066667
419 421 0.333333
419 422 -2.333333
419 423 -1.000000
419 424 0.733333
419 515 0.733333
420 421 0.333333
420 422 0.866667
420 423 -0.333333
420 424 0.866667
420 516 -0.733333
421 429 -0.200000
422 430 -0.600000
423 431 0.466667
424 432 -0.333333
425 429 -0.466667
425 430 -0.333333
425 431 -0.733333
425 432 -0.066667
425 521 -0.200000
426 429 0.200000
426 430 -0.600000
426 431 -0.200000
426 432 -0.466667
426 522 1.000000
427 429 -0.333333
427 430 1.000000
427 431 0.066667
427 432 -0.333333
427 523 -0.466667
428 429 -0.733333
428 430 0.333333
428 431 -0.333333
428 432 -1.000000
428 524 -0.200000
429 437 4.333333
430 438 0.466667
431 439 0.866667
432 440 -0.333333
433 437 1.000000
433 438 -0.600000
433 439 -0.466667
433 440 -0.466667
433 529 -0.333333
434 437 -0.866667
434 438 3.666667
434 439 -0.466667
434 440 -5.000000
434 530 4.333333
435 437 -1.000000
435 438 0.866667
435 439 -1.000000
435 440 0.333333
435 531 0.066667
436 437 -0.466667
436 438 0.600000
436 439 0.466667
436 440 -0.466667
436 532 -0.733333
437 445 -0.600000
438 446 1.666667
439 447 0.866667
440 448 3.000000
441 445 0.333333
441 446 -0.333333
441 447 0.200000
441 448 -0.200000
441 537 -5.000000
442 445 -0.866667
442 446 -1.000000
442 447 0.333333
442 448 -1.000000
442 538 -0.333333
443 445 0.733333
443 446 -0.333333
443 447 0.600000
443 448 0.333333
443 539 0.333333
444 445 -0.466667
444 446 -0.866667
444 447 -0.866667
444 448 5.000000
444 540 -0.333333
445 453 -0.733333
446 454 0.466667
447 455 -0.600000
448 456 -0.333333
449 453 0.600000
449 454 0.200000
449 455 -0.466667
449 456 -1.000000
449 545 -1.000000
450 453 -5.000000
450 454 -0.200000
450 455 -0.200000
450 456 2.333333
450 546 0.866667
451 453 0.866667
451 454 0.333333
451 455 0.733333
451 456 3.666667
451 547 -0.466667
452 453 0.066667
452 454 1.000000
452 455 0.600000
452 456 0.600000
452 548 1.000000
453 461 0.866667
454 462 0.200000
455 463 -0.466667
456 464 0.333333
457 461 0.866667
457 462 -0.600000
457 463 -0.200000
457 464 -2.333333
457 553 -0.333333
458 461 -2.333333
458 462 1.666667
458 463 0.733333
458 464 -5.000000
458 554 -1.666667
459 461 -0.066667
459 462 -3.000000
459 463 1.000000
459 464 -0.466667
459 555 0.333333
460 461 0.066667
460 462 -0.200000
460 463 -0.333333
460 464 -0.733333
460 556 0.733333
461 469 -0.333333
462 470 -1.000000
463 471 -3.666667
464 472 -3.666667
465 469 -1.666667
465 470 -0.066667
465 471 -0.866667
465 472 -0.200000
465 561 0.600000
466 469 0.066667
466 470 0.466667
466 471 -0.066667
466 472 0.466667
466 562 0.066667
467 469 1.000000
467 470 -0.466667
467 471 -0.333333
467 472 0.333333
467 563 -1.000000
468 469 -0.600000
468 470 -0.333333
468 471 -0.466667
468 472 -0.333333
468 564 0.466667
469 477 -0.066667
470 478 0.066667
471 479 -3.666667
472 480 0.200000
473 477 -0.733333
473 478 0.200000
473 479 0.333333
473 480 -0.866667
473 569 -0.200000
474 477 -0.866667
474 478 1.000000
474 479 -3.666667
474 480 -0.466667
474 570 1.000000
475 477 0.333333
475 478 -0.466667
475 479 0.600000
475 480 -0.600000
475 571 -0.466667
476 477 1.000000
476 478 0.066667
476 479 0.333333
476 480 -0.066667
476 572 0.200000
481 485 0.733333
481 486 0.600000
481 487 -0.333333
481 488 -0.333333
481 577 -0.200000
482 485 -0.066667
482 486 0.066667
482 487 0.600000
482 488 0.466667
482 578 0.866667
483 485 -0.600000
483 486 -0.200000
483 487 1.000000
483 488 -0.200000
483 579 -0.866667
484 485 -0.866667
484 486 0.733333
484 487 -0.733333
484 488 0.466667
484 580 -1.000000
485 493 0.066667
486 494 0.333333
487 495 -0.066667
488 496 0.600000
489 493 0.333333
489 494 0.733333
489 495 0.866667
489 496 -0.600000
489 585 -0.733333
490 493 -0.733333
490 494 0.200000
490 495 0.066667
490 496 0.333333
490 586 1.000000
491 493 -0.866667
491 494 -1.000000
491 495 0.333333
491 496 -1.000000
491 587 0.733333
492 493 0.066667
492 494 -1.000000
492 495 0.066667
492 496 0.733333
492 588 -0.733333
493 501 0.333333
494 502 -0.066667
495 503 0.333333
496 504 -0.466667
497 501 -0.200000
497 502 0.200000
497 503 0.733333
497 504 1.000000
497 593 0.733333
498 501 -0.333333
498 502 0.600000
498 503 -0.733333
498 504 -0.600000
498 594 0.466667
499 501 -0.066667
499 502 -0.600000
499 503 0.333333
499 504 0.333333
499 595 1.000000
500 501 -0.200000
500 502 0.066667
500 503 0.866667
500 504 0.866667
500 596 0.200000
501 509 -0.200000
502 510 -0.600000
503 511 -0.333333
504 512 0.866667
505 509 0.733333
505 510 -0.733333
505 511 -1.000000
505 512 -0.866667
505 601 0.466667
506 509 0.733333
506 510 0.333333
506 511 0.733333
506 512 -0.866667
506 602 -0.066667
507 509 1.000000
507 510 0.333333
507 511 0.600000
507 512 -0.200000
507 603 -0.066667
508 509 -0.466667
508 510 -0.866667
508 511 -0.066667
508 512 -0.733333
508 604 0.733333
509 517 0.466667
510 518 0.466667
511 519 0.600000
512 520 0.200000
513 517 -1.000000
513 518 0.200000
513 519 -0.733333
513 520 1.000000
513 609 -0.066667
514 517 -0.866667
514 518 0.733333
514 519 -0.866667
514 520 0.066667
514 610 0.200000
515 517 0.333333
515 518 0.066667
515 519 0.600000
515 520 -0.466667
515 611 0.466667
516 517 -0.200000
516 518 0.466667
516 519 -0.333333
516 520 -0.866667
516 612 0.466667
517 525 -0.066667
518 526 0.333333
519 527 -0.466667
520 528 0.733333
521 525 -0.733333
521 526 -1.000000
521 527 0.066667
521 528 0.200000
521 617 0.200000
522 525 0.200000
522 526 1.000000
522 527 -0.066667
522 528 -0.866667
522 618 -0.333333
523 525 0.866667
523 526 -0.733333
523 527 0.600000
523 528 -0.733333
523 619 -0.066667
524 525 4.333333
524 526 0.333333
524 527 -0.600000
524 528 -1.000000
524 620 -0.333333
525 533 -0.600000
526 534 -0.600000
527 535 -0.466667
528 536 -1.000000
529 533 0.066667
529 534 0.333333
529 535 0.866667
529 536 0.866667
529 625 -1.000000
530 533 1.666667
530 534 -0.200000
530 535 -0.066667
530 536 -0.733333
530 626 -0.466667
531 533 0.600000
531 534 -1.000000
531 535 -1.000000
531 536 -0.600000
531 627 0.333333
532 533 1.000000
532 534 1.000000
532 535 -1.000000
532 536 -0.466667
532 628 -0.333333
533 541 -1.000000
534 542 1.000000
535 543 0.200000
536 544 0.200000
537 541 -0.466667
537 542 -4.333333
537 543 0.600000
537 544 -3.000000
537 633 -0.066667
538 541 0.066667
538 542 0.066667
538 543 0.066667
538 544 -0.733333
538 634 -0.866667
539 541 -0.600000
539 542 0.333333
539 543 -1.000000
539 544 1.000000
539 635 0.200000
540 541 -3.000000
540 542 -1.000000
540 543 -0.066667
540 544 -3.666667
540 636 0.333333
541 549 1.000000
542 550 -1.666667
543 551 -0.333333
544 552 -0.866667
545 549 0.600000
545 550 1.000000
545 551 -0.466667
545 552 0.066667
545 641 -0.466667
546 549 -0.333333
546 550 -1.000000
546 551 0.333333
546 552 0.866667
546 642 0.066667
547 549 -0.066667
547 550 -0.866667
547 551 -5.000000
547 552 -0.866667
547 643 0.066667
548 549 0.866667
548 550 -0.733333
548 551 0.066667
548 552 -0.466667
548 644 0.066667
549 557 -3.666667
550 558 0.600000
551 559 1.000000
552 560 -0.866667
553 557 -0.466667
553 558 0.333333
553 559 0.600000
553 560 -0.466667
553 649 0.866667
554 557 1.000000
554 558 0.066667
554 559 -0.200000
554 560 0.200000
554 650 -0.200000
555 557 -1.000000
555 558 -0.600000
555 559 -1.000000
555 560 0.600000
555 651 1.000000
556 557 -5.000000
556 558 0.600000
556 559 -0.200000
556 560 -0.733333
556 652 0.066667
557 565 -0.466667
558 566 -0.200000
559 567 0.733333
560 568 0.200000
561 565 1.000000
561 566 0.600000
561 567 1.000000
561 568 -0.066667
561 657 0.466667
562 565 -0.600000
562 566 0.466667
562 567 0.600000
562 568 0.200000
562 658 -0.733333
563 565 -0.066667
563 566 -1.000000
563 567 -0.200000
563 568 0.600000
563 659 -1.000000
564 565 -0.733333
564 566 1.000000
564 567 0.733333
564 568 0.866667
564 660 -0.333333
565 573 -0.333333
566 574 -0.066667
567 575 -1.000000
568 576 0.066667
569 573 0.600000
569 574 -1.000000
569 575 -0.333333
569 576 -0.866667
569 665 0.066667
570 573 0.866667
570 574 -0.600000
570 575 0.600000
570 576 -0.466667
570 666 -1.000000
571 573 -0.733333
571 574 0.600000
571 575 -1.000000
571 576 -0.200000
571 667 1.000000
572 573 -0.066667
572 574 0.333333
572 575 -0.333333
572 576 -0.866667
572 668 0.066667
577 581 -0.733333
577 582 0.733333
577 583 -0.333333
577 584 -0.866667
577 673 -0.066667
578 581 1.000000
578 582 -0.466667
578 583 -0.333333
578 584 0.466667
578 674 -0.733333
579 581 0.200000
579 582 0.600000
579 583 0.333333
579 584 -0.866667
579 675 4.333333
580 581 0.866667
580 582 0.733333
580 583 0.333333
580 584 0.600000
580 676 0.200000
581 589 0.600000
582 590 1.000000
583 591 -0.333333
584 592 -0.600000
585 589 -0.200000
585 590 0.200000
585 591 -1.000000
585 592 -0.866667
585 681 -0.600000
586 589 0.200000
586 590 -0.600000
586 591 0.600000
586 592 0.733333
586 682 0.466667
587 589 -0.733333
587 590 -0.200000
587 591 0.333333
587 592 -0.733333
587 683 -0.200000
588 589 -0.333333
588 590 -0.866667
588 591 0.200000
588 592 0.333333
588 684 -0.333333
589 597 -0.333333
590 598 -0.066667
591 599 0.866667
592 600 0.866667
593 597 0.333333
593 598 0.333333
593 599 -0.333333
593 600 0.200000
593 689 0.733333
594 597 -1.000000
594 598 1.000000
594 599 -1.000000
594 600 -0.200000
594 690 0.733333
595 597 -0.333333
595 598 -0.733333
595 599 -0.866667
595 600 0.333333
595 691 -0.733333
596 597 -0.600000
596 598 -0.866667
596 599 -0.600000
596 600 0.066667
596 692 -0.733333
597 605 0.066667
598 606 0.466667
599 607 -0.466667
600 608 0.066667
601 605 0.200000
601 606 -1.000000
601 607 -0.200000
601 608 -0.066667
601 697 -0.866667
602 605 0.866667
602 606 0.733333
602 607 0.733333
602 608 -1.000000
602 698 0.733333
603 605 -0.600000
603 606 0.066667
603 607 1.000000
603 608 -0.200000
603 699 0.466667
604 605 -0.733333
604 606 -0.733333
604 607 -0.333333
604 608 0.733333
604 700 0.066667
605 613 -0.200000
606 614 -0.200000
607 615 -0.733333
608 616 -0.866667
609 613 -0.466667
609 614 3.000000
609 615 0.866667
609 616 0.600000
609 705 -0.066667
610 613 0.066667
610 614 0.466667
610 615 0.866667
610 616 0.866667
610 706 -0.333333
611 613 0.200000
611 614 1.000000
611 615 -0.466667
611 616 0.200000
611 707 0.600000
612 613 0.066667
612 614 -0.200000
612 615 0.333333
612 616 -0.466667
612 708 -0.600000
613 621 0.066667
614 622 0.466667
615 623 0.466667
616 624 0.333333
617 621 0.733333
617 622 -0.200000
617 623 -1.000000
617 624 -0.200000
617 713 0.600000
618 621 -0.466667
618 622 -0.333333
618 623 -0.066667
618 624 0.733333
618 714 0.866667
619 621 -0.200000
619 622 0.733333
619 623 -0.733333
619 624 0.333333
619 715 0.466667
620 621 -0.600000
620 622 -0.600000
620 623 -0.466667
620 624 -0.466667
620 716 -0.200000
621 629 0.066667
622 630 -0.466667
623 631 0.333333
624 632 -0.866667
625 629 1.000000
625 630 0.866667
625 631 1.000000
625 632 -0.466667
625 721 -0.866667
626 629 0.866667
626 630 -0.200000
626 631 -0.200000
626 632 -0.333333
626 722 0.733333
627 629 0.200000
627 630 -0.200000
627 631 -0.733333
627 632 -0.466667
627 723 1.000000
628 629 0.466667
628 630 0.200000
628 631 -0.866667
628 632 -0.600000
628 724 -0.333333
629 637 -0.466667
630 638 -1.000000
631 639 0.466667
632 640 -0.600000
633 637 0.866667
633 638 -0.200000
633 639 -0.066667
633 640 0.066667
633 729 0.733333
634 637 3.666667
634 638 -0.066667
634 639 -0.200000
634 640 -0.466667
634 730 0.333333
635 637 -0.200000
635 638 0.466667
635 639 0.066667
635 640 -0.200000
635 731 -0.066667
636 637 0.600000
636 638 -0.466667
636 639 0.866667
636 640 -0.466667
636 732 -0.333333
637 645 1.000000
638 646 -0.733333
639 647 -0.866667
640 648 -1.000000
641 645 0.066667
641 646 -0.466667
641 647 -0.866667
641 648 -0.333333
641 737 0.733333
642 645 0.866667
642 646 -0.866667
642 647 0.200000
642 648 0.333333
642 738 -0.066667
643 645 0.333333
643 646 -0.200000
643 647 -0.600000
643 648 0.866667
643 739 -0.333333
644 645 -0.200000
644 646 -0.866667
644 647 0.466667
644 648 -0.866667
644 740 0.866667
645 653 -1.000000
646 654 -0.600000
647 655 0.333333
648 656 -0.600000
649 653 -1.000000
649 654 -0.066667
649 655 -0.866667
649 656 -1.000000
649 745 -4.333333
650 653 0.333333
650 654 -0.200000
650 655 -0.733333
650 656 0.866667
650 746 0.600000
651 653 0.600000
651 654 -0.600000
651 655 -0.866667
651 656 1.000000
651 747 -0.066667
652 653 0.333333
652 654 1.000000
652 655 0.333333
652 656 0.466667
652 748 -0.600000
653 661 0.600000
654 662 -0.333333
655 663 1.666667
656 664 0.600000
657 661 -0.333333
657 662 0.333333
657 663 -0.733333
657 664 -0.866667
657 753 -1.000000
658 661 1.666667
658 662 0.066667
658 663 -3.666667
658 664 -5.000000
658 754 0.066667
659 661 0.066667
659 662 0.200000
659 663 -1.000000
659 664 -0.066667
659 755 0.466667
660 661 -0.733333
660 662 -3.000000
660 663 4.333333
660 664 0.200000
660 756 -0.600000
661 669 -0.333333
662 670 -0.733333
663 671 0.333333
664 672 0.333333
665 669 0.333333
665 670 0.066667
665 671 -0.333333
665 672 0.600000
665 761 0.866667
666 669 0.600000
666 670 -0.333333
666 671 -0.866667
666 672 0.200000
666 762 1.000000
667 669 0.866667
667 670 0.200000
667 671 -0.200000
667 672 -0.600000
667 763 -0.733333
668 669 -0.200000
668 670 1.000000
668 671 0.200000
668 672 -0.733333
668 764 -0.466667
673 677 0.200000
673 678 0.066667
673 679 -0.066667
673 680 -0.733333
673 769 -0.333333
674 677 -1.000000
674 678 -0.866667
674 679 -0.600000
674 680 -0.333333
674 770 1.666667
675 677 0.733333
675 678 0.733333
675 679 0.866667
675 680 0.333333
675 771 -3.666667
676 677 -0.466667
676 678 0.466667
676 679 -0.733333
676 680 0.066667
676 772 -0.200000
677 685 -0.066667
678 686 -0.066667
679 687 0.866667
680 688 -0.200000
681 685 -0.333333
681 686 -0.733333
681 687 -0.733333
681 688 -0.200000
681 777 0.866667
682 685 1.000000
682 686 -0.733333
682 687 0.866667
682 688 0.733333
682 778 -0.733333
683 685 0.333333
683 686 0.733333
683 687 0.466667
683 688 -0.733333
683 779 0.733333
684 685 1.000000
684 686 -0.466667
684 687 0.600000
684 688 0.733333
684 780 -0.866667
685 693 -0.600000
686 694 -0.200000
687 695 -0.066667
688 696 0.600000
689 693 1.000000
689 694 -0.733333
689 695 0.333333
689 696 -0.200000
689 785 -0.733333
690 693 -1.000000
690 694 -0.866667
690 695 -0.600000
690 696 0.733333
690 786 1.666667
691 693 0.466667
691 694 0.333333
691 695 -0.466667
691 696 1.000000
691 787 -0.333333
692 693 0.866667
692 694 0.066667
692 695 -0.333333
692 696 -0.466667
692 788 0.866667
693 701 -0.733333
694 702 -3.000000
695 703 0.466667
696 704 1.000000
697 701 0.066667
697 702 -1.000000
697 703 -0.333333
697 704 0.200000
697 793 1.000000
698 701 -3.666667
698 702 -0.600000
698 703 -0.733333
698 704 0.866667
698 794 0.466667
699 701 1.000000
699 702 -1.000000
699 703 0.866667
699 704 0.466667
699 795 1.000000
700 701 1.000000
700 702 -0.333333
700 703 -0.333333
700 704 0.200000
700 796 1.000000
701 709 -0.866667
702 710 0.600000
703 711 -3.000000
704 712 -0.200000
705 709 0.600000
705 710 -0.600000
705 711 0.200000
705 712 -0.600000
705 801 0.333333
706 709 -0.066667
706 710 -0.866667
706 711 -5.000000
706 712 -0.466667
706 802 0.066667
707 709 0.733333
707 710 0.466667
707 711 0.733333
707 712 -1.000000
707 803 0.600000
708 709 -0.333333
708 710 -0.600000
708 711 -0.333333
708 712 0.600000
708 804 0.866667
709 717 0.466667
710 718 -0.200000
711 719 0.600000
712 720 -0.466667
713 717 1.666667
713 718 1.000000
713 719 3.666667
713 720 -0.066667
713 809 -0.333333
714 717 0.466667
714 718 -0.200000
714 719 -0.333333
714 720 -0.866667
714 810 0.733333
715 717 0.333333
715 718 0.466667
715 719 -0.066667
715 720 -0.066667
715 811 -0.600000
716 717 0.200000
716 718 -0.466667
716 719 -0.066667
716 720 -0.466667
716 812 0.733333
717 725 0.200000
718 726 0.733333
719 727 -0.733333
720 728 -0.333333
721 725 -0.600000
721 726 -0.733333
721 727 -0.600000
721 728 -0.600000
721 817 -0.333333
722 725 -0.200000
722 726 0.733333
722 727 -0.066667
722 728 0.733333
722 818 1.000000
723 725 0.200000
723 726 0.333333
723 727 0.866667
723 728 0.066667
723 819 -0.733333
724 725 0.333333
724 726 0.333333
724 727 0.733333
724 728 -0.866667
724 820 -0.866667
725 733 0.066667
726 734 -0.333333
727 735 -1.000000
728 736 -0.466667
729 733 -1.000000
729 734 -0.866667
729 735 0.333333
729 736 -0.200000
729 825 0.333333
730 733 -0.600000
730 734 0.333333
730 735 1.000000
730 736 -0.066667
730 826 -0.066667
731 733 0.200000
731 734 0.600000
731 735 0.066667
731 736 0.200000
731 827 -0.333333
732 733 0.600000
732 734 5.000000
732 735 -0.733333
732 736 0.733333
732 828 0.066667
733 741 2.333333
734 742 -0.200000
735 743 -0.866667
736 744 0.600000
737 741 3.000000
737 742 1.000000
737 743 0.733333
737 744 -5.000000
737 833 2.333333
738 741 0.466667
738 742 -5.000000
738 743 0.866667
738 744 -0.333333
738 834 -0.866667
739 741 0.333333
739 742 -1.000000
739 743 0.200000
739 744 0.866667
739 835 1.666667
740 741 -0.466667
740 742 3.666667
740 743 2.333333
740 744 -1.000000
740 836 -0.333333
741 749 1.000000
742 750 2.333333
743 751 0.733333
744 752 0.466667
745 749 -0.866667
745 750 0.333333
745 751 0.733333
745 752 0.333333
745 841 1.000000
746 749 0.600000
746 750 0.600000
746 751 -0.600000
746 752 0.066667
746 842 -0.200000
747 749 0.200000
747 750 0.733333
747 751 -1.000000
747 752 -0.466667
747 843 -1.000000
748 749 0.066667
748 750 0.466667
748 751 0.066667
748 752 0.333333
748 844 0.066667
749 757 1.000000
750 758 -0.733333
751 759 -1.000000
752 760 -0.200000
753 757 0.733333
753 758 0.866667
753 759 -0.466667
753 760 -0.200000
753 849 -0.466667
754 757 -0.733333
754 758 -0.333333
754 759 0.466667
754 760 -0.866667
754 850 0.866667
755 757 -0.733333
755 758 -0.866667
755 759 -0.200000
755 760 -0.733333
755 851 -0.600000
756 757 0.600000
756 758 1.000000
756 759 -1.000000
756 760 -0.733333
756 852 -0.200000
757 765 0.866667
758 766 0.200000
759 767 0.066667
760 768 0.733333
761 765 0.466667
761 766 -0.600000
761 767 -0.600000
761 768 0.733333
761 857 -0.333333
762 765 0.066667
762 766 0.466667
762 767 0.466667
762 768 -0.866667
762 858 0.600000
763 765 0.066667
763 766 1.000000
763 767 -0.466667
763 768 1.000000
763 859 -0.733333
764 765 -0.733333
764 766 -0.200000
764 767 -0.333333
764 768 -0.866667
764 860 0.466667
769 773 0.333333
769 774 -0.866667
769 775 -0.466667
769 776 0.200000
769 865 1.000000
770 773 -3.666667
770 774 -1.666667
770 775 1.000000
770 776 4.333333
770 866 -5.000000
771 773 0.200000
771 774 0.600000
771 775 -0.333333
771 776 -0.733333
771 867 0.200000
772 773 0.200000
772 774 -3.000000
772 775 0.733333
772 776 -0.333333
772 868 -0.866667
773 781 -0.066667
774 782 0.866667
775 783 1.666667
776 784 0.866667
777 781 -0.466667
777 782 -3.666667
777 783 -0.333333
777 784 -0.066667
777 873 1.000000
778 781 -0.866667
778 782 -0.200000
778 783 0.866667
778 784 -0.466667
778 874 -1.000000
779 781 -0.333333
779 782 -0.200000
779 783 0.466667
779 784 -0.733333
779 875 -0.333333
780 781 -0.466667
780 782 0.466667
780 783 5.000000
780 784 0.733333
780 876 -0.600000
781 789 1.000000
782 790 0.600000
783 791 -3.666667
784 792 -0.200000
785 789 -2.333333
785 790 0.333333
785 791 -0.866667
785 792 -0.333333
785 881 -0.866667
786 789 3.000000
786 790 -0.466667
786 791 0.866667
786 792 0.200000
786 882 -5.000000
787 789 1.000000
787 790 4.333333
787 791 -1.666667
787 792 -0.866667
787 883 0.200000
788 789 -0.733333
788 790 -0.733333
788 791 4.333333
788 792 0.466667
788 884 2.333333
789 797 -0.866667
790 798 0.733333
791 799 3.666667
792 800 0.600000
793 797 1.000000
793 798 -0.066667
793 799 -0.200000
793 800 4.333333
793 889 -3.666667
794 797 -0.866667
794 798 0.466667
794 799 -0.733333
794 800 -1.666667
794 890 1.000000
795 797 -0.200000
795 798 1.666667
795 799 -0.333333
795 800 -0.333333
795 891 0.066667
796 797 -0.866667
796 798 0.200000
796 799 -3.000000
796 800 1.000000
796 892 0.466667
797 805 1.666667
798 806 0.733333
799 807 -0.466667
800 808 4.333333
801 805 -0.200000
801 806 -0.866667
801 807 0.600000
801 808 -1.000000
801 897 0.066667
802 805 0.333333
802 806 -2.333333
802 807 0.333333
802 808 -0.466667
802 898 -0.466667
803 805 0.866667
803 806 0.200000
803 807 0.066667
803 808 -0.733333
803 899 0.466667
804 805 0.200000
804 806 1.666667
804 807 -1.000000
804 808 0.066667
804 900 1.000000
805 813 -5.000000
806 814 -2.333333
807 815 -0.066667
808 816 0.466667
809 813 -0.200000
809 814 0.333333
809 815 0.600000
809 816 -0.733333
809 905 -0.466667
810 813 -1.666667
810 814 -2.333333
810 815 5.000000
810 816 -0.866667
810 906 0.600000
811 813 -3.666667
811 814 -0.866667
811 815 0.600000
811 816 -1.000000
811 907 -1.000000
812 813 0.466667
812 814 -0.200000
812 815 -0.200000
812 816 -0.866667
812 908 5.000000
813 821 5.000000
814 822 1.000000
815 823 -0.866667
816 824 -0.333333
817 821 -0.333333
817 822 -0.866667
817 823 0.066667
817 824 0.200000
817 913 0.066667
818 821 0.600000
818 822 0.333333
818 823 0.200000
818 824 -0.866667
818 914 0.866667
819 821 -0.066667
819 822 1.000000
819 823 -0.466667
819 824 -1.000000
819 915 0.733333
820 821 0.733333
820 822 0.066667
820 823 -0.866667
820 824 -0.066667
820 916 -0.333333
821 829 -0.066667
822 830 -0.866667
823 831 0.466667
824 832 -0.866667
825 829 -0.733333
825 830 -0.066667
825 831 0.733333
825 832 -1.000000
825 921 0.200000
826 829 -1.000000
826 830 -0.733333
826 831 -0.733333
826 832 -0.733333
826 922 0.200000
827 829 0.466667
827 830 0.600000
827 831 -0.333333
827 832 0.466667
827 923 -0.733333
828 829 0.866667
828 830 -0.066667
828 831 -0.733333
828 832 -1.000000
828 924 0.200000
829 837 0.333333
830 838 0.200000
831 839 -0.600000
832 840 -0.200000
833 837 0.600000
833 838 -1.000000
833 839 -3.000000
833 840 2.333333
833 929 0.600000
834 837 -0.600000
834 838 -0.200000
834 839 -0.733333
834 840 -0.200000
834 930 -1.000000
835 837 3.000000
835 838 0.466667
835 839 0.466667
835 840 -3.666667
835 931 -0.866667
836 837 -0.866667
836 838 0.333333
836 839 0.066667
836 840 5.000000
836 932 0.066667
837 845 -1.000000
838 846 2.333333
839 847 0.600000
840 848 1.000000
841 845 0.066667
841 846 -0.733333
841 847 -0.066667
841 848 0.333333
841 937 0.733333
842 845 0.466667
842 846 0.200000
842 847 0.333333
842 848 1.000000
842 938 1.000000
843 845 -0.866667
843 846 0.733333
843 847 -0.600000
843 848 -0.466667
843 939 1.000000
844 845 -0.866667
844 846 -0.600000
844 847 0.733333
844 848 0.733333
844 940 0.066667
845 853 0.333333
846 854 0.466667
847 855 -1.000000
848 856 0.866667
849 853 0.466667
849 854 -0.333333
849 855 -0.600000
849 856 -0.600000
849 945 0.333333
850 853 -0.866667
850 854 -0.466667
850 855 -0.866667
850 856 -0.333333
850 946 0.733333
851 853 0.066667
851 854 0.733333
851 855 -0.466667
851 856 -0.600000
851 947 0.466667
852 853 0.466667
852 854 -0.200000
852 855 -0.600000
852 856 0.200000
852 948 0.733333
853 861 -0.200000
854 862 1.000000
855 863 -0.866667
856 864 1.000000
857 861 1.000000
857 862 0.200000
857 863 -0.200000
857 864 -0.066667
857 953 1.000000
858 861 0.066667
858 862 -0.200000
858 863 -0.466667
858 864 0.733333
858 954 -0.866667
859 861 0.333333
859 862 -1.000000
859 863 0.333333
859 864 -0.600000
859 955 0.600000
860 861 1.000000
860 862 -0.333333
860 863 -0.866667
860 864 1.000000
860 956 0.333333
865 869 -5.000000
865 870 -0.466667
865 871 0.733333
865 872 0.066667
865 961 0.733333
866 869 0.333333
866 870 3.000000
866 871 1.666667
866 872 0.200000
866 962 5.000000
867 869 -0.200000
867 870 1.000000
867 871 -0.333333
867 872 -0.066667
867 963 1.000000
868 869 0.600000
868 870 -4.333333
868 871 0.333333
868 872 -0.333333
868 964 -0.466667
869 877 5.000000
870 878 0.733333
871 879 0.200000
872 880 -0.333333
873 877 -4.333333
873 878 -0.066667
873 879 -3.666667
873 880 -3.666667
873 969 -2.333333
874 877 -0.333333
874 878 -0.600000
874 879 0.466667
874 880 -3.000000
874 970 -0.200000
875 877 -3.666667
875 878 4.333333
875 879 0.200000
875 880 2.333333
875 971 1.000000
876 877 -0.333333
876 878 -0.333333
876 879 0.333333
876 880 -0.866667
876 972 -0.333333
877 885 -4.333333
878 886 0.200000
879 887 0.333333
880 888 -0.733333
881 885 0.333333
881 886 -5.000000
881 887 -1.000000
881 888 3.666667
881 977 4.333333
882 885 4.333333
882 886 0.066667
882 887 -0.866667
882 888 0.066667
882 978 -0.466667
883 885 5.000000
883 886 1.000000
883 887 4.333333
883 888 0.466667
883 979 0.066667
884 885 -2.333333
884 886 -1.000000
884 887 -3.000000
884 888 -1.000000
884 980 0.333333
885 893 0.333333
886 894 -0.066667
887 895 1.666667
888 896 0.733333
889 893 -3.666667
889 894 -0.466667
889 895 0.200000
889 896 -1.000000
889 985 -0.733333
890 893 -1.000000
890 894 -0.066667
890 895 0.600000
890 896 0.866667
890 986 -0.466667
891 893 3.666667
891 894 0.600000
891 895 -1.000000
891 896 0.600000
891 987 0.466667
892 893 -0.333333
892 894 0.066667
892 895 -3.666667
892 896 -0.200000
892 988 -0.466667
893 901 0.600000
894 902 0.333333
895 903 -0.866667
896 904 -0.333333
897 901 0.466667
897 902 1.000000
897 903 -0.866667
897 904 -0.466667
897 993 0.066667
898 901 0.866667
898 902 -0.600000
898 903 -0.600000
898 904 -0.200000
898 994 -0.733333
899 901 0.066667
899 902 -0.466667
899 903 0.600000
899 904 -0.066667
899 995 0.333333
900 901 0.200000
900 902 -0.600000
900 903 -0.333333
900 904 1.000000
900 996 -1.000000
901 909 1.000000
902 910 0.466667
903 911 -0.066667
904 912 -0.466667
905 909 -0.733333
905 910 0.600000
905 911 -1.666667
905 912 0.066667
905 1001 1.000000
906 909 -0.066667
906 910 0.733333
906 911 -0.200000
906 912 -0.200000
906 1002 -0.866667
907 909 0.733333
907 910 -0.733333
907 911 0.466667
907 912 -0.600000
907 1003 -0.466667
908 909 -0.866667
908 910 0.466667
908 911 4.333333
908 912 -0.866667
908 1004 0.600000
909 917 0.866667
910 918 -0.866667
911 919 -1.000000
912 920 0.466667
913 917 -0.600000
913 918 0.600000
913 919 -0.733333
913 920 -1.000000
913 1009 -0.733333
914 917 -0.600000
914 918 -0.066667
914 919 0.200000
914 920 0.200000
914 1010 0.466667
915 917 -0.866667
915 918 -0.066667
915 919 -1.000000
915 920 -0.066667
915 1011 0.333333
916 917 0.866667
916 918 -0.733333
916 919 0.200000
916 920 0.733333
916 1012 -1.000000
917 925 -0.600000
918 926 -0.466667
919 927 0.466667
920 928 -0.333333
921 925 0.866667
921 926 0.600000
921 927 3.666667
921 928 1.000000
921 1017 -0.733333
922 925 -0.333333
922 926 0.066667
922 927 1.000000
922 928 0.866667
922 1018 0.733333
923 925 0.600000
923 926 -0.466667
923 927 -0.333333
923 928 -0.733333
923 1019 0.466667
924 925 -0.200000
924 926 0.066667
924 927 -0.066667
924 928 0.066667
924 1020 -0.866667
925 933 -0.333333
926 934 0.200000
927 935 0.200000
928 936 -1.000000
929 933 0.600000
929 934 -0.066667
929 935 0.733333
929 936 0.466667
929 1025 -0.200000
930 933 0.733333
930 934 -0.733333
930 935 -0.866667
930 936 0.200000
930 1026 -0.600000
931 933 0.333333
931 934 -0.333333
931 935 0.866667
931 936 0.333333
931 1027 1.000000
932 933 -1.000000
932 934 0.600000
932 935 0.866667
932 936 -0.066667
932 1028 -1.000000
933 941 -0.733333
934 942 0.333333
935 943 -0.866667
936 944 -1.000000
937 941 1.000000
937 942 0.066667
937 943 -0.866667
937 944 -0.200000
937 1033 0.466667
938 941 1.000000
938 942 -0.600000
938 943 0.733333
938 944 0.200000
938 1034 0.333333
939 941 -0.066667
939 942 -0.333333
939 943 0.866667
939 944 -1.000000
939 1035 0.333333
940 941 -0.333333
940 942 -1.000000
940 943 -0.066667
940 944 -0.200000
940 1036 -0.066667
941 949 0.333333
942 950 0.466667
943 951 -1.000000
944 952 -1.000000
945 949 0.066667
945 950 0.066667
945 951 0.200000
945 952 -0.333333
945 1041 -1.000000
946 949 -0.733333
946 950 0.466667
946 951 0.733333
946 952 -0.733333
946 1042 0.866667
947 949 0.466667
947 950 0.600000
947 951 -0.066667
947 952 -1.000000
947 1043 -0.066667
948 949 -0.333333
948 950 -0.600000
948 951 -0.866667
948 952 -0.333333
948 1044 -0.733333
949 957 -0.200000
950 958 -0.333333
951 959 -0.866667
952 960 0.333333
953 957 -3.666667
953 958 -0.733333
953 959 -0.066667
953 960 1.666667
953 1049 -0.333333
954 957 0.600000
954 958 1.000000
954 959 -1.000000
954 960 -0.733333
954 1050 1.000000
955 957 1.000000
955 958 -0.600000
955 959 -0.466667
955 960 0.866667
955 1051 -0.333333
956 957 0.866667
956 958 1.000000
956 959 -0.733333
956 960 -0.600000
956 1052 0.333333
961 965 0.066667
961 966 1.000000
961 967 -0.733333
961 968 0.066667
961 1057 0.333333
962 965 0.466667
962 966 -0.600000
962 967 0.333333
962 968 0.333333
962 1058 0.866667
963 965 0.066667
963 966 1.000000
963 967 0.200000
963 968 0.600000
963 1059 -0.466667
964 965 0.333333
964 966 -0.600000
964 967 -0.066667
964 968 0.466667
964 1060 -0.333333
965 973 0.600000
966 974 0.733333
967 975 0.600000
968 976 0.733333
969 973 1.000000
969 974 -0.066667
969 975 -1.000000
969 976 -0.733333
969 1065 -0.333333
970 973 1.000000
970 974 0.333333
970 975 0.866667
970 976 0.200000
970 1066 3.666667
971 973 -1.000000
971 974 -0.333333
971 975 1.000000
971 976 0.333333
971 1067 3.666667
972 973 0.866667
972 974 0.066667
972 975 0.333333
972 976 -0.866667
972 1068 0.066667
973 981 0.466667
974 982 -0.733333
975 983 0.333333
976 984 0.600000
977 981 -0.200000
977 982 -1.000000
977 983 0.466667
977 984 -0.466667
977 1073 0.733333
978 981 -0.200000
978 982 0.066667
978 983 0.600000
978 984 0.066667
978 1074 0.866667
979 981 0.733333
979 982 -0.333333
979 983 0.200000
979 984 -2.333333
979 1075 -2.333333
980 981 -3.000000
980 982 -1.000000
980 983 -0.733333
980 984 -1.000000
980 1076 -0.600000
981 989 -0.600000
982 990 0.600000
983 991 -0.866667
984 992 -0.866667
985 989 -0.066667
985 990 -0.333333
985 991 -0.466667
985 992 -0.866667
985 1081 -1.000000
986 989 0.466667
986 990 -0.200000
986 991 0.600000
986 992 -1.000000
986 1082 0.066667
987 989 -1.000000
987 990 -0.066667
987 991 0.866667
987 992 -1.000000
987 1083 0.600000
988 989 -0.866667
988 990 -0.200000
988 991 0.866667
988 992 0.866667
988 1084 0.466667
989 997 3.000000
990 998 -0.200000
991 999 -0.866667
992 1000 0.066667
993 997 0.333333
993 998 0.466667
993 999 -0.600000
993 1000 0.866667
993 1089 -0.466667
994 997 -0.066667
994 998 -0.466667
994 999 -0.200000
994 1000 0.866667
994 1090 -0.200000
995 997 -0.066667
995 998 0.066667
995 999 -0.866667
995 1000 -0.466667
995 1091 -0.866667
996 997 -5.000000
996 998 5.000000
996 999 1.000000
996 1000 -0.600000
996 1092 4.333333
997 1005 -0.866667
998 1006 1.000000
999 1007 -0.866667
1000 1008 -1.000000
1001 1005 -0.866667
1001 1006 0.466667
1001 1007 -0.466667
1001 1008 -1.000000
1001 1097 0.466667
1002 1005 0.733333
1002 1006 -0.333333
1002 1007 0.066667
1002 1008 0.866667
1002 1098 -0.200000
1003 1005 0.066667
1003 1006 0.600000
1003 1007 -0.200000
1003 1008 0.200000
1003 1099 -0.866667
1004 1005 1.000000
1004 1006 1.000000
1004 1007 0.600000
1004 1008 0.866667
1004 1100 -0.866667
1005 1013 -0.866667
1006 1014 0.600000
1007 1015 -0.333333
1008 1016 0.066667
1009 1013 0.333333
1009 1014 -0.066667
1009 1015 1.000000
1009 1016 -0.466667
1009 1105 -0.733333
1010 1013 -0.466667
1010 1014 0.333333
1010 1015 1.000000
1010 1016 0.866667
1010 1106 -0.200000
1011 1013 -0.600000
1011 1014 -2.333333
1011 1015 -3.666667
1011 1016 -0.466667
1011 1107 4.333333
1012 1013 -0.200000
1012 1014 -0.333333
1012 1015 0.600000
1012 1016 0.333333
1012 1108 -0.466667
1013 1021 0.866667
1014 1022 -0.066667
1015 1023 -5.000000
1016 1024 -0.600000
1017 1021 0.733333
1017 1022 -0.733333
1017 1023 0.600000
1017 1024 0.200000
1017 1113 1.000000
1018 1021 0.866667
1018 1022 -0.866667
1018 1023 0.066667
1018 1024 -0.866667
1018 1114 -0.333333
1019 1021 -0.733333
1019 1022 0.200000
1019 1023 -0.466667
1019 1024 0.066667
1019 1115 -1.000000
1020 1021 0.733333
1020 1022 -1.000000
1020 1023 -0.600000
1020 1024 0.466667
1020 1116 -0.733333
1021 1029 -0.066667
1022 1030 -1.000000
1023 1031 -0.733333
1024 1032 0.733333
1025 1029 -0.466667
1025 1030 -0.600000
1025 1031 0.333333
1025 1032 -0.866667
1025 1121 0.600000
1026 1029 -0.066667
1026 1030 0.733333
1026 1031 -1.666667
1026 1032 -0.733333
1026 1122 -2.333333
1027 1029 -0.066667
1027 1030 -0.200000
1027 1031 -0.066667
1027 1032 0.600000
1027 1123 0.733333
1028 1029 1.000000
1028 1030 -0.333333
1028 1031 -0.466667
1028 1032 1.000000
1028 1124 -0.466667
1029 1037 -0.466667
1030 1038 0.466667
1031 1039 1.000000
1032 1040 1.000000
1033 1037 0.866667
1033 1038 0.600000
1033 1039 0.866667
1033 1040 0.733333
1033 1129 -0.200000
1034 1037 1.000000
1034 1038 -1.000000
1034 1039 -0.333333
1034 1040 0.200000
1034 1130 -1.666667
1035 1037 0.200000
1035 1038 1.000000
1035 1039 -0.866667
1035 1040 -1.000000
1035 1131 -0.600000
1036 1037 -0.866667
1036 1038 -0.733333
1036 1039 0.600000
1036 1040 -0.733333
1036 1132 -0.733333
1037 1045 2.333333
1038 1046 -0.066667
1039 1047 4.333333
1040 1048 0.200000
1041 1045 -0.600000
1041 1046 0.466667
1041 1047 0.200000
1041 1048 -0.200000
1041 1137 0.200000
1042 1045 -5.000000
1042 1046 2.333333
1042 1047 2.333333
1042 1048 0.466667
1042 1138 -3.000000
1043 1045 0.200000
1043 1046 -0.733333
1043 1047 -0.600000
1043 1048 -0.066667
1043 1139 -2.333333
1044 1045 0.600000
1044 1046 0.066667
1044 1047 0.866667
1044 1048 -1.000000
1044 1140 -0.733333
1045 1053 -0.866667
1046 1054 3.666667
1047 1055 -0.733333
1048 1056 -0.733333
1049 1053 1.000000
1049 1054 0.466667
1049 1055 0.466667
1049 1056 -1.000000
1049 1145 0.066667
1050 1053 0.200000
1050 1054 0.200000
1050 1055 0.733333
1050 1056 -0.333333
1050 1146 -1.000000
1051 1053 0.600000
1051 1054 -0.200000
1051 1055 0.333333
1051 1056 5.000000
1051 1147 0.866667
1052 1053 -1.000000
1052 1054 -0.333333
1052 1055 0.200000
1052 1056 -5.000000
1052 1148 0.333333
1057 1061 1.000000
1057 1062 0.066667
1057 1063 0.066667
1057 1064 -0.200000
1058 1061 -0.066667
1058 1062 0.200000
1058 1063 4.333333
1058 1064 0.866667
1059 1061 0.066667
1059 1062 0.466667
1059 1063 -2.333333
1059 1064 -1.000000
1060 1061 -0.333333
1060 1062 -0.600000
1060 1063 -0.333333
1060 1064 -0.333333
1061 1069 0.733333
1062 1070 -0.066667
1063 1071 -3.000000
1064 1072 3.666667
1065 1069 -0.466667
1065 1070 -1.000000
1065 1071 0.600000
1065 1072 -0.066667
1066 1069 0.600000
1066 1070 0.866667
1066 1071 -0.066667
1066 1072 -2.333333
1067 1069 -1.000000
1067 1070 -2.333333
1067 1071 0.466667
1067 1072 0.733333
1068 1069 0.466667
1068 1070 0.333333
1068 1071 0.733333
1068 1072 0.600000
1069 1077 -1.000000
1070 1078 0.066667
1071 1079 -0.466667
1072 1080 0.600000
1073 1077 -0.866667
1073 1078 -0.066667
1073 1079 0.066667
1073 1080 -0.866667
1074 1077 0.200000
1074 1078 -0.733333
1074 1079 0.600000
1074 1080 -0.333333
1075 1077 0.200000
1075 1078 -1.000000
1075 1079 0.466667
1075 1080 0.466667
1076 1077 -1.000000
1076 1078 -0.866667
1076 1079 -1.000000
1076 1080 -0.200000
1077 1085 -0.466667
1078 1086 -1.000000
1079 1087 0.600000
1080 1088 3.000000
1081 1085 0.066667
1081 1086 -0.333333
1081 1087 -3.000000
1081 1088 0.066667
1082 1085 0.600000
1082 1086 -0.333333
1082 1087 -0.466667
1082 1088 0.866667
1083 1085 0.066667
1083 1086 -1.000000
1083 1087 -0.866667
1083 1088 -0.600000
1084 1085 -0.200000
1084 1086 -3.666667
1084 1087 0.466667
1084 1088 -3.666667
1085 1093 5.000000
1086 1094 0.333333
1087 1095 0.066667
1088 1096 0.333333
1089 1093 0.466667
1089 1094 -4.333333
1089 1095 -0.600000
1089 1096 -1.000000
1090 1093 -1.000000
1090 1094 3.000000
1090 1095 0.866667
1090 1096 -0.333333
1091 1093 0.866667
1091 1094 -5.000000
1091 1095 0.733333
1091 1096 -1.666667
1092 1093 -0.733333
1092 1094 -1.666667
1092 1095 0.200000
1092 1096 -3.666667
1093 1101 -0.600000
1094 1102 1.666667
1095 1103 -3.666667
1096 1104 0.333333
1097 1101 0.866667
1097 1102 4.333333
1097 1103 -1.000000
1097 1104 -0.200000
1098 1101 -0.066667
1098 1102 4.333333
1098 1103 0.600000
1098 1104 0.333333
1099 1101 -1.000000
1099 1102 1.000000
1099 1103 0.333333
1099 1104 1.000000
1100 1101 0.733333
1100 1102 0.333333
1100 1103 0.200000
1100 1104 0.333333
1101 1109 -0.733333
1102 1110 1.000000
1103 1111 2.333333
1104 1112 0.866667
1105 1109 -0.866667
1105 1110 -0.066667
1105 1111 0.066667
1105 1112 -0.866667
1106 1109 -0.600000
1106 1110 0.466667
1106 1111 0.066667
1106 1112 0.733333
1107 1109 -0.066667
1107 1110 0.733333
1107 1111 -1.000000
1107 1112 1.000000
1108 1109 0.866667
1108 1110 -0.200000
1108 1111 0.466667
1108 1112 0.600000
1109 1117 -0.466667
1110 1118 -1.000000
1111 1119 0.333333
1112 1120 -0.466667
1113 1117 0.066667
1113 1118 0.066667
1113 1119 -0.733333
1113 1120 -1.000000
1114 1117 -0.466667
1114 1118 1.000000
1114 1119 -0.333333
1114 1120 -0.066667
1115 1117 -0.600000
1115 1118 -0.333333
1115 1119 0.066667
1115 1120 0.066667
1116 1117 1.000000
1116 1118 -1.000000
1116 1119 -0.333333
1116 1120 -0.200000
1117 1125 -0.466667
1118 1126 -0.200000
1119 1127 -4.333333
1120 1128 -0.200000
1121 1125 0.200000
1121 1126 1.000000
1121 1127 -0.600000
1121 1128 1.000000
1122 1125 -0.733333
1122 1126 -0.466667
1122 1127 -0.333333
1122 1128 0.200000
1123 1125 1.000000
1123 1126 0.733333
1123 1127 -0.866667
1123 1128 -0.600000
1124 1125 -0.733333
1124 1126 -0.466667
1124 1127 0.600000
1124 1128 -1.000000
1125 1133 -1.666667
1126 1134 -0.600000
1127 1135 -0.733333
1128 1136 -0.200000
1129 1133 0.200000
1129 1134 0.600000
1129 1135 -0.333333
1129 1136 -0.200000
1130 1133 0.333333
1130 1134 -0.466667
1130 1135 -3.666667
1130 1136 -0.333333
1131 1133 -0.066667
1131 1134 -0.466667
1131 1135 5.000000
1131 1136 -0.866667
1132 1133 -0.333333
1132 1134 -0.600000
1132 1135 -0.733333
1132 1136 3.000000
1133 1141 -0.733333
1134 1142 -0.066667
1135 1143 1.000000
1136 1144 -0.733333
1137 1141 -0.600000
1137 1142 -0.200000
1137 1143 -0.600000
1137 1144 -0.466667
1138 1141 -0.466667
1138 1142 -0.200000
1138 1143 0.600000
1138 1144 -0.600000
1139 1141 -0.600000
1139 1142 -0.600000
1139 1143 0.600000
1139 1144 -0.466667
1140 1141 -0.200000
1140 1142 0.733333
1140 1143 0.200000
1140 1144 0.600000
1141 1149 -5.000000
1142 1150 -0.733333
1143 1151 -0.200000
1144 1152 0.866667
1145 1149 -0.733333
1145 1150 0.866667
1145 1151 -0.066667
1145 1152 0.333333
1146 1149 -0.466667
1146 1150 -0.600000
1146 1151 0.733333
1146 1152 0.600000
1147 1149 -0.733333
1147 1150 -0.466667
1147 1151 -0.200000
1147 1152 -0.466667
1148 1149 -0.066667
1148 1150 -0.200000
1148 1151 0.066667
1148 1152 0.866667