#
1 1 0.040000
2 2 -0.173333
3 3 -0.040000
4 4 0.093333
5 5 -0.173333
6 6 0.013333
7 7 0.093333
8 8 -0.200000
9 9 -0.040000
10 10 0.066667
11 11 -0.013333
12 12 -0.013333
13 13 -0.200000
14 14 0.173333
15 15 -0.120000
16 16 -0.120000
17 17 0.040000
18 18 -0.093333
19 19 -0.093333
20 20 -0.013333
21 21 0.066667
22 22 0.200000
23 23 0.066667
24 24 -0.040000
25 25 0.093333
26 26 -0.120000
27 27 0.093333
28 28 -0.120000
29 29 -0.146667
30 30 0.146667
31 31 -0.013333
32 32 -0.120000
33 33 -0.146667
34 34 -0.200000
35 35 -0.173333
36 36 -0.173333
37 37 0.146667
38 38 -0.173333
39 39 -0.146667
40 40 -0.093333
41 41 0.040000
42 42 -0.093333
43 43 -0.146667
44 44 -0.120000
45 45 0.066667
46 46 0.040000
47 47 -0.013333
48 48 0.120000
49 49 0.013333
50 50 -0.013333
51 51 -0.146667
52 52 -0.040000
53 53 0.040000
54 54 0.173333
55 55 0.066667
56 56 -0.146667
57 57 -0.066667
58 58 -0.066667
59 59 -0.120000
60 60 0.013333
61 61 0.146667
62 62 0.093333
63 63 -0.120000
64 64 -0.146667
65 65 0.120000
66 66 0.173333
67 67 -0.146667
68 68 -0.066667
69 69 0.120000
70 70 0.200000
71 71 0.040000
72 72 -0.093333
73 73 -0.040000
74 74 0.120000
75 75 -0.093333
76 76 -0.040000
77 77 0.093333
78 78 -0.200000
79 79 -0.200000
80 80 0.146667
81 81 0.066667
82 82 -0.013333
83 83 -0.173333
84 84 0.173333
85 85 -0.093333
86 86 0.200000
87 87 0.173333
88 88 -0.200000
89 89 0.120000
90 90 -0.066667
91 91 -0.120000
92 92 -0.200000
93 93 -0.173333
94 94 -0.146667
95 95 0.066667
96 96 0.093333
97 97 0.173333
98 98 0.146667
99 99 0.200000
100 100 -0.066667
101 101 0.146667
102 102 -0.173333
103 103 0.120000
104 104 -0.200000
105 105 -0.173333
106 106 0.040000
107 107 0.146667
108 108 -0.200000
109 109 0.040000
110 110 -0.173333
111 111 0.040000
112 112 -0.093333
113 113 0.173333
114 114 0.013333
115 115 0.013333
116 116 0.040000
117 117 0.040000
118 118 -0.066667
119 119 -0.120000
120 120 0.173333
121 121 -0.146667
122 122 0.013333
123 123 -0.120000
124 124 0.013333
125 125 -0.066667
126 126 0.146667
127 127 -0.173333
128 128 0.146667
129 129 0.040000
130 130 -0.013333
131 131 -0.200000
132 132 -0.146667
133 133 -0.120000
134 134 0.173333
135 135 0.066667
136 136 -0.146667
137 137 0.200000
138 138 0.013333
139 139 0.120000
140 140 0.146667
141 141 0.146667
142 142 0.146667
143 143 -0.093333
144 144 0.146667
145 145 0.120000
146 146 -0.066667
147 147 -0.200000
148 148 0.173333
149 149 0.040000
150 150 0.093333
151 151 -0.040000
152 152 -0.013333
153 153 0.066667
154 154 -0.066667
155 155 0.040000
156 156 0.066667
157 157 -0.013333
158 158 0.173333
159 159 -0.120000
160 160 0.013333
161 161 0.146667
162 162 -0.093333
163 163 0.173333
164 164 -0.200000
165 165 0.040000
166 166 -0.013333
167 167 0.200000
168 168 0.120000
169 169 0.146667
170 170 0.013333
171 171 0.040000
172 172 0.093333
173 173 0.066667
174 174 -0.093333
175 175 -0.200000
176 176 -0.200000
177 177 -0.013333
178 178 -0.093333
179 179 0.120000
180 180 -0.093333
181 181 -0.013333
182 182 -0.040000
183 183 0.173333
184 184 -0.066667
185 185 -0.173333
186 186 -0.120000
187 187 0.040000
188 188 0.040000
189 189 -0.173333
190 190 0.200000
191 191 -0.040000
192 192 -0.093333
193 193 0.120000
194 194 -0.040000
195 195 -0.146667
196 196 0.173333
197 197 0.040000
198 198 -0.173333
199 199 -0.013333
200 200 -0.013333
201 201 -0.040000
202 202 -0.120000
203 203 -0.040000
204 204 -0.093333
205 205 -0.066667
206 206 -0.120000
207 207 -0.093333
208 208 0.120000
209 209 -0.200000
210 210 0.040000
211 211 0.173333
212 212 -0.093333
213 213 -0.066667
214 214 0.173333
215 215 -0.120000
216 216 0.173333
217 217 -0.040000
218 218 0.200000
219 219 -0.146667
220 220 0.146667
221 221 -0.066667
222 222 0.066667
223 223 -0.200000
224 224 0.093333
225 225 -0.040000
226 226 -0.120000
227 227 0.146667
228 228 -0.066667
229 229 0.093333
230 230 0.173333
231 231 -0.013333
232 232 0.066667
233 233 -0.066667
234 234 -0.146667
235 235 0.146667
236 236 0.013333
237 237 0.093333
238 238 0.066667
239 239 -0.200000
240 240 -0.093333
241 241 -0.013333
242 242 -0.146667
243 243 -0.146667
244 244 0.120000
245 245 0.013333
246 246 -0.200000
247 247 -0.066667
248 248 -0.093333
249 249 0.200000
250 250 -0.013333
251 251 0.093333
252 252 -0.040000
253 253 0.146667
254 254 -0.013333
255 255 -0.200000
256 256 -0.093333
257 257 0.040000
258 258 0.040000
259 259 0.146667
260 260 -0.173333
261 261 -0.146667
262 262 -0.040000
263 263 -0.200000
264 264 0.013333
265 265 0.093333
266 266 -0.120000
267 267 -0.040000
268 268 -0.040000
269 269 0.013333
270 270 -0.040000
271 271 0.013333
272 272 0.013333
273 273 0.066667
274 274 0.066667
275 275 -0.040000
276 276 0.013333
277 277 0.173333
278 278 0.146667
279 279 -0.040000
280 280 0.120000
281 281 -0.173333
282 282 0.173333
283 283 -0.013333
284 284 0.013333
285 285 -0.013333
286 286 0.200000
287 287 -0.120000
288 288 -0.093333
289 289 -0.200000
290 290 0.040000
291 291 0.013333
292 292 -0.040000
293 293 0.066667
294 294 -0.146667
295 295 0.040000
296 296 -0.200000
297 297 0.013333
298 298 0.200000
299 299 -0.173333
300 300 0.066667
301 301 -0.093333
302 302 0.040000
303 303 0.093333
304 304 -0.066667
305 305 0.173333
306 306 0.013333
307 307 0.040000
308 308 -0.093333
309 309 -0.040000
310 310 0.200000
311 311 0.013333
312 312 -0.120000
313 313 0.040000
314 314 -0.173333
315 315 0.093333
316 316 0.013333
317 317 -0.200000
318 318 0.173333
319 319 0.093333
320 320 0.093333
321 321 0.040000
322 322 -0.013333
323 323 0.040000
324 324 0.040000
325 325 0.200000
326 326 -0.120000
327 327 0.146667
328 328 0.200000
329 329 0.066667
330 330 0.173333
331 331 0.066667
332 332 0.173333
333 333 -0.146667
334 334 -0.040000
335 335 0.200000
336 336 -0.066667
337 337 -0.040000
338 338 -0.013333
339 339 0.040000
340 340 -0.120000
341 341 0.066667
342 342 0.146667
343 343 0.146667
344 344 -0.040000
345 345 -0.093333
346 346 -0.040000
347 347 0.173333
348 348 0.200000
349 349 0.120000
350 350 -0.040000
351 351 -0.173333
352 352 0.120000
353 353 0.146667
354 354 0.040000
355 355 0.200000
356 356 0.146667
357 357 -0.200000
358 358 0.013333
359 359 0.066667
360 360 0.013333
361 361 0.093333
362 362 0.066667
363 363 0.146667
364 364 0.066667
365 365 0.066667
366 366 0.040000
367 367 0.200000
368 368 -0.120000
369 369 -0.173333
370 370 0.120000
371 371 -0.146667
372 372 -0.146667
373 373 -0.040000
374 374 -0.146667
375 375 -0.066667
376 376 -0.040000
377 377 -0.066667
378 378 -0.146667
379 379 -0.146667
380 380 0.200000
381 381 -0.013333
382 382 0.146667
383 383 -0.040000
384 384 0.200000
385 385 0.173333
386 386 0.066667
387 387 -0.066667
388 388 -0.173333
389 389 -0.066667
390 390 0.066667
391 391 -0.093333
392 392 -0.173333
393 393 -0.173333
394 394 -0.173333
395 395 -0.040000
396 396 -0.066667
397 397 -0.200000
398 398 0.173333
399 399 -0.093333
400 400 -0.093333
401 401 0.120000
402 402 -0.013333
403 403 -0.200000
404 404 0.200000
405 405 0.066667
406 406 0.200000
407 407 0.093333
408 408 0.093333
409 409 -0.173333
410 410 -0.040000
411 411 0.200000
412 412 -0.120000
413 413 -0.200000
414 414 -0.173333
415 415 0.173333
416 416 -0.173333
417 417 -0.173333
418 418 0.173333
419 419 -0.120000
420 420 0.200000
421 421 -0.146667
422 422 0.066667
423 423 -0.093333
424 424 0.040000
425 425 0.013333
426 426 0.120000
427 427 -0.040000
428 428 0.093333
429 429 0.173333
430 430 -0.040000
431 431 -0.040000
432 432 -0.120000
433 433 0.013333
434 434 -0.066667
435 435 -0.173333
436 436 -0.200000
437 437 -0.146667
438 438 -0.120000
439 439 -0.093333
440 440 -0.173333
441 441 0.066667
442 442 0.093333
443 443 0.013333
444 444 -0.066667
445 445 0.120000
446 446 0.066667
447 447 -0.093333
448 448 0.040000
449 449 0.040000
450 450 -0.093333
451 451 0.040000
452 452 -0.066667
453 453 -0.066667
454 454 0.066667
455 455 -0.173333
456 456 0.093333
457 457 -0.200000
458 458 -0.013333
459 459 0.013333
460 460 -0.173333
461 461 0.200000
462 462 -0.066667
463 463 -0.066667
464 464 0.093333
465 465 0.200000
466 466 0.200000
467 467 0.040000
468 468 -0.066667
469 469 -0.093333
470 470 -0.120000
471 471 -0.013333
472 472 0.066667
473 473 -0.013333
474 474 0.066667
475 475 -0.066667
476 476 -0.146667
477 477 -0.173333
478 478 -0.040000
479 479 0.200000
480 480 -0.173333
481 481 0.200000
482 482 0.146667
483 483 0.013333
484 484 -0.040000
485 485 0.040000
486 486 -0.146667
487 487 0.173333
488 488 -0.173333
489 489 0.173333
490 490 -0.013333
491 491 0.066667
492 492 0.173333
493 493 0.120000
494 494 0.146667
495 495 -0.093333
496 496 -0.013333
497 497 0.146667
498 498 -0.040000
499 499 0.120000
500 500 -0.066667
501 501 0.173333
502 502 0.040000
503 503 0.013333
504 504 0.146667
505 505 0.066667
506 506 -0.120000
507 507 -0.013333
508 508 -0.093333
509 509 0.146667
510 510 0.146667
511 511 -0.040000
512 512 -0.093333
513 513 0.040000
514 514 0.040000
515 515 0.120000
516 516 0.200000
517 517 -0.066667
518 518 -0.120000
519 519 0.200000
520 520 -0.040000
521 521 0.093333
522 522 -0.066667
523 523 -0.040000
524 524 0.173333
525 525 0.200000
526 526 0.173333
527 527 -0.093333
528 528 0.146667
529 529 -0.200000
530 530 0.013333
531 531 0.173333
532 532 -0.093333
533 533 0.173333
534 534 -0.120000
535 535 0.093333
536 536 -0.200000
537 537 0.040000
538 538 0.093333
539 539 0.013333
540 540 0.066667
541 541 0.013333
542 542 -0.200000
543 543 0.040000
544 544 0.146667
545 545 -0.120000
546 546 0.040000
547 547 0.120000
548 548 -0.120000
549 549 -0.040000
550 550 0.066667
551 551 0.040000
552 552 0.173333
553 553 0.146667
554 554 0.120000
555 555 0.120000
556 556 -0.040000
557 557 0.040000
558 558 -0.200000
559 559 -0.013333
560 560 0.040000
561 561 0.066667
562 562 -0.013333
563 563 -0.040000
564 564 -0.093333
565 565 0.146667
566 566 0.146667
567 567 -0.120000
568 568 0.146667
569 569 0.040000
570 570 0.120000
571 571 0.200000
572 572 -0.146667
573 573 0.173333
574 574 0.093333
575 575 0.040000
576 576 -0.120000
577 577 -0.120000
578 578 0.146667
579 579 -0.093333
580 580 -0.013333
581 581 0.066667
582 582 0.013333
583 583 0.040000
584 584 -0.093333
585 585 -0.200000
586 586 -0.173333
587 587 0.066667
588 588 0.173333
589 589 0.200000
590 590 0.146667
591 591 -0.200000
592 592 0.146667
593 593 -0.200000
594 594 -0.066667
595 595 0.013333
596 596 -0.200000
597 597 -0.173333
598 598 0.120000
599 599 -0.013333
600 600 -0.146667
601 601 -0.120000
602 602 0.066667
603 603 -0.120000
604 604 -0.200000
605 605 -0.173333
606 606 0.013333
607 607 0.093333
608 608 0.040000
609 609 0.093333
610 610 0.146667
611 611 0.200000
612 612 -0.120000
613 613 0.173333
614 614 0.093333
615 615 0.040000
616 616 0.146667
617 617 0.013333
618 618 0.066667
619 619 -0.013333
620 620 0.013333
621 621 -0.173333
622 622 -0.093333
623 623 0.146667
624 624 0.066667
625 625 -0.146667
626 626 -0.146667
627 627 -0.013333
628 628 0.066667
629 629 0.093333
630 630 -0.173333
631 631 -0.040000
632 632 -0.120000
633 633 0.066667
634 634 -0.146667
635 635 0.146667
636 636 -0.066667
637 637 -0.200000
638 638 -0.093333
639 639 0.066667
640 640 0.013333
641 641 -0.013333
642 642 0.040000
643 643 -0.173333
644 644 -0.040000
645 645 0.066667
646 646 -0.040000
647 647 0.120000
648 648 -0.146667
649 649 0.066667
650 650 -0.093333
651 651 0.013333
652 652 -0.173333
653 653 -0.146667
654 654 0.200000
655 655 -0.200000
656 656 0.146667
657 657 -0.040000
658 658 -0.013333
659 659 -0.013333
660 660 0.066667
661 661 0.120000
662 662 0.173333
663 663 -0.013333
664 664 0.013333
665 665 0.013333
666 666 -0.093333
667 667 -0.173333
668 668 0.066667
669 669 0.200000
670 670 -0.013333
671 671 -0.040000
672 672 0.066667
673 673 0.120000
674 674 0.040000
675 675 -0.173333
676 676 -0.040000
677 677 -0.120000
678 678 0.200000
679 679 -0.146667
680 680 -0.013333
681 681 0.066667
682 682 -0.013333
683 683 0.146667
684 684 -0.093333
685 685 0.013333
686 686 -0.120000
687 687 -0.146667
688 688 -0.120000
689 689 0.173333
690 690 0.013333
691 691 0.173333
692 692 0.146667
693 693 0.173333
694 694 -0.173333
695 695 0.040000
696 696 -0.200000
697 697 0.146667
698 698 0.200000
699 699 0.093333
700 700 -0.066667
701 701 -0.066667
702 702 0.146667
703 703 -0.173333
704 704 0.120000
705 705 -0.040000
706 706 -0.040000
707 707 -0.013333
708 708 -0.200000
709 709 -0.040000
710 710 -0.173333
711 711 -0.040000
712 712 -0.173333
713 713 0.173333
714 714 0.200000
715 715 -0.013333
716 716 0.013333
717 717 0.200000
718 718 0.200000
719 719 0.093333
720 720 0.120000
721 721 -0.093333
722 722 0.013333
723 723 -0.120000
724 724 0.013333
725 725 -0.120000
726 726 -0.146667
727 727 0.146667
728 728 -0.200000
729 729 0.200000
730 730 -0.093333
731 731 -0.066667
732 732 0.200000
733 733 -0.013333
734 734 0.120000
735 735 -0.066667
736 736 -0.120000
737 737 -0.093333
738 738 0.146667
739 739 -0.120000
740 740 -0.173333
741 741 0.040000
742 742 -0.066667
743 743 -0.066667
744 744 0.013333
745 745 0.066667
746 746 -0.066667
747 747 -0.146667
748 748 -0.066667
749 749 0.093333
750 750 0.040000
751 751 -0.120000
752 752 -0.146667
753 753 0.040000
754 754 -0.200000
755 755 -0.093333
756 756 -0.200000
757 757 0.200000
758 758 0.066667
759 759 0.146667
760 760 0.146667
761 761 -0.093333
762 762 0.146667
763 763 -0.066667
764 764 0.066667
765 765 -0.040000
766 766 -0.066667
767 767 -0.146667
768 768 0.066667
769 769 -0.200000
770 770 0.200000
771 771 0.200000
772 772 -0.040000
773 773 -0.120000
774 774 0.146667
775 775 0.173333
776 776 0.093333
777 777 -0.040000
778 778 0.146667
779 779 0.120000
780 780 0.173333
781 781 -0.173333
782 782 -0.040000
783 783 -0.120000
784 784 -0.200000
785 785 -0.093333
786 786 0.013333
787 787 -0.146667
788 788 0.093333
789 789 0.120000
790 790 -0.146667
791 791 0.066667
792 792 0.200000
793 793 0.200000
794 794 0.093333
795 795 0.093333
796 796 0.146667
797 797 0.146667
798 798 -0.040000
799 799 -0.093333
800 800 0.146667
801 801 0.146667
802 802 -0.120000
803 803 0.146667
804 804 0.093333
805 805 -0.013333
806 806 -0.173333
807 807 -0.173333
808 808 0.200000
809 809 0.200000
810 810 0.146667
811 811 0.040000
812 812 -0.146667
813 813 -0.066667
814 814 -0.093333
815 815 -0.146667
816 816 -0.120000
817 817 -0.200000
818 818 0.040000
819 819 -0.120000
820 820 0.013333
821 821 0.146667
822 822 -0.173333
823 823 0.093333
824 824 0.093333
825 825 -0.200000
826 826 0.066667
827 827 0.093333
828 828 -0.066667
829 829 0.146667
830 830 -0.066667
831 831 0.066667
832 832 -0.013333
833 833 0.200000
834 834 -0.040000
835 835 0.200000
836 836 0.066667
837 837 -0.146667
838 838 0.120000
839 839 -0.066667
840 840 -0.066667
841 841 -0.173333
842 842 0.146667
843 843 0.093333
844 844 0.200000
845 845 -0.173333
846 846 -0.200000
847 847 0.173333
848 848 -0.120000
849 849 0.200000
850 850 0.173333
851 851 0.146667
852 852 0.200000
853 853 -0.040000
854 854 0.066667
855 855 -0.040000
856 856 0.093333
857 857 -0.200000
858 858 -0.173333
859 859 0.093333
860 860 0.093333
861 861 -0.040000
862 862 0.200000
863 863 -0.200000
864 864 0.173333
865 865 0.200000
866 866 0.173333
867 867 -0.173333
868 868 -0.200000
869 869 0.200000
870 870 0.093333
871 871 0.173333
872 872 -0.013333
873 873 0.146667
874 874 0.200000
875 875 0.040000
876 876 0.173333
877 877 -0.120000
878 878 -0.200000
879 879 0.093333
880 880 0.040000
881 881 -0.093333
882 882 0.200000
883 883 -0.173333
884 884 0.066667
885 885 -0.093333
886 886 -0.066667
887 887 0.173333
888 888 -0.146667
889 889 -0.093333
890 890 0.093333
891 891 -0.013333
892 892 -0.093333
893 893 0.200000
894 894 -0.013333
895 895 0.093333
896 896 0.120000
897 897 0.173333
898 898 0.173333
899 899 -0.173333
900 900 -0.120000
901 901 0.173333
902 902 0.200000
903 903 0.013333
904 904 0.200000
905 905 0.093333
906 906 -0.120000
907 907 0.200000
908 908 0.066667
909 909 -0.173333
910 910 0.093333
911 911 0.120000
912 912 -0.120000
913 913 0.013333
914 914 0.040000
915 915 0.013333
916 916 -0.120000
917 917 -0.040000
918 918 0.040000
919 919 0.066667
920 920 -0.066667
921 921 -0.013333
922 922 0.146667
923 923 -0.120000
924 924 -0.040000
925 925 0.013333
926 926 -0.200000
927 927 -0.093333
928 928 -0.013333
929 929 0.066667
930 930 -0.146667
931 931 0.066667
932 932 0.013333
933 933 -0.013333
934 934 -0.040000
935 935 0.200000
936 936 -0.013333
937 937 0.173333
938 938 0.120000
939 939 -0.013333
940 940 0.040000
941 941 -0.066667
942 942 0.013333
943 943 0.013333
944 944 0.200000
945 945 -0.200000
946 946 -0.040000
947 947 -0.093333
948 948 -0.173333
949 949 0.146667
950 950 0.173333
951 951 -0.200000
952 952 -0.066667
953 953 0.040000
954 954 0.120000
955 955 -0.200000
956 956 0.200000
957 957 -0.200000
958 958 -0.013333
959 959 0.146667
960 960 0.066667
961 961 0.013333
962 962 -0.120000
963 963 -0.013333
964 964 -0.200000
965 965 -0.093333
966 966 -0.040000
967 967 0.093333
968 968 -0.093333
969 969 0.013333
970 970 -0.013333
971 971 -0.120000
972 972 -0.173333
973 973 -0.173333
974 974 -0.093333
975 975 -0.120000
976 976 0.173333
977 977 0.040000
978 978 -0.066667
979 979 -0.013333
980 980 -0.093333
981 981 -0.146667
982 982 0.200000
983 983 -0.120000
984 984 -0.146667
985 985 -0.120000
986 986 0.120000
987 987 0.146667
988 988 0.040000
989 989 -0.040000
990 990 -0.173333
991 991 0.066667
992 992 0.013333
993 993 -0.120000
994 994 0.173333
995 995 -0.093333
996 996 0.040000
997 997 -0.173333
998 998 -0.120000
999 999 0.093333
1000 1000 -0.173333
1001 1001 0.146667
1002 1002 0.200000
1003 1003 -0.120000
1004 1004 0.093333
1005 1005 -0.120000
1006 1006 0.066667
1007 1007 0.200000
1008 1008 -0.120000
1009 1009 -0.093333
1010 1010 -0.173333
1011 1011 -0.066667
1012 1012 -0.200000
1013 1013 -0.200000
1014 1014 0.013333
1015 1015 -0.093333
1016 1016 0.146667
1017 1017 -0.013333
1018 1018 -0.040000
1019 1019 -0.120000
1020 1020 -0.120000
1021 1021 -0.013333
1022 1022 0.200000
1023 1023 0.066667
1024 1024 0.066667
1025 1025 0.013333
1026 1026 -0.120000
1027 1027 0.146667
1028 1028 0.040000
1029 1029 0.200000
1030 1030 0.120000
1031 1031 0.146667
1032 1032 -0.093333
1033 1033 -0.013333
1034 1034 0.200000
1035 1035 0.013333
1036 1036 0.013333
1037 1037 -0.013333
1038 1038 0.173333
1039 1039 -0.146667
1040 1040 -0.200000
1041 1041 0.066667
1042 1042 -0.146667
1043 1043 0.146667
1044 1044 -0.066667
1045 1045 0.013333
1046 1046 0.120000
1047 1047 -0.040000
1048 1048 0.066667
1049 1049 -0.013333
1050 1050 -0.200000
1051 1051 -0.040000
1052 1052 0.093333
1053 1053 -0.146667
1054 1054 -0.013333
1055 1055 -0.200000
1056 1056 -0.200000
1057 1057 0.120000
1058 1058 -0.120000
1059 1059 -0.173333
1060 1060 -0.013333
1061 1061 -0.066667
1062 1062 -0.093333
1063 1063 -0.040000
1064 1064 -0.173333
1065 1065 0.200000
1066 1066 0.093333
1067 1067 0.040000
1068 1068 0.040000
1069 1069 -0.093333
1070 1070 -0.120000
1071 1071 0.066667
1072 1072 -0.093333
1073 1073 -0.146667
1074 1074 0.066667
1075 1075 0.013333
1076 1076 -0.066667
1077 1077 -0.093333
1078 1078 -0.173333
1079 1079 -0.013333
1080 1080 0.040000
1081 1081 0.040000
1082 1082 -0.173333
1083 1083 0.040000
1084 1084 -0.200000
1085 1085 0.066667
1086 1086 0.200000
1087 1087 -0.013333
1088 1088 0.173333
1089 1089 -0.040000
1090 1090 0.120000
1091 1091 0.120000
1092 1092 0.040000
1093 1093 -0.013333
1094 1094 -0.066667
1095 1095 -0.146667
1096 1096 0.040000
1097 1097 -0.120000
1098 1098 -0.093333
1099 1099 0.173333
1100 1100 -0.200000
1101 1101 -0.200000
1102 1102 -0.120000
1103 1103 0.066667
1104 1104 0.200000
1105 1105 -0.040000
1106 1106 -0.146667
1107 1107 0.093333
1108 1108 -0.200000
1109 1109 -0.013333
1110 1110 -0.040000
1111 1111 0.120000
1112 1112 0.040000
1113 1113 -0.200000
1114 1114 0.013333
1115 1115 -0.040000
1116 1116 0.146667
1117 1117 -0.013333
1118 1118 -0.200000
1119 1119 0.120000
1120 1120 -0.173333
1121 1121 -0.146667
1122 1122 0.120000
1123 1123 0.200000
1124 1124 0.146667
1125 1125 0.040000
1126 1126 -0.173333
1127 1127 0.146667
1128 1128 0.120000
1129 1129 0.040000
1130 1130 -0.120000
1131 1131 0.093333
1132 1132 -0.200000
1133 1133 -0.040000
1134 1134 -0.093333
1135 1135 0.120000
1136 1136 -0.040000
1137 1137 0.120000
1138 1138 -0.120000
1139 1139 -0.200000
1140 1140 -0.066667
1141 1141 0.013333
1142 1142 0.146667
1143 1143 0.013333
1144 1144 -0.093333
1145 1145 0.200000
1146 1146 0.093333
1147 1147 -0.146667
1148 1148 -0.146667
1149 1149 0.093333
1150 1150 -0.120000
1151 1151 -0.173333
1152 1152 0.200000
1 5 0.733333
1 6 0.200000
1 7 -0.466667
1 8 -0.600000
1 97 0.466667
2 5 0.600000
2 6 -0.066667
2 7 0.333333
2 8 -0.066667
2 98 0.866667
3 5 -0.200000
3 6 -1.000000
3 7 -0.066667
3 8 0.866667
3 99 -0.866667
4 5 -0.333333
4 6 1.000000
4 7 0.866667
4 8 0.200000
4 100 0.466667
5 13 -0.200000
6 14 -0.200000
7 15 0.066667
8 16 0.200000
9 13 0.066667
9 14 0.066667
9 15 -0.866667
9 16 0.866667
9 105 -0.466667
10 13 -0.866667
10 14 0.066667
10 15 0.600000
10 16 -0.600000
10 106 0.066667
11 13 0.866667
11 14 0.866667
11 15 -0.466667
11 16 -0.733333
11 107 0.600000
12 13 0.733333
12 14 -0.200000
12 15 0.866667
12 16 -1.000000
12 108 -0.066667
13 21 -0.333333
14 22 0.333333
15 23 -1.000000
16 24 -0.066667
17 21 -1.000000
17 22 0.733333
17 23 0.733333
17 24 -0.333333
17 113 -0.733333
18 21 -0.200000
18 22 -0.733333
18 23 -0.200000
18 24 0.333333
18 114 0.466667
19 21 0.600000
19 22 -1.000000
19 23 -0.066667
19 24 -0.466667
19 115 0.866667
20 21 -1.000000
20 22 -1.000000
20 23 0.600000
20 24 3.666667
20 116 -0.600000
21 29 -0.733333
22 30 0.333333
23 31 0.866667
24 32 0.066667
25 29 0.866667
25 30 -0.200000
25 31 1.000000
25 32 -0.600000
25 121 1.000000
26 29 1.000000
26 30 -0.600000
26 31 -0.600000
26 32 0.466667
26 122 0.066667
27 29 -0.866667
27 30 -0.600000
27 31 0.600000
27 32 -0.600000
27 123 0.200000
28 29 -0.066667
28 30 0.200000
28 31 -0.733333
28 32 0.200000
28 124 -0.466667
29 37 0.600000
30 38 -0.733333
31 39 -0.066667
32 40 0.066667
33 37 -0.200000
33 38 -0.466667
33 39 -0.600000
33 40 -0.733333
33 129 -0.600000
34 37 0.866667
34 38 -0.866667
34 39 -0.066667
34 40 -1.000000
34 130 0.600000
35 37 0.733333
35 38 -0.733333
35 39 -1.000000
35 40 -0.200000
35 131 3.000000
36 37 -0.066667
36 38 -0.066667
36 39 0.866667
36 40 0.733333
36 132 0.866667
37 45 -0.200000
38 46 -0.466667
39 47 0.866667
40 48 -1.000000
41 45 -0.200000
41 46 -4.333333
41 47 -0.733333
41 48 -1.000000
41 137 1.000000
42 45 0.466667
42 46 -0.200000
42 47 0.600000
42 48 -0.733333
42 138 0.466667
43 45 0.866667
43 46 0.733333
43 47 -0.200000
43 48 -0.733333
43 139 -0.466667
44 45 -1.666667
44 46 3.000000
44 47 -0.466667
44 48 0.733333
44 140 0.600000
45 53 0.733333
46 54 -0.600000
47 55 0.333333
48 56 -1.000000
49 53 0.600000
49 54 -0.600000
49 55 0.866667
49 56 -0.333333
49 145 -0.600000
50 53 -0.866667
50 54 -0.733333
50 55 3.666667
50 56 0.866667
50 146 1.000000
51 53 0.466667
51 54 -0.733333
51 55 -0.466667
51 56 -0.333333
51 147 -0.466667
52 53 0.333333
52 54 -0.466667
52 55 -0.066667
52 56 -0.733333
52 148 -0.333333
53 61 -0.866667
54 62 0.466667
55 63 0.866667
56 64 0.066667
57 61 -1.000000
57 62 -1.000000
57 63 0.066667
57 64 0.333333
57 153 0.866667
58 61 0.733333
58 62 0.733333
58 63 -0.200000
58 64 0.600000
58 154 0.733333
59 61 4.333333
59 62 -0.466667
59 63 -0.733333
59 64 -0.066667
59 155 1.000000
60 61 0.333333
60 62 -0.866667
60 63 -0.866667
60 64 -1.000000
60 156 1.000000
61 69 1.000000
62 70 -0.466667
63 71 -0.866667
64 72 1.000000
65 69 -0.466667
65 70 -0.200000
65 71 0.866667
65 72 0.466667
65 161 0.733333
66 69 0.600000
66 70 0.866667
66 71 0.600000
66 72 0.200000
66 162 0.600000
67 69 -0.600000
67 70 -0.466667
67 71 -1.000000
67 72 -0.066667
67 163 0.466667
68 69 -0.733333
68 70 0.600000
68 71 -0.866667
68 72 -1.000000
68 164 0.066667
69 77 0.600000
70 78 1.000000
71 79 -0.733333
72 80 0.200000
73 77 1.000000
73 78 0.866667
73 79 0.600000
73 80 -0.333333
73 169 0.600000
74 77 0.200000
74 78 -0.466667
74 79 -0.200000
74 80 -0.733333
74 170 -1.000000
75 77 0.733333
75 78 -0.200000
75 79 0.600000
75 80 0.866667
75 171 0.333333
76 77 0.733333
76 78 -0.600000
76 79 -0.333333
76 80 -0.733333
76 172 0.600000
77 85 -0.866667
78 86 -1.000000
79 87 -0.866667
80 88 -0.600000
81 85 -0.066667
81 86 0.466667
81 87 -0.733333
81 88 0.200000
81 177 -0.066667
82 85 -1.000000
82 86 -0.733333
82 87 0.066667
82 88 -0.066667
82 178 -0.466667
83 85 -0.866667
83 86 -0.333333
83 87 0.600000
83 88 -1.000000
83 179 -0.733333
84 85 0.200000
84 86 -0.333333
84 87 -1.000000
84 88 0.066667
84 180 0.466667
85 93 0.600000
86 94 -0.866667
87 95 0.733333
88 96 0.866667
89 93 -1.000000
89 94 -0.466667
89 95 0.333333
89 96 -0.466667
89 185 0.866667
90 93 0.066667
90 94 0.600000
90 95 0.733333
90 96 0.466667
90 186 0.200000
91 93 0.466667
91 94 -1.000000
91 95 -0.066667
91 96 -0.333333
91 187 -0.866667
92 93 -0.866667
92 94 0.466667
92 95 0.600000
92 96 -0.866667
92 188 -0.200000
97 101 0.333333
97 102 -0.066667
97 103 1.000000
97 104 -0.466667
97 193 -0.200000
98 101 -0.200000
98 102 0.066667
98 103 0.600000
98 104 0.466667
98 194 -0.866667
99 101 0.866667
99 102 0.600000
99 103 -0.733333
99 104 -0.466667
99 195 0.600000
100 101 0.866667
100 102 -1.000000
100 103 0.333333
100 104 -0.600000
100 196 -1.000000
101 109 1.000000
102 110 -0.066667
103 111 -0.333333
104 112 0.200000
105 109 -0.333333
105 110 -1.000000
105 111 -0.466667
105 112 0.866667
105 201 -0.333333
106 109 0.466667
106 110 -0.466667
106 111 -0.466667
106 112 -0.733333
106 202 0.733333
107 109 0.733333
107 110 0.200000
107 111 0.333333
107 112 -0.200000
107 203 -0.066667
108 109 0.866667
108 110 -0.600000
108 111 1.000000
108 112 -0.200000
108 204 0.466667
109 117 0.466667
110 118 0.733333
111 119 -0.333333
112 120 1.000000
113 117 0.333333
113 118 0.600000
113 119 -0.600000
113 120 -0.200000
113 209 0.733333
114 117 -0.066667
114 118 -0.733333
114 119 0.333333
114 120 -0.600000
114 210 -0.200000
115 117 1.000000
115 118 0.733333
115 119 -0.333333
115 120 0.066667
115 211 0.866667
116 117 0.733333
116 118 -0.333333
116 119 -0.333333
116 120 -0.066667
116 212 -1.000000
117 125 -0.733333
118 126 0.333333
119 127 -2.333333
120 128 -0.733333
121 125 0.733333
121 126 0.200000
121 127 -2.333333
121 128 1.000000
121 217 -0.600000
122 125 0.733333
122 126 -0.600000
122 127 2.333333
122 128 -0.066667
122 218 0.866667
123 125 1.000000
123 126 0.066667
123 127 0.733333
123 128 0.066667
123 219 0.200000
124 125 -0.200000
124 126 0.866667
124 127 -0.600000
124 128 0.066667
124 220 0.866667
125 133 1.000000
126 134 1.000000
127 135 -5.000000
128 136 -0.200000
129 133 0.866667
129 134 -0.466667
129 135 -0.200000
129 136 -0.733333
129 225 0.066667
130 133 1.000000
130 134 -0.600000
130 135 0.466667
130 136 0.466667
130 226 0.066667
131 133 0.733333
131 134 0.200000
131 135 -3.000000
131 136 -0.200000
131 227 -3.666667
132 133 -0.066667
132 134 -0.866667
132 135 -0.333333
132 136 0.866667
132 228 -0.733333
133 141 1.000000
134 142 0.600000
135 143 -0.333333
136 144 -0.866667
137 141 0.866667
137 142 1.000000
137 143 -0.600000
137 144 -0.333333
137 233 0.200000
138 141 -0.466667
138 142 -0.466667
138 143 0.466667
138 144 0.466667
138 234 -0.866667
139 141 -1.000000
139 142 -0.600000
139 143 0.200000
139 144 -0.866667
139 235 -0.200000
140 141 0.866667
140 142 0.200000
140 143 -0.466667
140 144 0.066667
140 236 -0.466667
141 149 -0.866667
142 150 0.200000
143 151 -1.000000
144 152 -0.066667
145 149 -0.066667
145 150 -1.000000
145 151 0.600000
145 152 0.466667
145 241 -0.600000
146 149 0.866667
146 150 -3.000000
146 151 -0.200000
146 152 0.600000
146 242 0.866667
147 149 -0.333333
147 150 -1.000000
147 151 0.733333
147 152 -0.066667
147 243 1.000000
148 149 0.333333
148 150 -2.333333
148 151 3.000000
148 152 0.866667
148 244 -4.333333
149 157 0.066667
150 158 -0.866667
151 159 0.733333
152 160 0.333333
153 157 0.066667
153 158 0.600000
153 159 0.333333
153 160 0.466667
153 249 0.866667
154 157 0.066667
154 158 0.200000
154 159 -0.866667
154 160 1.000000
154 250 0.066667
155 157 0.866667
155 158 0.866667
155 159 -0.200000
155 160 0.466667
155 251 -1.000000
156 157 -0.866667
156 158 -0.466667
156 159 1.000000
156 160 -0.200000
156 252 -0.066667
157 165 0.733333
158 166 -0.066667
159 167 -1.000000
160 168 -0.600000
161 165 -0.466667
161 166 -0.866667
161 167 0.733333
161 168 -0.733333
161 257 -0.733333
162 165 -0.600000
162 166 1.000000
162 167 0.066667
162 168 -0.066667
162 258 -0.600000
163 165 0.066667
163 166 0.466667
163 167 0.600000
163 168 -0.200000
163 259 -0.600000
164 165 -0.600000
164 166 -0.733333
164 167 0.466667
164 168 -0.466667
164 260 0.600000
165 173 -0.866667
166 174 0.466667
167 175 -0.733333
168 176 0.066667
169 173 -0.866667
169 174 0.600000
169 175 -0.733333
169 176 0.600000
169 265 -0.600000
170 173 0.333333
170 174 0.866667
170 175 -0.333333
170 176 -0.466667
170 266 0.066667
171 173 0.600000
171 174 0.200000
171 175 1.000000
171 176 -0.600000
171 267 0.066667
172 173 -0.066667
172 174 0.200000
172 175 -0.866667
172 176 -0.866667
172 268 -0.466667
173 181 -1.000000
174 182 -0.066667
175 183 -0.200000
176 184 0.466667
177 181 -1.000000
177 182 0.866667
177 183 -0.200000
177 184 0.066667
177 273 0.200000
178 181 -1.000000
178 182 -0.066667
178 183 -0.733333
178 184 -0.333333
178 274 1.000000
179 181 0.200000
179 182 0.466667
179 183 1.000000
179 184 -0.200000
179 275 -0.600000
180 181 1.000000
180 182 0.733333
180 183 0.733333
180 184 -0.733333
180 276 0.066667
181 189 -0.600000
182 190 -0.866667
183 191 0.066667
184 192 0.466667
185 189 -0.866667
185 190 1.000000
185 191 0.466667
185 192 -0.200000
185 281 -0.200000
186 189 0.866667
186 190 1.000000
186 191 -0.333333
186 192 -0.333333
186 282 0.066667
187 189 -0.200000
187 190 0.066667
187 191 -0.733333
187 192 -0.333333
187 283 0.066667
188 189 0.066667
188 190 0.200000
188 191 -0.866667
188 192 0.733333
188 284 0.600000
193 197 -0.466667
193 198 0.466667
193 199 -0.200000
193 200 -0.733333
193 289 0.866667
194 197 0.733333
194 198 0.866667
194 199 0.733333
194 200 0.600000
194 290 0.333333
195 197 0.066667
195 198 -0.600000
195 199 0.066667
195 200 -0.866667
195 291 1.000000
196 197 0.066667
196 198 -0.066667
196 199 0.600000
196 200 0.066667
196 292 -0.466667
197 205 -0.866667
198 206 -0.600000
199 207 -1.000000
200 208 -0.200000
201 205 -0.600000
201 206 -0.733333
201 207 0.066667
201 208 -0.466667
201 297 -0.866667
202 205 0.333333
202 206 0.600000
202 207 -0.600000
202 208 0.600000
202 298 0.200000
203 205 -0.466667
203 206 0.600000
203 207 -0.733333
203 208 0.200000
203 299 1.000000
204 205 -0.600000
204 206 -2.333333
204 207 -0.333333
204 208 0.733333
204 300 0.066667
205 213 -0.466667
206 214 -0.200000
207 215 0.066667
208 216 0.600000
209 213 1.000000
209 214 0.333333
209 215 1.000000
209 216 -1.000000
209 305 -0.733333
210 213 -0.600000
210 214 0.333333
210 215 -0.333333
210 216 -0.333333
210 306 0.333333
211 213 -0.466667
211 214 1.000000
211 215 0.200000
211 216 -0.200000
211 307 0.066667
212 213 0.200000
212 214 0.200000
212 215 -0.600000
212 216 1.000000
212 308 -0.600000
213 221 -0.333333
214 222 -0.600000
215 223 0.333333
216 224 0.600000
217 221 -1.000000
217 222 0.200000
217 223 -1.000000
217 224 0.333333
217 313 0.466667
218 221 -0.200000
218 222 -1.000000
218 223 -0.066667
218 224 -0.333333
218 314 0.466667
219 221 0.600000
219 222 0.333333
219 223 4.333333
219 224 -0.466667
219 315 0.066667
220 221 3.666667
220 222 0.466667
220 223 -1.000000
220 224 0.200000
220 316 0.466667
221 229 0.333333
222 230 0.066667
223 231 -0.200000
224 232 0.066667
225 229 0.600000
225 230 -0.866667
225 231 0.600000
225 232 0.466667
225 321 -0.733333
226 229 0.066667
226 230 0.733333
226 231 0.333333
226 232 -0.466667
226 322 0.733333
227 229 -0.733333
227 230 1.000000
227 231 -1.000000
227 232 -0.066667
227 323 -2.333333
228 229 -0.066667
228 230 -0.333333
228 231 1.000000
228 232 0.200000
228 324 -0.333333
229 237 -0.333333
230 238 0.466667
231 239 -0.066667
232 240 -0.066667
233 237 -1.000000
233 238 -0.866667
233 239 0.200000
233 240 0.466667
233 329 0.066667
234 237 -4.333333
234 238 0.733333
234 239 -0.866667
234 240 -4.333333
234 330 -5.000000
235 237 -0.866667
235 238 0.600000
235 239 0.866667
235 240 -0.600000
235 331 -0.066667
236 237 0.866667
236 238 0.866667
236 239 0.600000
236 240 0.866667
236 332 -0.600000
237 245 0.866667
238 246 -0.866667
239 247 -0.333333
240 248 -0.866667
241 245 0.466667
241 246 0.733333
241 247 -1.000000
241 248 -0.733333
241 337 0.866667
242 245 -0.600000
242 246 -0.333333
242 247 -0.866667
242 248 0.733333
242 338 -0.866667
243 245 -0.200000
243 246 -0.200000
243 247 -0.200000
243 248 -4.333333
243 339 0.466667
244 245 0.200000
244 246 0.333333
244 247 3.000000
244 248 0.466667
244 340 0.333333
245 253 -1.000000
246 254 -0.733333
247 255 0.066667
248 256 -0.066667
249 253 -0.733333
249 254 0.200000
249 255 -0.733333
249 256 0.066667
249 345 0.333333
250 253 -1.000000
250 254 0.333333
250 255 0.866667
250 256 -0.866667
250 346 -1.000000
251 253 -0.200000
251 254 1.000000
251 255 0.733333
251 256 0.466667
251 347 -0.200000
252 253 -1.000000
252 254 0.733333
252 255 -0.600000
252 256 0.066667
252 348 -1.000000
253 261 0.200000
254 262 0.733333
255 263 0.866667
256 264 0.333333
257 261 0.200000
257 262 0.333333
257 263 1.000000
257 264 0.200000
257 353 0.733333
258 261 -1.000000
258 262 0.466667
258 263 0.866667
258 264 0.866667
258 354 0.466667
259 261 0.600000
259 262 -0.600000
259 263 -1.000000
259 264 0.600000
259 355 1.000000
260 261 0.600000
260 262 -0.066667
260 263 -0.600000
260 264 -0.600000
260 356 -0.333333
261 269 0.866667
262 270 -0.733333
263 271 0.333333
264 272 -0.200000
265 269 0.066667
265 270 0.333333
265 271 -0.466667
265 272 -0.066667
265 361 0.333333
266 269 -1.000000
266 270 -0.466667
266 271 0.600000
266 272 -1.000000
266 362 -0.733333
267 269 -0.600000
267 270 0.466667
267 271 0.866667
267 272 0.200000
267 363 -0.333333
268 269 0.866667
268 270 -0.733333
268 271 -0.466667
268 272 -0.066667
268 364 -0.466667
269 277 -1.000000
270 278 0.866667
271 279 0.066667
272 280 0.466667
273 277 -0.200000
273 278 0.333333
273 279 -0.466667
273 280 1.000000
273 369 0.733333
274 277 -0.733333
274 278 -0.866667
274 279 -0.866667
274 280 -0.600000
274 370 -0.333333
275 277 -0.200000
275 278 0.466667
275 279 -0.200000
275 280 1.000000
275 371 0.333333
276 277 0.866667
276 278 -1.000000
276 279 0.333333
276 280 -0.066667
276 372 -0.333333
277 285 -0.866667
278 286 0.200000
279 287 1.000000
280 288 -0.200000
281 285 0.733333
281 286 1.000000
281 287 0.333333
281 288 0.200000
281 377 1.000000
282 285 -1.000000
282 286 -0.733333
282 287 0.733333
282 288 -0.600000
282 378 0.066667
283 285 1.000000
283 286 0.733333
283 287 1.000000
283 288 -0.600000
283 379 -0.466667
284 285 0.066667
284 286 -0.333333
284 287 0.866667
284 288 -0.733333
284 380 -0.466667
289 293 0.066667
289 294 0.866667
289 295 1.000000
289 296 -0.066667
289 385 -0.066667
290 293 0.066667
290 294 -0.733333
290 295 0.466667
290 296 -1.000000
290 386 0.866667
291 293 0.466667
291 294 -0.066667
291 295 -0.333333
291 296 -0.466667
291 387 1.000000
292 293 -0.333333
292 294 -0.866667
292 295 0.066667
292 296 0.066667
292 388 0.866667
293 301 0.600000
294 302 -0.600000
295 303 0.733333
296 304 -1.000000
297 301 0.333333
297 302 0.200000
297 303 -0.733333
297 304 0.866667
297 393 0.866667
298 301 0.600000
298 302 -1.000000
298 303 -0.333333
298 304 -0.866667
298 394 -0.200000
299 301 -1.000000
299 302 0.466667
299 303 0.200000
299 304 0.466667
299 395 0.600000
300 301 1.000000
300 302 0.600000
300 303 0.600000
300 304 -0.200000
300 396 -0.600000
301 309 1.000000
302 310 -0.866667
303 311 -0.866667
304 312 -0.066667
305 309 0.333333
305 310 0.866667
305 311 0.200000
305 312 0.600000
305 401 -0.066667
306 309 -0.333333
306 310 -0.200000
306 311 0.600000
306 312 -1.000000
306 402 -0.866667
307 309 -0.866667
307 310 -0.600000
307 311 0.066667
307 312 -1.000000
307 403 -1.000000
308 309 0.866667
308 310 -0.066667
308 311 0.200000
308 312 -0.733333
308 404 0.733333
309 317 -0.866667
310 318 1.000000
311 319 -0.866667
312 320 0.333333
313 317 0.066667
313 318 -0.600000
313 319 -0.200000
313 320 0.333333
313 409 -0.066667
314 317 -0.333333
314 318 -1.000000
314 319 0.733333
314 320 -0.600000
314 410 3.000000
315 317 -0.200000
315 318 -0.333333
315 319 0.466667
315 320 -0.466667
315 411 0.333333
316 317 0.466667
316 318 0.733333
316 319 -0.466667
316 320 1.000000
316 412 0.600000
317 325 0.733333
318 326 0.866667
319 327 -1.000000
320 328 0.066667
321 325 0.866667
321 326 0.600000
321 327 1.000000
321 328 0.200000
321 417 1.000000
322 325 -5.000000
322 326 1.000000
322 327 0.200000
322 328 -0.466667
322 418 -0.333333
323 325 0.200000
323 326 0.866667
323 327 4.333333
323 328 1.666667
323 419 -0.733333
324 325 0.600000
324 326 -0.466667
324 327 -0.866667
324 328 -0.333333
324 420 -0.600000
325 333 0.200000
326 334 0.333333
327 335 -0.733333
328 336 -3.000000
329 333 -0.200000
329 334 -0.866667
329 335 -0.200000
329 336 -0.733333
329 425 0.866667
330 333 0.866667
330 334 1.000000
330 335 -1.000000
330 336 1.000000
330 426 0.600000
331 333 0.200000
331 334 -1.000000
331 335 -0.466667
331 336 0.066667
331 427 0.466667
332 333 -0.866667
332 334 -0.200000
332 335 -3.000000
332 336 -0.200000
332 428 4.333333
333 341 0.733333
334 342 -0.200000
335 343 -0.066667
336 344 0.600000
337 341 -0.466667
337 342 -1.000000
337 343 0.066667
337 344 0.466667
337 433 -0.066667
338 341 0.600000
338 342 -1.000000
338 343 0.200000
338 344 1.000000
338 434 -0.866667
339 341 0.333333
339 342 0.866667
339 343 0.333333
339 344 -0.866667
339 435 -0.600000
340 341 0.600000
340 342 -0.866667
340 343 -0.733333
340 344 -0.733333
340 436 -0.733333
341 349 0.866667
342 350 -0.333333
343 351 0.600000
344 352 0.066667
345 349 0.733333
345 350 0.466667
345 351 -0.466667
345 352 -0.600000
345 441 -0.466667
346 349 0.600000
346 350 0.600000
346 351 -0.333333
346 352 -0.333333
346 442 -0.733333
347 349 -1.000000
347 350 0.333333
347 351 0.066667
347 352 -1.000000
347 443 0.200000
348 349 0.333333
348 350 0.466667
348 351 -0.466667
348 352 0.733333
348 444 0.733333
349 357 0.066667
350 358 0.333333
351 359 0.066667
352 360 0.733333
353 357 0.200000
353 358 -0.866667
353 359 -0.866667
353 360 1.000000
353 449 -0.600000
354 357 -0.200000
354 358 -0.600000
354 359 -0.466667
354 360 1.000000
354 450 -0.333333
355 357 -0.733333
355 358 0.600000
355 359 0.733333
355 360 -0.733333
355 451 -0.333333
356 357 0.466667
356 358 -0.066667
356 359 -1.000000
356 360 -0.733333
356 452 -0.333333
357 365 -0.200000
358 366 0.733333
359 367 -0.066667
360 368 -0.333333
361 365 -0.733333
361 366 0.333333
361 367 0.600000
361 368 0.733333
361 457 0.733333
362 365 -0.733333
362 366 -0.333333
362 367 -0.066667
362 368 -0.200000
362 458 0.733333
363 365 -0.866667
363 366 0.066667
363 367 -0.066667
363 368 0.466667
363 459 -0.866667
364 365 -0.066667
364 366 -0.466667
364 367 0.066667
364 368 -0.333333
364 460 0.066667
365 373 -0.733333
366 374 -0.200000
367 375 1.000000
368 376 -0.733333
369 373 0.466667
369 374 0.066667
369 375 -0.600000
369 376 0.866667
369 465 -0.200000
370 373 0.866667
370 374 0.600000
370 375 0.200000
370 376 -0.333333
370 466 1.000000
371 373 1.000000
371 374 1.000000
371 375 0.866667
371 376 0.066667
371 467 -0.600000
372 373 0.733333
372 374 0.600000
372 375 -0.600000
372 376 -0.733333
372 468 -0.066667
373 381 -0.333333
374 382 0.200000
375 383 -0.733333
376 384 0.200000
377 381 0.866667
377 382 -0.200000
377 383 -0.333333
377 384 0.600000
377 473 0.466667
378 381 0.466667
378 382 -5.000000
378 383 4.333333
378 384 -0.733333
378 474 2.333333
379 381 -0.600000
379 382 -0.866667
379 383 0.866667
379 384 -1.000000
379 475 0.866667
380 381 -0.600000
380 382 -0.333333
380 383 -1.000000
380 384 -0.066667
380 476 0.200000
385 389 0.200000
385 390 0.066667
385 391 -0.600000
385 392 1.000000
385 481 -0.600000
386 389 0.066667
386 390 -1.666667
386 391 0.866667
386 392 0.066667
386 482 -1.000000
387 389 0.333333
387 390 -0.733333
387 391 1.000000
387 392 0.333333
387 483 1.000000
388 389 2.333333
388 390 -0.866667
388 391 -0.866667
388 392 0.466667
388 484 -0.200000
389 397 -0.200000
390 398 0.466667
391 399 0.733333
392 400 -0.466667
393 397 0.200000
393 398 0.466667
393 399 0.200000
393 400 0.200000
393 489 0.466667
394 397 -1.000000
394 398 1.000000
394 399 -0.466667
394 400 -0.866667
394 490 -0.600000
395 397 -0.200000
395 398 1.000000
395 399 -0.200000
395 400 -0.866667
395 491 0.333333
396 397 -0.600000
396 398 -0.733333
396 399 0.600000
396 400 -1.000000
396 492 0.866667
397 405 -0.066667
398 406 0.066667
399 407 0.866667
400 408 -0.066667
401 405 -0.200000
401 406 -0.066667
401 407 -0.733333
401 408 0.733333
401 497 0.866667
402 405 -0.733333
402 406 -0.200000
402 407 0.066667
402 408 -0.466667
402 498 -0.866667
403 405 1.000000
403 406 -1.000000
403 407 -1.666667
403 408 1.000000
403 499 1.000000
404 405 -0.066667
404 406 -0.333333
404 407 0.866667
404 408 0.866667
404 500 -1.000000
405 413 1.000000
406 414 -0.066667
407 415 0.466667
408 416 1.666667
409 413 0.866667
409 414 -0.600000
409 415 0.333333
409 416 -0.466667
409 505 -0.333333
410 413 -0.066667
410 414 -0.466667
410 415 0.600000
410 416 -3.666667
410 506 -3.666667
411 413 0.066667
411 414 -1.000000
411 415 -0.733333
411 416 -3.000000
411 507 4.333333
412 413 -0.333333
412 414 0.733333
412 415 -0.466667
412 416 -1.000000
412 508 0.600000
413 421 -0.866667
414 422 -2.333333
415 423 -0.866667
416 424 -0.200000
417 421 1.000000
417 422 -0.733333
417 423 -0.733333
417 424 -0.733333
417 513 -0.200000
418 421 0.733333
418 422 5.000000
418 423 0.466667
418 424 0.733333
418 514 0.200000
419 421 0.066667
419 422 -3.000000
419 423 3.000000
419 424 0.066667
419 515 5.000000
420 421 0.200000
420 422 -1.000000
420 423 -3.666667
420 424 -0.200000
420 516 0.600000
421 429 -0.466667
422 430 0.466667
423 431 -4.333333
424 432 0.466667
425 429 -0.066667
425 430 1.000000
425 431 -0.733333
425 432 -0.733333
425 521 0.066667
426 429 -0.200000
426 430 -0.066667
426 431 0.333333
426 432 3.000000
426 522 -3.000000
427 429 -0.600000
427 430 0.866667
427 431 3.666667
427 432 0.200000
427 523 -0.866667
428 429 -0.600000
428 430 0.066667
428 431 0.333333
428 432 3.000000
428 524 0.200000
429 437 -0.466667
430 438 0.466667
431 439 4.333333
432 440 2.333333
433 437 0.200000
433 438 -0.466667
433 439 -0.200000
433 440 0.333333
433 529 0.466667
434 437 0.600000
434 438 0.733333
434 439 -1.000000
434 440 -0.600000
434 530 0.866667
435 437 1.000000
435 438 0.466667
435 439 -3.666667
435 440 0.866667
435 531 -0.733333
436 437 -0.066667
436 438 -0.733333
436 439 1.000000
436 440 -0.466667
436 532 -3.666667
437 445 -1.000000
438 446 0.466667
439 447 0.466667
440 448 0.866667
441 445 0.066667
441 446 0.600000
441 447 -0.866667
441 448 -0.866667
441 537 0.600000
442 445 -0.066667
442 446 0.733333
442 447 0.200000
442 448 -0.600000
442 538 0.066667
443 445 0.733333
443 446 -0.200000
443 447 0.333333
443 448 1.000000
443 539 0.066667
444 445 0.200000
444 446 0.866667
444 447 0.200000
444 448 -0.200000
444 540 0.200000
445 453 0.066667
446 454 0.200000
447 455 -0.600000
448 456 -0.733333
449 453 0.333333
449 454 0.733333
449 455 -0.733333
449 456 -0.866667
449 545 -0.200000
450 453 0.733333
450 454 1.000000
450 455 -0.333333
450 456 -0.733333
450 546 0.733333
451 453 0.466667
451 454 0.600000
451 455 0.200000
451 456 -0.333333
451 547 0.866667
452 453 -0.200000
452 454 -0.600000
452 455 0.066667
452 456 -0.866667
452 548 -0.066667
453 461 -0.866667
454 462 0.600000
455 463 -1.000000
456 464 -0.066667
457 461 1.000000
457 462 -0.466667
457 463 -0.333333
457 464 -1.000000
457 553 0.066667
458 461 -0.333333
458 462 -0.866667
458 463 0.200000
458 464 -0.200000
458 554 1.000000
459 461 0.466667
459 462 -0.200000
459 463 0.200000
459 464 -0.866667
459 555 0.866667
460 461 0.600000
460 462 1.000000
460 463 -0.200000
460 464 -0.466667
460 556 -0.866667
461 469 -0.466667
462 470 0.066667
463 471 3.666667
464 472 -3.666667
465 469 0.066667
465 470 -0.466667
465 471 -1.000000
465 472 0.066667
465 561 0.066667
466 469 0.733333
466 470 0.733333
466 471 -0.866667
466 472 3.000000
466 562 -0.466667
467 469 -1.666667
467 470 1.000000
467 471 3.000000
467 472 -1.000000
467 563 4.333333
468 469 1.000000
468 470 -0.600000
468 471 0.333333
468 472 -1.000000
468 564 -0.066667
469 477 -0.733333
470 478 0.733333
471 479 -0.600000
472 480 0.333333
473 477 -0.600000
473 478 -0.733333
473 479 0.866667
473 480 -0.200000
473 569 -0.066667
474 477 -1.000000
474 478 1.000000
474 479 1.666667
474 480 -0.333333
474 570 1.000000
475 477 1.000000
475 478 -0.333333
475 479 1.000000
475 480 0.733333
475 571 -0.466667
476 477 0.733333
476 478 0.600000
476 479 1.666667
476 480 -0.333333
476 572 0.466667
481 485 -0.600000
481 486 -0.733333
481 487 -1.000000
481 488 0.600000
481 577 0.600000
482 485 0.733333
482 486 0.066667
482 487 1.000000
482 488 -0.066667
482 578 0.866667
483 485 -0.066667
483 486 0.600000
483 487 -0.733333
483 488 0.333333
483 579 0.066667
484 485 -0.866667
484 486 -0.066667
484 487 0.066667
484 488 0.600000
484 580 -1.000000
485 493 0.466667
486 494 0.066667
487 495 0.600000
488 496 0.066667
489 493 -0.200000
489 494 0.733333
489 495 0.466667
489 496 -0.600000
489 585 -0.200000
490 493 -0.200000
490 494 0.866667
490 495 -0.200000
490 496 -1.000000
490 586 -0.600000
491 493 0.733333
491 494 0.733333
491 495 -0.466667
491 496 -0.600000
491 587 0.466667
492 493 -0.466667
492 494 0.066667
492 495 5.000000
492 496 -0.466667
492 588 0.733333
493 501 -0.200000
494 502 0.600000
495 503 0.733333
496 504 -0.066667
497 501 -0.600000
497 502 -0.466667
497 503 -0.600000
497 504 -0.466667
497 593 -0.066667
498 501 -0.066667
498 502 -0.600000
498 503 -0.600000
498 504 0.866667
498 594 0.600000
499 501 0.866667
499 502 -1.000000
499 503 0.066667
499 504 -0.466667
499 595 -0.066667
500 501 0.600000
500 502 0.466667
500 503 -1.000000
500 504 -1.000000
500 596 0.733333
501 509 1.000000
502 510 0.333333
503 511 -0.200000
504 512 -0.066667
505 509 0.200000
505 510 0.600000
505 511 -0.733333
505 512 1.000000
505 601 -0.333333
506 509 -1.000000
506 510 0.066667
506 511 -0.733333
506 512 0.333333
506 602 0.333333
507 509 -1.000000
507 510 0.600000
507 511 -5.000000
507 512 0.866667
507 603 0.733333
508 509 1.000000
508 510 0.200000
508 511 1.666667
508 512 -1.000000
508 604 1.000000
509 517 -0.200000
510 518 -0.466667
511 519 -1.666667
512 520 4.333333
513 517 -0.600000
513 518 1.000000
513 519 3.000000
513 520 -0.466667
513 609 0.333333
514 517 -0.733333
514 518 -3.666667
514 519 0.333333
514 520 4.333333
514 610 0.733333
515 517 1.000000
515 518 -0.066667
515 519 -4.333333
515 520 0.333333
515 611 -0.866667
516 517 1.000000
516 518 0.333333
516 519 1.000000
516 520 -1.000000
516 612 0.733333
517 525 3.000000
518 526 -0.466667
519 527 -1.666667
520 528 0.333333
521 525 1.666667
521 526 -0.200000
521 527 -4.333333
521 528 -5.000000
521 617 0.733333
522 525 0.200000
522 526 5.000000
522 527 0.333333
522 528 -0.066667
522 618 -0.600000
523 525 0.466667
523 526 0.733333
523 527 -0.200000
523 528 -0.866667
523 619 0.600000
524 525 0.466667
524 526 -3.666667
524 527 -5.000000
524 528 0.200000
524 620 0.200000
525 533 -0.733333
526 534 -0.600000
527 535 -3.666667
528 536 -0.066667
529 533 1.000000
529 534 0.600000
529 535 0.600000
529 536 -0.200000
529 625 -0.333333
530 533 -0.466667
530 534 -1.000000
530 535 -1.000000
530 536 -5.000000
530 626 -0.066667
531 533 0.733333
531 534 0.733333
531 535 -0.200000
531 536 0.066667
531 627 0.200000
532 533 -0.066667
532 534 -0.866667
532 535 0.066667
532 536 -1.000000
532 628 1.000000
533 541 -0.866667
534 542 0.066667
535 543 -0.733333
536 544 0.466667
537 541 -0.466667
537 542 -0.733333
537 543 0.600000
537 544 1.000000
537 633 0.333333
538 541 -0.733333
538 542 -0.200000
538 543 -0.866667
538 544 -1.000000
538 634 0.466667
539 541 0.200000
539 542 -0.066667
539 543 1.000000
539 544 -0.066667
539 635 0.200000
540 541 -0.466667
540 542 1.000000
540 543 -0.333333
540 544 -0.200000
540 636 1.000000
541 549 0.466667
542 550 0.333333
543 551 -0.066667
544 552 0.466667
545 549 0.733333
545 550 -1.000000
545 551 0.200000
545 552 0.066667
545 641 0.333333
546 549 0.200000
546 550 -0.066667
546 551 -0.866667
546 552 0.200000
546 642 -1.000000
547 549 0.866667
547 550 -0.466667
547 551 0.733333
547 552 -1.000000
547 643 0.333333
548 549 0.733333
548 550 1.000000
548 551 0.066667
548 552 1.000000
548 644 3.000000
549 557 -1.000000
550 558 0.600000
551 559 -1.000000
552 560 0.466667
553 557 0.733333
553 558 0.600000
553 559 -4.333333
553 560 -0.600000
553 649 -0.466667
554 557 -0.733333
554 558 -0.466667
554 559 -0.066667
554 560 0.200000
554 650 0.600000
555 557 0.333333
555 558 0.200000
555 559 5.000000
555 560 5.000000
555 651 -2.333333
556 557 0.733333
556 558 -1.000000
556 559 -0.866667
556 560 1.666667
556 652 0.466667
557 565 -0.200000
558 566 -2.333333
559 567 -3.000000
560 568 -0.733333
561 565 -0.200000
561 566 0.333333
561 567 -0.066667
561 568 4.333333
561 657 1.000000
562 565 0.466667
562 566 0.466667
562 567 0.733333
562 568 -2.333333
562 658 5.000000
563 565 3.000000
563 566 -0.066667
563 567 -0.733333
563 568 0.333333
563 659 -0.466667
564 565 0.733333
564 566 1.000000
564 567 -3.000000
564 568 -0.733333
564 660 0.866667
565 573 -1.000000
566 574 -0.333333
567 575 -0.200000
568 576 -5.000000
569 573 0.600000
569 574 0.333333
569 575 0.333333
569 576 3.000000
569 665 -0.600000
570 573 0.600000
570 574 0.200000
570 575 -3.666667
570 576 4.333333
570 666 1.000000
571 573 0.600000
571 574 4.333333
571 575 -0.066667
571 576 3.000000
571 667 0.466667
572 573 -0.866667
572 574 -0.200000
572 575 -4.333333
572 576 0.733333
572 668 -0.200000
577 581 0.866667
577 582 0.733333
577 583 0.066667
577 584 0.600000
577 673 0.733333
578 581 0.600000
578 582 0.333333
578 583 0.066667
578 584 -0.066667
578 674 0.333333
579 581 -1.000000
579 582 0.733333
579 583 0.866667
579 584 -0.733333
579 675 -3.000000
580 581 -0.866667
580 582 0.066667
580 583 -0.600000
580 584 -0.066667
580 676 -0.066667
581 589 -0.200000
582 590 0.600000
583 591 -1.000000
584 592 -0.066667
585 589 0.600000
585 590 0.600000
585 591 -0.333333
585 592 0.600000
585 681 0.466667
586 589 0.466667
586 590 0.600000
586 591 -0.733333
586 592 0.600000
586 682 -0.466667
587 589 -3.666667
587 590 0.600000
587 591 0.600000
587 592 -0.066667
587 683 -0.200000
588 589 0.733333
588 590 0.466667
588 591 0.733333
588 592 -0.066667
588 684 -0.733333
589 597 -0.733333
590 598 1.000000
591 599 0.733333
592 600 -0.733333
593 597 0.866667
593 598 -0.733333
593 599 0.200000
593 600 -0.600000
593 689 -0.600000
594 597 0.200000
594 598 1.000000
594 599 0.600000
594 600 0.333333
594 690 1.000000
595 597 0.466667
595 598 -3.000000
595 599 0.866667
595 600 -0.600000
595 691 0.066667
596 597 0.866667
596 598 -1.000000
596 599 -0.600000
596 600 0.466667
596 692 -0.733333
597 605 -0.333333
598 606 -0.466667
599 607 -1.000000
600 608 0.333333
601 605 -0.066667
601 606 0.866667
601 607 3.666667
601 608 -0.333333
601 697 -4.333333
602 605 0.066667
602 606 -1.000000
602 607 0.333333
602 608 -0.466667
602 698 -0.466667
603 605 -0.600000
603 606 1.000000
603 607 0.066667
603 608 -0.066667
603 699 -0.066667
604 605 -1.000000
604 606 0.333333
604 607 -0.733333
604 608 -0.733333
604 700 0.066667
605 613 0.600000
606 614 0.733333
607 615 1.000000
608 616 1.000000
609 613 -0.600000
609 614 -0.866667
609 615 -0.066667
609 616 -0.466667
609 705 0.200000
610 613 -0.733333
610 614 0.466667
610 615 -1.000000
610 616 -1.000000
610 706 -0.333333
611 613 0.733333
611 614 -1.000000
611 615 0.600000
611 616 0.200000
611 707 -0.866667
612 613 -0.066667
612 614 -0.200000
612 615 -1.666667
612 616 -0.333333
612 708 2.333333
613 621 -0.466667
614 622 -0.733333
615 623 -0.866667
616 624 -3.666667
617 621 -0.200000
617 622 1.000000
617 623 0.066667
617 624 0.066667
617 713 -0.733333
618 621 1.000000
618 622 0.066667
618 623 0.600000
618 624 1.000000
618 714 0.866667
619 621 0.066667
619 622 0.600000
619 623 0.066667
619 624 -1.000000
619 715 -0.333333
620 621 -1.000000
620 622 0.733333
620 623 1.000000
620 624 -1.666667
620 716 -0.333333
621 629 -0.200000
622 630 0.200000
623 631 0.600000
624 632 0.600000
625 629 -0.600000
625 630 0.866667
625 631 0.466667
625 632 0.733333
625 721 0.866667
626 629 0.066667
626 630 1.000000
626 631 -0.066667
626 632 1.000000
626 722 1.000000
627 629 -0.066667
627 630 0.866667
627 631 -0.333333
627 632 -0.733333
627 723 0.866667
628 629 0.733333
628 630 0.733333
628 631 -0.066667
628 632 -0.466667
628 724 0.600000
629 637 -0.200000
630 638 1.000000
631 639 0.466667
632 640 -0.333333
633 637 -0.866667
633 638 0.200000
633 639 1.000000
633 640 0.600000
633 729 -0.066667
634 637 -0.200000
634 638 -1.000000
634 639 0.066667
634 640 0.600000
634 730 1.000000
635 637 -0.200000
635 638 0.733333
635 639 -0.600000
635 640 -0.200000
635 731 -0.866667
636 637 0.600000
636 638 -1.000000
636 639 0.866667
636 640 -0.333333
636 732 -0.200000
637 645 0.600000
638 646 4.333333
639 647 -5.000000
640 648 1.000000
641 645 0.866667
641 646 0.466667
641 647 -4.333333
641 648 0.200000
641 737 0.733333
642 645 -0.866667
642 646 -4.333333
642 647 4.333333
642 648 0.733333
642 738 -1.000000
643 645 0.066667
643 646 0.733333
643 647 0.733333
643 648 2.333333
643 739 0.733333
644 645 1.666667
644 646 -2.333333
644 647 4.333333
644 648 -0.200000
644 740 0.466667
645 653 4.333333
646 654 1.666667
647 655 -0.600000
648 656 4.333333
649 653 1.000000
649 654 -0.200000
649 655 0.600000
649 656 -4.333333
649 745 -0.600000
650 653 0.333333
650 654 0.466667
650 655 -0.200000
650 656 0.600000
650 746 -1.000000
651 653 5.000000
651 654 3.000000
651 655 1.000000
651 656 -0.200000
651 747 -0.333333
652 653 2.333333
652 654 -2.333333
652 655 2.333333
652 656 -2.333333
652 748 -0.200000
653 661 3.000000
654 662 -0.600000
655 663 0.466667
656 664 -3.666667
657 661 0.333333
657 662 -0.200000
657 663 -0.466667
657 664 -0.333333
657 753 0.333333
658 661 2.333333
658 662 -0.733333
658 663 0.200000
658 664 -4.333333
658 754 0.733333
659 661 -4.333333
659 662 0.466667
659 663 0.466667
659 664 0.066667
659 755 -0.466667
660 661 -0.466667
660 662 -0.333333
660 663 -0.733333
660 664 0.866667
660 756 -0.733333
661 669 0.866667
662 670 1.000000
663 671 -1.000000
664 672 -0.866667
665 669 0.066667
665 670 -0.333333
665 671 -0.466667
665 672 0.200000
665 761 5.000000
666 669 0.600000
666 670 0.733333
666 671 0.600000
666 672 -1.000000
666 762 -0.333333
667 669 -0.733333
667 670 -0.866667
667 671 0.733333
667 672 0.200000
667 763 -2.333333
668 669 0.333333
668 670 -0.066667
668 671 1.000000
668 672 -0.866667
668 764 -0.200000
673 677 0.066667
673 678 -0.733333
673 679 -1.000000
673 680 0.066667
673 769 0.600000
674 677 -0.066667
674 678 -0.733333
674 679 -0.733333
674 680 0.600000
674 770 -0.333333
675 677 0.200000
675 678 -0.200000
675 679 0.733333
675 680 -0.066667
675 771 0.200000
676 677 -0.066667
676 678 0.333333
676 679 1.000000
676 680 -1.000000
676 772 -1.000000
677 685 -0.733333
678 686 0.733333
679 687 0.600000
680 688 -0.600000
681 685 0.066667
681 686 -0.600000
681 687 0.200000
681 688 0.066667
681 777 -0.866667
682 685 0.066667
682 686 0.066667
682 687 1.000000
682 688 0.066667
682 778 1.000000
683 685 0.200000
683 686 -0.333333
683 687 -0.200000
683 688 0.200000
683 779 -0.066667
684 685 -0.333333
684 686 -0.200000
684 687 -0.466667
684 688 -0.733333
684 780 -0.466667
685 693 -0.866667
686 694 -0.866667
687 695 0.066667
688 696 -1.000000
689 693 1.000000
689 694 0.333333
689 695 0.600000
689 696 -4.333333
689 785 -1.000000
690 693 0.200000
690 694 -0.333333
690 695 -0.600000
690 696 0.600000
690 786 0.466667
691 693 0.733333
691 694 0.733333
691 695 -0.866667
691 696 1.000000
691 787 0.866667
692 693 0.466667
692 694 0.600000
692 695 0.600000
692 696 -0.466667
692 788 0.066667
693 701 0.066667
694 702 -0.333333
695 703 0.600000
696 704 3.000000
697 701 0.066667
697 702 -1.000000
697 703 0.466667
697 704 -0.733333
697 793 -0.600000
698 701 -1.000000
698 702 0.333333
698 703 1.000000
698 704 -1.000000
698 794 0.466667
699 701 0.866667
699 702 1.666667
699 703 -0.600000
699 704 1.666667
699 795 0.733333
700 701 -0.333333
700 702 0.200000
700 703 -0.200000
700 704 4.333333
700 796 0.466667
701 709 1.000000
702 710 -0.333333
703 711 0.200000
704 712 -0.600000
705 709 -0.066667
705 710 -1.000000
705 711 -0.866667
705 712 0.600000
705 801 0.200000
706 709 1.000000
706 710 -1.000000
706 711 0.333333
706 712 -0.066667
706 802 -0.066667
707 709 0.866667
707 710 0.466667
707 711 -0.866667
707 712 -0.733333
707 803 0.866667
708 709 -5.000000
708 710 1.000000
708 711 -0.200000
708 712 -0.866667
708 804 0.733333
709 717 -0.733333
710 718 0.333333
711 719 -0.333333
712 720 0.866667
713 717 0.733333
713 718 2.333333
713 719 -0.200000
713 720 0.600000
713 809 0.466667
714 717 -0.200000
714 718 -0.466667
714 719 0.866667
714 720 -0.200000
714 810 0.466667
715 717 5.000000
715 718 -0.200000
715 719 0.466667
715 720 -0.200000
715 811 0.866667
716 717 -0.600000
716 718 -1.000000
716 719 -0.066667
716 720 -1.000000
716 812 -0.600000
717 725 -1.000000
718 726 -0.066667
719 727 -0.866667
720 728 -1.000000
721 725 -1.000000
721 726 0.200000
721 727 -0.600000
721 728 -0.066667
721 817 -0.733333
722 725 0.733333
722 726 -1.000000
722 727 -1.000000
722 728 0.200000
722 818 0.333333
723 725 -1.000000
723 726 -0.200000
723 727 0.600000
723 728 0.200000
723 819 1.000000
724 725 -0.333333
724 726 0.066667
724 727 0.600000
724 728 0.066667
724 820 0.066667
725 733 -0.866667
726 734 0.733333
727 735 -0.200000
728 736 0.600000
729 733 0.200000
729 734 -0.600000
729 735 -1.000000
729 736 -0.066667
729 825 -0.066667
730 733 -1.000000
730 734 -0.333333
730 735 0.600000
730 736 -0.733333
730 826 0.466667
731 733 -0.333333
731 734 3.666667
731 735 3.666667
731 736 -0.066667
731 827 0.333333
732 733 -0.600000
732 734 -1.000000
732 735 -1.000000
732 736 -0.733333
732 828 -0.200000
733 741 1.000000
734 742 -3.666667
735 743 0.066667
736 744 0.466667
737 741 -0.333333
737 742 3.666667
737 743 -0.066667
737 744 3.000000
737 833 0.866667
738 741 0.733333
738 742 3.666667
738 743 0.333333
738 744 0.333333
738 834 -0.333333
739 741 -0.066667
739 742 0.333333
739 743 -0.600000
739 744 -0.200000
739 835 0.866667
740 741 -1.000000
740 742 2.333333
740 743 0.466667
740 744 0.200000
740 836 -3.000000
741 749 -0.200000
742 750 3.000000
743 751 0.066667
744 752 0.333333
745 749 -0.333333
745 750 -0.066667
745 751 -0.866667
745 752 -0.066667
745 841 0.733333
746 749 -1.000000
746 750 -1.000000
746 751 -0.333333
746 752 -3.000000
746 842 -0.600000
747 749 -1.000000
747 750 -0.333333
747 751 -2.333333
747 752 -3.000000
747 843 0.466667
748 749 1.000000
748 750 0.466667
748 751 0.733333
748 752 -0.866667
748 844 1.666667
749 757 0.733333
750 758 0.733333
751 759 -0.866667
752 760 -0.333333
753 757 -0.066667
753 758 0.600000
753 759 -0.200000
753 760 -0.866667
753 849 -1.000000
754 757 0.600000
754 758 4.333333
754 759 -0.600000
754 760 2.333333
754 850 0.066667
755 757 0.733333
755 758 -0.066667
755 759 0.200000
755 760 0.066667
755 851 -0.866667
756 757 1.000000
756 758 0.066667
756 759 -0.066667
756 760 1.000000
756 852 -0.466667
757 765 0.466667
758 766 5.000000
759 767 0.066667
760 768 0.466667
761 765 -0.600000
761 766 -1.000000
761 767 -1.000000
761 768 0.466667
761 857 -1.666667
762 765 1.000000
762 766 -0.866667
762 767 -3.000000
762 768 -5.000000
762 858 5.000000
763 765 0.333333
763 766 -0.600000
763 767 0.333333
763 768 0.333333
763 859 0.066667
764 765 -0.200000
764 766 -0.333333
764 767 -0.333333
764 768 -0.200000
764 860 1.000000
769 773 -1.000000
769 774 0.333333
769 775 5.000000
769 776 1.000000
769 865 0.200000
770 773 -0.600000
770 774 0.200000
770 775 1.000000
770 776 -0.466667
770 866 -0.866667
771 773 0.466667
771 774 -1.000000
771 775 0.066667
771 776 1.000000
771 867 0.866667
772 773 -0.600000
772 774 -3.666667
772 775 0.733333
772 776 -0.866667
772 868 2.333333
773 781 -0.466667
774 782 -3.000000
775 783 0.066667
776 784 1.000000
777 781 -1.000000
777 782 -0.466667
777 783 0.200000
777 784 0.866667
777 873 -0.066667
778 781 -1.000000
778 782 -0.333333
778 783 -1.000000
778 784 -0.200000
778 874 0.066667
779 781 -0.600000
779 782 0.600000
779 783 -1.000000
779 784 -0.200000
779 875 0.333333
780 781 -0.466667
780 782 -0.066667
780 783 0.733333
780 784 0.066667
780 876 0.333333
781 789 0.200000
782 790 0.733333
783 791 0.066667
784 792 -0.866667
785 789 0.733333
785 790 -0.600000
785 791 -0.466667
785 792 -0.333333
785 881 -0.733333
786 789 1.000000
786 790 -0.733333
786 791 -0.066667
786 792 0.466667
786 882 -0.600000
787 789 -0.066667
787 790 0.733333
787 791 0.733333
787 792 -1.000000
787 883 -1.000000
788 789 -1.000000
788 790 1.000000
788 791 -0.200000
788 792 -0.866667
788 884 -0.333333
789 797 -0.066667
790 798 0.733333
791 799 -0.600000
792 800 0.333333
793 797 0.466667
793 798 -0.866667
793 799 -0.200000
793 800 -0.333333
793 889 -0.733333
794 797 -0.733333
794 798 -0.866667
794 799 0.200000
794 800 -0.733333
794 890 -0.733333
795 797 0.733333
795 798 0.333333
795 799 -0.466667
795 800 -0.466667
795 891 0.733333
796 797 0.333333
796 798 0.200000
796 799 -0.066667
796 800 -0.333333
796 892 -0.600000
797 805 1.000000
798 806 -0.066667
799 807 0.066667
800 808 0.733333
801 805 0.600000
801 806 -0.200000
801 807 -0.600000
801 808 -0.600000
801 897 0.866667
802 805 -0.200000
802 806 0.200000
802 807 -0.333333
802 808 0.333333
802 898 0.066667
803 805 -0.200000
803 806 1.000000
803 807 0.733333
803 808 -1.000000
803 899 0.200000
804 805 -1.000000
804 806 -0.466667
804 807 -0.466667
804 808 0.600000
804 900 -0.066667
805 813 1.000000
806 814 0.333333
807 815 0.733333
808 816 1.666667
809 813 0.333333
809 814 1.666667
809 815 0.066667
809 816 -3.666667
809 905 4.333333
810 813 -1.000000
810 814 0.600000
810 815 0.600000
810 816 0.200000
810 906 0.600000
811 813 0.200000
811 814 1.000000
811 815 -0.733333
811 816 -0.066667
811 907 -0.733333
812 813 0.866667
812 814 0.066667
812 815 -1.000000
812 816 -0.600000
812 908 -0.466667
813 821 0.733333
814 822 5.000000
815 823 0.600000
816 824 4.333333
817 821 -0.333333
817 822 0.600000
817 823 0.333333
817 824 -0.200000
817 913 0.866667
818 821 0.466667
818 822 -0.066667
818 823 -0.866667
818 824 -0.333333
818 914 -0.066667
819 821 -0.600000
819 822 -0.466667
819 823 -0.466667
819 824 0.466667
819 915 0.200000
820 821 -0.866667
820 822 0.333333
820 823 1.000000
820 824 -0.333333
820 916 -0.466667
821 829 0.600000
822 830 -0.200000
823 831 -0.466667
824 832 0.200000
825 829 0.200000
825 830 0.333333
825 831 -0.733333
825 832 -1.000000
825 921 -0.733333
826 829 -0.600000
826 830 0.866667
826 831 -0.733333
826 832 0.866667
826 922 0.600000
827 829 -0.733333
827 830 0.600000
827 831 -0.066667
827 832 0.733333
827 923 -0.733333
828 829 1.000000
828 830 0.600000
828 831 0.733333
828 832 0.733333
828 924 0.200000
829 837 0.600000
830 838 -0.733333
831 839 -0.733333
832 840 -0.600000
833 837 0.466667
833 838 -0.066667
833 839 -0.733333
833 840 -0.733333
833 929 0.866667
834 837 -0.733333
834 838 -1.000000
834 839 -0.066667
834 840 -0.600000
834 930 3.000000
835 837 -5.000000
835 838 0.600000
835 839 0.066667
835 840 0.466667
835 931 0.333333
836 837 -0.733333
836 838 -0.733333
836 839 -1.000000
836 840 -0.333333
836 932 -0.200000
837 845 -0.333333
838 846 -0.066667
839 847 0.200000
840 848 -1.000000
841 845 0.066667
841 846 -0.333333
841 847 -1.000000
841 848 0.333333
841 937 0.066667
842 845 -0.866667
842 846 -4.333333
842 847 0.333333
842 848 0.333333
842 938 -0.333333
843 845 0.333333
843 846 2.333333
843 847 -0.866667
843 848 -0.866667
843 939 -0.733333
844 845 0.866667
844 846 -0.466667
844 847 0.066667
844 848 0.600000
844 940 1.666667
845 853 -1.000000
846 854 5.000000
847 855 0.200000
848 856 -0.733333
849 853 0.733333
849 854 0.333333
849 855 4.333333
849 856 1.000000
849 945 1.000000
850 853 -0.333333
850 854 0.066667
850 855 5.000000
850 856 0.866667
850 946 0.600000
851 853 -0.600000
851 854 0.600000
851 855 2.333333
851 856 -0.066667
851 947 -0.466667
852 853 0.333333
852 854 -0.600000
852 855 -1.000000
852 856 -0.066667
852 948 -0.333333
853 861 0.733333
854 862 -3.000000
855 863 -1.000000
856 864 0.333333
857 861 0.200000
857 862 2.333333
857 863 0.333333
857 864 -0.466667
857 953 0.200000
858 861 -0.466667
858 862 4.333333
858 863 0.733333
858 864 -2.333333
858 954 3.666667
859 861 1.000000
859 862 0.200000
859 863 1.000000
859 864 -0.600000
859 955 0.066667
860 861 -0.066667
860 862 0.333333
860 863 -0.333333
860 864 0.333333
860 956 0.333333
865 869 0.200000
865 870 -0.733333
865 871 1.000000
865 872 0.466667
865 961 -0.200000
866 869 -3.000000
866 870 -1.666667
866 871 1.666667
866 872 -0.733333
866 962 -0.866667
867 869 -0.600000
867 870 -0.600000
867 871 0.333333
867 872 0.600000
867 963 -0.733333
868 869 0.600000
868 870 -3.666667
868 871 0.200000
868 872 -0.200000
868 964 0.200000
869 877 0.200000
870 878 4.333333
871 879 1.000000
872 880 -0.066667
873 877 -1.000000
873 878 -0.600000
873 879 -0.600000
873 880 0.466667
873 969 -0.600000
874 877 0.066667
874 878 1.000000
874 879 0.466667
874 880 0.066667
874 970 -0.333333
875 877 0.333333
875 878 2.333333
875 879 -0.866667
875 880 -0.600000
875 971 0.333333
876 877 0.333333
876 878 4.333333
876 879 2.333333
876 880 -0.200000
876 972 -0.866667
877 885 0.200000
878 886 0.066667
879 887 0.866667
880 888 0.066667
881 885 1.000000
881 886 0.600000
881 887 0.466667
881 888 -0.200000
881 977 -1.000000
882 885 0.866667
882 886 -0.600000
882 887 1.000000
882 888 -0.733333
882 978 0.866667
883 885 0.466667
883 886 -0.733333
883 887 0.466667
883 888 -0.200000
883 979 -0.333333
884 885 0.466667
884 886 -0.866667
884 887 -0.733333
884 888 -0.733333
884 980 -0.066667
885 893 -0.733333
886 894 -0.733333
887 895 0.733333
888 896 -0.466667
889 893 -0.200000
889 894 -0.333333
889 895 -3.666667
889 896 0.733333
889 985 -1.000000
890 893 -2.333333
890 894 -0.200000
890 895 1.666667
890 896 -0.600000
890 986 3.666667
891 893 -0.733333
891 894 -0.066667
891 895 0.333333
891 896 1.000000
891 987 -0.200000
892 893 1.000000
892 894 -1.000000
892 895 0.866667
892 896 0.733333
892 988 0.600000
893 901 0.600000
894 902 -0.733333
895 903 -0.600000
896 904 0.466667
897 901 0.333333
897 902 -0.200000
897 903 0.066667
897 904 0.333333
897 993 -1.000000
898 901 -0.600000
898 902 0.733333
898 903 -0.733333
898 904 -0.200000
898 994 -2.333333
899 901 -0.333333
899 902 -0.733333
899 903 -1.000000
899 904 0.866667
899 995 -0.066667
900 901 -0.600000
900 902 -0.066667
900 903 0.200000
900 904 1.000000
900 996 -0.466667
901 909 -0.066667
902 910 0.066667
903 911 -0.733333
904 912 0.466667
905 909 1.000000
905 910 -0.200000
905 911 -0.600000
905 912 0.066667
905 1001 -0.333333
906 909 0.200000
906 910 -0.866667
906 911 -0.733333
906 912 -0.066667
906 1002 -0.866667
907 909 0.866667
907 910 0.733333
907 911 0.733333
907 912 -0.866667
907 1003 -0.333333
908 909 -0.466667
908 910 -0.466667
908 911 -0.333333
908 912 -0.733333
908 1004 -0.600000
909 917 0.466667
910 918 0.066667
911 919 -0.200000
912 920 -0.466667
913 917 -0.466667
913 918 0.200000
913 919 -0.866667
913 920 -0.200000
913 1009 -0.333333
914 917 0.733333
914 918 -0.066667
914 919 -0.466667
914 920 -1.000000
914 1010 0.733333
915 917 0.200000
915 918 -0.600000
915 919 0.733333
915 920 0.733333
915 1011 0.066667
916 917 0.733333
916 918 0.066667
916 919 0.066667
916 920 -0.866667
916 1012 -0.866667
917 925 -0.200000
918 926 0.066667
919 927 -0.600000
920 928 -0.200000
921 925 0.333333
921 926 0.200000
921 927 0.733333
921 928 0.600000
921 1017 0.866667
922 925 0.200000
922 926 0.200000
922 927 1.000000
922 928 0.200000
922 1018 0.866667
923 925 0.600000
923 926 0.333333
923 927 0.333333
923 928 -0.200000
923 1019 -0.466667
924 925 0.333333
924 926 -0.733333
924 927 -0.466667
924 928 -0.066667
924 1020 -0.866667
925 933 -0.866667
926 934 -0.066667
927 935 0.733333
928 936 -0.733333
929 933 0.466667
929 934 0.200000
929 935 -0.333333
929 936 0.600000
929 1025 -0.333333
930 933 -1.000000
930 934 -0.200000
930 935 0.066667
930 936 -3.666667
930 1026 1.000000
931 933 -0.866667
931 934 -0.733333
931 935 0.466667
931 936 0.866667
931 1027 -0.600000
932 933 -3.666667
932 934 -5.000000
932 935 0.600000
932 936 0.333333
932 1028 0.333333
933 941 0.333333
934 942 0.600000
935 943 0.066667
936 944 -1.000000
937 941 -3.000000
937 942 0.466667
937 943 0.733333
937 944 0.066667
937 1033 -0.066667
938 941 -1.000000
938 942 -0.866667
938 943 5.000000
938 944 -0.200000
938 1034 0.466667
939 941 3.666667
939 942 -0.733333
939 943 0.333333
939 944 -0.600000
939 1035 2.333333
940 941 -4.333333
940 942 1.000000
940 943 -1.666667
940 944 4.333333
940 1036 -0.066667
941 949 0.200000
942 950 -0.866667
943 951 0.333333
944 952 0.066667
945 949 0.200000
945 950 -0.600000
945 951 -0.600000
945 952 0.600000
945 1041 0.600000
946 949 -0.866667
946 950 -0.600000
946 951 1.000000
946 952 1.000000
946 1042 -0.733333
947 949 -0.733333
947 950 0.333333
947 951 0.466667
947 952 0.200000
947 1043 0.066667
948 949 -0.866667
948 950 -0.200000
948 951 0.733333
948 952 -0.733333
948 1044 -0.333333
949 957 -1.000000
950 958 -0.600000
951 959 0.733333
952 960 -2.333333
953 957 -0.333333
953 958 0.333333
953 959 0.866667
953 960 -3.000000
953 1049 3.666667
954 957 -0.733333
954 958 -4.333333
954 959 0.333333
954 960 -0.600000
954 1050 -1.000000
955 957 -0.333333
955 958 0.200000
955 959 0.466667
955 960 -0.333333
955 1051 0.733333
956 957 -0.733333
956 958 -0.466667
956 959 -0.466667
956 960 0.333333
956 1052 3.666667
961 965 0.066667
961 966 -0.600000
961 967 -0.333333
961 968 0.066667
961 1057 -0.200000
962 965 -0.466667
962 966 0.733333
962 967 0.066667
962 968 0.866667
962 1058 -5.000000
963 965 0.200000
963 966 2.333333
963 967 0.866667
963 968 -5.000000
963 1059 0.866667
964 965 -0.066667
964 966 -0.066667
964 967 -0.200000
964 968 3.000000
964 1060 0.866667
965 973 1.000000
966 974 -0.200000
967 975 0.866667
968 976 1.000000
969 973 -0.733333
969 974 0.066667
969 975 -0.600000
969 976 -0.866667
969 1065 -0.866667
970 973 0.866667
970 974 0.466667
970 975 0.600000
970 976 -0.066667
970 1066 -0.066667
971 973 0.600000
971 974 0.333333
971 975 -0.066667
971 976 0.466667
971 1067 -0.866667
972 973 -1.000000
972 974 -0.466667
972 975 -0.200000
972 976 -0.733333
972 1068 0.066667
973 981 -0.600000
974 982 1.000000
975 983 0.600000
976 984 -0.066667
977 981 0.733333
977 982 -0.200000
977 983 -0.200000
977 984 -0.066667
977 1073 -0.733333
978 981 1.000000
978 982 0.333333
978 983 0.733333
978 984 0.600000
978 1074 -0.466667
979 981 0.066667
979 982 -0.333333
979 983 0.333333
979 984 -0.866667
979 1075 -1.000000
980 981 0.866667
980 982 -0.733333
980 983 -0.733333
980 984 0.733333
980 1076 -0.333333
981 989 -0.200000
982 990 0.066667
983 991 0.333333
984 992 -0.600000
985 989 -0.333333
985 990 -0.466667
985 991 1.000000
985 992 0.333333
985 1081 -0.333333
986 989 -0.866667
986 990 -0.600000
986 991 -0.066667
986 992 1.000000
986 1082 0.333333
987 989 0.466667
987 990 -0.733333
987 991 0.466667
987 992 -0.200000
987 1083 0.866667
988 989 -0.066667
988 990 -0.333333
988 991 0.200000
988 992 0.600000
988 1084 0.466667
989 997 -0.733333
990 998 -0.866667
991 999 -0.066667
992 1000 -0.866667
993 997 -1.000000
993 998 0.066667
993 999 -0.600000
993 1000 0.600000
993 1089 -0.466667
994 997 -0.866667
994 998 0.200000
994 999 3.000000
994 1000 0.466667
994 1090 -0.333333
995 997 0.066667
995 998 -5.000000
995 999 0.066667
995 1000 1.000000
995 1091 0.066667
996 997 0.600000
996 998 -0.866667
996 999 -0.200000
996 1000 -0.200000
996 1092 1.000000
997 1005 0.466667
998 1006 -1.000000
999 1007 -0.866667
1000 1008 -0.466667
1001 1005 -0.600000
1001 1006 -0.600000
1001 1007 0.333333
1001 1008 -0.466667
1001 1097 1.000000
1002 1005 -1.000000
1002 1006 0.333333
1002 1007 -0.600000
1002 1008 -0.600000
1002 1098 -0.600000
1003 1005 -0.600000
1003 1006 -0.466667
1003 1007 -0.733333
1003 1008 -0.200000
1003 1099 -0.333333
1004 1005 0.733333
1004 1006 1.000000
1004 1007 0.866667
1004 1008 0.333333
1004 1100 0.066667
1005 1013 0.866667
1006 1014 0.733333
1007 1015 1.000000
1008 1016 -0.333333
1009 1013 0.600000
1009 1014 0.600000
1009 1015 0.733333
1009 1016 -0.466667
1009 1105 1.000000
1010 1013 -3.000000
1010 1014 0.600000
1010 1015 -0.866667
1010 1016 1.000000
1010 1106 -1.000000
1011 1013 -0.733333
1011 1014 0.066667
1011 1015 -0.600000
1011 1016 -1.000000
1011 1107 0.733333
1012 1013 0.733333
1012 1014 0.866667
1012 1015 0.333333
1012 1016 0.733333
1012 1108 0.866667
1013 1021 0.600000
1014 1022 0.600000
1015 1023 -0.066667
1016 1024 -0.600000
1017 1021 0.066667
1017 1022 1.000000
1017 1023 -0.200000
1017 1024 -1.000000
1017 1113 -0.733333
1018 1021 -0.333333
1018 1022 -0.866667
1018 1023 0.866667
1018 1024 0.333333
1018 1114 0.866667
1019 1021 -0.333333
1019 1022 0.600000
1019 1023 0.333333
1019 1024 -0.333333
1019 1115 -1.000000
1020 1021 0.200000
1020 1022 -0.600000
1020 1023 -1.000000
1020 1024 -0.733333
1020 1116 0.066667
1021 1029 0.866667
1022 1030 -0.333333
1023 1031 -0.066667
1024 1032 -1.000000
1025 1029 -0.733333
1025 1030 -1.000000
1025 1031 -0.200000
1025 1032 -1.000000
1025 1121 0.200000
1026 1029 -0.866667
1026 1030 5.000000
1026 1031 -4.333333
1026 1032 0.466667
1026 1122 0.066667
1027 1029 0.466667
1027 1030 0.600000
1027 1031 -0.333333
1027 1032 -3.666667
1027 1123 -0.066667
1028 1029 1.000000
1028 1030 0.600000
1028 1031 -0.466667
1028 1032 -0.866667
1028 1124 0.733333
1029 1037 -0.200000
1030 1038 0.733333
1031 1039 0.466667
1032 1040 0.600000
1033 1037 0.866667
1033 1038 -2.333333
1033 1039 -0.866667
1033 1040 0.200000
1033 1129 0.200000
1034 1037 -5.000000
1034 1038 1.666667
1034 1039 0.733333
1034 1040 0.600000
1034 1130 -5.000000
1035 1037 0.333333
1035 1038 -3.666667
1035 1039 3.000000
1035 1040 -3.000000
1035 1131 0.200000
1036 1037 0.466667
1036 1038 0.466667
1036 1039 0.200000
1036 1040 -1.000000
1036 1132 0.200000
1037 1045 -0.333333
1038 1046 -0.066667
1039 1047 -0.733333
1040 1048 -0.333333
1041 1045 3.000000
1041 1046 -1.000000
1041 1047 0.733333
1041 1048 -0.333333
1041 1137 0.066667
1042 1045 -0.200000
1042 1046 0.066667
1042 1047 -0.066667
1042 1048 -1.000000
1042 1138 1.000000
1043 1045 0.733333
1043 1046 -1.000000
1043 1047 -0.466667
1043 1048 -0.333333
1043 1139 -0.200000
1044 1045 0.066667
1044 1046 -1.000000
1044 1047 0.066667
1044 1048 0.600000
1044 1140 -1.000000
1045 1053 -2.333333
1046 1054 0.466667
1047 1055 0.866667
1048 1056 0.333333
1049 1053 -3.666667
1049 1054 -0.600000
1049 1055 -0.066667
1049 1056 0.733333
1049 1145 0.733333
1050 1053 -2.333333
1050 1054 3.000000
1050 1055 -1.000000
1050 1056 1.000000
1050 1146 -4.333333
1051 1053 0.733333
1051 1054 1.666667
1051 1055 0.200000
1051 1056 -1.000000
1051 1147 1.000000
1052 1053 -2.333333
1052 1054 -0.333333
1052 1055 0.466667
1052 1056 -0.866667
1052 1148 -3.666667
1057 1061 0.066667
1057 1062 -0.600000
1057 1063 0.333333
1057 1064 -0.733333
1058 1061 0.600000
1058 1062 -0.066667
1058 1063 -4.333333
1058 1064 0.866667
1059 1061 0.333333
1059 1062 0.733333
1059 1063 1.000000
1059 1064 -0.733333
1060 1061 0.466667
1060 1062 -0.600000
1060 1063 -0.733333
1060 1064 -0.333333
1061 1069 0.600000
1062 1070 -0.333333
1063 1071 0.466667
1064 1072 0.733333
1065 1069 -0.600000
1065 1070 -0.600000
1065 1071 0.733333
1065 1072 -0.466667
1066 1069 0.866667
1066 1070 0.333333
1066 1071 0.600000
1066 1072 0.866667
1067 1069 -0.066667
1067 1070 0.333333
1067 1071 0.733333
1067 1072 1.000000
1068 1069 0.066667
1068 1070 0.866667
1068 1071 0.066667
1068 1072 0.466667
1069 1077 -0.466667
1070 1078 -0.466667
1071 1079 -0.733333
1072 1080 0.466667
1073 1077 -0.200000
1073 1078 0.066667
1073 1079 -0.066667
1073 1080 -0.600000
1074 1077 -0.066667
1074 1078 0.466667
1074 1079 0.200000
1074 1080 0.200000
1075 1077 -1.000000
1075 1078 2.333333
1075 1079 -0.600000
1075 1080 -0.600000
1076 1077 0.600000
1076 1078 -0.866667
1076 1079 -1.000000
1076 1080 0.333333
1077 1085 0.333333
1078 1086 -0.733333
1079 1087 -0.600000
1080 1088 -0.066667
1081 1085 -0.466667
1081 1086 0.866667
1081 1087 -0.466667
1081 1088 -0.733333
1082 1085 -5.000000
1082 1086 0.466667
1082 1087 -2.333333
1082 1088 0.733333
1083 1085 0.066667
1083 1086 -0.600000
1083 1087 3.000000
1083 1088 -0.866667
1084 1085 0.200000
1084 1086 0.066667
1084 1087 -0.066667
1084 1088 0.066667
1085 1093 -0.866667
1086 1094 2.333333
1087 1095 3.000000
1088 1096 -1.666667
1089 1093 1.000000
1089 1094 -0.733333
1089 1095 0.333333
1089 1096 0.733333
1090 1093 4.333333
1090 1094 -0.733333
1090 1095 -0.466667
1090 1096 2.333333
1091 1093 0.733333
1091 1094 -0.600000
1091 1095 -0.866667
1091 1096 0.333333
1092 1093 -4.333333
1092 1094 0.333333
1092 1095 -5.000000
1092 1096 -0.866667
1093 1101 1.666667
1094 1102 -0.733333
1095 1103 -0.466667
1096 1104 0.733333
1097 1101 -0.200000
1097 1102 0.866667
1097 1103 -1.000000
1097 1104 0.733333
1098 1101 -3.000000
1098 1102 -0.866667
1098 1103 3.666667
1098 1104 0.333333
1099 1101 -0.733333
1099 1102 0.466667
1099 1103 0.866667
1099 1104 0.066667
1100 1101 -5.000000
1100 1102 0.466667
1100 1103 -0.333333
1100 1104 0.466667
1101 1109 -0.066667
1102 1110 0.200000
1103 1111 -0.600000
1104 1112 -0.600000
1105 1109 1.000000
1105 1110 -0.600000
1105 1111 0.066667
1105 1112 -0.066667
1106 1109 0.866667
1106 1110 0.333333
1106 1111 1.000000
1106 1112 0.200000
1107 1109 0.733333
1107 1110 -0.600000
1107 1111 0.866667
1107 1112 0.333333
1108 1109 0.733333
1108 1110 -0.333333
1108 1111 0.600000
1108 1112 0.066667
1109 1117 0.733333
1110 1118 0.866667
1111 1119 0.200000
1112 1120 0.866667
1113 1117 0.333333
1113 1118 -0.066667
1113 1119 0.866667
1113 1120 0.200000
1114 1117 0.466667
1114 1118 -0.466667
1114 1119 -0.466667
1114 1120 0.600000
1115 1117 -1.000000
1115 1118 0.733333
1115 1119 0.066667
1115 1120 -0.466667
1116 1117 -0.866667
1116 1118 -1.000000
1116 1119 1.000000
1116 1120 1.000000
1117 1125 -0.333333
1118 1126 1.000000
1119 1127 -1.000000
1120 1128 -0.066667
1121 1125 -0.200000
1121 1126 0.200000
1121 1127 -0.466667
1121 1128 0.466667
1122 1125 -0.866667
1122 1126 -0.733333
1122 1127 -0.333333
1122 1128 0.733333
1123 1125 -0.600000
1123 1126 -0.733333
1123 1127 -0.866667
1123 1128 0.600000
1124 1125 1.000000
1124 1126 -0.066667
1124 1127 0.466667
1124 1128 -0.600000
1125 1133 -1.000000
1126 1134 -0.333333
1127 1135 0.066667
1128 1136 -0.866667
1129 1133 0.733333
1129 1134 0.200000
1129 1135 -0.733333
1129 1136 0.466667
1130 1133 -5.000000
1130 1134 0.600000
1130 1135 0.733333
1130 1136 -0.200000
1131 1133 -0.866667
1131 1134 -0.866667
1131 1135 0.066667
1131 1136 0.733333
1132 1133 0.866667
1132 1134 -0.333333
1132 1135 0.200000
1132 1136 -0.200000
1133 1141 -3.666667
1134 1142 2.333333
1135 1143 0.733333
1136 1144 -0.333333
1137 1141 0.066667
1137 1142 0.066667
1137 1143 0.333333
1137 1144 -0.466667
1138 1141 1.000000
1138 1142 1.000000
1138 1143 -0.600000
1138 1144 0.333333
1139 1141 0.866667
1139 1142 0.733333
1139 1143 -1.000000
1139 1144 -0.066667
1140 1141 0.066667
1140 1142 0.333333
1140 1143 0.600000
1140 1144 -5.000000
1141 1149 -2.333333
1142 1150 1.000000
1143 1151 -0.333333
1144 1152 -0.066667
1145 1149 -1.000000
1145 1150 0.466667
1145 1151 -0.200000
1145 1152 -3.000000
1146 1149 4.333333
1146 1150 0.333333
1146 1151 5.000000
1146 1152 0.333333
1147 1149 4.333333
1147 1150 -0.733333
1147 1151 4.333333
1147 1152 0.200000
1148 1149 -0.733333
1148 1150 0.466667
1148 1151 1.000000
1148 1152 -3.000000