#
1 1 0.013333
2 2 0.013333
3 3 0.093333
4 4 -0.120000
5 5 -0.146667
6 6 0.013333
7 7 0.013333
8 8 0.200000
9 9 0.040000
10 10 0.200000
11 11 -0.146667
12 12 -0.200000
13 13 -0.146667
14 14 -0.200000
15 15 0.146667
16 16 0.066667
17 17 -0.146667
18 18 -0.040000
19 19 0.120000
20 20 -0.173333
21 21 -0.173333
22 22 0.173333
23 23 -0.013333
24 24 0.066667
25 25 -0.013333
26 26 -0.066667
27 27 0.013333
28 28 -0.200000
29 29 -0.040000
30 30 0.173333
31 31 0.146667
32 32 0.146667
33 33 -0.040000
34 34 0.066667
35 35 -0.066667
36 36 0.040000
37 37 0.200000
38 38 0.066667
39 39 -0.040000
40 40 -0.040000
41 41 -0.040000
42 42 0.093333
43 43 -0.013333
44 44 -0.120000
45 45 0.173333
46 46 0.120000
47 47 0.040000
48 48 -0.066667
49 49 0.093333
50 50 0.040000
51 51 -0.040000
52 52 0.040000
53 53 -0.146667
54 54 0.093333
55 55 0.120000
56 56 0.093333
57 57 0.066667
58 58 -0.173333
59 59 0.173333
60 60 0.066667
61 61 0.120000
62 62 0.120000
63 63 -0.120000
64 64 0.120000
65 65 -0.146667
66 66 -0.066667
67 67 0.093333
68 68 0.146667
69 69 -0.066667
70 70 -0.173333
71 71 -0.093333
72 72 -0.200000
73 73 0.146667
74 74 -0.146667
75 75 -0.120000
76 76 0.093333
77 77 -0.146667
78 78 -0.040000
79 79 0.146667
80 80 -0.146667
81 81 0.200000
82 82 -0.013333
83 83 0.040000
84 84 0.013333
85 85 -0.120000
86 86 -0.173333
87 87 0.093333
88 88 0.040000
89 89 0.200000
90 90 0.066667
91 91 0.066667
92 92 -0.013333
93 93 0.093333
94 94 -0.173333
95 95 -0.200000
96 96 -0.040000
97 97 0.146667
98 98 0.200000
99 99 -0.200000
100 100 0.040000
101 101 -0.013333
102 102 0.200000
103 103 -0.066667
104 104 -0.093333
105 105 0.013333
106 106 -0.120000
107 107 -0.173333
108 108 0.093333
109 109 0.173333
110 110 0.040000
111 111 -0.093333
112 112 -0.093333
113 113 0.173333
114 114 0.146667
115 115 0.200000
116 116 -0.093333
117 117 0.013333
118 118 0.040000
119 119 -0.200000
120 120 -0.040000
121 121 0.013333
122 122 -0.173333
123 123 -0.173333
124 124 -0.173333
125 125 -0.013333
126 126 -0.146667
127 127 -0.013333
128 128 0.040000
129 129 -0.013333
130 130 0.146667
131 131 -0.066667
132 132 -0.066667
133 133 0.013333
134 134 0.173333
135 135 -0.173333
136 136 -0.093333
137 137 -0.120000
138 138 -0.066667
139 139 0.120000
140 140 -0.040000
141 141 0.013333
142 142 0.120000
143 143 0.200000
144 144 -0.146667
145 145 -0.200000
146 146 0.120000
147 147 0.040000
148 148 0.173333
149 149 0.093333
150 150 -0.146667
151 151 -0.013333
152 152 0.146667
153 153 -0.173333
154 154 0.040000
155 155 0.040000
156 156 -0.173333
157 157 0.040000
158 158 -0.040000
159 159 -0.173333
160 160 0.200000
161 161 0.013333
162 162 0.200000
163 163 0.173333
164 164 0.120000
165 165 -0.066667
166 166 -0.040000
167 167 0.200000
168 168 -0.200000
169 169 -0.173333
170 170 -0.120000
171 171 -0.013333
172 172 0.200000
173 173 0.120000
174 174 -0.040000
175 175 -0.200000
176 176 0.120000
177 177 -0.040000
178 178 0.173333
179 179 -0.013333
180 180 -0.013333
181 181 -0.013333
182 182 -0.093333
183 183 0.173333
184 184 -0.200000
185 185 -0.093333
186 186 0.146667
187 187 -0.200000
188 188 -0.013333
189 189 0.093333
190 190 0.040000
191 191 -0.200000
192 192 -0.013333
193 193 0.120000
194 194 -0.093333
195 195 0.093333
196 196 -0.120000
197 197 0.066667
198 198 0.066667
199 199 0.200000
200 200 0.066667
201 201 0.093333
202 202 0.146667
203 203 -0.200000
204 204 -0.040000
205 205 0.146667
206 206 0.040000
207 207 -0.013333
208 208 0.173333
209 209 0.013333
210 210 -0.093333
211 211 -0.013333
212 212 0.040000
213 213 -0.040000
214 214 -0.120000
215 215 -0.173333
216 216 0.146667
217 217 0.066667
218 218 0.093333
219 219 -0.066667
220 220 0.146667
221 221 0.146667
222 222 -0.040000
223 223 -0.013333
224 224 0.093333
225 225 0.173333
226 226 -0.200000
227 227 0.200000
228 228 -0.040000
229 229 -0.066667
230 230 0.200000
231 231 -0.120000
232 232 0.066667
233 233 -0.146667
234 234 -0.013333
235 235 0.093333
236 236 -0.173333
237 237 0.066667
238 238 0.066667
239 239 0.093333
240 240 -0.040000
241 241 -0.013333
242 242 -0.173333
243 243 0.066667
244 244 0.093333
245 245 -0.066667
246 246 0.040000
247 247 -0.120000
248 248 0.040000
249 249 0.120000
250 250 -0.013333
251 251 0.040000
252 252 -0.066667
253 253 -0.013333
254 254 0.146667
255 255 0.146667
256 256 0.013333
257 257 -0.093333
258 258 -0.013333
259 259 0.146667
260 260 -0.173333
261 261 -0.200000
262 262 -0.200000
263 263 -0.040000
264 264 0.200000
265 265 0.093333
266 266 0.040000
267 267 0.066667
268 268 0.173333
269 269 0.040000
270 270 0.200000
271 271 0.013333
272 272 0.200000
273 273 0.093333
274 274 -0.093333
275 275 -0.013333
276 276 -0.146667
277 277 0.040000
278 278 0.040000
279 279 0.093333
280 280 -0.013333
281 281 -0.040000
282 282 0.146667
283 283 -0.066667
284 284 0.066667
285 285 -0.146667
286 286 -0.173333
287 287 0.120000
288 288 0.093333
289 289 -0.120000
290 290 -0.040000
291 291 -0.066667
292 292 -0.120000
293 293 -0.093333
294 294 0.200000
295 295 -0.120000
296 296 0.040000
297 297 -0.013333
298 298 0.120000
299 299 -0.066667
300 300 -0.013333
301 301 -0.066667
302 302 0.120000
303 303 0.013333
304 304 0.066667
305 305 -0.200000
306 306 -0.066667
307 307 -0.120000
308 308 0.146667
309 309 -0.200000
310 310 0.200000
311 311 0.146667
312 312 -0.040000
313 313 -0.093333
314 314 0.093333
315 315 0.066667
316 316 0.120000
317 317 0.040000
318 318 -0.146667
319 319 0.013333
320 320 -0.040000
321 321 -0.120000
322 322 0.040000
323 323 0.120000
324 324 -0.146667
325 325 -0.120000
326 326 0.093333
327 327 -0.093333
328 328 -0.093333
329 329 0.146667
330 330 0.146667
331 331 0.200000
332 332 -0.013333
333 333 0.093333
334 334 -0.146667
335 335 0.200000
336 336 -0.120000
337 337 0.146667
338 338 0.093333
339 339 0.093333
340 340 0.173333
341 341 0.040000
342 342 0.040000
343 343 -0.200000
344 344 0.040000
345 345 0.013333
346 346 0.066667
347 347 0.120000
348 348 0.066667
349 349 0.040000
350 350 -0.200000
351 351 -0.040000
352 352 0.120000
353 353 0.013333
354 354 -0.066667
355 355 0.173333
356 356 0.120000
357 357 -0.066667
358 358 -0.040000
359 359 -0.013333
360 360 0.173333
361 361 -0.066667
362 362 -0.146667
363 363 -0.013333
364 364 0.066667
365 365 -0.120000
366 366 0.093333
367 367 0.066667
368 368 0.013333
369 369 0.040000
370 370 -0.093333
371 371 0.093333
372 372 0.040000
373 373 -0.146667
374 374 -0.173333
375 375 -0.173333
376 376 0.093333
377 377 -0.200000
378 378 -0.066667
379 379 -0.146667
380 380 0.040000
381 381 0.040000
382 382 -0.173333
383 383 -0.200000
384 384 -0.013333
385 385 0.066667
386 386 0.093333
387 387 -0.093333
388 388 -0.093333
389 389 -0.093333
390 390 0.013333
391 391 -0.173333
392 392 0.066667
393 393 -0.093333
394 394 0.120000
395 395 -0.200000
396 396 -0.146667
397 397 -0.093333
398 398 -0.200000
399 399 0.200000
400 400 -0.066667
401 401 0.040000
402 402 -0.173333
403 403 -0.146667
404 404 0.066667
405 405 -0.013333
406 406 -0.040000
407 407 0.173333
408 408 -0.120000
409 409 0.146667
410 410 0.146667
411 411 -0.040000
412 412 0.040000
413 413 0.066667
414 414 -0.173333
415 415 -0.200000
416 416 -0.040000
417 417 0.013333
418 418 0.173333
419 419 0.146667
420 420 -0.013333
421 421 -0.066667
422 422 -0.200000
423 423 -0.013333
424 424 0.120000
425 425 -0.013333
426 426 -0.066667
427 427 -0.173333
428 428 -0.093333
429 429 -0.146667
430 430 0.013333
431 431 -0.066667
432 432 0.066667
433 433 0.146667
434 434 0.173333
435 435 0.200000
436 436 -0.093333
437 437 -0.040000
438 438 0.093333
439 439 -0.013333
440 440 0.200000
441 441 -0.066667
442 442 -0.040000
443 443 -0.173333
444 444 0.120000
445 445 -0.120000
446 446 -0.013333
447 447 0.093333
448 448 0.040000
449 449 -0.093333
450 450 -0.146667
451 451 -0.120000
452 452 -0.120000
453 453 0.173333
454 454 -0.173333
455 455 -0.120000
456 456 -0.013333
457 457 -0.200000
458 458 -0.040000
459 459 0.146667
460 460 0.013333
461 461 -0.066667
462 462 0.066667
463 463 -0.093333
464 464 -0.040000
465 465 0.066667
466 466 0.120000
467 467 0.146667
468 468 0.173333
469 469 0.200000
470 470 -0.013333
471 471 0.093333
472 472 -0.066667
473 473 0.093333
474 474 0.040000
475 475 0.120000
476 476 0.146667
477 477 0.066667
478 478 0.093333
479 479 -0.066667
480 480 0.200000
481 481 -0.093333
482 482 -0.013333
483 483 0.173333
484 484 -0.093333
485 485 0.066667
486 486 0.120000
487 487 0.120000
488 488 -0.173333
489 489 -0.200000
490 490 -0.093333
491 491 -0.146667
492 492 0.146667
493 493 0.040000
494 494 0.200000
495 495 0.066667
496 496 0.200000
497 497 0.120000
498 498 -0.066667
499 499 0.013333
500 500 0.013333
501 501 -0.093333
502 502 -0.173333
503 503 -0.200000
504 504 0.146667
505 505 -0.120000
506 506 -0.173333
507 507 0.093333
508 508 -0.200000
509 509 -0.120000
510 510 0.066667
511 511 -0.013333
512 512 -0.200000
513 513 -0.066667
514 514 -0.200000
515 515 0.013333
516 516 -0.120000
517 517 0.146667
518 518 0.200000
519 519 -0.173333
520 520 -0.120000
521 521 0.093333
522 522 -0.040000
523 523 -0.013333
524 524 0.200000
525 525 -0.013333
526 526 0.120000
527 527 -0.013333
528 528 -0.066667
529 529 -0.040000
530 530 -0.120000
531 531 0.066667
532 532 0.200000
533 533 0.173333
534 534 -0.040000
535 535 -0.013333
536 536 -0.146667
537 537 -0.146667
538 538 -0.146667
539 539 -0.146667
540 540 -0.093333
541 541 0.013333
542 542 0.146667
543 543 -0.013333
544 544 -0.173333
545 545 -0.093333
546 546 0.146667
547 547 0.066667
548 548 0.120000
549 549 0.146667
550 550 0.093333
551 551 0.146667
552 552 -0.146667
553 553 -0.146667
554 554 -0.146667
555 555 -0.146667
556 556 -0.066667
557 557 -0.120000
558 558 -0.173333
559 559 0.120000
560 560 0.120000
561 561 0.040000
562 562 0.200000
563 563 -0.040000
564 564 -0.093333
565 565 -0.173333
566 566 -0.013333
567 567 -0.066667
568 568 -0.093333
569 569 0.013333
570 570 -0.120000
571 571 0.066667
572 572 0.093333
573 573 0.146667
574 574 -0.013333
575 575 -0.173333
576 576 -0.200000
577 577 0.040000
578 578 0.013333
579 579 0.093333
580 580 -0.013333
581 581 -0.093333
582 582 -0.040000
583 583 -0.013333
584 584 -0.093333
585 585 0.013333
586 586 -0.066667
587 587 -0.146667
588 588 0.066667
589 589 0.120000
590 590 -0.066667
591 591 -0.066667
592 592 -0.120000
593 593 0.066667
594 594 -0.040000
595 595 0.146667
596 596 0.173333
597 597 0.146667
598 598 -0.040000
599 599 -0.173333
600 600 0.093333
601 601 0.173333
602 602 0.013333
603 603 -0.013333
604 604 0.040000
605 605 0.066667
606 606 0.146667
607 607 0.120000
608 608 -0.066667
609 609 -0.093333
610 610 -0.146667
611 611 -0.066667
612 612 0.093333
613 613 0.066667
614 614 -0.173333
615 615 -0.093333
616 616 0.040000
617 617 -0.093333
618 618 -0.066667
619 619 0.013333
620 620 -0.066667
621 621 0.066667
622 622 -0.173333
623 623 -0.146667
624 624 -0.173333
625 625 -0.120000
626 626 -0.120000
627 627 -0.093333
628 628 -0.066667
629 629 0.146667
630 630 0.013333
631 631 -0.173333
632 632 -0.200000
633 633 0.173333
634 634 0.066667
635 635 0.120000
636 636 0.013333
637 637 0.173333
638 638 0.013333
639 639 0.200000
640 640 -0.146667
641 641 -0.093333
642 642 -0.013333
643 643 -0.146667
644 644 0.200000
645 645 0.173333
646 646 0.146667
647 647 0.146667
648 648 -0.173333
649 649 -0.173333
650 650 0.120000
651 651 0.040000
652 652 0.013333
653 653 -0.146667
654 654 0.093333
655 655 -0.066667
656 656 0.040000
657 657 -0.173333
658 658 0.120000
659 659 -0.093333
660 660 -0.173333
661 661 0.066667
662 662 0.066667
663 663 0.040000
664 664 -0.200000
665 665 -0.120000
666 666 0.040000
667 667 -0.120000
668 668 0.200000
669 669 0.120000
670 670 -0.120000
671 671 0.200000
672 672 0.120000
673 673 0.013333
674 674 -0.040000
675 675 -0.173333
676 676 0.066667
677 677 0.173333
678 678 -0.066667
679 679 -0.120000
680 680 0.093333
681 681 0.173333
682 682 0.066667
683 683 0.200000
684 684 0.173333
685 685 0.066667
686 686 -0.200000
687 687 -0.066667
688 688 -0.093333
689 689 -0.200000
690 690 -0.093333
691 691 -0.173333
692 692 -0.120000
693 693 0.013333
694 694 0.040000
695 695 -0.040000
696 696 -0.173333
697 697 -0.146667
698 698 0.200000
699 699 0.093333
700 700 -0.146667
701 701 -0.040000
702 702 0.093333
703 703 0.120000
704 704 0.066667
705 705 0.146667
706 706 -0.120000
707 707 -0.173333
708 708 0.200000
709 709 -0.120000
710 710 -0.120000
711 711 0.146667
712 712 -0.066667
713 713 0.200000
714 714 -0.173333
715 715 -0.173333
716 716 0.173333
717 717 -0.066667
718 718 0.040000
719 719 0.040000
720 720 -0.173333
721 721 0.120000
722 722 -0.200000
723 723 0.093333
724 724 -0.146667
725 725 0.120000
726 726 0.200000
727 727 0.066667
728 728 0.120000
729 729 -0.146667
730 730 0.040000
731 731 0.120000
732 732 -0.200000
733 733 0.093333
734 734 -0.200000
735 735 0.200000
736 736 0.093333
737 737 0.066667
738 738 0.093333
739 739 -0.093333
740 740 0.120000
741 741 -0.013333
742 742 -0.173333
743 743 0.040000
744 744 0.146667
745 745 0.093333
746 746 -0.146667
747 747 -0.093333
748 748 0.146667
749 749 0.013333
750 750 -0.040000
751 751 -0.093333
752 752 0.040000
753 753 -0.093333
754 754 0.173333
755 755 -0.040000
756 756 -0.146667
757 757 -0.173333
758 758 -0.120000
759 759 -0.173333
760 760 -0.013333
761 761 0.200000
762 762 -0.200000
763 763 -0.040000
764 764 -0.066667
765 765 -0.013333
766 766 -0.040000
767 767 0.146667
768 768 -0.200000
769 769 0.146667
770 770 0.146667
771 771 0.146667
772 772 0.093333
773 773 0.173333
774 774 0.093333
775 775 -0.093333
776 776 -0.066667
777 777 0.146667
778 778 -0.040000
779 779 0.040000
780 780 -0.066667
781 781 -0.040000
782 782 0.173333
783 783 -0.093333
784 784 0.040000
785 785 0.066667
786 786 -0.173333
787 787 0.146667
788 788 -0.040000
789 789 -0.173333
790 790 0.120000
791 791 0.200000
792 792 -0.040000
793 793 -0.066667
794 794 -0.146667
795 795 -0.120000
796 796 -0.120000
797 797 -0.066667
798 798 -0.120000
799 799 0.173333
800 800 -0.066667
801 801 -0.173333
802 802 0.146667
803 803 -0.173333
804 804 -0.093333
805 805 -0.200000
806 806 0.040000
807 807 -0.173333
808 808 0.200000
809 809 -0.013333
810 810 0.146667
811 811 0.066667
812 812 -0.013333
813 813 -0.066667
814 814 0.013333
815 815 0.013333
816 816 -0.200000
817 817 0.093333
818 818 0.173333
819 819 0.013333
820 820 -0.093333
821 821 -0.146667
822 822 0.040000
823 823 -0.013333
824 824 -0.120000
825 825 -0.040000
826 826 -0.066667
827 827 0.013333
828 828 0.146667
829 829 -0.173333
830 830 -0.200000
831 831 -0.013333
832 832 -0.093333
833 833 0.093333
834 834 0.066667
835 835 -0.173333
836 836 -0.066667
837 837 0.200000
838 838 0.146667
839 839 0.120000
840 840 -0.093333
841 841 -0.173333
842 842 -0.120000
843 843 0.013333
844 844 0.146667
845 845 -0.120000
846 846 -0.173333
847 847 0.066667
848 848 -0.066667
849 849 -0.146667
850 850 0.040000
851 851 0.173333
852 852 0.093333
853 853 0.200000
854 854 0.040000
855 855 -0.066667
856 856 0.013333
857 857 -0.040000
858 858 0.093333
859 859 0.146667
860 860 -0.093333
861 861 0.120000
862 862 -0.200000
863 863 0.120000
864 864 -0.173333
865 865 0.040000
866 866 -0.013333
867 867 -0.040000
868 868 0.013333
869 869 0.066667
870 870 -0.093333
871 871 0.120000
872 872 -0.093333
873 873 -0.200000
874 874 0.013333
875 875 -0.066667
876 876 0.173333
877 877 0.013333
878 878 0.200000
879 879 0.173333
880 880 0.200000
881 881 0.040000
882 882 -0.200000
883 883 0.146667
884 884 -0.146667
885 885 -0.040000
886 886 -0.120000
887 887 0.120000
888 888 -0.093333
889 889 -0.093333
890 890 -0.146667
891 891 -0.040000
892 892 -0.146667
893 893 0.013333
894 894 -0.093333
895 895 -0.146667
896 896 -0.173333
897 897 0.066667
898 898 0.013333
899 899 -0.040000
900 900 -0.013333
901 901 -0.146667
902 902 -0.093333
903 903 0.040000
904 904 -0.173333
905 905 0.120000
906 906 0.146667
907 907 0.173333
908 908 0.146667
909 909 0.013333
910 910 0.120000
911 911 0.173333
912 912 -0.120000
913 913 -0.120000
914 914 0.066667
915 915 0.146667
916 916 -0.066667
917 917 -0.040000
918 918 0.200000
919 919 0.040000
920 920 0.040000
921 921 0.173333
922 922 0.066667
923 923 -0.146667
924 924 0.200000
925 925 0.013333
926 926 0.120000
927 927 0.040000
928 928 -0.093333
929 929 -0.173333
930 930 0.040000
931 931 0.093333
932 932 -0.066667
933 933 0.040000
934 934 0.013333
935 935 0.013333
936 936 0.120000
937 937 0.013333
938 938 -0.066667
939 939 0.146667
940 940 0.040000
941 941 -0.093333
942 942 -0.066667
943 943 -0.146667
944 944 0.200000
945 945 0.040000
946 946 0.040000
947 947 -0.093333
948 948 -0.013333
949 949 0.040000
950 950 0.120000
951 951 0.093333
952 952 0.120000
953 953 0.120000
954 954 -0.013333
955 955 -0.120000
956 956 0.200000
957 957 -0.040000
958 958 0.093333
959 959 -0.066667
960 960 -0.066667
961 961 -0.120000
962 962 -0.093333
963 963 0.093333
964 964 0.066667
965 965 -0.200000
966 966 -0.013333
967 967 -0.200000
968 968 -0.173333
969 969 0.120000
970 970 0.093333
971 971 0.146667
972 972 0.120000
973 973 0.093333
974 974 0.120000
975 975 0.040000
976 976 0.146667
977 977 0.173333
978 978 0.200000
979 979 0.120000
980 980 -0.173333
981 981 0.040000
982 982 -0.013333
983 983 -0.093333
984 984 0.093333
985 985 -0.120000
986 986 -0.066667
987 987 -0.200000
988 988 0.093333
989 989 -0.093333
990 990 -0.146667
991 991 0.173333
992 992 0.040000
993 993 -0.200000
994 994 0.200000
995 995 0.173333
996 996 -0.013333
997 997 0.200000
998 998 0.200000
999 999 0.093333
1000 1000 0.093333
1001 1001 -0.173333
1002 1002 -0.173333
1003 1003 -0.066667
1004 1004 0.200000
1005 1005 0.013333
1006 1006 0.120000
1007 1007 0.173333
1008 1008 0.013333
1009 1009 0.093333
1010 1010 0.146667
1011 1011 0.173333
1012 1012 -0.146667
1013 1013 -0.173333
1014 1014 -0.200000
1015 1015 0.200000
1016 1016 -0.200000
1017 1017 0.013333
1018 1018 0.120000
1019 1019 -0.173333
1020 1020 0.093333
1021 1021 0.173333
1022 1022 0.013333
1023 1023 -0.200000
1024 1024 -0.173333
1025 1025 -0.120000
1026 1026 -0.120000
1027 1027 0.200000
1028 1028 0.013333
1029 1029 0.093333
1030 1030 -0.173333
1031 1031 0.146667
1032 1032 0.040000
1033 1033 0.013333
1034 1034 0.146667
1035 1035 -0.066667
1036 1036 0.120000
1037 1037 0.173333
1038 1038 0.200000
1039 1039 -0.173333
1040 1040 0.146667
1041 1041 0.013333
1042 1042 -0.013333
1043 1043 0.146667
1044 1044 0.146667
1045 1045 -0.173333
1046 1046 0.173333
1047 1047 -0.120000
1048 1048 0.066667
1049 1049 -0.146667
1050 1050 -0.093333
1051 1051 -0.040000
1052 1052 -0.120000
1053 1053 0.146667
1054 1054 -0.200000
1055 1055 0.200000
1056 1056 -0.040000
1057 1057 -0.040000
1058 1058 -0.093333
1059 1059 -0.013333
1060 1060 0.013333
1061 1061 0.146667
1062 1062 -0.120000
1063 1063 0.040000
1064 1064 0.146667
1065 1065 -0.093333
1066 1066 -0.093333
1067 1067 0.200000
1068 1068 -0.040000
1069 1069 -0.120000
1070 1070 0.040000
1071 1071 0.066667
1072 1072 -0.120000
1073 1073 -0.120000
1074 1074 0.200000
1075 1075 -0.120000
1076 1076 0.146667
1077 1077 0.040000
1078 1078 0.093333
1079 1079 0.120000
1080 1080 -0.040000
1081 1081 0.066667
1082 1082 0.200000
1083 1083 0.200000
1084 1084 -0.013333
1085 1085 -0.120000
1086 1086 -0.066667
1087 1087 0.200000
1088 1088 0.146667
1089 1089 0.093333
1090 1090 0.146667
1091 1091 -0.013333
1092 1092 -0.200000
1093 1093 -0.013333
1094 1094 -0.146667
1095 1095 0.040000
1096 1096 -0.146667
1097 1097 0.173333
1098 1098 -0.200000
1099 1099 0.093333
1100 1100 0.040000
1101 1101 -0.120000
1102 1102 -0.200000
1103 1103 0.013333
1104 1104 0.040000
1105 1105 -0.093333
1106 1106 0.093333
1107 1107 -0.013333
1108 1108 -0.040000
1109 1109 0.013333
1110 1110 0.093333
1111 1111 -0.040000
1112 1112 -0.146667
1113 1113 0.146667
1114 1114 -0.200000
1115 1115 0.013333
1116 1116 -0.120000
1117 1117 0.066667
1118 1118 0.066667
1119 1119 -0.093333
1120 1120 -0.066667
1121 1121 -0.200000
1122 1122 -0.093333
1123 1123 0.173333
1124 1124 -0.066667
1125 1125 0.066667
1126 1126 -0.200000
1127 1127 0.013333
1128 1128 -0.173333
1129 1129 0.200000
1130 1130 -0.120000
1131 1131 -0.146667
1132 1132 0.146667
1133 1133 0.013333
1134 1134 0.066667
1135 1135 0.040000
1136 1136 -0.200000
1137 1137 -0.146667
1138 1138 0.173333
1139 1139 0.173333
1140 1140 0.173333
1141 1141 -0.013333
1142 1142 0.146667
1143 1143 0.093333
1144 1144 0.146667
1145 1145 -0.040000
1146 1146 0.146667
1147 1147 -0.173333
1148 1148 -0.093333
1149 1149 -0.013333
1150 1150 0.120000
1151 1151 -0.146667
1152 1152 -0.013333
1 5 0.200000
1 6 -0.866667
1 7 -1.000000
1 8 0.333333
1 97 -0.200000
2 5 0.066667
2 6 -0.866667
2 7 0.733333
2 8 0.866667
2 98 0.200000
3 5 -0.866667
3 6 4.333333
3 7 0.600000
3 8 -0.333333
3 99 -0.466667
4 5 -1.000000
4 6 0.466667
4 7 0.200000
4 8 0.733333
4 100 -0.866667
5 13 1.000000
6 14 0.066667
7 15 -0.200000
8 16 0.866667
9 13 0.066667
9 14 -1.000000
9 15 0.466667
9 16 0.466667
9 105 -0.333333
10 13 -4.333333
10 14 -0.333333
10 15 0.333333
10 16 0.333333
10 106 3.666667
11 13 -1.666667
11 14 0.733333
11 15 -0.866667
11 16 0.600000
11 107 -0.733333
12 13 0.733333
12 14 -1.000000
12 15 3.666667
12 16 0.466667
12 108 -5.000000
13 21 -1.000000
14 22 -0.066667
15 23 0.066667
16 24 1.000000
17 21 -0.866667
17 22 0.466667
17 23 0.333333
17 24 0.866667
17 113 -0.466667
18 21 0.600000
18 22 -0.333333
18 23 0.066667
18 24 -0.466667
18 114 -0.600000
19 21 -1.000000
19 22 0.733333
19 23 0.333333
19 24 -0.733333
19 115 -0.866667
20 21 -0.066667
20 22 -0.066667
20 23 -0.866667
20 24 -0.066667
20 116 0.733333
21 29 1.000000
22 30 1.000000
23 31 -0.466667
24 32 -0.466667
25 29 0.733333
25 30 0.466667
25 31 -0.333333
25 32 -0.600000
25 121 -0.466667
26 29 -0.066667
26 30 -0.866667
26 31 -0.333333
26 32 0.466667
26 122 -0.466667
27 29 -1.000000
27 30 -0.733333
27 31 1.000000
27 32 -1.000000
27 123 -5.000000
28 29 3.000000
28 30 -0.600000
28 31 -0.333333
28 32 -0.733333
28 124 -0.333333
29 37 0.866667
30 38 -1.000000
31 39 0.066667
32 40 0.466667
33 37 -1.000000
33 38 -0.600000
33 39 0.866667
33 40 -1.000000
33 129 0.066667
34 37 0.200000
34 38 -0.333333
34 39 0.733333
34 40 0.066667
34 130 0.466667
35 37 -0.066667
35 38 -0.733333
35 39 0.066667
35 40 0.066667
35 131 0.066667
36 37 0.866667
36 38 -0.200000
36 39 -0.466667
36 40 5.000000
36 132 -0.866667
37 45 0.200000
38 46 -1.000000
39 47 -1.000000
40 48 1.000000
41 45 -0.333333
41 46 0.066667
41 47 -0.600000
41 48 0.733333
41 137 0.333333
42 45 -0.200000
42 46 -0.600000
42 47 0.600000
42 48 0.333333
42 138 -1.000000
43 45 -0.466667
43 46 -0.200000
43 47 -1.000000
43 48 0.466667
43 139 -0.866667
44 45 0.200000
44 46 -0.066667
44 47 0.466667
44 48 0.600000
44 140 0.200000
45 53 -0.866667
46 54 0.866667
47 55 -1.000000
48 56 0.600000
49 53 -1.000000
49 54 -0.333333
49 55 0.333333
49 56 -0.733333
49 145 0.866667
50 53 -0.200000
50 54 -0.866667
50 55 1.000000
50 56 -0.333333
50 146 4.333333
51 53 0.333333
51 54 -4.333333
51 55 1.000000
51 56 0.733333
51 147 -0.333333
52 53 0.333333
52 54 0.866667
52 55 -0.066667
52 56 -0.866667
52 148 -0.600000
53 61 0.333333
54 62 -0.066667
55 63 -0.733333
56 64 0.466667
57 61 1.000000
57 62 0.066667
57 63 -0.066667
57 64 -0.733333
57 153 0.733333
58 61 0.866667
58 62 1.000000
58 63 0.333333
58 64 0.066667
58 154 0.200000
59 61 -0.600000
59 62 3.666667
59 63 -1.000000
59 64 -1.666667
59 155 -0.200000
60 61 0.733333
60 62 -0.333333
60 63 -0.200000
60 64 0.200000
60 156 -1.000000
61 69 -0.600000
62 70 -0.600000
63 71 0.466667
64 72 -0.333333
65 69 0.333333
65 70 0.466667
65 71 3.000000
65 72 -4.333333
65 161 -0.066667
66 69 -0.866667
66 70 0.333333
66 71 1.000000
66 72 -0.333333
66 162 -0.333333
67 69 0.866667
67 70 0.733333
67 71 0.733333
67 72 -0.200000
67 163 -0.066667
68 69 0.466667
68 70 0.333333
68 71 0.333333
68 72 -0.866667
68 164 -0.066667
69 77 -0.066667
70 78 -0.200000
71 79 0.600000
72 80 1.666667
73 77 1.666667
73 78 -2.333333
73 79 -0.333333
73 80 -3.000000
73 169 -1.000000
74 77 -0.600000
74 78 -0.866667
74 79 3.666667
74 80 -4.333333
74 170 -0.733333
75 77 4.333333
75 78 -0.200000
75 79 1.000000
75 80 0.600000
75 171 -1.000000
76 77 -1.666667
76 78 0.600000
76 79 -0.600000
76 80 2.333333
76 172 -0.866667
77 85 -0.466667
78 86 0.600000
79 87 -0.733333
80 88 3.666667
81 85 2.333333
81 86 -4.333333
81 87 -0.733333
81 88 -0.733333
81 177 -1.000000
82 85 -0.466667
82 86 3.666667
82 87 -0.333333
82 88 3.000000
82 178 1.000000
83 85 1.000000
83 86 0.466667
83 87 -5.000000
83 88 3.666667
83 179 -0.600000
84 85 0.466667
84 86 -0.333333
84 87 -0.333333
84 88 0.866667
84 180 0.600000
85 93 -0.333333
86 94 0.333333
87 95 0.333333
88 96 -1.666667
89 93 0.200000
89 94 0.333333
89 95 -1.000000
89 96 -0.733333
89 185 -0.600000
90 93 -1.000000
90 94 0.733333
90 95 0.466667
90 96 0.466667
90 186 -0.066667
91 93 0.066667
91 94 0.333333
91 95 -1.000000
91 96 -0.200000
91 187 -0.200000
92 93 1.000000
92 94 -0.066667
92 95 0.733333
92 96 0.333333
92 188 -0.066667
97 101 -0.466667
97 102 1.000000
97 103 0.333333
97 104 -0.333333
97 193 0.066667
98 101 0.333333
98 102 -0.733333
98 103 0.200000
98 104 -0.733333
98 194 0.866667
99 101 0.200000
99 102 0.066667
99 103 1.000000
99 104 -0.600000
99 195 0.466667
100 101 -0.333333
100 102 0.866667
100 103 0.733333
100 104 0.600000
100 196 0.733333
101 109 0.866667
102 110 0.866667
103 111 1.000000
104 112 -0.600000
105 109 0.466667
105 110 0.200000
105 111 3.666667
105 112 0.066667
105 201 -0.866667
106 109 0.333333
106 110 -0.066667
106 111 3.000000
106 112 -0.733333
106 202 -0.200000
107 109 -0.866667
107 110 -0.066667
107 111 0.600000
107 112 -0.333333
107 203 -0.866667
108 109 3.666667
108 110 -0.600000
108 111 3.000000
108 112 1.000000
108 204 -0.866667
109 117 -0.333333
110 118 0.866667
111 119 0.866667
112 120 -0.466667
113 117 -1.666667
113 118 -2.333333
113 119 1.666667
113 120 0.066667
113 209 0.866667
114 117 -0.333333
114 118 0.866667
114 119 -0.600000
114 120 1.000000
114 210 1.666667
115 117 -0.600000
115 118 0.866667
115 119 -0.200000
115 120 0.333333
115 211 -3.666667
116 117 -1.000000
116 118 -0.066667
116 119 0.866667
116 120 0.466667
116 212 -0.066667
117 125 5.000000
118 126 -0.333333
119 127 0.333333
120 128 -1.000000
121 125 0.600000
121 126 0.733333
121 127 0.733333
121 128 0.600000
121 217 -0.333333
122 125 -0.600000
122 126 1.000000
122 127 -0.600000
122 128 0.733333
122 218 -0.333333
123 125 -0.200000
123 126 0.200000
123 127 0.066667
123 128 0.600000
123 219 0.066667
124 125 5.000000
124 126 0.200000
124 127 -0.066667
124 128 -0.600000
124 220 3.000000
125 133 1.666667
126 134 0.600000
127 135 -0.733333
128 136 0.733333
129 133 0.333333
129 134 -0.466667
129 135 0.866667
129 136 0.600000
129 225 -1.000000
130 133 0.333333
130 134 -0.466667
130 135 0.866667
130 136 0.600000
130 226 1.000000
131 133 -0.733333
131 134 -0.600000
131 135 0.333333
131 136 0.333333
131 227 0.866667
132 133 -2.333333
132 134 -0.466667
132 135 -0.600000
132 136 -0.333333
132 228 -0.600000
133 141 -3.000000
134 142 0.333333
135 143 -0.066667
136 144 0.866667
137 141 3.000000
137 142 -0.466667
137 143 -0.866667
137 144 4.333333
137 233 0.600000
138 141 1.666667
138 142 -0.066667
138 143 -0.466667
138 144 1.000000
138 234 -0.333333
139 141 0.333333
139 142 -0.600000
139 143 0.200000
139 144 0.600000
139 235 0.600000
140 141 3.666667
140 142 0.066667
140 143 -1.666667
140 144 -0.733333
140 236 -1.000000
141 149 -0.333333
142 150 4.333333
143 151 0.733333
144 152 -1.000000
145 149 1.000000
145 150 -1.000000
145 151 1.000000
145 152 -0.733333
145 241 0.066667
146 149 0.200000
146 150 -0.866667
146 151 0.866667
146 152 4.333333
146 242 0.333333
147 149 -1.666667
147 150 -3.666667
147 151 -0.866667
147 152 -3.666667
147 243 1.666667
148 149 -0.466667
148 150 -0.333333
148 151 -0.866667
148 152 -1.000000
148 244 5.000000
149 157 -3.666667
150 158 -1.666667
151 159 -0.200000
152 160 0.733333
153 157 0.866667
153 158 -0.466667
153 159 1.000000
153 160 1.000000
153 249 0.866667
154 157 0.466667
154 158 0.600000
154 159 0.866667
154 160 1.000000
154 250 1.000000
155 157 0.333333
155 158 0.200000
155 159 0.600000
155 160 0.466667
155 251 0.733333
156 157 0.200000
156 158 0.333333
156 159 -0.066667
156 160 -0.600000
156 252 -0.333333
157 165 -3.666667
158 166 -0.600000
159 167 -0.333333
160 168 -1.000000
161 165 -5.000000
161 166 -0.600000
161 167 0.200000
161 168 3.666667
161 257 1.000000
162 165 0.866667
162 166 -0.333333
162 167 -1.000000
162 168 1.000000
162 258 0.866667
163 165 -0.733333
163 166 -0.866667
163 167 -0.600000
163 168 0.733333
163 259 0.333333
164 165 0.200000
164 166 1.000000
164 167 -0.733333
164 168 -0.600000
164 260 0.333333
165 173 -0.733333
166 174 -0.600000
167 175 -1.000000
168 176 -0.200000
169 173 0.200000
169 174 0.333333
169 175 0.066667
169 176 0.066667
169 265 0.600000
170 173 -0.333333
170 174 -0.466667
170 175 -0.200000
170 176 -1.000000
170 266 0.200000
171 173 -0.600000
171 174 -0.733333
171 175 1.000000
171 176 0.200000
171 267 -0.466667
172 173 -0.066667
172 174 -0.866667
172 175 -0.333333
172 176 -0.600000
172 268 0.200000
173 181 0.333333
174 182 -1.666667
175 183 -0.466667
176 184 0.600000
177 181 -0.866667
177 182 -0.600000
177 183 0.733333
177 184 0.066667
177 273 -0.866667
178 181 0.466667
178 182 -0.466667
178 183 0.333333
178 184 0.466667
178 274 -0.600000
179 181 -0.333333
179 182 0.466667
179 183 0.866667
179 184 0.866667
179 275 0.866667
180 181 -0.200000
180 182 1.000000
180 183 0.600000
180 184 0.333333
180 276 -0.466667
181 189 0.200000
182 190 2.333333
183 191 -1.000000
184 192 -0.333333
185 189 -0.066667
185 190 -0.600000
185 191 0.066667
185 192 0.466667
185 281 0.200000
186 189 -0.600000
186 190 0.866667
186 191 0.733333
186 192 0.466667
186 282 0.600000
187 189 0.733333
187 190 1.000000
187 191 0.600000
187 192 -0.200000
187 283 0.866667
188 189 -0.066667
188 190 0.200000
188 191 -0.866667
188 192 -0.466667
188 284 0.600000
193 197 0.733333
193 198 -0.066667
193 199 0.066667
193 200 -0.200000
193 289 5.000000
194 197 -1.000000
194 198 -1.000000
194 199 0.866667
194 200 0.333333
194 290 -0.200000
195 197 3.666667
195 198 -1.000000
195 199 -0.466667
195 200 0.200000
195 291 0.866667
196 197 0.333333
196 198 -0.333333
196 199 0.066667
196 200 1.000000
196 292 -1.000000
197 205 5.000000
198 206 -0.066667
199 207 -0.866667
200 208 0.066667
201 205 -4.333333
201 206 -0.066667
201 207 -3.666667
201 208 0.066667
201 297 -0.733333
202 205 -0.466667
202 206 0.333333
202 207 0.333333
202 208 -0.066667
202 298 -0.066667
203 205 -1.000000
203 206 1.000000
203 207 -5.000000
203 208 -0.600000
203 299 -1.000000
204 205 -1.666667
204 206 -1.000000
204 207 -0.333333
204 208 -1.000000
204 300 -1.000000
205 213 -3.000000
206 214 -1.666667
207 215 0.200000
208 216 -1.000000
209 213 0.866667
209 214 -0.066667
209 215 -0.600000
209 216 0.066667
209 305 0.600000
210 213 -1.000000
210 214 2.333333
210 215 -0.066667
210 216 1.666667
210 306 -1.000000
211 213 0.466667
211 214 0.466667
211 215 -1.000000
211 216 -1.000000
211 307 -1.666667
212 213 0.600000
212 214 -0.333333
212 215 -0.600000
212 216 -0.466667
212 308 -0.733333
213 221 -0.866667
214 222 -0.466667
215 223 -3.000000
216 224 5.000000
217 221 -0.066667
217 222 -0.733333
217 223 0.866667
217 224 0.600000
217 313 -0.600000
218 221 0.066667
218 222 0.066667
218 223 -1.000000
218 224 -0.733333
218 314 -0.200000
219 221 1.000000
219 222 -0.733333
219 223 0.733333
219 224 -0.866667
219 315 -0.066667
220 221 0.866667
220 222 -0.333333
220 223 -1.000000
220 224 -0.733333
220 316 0.733333
221 229 -0.866667
222 230 -0.466667
223 231 -0.200000
224 232 -1.000000
225 229 -0.600000
225 230 -3.000000
225 231 3.000000
225 232 -0.733333
225 321 -0.066667
226 229 -0.733333
226 230 0.066667
226 231 -0.466667
226 232 -0.333333
226 322 1.000000
227 229 0.333333
227 230 0.066667
227 231 3.000000
227 232 0.333333
227 323 0.066667
228 229 -5.000000
228 230 0.866667
228 231 -0.066667
228 232 0.200000
228 324 -0.200000
229 237 0.466667
230 238 -0.866667
231 239 -0.066667
232 240 -0.066667
233 237 0.600000
233 238 -0.866667
233 239 -0.333333
233 240 -0.333333
233 329 0.066667
234 237 0.200000
234 238 0.733333
234 239 0.733333
234 240 -0.066667
234 330 -0.333333
235 237 0.200000
235 238 0.066667
235 239 0.466667
235 240 0.733333
235 331 -0.733333
236 237 -1.000000
236 238 -1.000000
236 239 -0.333333
236 240 0.466667
236 332 -1.000000
237 245 1.666667
238 246 -0.333333
239 247 0.466667
240 248 0.333333
241 245 0.333333
241 246 0.866667
241 247 0.866667
241 248 0.733333
241 337 0.600000
242 245 0.600000
242 246 0.466667
242 247 0.200000
242 248 0.066667
242 338 -0.733333
243 245 0.866667
243 246 0.333333
243 247 -0.733333
243 248 0.333333
243 339 0.733333
244 245 -4.333333
244 246 0.200000
244 247 -0.733333
244 248 -4.333333
244 340 0.066667
245 253 -0.733333
246 254 0.733333
247 255 0.466667
248 256 0.066667
249 253 0.466667
249 254 0.200000
249 255 0.066667
249 256 -0.066667
249 345 0.866667
250 253 -0.466667
250 254 1.000000
250 255 -0.866667
250 256 0.600000
250 346 -0.333333
251 253 -0.200000
251 254 -0.866667
251 255 0.866667
251 256 0.066667
251 347 -0.066667
252 253 -0.600000
252 254 0.333333
252 255 0.066667
252 256 0.466667
252 348 0.733333
253 261 0.466667
254 262 0.866667
255 263 -0.333333
256 264 -0.466667
257 261 -0.733333
257 262 -0.866667
257 263 0.066667
257 264 1.000000
257 353 0.333333
258 261 0.866667
258 262 -0.600000
258 263 -0.066667
258 264 -0.866667
258 354 0.466667
259 261 0.866667
259 262 0.600000
259 263 4.333333
259 264 -0.866667
259 355 0.466667
260 261 0.200000
260 262 -0.466667
260 263 1.000000
260 264 0.600000
260 356 0.866667
261 269 -0.333333
262 270 0.333333
263 271 -3.666667
264 272 -0.333333
265 269 -0.333333
265 270 0.066667
265 271 -0.600000
265 272 -0.466667
265 361 0.733333
266 269 -0.600000
266 270 0.066667
266 271 1.000000
266 272 0.733333
266 362 1.000000
267 269 1.000000
267 270 -0.333333
267 271 0.333333
267 272 0.600000
267 363 0.733333
268 269 0.200000
268 270 1.000000
268 271 0.466667
268 272 0.866667
268 364 0.333333
269 277 -0.333333
270 278 -0.466667
271 279 0.866667
272 280 0.600000
273 277 0.733333
273 278 0.866667
273 279 1.000000
273 280 -0.333333
273 369 0.333333
274 277 1.000000
274 278 -0.466667
274 279 -0.733333
274 280 0.600000
274 370 -0.333333
275 277 -0.600000
275 278 1.000000
275 279 -0.466667
275 280 -1.000000
275 371 -0.066667
276 277 -0.733333
276 278 0.866667
276 279 -0.066667
276 280 0.733333
276 372 0.866667
277 285 -1.000000
278 286 1.000000
279 287 0.066667
280 288 0.600000
281 285 0.733333
281 286 -0.200000
281 287 -1.000000
281 288 0.466667
281 377 0.333333
282 285 -0.200000
282 286 -0.066667
282 287 -0.600000
282 288 0.866667
282 378 -0.466667
283 285 -1.000000
283 286 -0.600000
283 287 0.733333
283 288 -5.000000
283 379 0.600000
284 285 0.066667
284 286 -0.066667
284 287 0.466667
284 288 -0.733333
284 380 3.666667
289 293 0.200000
289 294 -0.733333
289 295 0.066667
289 296 -0.333333
289 385 -0.333333
290 293 0.200000
290 294 1.000000
290 295 -0.333333
290 296 0.866667
290 386 0.066667
291 293 -0.600000
291 294 -0.600000
291 295 -0.333333
291 296 0.333333
291 387 -0.866667
292 293 1.000000
292 294 -0.466667
292 295 0.466667
292 296 0.600000
292 388 1.000000
293 301 1.000000
294 302 -0.600000
295 303 -0.733333
296 304 0.066667
297 301 0.200000
297 302 0.466667
297 303 0.466667
297 304 -0.866667
297 393 0.466667
298 301 0.866667
298 302 1.000000
298 303 -0.200000
298 304 3.000000
298 394 0.733333
299 301 -0.866667
299 302 -3.000000
299 303 0.066667
299 304 5.000000
299 395 -0.733333
300 301 0.466667
300 302 -0.333333
300 303 0.600000
300 304 -0.066667
300 396 -0.600000
301 309 -0.733333
302 310 4.333333
303 311 -0.466667
304 312 -0.333333
305 309 -0.733333
305 310 -3.000000
305 311 0.333333
305 312 -4.333333
305 401 0.066667
306 309 -0.866667
306 310 0.733333
306 311 0.466667
306 312 -0.066667
306 402 -1.000000
307 309 0.466667
307 310 -0.866667
307 311 -0.733333
307 312 3.000000
307 403 1.000000
308 309 -0.333333
308 310 5.000000
308 311 -1.666667
308 312 -0.733333
308 404 -4.333333
309 317 -1.000000
310 318 0.866667
311 319 -0.600000
312 320 0.866667
313 317 0.466667
313 318 -5.000000
313 319 0.333333
313 320 -0.333333
313 409 -0.466667
314 317 1.000000
314 318 0.733333
314 319 0.200000
314 320 -0.066667
314 410 -0.466667
315 317 -1.000000
315 318 4.333333
315 319 -0.333333
315 320 -0.600000
315 411 3.000000
316 317 1.000000
316 318 0.600000
316 319 0.066667
316 320 -0.333333
316 412 -0.333333
317 325 -3.000000
318 326 0.733333
319 327 0.600000
320 328 -0.066667
321 325 -0.200000
321 326 -0.200000
321 327 -0.333333
321 328 0.066667
321 417 0.733333
322 325 0.066667
322 326 -0.333333
322 327 -0.333333
322 328 -0.466667
322 418 -1.000000
323 325 1.000000
323 326 1.000000
323 327 0.066667
323 328 0.866667
323 419 0.466667
324 325 -1.000000
324 326 -0.200000
324 327 -0.200000
324 328 0.600000
324 420 -0.333333
325 333 0.333333
326 334 4.333333
327 335 0.333333
328 336 -0.600000
329 333 0.333333
329 334 -1.000000
329 335 -0.333333
329 336 1.000000
329 425 -0.466667
330 333 1.000000
330 334 -0.333333
330 335 -0.866667
330 336 -0.600000
330 426 -0.733333
331 333 -1.000000
331 334 -2.333333
331 335 -0.333333
331 336 0.333333
331 427 -0.466667
332 333 0.466667
332 334 0.600000
332 335 0.866667
332 336 -0.066667
332 428 -0.466667
333 341 -0.333333
334 342 0.466667
335 343 -0.733333
336 344 0.733333
337 341 0.333333
337 342 -0.200000
337 343 -0.733333
337 344 -0.066667
337 433 0.333333
338 341 0.733333
338 342 0.600000
338 343 0.200000
338 344 0.066667
338 434 0.866667
339 341 0.733333
339 342 -0.600000
339 343 -0.866667
339 344 0.200000
339 435 0.600000
340 341 -0.466667
340 342 0.200000
340 343 0.600000
340 344 0.866667
340 436 -0.733333
341 349 -0.333333
342 350 0.733333
343 351 0.466667
344 352 0.866667
345 349 0.466667
345 350 -0.200000
345 351 0.866667
345 352 0.733333
345 441 -0.600000
346 349 0.066667
346 350 0.600000
346 351 -0.600000
346 352 -0.333333
346 442 -0.333333
347 349 -0.600000
347 350 -0.733333
347 351 -0.333333
347 352 -0.066667
347 443 0.733333
348 349 0.600000
348 350 -0.600000
348 351 -0.466667
348 352 0.866667
348 444 0.466667
349 357 -0.333333
350 358 -0.200000
351 359 0.066667
352 360 -0.066667
353 357 0.066667
353 358 0.333333
353 359 -5.000000
353 360 0.466667
353 449 0.866667
354 357 -0.066667
354 358 -0.600000
354 359 5.000000
354 360 -0.200000
354 450 -0.733333
355 357 0.333333
355 358 0.733333
355 359 -0.066667
355 360 -0.866667
355 451 0.733333
356 357 -1.000000
356 358 0.200000
356 359 0.333333
356 360 -0.866667
356 452 0.600000
357 365 -0.866667
358 366 0.066667
359 367 1.000000
360 368 0.866667
361 365 -1.000000
361 366 1.000000
361 367 -0.866667
361 368 0.466667
361 457 0.066667
362 365 0.200000
362 366 0.733333
362 367 0.733333
362 368 -0.466667
362 458 0.200000
363 365 -4.333333
363 366 0.600000
363 367 -0.333333
363 368 -2.333333
363 459 0.066667
364 365 3.000000
364 366 -0.066667
364 367 -0.866667
364 368 0.066667
364 460 -0.866667
365 373 -0.466667
366 374 0.200000
367 375 0.600000
368 376 0.866667
369 373 -0.333333
369 374 -0.333333
369 375 -0.066667
369 376 -0.066667
369 465 1.000000
370 373 0.066667
370 374 -1.000000
370 375 -0.600000
370 376 -0.866667
370 466 0.466667
371 373 0.066667
371 374 0.733333
371 375 0.066667
371 376 -0.733333
371 467 0.200000
372 373 -0.866667
372 374 -0.333333
372 375 -0.600000
372 376 -0.466667
372 468 -1.000000
373 381 0.333333
374 382 -0.600000
375 383 0.733333
376 384 -0.600000
377 381 0.066667
377 382 -0.200000
377 383 -1.000000
377 384 -0.600000
377 473 1.000000
378 381 0.200000
378 382 -0.066667
378 383 0.466667
378 384 -0.600000
378 474 -1.000000
379 381 0.733333
379 382 -0.200000
379 383 -0.066667
379 384 1.000000
379 475 0.466667
380 381 0.200000
380 382 -0.066667
380 383 0.600000
380 384 0.466667
380 476 -0.066667
385 389 -0.200000
385 390 -0.733333
385 391 -0.466667
385 392 -1.000000
385 481 -0.733333
386 389 4.333333
386 390 -1.000000
386 391 -0.333333
386 392 0.066667
386 482 1.666667
387 389 0.733333
387 390 -0.466667
387 391 -0.333333
387 392 1.000000
387 483 -1.000000
388 389 0.866667
388 390 0.333333
388 391 0.333333
388 392 0.866667
388 484 0.066667
389 397 -0.733333
390 398 -0.733333
391 399 -0.866667
392 400 -0.733333
393 397 1.666667
393 398 0.600000
393 399 1.000000
393 400 -0.600000
393 489 3.000000
394 397 -0.600000
394 398 -0.333333
394 399 -0.733333
394 400 -1.000000
394 490 0.733333
395 397 1.000000
395 398 -0.733333
395 399 0.200000
395 400 0.733333
395 491 0.200000
396 397 0.466667
396 398 0.066667
396 399 -0.600000
396 400 -0.466667
396 492 -0.333333
397 405 4.333333
398 406 -0.466667
399 407 1.000000
400 408 -0.333333
401 405 2.333333
401 406 1.000000
401 407 -0.066667
401 408 2.333333
401 497 -1.000000
402 405 1.000000
402 406 0.333333
402 407 -0.066667
402 408 -0.200000
402 498 -0.466667
403 405 1.666667
403 406 1.000000
403 407 1.000000
403 408 3.666667
403 499 -1.000000
404 405 1.666667
404 406 3.000000
404 407 -0.333333
404 408 -0.466667
404 500 -0.333333
405 413 4.333333
406 414 -0.733333
407 415 -0.333333
408 416 -0.466667
409 413 -1.666667
409 414 -0.333333
409 415 -1.000000
409 416 -4.333333
409 505 -1.000000
410 413 0.333333
410 414 0.466667
410 415 -1.666667
410 416 -0.733333
410 506 0.333333
411 413 0.733333
411 414 0.333333
411 415 5.000000
411 416 -1.000000
411 507 4.333333
412 413 0.866667
412 414 -0.600000
412 415 0.200000
412 416 -0.600000
412 508 -1.000000
413 421 -0.600000
414 422 0.066667
415 423 -5.000000
416 424 3.000000
417 421 -0.066667
417 422 0.866667
417 423 -0.466667
417 424 -0.200000
417 513 0.333333
418 421 0.733333
418 422 -0.066667
418 423 0.200000
418 424 0.333333
418 514 -1.000000
419 421 0.600000
419 422 -0.200000
419 423 0.600000
419 424 0.600000
419 515 0.866667
420 421 0.333333
420 422 0.066667
420 423 0.200000
420 424 -0.733333
420 516 0.066667
421 429 0.200000
422 430 0.600000
423 431 0.066667
424 432 -0.733333
425 429 -0.333333
425 430 0.733333
425 431 -0.333333
425 432 -0.466667
425 521 -0.733333
426 429 1.000000
426 430 0.733333
426 431 -0.200000
426 432 -0.600000
426 522 -0.733333
427 429 -0.866667
427 430 0.466667
427 431 0.333333
427 432 -0.066667
427 523 0.733333
428 429 0.466667
428 430 0.866667
428 431 0.733333
428 432 0.733333
428 524 0.200000
429 437 0.333333
430 438 -0.733333
431 439 0.200000
432 440 -0.600000
433 437 0.066667
433 438 -0.600000
433 439 0.733333
433 440 -0.066667
433 529 0.066667
434 437 -0.866667
434 438 -0.333333
434 439 0.466667
434 440 -0.866667
434 530 -0.466667
435 437 -1.000000
435 438 0.600000
435 439 -0.466667
435 440 -0.600000
435 531 -0.466667
436 437 0.333333
436 438 0.733333
436 439 -0.200000
436 440 0.066667
436 532 0.333333
437 445 -0.466667
438 446 -0.333333
439 447 -1.000000
440 448 0.600000
441 445 -0.866667
441 446 -0.333333
441 447 0.333333
441 448 -1.000000
441 537 -0.866667
442 445 0.733333
442 446 -0.733333
442 447 -1.000000
442 448 -0.866667
442 538 -0.866667
443 445 -0.466667
443 446 0.200000
443 447 -0.066667
443 448 -0.733333
443 539 0.200000
444 445 0.466667
444 446 0.200000
444 447 0.866667
444 448 -0.200000
444 540 0.466667
445 453 -0.066667
446 454 0.066667
447 455 -0.733333
448 456 1.000000
449 453 0.466667
449 454 0.066667
449 455 -0.466667
449 456 -0.733333
449 545 1.000000
450 453 0.600000
450 454 0.600000
450 455 0.466667
450 456 0.733333
450 546 1.000000
451 453 -0.066667
451 454 1.000000
451 455 -0.866667
451 456 -0.600000
451 547 0.866667
452 453 0.200000
452 454 -0.066667
452 455 0.733333
452 456 -0.866667
452 548 -0.066667
453 461 0.733333
454 462 -0.466667
455 463 -0.066667
456 464 -0.866667
457 461 1.000000
457 462 0.466667
457 463 -2.333333
457 464 0.866667
457 553 -0.600000
458 461 0.866667
458 462 -0.600000
458 463 -0.066667
458 464 -0.200000
458 554 0.066667
459 461 0.333333
459 462 5.000000
459 463 0.866667
459 464 -0.333333
459 555 -0.333333
460 461 0.066667
460 462 -0.466667
460 463 1.000000
460 464 0.733333
460 556 1.000000
461 469 -0.866667
462 470 -0.333333
463 471 0.866667
464 472 0.200000
465 469 0.866667
465 470 0.333333
465 471 -0.733333
465 472 0.066667
465 561 -0.333333
466 469 0.200000
466 470 0.333333
466 471 -0.733333
466 472 0.600000
466 562 -0.466667
467 469 -0.200000
467 470 -0.466667
467 471 0.333333
467 472 -0.600000
467 563 0.466667
468 469 0.866667
468 470 -0.066667
468 471 0.600000
468 472 1.000000
468 564 -0.466667
469 477 -1.000000
470 478 0.733333
471 479 0.600000
472 480 -0.733333
473 477 -1.000000
473 478 0.466667
473 479 -0.466667
473 480 0.600000
473 569 -0.200000
474 477 -0.333333
474 478 -0.866667
474 479 -0.066667
474 480 -1.000000
474 570 0.866667
475 477 -0.866667
475 478 -1.000000
475 479 0.066667
475 480 -0.600000
475 571 0.733333
476 477 0.866667
476 478 0.600000
476 479 -1.000000
476 480 -0.866667
476 572 -0.200000
481 485 -0.866667
481 486 -5.000000
481 487 -1.666667
481 488 -1.666667
481 577 3.666667
482 485 0.200000
482 486 0.733333
482 487 0.600000
482 488 -0.066667
482 578 -0.200000
483 485 -0.600000
483 486 -4.333333
483 487 -0.066667
483 488 -0.866667
483 579 0.600000
484 485 -0.733333
484 486 -0.466667
484 487 3.000000
484 488 -0.866667
484 580 1.666667
485 493 -1.000000
486 494 -0.866667
487 495 0.200000
488 496 1.000000
489 493 -0.600000
489 494 -1.000000
489 495 -0.333333
489 496 -2.333333
489 585 1.000000
490 493 -0.333333
490 494 -0.333333
490 495 0.066667
490 496 1.000000
490 586 -0.333333
491 493 -0.466667
491 494 0.200000
491 495 0.866667
491 496 -0.866667
491 587 0.733333
492 493 -0.333333
492 494 -0.600000
492 495 -0.733333
492 496 0.333333
492 588 -0.200000
493 501 0.733333
494 502 -0.066667
495 503 -0.733333
496 504 -3.000000
497 501 1.000000
497 502 0.200000
497 503 -0.066667
497 504 0.600000
497 593 -1.000000
498 501 0.600000
498 502 0.466667
498 503 -1.000000
498 504 -0.866667
498 594 -1.000000
499 501 1.000000
499 502 0.733333
499 503 0.866667
499 504 -0.733333
499 595 0.200000
500 501 -0.066667
500 502 -0.200000
500 503 0.466667
500 504 -0.333333
500 596 0.333333
501 509 -1.000000
502 510 -0.600000
503 511 -1.000000
504 512 -0.733333
505 509 1.000000
505 510 1.000000
505 511 -3.000000
505 512 0.333333
505 601 -0.066667
506 509 0.866667
506 510 2.333333
506 511 2.333333
506 512 -0.200000
506 602 -0.066667
507 509 0.466667
507 510 -0.466667
507 511 0.866667
507 512 2.333333
507 603 -0.733333
508 509 0.466667
508 510 0.200000
508 511 0.066667
508 512 0.733333
508 604 0.066667
509 517 0.733333
510 518 -0.333333
511 519 0.600000
512 520 -1.666667
513 517 0.200000
513 518 0.600000
513 519 0.866667
513 520 0.600000
513 609 0.066667
514 517 0.200000
514 518 0.600000
514 519 0.866667
514 520 -0.600000
514 610 0.466667
515 517 -1.000000
515 518 1.000000
515 519 -0.333333
515 520 0.600000
515 611 -0.066667
516 517 0.333333
516 518 -0.466667
516 519 0.333333
516 520 0.066667
516 612 0.466667
517 525 0.066667
518 526 -3.000000
519 527 0.066667
520 528 -0.333333
521 525 0.066667
521 526 -0.200000
521 527 0.866667
521 528 -0.866667
521 617 -0.600000
522 525 4.333333
522 526 -0.733333
522 527 0.600000
522 528 0.866667
522 618 -0.866667
523 525 -2.333333
523 526 -0.866667
523 527 0.600000
523 528 -3.000000
523 619 -0.333333
524 525 0.333333
524 526 -1.000000
524 527 -0.866667
524 528 0.066667
524 620 -0.200000
525 533 -0.466667
526 534 3.666667
527 535 0.066667
528 536 -0.066667
529 533 -0.733333
529 534 0.866667
529 535 1.000000
529 536 0.733333
529 625 0.200000
530 533 0.600000
530 534 -0.200000
530 535 -1.000000
530 536 -0.200000
530 626 0.733333
531 533 -0.333333
531 534 -0.866667
531 535 0.466667
531 536 0.333333
531 627 0.333333
532 533 -0.333333
532 534 -1.000000
532 535 -0.066667
532 536 -0.600000
532 628 -0.333333
533 541 -0.733333
534 542 -1.000000
535 543 -0.866667
536 544 -1.000000
537 541 -0.733333
537 542 1.000000
537 543 -0.466667
537 544 -0.333333
537 633 -0.866667
538 541 1.000000
538 542 -0.733333
538 543 -0.866667
538 544 -0.466667
538 634 -0.200000
539 541 -0.200000
539 542 0.466667
539 543 0.733333
539 544 -0.066667
539 635 -0.600000
540 541 -1.000000
540 542 -0.600000
540 543 -0.200000
540 544 0.066667
540 636 3.666667
541 549 0.200000
542 550 -0.066667
543 551 -0.466667
544 552 -0.200000
545 549 0.733333
545 550 0.066667
545 551 0.333333
545 552 1.000000
545 641 0.066667
546 549 0.600000
546 550 -0.866667
546 551 0.866667
546 552 0.200000
546 642 -0.200000
547 549 -0.066667
547 550 -0.733333
547 551 -0.466667
547 552 1.000000
547 643 0.200000
548 549 0.733333
548 550 0.466667
548 551 -0.333333
548 552 0.466667
548 644 0.466667
549 557 -0.066667
550 558 -0.733333
551 559 -1.000000
552 560 1.000000
553 557 0.733333
553 558 -1.000000
553 559 -0.866667
553 560 -5.000000
553 649 -0.466667
554 557 -0.466667
554 558 -0.600000
554 559 0.733333
554 560 -0.466667
554 650 -1.000000
555 557 1.666667
555 558 5.000000
555 559 0.866667
555 560 0.066667
555 651 1.000000
556 557 0.200000
556 558 -4.333333
556 559 -1.000000
556 560 -0.466667
556 652 -1.000000
557 565 1.000000
558 566 -0.066667
559 567 -0.333333
560 568 0.066667
561 565 -0.866667
561 566 -0.733333
561 567 0.200000
561 568 0.066667
561 657 -0.733333
562 565 -0.333333
562 566 -0.733333
562 567 -0.333333
562 568 -0.466667
562 658 -0.866667
563 565 -0.066667
563 566 -0.333333
563 567 0.066667
563 568 0.600000
563 659 0.733333
564 565 -0.466667
564 566 -0.866667
564 567 -0.733333
564 568 1.000000
564 660 -0.733333
565 573 0.333333
566 574 -1.000000
567 575 -0.866667
568 576 -0.200000
569 573 0.333333
569 574 -1.000000
569 575 -0.866667
569 576 -0.600000
569 665 0.733333
570 573 -1.000000
570 574 -0.600000
570 575 -0.200000
570 576 0.866667
570 666 -0.066667
571 573 -0.066667
571 574 0.066667
571 575 0.600000
571 576 -0.333333
571 667 -0.866667
572 573 0.466667
572 574 -0.466667
572 575 0.600000
572 576 -0.466667
572 668 -1.000000
577 581 -0.600000
577 582 0.466667
577 583 3.666667
577 584 -0.333333
577 673 0.333333
578 581 0.866667
578 582 0.333333
578 583 -0.733333
578 584 5.000000
578 674 0.600000
579 581 -0.733333
579 582 -0.733333
579 583 -0.200000
579 584 1.666667
579 675 0.600000
580 581 0.866667
580 582 -2.333333
580 583 -0.066667
580 584 3.666667
580 676 3.000000
581 589 -0.200000
582 590 -0.866667
583 591 0.066667
584 592 -0.600000
585 589 -5.000000
585 590 -0.866667
585 591 -0.200000
585 592 0.066667
585 681 0.200000
586 589 0.066667
586 590 -0.333333
586 591 -0.600000
586 592 0.066667
586 682 0.333333
587 589 -0.466667
587 590 -0.200000
587 591 -0.866667
587 592 0.866667
587 683 -0.466667
588 589 0.866667
588 590 -0.333333
588 591 0.600000
588 592 0.466667
588 684 0.066667
589 597 -0.466667
590 598 -0.333333
591 599 0.466667
592 600 1.000000
593 597 -0.733333
593 598 0.333333
593 599 -0.333333
593 600 -0.466667
593 689 -0.333333
594 597 0.066667
594 598 5.000000
594 599 0.066667
594 600 0.600000
594 690 0.200000
595 597 -0.333333
595 598 0.333333
595 599 -0.866667
595 600 -0.866667
595 691 -0.466667
596 597 4.333333
596 598 0.733333
596 599 0.066667
596 600 0.466667
596 692 -0.866667
597 605 -1.000000
598 606 0.600000
599 607 -0.466667
600 608 -1.000000
601 605 -0.466667
601 606 0.466667
601 607 0.866667
601 608 0.466667
601 697 -0.333333
602 605 -0.200000
602 606 0.466667
602 607 -0.466667
602 608 0.333333
602 698 0.333333
603 605 1.000000
603 606 0.733333
603 607 0.866667
603 608 -1.000000
603 699 -0.333333
604 605 0.866667
604 606 4.333333
604 607 0.866667
604 608 -0.866667
604 700 -0.200000
605 613 -0.333333
606 614 -4.333333
607 615 0.866667
608 616 0.466667
609 613 -0.866667
609 614 -0.466667
609 615 0.333333
609 616 3.666667
609 705 1.000000
610 613 -0.866667
610 614 -0.733333
610 615 -0.733333
610 616 0.733333
610 706 0.066667
611 613 -0.733333
611 614 0.333333
611 615 1.000000
611 616 -0.333333
611 707 -1.000000
612 613 0.600000
612 614 0.600000
612 615 4.333333
612 616 5.000000
612 708 -0.600000
613 621 1.000000
614 622 0.333333
615 623 0.200000
616 624 0.733333
617 621 -0.866667
617 622 -0.733333
617 623 0.466667
617 624 0.200000
617 713 -0.333333
618 621 0.600000
618 622 -1.000000
618 623 0.866667
618 624 0.333333
618 714 0.466667
619 621 -0.866667
619 622 0.200000
619 623 0.066667
619 624 -0.733333
619 715 -0.200000
620 621 -1.000000
620 622 0.866667
620 623 0.333333
620 624 0.333333
620 716 -0.200000
621 629 0.333333
622 630 -0.200000
623 631 0.733333
624 632 -0.733333
625 629 0.200000
625 630 -0.066667
625 631 -0.200000
625 632 0.066667
625 721 0.866667
626 629 0.333333
626 630 0.333333
626 631 -0.866667
626 632 -0.600000
626 722 -0.733333
627 629 -0.466667
627 630 -1.000000
627 631 -0.600000
627 632 -0.066667
627 723 -0.866667
628 629 1.000000
628 630 -0.066667
628 631 -0.200000
628 632 0.866667
628 724 -0.200000
629 637 0.200000
630 638 0.866667
631 639 -0.733333
632 640 -1.000000
633 637 -3.666667
633 638 0.733333
633 639 0.600000
633 640 0.066667
633 729 0.066667
634 637 1.666667
634 638 -0.600000
634 639 -3.000000
634 640 0.466667
634 730 1.000000
635 637 0.466667
635 638 -0.466667
635 639 0.200000
635 640 0.866667
635 731 -0.733333
636 637 -0.066667
636 638 3.666667
636 639 0.866667
636 640 1.000000
636 732 3.000000
637 645 1.666667
638 646 0.866667
639 647 -0.333333
640 648 1.000000
641 645 -0.333333
641 646 -0.466667
641 647 0.333333
641 648 0.333333
641 737 -0.733333
642 645 -1.000000
642 646 -0.200000
642 647 -0.466667
642 648 3.000000
642 738 -0.066667
643 645 2.333333
643 646 -0.066667
643 647 -3.666667
643 648 2.333333
643 739 -0.333333
644 645 -0.333333
644 646 0.066667
644 647 -0.200000
644 648 -0.466667
644 740 -1.000000
645 653 0.333333
646 654 -1.000000
647 655 1.000000
648 656 -1.000000
649 653 0.200000
649 654 0.066667
649 655 -1.000000
649 656 -0.066667
649 745 0.466667
650 653 0.066667
650 654 0.733333
650 655 -0.200000
650 656 0.866667
650 746 1.000000
651 653 -4.333333
651 654 0.866667
651 655 0.733333
651 656 -0.866667
651 747 -0.600000
652 653 -0.466667
652 654 0.066667
652 655 0.066667
652 656 0.600000
652 748 -0.333333
653 661 0.333333
654 662 -2.333333
655 663 0.733333
656 664 -0.066667
657 661 -0.333333
657 662 -0.866667
657 663 -3.000000
657 664 -0.600000
657 753 0.333333
658 661 -0.866667
658 662 0.066667
658 663 4.333333
658 664 -0.733333
658 754 1.666667
659 661 -0.333333
659 662 -0.733333
659 663 -0.200000
659 664 -1.000000
659 755 0.866667
660 661 -0.200000
660 662 -1.000000
660 663 5.000000
660 664 -3.666667
660 756 -0.066667
661 669 -0.466667
662 670 -0.733333
663 671 -0.600000
664 672 -0.866667
665 669 -1.000000
665 670 -0.733333
665 671 -0.733333
665 672 2.333333
665 761 -0.733333
666 669 -0.600000
666 670 -0.333333
666 671 0.333333
666 672 0.600000
666 762 -0.466667
667 669 0.200000
667 670 -0.600000
667 671 0.066667
667 672 2.333333
667 763 0.466667
668 669 0.600000
668 670 -0.066667
668 671 0.466667
668 672 2.333333
668 764 -0.066667
673 677 -1.000000
673 678 0.333333
673 679 -5.000000
673 680 3.000000
673 769 -3.000000
674 677 1.000000
674 678 0.333333
674 679 0.333333
674 680 1.000000
674 770 -0.866667
675 677 0.200000
675 678 -3.000000
675 679 0.066667
675 680 -0.200000
675 771 -0.200000
676 677 1.666667
676 678 -3.000000
676 679 -0.866667
676 680 -4.333333
676 772 0.333333
677 685 1.000000
678 686 -1.000000
679 687 0.066667
680 688 0.733333
681 685 0.866667
681 686 0.600000
681 687 -1.000000
681 688 0.600000
681 777 1.000000
682 685 -0.466667
682 686 0.066667
682 687 -0.866667
682 688 0.200000
682 778 0.600000
683 685 -0.600000
683 686 0.066667
683 687 0.733333
683 688 0.466667
683 779 -0.066667
684 685 0.733333
684 686 0.466667
684 687 -0.200000
684 688 -1.000000
684 780 -0.333333
685 693 0.333333
686 694 -0.466667
687 695 0.066667
688 696 0.866667
689 693 0.333333
689 694 0.200000
689 695 -0.333333
689 696 -0.600000
689 785 0.733333
690 693 0.733333
690 694 0.600000
690 695 1.000000
690 696 0.333333
690 786 -0.066667
691 693 -0.866667
691 694 0.733333
691 695 1.000000
691 696 0.466667
691 787 0.066667
692 693 -0.333333
692 694 0.466667
692 695 0.866667
692 696 -0.866667
692 788 1.000000
693 701 -0.866667
694 702 0.733333
695 703 0.200000
696 704 0.200000
697 701 0.866667
697 702 0.066667
697 703 -0.866667
697 704 0.600000
697 793 -0.733333
698 701 0.333333
698 702 0.333333
698 703 -0.733333
698 704 1.000000
698 794 0.866667
699 701 -0.333333
699 702 -0.600000
699 703 0.066667
699 704 0.200000
699 795 -0.600000
700 701 -0.333333
700 702 1.000000
700 703 0.333333
700 704 -0.200000
700 796 -1.666667
701 709 0.066667
702 710 0.333333
703 711 -1.000000
704 712 -0.866667
705 709 -1.000000
705 710 -0.600000
705 711 0.333333
705 712 -1.000000
705 801 -1.000000
706 709 0.466667
706 710 -1.000000
706 711 -0.733333
706 712 0.866667
706 802 -0.066667
707 709 0.600000
707 710 0.200000
707 711 0.200000
707 712 -0.600000
707 803 0.600000
708 709 0.066667
708 710 0.066667
708 711 -1.000000
708 712 1.000000
708 804 0.200000
709 717 0.466667
710 718 0.200000
711 719 0.066667
712 720 3.000000
713 717 -0.733333
713 718 0.866667
713 719 0.066667
713 720 -1.000000
713 809 -1.000000
714 717 0.333333
714 718 0.866667
714 719 -0.466667
714 720 -0.333333
714 810 3.000000
715 717 -0.600000
715 718 -0.066667
715 719 0.466667
715 720 1.000000
715 811 0.600000
716 717 -0.333333
716 718 -0.466667
716 719 0.200000
716 720 -0.066667
716 812 0.200000
717 725 -1.000000
718 726 -0.733333
719 727 0.066667
720 728 0.466667
721 725 0.066667
721 726 -0.733333
721 727 0.600000
721 728 -0.600000
721 817 -0.333333
722 725 0.333333
722 726 -0.333333
722 727 -0.866667
722 728 -1.000000
722 818 -0.600000
723 725 -0.200000
723 726 -0.600000
723 727 0.333333
723 728 0.333333
723 819 -0.600000
724 725 0.333333
724 726 -1.000000
724 727 0.200000
724 728 0.066667
724 820 0.066667
725 733 -0.733333
726 734 0.466667
727 735 -0.466667
728 736 0.733333
729 733 0.466667
729 734 0.866667
729 735 1.000000
729 736 0.466667
729 825 1.000000
730 733 0.600000
730 734 -1.000000
730 735 -1.000000
730 736 1.000000
730 826 0.066667
731 733 1.000000
731 734 1.000000
731 735 -0.600000
731 736 1.000000
731 827 -0.600000
732 733 0.733333
732 734 -3.666667
732 735 0.066667
732 736 0.066667
732 828 0.333333
733 741 0.733333
734 742 0.600000
735 743 0.866667
736 744 -0.066667
737 741 -0.333333
737 742 0.066667
737 743 0.466667
737 744 -0.066667
737 833 -0.466667
738 741 0.600000
738 742 -0.066667
738 743 0.200000
738 744 -0.200000
738 834 -0.866667
739 741 -0.200000
739 742 1.000000
739 743 0.466667
739 744 -0.866667
739 835 0.866667
740 741 -0.866667
740 742 0.200000
740 743 0.333333
740 744 0.600000
740 836 0.600000
741 749 0.733333
742 750 0.600000
743 751 0.600000
744 752 0.866667
745 749 -0.733333
745 750 0.066667
745 751 -0.600000
745 752 0.333333
745 841 0.466667
746 749 0.600000
746 750 1.000000
746 751 0.466667
746 752 0.066667
746 842 0.333333
747 749 -0.733333
747 750 -0.333333
747 751 0.866667
747 752 0.733333
747 843 0.066667
748 749 -0.333333
748 750 0.466667
748 751 0.466667
748 752 0.066667
748 844 0.066667
749 757 -0.200000
750 758 0.866667
751 759 -0.066667
752 760 0.866667
753 757 0.066667
753 758 0.333333
753 759 -0.466667
753 760 -0.733333
753 849 0.200000
754 757 0.333333
754 758 1.000000
754 759 -2.333333
754 760 -0.333333
754 850 0.600000
755 757 -0.333333
755 758 -0.600000
755 759 0.733333
755 760 0.200000
755 851 0.866667
756 757 -0.733333
756 758 0.866667
756 759 0.200000
756 760 -0.333333
756 852 -0.600000
757 765 0.333333
758 766 -0.466667
759 767 1.000000
760 768 -0.333333
761 765 -0.200000
761 766 0.866667
761 767 0.200000
761 768 -1.000000
761 857 0.866667
762 765 -0.333333
762 766 0.200000
762 767 0.066667
762 768 1.000000
762 858 -0.066667
763 765 -0.733333
763 766 0.466667
763 767 -0.866667
763 768 -1.000000
763 859 -0.466667
764 765 -0.600000
764 766 0.466667
764 767 1.000000
764 768 -0.466667
764 860 0.066667
769 773 -0.600000
769 774 -1.000000
769 775 0.733333
769 776 -0.066667
769 865 0.066667
770 773 0.866667
770 774 0.333333
770 775 -0.866667
770 776 -1.000000
770 866 0.466667
771 773 -0.466667
771 774 -0.200000
771 775 -0.866667
771 776 -0.600000
771 867 0.200000
772 773 1.000000
772 774 -0.066667
772 775 -0.066667
772 776 -0.866667
772 868 0.866667
773 781 0.866667
774 782 -0.866667
775 783 0.733333
776 784 -0.066667
777 781 1.000000
777 782 0.866667
777 783 -0.333333
777 784 -0.200000
777 873 0.600000
778 781 -0.333333
778 782 -1.000000
778 783 0.333333
778 784 1.000000
778 874 -0.466667
779 781 1.000000
779 782 -0.733333
779 783 5.000000
779 784 0.733333
779 875 -0.333333
780 781 -0.733333
780 782 0.866667
780 783 0.200000
780 784 0.866667
780 876 0.066667
781 789 1.000000
782 790 -0.066667
783 791 0.733333
784 792 -0.733333
785 789 0.333333
785 790 -0.866667
785 791 -1.000000
785 792 -0.200000
785 881 -0.866667
786 789 -0.066667
786 790 0.733333
786 791 -0.600000
786 792 0.333333
786 882 -0.600000
787 789 0.466667
787 790 -1.000000
787 791 0.466667
787 792 -0.600000
787 883 0.600000
788 789 0.866667
788 790 -0.733333
788 791 -0.200000
788 792 5.000000
788 884 0.333333
789 797 -0.466667
790 798 0.200000
791 799 0.600000
792 800 0.866667
793 797 -0.733333
793 798 -0.466667
793 799 0.866667
793 800 0.866667
793 889 0.600000
794 797 1.000000
794 798 0.066667
794 799 -0.200000
794 800 -0.333333
794 890 0.866667
795 797 -2.333333
795 798 4.333333
795 799 -0.466667
795 800 0.066667
795 891 0.466667
796 797 -1.000000
796 798 -0.600000
796 799 0.733333
796 800 -0.333333
796 892 3.000000
797 805 5.000000
798 806 -0.200000
799 807 -0.466667
800 808 -0.600000
801 805 0.066667
801 806 -0.866667
801 807 -0.066667
801 808 0.866667
801 897 -0.866667
802 805 -0.733333
802 806 0.600000
802 807 0.333333
802 808 -0.333333
802 898 -0.733333
803 805 0.200000
803 806 0.333333
803 807 1.000000
803 808 0.600000
803 899 -0.466667
804 805 1.000000
804 806 0.866667
804 807 -3.666667
804 808 0.866667
804 900 1.666667
805 813 -3.666667
806 814 1.000000
807 815 0.333333
808 816 0.333333
809 813 0.066667
809 814 -1.000000
809 815 0.066667
809 816 -0.066667
809 905 -0.066667
810 813 -0.066667
810 814 -0.333333
810 815 -0.600000
810 816 -0.066667
810 906 0.866667
811 813 -1.000000
811 814 0.600000
811 815 0.733333
811 816 0.200000
811 907 -0.200000
812 813 -1.000000
812 814 -0.866667
812 815 -0.733333
812 816 -0.200000
812 908 0.733333
813 821 -1.000000
814 822 -0.333333
815 823 -5.000000
816 824 0.600000
817 821 -0.733333
817 822 0.333333
817 823 -0.600000
817 824 -1.000000
817 913 0.066667
818 821 -0.600000
818 822 -0.600000
818 823 0.200000
818 824 -1.000000
818 914 0.200000
819 821 -0.466667
819 822 -0.600000
819 823 -0.600000
819 824 0.200000
819 915 -0.733333
820 821 0.200000
820 822 -0.600000
820 823 1.000000
820 824 0.600000
820 916 0.333333
821 829 0.733333
822 830 -0.333333
823 831 -0.066667
824 832 -0.066667
825 829 -0.466667
825 830 -0.466667
825 831 -0.466667
825 832 -0.200000
825 921 -0.866667
826 829 -0.600000
826 830 0.733333
826 831 -0.466667
826 832 -0.466667
826 922 -0.066667
827 829 0.200000
827 830 1.000000
827 831 -0.866667
827 832 0.866667
827 923 0.733333
828 829 1.000000
828 830 -0.866667
828 831 1.000000
828 832 -0.733333
828 924 -0.866667
829 837 -0.066667
830 838 -0.866667
831 839 0.333333
832 840 0.333333
833 837 -0.733333
833 838 0.733333
833 839 0.333333
833 840 -1.000000
833 929 0.333333
834 837 -0.333333
834 838 0.600000
834 839 -0.466667
834 840 0.600000
834 930 0.733333
835 837 -0.333333
835 838 -1.666667
835 839 0.200000
835 840 -0.466667
835 931 -0.466667
836 837 -0.733333
836 838 0.466667
836 839 -0.200000
836 840 1.000000
836 932 0.866667
837 845 -0.066667
838 846 0.866667
839 847 0.600000
840 848 -0.200000
841 845 5.000000
841 846 0.733333
841 847 -0.333333
841 848 0.733333
841 937 -0.733333
842 845 0.333333
842 846 -3.666667
842 847 1.000000
842 848 1.000000
842 938 -0.333333
843 845 -0.600000
843 846 0.466667
843 847 0.600000
843 848 -0.333333
843 939 -0.466667
844 845 0.466667
844 846 -0.466667
844 847 1.000000
844 848 3.000000
844 940 0.066667
845 853 -0.600000
846 854 -1.000000
847 855 -3.000000
848 856 4.333333
849 853 -0.200000
849 854 0.200000
849 855 -0.733333
849 856 -0.200000
849 945 -0.333333
850 853 0.866667
850 854 0.333333
850 855 -0.866667
850 856 0.200000
850 946 0.466667
851 853 -0.600000
851 854 1.000000
851 855 0.333333
851 856 -0.866667
851 947 3.666667
852 853 0.333333
852 854 -0.600000
852 855 -0.733333
852 856 2.333333
852 948 -0.600000
853 861 -0.333333
854 862 1.000000
855 863 -2.333333
856 864 -0.733333
857 861 0.066667
857 862 0.066667
857 863 0.066667
857 864 -0.200000
857 953 -3.666667
858 861 1.000000
858 862 -3.666667
858 863 -0.333333
858 864 1.000000
858 954 -0.333333
859 861 0.066667
859 862 -0.600000
859 863 -0.333333
859 864 1.000000
859 955 -0.733333
860 861 -5.000000
860 862 -0.466667
860 863 -3.666667
860 864 1.666667
860 956 0.733333
865 869 -3.000000
865 870 0.466667
865 871 1.000000
865 872 -1.000000
865 961 -0.600000
866 869 -0.733333
866 870 0.866667
866 871 -0.866667
866 872 0.733333
866 962 0.866667
867 869 3.666667
867 870 -0.200000
867 871 -3.666667
867 872 -0.733333
867 963 0.733333
868 869 0.333333
868 870 -0.066667
868 871 -0.466667
868 872 -0.333333
868 964 0.600000
869 877 -5.000000
870 878 -0.333333
871 879 -1.000000
872 880 0.600000
873 877 -0.466667
873 878 -0.733333
873 879 0.866667
873 880 0.733333
873 969 0.866667
874 877 1.000000
874 878 -0.333333
874 879 -1.000000
874 880 0.333333
874 970 0.066667
875 877 -0.066667
875 878 -0.466667
875 879 0.600000
875 880 0.066667
875 971 0.866667
876 877 -1.666667
876 878 0.600000
876 879 0.866667
876 880 0.866667
876 972 0.066667
877 885 -0.466667
878 886 -0.466667
879 887 0.733333
880 888 0.733333
881 885 0.866667
881 886 -0.866667
881 887 0.200000
881 888 -0.866667
881 977 -0.200000
882 885 1.000000
882 886 -0.066667
882 887 -0.466667
882 888 4.333333
882 978 0.333333
883 885 0.200000
883 886 1.000000
883 887 -0.600000
883 888 0.200000
883 979 -0.600000
884 885 -1.000000
884 886 -1.000000
884 887 0.600000
884 888 -0.333333
884 980 0.466667
885 893 -0.066667
886 894 -1.000000
887 895 -0.066667
888 896 1.000000
889 893 0.733333
889 894 -0.066667
889 895 0.733333
889 896 0.733333
889 985 0.600000
890 893 1.000000
890 894 -0.733333
890 895 -0.466667
890 896 -1.000000
890 986 -0.866667
891 893 -0.600000
891 894 0.066667
891 895 -1.000000
891 896 -0.866667
891 987 -0.866667
892 893 -0.600000
892 894 -0.600000
892 895 0.333333
892 896 0.866667
892 988 0.066667
893 901 0.066667
894 902 -0.733333
895 903 0.866667
896 904 -0.600000
897 901 -0.200000
897 902 -0.200000
897 903 0.466667
897 904 -0.600000
897 993 -0.866667
898 901 -0.066667
898 902 0.200000
898 903 -0.066667
898 904 0.866667
898 994 -0.066667
899 901 -0.200000
899 902 0.866667
899 903 -0.200000
899 904 -0.333333
899 995 -0.466667
900 901 1.000000
900 902 -1.000000
900 903 0.200000
900 904 1.666667
900 996 -0.866667
901 909 -0.600000
902 910 -0.333333
903 911 -0.466667
904 912 -1.000000
905 909 -0.066667
905 910 -0.066667
905 911 0.466667
905 912 0.733333
905 1001 0.066667
906 909 -0.200000
906 910 0.466667
906 911 0.333333
906 912 -0.466667
906 1002 -0.066667
907 909 0.333333
907 910 2.333333
907 911 0.333333
907 912 0.200000
907 1003 -1.000000
908 909 0.733333
908 910 3.000000
908 911 -1.000000
908 912 0.600000
908 1004 -4.333333
909 917 4.333333
910 918 -1.000000
911 919 -0.466667
912 920 -0.866667
913 917 0.466667
913 918 -0.866667
913 919 0.333333
913 920 -0.733333
913 1009 -0.066667
914 917 0.200000
914 918 -0.066667
914 919 -0.466667
914 920 0.733333
914 1010 0.066667
915 917 -0.333333
915 918 1.000000
915 919 -0.600000
915 920 0.066667
915 1011 0.466667
916 917 -0.333333
916 918 -0.466667
916 919 -0.466667
916 920 -0.866667
916 1012 1.000000
917 925 -0.600000
918 926 -0.333333
919 927 -0.066667
920 928 0.600000
921 925 0.466667
921 926 0.600000
921 927 0.333333
921 928 0.333333
921 1017 0.600000
922 925 0.866667
922 926 0.333333
922 927 0.733333
922 928 1.000000
922 1018 0.200000
923 925 1.000000
923 926 -0.066667
923 927 1.000000
923 928 0.733333
923 1019 -0.733333
924 925 0.200000
924 926 0.733333
924 927 0.600000
924 928 -0.600000
924 1020 0.200000
925 933 -1.000000
926 934 -0.066667
927 935 0.600000
928 936 -0.866667
929 933 -0.333333
929 934 1.000000
929 935 -0.066667
929 936 0.066667
929 1025 -0.200000
930 933 1.000000
930 934 -0.200000
930 935 0.733333
930 936 0.733333
930 1026 -0.600000
931 933 -0.333333
931 934 -1.000000
931 935 -0.600000
931 936 -0.600000
931 1027 -1.000000
932 933 0.200000
932 934 -0.200000
932 935 1.000000
932 936 0.466667
932 1028 1.000000
933 941 -0.466667
934 942 0.333333
935 943 -0.600000
936 944 -0.466667
937 941 -0.466667
937 942 -0.600000
937 943 -0.333333
937 944 -0.466667
937 1033 -0.600000
938 941 2.333333
938 942 2.333333
938 943 0.733333
938 944 0.600000
938 1034 5.000000
939 941 0.333333
939 942 0.466667
939 943 -0.333333
939 944 0.066667
939 1035 0.466667
940 941 -0.466667
940 942 -0.866667
940 943 0.466667
940 944 -0.333333
940 1036 0.600000
941 949 -5.000000
942 950 0.466667
943 951 -0.733333
944 952 -0.466667
945 949 -0.866667
945 950 -0.466667
945 951 -0.200000
945 952 0.200000
945 1041 -0.200000
946 949 -0.733333
946 950 1.000000
946 951 -0.333333
946 952 0.600000
946 1042 0.466667
947 949 0.066667
947 950 0.333333
947 951 -0.466667
947 952 -0.733333
947 1043 -0.466667
948 949 0.733333
948 950 -0.866667
948 951 -0.200000
948 952 0.333333
948 1044 -0.600000
949 957 0.200000
950 958 0.733333
951 959 1.000000
952 960 0.866667
953 957 -0.200000
953 958 -0.200000
953 959 -0.600000
953 960 -0.333333
953 1049 0.600000
954 957 -1.000000
954 958 0.066667
954 959 0.333333
954 960 0.600000
954 1050 -0.733333
955 957 0.600000
955 958 0.600000
955 959 -1.000000
955 960 0.866667
955 1051 0.733333
956 957 -1.000000
956 958 0.466667
956 959 -0.200000
956 960 -0.066667
956 1052 0.733333
961 965 0.333333
961 966 0.066667
961 967 -1.666667
961 968 0.200000
961 1057 0.200000
962 965 -0.333333
962 966 0.866667
962 967 -0.066667
962 968 1.666667
962 1058 -0.333333
963 965 -0.066667
963 966 0.066667
963 967 -0.866667
963 968 -3.000000
963 1059 0.600000
964 965 0.200000
964 966 -0.600000
964 967 -0.066667
964 968 0.333333
964 1060 0.200000
965 973 -0.866667
966 974 -0.600000
967 975 0.466667
968 976 -0.600000
969 973 0.866667
969 974 -0.866667
969 975 -0.200000
969 976 -0.066667
969 1065 -1.000000
970 973 -1.000000
970 974 0.466667
970 975 0.600000
970 976 0.466667
970 1066 1.000000
971 973 -0.200000
971 974 0.066667
971 975 -0.733333
971 976 -0.733333
971 1067 -0.333333
972 973 -0.466667
972 974 1.000000
972 975 0.600000
972 976 0.733333
972 1068 -0.333333
973 981 -0.333333
974 982 -0.466667
975 983 -0.466667
976 984 1.000000
977 981 -0.333333
977 982 -0.466667
977 983 -1.000000
977 984 0.466667
977 1073 0.600000
978 981 0.733333
978 982 0.066667
978 983 -0.466667
978 984 -0.866667
978 1074 0.200000
979 981 0.066667
979 982 0.866667
979 983 0.733333
979 984 0.333333
979 1075 0.466667
980 981 -1.000000
980 982 -0.866667
980 983 0.066667
980 984 0.066667
980 1076 0.866667
981 989 -0.200000
982 990 0.200000
983 991 0.466667
984 992 -0.733333
985 989 -0.066667
985 990 1.000000
985 991 -0.466667
985 992 -0.866667
985 1081 0.200000
986 989 0.600000
986 990 -1.000000
986 991 0.200000
986 992 0.333333
986 1082 -0.600000
987 989 0.733333
987 990 0.866667
987 991 -0.333333
987 992 0.733333
987 1083 1.000000
988 989 -0.733333
988 990 -0.866667
988 991 1.000000
988 992 -0.600000
988 1084 -0.333333
989 997 0.333333
990 998 0.333333
991 999 0.066667
992 1000 0.866667
993 997 -0.333333
993 998 -1.000000
993 999 -0.466667
993 1000 1.000000
993 1089 0.733333
994 997 -0.600000
994 998 1.000000
994 999 -0.733333
994 1000 -0.866667
994 1090 -0.066667
995 997 0.066667
995 998 0.466667
995 999 0.066667
995 1000 -0.066667
995 1091 -0.466667
996 997 0.200000
996 998 0.066667
996 999 0.600000
996 1000 0.066667
996 1092 0.600000
997 1005 0.733333
998 1006 0.466667
999 1007 0.066667
1000 1008 0.600000
1001 1005 1.000000
1001 1006 0.066667
1001 1007 0.600000
1001 1008 0.600000
1001 1097 1.000000
1002 1005 -3.666667
1002 1006 1.000000
1002 1007 0.866667
1002 1008 -0.333333
1002 1098 -0.466667
1003 1005 0.733333
1003 1006 0.733333
1003 1007 -0.466667
1003 1008 0.866667
1003 1099 -0.333333
1004 1005 -4.333333
1004 1006 0.200000
1004 1007 -0.600000
1004 1008 -0.466667
1004 1100 -1.666667
1005 1013 -0.200000
1006 1014 0.733333
1007 1015 0.600000
1008 1016 0.866667
1009 1013 0.333333
1009 1014 0.200000
1009 1015 0.466667
1009 1016 1.000000
1009 1105 0.733333
1010 1013 -0.733333
1010 1014 -0.733333
1010 1015 0.333333
1010 1016 0.600000
1010 1106 0.333333
1011 1013 -0.200000
1011 1014 -0.066667
1011 1015 0.866667
1011 1016 -0.733333
1011 1107 0.066667
1012 1013 -1.000000
1012 1014 -0.466667
1012 1015 -0.066667
1012 1016 -1.000000
1012 1108 0.066667
1013 1021 -0.600000
1014 1022 -0.866667
1015 1023 0.200000
1016 1024 -0.333333
1017 1021 0.333333
1017 1022 -0.733333
1017 1023 0.866667
1017 1024 0.866667
1017 1113 0.866667
1018 1021 0.466667
1018 1022 -0.333333
1018 1023 -0.200000
1018 1024 0.333333
1018 1114 -0.066667
1019 1021 -0.200000
1019 1022 -0.733333
1019 1023 -0.733333
1019 1024 -0.333333
1019 1115 0.200000
1020 1021 -0.466667
1020 1022 0.733333
1020 1023 -0.600000
1020 1024 -0.466667
1020 1116 1.000000
1021 1029 -1.000000
1022 1030 -0.200000
1023 1031 0.333333
1024 1032 -0.066667
1025 1029 1.666667
1025 1030 -1.000000
1025 1031 -1.000000
1025 1032 -0.066667
1025 1121 0.866667
1026 1029 0.066667
1026 1030 0.333333
1026 1031 1.000000
1026 1032 0.866667
1026 1122 0.466667
1027 1029 4.333333
1027 1030 -0.733333
1027 1031 1.000000
1027 1032 -4.333333
1027 1123 -3.000000
1028 1029 5.000000
1028 1030 0.333333
1028 1031 0.466667
1028 1032 -0.333333
1028 1124 -0.600000
1029 1037 -0.866667
1030 1038 0.066667
1031 1039 0.733333
1032 1040 -0.733333
1033 1037 0.333333
1033 1038 0.066667
1033 1039 0.333333
1033 1040 0.066667
1033 1129 0.333333
1034 1037 0.466667
1034 1038 -4.333333
1034 1039 0.466667
1034 1040 -0.733333
1034 1130 1.000000
1035 1037 -0.200000
1035 1038 0.466667
1035 1039 0.466667
1035 1040 -0.333333
1035 1131 0.066667
1036 1037 0.333333
1036 1038 0.200000
1036 1039 -0.333333
1036 1040 -1.000000
1036 1132 0.066667
1037 1045 0.333333
1038 1046 -0.200000
1039 1047 0.066667
1040 1048 0.866667
1041 1045 -1.000000
1041 1046 0.733333
1041 1047 0.866667
1041 1048 -0.333333
1041 1137 0.733333
1042 1045 0.333333
1042 1046 -0.600000
1042 1047 -0.600000
1042 1048 -0.066667
1042 1138 -0.200000
1043 1045 -0.733333
1043 1046 0.333333
1043 1047 0.600000
1043 1048 1.000000
1043 1139 0.600000
1044 1045 -0.466667
1044 1046 -0.866667
1044 1047 0.066667
1044 1048 -0.866667
1044 1140 0.466667
1045 1053 0.466667
1046 1054 -0.466667
1047 1055 0.733333
1048 1056 -0.066667
1049 1053 -0.600000
1049 1054 0.733333
1049 1055 0.600000
1049 1056 -0.200000
1049 1145 -0.466667
1050 1053 0.866667
1050 1054 -0.333333
1050 1055 -0.066667
1050 1056 -0.866667
1050 1146 0.200000
1051 1053 -0.466667
1051 1054 -0.733333
1051 1055 -0.333333
1051 1056 0.066667
1051 1147 -0.733333
1052 1053 0.200000
1052 1054 -0.600000
1052 1055 -1.000000
1052 1056 -0.733333
1052 1148 1.000000
1057 1061 0.866667
1057 1062 0.466667
1057 1063 -1.000000
1057 1064 4.333333
1058 1061 -0.200000
1058 1062 0.333333
1058 1063 -0.333333
1058 1064 -0.466667
1059 1061 0.333333
1059 1062 0.600000
1059 1063 0.466667
1059 1064 1.000000
1060 1061 -0.466667
1060 1062 -0.333333
1060 1063 -1.000000
1060 1064 0.466667
1061 1069 1.000000
1062 1070 -0.600000
1063 1071 -0.066667
1064 1072 0.466667
1065 1069 -0.200000
1065 1070 0.733333
1065 1071 0.733333
1065 1072 0.600000
1066 1069 0.200000
1066 1070 -0.333333
1066 1071 -0.466667
1066 1072 0.466667
1067 1069 -0.066667
1067 1070 0.466667
1067 1071 0.466667
1067 1072 0.600000
1068 1069 0.733333
1068 1070 -0.066667
1068 1071 0.333333
1068 1072 0.733333
1069 1077 -0.466667
1070 1078 -0.333333
1071 1079 0.066667
1072 1080 -0.066667
1073 1077 -0.200000
1073 1078 0.733333
1073 1079 -0.200000
1073 1080 -0.200000
1074 1077 -0.200000
1074 1078 0.600000
1074 1079 -1.000000
1074 1080 -0.600000
1075 1077 1.000000
1075 1078 -0.333333
1075 1079 -0.333333
1075 1080 -0.600000
1076 1077 0.066667
1076 1078 -0.466667
1076 1079 -0.600000
1076 1080 -0.066667
1077 1085 0.200000
1078 1086 0.866667
1079 1087 0.600000
1080 1088 0.466667
1081 1085 -1.000000
1081 1086 -0.733333
1081 1087 -0.466667
1081 1088 0.733333
1082 1085 -0.066667
1082 1086 0.466667
1082 1087 -0.600000
1082 1088 0.466667
1083 1085 0.333333
1083 1086 0.600000
1083 1087 0.866667
1083 1088 0.333333
1084 1085 -1.000000
1084 1086 0.333333
1084 1087 1.000000
1084 1088 0.466667
1085 1093 -0.866667
1086 1094 -0.866667
1087 1095 -0.200000
1088 1096 0.466667
1089 1093 -0.600000
1089 1094 -0.600000
1089 1095 -0.600000
1089 1096 -2.333333
1090 1093 0.466667
1090 1094 0.466667
1090 1095 -0.200000
1090 1096 0.466667
1091 1093 -0.466667
1091 1094 -0.333333
1091 1095 0.200000
1091 1096 0.200000
1092 1093 -1.000000
1092 1094 -1.000000
1092 1095 -0.733333
1092 1096 -0.600000
1093 1101 0.866667
1094 1102 -0.200000
1095 1103 -0.733333
1096 1104 5.000000
1097 1101 0.066667
1097 1102 -0.600000
1097 1103 0.866667
1097 1104 1.666667
1098 1101 0.600000
1098 1102 0.333333
1098 1103 -1.000000
1098 1104 0.333333
1099 1101 0.466667
1099 1102 -1.000000
1099 1103 -1.000000
1099 1104 0.866667
1100 1101 0.333333
1100 1102 -5.000000
1100 1103 -0.066667
1100 1104 0.600000
1101 1109 -1.000000
1102 1110 -0.466667
1103 1111 0.466667
1104 1112 0.733333
1105 1109 -0.733333
1105 1110 -0.600000
1105 1111 0.466667
1105 1112 -0.333333
1106 1109 0.466667
1106 1110 -1.000000
1106 1111 0.866667
1106 1112 -1.000000
1107 1109 -0.733333
1107 1110 1.000000
1107 1111 0.333333
1107 1112 1.000000
1108 1109 0.333333
1108 1110 0.733333
1108 1111 1.000000
1108 1112 1.000000
1109 1117 -0.466667
1110 1118 0.066667
1111 1119 -0.866667
1112 1120 0.200000
1113 1117 0.333333
1113 1118 0.066667
1113 1119 -0.466667
1113 1120 0.066667
1114 1117 -0.733333
1114 1118 -0.600000
1114 1119 1.000000
1114 1120 -0.333333
1115 1117 1.000000
1115 1118 -0.733333
1115 1119 -0.333333
1115 1120 0.066667
1116 1117 -0.733333
1116 1118 -0.866667
1116 1119 -0.600000
1116 1120 -0.733333
1117 1125 1.000000
1118 1126 -0.333333
1119 1127 0.466667
1120 1128 0.600000
1121 1125 0.333333
1121 1126 -0.200000
1121 1127 -1.000000
1121 1128 0.733333
1122 1125 0.866667
1122 1126 0.866667
1122 1127 -0.333333
1122 1128 0.600000
1123 1125 3.666667
1123 1126 1.000000
1123 1127 0.200000
1123 1128 -1.000000
1124 1125 -2.333333
1124 1126 0.066667
1124 1127 0.600000
1124 1128 0.066667
1125 1133 3.666667
1126 1134 -0.200000
1127 1135 -0.333333
1128 1136 0.333333
1129 1133 -0.733333
1129 1134 0.866667
1129 1135 -1.000000
1129 1136 -0.200000
1130 1133 2.333333
1130 1134 -0.733333
1130 1135 -0.866667
1130 1136 -0.600000
1131 1133 -0.733333
1131 1134 -0.333333
1131 1135 0.066667
1131 1136 0.600000
1132 1133 -0.333333
1132 1134 1.000000
1132 1135 -0.200000
1132 1136 -0.333333
1133 1141 -0.600000
1134 1142 -0.466667
1135 1143 0.200000
1136 1144 -0.466667
1137 1141 0.866667
1137 1142 -0.733333
1137 1143 0.333333
1137 1144 -0.333333
1138 1141 -0.333333
1138 1142 -2.333333
1138 1143 1.000000
1138 1144 -0.066667
1139 1141 -0.866667
1139 1142 0.066667
1139 1143 0.600000
1139 1144 0.333333
1140 1141 0.466667
1140 1142 0.600000
1140 1143 -0.066667
1140 1144 0.866667
1141 1149 0.333333
1142 1150 0.333333
1143 1151 -0.600000
1144 1152 0.866667
1145 1149 0.600000
1145 1150 -0.733333
1145 1151 0.866667
1145 1152 -0.200000
1146 1149 -0.200000
1146 1150 -0.466667
1146 1151 -0.600000
1146 1152 0.200000
1147 1149 0.066667
1147 1150 0.333333
1147 1151 -0.600000
1147 1152 -0.466667
1148 1149 0.733333
1148 1150 0.066667
1148 1151 0.600000
1148 1152 -0.733333