#
1 1 -0.120000
2 2 0.040000
3 3 0.013333
4 4 -0.200000
5 5 -0.013333
6 6 -0.066667
7 7 0.200000
8 8 -0.173333
9 9 -0.146667
10 10 0.093333
11 11 -0.013333
12 12 -0.146667
13 13 0.200000
14 14 0.146667
15 15 0.120000
16 16 -0.093333
17 17 -0.066667
18 18 0.146667
19 19 -0.173333
20 20 -0.066667
21 21 -0.200000
22 22 0.146667
23 23 -0.173333
24 24 0.040000
25 25 0.093333
26 26 -0.093333
27 27 -0.040000
28 28 0.066667
29 29 0.173333
30 30 -0.040000
31 31 0.093333
32 32 0.066667
33 33 -0.093333
34 34 0.146667
35 35 -0.040000
36 36 0.093333
37 37 0.146667
38 38 0.173333
39 39 0.146667
40 40 0.200000
41 41 0.200000
42 42 -0.040000
43 43 -0.146667
44 44 0.066667
45 45 0.040000
46 46 0.093333
47 47 -0.200000
48 48 0.040000
49 49 -0.120000
50 50 -0.066667
51 51 -0.066667
52 52 0.146667
53 53 0.013333
54 54 -0.200000
55 55 -0.146667
56 56 -0.120000
57 57 -0.200000
58 58 0.173333
59 59 0.040000
60 60 -0.066667
61 61 -0.200000
62 62 0.013333
63 63 0.120000
64 64 0.093333
65 65 -0.040000
66 66 -0.173333
67 67 0.066667
68 68 0.200000
69 69 -0.040000
70 70 0.040000
71 71 0.173333
72 72 -0.200000
73 73 0.146667
74 74 -0.093333
75 75 0.066667
76 76 -0.066667
77 77 0.093333
78 78 0.173333
79 79 0.066667
80 80 0.200000
81 81 -0.200000
82 82 0.013333
83 83 0.146667
84 84 -0.066667
85 85 -0.040000
86 86 0.146667
87 87 0.146667
88 88 -0.146667
89 89 0.040000
90 90 0.013333
91 91 0.120000
92 92 0.040000
93 93 -0.093333
94 94 0.066667
95 95 -0.013333
96 96 0.120000
97 97 0.066667
98 98 -0.013333
99 99 -0.013333
100 100 -0.146667
101 101 -0.013333
102 102 0.066667
103 103 -0.120000
104 104 0.146667
105 105 -0.093333
106 106 -0.120000
107 107 0.146667
108 108 0.093333
109 109 -0.146667
110 110 -0.146667
111 111 0.013333
112 112 -0.146667
113 113 -0.013333
114 114 -0.040000
115 115 -0.173333
116 116 -0.120000
117 117 -0.013333
118 118 0.120000
119 119 -0.120000
120 120 0.173333
121 121 0.013333
122 122 0.093333
123 123 0.200000
124 124 0.146667
125 125 0.173333
126 126 -0.040000
127 127 -0.040000
128 128 -0.173333
129 129 -0.120000
130 130 -0.173333
131 131 -0.120000
132 132 -0.040000
133 133 -0.146667
134 134 -0.120000
135 135 0.200000
136 136 -0.013333
137 137 -0.173333
138 138 0.120000
139 139 -0.173333
140 140 -0.066667
141 141 -0.013333
142 142 0.173333
143 143 -0.146667
144 144 0.040000
145 145 0.120000
146 146 -0.120000
147 147 -0.013333
148 148 -0.066667
149 149 0.200000
150 150 -0.200000
151 151 -0.040000
152 152 0.066667
153 153 -0.013333
154 154 0.146667
155 155 0.200000
156 156 0.040000
157 157 0.173333
158 158 0.120000
159 159 -0.013333
160 160 0.013333
161 161 0.093333
162 162 0.013333
163 163 0.066667
164 164 -0.120000
165 165 -0.040000
166 166 0.093333
167 167 -0.040000
168 168 -0.173333
169 169 0.146667
170 170 0.173333
171 171 0.066667
172 172 -0.066667
173 173 -0.200000
174 174 0.093333
175 175 -0.066667
176 176 0.066667
177 177 0.066667
178 178 -0.120000
179 179 -0.120000
180 180 0.066667
181 181 0.200000
182 182 -0.093333
183 183 -0.040000
184 184 -0.173333
185 185 -0.013333
186 186 0.066667
187 187 -0.120000
188 188 0.013333
189 189 0.093333
190 190 -0.173333
191 191 0.093333
192 192 -0.093333
193 193 -0.173333
194 194 -0.093333
195 195 -0.013333
196 196 0.013333
197 197 -0.173333
198 198 -0.146667
199 199 -0.120000
200 200 0.120000
201 201 -0.120000
202 202 -0.173333
203 203 0.120000
204 204 -0.173333
205 205 -0.013333
206 206 0.200000
207 207 0.093333
208 208 0.200000
209 209 0.120000
210 210 0.066667
211 211 -0.093333
212 212 0.040000
213 213 -0.200000
214 214 -0.146667
215 215 -0.040000
216 216 0.120000
217 217 -0.120000
218 218 0.120000
219 219 0.173333
220 220 -0.146667
221 221 -0.200000
222 222 -0.146667
223 223 0.200000
224 224 0.093333
225 225 0.146667
226 226 0.120000
227 227 0.013333
228 228 0.066667
229 229 -0.146667
230 230 0.013333
231 231 -0.040000
232 232 0.173333
233 233 -0.173333
234 234 0.200000
235 235 -0.200000
236 236 0.093333
237 237 -0.093333
238 238 0.146667
239 239 -0.040000
240 240 0.173333
241 241 0.040000
242 242 -0.013333
243 243 0.146667
244 244 0.200000
245 245 -0.013333
246 246 0.173333
247 247 -0.146667
248 248 0.120000
249 249 -0.200000
250 250 0.066667
251 251 0.120000
252 252 0.173333
253 253 -0.120000
254 254 0.013333
255 255 0.093333
256 256 -0.200000
257 257 -0.146667
258 258 -0.040000
259 259 0.040000
260 260 -0.013333
261 261 -0.173333
262 262 -0.120000
263 263 -0.173333
264 264 0.013333
265 265 -0.120000
266 266 -0.146667
267 267 0.200000
268 268 0.146667
269 269 -0.146667
270 270 0.013333
271 271 0.013333
272 272 0.040000
273 273 0.040000
274 274 -0.093333
275 275 0.200000
276 276 -0.066667
277 277 -0.120000
278 278 -0.120000
279 279 -0.120000
280 280 0.093333
281 281 0.120000
282 282 -0.040000
283 283 0.200000
284 284 -0.200000
285 285 -0.200000
286 286 0.040000
287 287 0.013333
288 288 -0.120000
289 289 0.146667
290 290 -0.040000
291 291 0.093333
292 292 0.146667
293 293 0.120000
294 294 0.200000
295 295 -0.066667
296 296 -0.040000
297 297 -0.120000
298 298 -0.066667
299 299 0.040000
300 300 0.040000
301 301 -0.146667
302 302 0.040000
303 303 0.120000
304 304 -0.040000
305 305 -0.120000
306 306 -0.173333
307 307 0.013333
308 308 -0.200000
309 309 0.200000
310 310 -0.146667
311 311 0.146667
312 312 0.173333
313 313 0.093333
314 314 -0.200000
315 315 0.146667
316 316 0.146667
317 317 0.120000
318 318 0.173333
319 319 0.146667
320 320 0.093333
321 321 -0.066667
322 322 0.013333
323 323 -0.146667
324 324 0.173333
325 325 -0.146667
326 326 0.093333
327 327 -0.013333
328 328 -0.040000
329 329 0.066667
330 330 0.146667
331 331 0.066667
332 332 -0.093333
333 333 -0.120000
334 334 -0.013333
335 335 0.040000
336 336 0.120000
337 337 0.200000
338 338 -0.066667
339 339 -0.173333
340 340 -0.093333
341 341 0.066667
342 342 -0.040000
343 343 -0.040000
344 344 0.146667
345 345 0.093333
346 346 0.146667
347 347 0.120000
348 348 -0.040000
349 349 -0.093333
350 350 -0.013333
351 351 0.146667
352 352 0.093333
353 353 0.093333
354 354 -0.173333
355 355 0.120000
356 356 -0.093333
357 357 0.093333
358 358 0.200000
359 359 0.066667
360 360 0.120000
361 361 -0.120000
362 362 0.120000
363 363 0.013333
364 364 -0.200000
365 365 -0.146667
366 366 0.173333
367 367 0.200000
368 368 0.066667
369 369 0.146667
370 370 0.173333
371 371 0.040000
372 372 -0.120000
373 373 0.066667
374 374 -0.040000
375 375 -0.093333
376 376 -0.120000
377 377 -0.200000
378 378 0.200000
379 379 0.120000
380 380 -0.120000
381 381 0.066667
382 382 -0.093333
383 383 -0.146667
384 384 -0.173333
385 385 0.066667
386 386 0.013333
387 387 -0.200000
388 388 0.040000
389 389 0.013333
390 390 0.173333
391 391 0.040000
392 392 -0.173333
393 393 -0.066667
394 394 0.173333
395 395 0.040000
396 396 0.173333
397 397 -0.146667
398 398 0.066667
399 399 0.200000
400 400 -0.200000
401 401 0.200000
402 402 0.146667
403 403 0.093333
404 404 0.040000
405 405 -0.066667
406 406 -0.146667
407 407 -0.120000
408 408 -0.013333
409 409 -0.173333
410 410 -0.093333
411 411 0.146667
412 412 0.093333
413 413 -0.173333
414 414 0.146667
415 415 -0.066667
416 416 -0.200000
417 417 -0.173333
418 418 0.093333
419 419 0.146667
420 420 -0.200000
421 421 0.066667
422 422 0.040000
423 423 -0.066667
424 424 0.146667
425 425 -0.146667
426 426 0.120000
427 427 -0.040000
428 428 0.146667
429 429 0.066667
430 430 0.146667
431 431 0.200000
432 432 0.146667
433 433 0.066667
434 434 0.066667
435 435 0.040000
436 436 -0.066667
437 437 0.013333
438 438 0.066667
439 439 -0.040000
440 440 -0.040000
441 441 0.146667
442 442 -0.040000
443 443 -0.146667
444 444 -0.200000
445 445 0.066667
446 446 -0.093333
447 447 0.200000
448 448 0.146667
449 449 0.120000
450 450 0.120000
451 451 -0.040000
452 452 0.093333
453 453 -0.093333
454 454 0.040000
455 455 -0.040000
456 456 -0.146667
457 457 -0.120000
458 458 0.066667
459 459 -0.013333
460 460 -0.120000
461 461 0.146667
462 462 -0.146667
463 463 0.066667
464 464 -0.066667
465 465 0.040000
466 466 0.173333
467 467 0.093333
468 468 0.120000
469 469 0.093333
470 470 0.093333
471 471 0.173333
472 472 -0.146667
473 473 0.146667
474 474 0.173333
475 475 -0.173333
476 476 0.200000
477 477 -0.173333
478 478 0.066667
479 479 -0.200000
480 480 -0.093333
481 481 0.093333
482 482 -0.173333
483 483 -0.093333
484 484 0.040000
485 485 -0.093333
486 486 0.146667
487 487 -0.066667
488 488 0.066667
489 489 -0.040000
490 490 -0.173333
491 491 0.013333
492 492 0.093333
493 493 0.200000
494 494 -0.066667
495 495 -0.146667
496 496 0.040000
497 497 0.066667
498 498 0.013333
499 499 0.093333
500 500 0.120000
501 501 0.040000
502 502 -0.173333
503 503 0.013333
504 504 0.146667
505 505 -0.200000
506 506 -0.146667
507 507 0.093333
508 508 -0.093333
509 509 0.120000
510 510 0.040000
511 511 -0.200000
512 512 -0.040000
513 513 -0.066667
514 514 -0.066667
515 515 0.120000
516 516 -0.120000
517 517 0.200000
518 518 0.200000
519 519 0.040000
520 520 -0.146667
521 521 0.200000
522 522 0.146667
523 523 -0.093333
524 524 -0.173333
525 525 -0.173333
526 526 0.013333
527 527 0.013333
528 528 0.200000
529 529 -0.093333
530 530 -0.013333
531 531 -0.120000
532 532 -0.093333
533 533 0.013333
534 534 -0.146667
535 535 -0.066667
536 536 -0.093333
537 537 0.013333
538 538 0.173333
539 539 -0.040000
540 540 0.040000
541 541 0.066667
542 542 0.120000
543 543 0.013333
544 544 0.040000
545 545 -0.120000
546 546 0.173333
547 547 -0.040000
548 548 0.040000
549 549 0.146667
550 550 -0.120000
551 551 -0.066667
552 552 0.093333
553 553 0.200000
554 554 0.120000
555 555 -0.093333
556 556 0.146667
557 557 0.093333
558 558 -0.200000
559 559 0.093333
560 560 -0.066667
561 561 0.066667
562 562 -0.040000
563 563 0.066667
564 564 -0.146667
565 565 -0.120000
566 566 -0.200000
567 567 0.146667
568 568 -0.146667
569 569 -0.200000
570 570 0.173333
571 571 -0.093333
572 572 0.173333
573 573 0.173333
574 574 0.120000
575 575 -0.120000
576 576 0.173333
577 577 0.093333
578 578 0.146667
579 579 -0.173333
580 580 -0.120000
581 581 -0.173333
582 582 0.120000
583 583 0.066667
584 584 -0.120000
585 585 0.066667
586 586 -0.066667
587 587 -0.200000
588 588 -0.200000
589 589 0.200000
590 590 -0.200000
591 591 -0.066667
592 592 -0.146667
593 593 -0.120000
594 594 0.013333
595 595 0.093333
596 596 -0.173333
597 597 -0.013333
598 598 0.093333
599 599 -0.146667
600 600 -0.040000
601 601 0.146667
602 602 0.120000
603 603 -0.200000
604 604 -0.200000
605 605 -0.200000
606 606 0.013333
607 607 -0.146667
608 608 0.120000
609 609 0.146667
610 610 -0.013333
611 611 0.120000
612 612 -0.040000
613 613 -0.200000
614 614 -0.093333
615 615 -0.120000
616 616 -0.093333
617 617 -0.120000
618 618 0.200000
619 619 -0.013333
620 620 -0.173333
621 621 0.120000
622 622 0.013333
623 623 -0.146667
624 624 0.173333
625 625 -0.200000
626 626 0.013333
627 627 -0.066667
628 628 -0.093333
629 629 -0.013333
630 630 0.146667
631 631 0.066667
632 632 0.040000
633 633 -0.093333
634 634 -0.066667
635 635 -0.173333
636 636 -0.120000
637 637 0.120000
638 638 -0.173333
639 639 0.093333
640 640 0.173333
641 641 0.040000
642 642 -0.093333
643 643 0.013333
644 644 -0.200000
645 645 0.200000
646 646 0.146667
647 647 0.040000
648 648 -0.066667
649 649 -0.173333
650 650 0.146667
651 651 -0.120000
652 652 -0.200000
653 653 0.066667
654 654 -0.173333
655 655 -0.040000
656 656 -0.040000
657 657 -0.200000
658 658 0.200000
659 659 0.093333
660 660 0.120000
661 661 0.013333
662 662 -0.120000
663 663 0.013333
664 664 0.173333
665 665 0.013333
666 666 0.200000
667 667 0.093333
668 668 -0.120000
669 669 0.120000
670 670 0.040000
671 671 0.200000
672 672 0.093333
673 673 -0.093333
674 674 0.013333
675 675 -0.146667
676 676 -0.013333
677 677 0.200000
678 678 0.200000
679 679 0.013333
680 680 0.120000
681 681 0.200000
682 682 -0.040000
683 683 0.146667
684 684 0.093333
685 685 -0.200000
686 686 0.200000
687 687 0.146667
688 688 -0.146667
689 689 -0.173333
690 690 0.040000
691 691 -0.093333
692 692 -0.120000
693 693 -0.066667
694 694 0.040000
695 695 0.013333
696 696 -0.066667
697 697 0.066667
698 698 -0.200000
699 699 0.066667
700 700 -0.146667
701 701 -0.040000
702 702 0.066667
703 703 -0.173333
704 704 -0.040000
705 705 -0.200000
706 706 -0.066667
707 707 0.093333
708 708 0.120000
709 709 -0.173333
710 710 0.013333
711 711 0.173333
712 712 0.013333
713 713 0.200000
714 714 0.120000
715 715 -0.200000
716 716 -0.040000
717 717 -0.146667
718 718 0.066667
719 719 0.040000
720 720 -0.120000
721 721 -0.173333
722 722 -0.173333
723 723 -0.066667
724 724 0.146667
725 725 0.066667
726 726 0.013333
727 727 0.066667
728 728 -0.120000
729 729 -0.066667
730 730 -0.013333
731 731 -0.066667
732 732 0.066667
733 733 -0.013333
734 734 -0.013333
735 735 -0.013333
736 736 0.066667
737 737 0.173333
738 738 -0.040000
739 739 0.146667
740 740 0.066667
741 741 0.146667
742 742 -0.066667
743 743 0.040000
744 744 0.093333
745 745 0.120000
746 746 0.146667
747 747 -0.040000
748 748 0.146667
749 749 -0.146667
750 750 0.200000
751 751 -0.066667
752 752 0.173333
753 753 0.173333
754 754 0.066667
755 755 0.173333
756 756 -0.040000
757 757 -0.013333
758 758 0.093333
759 759 -0.013333
760 760 0.066667
761 761 0.066667
762 762 -0.040000
763 763 -0.040000
764 764 0.200000
765 765 0.173333
766 766 0.146667
767 767 0.120000
768 768 -0.200000
769 769 -0.173333
770 770 -0.200000
771 771 -0.013333
772 772 0.146667
773 773 0.173333
774 774 -0.013333
775 775 0.093333
776 776 0.066667
777 777 -0.120000
778 778 0.200000
779 779 0.013333
780 780 0.200000
781 781 0.013333
782 782 -0.120000
783 783 0.013333
784 784 -0.200000
785 785 0.173333
786 786 0.146667
787 787 0.146667
788 788 0.200000
789 789 -0.146667
790 790 0.146667
791 791 0.200000
792 792 0.120000
793 793 -0.120000
794 794 -0.146667
795 795 -0.120000
796 796 0.120000
797 797 -0.040000
798 798 0.146667
799 799 0.040000
800 800 -0.093333
801 801 -0.040000
802 802 0.173333
803 803 -0.146667
804 804 0.120000
805 805 0.066667
806 806 0.013333
807 807 0.120000
808 808 0.146667
809 809 -0.040000
810 810 0.093333
811 811 -0.093333
812 812 -0.200000
813 813 -0.066667
814 814 -0.120000
815 815 0.146667
816 816 -0.146667
817 817 0.200000
818 818 0.120000
819 819 0.146667
820 820 -0.120000
821 821 -0.120000
822 822 -0.173333
823 823 -0.013333
824 824 0.040000
825 825 -0.200000
826 826 -0.093333
827 827 0.013333
828 828 0.200000
829 829 0.040000
830 830 -0.066667
831 831 -0.120000
832 832 -0.013333
833 833 -0.120000
834 834 0.093333
835 835 -0.200000
836 836 -0.066667
837 837 0.013333
838 838 -0.120000
839 839 0.013333
840 840 0.146667
841 841 0.066667
842 842 -0.013333
843 843 0.120000
844 844 -0.200000
845 845 -0.120000
846 846 -0.066667
847 847 -0.173333
848 848 0.040000
849 849 0.066667
850 850 0.173333
851 851 0.173333
852 852 -0.013333
853 853 -0.173333
854 854 -0.173333
855 855 -0.200000
856 856 0.173333
857 857 -0.013333
858 858 0.093333
859 859 -0.146667
860 860 -0.200000
861 861 -0.093333
862 862 0.040000
863 863 -0.120000
864 864 -0.146667
865 865 -0.200000
866 866 -0.040000
867 867 -0.066667
868 868 0.146667
869 869 0.093333
870 870 0.093333
871 871 0.013333
872 872 -0.040000
873 873 -0.093333
874 874 -0.040000
875 875 -0.173333
876 876 0.040000
877 877 0.173333
878 878 0.200000
879 879 0.146667
880 880 0.093333
881 881 -0.173333
882 882 0.093333
883 883 0.066667
884 884 0.146667
885 885 -0.040000
886 886 -0.013333
887 887 -0.120000
888 888 0.040000
889 889 0.200000
890 890 0.013333
891 891 0.093333
892 892 0.200000
893 893 0.066667
894 894 -0.013333
895 895 -0.093333
896 896 -0.066667
897 897 0.173333
898 898 0.173333
899 899 0.066667
900 900 -0.093333
901 901 -0.146667
902 902 0.040000
903 903 0.093333
904 904 -0.146667
905 905 0.093333
906 906 0.066667
907 907 0.200000
908 908 -0.066667
909 909 0.013333
910 910 -0.200000
911 911 0.013333
912 912 0.040000
913 913 0.040000
914 914 0.173333
915 915 -0.013333
916 916 0.093333
917 917 -0.013333
918 918 -0.173333
919 919 -0.173333
920 920 0.093333
921 921 0.013333
922 922 0.040000
923 923 -0.040000
924 924 -0.013333
925 925 -0.173333
926 926 0.040000
927 927 0.146667
928 928 0.120000
929 929 -0.120000
930 930 -0.200000
931 931 0.120000
932 932 0.013333
933 933 -0.093333
934 934 -0.120000
935 935 0.093333
936 936 0.040000
937 937 0.093333
938 938 0.120000
939 939 0.120000
940 940 -0.200000
941 941 -0.093333
942 942 0.120000
943 943 0.173333
944 944 0.173333
945 945 0.093333
946 946 0.120000
947 947 0.146667
948 948 -0.066667
949 949 -0.040000
950 950 -0.066667
951 951 0.093333
952 952 0.173333
953 953 0.200000
954 954 -0.146667
955 955 0.040000
956 956 -0.013333
957 957 0.040000
958 958 0.040000
959 959 -0.093333
960 960 0.066667
961 961 0.173333
962 962 -0.173333
963 963 -0.066667
964 964 0.040000
965 965 0.013333
966 966 -0.040000
967 967 -0.200000
968 968 0.200000
969 969 -0.200000
970 970 -0.173333
971 971 -0.040000
972 972 0.146667
973 973 0.120000
974 974 0.013333
975 975 0.146667
976 976 0.040000
977 977 0.093333
978 978 -0.173333
979 979 -0.066667
980 980 0.200000
981 981 -0.120000
982 982 -0.066667
983 983 -0.146667
984 984 -0.200000
985 985 -0.173333
986 986 0.120000
987 987 0.013333
988 988 0.013333
989 989 0.013333
990 990 -0.093333
991 991 -0.093333
992 992 0.200000
993 993 0.173333
994 994 -0.093333
995 995 0.120000
996 996 -0.173333
997 997 -0.200000
998 998 -0.120000
999 999 0.200000
1000 1000 -0.066667
1001 1001 0.093333
1002 1002 0.013333
1003 1003 0.146667
1004 1004 0.173333
1005 1005 0.040000
1006 1006 0.066667
1007 1007 -0.146667
1008 1008 -0.093333
1009 1009 -0.040000
1010 1010 -0.040000
1011 1011 -0.173333
1012 1012 -0.120000
1013 1013 0.093333
1014 1014 -0.093333
1015 1015 0.120000
1016 1016 0.013333
1017 1017 -0.013333
1018 1018 -0.173333
1019 1019 -0.066667
1020 1020 0.173333
1021 1021 -0.013333
1022 1022 0.093333
1023 1023 -0.013333
1024 1024 -0.120000
1025 1025 0.173333
1026 1026 -0.200000
1027 1027 -0.093333
1028 1028 0.146667
1029 1029 -0.173333
1030 1030 -0.066667
1031 1031 0.173333
1032 1032 0.173333
1033 1033 -0.093333
1034 1034 -0.093333
1035 1035 0.013333
1036 1036 -0.200000
1037 1037 0.173333
1038 1038 0.013333
1039 1039 -0.066667
1040 1040 -0.066667
1041 1041 0.173333
1042 1042 -0.173333
1043 1043 -0.120000
1044 1044 -0.146667
1045 1045 0.093333
1046 1046 0.146667
1047 1047 -0.120000
1048 1048 -0.146667
1049 1049 0.120000
1050 1050 -0.120000
1051 1051 -0.093333
1052 1052 0.200000
1053 1053 -0.093333
1054 1054 -0.200000
1055 1055 -0.120000
1056 1056 0.040000
1057 1057 0.173333
1058 1058 -0.173333
1059 1059 -0.093333
1060 1060 -0.013333
1061 1061 0.013333
1062 1062 -0.200000
1063 1063 0.040000
1064 1064 0.200000
1065 1065 -0.093333
1066 1066 -0.040000
1067 1067 -0.146667
1068 1068 0.200000
1069 1069 0.093333
1070 1070 0.146667
1071 1071 -0.093333
1072 1072 -0.093333
1073 1073 -0.146667
1074 1074 -0.120000
1075 1075 -0.200000
1076 1076 0.120000
1077 1077 -0.040000
1078 1078 0.066667
1079 1079 -0.120000
1080 1080 0.200000
1081 1081 -0.120000
1082 1082 0.066667
1083 1083 0.120000
1084 1084 -0.013333
1085 1085 -0.173333
1086 1086 -0.120000
1087 1087 0.173333
1088 1088 -0.173333
1089 1089 0.093333
1090 1090 0.093333
1091 1091 -0.066667
1092 1092 -0.173333
1093 1093 0.013333
1094 1094 -0.066667
1095 1095 -0.066667
1096 1096 -0.093333
1097 1097 -0.040000
1098 1098 -0.013333
1099 1099 0.040000
1100 1100 -0.200000
1101 1101 -0.146667
1102 1102 0.146667
1103 1103 -0.200000
1104 1104 -0.200000
1105 1105 0.146667
1106 1106 -0.200000
1107 1107 0.120000
1108 1108 0.146667
1109 1109 -0.146667
1110 1110 -0.146667
1111 1111 0.120000
1112 1112 -0.066667
1113 1113 -0.013333
1114 1114 -0.040000
1115 1115 0.173333
1116 1116 -0.093333
1117 1117 -0.066667
1118 1118 -0.013333
1119 1119 -0.200000
1120 1120 0.120000
1121 1121 0.146667
1122 1122 -0.013333
1123 1123 0.066667
1124 1124 -0.120000
1125 1125 0.013333
1126 1126 -0.173333
1127 1127 0.066667
1128 1128 0.120000
1129 1129 -0.093333
1130 1130 0.013333
1131 1131 0.040000
1132 1132 -0.040000
1133 1133 0.013333
1134 1134 0.040000
1135 1135 -0.066667
1136 1136 0.040000
1137 1137 -0.013333
1138 1138 -0.146667
1139 1139 -0.013333
1140 1140 -0.040000
1141 1141 0.200000
1142 1142 0.120000
1143 1143 -0.146667
1144 1144 0.040000
1145 1145 0.040000
1146 1146 -0.040000
1147 1147 0.146667
1148 1148 0.120000
1149 1149 -0.146667
1150 1150 0.040000
1151 1151 -0.200000
1152 1152 -0.040000
1 5 0.600000
1 6 -0.733333
1 7 -0.333333
1 8 0.200000
1 97 0.066667
2 5 1.000000
2 6 0.866667
2 7 3.000000
2 8 -1.000000
2 98 3.000000
3 5 -0.466667
3 6 0.466667
3 7 0.200000
3 8 1.000000
3 99 -0.200000
4 5 0.466667
4 6 -0.333333
4 7 0.333333
4 8 -0.866667
4 100 0.600000
5 13 0.866667
6 14 2.333333
7 15 0.600000
8 16 -0.466667
9 13 0.333333
9 14 0.200000
9 15 -0.866667
9 16 -0.466667
9 105 -0.733333
10 13 0.200000
10 14 0.733333
10 15 0.600000
10 16 0.333333
10 106 -1.000000
11 13 0.066667
11 14 -1.666667
11 15 -1.000000
11 16 -2.333333
11 107 0.600000
12 13 -0.066667
12 14 0.200000
12 15 -1.000000
12 16 1.000000
12 108 -0.066667
13 21 -0.200000
14 22 -1.666667
15 23 -2.333333
16 24 -0.733333
17 21 -0.866667
17 22 0.733333
17 23 -0.600000
17 24 5.000000
17 113 0.466667
18 21 -3.666667
18 22 5.000000
18 23 0.733333
18 24 1.000000
18 114 1.666667
19 21 -0.200000
19 22 4.333333
19 23 -1.000000
19 24 -0.333333
19 115 1.000000
20 21 1.000000
20 22 -3.000000
20 23 -0.333333
20 24 0.866667
20 116 1.666667
21 29 -0.733333
22 30 0.600000
23 31 -0.466667
24 32 2.333333
25 29 -1.000000
25 30 -0.733333
25 31 -1.000000
25 32 -0.333333
25 121 -0.733333
26 29 0.733333
26 30 -1.000000
26 31 0.466667
26 32 0.600000
26 122 0.600000
27 29 0.733333
27 30 -0.866667
27 31 0.733333
27 32 -0.733333
27 123 -0.333333
28 29 0.466667
28 30 2.333333
28 31 1.666667
28 32 -3.000000
28 124 -0.200000
29 37 -0.733333
30 38 0.200000
31 39 0.200000
32 40 -0.066667
33 37 -0.066667
33 38 0.600000
33 39 0.600000
33 40 0.066667
33 129 0.333333
34 37 -0.866667
34 38 0.866667
34 39 1.000000
34 40 -0.333333
34 130 1.000000
35 37 1.000000
35 38 -0.466667
35 39 0.466667
35 40 -0.333333
35 131 0.600000
36 37 -0.733333
36 38 0.733333
36 39 -0.200000
36 40 -0.066667
36 132 -0.466667
37 45 -0.333333
38 46 0.733333
39 47 0.066667
40 48 0.733333
41 45 0.333333
41 46 -0.600000
41 47 1.000000
41 48 -3.000000
41 137 0.733333
42 45 0.066667
42 46 0.866667
42 47 0.600000
42 48 0.066667
42 138 5.000000
43 45 -0.333333
43 46 -1.000000
43 47 -1.000000
43 48 0.733333
43 139 -0.600000
44 45 0.600000
44 46 4.333333
44 47 -0.466667
44 48 -0.200000
44 140 -0.733333
45 53 0.333333
46 54 -0.733333
47 55 -0.200000
48 56 -1.000000
49 53 0.066667
49 54 0.200000
49 55 1.000000
49 56 -0.066667
49 145 0.733333
50 53 1.000000
50 54 0.600000
50 55 -0.600000
50 56 0.066667
50 146 -0.733333
51 53 -1.000000
51 54 -0.066667
51 55 -1.000000
51 56 -0.600000
51 147 -0.200000
52 53 -0.333333
52 54 -0.200000
52 55 -0.200000
52 56 0.466667
52 148 0.066667
53 61 0.733333
54 62 0.866667
55 63 -0.600000
56 64 0.466667
57 61 0.866667
57 62 -0.866667
57 63 -1.000000
57 64 1.000000
57 153 0.866667
58 61 -0.066667
58 62 5.000000
58 63 -0.066667
58 64 1.000000
58 154 -5.000000
59 61 -0.733333
59 62 -0.866667
59 63 -0.733333
59 64 0.600000
59 155 -1.000000
60 61 0.066667
60 62 0.333333
60 63 0.866667
60 64 0.066667
60 156 -0.733333
61 69 1.000000
62 70 -3.000000
63 71 -1.666667
64 72 -2.333333
65 69 -1.000000
65 70 1.666667
65 71 -0.733333
65 72 -0.600000
65 161 -0.600000
66 69 0.866667
66 70 -1.666667
66 71 5.000000
66 72 -0.866667
66 162 0.333333
67 69 -1.000000
67 70 4.333333
67 71 0.333333
67 72 0.333333
67 163 0.866667
68 69 0.333333
68 70 0.333333
68 71 -0.466667
68 72 -0.600000
68 164 -0.600000
69 77 -1.000000
70 78 0.333333
71 79 -0.466667
72 80 -0.600000
73 77 1.000000
73 78 1.000000
73 79 0.866667
73 80 0.066667
73 169 -0.733333
74 77 0.733333
74 78 0.466667
74 79 1.000000
74 80 -0.866667
74 170 -0.466667
75 77 -0.066667
75 78 -0.866667
75 79 0.200000
75 80 -0.333333
75 171 0.333333
76 77 0.200000
76 78 0.733333
76 79 0.200000
76 80 0.733333
76 172 -0.733333
77 85 0.466667
78 86 0.600000
79 87 -0.466667
80 88 -0.200000
81 85 -0.200000
81 86 0.600000
81 87 -0.466667
81 88 -0.600000
81 177 0.200000
82 85 -1.000000
82 86 0.333333
82 87 -0.200000
82 88 -0.866667
82 178 -0.066667
83 85 -0.066667
83 86 0.466667
83 87 0.866667
83 88 0.733333
83 179 -0.866667
84 85 -0.333333
84 86 0.200000
84 87 0.600000
84 88 0.333333
84 180 0.200000
85 93 -0.866667
86 94 0.466667
87 95 -0.200000
88 96 0.466667
89 93 -0.066667
89 94 -0.466667
89 95 0.200000
89 96 0.066667
89 185 0.066667
90 93 0.600000
90 94 0.466667
90 95 -1.000000
90 96 0.866667
90 186 0.733333
91 93 -0.200000
91 94 -1.000000
91 95 -0.466667
91 96 -0.733333
91 187 -0.600000
92 93 -0.466667
92 94 0.466667
92 95 0.733333
92 96 -0.733333
92 188 0.600000
97 101 -0.066667
97 102 0.733333
97 103 0.333333
97 104 1.000000
97 193 -0.600000
98 101 5.000000
98 102 -0.066667
98 103 -0.600000
98 104 0.733333
98 194 -1.000000
99 101 -2.333333
99 102 -0.333333
99 103 -0.600000
99 104 -5.000000
99 195 -1.666667
100 101 -0.466667
100 102 0.200000
100 103 -0.866667
100 104 0.733333
100 196 -0.866667
101 109 -3.666667
102 110 0.733333
103 111 -0.733333
104 112 5.000000
105 109 0.333333
105 110 0.866667
105 111 0.066667
105 112 0.066667
105 201 4.333333
106 109 -1.000000
106 110 0.733333
106 111 0.866667
106 112 -0.333333
106 202 -0.466667
107 109 0.866667
107 110 -0.200000
107 111 -0.733333
107 112 -0.733333
107 203 0.733333
108 109 -0.866667
108 110 -0.333333
108 111 0.866667
108 112 -0.333333
108 204 0.066667
109 117 -0.866667
110 118 -0.866667
111 119 1.000000
112 120 -3.666667
113 117 1.000000
113 118 -0.733333
113 119 -0.600000
113 120 -1.000000
113 209 0.200000
114 117 -0.466667
114 118 0.733333
114 119 0.066667
114 120 5.000000
114 210 -0.333333
115 117 -0.600000
115 118 1.000000
115 119 -1.000000
115 120 -0.866667
115 211 5.000000
116 117 -0.200000
116 118 0.066667
116 119 0.466667
116 120 0.466667
116 212 -0.333333
117 125 -0.066667
118 126 -0.466667
119 127 -0.733333
120 128 -2.333333
121 125 0.466667
121 126 1.000000
121 127 1.000000
121 128 -0.866667
121 217 -0.600000
122 125 -0.333333
122 126 -0.866667
122 127 -0.733333
122 128 -0.200000
122 218 0.600000
123 125 1.000000
123 126 -1.000000
123 127 0.466667
123 128 -0.466667
123 219 0.200000
124 125 0.866667
124 126 0.333333
124 127 0.333333
124 128 -0.200000
124 220 -0.200000
125 133 0.200000
126 134 -0.600000
127 135 0.333333
128 136 0.733333
129 133 -1.000000
129 134 0.333333
129 135 0.733333
129 136 -2.333333
129 225 0.600000
130 133 0.733333
130 134 -1.000000
130 135 -1.000000
130 136 -0.866667
130 226 4.333333
131 133 -0.600000
131 134 -5.000000
131 135 -1.000000
131 136 0.333333
131 227 -5.000000
132 133 -4.333333
132 134 0.200000
132 135 2.333333
132 136 -1.666667
132 228 -3.000000
133 141 0.333333
134 142 -0.600000
135 143 0.866667
136 144 -0.466667
137 141 -1.000000
137 142 0.333333
137 143 0.200000
137 144 0.333333
137 233 0.866667
138 141 -0.466667
138 142 -0.733333
138 143 -1.000000
138 144 0.600000
138 234 -1.000000
139 141 -1.000000
139 142 -0.200000
139 143 0.333333
139 144 -0.333333
139 235 0.333333
140 141 3.000000
140 142 0.200000
140 143 -0.333333
140 144 0.866667
140 236 0.066667
141 149 0.600000
142 150 -0.733333
143 151 1.000000
144 152 0.066667
145 149 0.466667
145 150 -0.066667
145 151 1.000000
145 152 -0.200000
145 241 -0.333333
146 149 0.733333
146 150 -0.333333
146 151 0.466667
146 152 -0.600000
146 242 -1.000000
147 149 0.866667
147 150 0.200000
147 151 0.600000
147 152 0.466667
147 243 -0.066667
148 149 0.066667
148 150 -1.000000
148 151 0.333333
148 152 0.733333
148 244 0.066667
149 157 -0.066667
150 158 -0.733333
151 159 0.733333
152 160 0.200000
153 157 -0.200000
153 158 -0.600000
153 159 0.333333
153 160 -0.066667
153 249 0.466667
154 157 -0.066667
154 158 1.000000
154 159 0.600000
154 160 0.200000
154 250 -0.333333
155 157 -0.733333
155 158 0.466667
155 159 0.600000
155 160 0.600000
155 251 -0.066667
156 157 -0.733333
156 158 0.600000
156 159 -0.866667
156 160 -1.000000
156 252 1.000000
157 165 0.733333
158 166 -0.200000
159 167 0.866667
160 168 -0.733333
161 165 0.600000
161 166 0.200000
161 167 -0.866667
161 168 -4.333333
161 257 0.733333
162 165 0.333333
162 166 -0.466667
162 167 0.333333
162 168 -0.200000
162 258 2.333333
163 165 0.200000
163 166 -0.066667
163 167 -0.200000
163 168 0.733333
163 259 0.200000
164 165 -0.733333
164 166 -0.733333
164 167 0.333333
164 168 0.333333
164 260 0.333333
165 173 0.466667
166 174 -0.333333
167 175 0.333333
168 176 1.000000
169 173 -0.733333
169 174 0.866667
169 175 1.000000
169 176 0.866667
169 265 -0.733333
170 173 -0.333333
170 174 0.600000
170 175 0.066667
170 176 -0.600000
170 266 -0.733333
171 173 -0.200000
171 174 -1.000000
171 175 -0.866667
171 176 1.000000
171 267 0.600000
172 173 0.200000
172 174 0.600000
172 175 0.733333
172 176 1.000000
172 268 -0.600000
173 181 -0.333333
174 182 0.600000
175 183 -0.600000
176 184 -0.466667
177 181 0.600000
177 182 -0.200000
177 183 0.600000
177 184 -0.333333
177 273 0.600000
178 181 0.866667
178 182 -1.000000
178 183 0.066667
178 184 -1.000000
178 274 -0.200000
179 181 0.733333
179 182 -1.000000
179 183 -0.333333
179 184 -0.066667
179 275 -0.200000
180 181 0.200000
180 182 -0.466667
180 183 0.466667
180 184 0.333333
180 276 -0.200000
181 189 -0.333333
182 190 0.066667
183 191 1.000000
184 192 -0.333333
185 189 0.333333
185 190 -0.333333
185 191 -0.733333
185 192 -0.066667
185 281 -0.866667
186 189 0.200000
186 190 0.600000
186 191 0.200000
186 192 -0.600000
186 282 0.733333
187 189 0.333333
187 190 -1.000000
187 191 -0.600000
187 192 -0.200000
187 283 -0.466667
188 189 0.200000
188 190 1.000000
188 191 1.000000
188 192 0.466667
188 284 0.200000
193 197 1.000000
193 198 0.466667
193 199 0.333333
193 200 0.733333
193 289 0.866667
194 197 -0.600000
194 198 0.333333
194 199 0.733333
194 200 1.000000
194 290 0.333333
195 197 -0.066667
195 198 5.000000
195 199 -0.066667
195 200 1.000000
195 291 -5.000000
196 197 3.666667
196 198 2.333333
196 199 -0.066667
196 200 0.333333
196 292 4.333333
197 205 -4.333333
198 206 -0.333333
199 207 -0.866667
200 208 0.333333
201 205 0.733333
201 206 0.066667
201 207 -3.000000
201 208 -0.733333
201 297 -0.066667
202 205 -0.333333
202 206 -0.066667
202 207 3.666667
202 208 0.866667
202 298 0.866667
203 205 -0.066667
203 206 0.466667
203 207 0.333333
203 208 0.733333
203 299 -0.600000
204 205 -3.666667
204 206 -0.733333
204 207 1.000000
204 208 -0.866667
204 300 -0.066667
205 213 0.733333
206 214 0.466667
207 215 -4.333333
208 216 -0.200000
209 213 0.866667
209 214 0.733333
209 215 0.200000
209 216 -1.000000
209 305 -0.600000
210 213 -0.333333
210 214 -0.600000
210 215 -1.000000
210 216 -3.000000
210 306 -0.466667
211 213 -1.666667
211 214 0.466667
211 215 1.000000
211 216 -3.000000
211 307 -0.733333
212 213 5.000000
212 214 -0.733333
212 215 -0.200000
212 216 0.333333
212 308 -0.733333
213 221 0.866667
214 222 -0.333333
215 223 1.000000
216 224 -0.066667
217 221 0.333333
217 222 0.200000
217 223 -0.733333
217 224 0.066667
217 313 0.600000
218 221 0.333333
218 222 0.600000
218 223 -0.733333
218 224 -0.866667
218 314 0.333333
219 221 -0.466667
219 222 -0.200000
219 223 -0.866667
219 224 -2.333333
219 315 -5.000000
220 221 -0.866667
220 222 -0.066667
220 223 0.733333
220 224 0.733333
220 316 1.000000
221 229 -0.466667
222 230 -0.733333
223 231 0.600000
224 232 0.466667
225 229 0.733333
225 230 0.466667
225 231 0.333333
225 232 -1.666667
225 321 -0.066667
226 229 0.866667
226 230 -4.333333
226 231 -0.866667
226 232 0.733333
226 322 -0.866667
227 229 -0.200000
227 230 -5.000000
227 231 1.000000
227 232 -4.333333
227 323 -0.866667
228 229 -0.066667
228 230 3.666667
228 231 3.666667
228 232 0.466667
228 324 -3.000000
229 237 0.866667
230 238 -1.000000
231 239 0.200000
232 240 -0.733333
233 237 0.733333
233 238 1.000000
233 239 -1.000000
233 240 -0.600000
233 329 0.600000
234 237 -1.000000
234 238 1.666667
234 239 -0.200000
234 240 0.333333
234 330 -0.333333
235 237 -1.000000
235 238 -0.466667
235 239 0.066667
235 240 -0.200000
235 331 0.866667
236 237 0.200000
236 238 -0.466667
236 239 -0.333333
236 240 -4.333333
236 332 0.066667
237 245 0.066667
238 246 0.466667
239 247 -0.333333
240 248 0.600000
241 245 0.200000
241 246 0.066667
241 247 0.866667
241 248 -0.333333
241 337 1.000000
242 245 0.066667
242 246 0.733333
242 247 -0.200000
242 248 0.600000
242 338 -0.333333
243 245 1.000000
243 246 0.066667
243 247 0.333333
243 248 0.866667
243 339 -1.000000
244 245 0.066667
244 246 1.000000
244 247 0.333333
244 248 -0.333333
244 340 -0.600000
245 253 0.333333
246 254 -0.600000
247 255 -0.333333
248 256 0.733333
249 253 0.733333
249 254 1.000000
249 255 -0.733333
249 256 -0.200000
249 345 -0.600000
250 253 -0.733333
250 254 -1.000000
250 255 -0.600000
250 256 -1.000000
250 346 -0.333333
251 253 -0.466667
251 254 -0.866667
251 255 0.066667
251 256 -0.066667
251 347 -0.600000
252 253 -0.333333
252 254 -0.333333
252 255 -0.333333
252 256 -0.733333
252 348 -0.733333
253 261 -0.866667
254 262 0.066667
255 263 0.600000
256 264 0.600000
257 261 0.333333
257 262 1.000000
257 263 0.333333
257 264 -0.066667
257 353 0.866667
258 261 0.200000
258 262 -1.000000
258 263 0.333333
258 264 3.000000
258 354 -0.066667
259 261 0.066667
259 262 -0.333333
259 263 0.600000
259 264 -0.600000
259 355 -0.600000
260 261 0.866667
260 262 -0.466667
260 263 0.733333
260 264 0.866667
260 356 2.333333
261 269 -0.466667
262 270 -0.466667
263 271 0.866667
264 272 -0.066667
265 269 0.066667
265 270 0.066667
265 271 -0.866667
265 272 -1.000000
265 361 0.600000
266 269 -0.466667
266 270 -0.200000
266 271 -0.466667
266 272 -0.866667
266 362 0.600000
267 269 0.066667
267 270 -0.866667
267 271 0.866667
267 272 -0.733333
267 363 -0.200000
268 269 -0.600000
268 270 0.333333
268 271 1.000000
268 272 -0.733333
268 364 0.600000
269 277 -0.733333
270 278 0.200000
271 279 -0.466667
272 280 -0.200000
273 277 1.000000
273 278 -0.866667
273 279 -0.733333
273 280 0.600000
273 369 -1.000000
274 277 0.600000
274 278 -0.466667
274 279 0.200000
274 280 -0.733333
274 370 -0.466667
275 277 -1.000000
275 278 -0.066667
275 279 -0.733333
275 280 0.066667
275 371 -0.200000
276 277 0.466667
276 278 -0.866667
276 279 -0.466667
276 280 -0.200000
276 372 0.066667
277 285 0.066667
278 286 -0.066667
279 287 0.866667
280 288 -0.200000
281 285 -0.600000
281 286 -0.733333
281 287 0.733333
281 288 -0.200000
281 377 -0.066667
282 285 1.000000
282 286 -0.866667
282 287 0.866667
282 288 0.600000
282 378 0.866667
283 285 0.466667
283 286 0.466667
283 287 1.000000
283 288 -0.200000
283 379 -1.000000
284 285 -0.466667
284 286 0.600000
284 287 -1.000000
284 288 0.200000
284 380 -5.000000
289 293 -0.733333
289 294 -0.866667
289 295 -0.466667
289 296 -3.666667
289 385 1.000000
290 293 0.733333
290 294 -0.200000
290 295 -1.000000
290 296 0.200000
290 386 0.733333
291 293 -0.200000
291 294 0.333333
291 295 -0.333333
291 296 -0.466667
291 387 0.066667
292 293 0.066667
292 294 5.000000
292 295 -0.200000
292 296 1.666667
292 388 -2.333333
293 301 0.866667
294 302 -0.333333
295 303 1.000000
296 304 -0.600000
297 301 -0.866667
297 302 -1.000000
297 303 -0.866667
297 304 0.066667
297 393 0.733333
298 301 -0.733333
298 302 1.000000
298 303 0.200000
298 304 0.466667
298 394 -0.466667
299 301 0.866667
299 302 -0.866667
299 303 -1.000000
299 304 0.733333
299 395 -0.466667
300 301 -1.000000
300 302 0.200000
300 303 -0.066667
300 304 -1.000000
300 396 -0.200000
301 309 -0.733333
302 310 -0.866667
303 311 0.200000
304 312 0.333333
305 309 0.600000
305 310 -0.866667
305 311 0.600000
305 312 0.333333
305 401 -0.733333
306 309 -0.333333
306 310 0.733333
306 311 -0.466667
306 312 -0.333333
306 402 0.866667
307 309 0.866667
307 310 0.333333
307 311 1.000000
307 312 0.333333
307 403 0.733333
308 309 -0.600000
308 310 -0.066667
308 311 -0.066667
308 312 -0.466667
308 404 -0.466667
309 317 -2.333333
310 318 0.466667
311 319 4.333333
312 320 0.200000
313 317 -1.000000
313 318 0.333333
313 319 0.066667
313 320 -0.333333
313 409 -1.666667
314 317 -0.333333
314 318 0.600000
314 319 -0.333333
314 320 1.000000
314 410 -0.333333
315 317 0.866667
315 318 1.000000
315 319 3.666667
315 320 -3.666667
315 411 0.200000
316 317 -0.733333
316 318 0.733333
316 319 0.466667
316 320 -3.666667
316 412 -0.733333
317 325 0.733333
318 326 -0.600000
319 327 1.000000
320 328 3.666667
321 325 0.733333
321 326 -0.333333
321 327 -0.466667
321 328 -3.000000
321 417 2.333333
322 325 3.000000
322 326 1.000000
322 327 1.000000
322 328 -0.866667
322 418 0.200000
323 325 2.333333
323 326 0.333333
323 327 -0.733333
323 328 0.466667
323 419 -0.866667
324 325 -1.000000
324 326 -3.666667
324 327 0.200000
324 328 0.866667
324 420 -0.466667
325 333 0.200000
326 334 -0.066667
327 335 0.466667
328 336 0.333333
329 333 0.733333
329 334 0.333333
329 335 0.733333
329 336 -0.733333
329 425 1.000000
330 333 -0.866667
330 334 1.000000
330 335 -0.066667
330 336 0.066667
330 426 -0.200000
331 333 -1.000000
331 334 0.066667
331 335 0.466667
331 336 -1.000000
331 427 0.200000
332 333 -0.466667
332 334 -0.866667
332 335 -0.600000
332 336 0.466667
332 428 -1.000000
333 341 -1.000000
334 342 0.600000
335 343 0.466667
336 344 0.333333
337 341 -0.200000
337 342 0.600000
337 343 0.466667
337 344 0.333333
337 433 -0.733333
338 341 -0.066667
338 342 0.066667
338 343 0.066667
338 344 -0.866667
338 434 0.600000
339 341 0.333333
339 342 0.200000
339 343 -0.866667
339 344 -0.066667
339 435 -0.200000
340 341 1.000000
340 342 -0.333333
340 343 -0.600000
340 344 0.466667
340 436 -1.000000
341 349 0.866667
342 350 -0.066667
343 351 -0.333333
344 352 0.733333
345 349 0.466667
345 350 -0.733333
345 351 -0.466667
345 352 0.466667
345 441 -0.866667
346 349 0.733333
346 350 1.000000
346 351 -1.000000
346 352 -0.333333
346 442 0.066667
347 349 -0.466667
347 350 -0.200000
347 351 0.466667
347 352 -0.200000
347 443 -1.000000
348 349 0.333333
348 350 0.333333
348 351 -0.866667
348 352 0.200000
348 444 -0.066667
349 357 -0.466667
350 358 -0.066667
351 359 0.066667
352 360 -0.333333
353 357 -0.066667
353 358 0.066667
353 359 0.866667
353 360 0.600000
353 449 -0.866667
354 357 0.866667
354 358 0.333333
354 359 1.000000
354 360 0.866667
354 450 0.200000
355 357 -0.066667
355 358 -0.333333
355 359 -0.733333
355 360 -0.733333
355 451 0.200000
356 357 -0.200000
356 358 0.600000
356 359 -0.200000
356 360 0.733333
356 452 1.000000
357 365 -1.000000
358 366 1.000000
359 367 -0.866667
360 368 0.600000
361 365 -0.200000
361 366 0.600000
361 367 -0.866667
361 368 -0.866667
361 457 -0.466667
362 365 -0.866667
362 366 -0.466667
362 367 0.466667
362 368 -0.466667
362 458 -0.200000
363 365 1.000000
363 366 -0.733333
363 367 1.000000
363 368 0.600000
363 459 -0.600000
364 365 -0.733333
364 366 1.000000
364 367 -0.600000
364 368 -0.466667
364 460 4.333333
365 373 -0.466667
366 374 -0.600000
367 375 -0.200000
368 376 -0.600000
369 373 -0.600000
369 374 -0.200000
369 375 0.466667
369 376 0.866667
369 465 -0.466667
370 373 -0.600000
370 374 -1.000000
370 375 0.200000
370 376 0.200000
370 466 -0.600000
371 373 0.733333
371 374 0.200000
371 375 0.333333
371 376 -0.600000
371 467 -0.733333
372 373 -0.866667
372 374 -0.333333
372 375 0.866667
372 376 -0.866667
372 468 0.066667
373 381 0.600000
374 382 -0.466667
375 383 -0.733333
376 384 -0.733333
377 381 -0.866667
377 382 0.333333
377 383 0.333333
377 384 0.866667
377 473 -0.333333
378 381 0.866667
378 382 0.733333
378 383 -0.200000
378 384 0.600000
378 474 -0.466667
379 381 0.733333
379 382 0.600000
379 383 -1.000000
379 384 -0.466667
379 475 0.866667
380 381 -0.600000
380 382 0.600000
380 383 -0.200000
380 384 0.066667
380 476 -0.733333
385 389 -0.066667
385 390 -0.200000
385 391 0.866667
385 392 -0.733333
385 481 -0.066667
386 389 -0.200000
386 390 -0.600000
386 391 0.066667
386 392 1.000000
386 482 -0.200000
387 389 -0.466667
387 390 -0.333333
387 391 -0.466667
387 392 0.066667
387 483 0.066667
388 389 0.066667
388 390 0.200000
388 391 -1.000000
388 392 0.600000
388 484 0.466667
389 397 -4.333333
390 398 0.333333
391 399 -0.200000
392 400 -0.333333
393 397 -3.666667
393 398 -0.866667
393 399 -0.200000
393 400 -1.000000
393 489 -4.333333
394 397 0.333333
394 398 -0.333333
394 399 -3.666667
394 400 -0.200000
394 490 0.066667
395 397 -1.666667
395 398 -0.333333
395 399 4.333333
395 400 1.666667
395 491 0.600000
396 397 -1.666667
396 398 -1.000000
396 399 1.000000
396 400 1.000000
396 492 -0.733333
397 405 4.333333
398 406 0.733333
399 407 0.600000
400 408 -3.666667
401 405 3.666667
401 406 0.466667
401 407 -0.866667
401 408 0.333333
401 497 0.466667
402 405 0.333333
402 406 -0.200000
402 407 -0.066667
402 408 0.200000
402 498 0.733333
403 405 -1.000000
403 406 0.733333
403 407 -1.000000
403 408 1.000000
403 499 -0.733333
404 405 -0.200000
404 406 0.600000
404 407 -0.066667
404 408 -0.600000
404 500 -0.466667
405 413 -3.000000
406 414 0.066667
407 415 0.200000
408 416 -0.466667
409 413 5.000000
409 414 0.066667
409 415 -1.000000
409 416 -4.333333
409 505 0.866667
410 413 -4.333333
410 414 1.666667
410 415 0.333333
410 416 0.066667
410 506 -3.666667
411 413 4.333333
411 414 0.200000
411 415 -0.600000
411 416 -0.333333
411 507 0.333333
412 413 -3.666667
412 414 1.000000
412 415 -0.066667
412 416 -0.866667
412 508 -2.333333
413 421 -1.000000
414 422 -0.866667
415 423 0.733333
416 424 -0.466667
417 421 0.200000
417 422 0.600000
417 423 0.600000
417 424 -5.000000
417 513 -2.333333
418 421 -0.600000
418 422 -0.866667
418 423 0.333333
418 424 0.200000
418 514 1.000000
419 421 0.866667
419 422 1.000000
419 423 0.733333
419 424 0.733333
419 515 0.466667
420 421 -4.333333
420 422 -0.866667
420 423 0.600000
420 424 1.000000
420 516 0.600000
421 429 -0.333333
422 430 -0.600000
423 431 -0.866667
424 432 0.200000
425 429 0.600000
425 430 -0.333333
425 431 1.000000
425 432 0.066667
425 521 0.866667
426 429 0.066667
426 430 -0.066667
426 431 -0.466667
426 432 0.066667
426 522 -0.200000
427 429 1.000000
427 430 -1.000000
427 431 0.333333
427 432 -0.600000
427 523 -0.466667
428 429 0.466667
428 430 0.066667
428 431 -0.466667
428 432 0.066667
428 524 -1.000000
429 437 0.200000
430 438 -1.000000
431 439 0.733333
432 440 -0.466667
433 437 -0.466667
433 438 -1.000000
433 439 0.200000
433 440 -1.000000
433 529 -0.333333
434 437 0.466667
434 438 -0.066667
434 439 -0.466667
434 440 0.466667
434 530 0.733333
435 437 -1.000000
435 438 0.066667
435 439 -0.333333
435 440 0.733333
435 531 -0.866667
436 437 0.866667
436 438 -0.600000
436 439 0.866667
436 440 -0.866667
436 532 -0.600000
437 445 -0.733333
438 446 0.333333
439 447 -0.333333
440 448 -0.866667
441 445 0.066667
441 446 -0.733333
441 447 0.733333
441 448 -5.000000
441 537 -0.600000
442 445 -1.000000
442 446 -1.000000
442 447 -1.000000
442 448 0.200000
442 538 0.733333
443 445 0.866667
443 446 0.600000
443 447 -0.733333
443 448 -1.000000
443 539 -0.066667
444 445 -0.600000
444 446 0.866667
444 447 0.733333
444 448 0.866667
444 540 0.066667
445 453 0.333333
446 454 0.733333
447 455 -1.000000
448 456 2.333333
449 453 -0.066667
449 454 0.333333
449 455 0.066667
449 456 0.466667
449 545 -1.000000
450 453 -0.866667
450 454 0.866667
450 455 -0.066667
450 456 0.600000
450 546 -0.600000
451 453 -0.600000
451 454 -0.200000
451 455 0.333333
451 456 -0.733333
451 547 0.466667
452 453 -5.000000
452 454 0.733333
452 455 -1.000000
452 456 3.666667
452 548 -0.333333
453 461 0.866667
454 462 -0.866667
455 463 0.466667
456 464 0.733333
457 461 1.000000
457 462 -0.733333
457 463 -0.333333
457 464 0.200000
457 553 0.200000
458 461 -0.600000
458 462 -0.466667
458 463 0.333333
458 464 0.066667
458 554 0.333333
459 461 -0.200000
459 462 0.866667
459 463 0.466667
459 464 -0.733333
459 555 -0.200000
460 461 -0.600000
460 462 0.466667
460 463 -0.466667
460 464 0.600000
460 556 -0.733333
461 469 -0.333333
462 470 -1.000000
463 471 0.066667
464 472 -0.733333
465 469 -0.866667
465 470 1.000000
465 471 -0.466667
465 472 -0.333333
465 561 0.066667
466 469 1.000000
466 470 1.000000
466 471 -0.600000
466 472 3.666667
466 562 0.333333
467 469 0.333333
467 470 0.066667
467 471 -1.000000
467 472 -0.866667
467 563 -0.466667
468 469 -0.333333
468 470 -0.600000
468 471 0.866667
468 472 -1.000000
468 564 -3.000000
469 477 -0.066667
470 478 -0.866667
471 479 -0.866667
472 480 0.466667
473 477 -0.866667
473 478 0.333333
473 479 -4.333333
473 480 -0.600000
473 569 5.000000
474 477 -0.866667
474 478 1.000000
474 479 -0.466667
474 480 -0.600000
474 570 1.000000
475 477 -0.333333
475 478 0.733333
475 479 -0.866667
475 480 -0.866667
475 571 0.200000
476 477 -0.866667
476 478 0.600000
476 479 -0.733333
476 480 -0.600000
476 572 1.000000
481 485 -0.466667
481 486 -0.466667
481 487 -1.000000
481 488 0.600000
481 577 0.466667
482 485 0.866667
482 486 0.066667
482 487 -0.200000
482 488 -0.600000
482 578 -0.600000
483 485 1.000000
483 486 -0.066667
483 487 0.066667
483 488 -0.066667
483 579 1.000000
484 485 -0.600000
484 486 0.733333
484 487 -0.333333
484 488 0.733333
484 580 -0.200000
485 493 0.866667
486 494 -0.333333
487 495 0.600000
488 496 0.600000
489 493 -0.466667
489 494 -0.733333
489 495 -0.333333
489 496 0.333333
489 585 0.466667
490 493 -0.200000
490 494 0.066667
490 495 -0.466667
490 496 0.333333
490 586 -0.466667
491 493 -0.333333
491 494 -1.000000
491 495 0.200000
491 496 -0.466667
491 587 0.466667
492 493 0.733333
492 494 -0.200000
492 495 1.000000
492 496 0.866667
492 588 -1.000000
493 501 -0.733333
494 502 0.333333
495 503 -0.733333
496 504 -0.066667
497 501 -0.466667
497 502 -0.600000
497 503 -1.000000
497 504 -0.733333
497 593 1.000000
498 501 -0.066667
498 502 0.600000
498 503 0.866667
498 504 0.733333
498 594 -0.733333
499 501 -0.466667
499 502 0.600000
499 503 -0.600000
499 504 0.066667
499 595 0.466667
500 501 -0.333333
500 502 0.600000
500 503 0.466667
500 504 0.733333
500 596 0.333333
501 509 0.600000
502 510 0.466667
503 511 -0.200000
504 512 -0.333333
505 509 1.000000
505 510 -0.866667
505 511 1.000000
505 512 -1.000000
505 601 0.466667
506 509 1.000000
506 510 -1.666667
506 511 0.866667
506 512 0.333333
506 602 -3.666667
507 509 -0.733333
507 510 0.466667
507 511 0.333333
507 512 -1.000000
507 603 0.333333
508 509 0.733333
508 510 -0.333333
508 511 0.866667
508 512 0.466667
508 604 0.333333
509 517 0.066667
510 518 1.666667
511 519 1.000000
512 520 0.866667
513 517 -0.200000
513 518 0.733333
513 519 0.466667
513 520 -2.333333
513 609 -1.000000
514 517 0.866667
514 518 0.066667
514 519 0.333333
514 520 -0.600000
514 610 -0.733333
515 517 0.733333
515 518 -3.666667
515 519 5.000000
515 520 2.333333
515 611 1.000000
516 517 -0.600000
516 518 0.333333
516 519 0.733333
516 520 -0.466667
516 612 -1.000000
517 525 -0.866667
518 526 -0.733333
519 527 1.000000
520 528 -0.066667
521 525 0.733333
521 526 -0.733333
521 527 -0.600000
521 528 -1.000000
521 617 -0.333333
522 525 1.000000
522 526 0.066667
522 527 -0.333333
522 528 0.333333
522 618 -0.600000
523 525 -1.000000
523 526 -0.866667
523 527 -0.466667
523 528 -0.733333
523 619 0.066667
524 525 1.000000
524 526 -0.333333
524 527 0.200000
524 528 -0.200000
524 620 0.733333
525 533 0.600000
526 534 -0.066667
527 535 0.200000
528 536 1.000000
529 533 0.200000
529 534 -0.333333
529 535 -0.200000
529 536 -0.333333
529 625 -0.600000
530 533 0.333333
530 534 0.600000
530 535 -0.200000
530 536 0.466667
530 626 -0.200000
531 533 -0.733333
531 534 -0.066667
531 535 -1.000000
531 536 -0.600000
531 627 1.000000
532 533 -0.333333
532 534 -0.466667
532 535 0.866667
532 536 0.066667
532 628 -0.866667
533 541 -0.600000
534 542 -1.000000
535 543 -0.333333
536 544 -1.000000
537 541 -1.000000
537 542 -0.466667
537 543 0.466667
537 544 0.600000
537 633 0.866667
538 541 -0.866667
538 542 0.866667
538 543 -0.066667
538 544 0.866667
538 634 0.066667
539 541 0.066667
539 542 0.600000
539 543 -0.466667
539 544 -0.866667
539 635 -0.200000
540 541 1.000000
540 542 -0.600000
540 543 -0.866667
540 544 -0.066667
540 636 0.600000
541 549 1.000000
542 550 -0.200000
543 551 -0.866667
544 552 0.733333
545 549 -0.066667
545 550 0.600000
545 551 0.200000
545 552 -0.333333
545 641 -0.733333
546 549 0.066667
546 550 -1.000000
546 551 0.733333
546 552 0.733333
546 642 0.200000
547 549 -0.066667
547 550 -0.200000
547 551 0.200000
547 552 0.066667
547 643 -0.200000
548 549 -0.866667
548 550 -0.600000
548 551 0.866667
548 552 0.466667
548 644 -0.866667
549 557 -0.733333
550 558 0.733333
551 559 0.200000
552 560 -0.333333
553 557 0.866667
553 558 0.066667
553 559 0.066667
553 560 -0.466667
553 649 -0.066667
554 557 -0.066667
554 558 -0.466667
554 559 0.200000
554 560 0.466667
554 650 0.066667
555 557 -0.866667
555 558 0.600000
555 559 -0.066667
555 560 -0.733333
555 651 -0.866667
556 557 0.866667
556 558 0.066667
556 559 -0.333333
556 560 0.066667
556 652 1.000000
557 565 -0.866667
558 566 -0.200000
559 567 0.333333
560 568 3.000000
561 565 -0.866667
561 566 0.333333
561 567 0.066667
561 568 -0.200000
561 657 -0.866667
562 565 -0.066667
562 566 0.466667
562 567 0.866667
562 568 0.466667
562 658 -0.466667
563 565 -0.466667
563 566 -1.000000
563 567 0.466667
563 568 -0.466667
563 659 -0.600000
564 565 -4.333333
564 566 -0.333333
564 567 0.333333
564 568 2.333333
564 660 0.066667
565 573 -0.333333
566 574 3.000000
567 575 -0.733333
568 576 -2.333333
569 573 0.066667
569 574 0.200000
569 575 -0.200000
569 576 3.000000
569 665 0.600000
570 573 0.466667
570 574 -0.866667
570 575 -0.466667
570 576 0.066667
570 666 -0.600000
571 573 -1.000000
571 574 -0.333333
571 575 -0.733333
571 576 1.000000
571 667 -2.333333
572 573 1.666667
572 574 -4.333333
572 575 -1.666667
572 576 -5.000000
572 668 0.200000
577 581 -0.466667
577 582 -0.866667
577 583 0.733333
577 584 -0.333333
577 673 -0.200000
578 581 0.466667
578 582 0.066667
578 583 0.733333
578 584 0.333333
578 674 -1.000000
579 581 0.866667
579 582 0.066667
579 583 0.200000
579 584 -1.000000
579 675 0.466667
580 581 -0.200000
580 582 0.600000
580 583 -1.000000
580 584 -0.200000
580 676 0.066667
581 589 0.733333
582 590 0.066667
583 591 0.333333
584 592 -0.466667
585 589 0.466667
585 590 -1.000000
585 591 -0.066667
585 592 -0.733333
585 681 -0.733333
586 589 1.000000
586 590 1.000000
586 591 0.866667
586 592 -0.866667
586 682 -0.733333
587 589 0.600000
587 590 0.466667
587 591 0.333333
587 592 4.333333
587 683 -3.666667
588 589 0.333333
588 590 -0.066667
588 591 -0.333333
588 592 0.333333
588 684 1.666667
589 597 -0.866667
590 598 -0.333333
591 599 -0.866667
592 600 -0.200000
593 597 0.466667
593 598 0.600000
593 599 -0.200000
593 600 0.733333
593 689 1.000000
594 597 -3.666667
594 598 0.866667
594 599 0.066667
594 600 0.200000
594 690 -1.000000
595 597 -0.333333
595 598 -0.333333
595 599 -1.000000
595 600 -0.200000
595 691 0.600000
596 597 -0.066667
596 598 1.000000
596 599 0.066667
596 600 -0.733333
596 692 -0.200000
597 605 -0.200000
598 606 1.000000
599 607 0.600000
600 608 0.066667
601 605 0.066667
601 606 -1.000000
601 607 -0.733333
601 608 -0.600000
601 697 -1.000000
602 605 -0.333333
602 606 1.666667
602 607 -2.333333
602 608 0.200000
602 698 0.333333
603 605 0.866667
603 606 -0.333333
603 607 0.600000
603 608 -0.466667
603 699 -0.733333
604 605 0.200000
604 606 -0.200000
604 607 5.000000
604 608 -0.866667
604 700 0.733333
605 613 -0.600000
606 614 -4.333333
607 615 0.866667
608 616 0.866667
609 613 1.000000
609 614 -0.066667
609 615 -5.000000
609 616 0.066667
609 705 1.666667
610 613 -0.600000
610 614 -0.200000
610 615 0.466667
610 616 -4.333333
610 706 -0.066667
611 613 1.000000
611 614 -1.000000
611 615 5.000000
611 616 0.200000
611 707 0.733333
612 613 -0.466667
612 614 -0.600000
612 615 -0.600000
612 616 -0.200000
612 708 0.200000
613 621 -1.000000
614 622 -0.200000
615 623 -2.333333
616 624 1.000000
617 621 -0.333333
617 622 0.600000
617 623 -0.200000
617 624 -0.733333
617 713 0.333333
618 621 -2.333333
618 622 1.000000
618 623 -0.466667
618 624 -0.733333
618 714 4.333333
619 621 -3.666667
619 622 -0.333333
619 623 -0.333333
619 624 4.333333
619 715 0.466667
620 621 -1.000000
620 622 -1.000000
620 623 -0.733333
620 624 0.333333
620 716 -0.333333
621 629 -0.466667
622 630 1.000000
623 631 -0.066667
624 632 -0.733333
625 629 0.600000
625 630 -0.066667
625 631 0.866667
625 632 -0.733333
625 721 0.733333
626 629 -0.466667
626 630 0.066667
626 631 0.600000
626 632 -0.733333
626 722 0.066667
627 629 -0.333333
627 630 0.066667
627 631 1.000000
627 632 0.466667
627 723 -1.000000
628 629 0.866667
628 630 1.000000
628 631 -0.333333
628 632 -0.066667
628 724 0.733333
629 637 0.200000
630 638 -1.000000
631 639 -1.000000
632 640 -0.733333
633 637 -1.000000
633 638 -0.200000
633 639 0.600000
633 640 0.200000
633 729 -0.866667
634 637 0.600000
634 638 0.733333
634 639 0.200000
634 640 1.000000
634 730 -0.066667
635 637 1.000000
635 638 -0.600000
635 639 0.733333
635 640 -0.466667
635 731 -0.466667
636 637 -1.000000
636 638 -0.600000
636 639 0.866667
636 640 -0.200000
636 732 0.333333
637 645 -0.600000
638 646 0.866667
639 647 -0.200000
640 648 0.466667
641 645 0.333333
641 646 0.333333
641 647 -0.600000
641 648 -0.600000
641 737 0.466667
642 645 0.866667
642 646 -0.333333
642 647 -1.000000
642 648 0.733333
642 738 0.066667
643 645 0.200000
643 646 -0.066667
643 647 0.733333
643 648 0.866667
643 739 -0.866667
644 645 0.866667
644 646 0.733333
644 647 0.866667
644 648 -0.333333
644 740 -0.466667
645 653 0.066667
646 654 0.466667
647 655 -0.733333
648 656 -0.066667
649 653 -0.066667
649 654 -0.733333
649 655 0.733333
649 656 0.466667
649 745 -0.066667
650 653 0.866667
650 654 -0.733333
650 655 -0.733333
650 656 0.866667
650 746 -1.000000
651 653 0.333333
651 654 -0.333333
651 655 0.466667
651 656 0.333333
651 747 -1.000000
652 653 -0.200000
652 654 -0.200000
652 655 -0.733333
652 656 0.200000
652 748 -0.733333
653 661 1.000000
654 662 -4.333333
655 663 0.066667
656 664 1.000000
657 661 0.600000
657 662 -4.333333
657 663 -0.333333
657 664 -1.000000
657 753 -0.466667
658 661 -0.600000
658 662 -0.600000
658 663 0.733333
658 664 0.466667
658 754 -0.333333
659 661 -1.000000
659 662 -0.466667
659 663 1.000000
659 664 0.466667
659 755 -0.466667
660 661 -0.600000
660 662 -0.200000
660 663 -5.000000
660 664 -0.466667
660 756 -0.866667
661 669 -1.000000
662 670 5.000000
663 671 1.000000
664 672 0.200000
665 669 0.466667
665 670 -3.000000
665 671 -0.066667
665 672 0.600000
665 761 0.200000
666 669 -0.333333
666 670 0.066667
666 671 0.066667
666 672 0.333333
666 762 -0.333333
667 669 1.666667
667 670 -0.333333
667 671 1.666667
667 672 -0.866667
667 763 -4.333333
668 669 -0.866667
668 670 -0.333333
668 671 -0.866667
668 672 -0.066667
668 764 -3.666667
673 677 -0.200000
673 678 -0.066667
673 679 0.600000
673 680 0.200000
673 769 -0.866667
674 677 -0.600000
674 678 -0.333333
674 679 -0.733333
674 680 0.200000
674 770 -0.600000
675 677 0.466667
675 678 -1.000000
675 679 0.066667
675 680 -0.466667
675 771 -0.733333
676 677 0.866667
676 678 0.733333
676 679 0.200000
676 680 -0.600000
676 772 0.600000
677 685 0.200000
678 686 0.866667
679 687 0.733333
680 688 0.466667
681 685 0.333333
681 686 1.000000
681 687 0.733333
681 688 0.333333
681 777 -0.333333
682 685 0.733333
682 686 -0.466667
682 687 -0.600000
682 688 0.066667
682 778 -0.600000
683 685 0.066667
683 686 0.866667
683 687 -0.466667
683 688 0.733333
683 779 0.200000
684 685 -0.733333
684 686 -0.066667
684 687 -0.333333
684 688 -0.333333
684 780 0.200000
685 693 0.333333
686 694 0.200000
687 695 -0.200000
688 696 0.466667
689 693 -1.000000
689 694 -0.466667
689 695 -0.866667
689 696 -0.333333
689 785 1.000000
690 693 1.000000
690 694 0.333333
690 695 -0.333333
690 696 -0.466667
690 786 0.466667
691 693 0.200000
691 694 0.866667
691 695 -0.600000
691 696 -0.066667
691 787 -0.333333
692 693 -0.866667
692 694 -0.733333
692 695 0.866667
692 696 -0.333333
692 788 -0.066667
693 701 0.333333
694 702 -0.866667
695 703 -0.466667
696 704 0.866667
697 701 -0.466667
697 702 0.466667
697 703 0.733333
697 704 1.000000
697 793 -0.466667
698 701 0.600000
698 702 -0.333333
698 703 1.000000
698 704 -0.333333
698 794 1.000000
699 701 -0.600000
699 702 0.466667
699 703 -0.600000
699 704 -0.866667
699 795 1.000000
700 701 0.866667
700 702 3.666667
700 703 -0.600000
700 704 -0.866667
700 796 -0.466667
701 709 3.666667
702 710 -0.866667
703 711 0.200000
704 712 0.733333
705 709 -3.000000
705 710 0.866667
705 711 -0.866667
705 712 -0.333333
705 801 0.466667
706 709 -2.333333
706 710 0.333333
706 711 -4.333333
706 712 0.733333
706 802 -1.666667
707 709 0.733333
707 710 0.733333
707 711 2.333333
707 712 -1.000000
707 803 0.600000
708 709 0.866667
708 710 4.333333
708 711 0.200000
708 712 -0.866667
708 804 0.866667
709 717 -0.600000
710 718 -2.333333
711 719 -1.666667
712 720 -0.866667
713 717 -0.066667
713 718 -0.200000
713 719 3.000000
713 720 0.466667
713 809 0.200000
714 717 0.733333
714 718 2.333333
714 719 1.666667
714 720 -1.666667
714 810 -0.866667
715 717 0.600000
715 718 2.333333
715 719 0.200000
715 720 -0.200000
715 811 0.600000
716 717 -0.600000
716 718 -0.466667
716 719 -3.000000
716 720 -0.466667
716 812 0.466667
717 725 0.866667
718 726 -0.333333
719 727 0.466667
720 728 -0.333333
721 725 0.466667
721 726 -0.200000
721 727 -0.066667
721 728 -1.000000
721 817 0.333333
722 725 -0.066667
722 726 0.066667
722 727 -0.200000
722 728 0.333333
722 818 1.000000
723 725 -0.733333
723 726 -0.733333
723 727 0.866667
723 728 -0.733333
723 819 -0.600000
724 725 -1.000000
724 726 0.600000
724 727 1.000000
724 728 -0.466667
724 820 0.333333
725 733 0.200000
726 734 -0.066667
727 735 0.333333
728 736 -0.733333
729 733 0.866667
729 734 1.000000
729 735 -1.000000
729 736 0.200000
729 825 0.600000
730 733 -0.866667
730 734 0.466667
730 735 -0.466667
730 736 0.600000
730 826 -0.333333
731 733 -0.733333
731 734 1.000000
731 735 0.200000
731 736 -0.333333
731 827 0.600000
732 733 0.066667
732 734 0.866667
732 735 -0.733333
732 736 0.200000
732 828 -1.000000
733 741 0.733333
734 742 1.000000
735 743 -0.733333
736 744 -0.866667
737 741 -0.733333
737 742 -0.466667
737 743 -0.066667
737 744 -0.066667
737 833 0.200000
738 741 -0.333333
738 742 0.733333
738 743 -0.200000
738 744 -0.333333
738 834 -0.200000
739 741 -0.333333
739 742 0.866667
739 743 0.200000
739 744 -0.866667
739 835 0.066667
740 741 -0.200000
740 742 -0.333333
740 743 -0.733333
740 744 -0.600000
740 836 -1.000000
741 749 0.733333
742 750 0.866667
743 751 -0.200000
744 752 -0.733333
745 749 -1.000000
745 750 0.066667
745 751 0.600000
745 752 0.600000
745 841 0.466667
746 749 0.733333
746 750 -0.866667
746 751 0.333333
746 752 -0.333333
746 842 -1.000000
747 749 -4.333333
747 750 -0.466667
747 751 -0.466667
747 752 0.600000
747 843 0.333333
748 749 0.733333
748 750 -0.333333
748 751 0.866667
748 752 -0.466667
748 844 0.333333
749 757 -0.066667
750 758 0.333333
751 759 0.466667
752 760 -0.600000
753 757 0.466667
753 758 0.200000
753 759 0.866667
753 760 -1.000000
753 849 1.000000
754 757 0.466667
754 758 -0.066667
754 759 -0.600000
754 760 0.733333
754 850 0.733333
755 757 0.866667
755 758 0.333333
755 759 0.066667
755 760 -0.600000
755 851 -0.866667
756 757 0.200000
756 758 1.000000
756 759 -0.466667
756 760 -0.733333
756 852 -1.000000
757 765 2.333333
758 766 0.333333
759 767 0.466667
760 768 -0.333333
761 765 0.866667
761 766 -0.333333
761 767 0.466667
761 768 0.466667
761 857 0.200000
762 765 1.000000
762 766 -5.000000
762 767 -0.200000
762 768 1.000000
762 858 -0.866667
763 765 -0.600000
763 766 1.000000
763 767 -0.333333
763 768 -0.066667
763 859 -1.000000
764 765 -0.200000
764 766 0.066667
764 767 -3.666667
764 768 0.466667
764 860 -0.866667
769 773 -0.333333
769 774 -1.000000
769 775 -0.200000
769 776 0.866667
769 865 0.066667
770 773 0.600000
770 774 -0.333333
770 775 3.000000
770 776 -0.333333
770 866 1.666667
771 773 -1.000000
771 774 0.066667
771 775 0.066667
771 776 -0.333333
771 867 -1.000000
772 773 0.200000
772 774 -1.000000
772 775 0.333333
772 776 0.600000
772 868 -1.000000
773 781 -0.600000
774 782 0.866667
775 783 0.866667
776 784 0.066667
777 781 0.066667
777 782 0.333333
777 783 0.066667
777 784 -0.333333
777 873 0.733333
778 781 -1.000000
778 782 0.333333
778 783 0.866667
778 784 -0.333333
778 874 0.066667
779 781 -0.466667
779 782 -0.600000
779 783 -0.066667
779 784 -1.000000
779 875 -0.600000
780 781 0.600000
780 782 -0.066667
780 783 -0.066667
780 784 -0.866667
780 876 -0.866667
781 789 0.866667
782 790 0.600000
783 791 -0.600000
784 792 -3.000000
785 789 -0.733333
785 790 1.666667
785 791 0.466667
785 792 -0.333333
785 881 0.600000
786 789 -0.333333
786 790 0.600000
786 791 0.733333
786 792 0.333333
786 882 -1.000000
787 789 1.000000
787 790 -0.333333
787 791 -0.466667
787 792 -0.466667
787 883 -0.733333
788 789 -4.333333
788 790 1.666667
788 791 -0.200000
788 792 1.000000
788 884 -0.200000
789 797 -0.333333
790 798 -0.600000
791 799 3.000000
792 800 0.066667
793 797 0.200000
793 798 0.866667
793 799 0.200000
793 800 0.600000
793 889 -4.333333
794 797 -0.733333
794 798 -0.066667
794 799 0.200000
794 800 0.333333
794 890 0.200000
795 797 -0.333333
795 798 -0.200000
795 799 -0.466667
795 800 0.066667
795 891 -0.600000
796 797 0.066667
796 798 0.333333
796 799 0.200000
796 800 -0.200000
796 892 1.000000
797 805 0.200000
798 806 0.200000
799 807 -0.200000
800 808 1.000000
801 805 1.000000
801 806 0.600000
801 807 0.066667
801 808 -0.866667
801 897 1.000000
802 805 0.600000
802 806 0.200000
802 807 -0.333333
802 808 0.866667
802 898 0.200000
803 805 -0.866667
803 806 0.066667
803 807 -0.200000
803 808 1.000000
803 899 0.466667
804 805 0.333333
804 806 -1.000000
804 807 -0.466667
804 808 0.066667
804 900 -0.866667
805 813 0.466667
806 814 -0.066667
807 815 0.733333
808 816 -0.200000
809 813 -0.066667
809 814 -0.733333
809 815 -1.000000
809 816 0.600000
809 905 -1.000000
810 813 0.600000
810 814 -1.000000
810 815 1.000000
810 816 0.600000
810 906 0.200000
811 813 -0.200000
811 814 -0.066667
811 815 0.733333
811 816 -0.600000
811 907 -0.333333
812 813 -0.333333
812 814 0.066667
812 815 0.733333
812 816 -0.733333
812 908 -0.200000
813 821 -0.333333
814 822 -0.200000
815 823 0.466667
816 824 0.066667
817 821 -0.600000
817 822 -0.200000
817 823 0.066667
817 824 0.333333
817 913 -0.333333
818 821 1.000000
818 822 0.333333
818 823 0.466667
818 824 0.866667
818 914 -0.733333
819 821 -0.066667
819 822 0.733333
819 823 1.000000
819 824 -0.066667
819 915 0.466667
820 821 0.066667
820 822 -0.333333
820 823 -0.866667
820 824 0.466667
820 916 -0.200000
821 829 -0.866667
822 830 -0.600000
823 831 0.866667
824 832 -0.066667
825 829 -4.333333
825 830 0.600000
825 831 -0.466667
825 832 0.200000
825 921 -0.600000
826 829 0.866667
826 830 -0.200000
826 831 -0.333333
826 832 1.000000
826 922 -0.066667
827 829 -0.600000
827 830 -0.066667
827 831 -0.066667
827 832 0.866667
827 923 -0.066667
828 829 0.066667
828 830 -1.000000
828 831 0.600000
828 832 1.000000
828 924 -0.466667
829 837 0.466667
830 838 0.066667
831 839 0.333333
832 840 -0.733333
833 837 -0.333333
833 838 0.466667
833 839 1.000000
833 840 -0.066667
833 929 -2.333333
834 837 -0.733333
834 838 -0.600000
834 839 0.733333
834 840 -0.200000
834 930 1.000000
835 837 0.200000
835 838 0.066667
835 839 0.600000
835 840 0.733333
835 931 1.000000
836 837 -0.866667
836 838 -0.866667
836 839 0.866667
836 840 0.466667
836 932 0.066667
837 845 -0.466667
838 846 1.000000
839 847 -1.000000
840 848 0.866667
841 845 -0.866667
841 846 -0.466667
841 847 -0.333333
841 848 5.000000
841 937 -1.000000
842 845 -3.666667
842 846 -3.666667
842 847 -5.000000
842 848 -1.666667
842 938 -1.666667
843 845 -0.200000
843 846 0.600000
843 847 0.733333
843 848 -0.866667
843 939 -0.200000
844 845 0.333333
844 846 -0.600000
844 847 0.066667
844 848 1.000000
844 940 0.600000
845 853 0.733333
846 854 -1.000000
847 855 -0.066667
848 856 -0.600000
849 853 -0.600000
849 854 0.466667
849 855 -0.600000
849 856 -0.333333
849 945 -0.200000
850 853 0.733333
850 854 0.600000
850 855 -0.333333
850 856 0.600000
850 946 -0.600000
851 853 0.600000
851 854 0.466667
851 855 0.333333
851 856 -0.333333
851 947 0.733333
852 853 -1.000000
852 854 4.333333
852 855 0.466667
852 856 0.600000
852 948 4.333333
853 861 -0.200000
854 862 -0.733333
855 863 0.866667
856 864 0.733333
857 861 0.333333
857 862 0.466667
857 863 -0.200000
857 864 0.200000
857 953 0.733333
858 861 -0.333333
858 862 -1.000000
858 863 -0.066667
858 864 -1.000000
858 954 -0.066667
859 861 0.200000
859 862 0.466667
859 863 0.066667
859 864 -0.466667
859 955 -0.733333
860 861 1.000000
860 862 0.466667
860 863 1.000000
860 864 -0.200000
860 956 3.000000
865 869 0.333333
865 870 1.000000
865 871 -1.000000
865 872 5.000000
865 961 -0.466667
866 869 -5.000000
866 870 0.066667
866 871 -0.466667
866 872 0.066667
866 962 -1.000000
867 869 -0.866667
867 870 -0.866667
867 871 0.066667
867 872 -0.866667
867 963 -5.000000
868 869 -0.066667
868 870 0.866667
868 871 -0.733333
868 872 0.866667
868 964 -0.333333
869 877 0.200000
870 878 0.600000
871 879 -0.866667
872 880 -0.066667
873 877 0.333333
873 878 0.333333
873 879 -0.733333
873 880 -0.333333
873 969 -0.066667
874 877 0.066667
874 878 0.733333
874 879 -0.466667
874 880 -0.200000
874 970 -0.733333
875 877 0.733333
875 878 -0.333333
875 879 -0.333333
875 880 0.466667
875 971 0.866667
876 877 0.066667
876 878 0.333333
876 879 0.333333
876 880 -0.866667
876 972 0.466667
877 885 1.000000
878 886 0.600000
879 887 -0.733333
880 888 0.466667
881 885 -0.866667
881 886 0.333333
881 887 -0.866667
881 888 -0.066667
881 977 -1.000000
882 885 1.000000
882 886 -0.466667
882 887 -0.066667
882 888 -0.733333
882 978 0.600000
883 885 -0.200000
883 886 0.200000
883 887 -0.333333
883 888 -0.466667
883 979 -0.600000
884 885 -0.466667
884 886 0.733333
884 887 0.866667
884 888 -0.466667
884 980 -0.333333
885 893 -0.333333
886 894 -0.733333
887 895 0.066667
888 896 -0.333333
889 893 4.333333
889 894 0.200000
889 895 5.000000
889 896 -0.066667
889 985 0.200000
890 893 3.000000
890 894 -0.866667
890 895 -0.333333
890 896 -0.600000
890 986 0.466667
891 893 -0.866667
891 894 -0.066667
891 895 0.600000
891 896 1.000000
891 987 0.200000
892 893 0.600000
892 894 0.333333
892 895 3.000000
892 896 1.000000
892 988 -0.733333
893 901 0.600000
894 902 0.333333
895 903 -0.600000
896 904 0.466667
897 901 -0.866667
897 902 0.466667
897 903 0.600000
897 904 0.466667
897 993 -0.200000
898 901 -0.200000
898 902 -0.466667
898 903 -0.066667
898 904 -0.600000
898 994 -0.200000
899 901 1.000000
899 902 0.466667
899 903 0.866667
899 904 -0.200000
899 995 -0.466667
900 901 0.866667
900 902 -0.333333
900 903 0.200000
900 904 -4.333333
900 996 4.333333
901 909 -1.000000
902 910 -0.333333
903 911 -1.000000
904 912 0.733333
905 909 -3.000000
905 910 1.666667
905 911 0.466667
905 912 -0.333333
905 1001 -0.866667
906 909 -0.866667
906 910 -0.733333
906 911 -0.066667
906 912 -0.333333
906 1002 -0.200000
907 909 -0.066667
907 910 0.600000
907 911 1.000000
907 912 0.466667
907 1003 -0.600000
908 909 -3.000000
908 910 -0.866667
908 911 0.600000
908 912 0.733333
908 1004 -0.733333
909 917 -0.066667
910 918 0.200000
911 919 -0.600000
912 920 0.333333
913 917 0.200000
913 918 -0.066667
913 919 0.733333
913 920 0.866667
913 1009 0.866667
914 917 -1.000000
914 918 -1.000000
914 919 1.000000
914 920 0.866667
914 1010 0.333333
915 917 -0.600000
915 918 0.333333
915 919 0.733333
915 920 -0.066667
915 1011 0.733333
916 917 -0.466667
916 918 0.866667
916 919 1.000000
916 920 -0.866667
916 1012 0.866667
917 925 0.866667
918 926 0.600000
919 927 0.733333
920 928 -0.333333
921 925 -1.666667
921 926 0.066667
921 927 -0.733333
921 928 -0.333333
921 1017 -5.000000
922 925 0.066667
922 926 0.200000
922 927 -0.333333
922 928 0.466667
922 1018 1.000000
923 925 -0.600000
923 926 -0.733333
923 927 0.200000
923 928 -0.733333
923 1019 0.466667
924 925 1.000000
924 926 -1.000000
924 927 -0.866667
924 928 -0.733333
924 1020 0.200000
925 933 -0.333333
926 934 0.066667
927 935 0.066667
928 936 -0.600000
929 933 0.866667
929 934 0.066667
929 935 0.466667
929 936 0.333333
929 1025 0.333333
930 933 0.333333
930 934 0.600000
930 935 -0.066667
930 936 0.866667
930 1026 -0.200000
931 933 -0.466667
931 934 -0.866667
931 935 1.000000
931 936 -0.333333
931 1027 0.600000
932 933 0.733333
932 934 -0.333333
932 935 -0.066667
932 936 0.866667
932 1028 0.600000
933 941 0.200000
934 942 -0.066667
935 943 -0.466667
936 944 -1.000000
937 941 0.733333
937 942 0.333333
937 943 1.000000
937 944 0.733333
937 1033 -4.333333
938 941 2.333333
938 942 0.333333
938 943 -1.000000
938 944 -0.600000
938 1034 3.666667
939 941 0.600000
939 942 -4.333333
939 943 1.000000
939 944 -1.000000
939 1035 -0.333333
940 941 -0.333333
940 942 -0.200000
940 943 -0.333333
940 944 -0.066667
940 1036 0.066667
941 949 0.866667
942 950 0.066667
943 951 4.333333
944 952 0.866667
945 949 -0.733333
945 950 -0.866667
945 951 0.866667
945 952 0.333333
945 1041 -0.866667
946 949 -0.866667
946 950 -0.733333
946 951 0.733333
946 952 0.333333
946 1042 -1.000000
947 949 0.733333
947 950 -0.866667
947 951 0.200000
947 952 -0.200000
947 1043 -0.066667
948 949 0.866667
948 950 0.066667
948 951 1.666667
948 952 -0.066667
948 1044 0.333333
949 957 -0.333333
950 958 -0.333333
951 959 0.733333
952 960 0.466667
953 957 -0.866667
953 958 -0.066667
953 959 0.466667
953 960 1.000000
953 1049 -0.066667
954 957 -0.733333
954 958 -0.733333
954 959 0.200000
954 960 -0.200000
954 1050 0.200000
955 957 0.733333
955 958 1.000000
955 959 -0.333333
955 960 0.733333
955 1051 -0.600000
956 957 -0.333333
956 958 0.200000
956 959 0.600000
956 960 -1.000000
956 1052 0.066667
961 965 1.000000
961 966 0.466667
961 967 0.466667
961 968 0.066667
961 1057 1.666667
962 965 4.333333
962 966 0.066667
962 967 0.066667
962 968 2.333333
962 1058 3.666667
963 965 -0.333333
963 966 0.600000
963 967 -5.000000
963 968 0.600000
963 1059 -2.333333
964 965 -0.733333
964 966 -0.333333
964 967 0.600000
964 968 5.000000
964 1060 -2.333333
965 973 0.200000
966 974 0.333333
967 975 0.466667
968 976 0.466667
969 973 0.066667
969 974 0.333333
969 975 -0.200000
969 976 -0.466667
969 1065 1.000000
970 973 -0.200000
970 974 0.466667
970 975 -0.600000
970 976 1.000000
970 1066 0.066667
971 973 0.066667
971 974 -0.866667
971 975 -0.066667
971 976 -0.066667
971 1067 2.333333
972 973 0.733333
972 974 0.733333
972 975 0.600000
972 976 0.733333
972 1068 -1.000000
973 981 -0.866667
974 982 -0.466667
975 983 0.733333
976 984 -0.600000
977 981 1.000000
977 982 0.333333
977 983 -0.200000
977 984 -0.733333
977 1073 0.866667
978 981 0.333333
978 982 -0.466667
978 983 -0.733333
978 984 0.866667
978 1074 0.333333
979 981 -0.333333
979 982 0.200000
979 983 0.733333
979 984 -0.866667
979 1075 -0.466667
980 981 -0.333333
980 982 -0.733333
980 983 0.200000
980 984 0.333333
980 1076 -1.000000
981 989 -0.066667
982 990 -0.600000
983 991 -0.333333
984 992 -1.000000
985 989 -0.333333
985 990 -0.600000
985 991 0.600000
985 992 -0.733333
985 1081 -0.866667
986 989 0.066667
986 990 0.200000
986 991 0.600000
986 992 0.600000
986 1082 0.733333
987 989 -0.600000
987 990 -0.733333
987 991 1.000000
987 992 0.733333
987 1083 -0.200000
988 989 0.866667
988 990 0.066667
988 991 0.333333
988 992 -0.333333
988 1084 -0.333333
989 997 -1.000000
990 998 0.733333
991 999 0.200000
992 1000 -0.200000
993 997 -0.600000
993 998 1.000000
993 999 0.200000
993 1000 0.600000
993 1089 0.200000
994 997 -0.733333
994 998 -0.600000
994 999 -0.600000
994 1000 -0.200000
994 1090 -5.000000
995 997 -0.333333
995 998 -0.866667
995 999 -0.466667
995 1000 0.333333
995 1091 -0.733333
996 997 0.866667
996 998 0.466667
996 999 -0.466667
996 1000 -2.333333
996 1092 -0.333333
997 1005 -0.200000
998 1006 -0.866667
999 1007 0.200000
1000 1008 0.866667
1001 1005 -0.733333
1001 1006 0.066667
1001 1007 -0.866667
1001 1008 -1.000000
1001 1097 0.333333
1002 1005 0.600000
1002 1006 0.866667
1002 1007 -0.733333
1002 1008 0.733333
1002 1098 0.600000
1003 1005 -0.333333
1003 1006 -0.733333
1003 1007 -0.466667
1003 1008 -0.466667
1003 1099 1.000000
1004 1005 -0.600000
1004 1006 0.333333
1004 1007 0.333333
1004 1008 -0.466667
1004 1100 0.333333
1005 1013 -4.333333
1006 1014 -0.466667
1007 1015 -0.066667
1008 1016 1.000000
1009 1013 1.000000
1009 1014 0.466667
1009 1015 -0.733333
1009 1016 -0.200000
1009 1105 0.733333
1010 1013 0.733333
1010 1014 -0.466667
1010 1015 -0.200000
1010 1016 -0.466667
1010 1106 -0.200000
1011 1013 0.466667
1011 1014 -0.733333
1011 1015 0.066667
1011 1016 -0.333333
1011 1107 0.333333
1012 1013 0.600000
1012 1014 0.466667
1012 1015 0.733333
1012 1016 0.466667
1012 1108 1.000000
1013 1021 0.600000
1014 1022 -0.733333
1015 1023 -0.066667
1016 1024 2.333333
1017 1021 -0.466667
1017 1022 -0.333333
1017 1023 -0.066667
1017 1024 1.000000
1017 1113 -0.866667
1018 1021 0.733333
1018 1022 0.066667
1018 1023 0.200000
1018 1024 -2.333333
1018 1114 -0.600000
1019 1021 -1.000000
1019 1022 0.200000
1019 1023 0.866667
1019 1024 -0.866667
1019 1115 -0.733333
1020 1021 0.600000
1020 1022 -0.600000
1020 1023 -0.733333
1020 1024 0.733333
1020 1116 0.066667
1021 1029 -0.200000
1022 1030 0.333333
1023 1031 0.466667
1024 1032 0.333333
1025 1029 0.466667
1025 1030 0.733333
1025 1031 0.733333
1025 1032 -0.733333
1025 1121 0.066667
1026 1029 -0.466667
1026 1030 -0.333333
1026 1031 -3.666667
1026 1032 0.600000
1026 1122 -4.333333
1027 1029 0.333333
1027 1030 -0.866667
1027 1031 0.066667
1027 1032 -0.333333
1027 1123 -0.066667
1028 1029 0.733333
1028 1030 1.000000
1028 1031 -0.733333
1028 1032 0.066667
1028 1124 -0.733333
1029 1037 -0.600000
1030 1038 -0.200000
1031 1039 0.866667
1032 1040 0.466667
1033 1037 -2.333333
1033 1038 -0.866667
1033 1039 -0.200000
1033 1040 0.066667
1033 1129 -3.000000
1034 1037 -0.866667
1034 1038 0.333333
1034 1039 -1.000000
1034 1040 0.200000
1034 1130 -0.600000
1035 1037 -3.666667
1035 1038 -0.733333
1035 1039 0.733333
1035 1040 -1.000000
1035 1131 -0.866667
1036 1037 -0.600000
1036 1038 0.866667
1036 1039 0.200000
1036 1040 -1.000000
1036 1132 -0.866667
1037 1045 0.733333
1038 1046 0.733333
1039 1047 -0.600000
1040 1048 1.000000
1041 1045 -0.200000
1041 1046 0.866667
1041 1047 0.466667
1041 1048 0.066667
1041 1137 -0.600000
1042 1045 0.066667
1042 1046 0.466667
1042 1047 -0.066667
1042 1048 -0.333333
1042 1138 -0.333333
1043 1045 -0.466667
1043 1046 0.733333
1043 1047 -0.466667
1043 1048 -0.733333
1043 1139 0.200000
1044 1045 0.866667
1044 1046 0.866667
1044 1047 -0.733333
1044 1048 0.733333
1044 1140 -0.466667
1045 1053 0.466667
1046 1054 0.066667
1047 1055 0.600000
1048 1056 -0.200000
1049 1053 0.733333
1049 1054 -0.066667
1049 1055 -0.333333
1049 1056 0.866667
1049 1145 -0.600000
1050 1053 -0.066667
1050 1054 -0.200000
1050 1055 1.000000
1050 1056 -0.600000
1050 1146 0.066667
1051 1053 0.200000
1051 1054 0.333333
1051 1055 -0.333333
1051 1056 -1.000000
1051 1147 -0.733333
1052 1053 -0.600000
1052 1054 1.000000
1052 1055 0.466667
1052 1056 0.200000
1052 1148 1.000000
1057 1061 0.866667
1057 1062 0.066667
1057 1063 -0.466667
1057 1064 -0.333333
1058 1061 0.466667
1058 1062 0.733333
1058 1063 -0.733333
1058 1064 -0.066667
1059 1061 -5.000000
1059 1062 -5.000000
1059 1063 0.600000
1059 1064 0.600000
1060 1061 0.866667
1060 1062 0.333333
1060 1063 3.666667
1060 1064 0.333333
1061 1069 1.000000
1062 1070 0.200000
1063 1071 3.666667
1064 1072 -0.733333
1065 1069 -0.333333
1065 1070 5.000000
1065 1071 -3.000000
1065 1072 0.333333
1066 1069 -0.600000
1066 1070 -1.000000
1066 1071 -3.000000
1066 1072 -0.866667
1067 1069 0.466667
1067 1070 0.600000
1067 1071 -0.866667
1067 1072 -5.000000
1068 1069 -0.333333
1068 1070 0.333333
1068 1071 4.333333
1068 1072 1.000000
1069 1077 0.866667
1070 1078 -1.000000
1071 1079 -0.200000
1072 1080 -1.000000
1073 1077 -0.333333
1073 1078 -0.466667
1073 1079 0.066667
1073 1080 0.600000
1074 1077 -0.866667
1074 1078 -0.066667
1074 1079 -1.000000
1074 1080 0.333333
1075 1077 -0.466667
1075 1078 1.000000
1075 1079 -0.600000
1075 1080 0.600000
1076 1077 3.666667
1076 1078 -0.466667
1076 1079 -0.200000
1076 1080 0.600000
1077 1085 1.000000
1078 1086 0.866667
1079 1087 -0.733333
1080 1088 1.000000
1081 1085 -0.733333
1081 1086 0.066667
1081 1087 -0.066667
1081 1088 0.066667
1082 1085 2.333333
1082 1086 -1.000000
1082 1087 -0.200000
1082 1088 -0.866667
1083 1085 -0.733333
1083 1086 -0.200000
1083 1087 0.866667
1083 1088 -0.200000
1084 1085 0.733333
1084 1086 -1.000000
1084 1087 -1.000000
1084 1088 0.200000
1085 1093 1.666667
1086 1094 0.733333
1087 1095 0.466667
1088 1096 0.200000
1089 1093 -3.000000
1089 1094 -0.066667
1089 1095 -0.066667
1089 1096 -0.200000
1090 1093 5.000000
1090 1094 -4.333333
1090 1095 -0.066667
1090 1096 -0.466667
1091 1093 -0.600000
1091 1094 -0.200000
1091 1095 -0.600000
1091 1096 -0.733333
1092 1093 0.333333
1092 1094 -5.000000
1092 1095 -0.733333
1092 1096 0.333333
1093 1101 1.000000
1094 1102 0.733333
1095 1103 -0.200000
1096 1104 -0.333333
1097 1101 0.600000
1097 1102 0.466667
1097 1103 1.000000
1097 1104 -0.066667
1098 1101 0.333333
1098 1102 -0.466667
1098 1103 1.000000
1098 1104 -1.000000
1099 1101 -0.200000
1099 1102 -0.600000
1099 1103 0.866667
1099 1104 0.466667
1100 1101 0.866667
1100 1102 0.600000
1100 1103 0.200000
1100 1104 0.200000
1101 1109 0.733333
1102 1110 -0.466667
1103 1111 1.666667
1104 1112 0.733333
1105 1109 0.200000
1105 1110 0.333333
1105 1111 -0.466667
1105 1112 -1.000000
1106 1109 -0.600000
1106 1110 -0.733333
1106 1111 0.733333
1106 1112 0.733333
1107 1109 0.733333
1107 1110 -0.066667
1107 1111 0.466667
1107 1112 0.200000
1108 1109 -0.600000
1108 1110 -0.200000
1108 1111 -0.466667
1108 1112 0.600000
1109 1117 0.066667
1110 1118 -0.466667
1111 1119 0.333333
1112 1120 -0.600000
1113 1117 -0.466667
1113 1118 0.866667
1113 1119 0.200000
1113 1120 1.000000
1114 1117 0.866667
1114 1118 -0.600000
1114 1119 -0.066667
1114 1120 -1.000000
1115 1117 0.066667
1115 1118 -0.333333
1115 1119 1.000000
1115 1120 -0.600000
1116 1117 -0.333333
1116 1118 -1.000000
1116 1119 -1.000000
1116 1120 -0.066667
1117 1125 0.866667
1118 1126 1.000000
1119 1127 -0.066667
1120 1128 -0.466667
1121 1125 -0.466667
1121 1126 -0.466667
1121 1127 1.666667
1121 1128 0.733333
1122 1125 0.200000
1122 1126 0.066667
1122 1127 0.333333
1122 1128 -3.666667
1123 1125 0.600000
1123 1126 -1.000000
1123 1127 0.733333
1123 1128 -1.000000
1124 1125 1.000000
1124 1126 0.733333
1124 1127 -0.333333
1124 1128 -3.000000
1125 1133 1.000000
1126 1134 -0.466667
1127 1135 -3.000000
1128 1136 0.600000
1129 1133 0.733333
1129 1134 -0.200000
1129 1135 0.066667
1129 1136 -0.200000
1130 1133 1.000000
1130 1134 0.866667
1130 1135 0.866667
1130 1136 0.333333
1131 1133 -0.333333
1131 1134 -0.066667
1131 1135 0.866667
1131 1136 -0.600000
1132 1133 1.000000
1132 1134 -0.733333
1132 1135 -0.066667
1132 1136 -0.200000
1133 1141 0.733333
1134 1142 0.600000
1135 1143 0.066667
1136 1144 0.866667
1137 1141 -1.000000
1137 1142 -0.866667
1137 1143 1.000000
1137 1144 0.466667
1138 1141 0.066667
1138 1142 -0.600000
1138 1143 -0.200000
1138 1144 -0.066667
1139 1141 -0.733333
1139 1142 1.000000
1139 1143 -0.066667
1139 1144 0.866667
1140 1141 0.600000
1140 1142 -0.200000
1140 1143 -0.600000
1140 1144 0.466667
1141 1149 -0.733333
1142 1150 0.733333
1143 1151 -1.000000
1144 1152 -0.600000
1145 1149 1.000000
1145 1150 1.000000
1145 1151 -0.866667
1145 1152 0.333333
1146 1149 -0.200000
1146 1150 0.066667
1146 1151 -0.466667
1146 1152 -1.000000
1147 1149 -1.000000
1147 1150 0.733333
1147 1151 -1.000000
1147 1152 0.200000
1148 1149 -0.066667
1148 1150 5.000000
1148 1151 -1.666667
1148 1152 1.000000