#
1 1 -0.146667
2 2 0.040000
3 3 0.120000
4 4 -0.120000
5 5 0.120000
6 6 0.066667
7 7 0.173333
8 8 -0.066667
9 9 0.200000
10 10 -0.200000
11 11 0.066667
12 12 0.200000
13 13 0.120000
14 14 0.040000
15 15 -0.120000
16 16 0.093333
17 17 -0.146667
18 18 -0.066667
19 19 0.066667
20 20 0.173333
21 21 0.173333
22 22 -0.040000
23 23 0.200000
24 24 -0.013333
25 25 0.120000
26 26 -0.013333
27 27 -0.120000
28 28 -0.040000
29 29 0.200000
30 30 0.093333
31 31 -0.093333
32 32 -0.093333
33 33 -0.173333
34 34 0.146667
35 35 0.200000
36 36 0.066667
37 37 0.013333
38 38 0.146667
39 39 0.093333
40 40 0.040000
41 41 -0.013333
42 42 0.013333
43 43 0.093333
44 44 0.200000
45 45 -0.173333
46 46 0.040000
47 47 -0.173333
48 48 -0.200000
49 49 -0.040000
50 50 0.040000
51 51 0.040000
52 52 0.200000
53 53 -0.013333
54 54 -0.173333
55 55 -0.146667
56 56 -0.120000
57 57 -0.066667
58 58 -0.093333
59 59 0.173333
60 60 0.120000
61 61 -0.120000
62 62 -0.040000
63 63 0.146667
64 64 -0.013333
65 65 -0.093333
66 66 -0.173333
67 67 -0.146667
68 68 -0.093333
69 69 0.200000
70 70 -0.013333
71 71 -0.013333
72 72 0.093333
73 73 0.066667
74 74 -0.040000
75 75 0.066667
76 76 -0.040000
77 77 0.200000
78 78 -0.040000
79 79 0.040000
80 80 0.146667
81 81 0.093333
82 82 0.040000
83 83 -0.066667
84 84 -0.013333
85 85 0.173333
86 86 0.200000
87 87 -0.040000
88 88 0.120000
89 89 0.040000
90 90 -0.013333
91 91 -0.173333
92 92 -0.040000
93 93 0.040000
94 94 -0.040000
95 95 -0.120000
96 96 0.040000
97 97 -0.200000
98 98 -0.146667
99 99 -0.200000
100 100 -0.066667
101 101 -0.120000
102 102 -0.093333
103 103 0.120000
104 104 0.066667
105 105 0.040000
106 106 -0.120000
107 107 -0.040000
108 108 0.066667
109 109 0.173333
110 110 0.093333
111 111 -0.146667
112 112 0.013333
113 113 -0.200000
114 114 -0.066667
115 115 -0.200000
116 116 -0.066667
117 117 -0.120000
118 118 -0.200000
119 119 -0.013333
120 120 -0.093333
121 121 -0.200000
122 122 -0.093333
123 123 -0.013333
124 124 -0.146667
125 125 -0.093333
126 126 0.013333
127 127 0.173333
128 128 0.013333
129 129 -0.173333
130 130 0.120000
131 131 0.013333
132 132 0.093333
133 133 -0.200000
134 134 -0.200000
135 135 -0.093333
136 136 -0.200000
137 137 0.173333
138 138 -0.013333
139 139 -0.173333
140 140 0.013333
141 141 0.120000
142 142 -0.146667
143 143 -0.146667
144 144 -0.040000
145 145 -0.040000
146 146 -0.013333
147 147 0.013333
148 148 0.013333
149 149 -0.040000
150 150 -0.093333
151 151 0.146667
152 152 -0.093333
153 153 -0.120000
154 154 -0.013333
155 155 0.173333
156 156 -0.120000
157 157 -0.200000
158 158 0.200000
159 159 0.040000
160 160 -0.093333
161 161 0.093333
162 162 -0.093333
163 163 -0.146667
164 164 -0.173333
165 165 0.040000
166 166 0.200000
167 167 -0.200000
168 168 -0.146667
169 169 -0.173333
170 170 0.013333
171 171 -0.066667
172 172 0.040000
173 173 0.040000
174 174 0.013333
175 175 0.013333
176 176 0.093333
177 177 0.200000
178 178 -0.093333
179 179 0.200000
180 180 0.093333
181 181 0.120000
182 182 -0.013333
183 183 0.066667
184 184 -0.013333
185 185 0.013333
186 186 -0.120000
187 187 -0.040000
188 188 0.120000
189 189 0.040000
190 190 0.066667
191 191 -0.040000
192 192 0.093333
193 193 -0.146667
194 194 -0.066667
195 195 -0.200000
196 196 0.173333
197 197 0.013333
198 198 -0.120000
199 199 0.013333
200 200 -0.040000
201 201 0.013333
202 202 0.173333
203 203 -0.066667
204 204 -0.146667
205 205 -0.093333
206 206 0.146667
207 207 0.200000
208 208 -0.200000
209 209 -0.066667
210 210 0.066667
211 211 -0.146667
212 212 0.013333
213 213 0.040000
214 214 0.013333
215 215 0.120000
216 216 -0.146667
217 217 0.173333
218 218 -0.066667
219 219 -0.146667
220 220 -0.093333
221 221 -0.013333
222 222 0.120000
223 223 -0.093333
224 224 -0.093333
225 225 -0.146667
226 226 0.040000
227 227 -0.200000
228 228 0.013333
229 229 -0.146667
230 230 0.040000
231 231 -0.120000
232 232 0.093333
233 233 -0.066667
234 234 -0.093333
235 235 -0.146667
236 236 0.093333
237 237 0.200000
238 238 -0.173333
239 239 0.200000
240 240 -0.013333
241 241 -0.173333
242 242 -0.013333
243 243 -0.040000
244 244 0.200000
245 245 0.173333
246 246 -0.066667
247 247 0.066667
248 248 -0.146667
249 249 0.173333
250 250 0.173333
251 251 0.120000
252 252 0.146667
253 253 0.173333
254 254 0.066667
255 255 -0.120000
256 256 -0.146667
257 257 -0.146667
258 258 -0.093333
259 259 0.040000
260 260 -0.013333
261 261 -0.120000
262 262 0.040000
263 263 0.093333
264 264 0.173333
265 265 0.173333
266 266 -0.093333
267 267 -0.120000
268 268 0.093333
269 269 0.146667
270 270 -0.120000
271 271 -0.146667
272 272 0.093333
273 273 -0.200000
274 274 0.173333
275 275 0.120000
276 276 0.146667
277 277 -0.013333
278 278 -0.200000
279 279 -0.120000
280 280 -0.013333
281 281 -0.146667
282 282 0.173333
283 283 -0.200000
284 284 -0.200000
285 285 -0.066667
286 286 -0.093333
287 287 0.173333
288 288 0.200000
289 289 -0.093333
290 290 0.173333
291 291 -0.013333
292 292 -0.013333
293 293 -0.200000
294 294 -0.120000
295 295 -0.146667
296 296 0.066667
297 297 -0.066667
298 298 0.013333
299 299 0.066667
300 300 -0.146667
301 301 0.146667
302 302 0.040000
303 303 0.013333
304 304 0.173333
305 305 -0.093333
306 306 -0.066667
307 307 -0.120000
308 308 0.013333
309 309 -0.120000
310 310 -0.173333
311 311 0.040000
312 312 0.066667
313 313 -0.146667
314 314 -0.173333
315 315 -0.173333
316 316 -0.146667
317 317 0.173333
318 318 0.173333
319 319 -0.013333
320 320 -0.120000
321 321 0.146667
322 322 -0.013333
323 323 0.173333
324 324 -0.200000
325 325 0.120000
326 326 0.173333
327 327 -0.173333
328 328 0.066667
329 329 0.013333
330 330 -0.146667
331 331 -0.200000
332 332 0.093333
333 333 -0.040000
334 334 0.200000
335 335 0.120000
336 336 0.040000
337 337 0.040000
338 338 0.173333
339 339 0.040000
340 340 -0.013333
341 341 0.013333
342 342 0.200000
343 343 0.066667
344 344 -0.013333
345 345 -0.146667
346 346 0.066667
347 347 0.013333
348 348 0.200000
349 349 -0.066667
350 350 -0.200000
351 351 -0.040000
352 352 0.146667
353 353 0.173333
354 354 -0.120000
355 355 -0.066667
356 356 0.066667
357 357 0.066667
358 358 0.173333
359 359 -0.013333
360 360 0.093333
361 361 0.200000
362 362 -0.066667
363 363 -0.040000
364 364 0.200000
365 365 -0.146667
366 366 0.040000
367 367 -0.146667
368 368 -0.093333
369 369 -0.146667
370 370 -0.200000
371 371 0.040000
372 372 -0.120000
373 373 -0.173333
374 374 0.013333
375 375 -0.146667
376 376 -0.066667
377 377 -0.120000
378 378 -0.013333
379 379 -0.173333
380 380 0.066667
381 381 -0.146667
382 382 -0.146667
383 383 -0.200000
384 384 0.013333
385 385 -0.173333
386 386 0.200000
387 387 -0.066667
388 388 -0.200000
389 389 -0.173333
390 390 -0.200000
391 391 0.040000
392 392 -0.173333
393 393 0.173333
394 394 0.013333
395 395 0.200000
396 396 -0.146667
397 397 -0.200000
398 398 -0.040000
399 399 -0.040000
400 400 -0.013333
401 401 0.173333
402 402 -0.173333
403 403 -0.040000
404 404 -0.093333
405 405 -0.013333
406 406 0.120000
407 407 -0.066667
408 408 0.093333
409 409 -0.120000
410 410 0.200000
411 411 0.200000
412 412 0.040000
413 413 -0.040000
414 414 -0.120000
415 415 0.013333
416 416 -0.040000
417 417 -0.013333
418 418 0.200000
419 419 0.040000
420 420 0.040000
421 421 -0.093333
422 422 0.120000
423 423 0.040000
424 424 0.013333
425 425 -0.146667
426 426 -0.040000
427 427 0.093333
428 428 -0.200000
429 429 -0.146667
430 430 0.093333
431 431 -0.173333
432 432 0.040000
433 433 0.200000
434 434 -0.146667
435 435 0.093333
436 436 -0.120000
437 437 -0.200000
438 438 -0.200000
439 439 -0.200000
440 440 0.040000
441 441 -0.066667
442 442 0.040000
443 443 0.120000
444 444 -0.066667
445 445 -0.173333
446 446 -0.173333
447 447 0.093333
448 448 -0.200000
449 449 -0.146667
450 450 0.093333
451 451 0.013333
452 452 0.040000
453 453 -0.066667
454 454 -0.120000
455 455 0.093333
456 456 0.146667
457 457 -0.146667
458 458 -0.173333
459 459 -0.066667
460 460 0.013333
461 461 0.040000
462 462 -0.146667
463 463 -0.066667
464 464 0.173333
465 465 0.120000
466 466 -0.200000
467 467 0.173333
468 468 -0.093333
469 469 0.120000
470 470 0.173333
471 471 -0.093333
472 472 -0.066667
473 473 0.013333
474 474 0.093333
475 475 0.066667
476 476 0.173333
477 477 -0.093333
478 478 0.040000
479 479 0.200000
480 480 0.013333
481 481 -0.173333
482 482 -0.066667
483 483 -0.173333
484 484 -0.066667
485 485 0.040000
486 486 0.173333
487 487 -0.013333
488 488 -0.173333
489 489 -0.173333
490 490 -0.040000
491 491 0.013333
492 492 -0.093333
493 493 0.093333
494 494 0.013333
495 495 0.120000
496 496 -0.093333
497 497 -0.093333
498 498 0.066667
499 499 -0.146667
500 500 -0.200000
501 501 0.040000
502 502 0.066667
503 503 0.040000
504 504 -0.200000
505 505 0.013333
506 506 0.040000
507 507 -0.066667
508 508 -0.013333
509 509 0.200000
510 510 -0.120000
511 511 -0.200000
512 512 0.173333
513 513 -0.200000
514 514 0.173333
515 515 -0.200000
516 516 -0.200000
517 517 0.093333
518 518 -0.066667
519 519 -0.013333
520 520 -0.066667
521 521 0.200000
522 522 0.040000
523 523 0.146667
524 524 0.146667
525 525 -0.173333
526 526 -0.013333
527 527 -0.146667
528 528 0.146667
529 529 0.013333
530 530 0.120000
531 531 0.040000
532 532 -0.120000
533 533 -0.040000
534 534 0.200000
535 535 0.146667
536 536 0.200000
537 537 0.200000
538 538 0.040000
539 539 -0.093333
540 540 0.093333
541 541 -0.173333
542 542 0.120000
543 543 0.013333
544 544 0.093333
545 545 0.200000
546 546 -0.120000
547 547 -0.173333
548 548 0.013333
549 549 -0.200000
550 550 0.200000
551 551 -0.146667
552 552 0.093333
553 553 0.040000
554 554 -0.013333
555 555 0.173333
556 556 0.200000
557 557 0.146667
558 558 0.040000
559 559 0.146667
560 560 -0.200000
561 561 -0.200000
562 562 0.146667
563 563 0.093333
564 564 0.040000
565 565 0.013333
566 566 -0.040000
567 567 -0.146667
568 568 0.093333
569 569 -0.146667
570 570 -0.146667
571 571 0.146667
572 572 -0.013333
573 573 0.066667
574 574 -0.093333
575 575 -0.066667
576 576 -0.146667
577 577 0.173333
578 578 -0.040000
579 579 -0.066667
580 580 -0.040000
581 581 0.200000
582 582 0.013333
583 583 -0.200000
584 584 -0.200000
585 585 0.040000
586 586 -0.066667
587 587 -0.146667
588 588 0.200000
589 589 -0.013333
590 590 0.013333
591 591 -0.173333
592 592 -0.013333
593 593 0.066667
594 594 -0.066667
595 595 0.173333
596 596 -0.040000
597 597 0.040000
598 598 0.093333
599 599 -0.146667
600 600 -0.120000
601 601 0.200000
602 602 -0.040000
603 603 0.173333
604 604 -0.013333
605 605 -0.013333
606 606 0.200000
607 607 -0.093333
608 608 -0.120000
609 609 0.066667
610 610 0.066667
611 611 -0.120000
612 612 0.066667
613 613 0.146667
614 614 -0.066667
615 615 0.066667
616 616 0.093333
617 617 0.120000
618 618 0.093333
619 619 0.093333
620 620 -0.066667
621 621 0.146667
622 622 -0.013333
623 623 -0.093333
624 624 0.066667
625 625 -0.120000
626 626 -0.013333
627 627 0.013333
628 628 -0.146667
629 629 0.040000
630 630 -0.093333
631 631 -0.040000
632 632 0.013333
633 633 0.146667
634 634 0.173333
635 635 0.013333
636 636 -0.200000
637 637 0.200000
638 638 0.040000
639 639 -0.173333
640 640 0.146667
641 641 -0.040000
642 642 0.093333
643 643 0.013333
644 644 -0.173333
645 645 0.093333
646 646 0.093333
647 647 0.040000
648 648 0.093333
649 649 0.120000
650 650 -0.146667
651 651 -0.013333
652 652 0.040000
653 653 -0.093333
654 654 0.200000
655 655 -0.146667
656 656 0.013333
657 657 0.040000
658 658 0.040000
659 659 0.066667
660 660 0.200000
661 661 0.200000
662 662 -0.040000
663 663 0.093333
664 664 -0.093333
665 665 -0.013333
666 666 0.146667
667 667 -0.146667
668 668 0.013333
669 669 -0.146667
670 670 -0.146667
671 671 -0.200000
672 672 0.040000
673 673 -0.173333
674 674 0.200000
675 675 0.040000
676 676 -0.066667
677 677 0.013333
678 678 0.120000
679 679 0.093333
680 680 0.146667
681 681 0.040000
682 682 0.200000
683 683 -0.173333
684 684 0.040000
685 685 0.120000
686 686 0.013333
687 687 0.120000
688 688 0.040000
689 689 -0.013333
690 690 0.093333
691 691 -0.200000
692 692 -0.200000
693 693 0.173333
694 694 -0.066667
695 695 -0.013333
696 696 -0.093333
697 697 0.066667
698 698 -0.040000
699 699 0.146667
700 700 0.200000
701 701 -0.173333
702 702 0.200000
703 703 -0.093333
704 704 0.013333
705 705 -0.173333
706 706 -0.040000
707 707 -0.093333
708 708 0.146667
709 709 0.066667
710 710 0.120000
711 711 0.040000
712 712 0.040000
713 713 0.200000
714 714 -0.066667
715 715 0.066667
716 716 0.173333
717 717 0.200000
718 718 -0.120000
719 719 0.013333
720 720 0.120000
721 721 -0.120000
722 722 0.093333
723 723 0.066667
724 724 -0.040000
725 725 0.173333
726 726 0.120000
727 727 -0.200000
728 728 0.146667
729 729 0.013333
730 730 0.093333
731 731 -0.200000
732 732 -0.200000
733 733 0.093333
734 734 -0.013333
735 735 0.066667
736 736 -0.146667
737 737 0.146667
738 738 0.200000
739 739 -0.173333
740 740 -0.146667
741 741 0.146667
742 742 0.066667
743 743 0.120000
744 744 -0.146667
745 745 0.200000
746 746 -0.013333
747 747 -0.013333
748 748 -0.146667
749 749 -0.066667
750 750 0.093333
751 751 0.120000
752 752 0.040000
753 753 -0.200000
754 754 -0.173333
755 755 -0.040000
756 756 -0.173333
757 757 0.066667
758 758 0.040000
759 759 0.173333
760 760 -0.120000
761 761 0.120000
762 762 -0.013333
763 763 -0.200000
764 764 0.173333
765 765 0.040000
766 766 -0.013333
767 767 -0.066667
768 768 -0.200000
769 769 -0.066667
770 770 -0.066667
771 771 -0.013333
772 772 0.066667
773 773 -0.040000
774 774 -0.093333
775 775 0.066667
776 776 -0.146667
777 777 -0.146667
778 778 0.200000
779 779 -0.200000
780 780 -0.040000
781 781 0.146667
782 782 0.120000
783 783 -0.173333
784 784 0.093333
785 785 0.146667
786 786 0.173333
787 787 0.013333
788 788 0.040000
789 789 0.146667
790 790 0.173333
791 791 -0.173333
792 792 0.200000
793 793 -0.200000
794 794 -0.013333
795 795 0.013333
796 796 0.120000
797 797 0.040000
798 798 0.066667
799 799 0.093333
800 800 0.173333
801 801 0.013333
802 802 0.120000
803 803 -0.146667
804 804 0.013333
805 805 0.120000
806 806 -0.093333
807 807 -0.120000
808 808 -0.040000
809 809 0.013333
810 810 -0.066667
811 811 0.093333
812 812 -0.146667
813 813 -0.066667
814 814 0.066667
815 815 0.146667
816 816 0.093333
817 817 -0.120000
818 818 0.066667
819 819 0.093333
820 820 -0.173333
821 821 -0.093333
822 822 0.040000
823 823 -0.200000
824 824 -0.013333
825 825 0.066667
826 826 0.013333
827 827 0.013333
828 828 0.200000
829 829 -0.146667
830 830 -0.120000
831 831 0.093333
832 832 -0.013333
833 833 0.093333
834 834 -0.093333
835 835 -0.173333
836 836 0.146667
837 837 0.013333
838 838 -0.120000
839 839 0.120000
840 840 -0.146667
841 841 -0.173333
842 842 -0.173333
843 843 0.066667
844 844 0.040000
845 845 0.120000
846 846 -0.173333
847 847 0.093333
848 848 -0.146667
849 849 0.200000
850 850 0.093333
851 851 0.040000
852 852 -0.200000
853 853 -0.200000
854 854 -0.093333
855 855 0.146667
856 856 -0.066667
857 857 0.200000
858 858 0.040000
859 859 0.120000
860 860 0.173333
861 861 -0.066667
862 862 0.066667
863 863 -0.040000
864 864 0.093333
865 865 0.146667
866 866 -0.146667
867 867 0.013333
868 868 -0.120000
869 869 -0.173333
870 870 -0.013333
871 871 -0.066667
872 872 -0.066667
873 873 -0.200000
874 874 0.146667
875 875 0.093333
876 876 -0.066667
877 877 0.120000
878 878 -0.093333
879 879 -0.120000
880 880 -0.013333
881 881 -0.146667
882 882 0.146667
883 883 0.120000
884 884 0.120000
885 885 -0.066667
886 886 -0.146667
887 887 -0.093333
888 888 -0.120000
889 889 -0.013333
890 890 0.173333
891 891 -0.040000
892 892 -0.066667
893 893 -0.066667
894 894 -0.120000
895 895 -0.093333
896 896 -0.013333
897 897 0.093333
898 898 -0.146667
899 899 -0.093333
900 900 -0.066667
901 901 0.013333
902 902 0.146667
903 903 0.066667
904 904 -0.173333
905 905 0.146667
906 906 -0.013333
907 907 -0.200000
908 908 -0.013333
909 909 -0.013333
910 910 -0.120000
911 911 -0.013333
912 912 -0.146667
913 913 -0.040000
914 914 -0.013333
915 915 -0.120000
916 916 0.013333
917 917 0.200000
918 918 -0.120000
919 919 0.013333
920 920 -0.093333
921 921 0.040000
922 922 -0.093333
923 923 -0.146667
924 924 -0.013333
925 925 0.120000
926 926 0.066667
927 927 0.120000
928 928 -0.040000
929 929 0.093333
930 930 0.093333
931 931 0.173333
932 932 -0.013333
933 933 -0.040000
934 934 -0.093333
935 935 -0.173333
936 936 0.146667
937 937 -0.066667
938 938 0.120000
939 939 0.146667
940 940 0.146667
941 941 0.066667
942 942 -0.040000
943 943 0.066667
944 944 0.120000
945 945 -0.013333
946 946 0.066667
947 947 -0.013333
948 948 -0.173333
949 949 -0.040000
950 950 0.173333
951 951 0.200000
952 952 0.013333
953 953 -0.173333
954 954 0.093333
955 955 -0.120000
956 956 -0.066667
957 957 -0.120000
958 958 0.120000
959 959 0.146667
960 960 0.040000
961 961 -0.173333
962 962 0.013333
963 963 -0.146667
964 964 0.173333
965 965 -0.120000
966 966 -0.146667
967 967 0.040000
968 968 -0.040000
969 969 0.120000
970 970 -0.066667
971 971 0.040000
972 972 0.040000
973 973 0.200000
974 974 0.200000
975 975 -0.040000
976 976 -0.066667
977 977 0.093333
978 978 0.040000
979 979 -0.013333
980 980 0.093333
981 981 0.040000
982 982 -0.120000
983 983 -0.173333
984 984 -0.120000
985 985 0.093333
986 986 0.120000
987 987 0.013333
988 988 -0.066667
989 989 0.200000
990 990 0.120000
991 991 -0.146667
992 992 0.200000
993 993 0.146667
994 994 -0.093333
995 995 0.013333
996 996 -0.040000
997 997 0.120000
998 998 -0.093333
999 999 0.093333
1000 1000 0.040000
1001 1001 0.066667
1002 1002 0.200000
1003 1003 0.013333
1004 1004 -0.173333
1005 1005 0.120000
1006 1006 -0.120000
1007 1007 -0.066667
1008 1008 0.146667
1009 1009 0.066667
1010 1010 0.040000
1011 1011 -0.200000
1012 1012 -0.146667
1013 1013 -0.013333
1014 1014 0.200000
1015 1015 0.066667
1016 1016 0.093333
1017 1017 0.173333
1018 1018 0.200000
1019 1019 -0.120000
1020 1020 0.146667
1021 1021 0.066667
1022 1022 0.146667
1023 1023 -0.040000
1024 1024 0.200000
1025 1025 0.120000
1026 1026 -0.200000
1027 1027 0.093333
1028 1028 -0.146667
1029 1029 0.013333
1030 1030 0.200000
1031 1031 -0.040000
1032 1032 0.173333
1033 1033 0.093333
1034 1034 0.040000
1035 1035 -0.040000
1036 1036 -0.013333
1037 1037 0.093333
1038 1038 -0.200000
1039 1039 -0.200000
1040 1040 -0.040000
1041 1041 0.200000
1042 1042 0.200000
1043 1043 0.146667
1044 1044 0.066667
1045 1045 -0.066667
1046 1046 0.146667
1047 1047 -0.093333
1048 1048 -0.066667
1049 1049 -0.013333
1050 1050 -0.120000
1051 1051 0.040000
1052 1052 0.200000
1053 1053 -0.066667
1054 1054 0.013333
1055 1055 0.040000
1056 1056 -0.146667
1057 1057 0.013333
1058 1058 -0.066667
1059 1059 -0.013333
1060 1060 0.066667
1061 1061 0.066667
1062 1062 0.200000
1063 1063 -0.173333
1064 1064 -0.173333
1065 1065 0.013333
1066 1066 0.066667
1067 1067 -0.013333
1068 1068 -0.040000
1069 1069 -0.013333
1070 1070 -0.200000
1071 1071 -0.093333
1072 1072 -0.066667
1073 1073 0.093333
1074 1074 -0.120000
1075 1075 -0.200000
1076 1076 -0.146667
1077 1077 0.200000
1078 1078 -0.066667
1079 1079 -0.120000
1080 1080 -0.120000
1081 1081 -0.200000
1082 1082 0.066667
1083 1083 0.173333
1084 1084 0.200000
1085 1085 -0.093333
1086 1086 -0.093333
1087 1087 -0.146667
1088 1088 0.013333
1089 1089 -0.120000
1090 1090 -0.040000
1091 1091 -0.146667
1092 1092 -0.146667
1093 1093 0.200000
1094 1094 0.200000
1095 1095 0.146667
1096 1096 0.066667
1097 1097 0.120000
1098 1098 -0.013333
1099 1099 -0.066667
1100 1100 -0.013333
1101 1101 -0.013333
1102 1102 0.013333
1103 1103 -0.066667
1104 1104 -0.040000
1105 1105 -0.013333
1106 1106 0.120000
1107 1107 0.200000
1108 1108 -0.066667
1109 1109 0.120000
1110 1110 -0.066667
1111 1111 -0.146667
1112 1112 -0.066667
1113 1113 0.120000
1114 1114 0.173333
1115 1115 -0.146667
1116 1116 0.013333
1117 1117 -0.093333
1118 1118 0.066667
1119 1119 0.013333
1120 1120 -0.093333
1121 1121 -0.093333
1122 1122 -0.120000
1123 1123 0.200000
1124 1124 0.013333
1125 1125 -0.040000
1126 1126 -0.200000
1127 1127 0.173333
1128 1128 0.040000
1129 1129 -0.173333
1130 1130 0.173333
1131 1131 0.013333
1132 1132 0.173333
1133 1133 0.013333
1134 1134 0.040000
1135 1135 -0.173333
1136 1136 0.120000
1137 1137 0.200000
1138 1138 0.040000
1139 1139 -0.013333
1140 1140 0.173333
1141 1141 -0.066667
1142 1142 0.173333
1143 1143 -0.093333
1144 1144 -0.066667
1145 1145 0.013333
1146 1146 0.066667
1147 1147 0.200000
1148 1148 -0.173333
1149 1149 0.200000
1150 1150 0.120000
1151 1151 -0.066667
1152 1152 0.093333
1 5 3.666667
1 6 -0.733333
1 7 -0.200000
1 8 -0.600000
1 97 0.600000
2 5 -1.000000
2 6 0.600000
2 7 -0.466667
2 8 -0.866667
2 98 -0.466667
3 5 -0.733333
3 6 0.733333
3 7 0.600000
3 8 0.200000
3 99 -0.600000
4 5 -0.466667
4 6 0.733333
4 7 -0.866667
4 8 -0.600000
4 100 0.466667
5 13 -0.066667
6 14 0.066667
7 15 0.333333
8 16 -0.333333
9 13 -0.333333
9 14 -0.333333
9 15 0.600000
9 16 -0.066667
9 105 -0.066667
10 13 -0.866667
10 14 0.466667
10 15 -0.866667
10 16 -0.200000
10 106 0.333333
11 13 0.733333
11 14 0.600000
11 15 0.200000
11 16 -0.466667
11 107 0.200000
12 13 0.866667
12 14 -1.000000
12 15 -1.000000
12 16 1.000000
12 108 -0.866667
13 21 0.733333
14 22 0.733333
15 23 0.733333
16 24 -0.333333
17 21 0.600000
17 22 0.333333
17 23 -0.600000
17 24 0.333333
17 113 0.066667
18 21 -0.733333
18 22 -1.000000
18 23 -0.333333
18 24 0.333333
18 114 -0.466667
19 21 -0.466667
19 22 0.866667
19 23 0.733333
19 24 0.866667
19 115 -0.200000
20 21 1.000000
20 22 0.866667
20 23 -0.600000
20 24 -0.600000
20 116 0.466667
21 29 -0.466667
22 30 4.333333
23 31 -0.200000
24 32 1.000000
25 29 -1.000000
25 30 -1.666667
25 31 -0.066667
25 32 -0.200000
25 121 -0.200000
26 29 1.666667
26 30 -0.333333
26 31 1.000000
26 32 0.200000
26 122 -0.333333
27 29 0.333333
27 30 -0.200000
27 31 -1.000000
27 32 -0.733333
27 123 0.466667
28 29 0.866667
28 30 -0.066667
28 31 -0.200000
28 32 0.866667
28 124 -0.466667
29 37 -0.066667
30 38 -4.333333
31 39 1.000000
32 40 -4.333333
33 37 -0.200000
33 38 -0.066667
33 39 3.000000
33 40 0.600000
33 129 0.600000
34 37 1.000000
34 38 -0.333333
34 39 -0.466667
34 40 -0.333333
34 130 0.333333
35 37 5.000000
35 38 0.200000
35 39 3.000000
35 40 0.733333
35 131 -2.333333
36 37 -0.466667
36 38 -0.333333
36 39 0.333333
36 40 1.000000
36 132 -0.066667
37 45 -0.733333
38 46 0.466667
39 47 1.000000
40 48 -0.066667
41 45 0.866667
41 46 0.733333
41 47 -0.200000
41 48 -0.200000
41 137 0.733333
42 45 -0.866667
42 46 0.866667
42 47 -0.600000
42 48 -1.000000
42 138 0.733333
43 45 -0.866667
43 46 0.866667
43 47 0.200000
43 48 -0.066667
43 139 -0.333333
44 45 0.466667
44 46 -0.200000
44 47 1.000000
44 48 0.200000
44 140 -0.066667
45 53 0.333333
46 54 -0.200000
47 55 -0.733333
48 56 0.333333
49 53 -1.000000
49 54 1.000000
49 55 0.066667
49 56 0.733333
49 145 -0.866667
50 53 -0.066667
50 54 0.066667
50 55 -1.666667
50 56 -0.333333
50 146 -0.333333
51 53 -0.333333
51 54 -0.733333
51 55 -0.066667
51 56 -0.333333
51 147 0.200000
52 53 0.733333
52 54 0.466667
52 55 0.600000
52 56 0.733333
52 148 -0.466667
53 61 -0.066667
54 62 -0.333333
55 63 0.200000
56 64 0.066667
57 61 -0.733333
57 62 -0.333333
57 63 0.733333
57 64 -0.333333
57 153 -0.866667
58 61 -0.733333
58 62 0.733333
58 63 -0.733333
58 64 -1.000000
58 154 -3.666667
59 61 -0.866667
59 62 0.333333
59 63 -0.733333
59 64 -0.600000
59 155 0.866667
60 61 0.733333
60 62 -0.866667
60 63 -0.066667
60 64 0.466667
60 156 -3.666667
61 69 0.600000
62 70 0.066667
63 71 0.333333
64 72 -0.066667
65 69 0.466667
65 70 2.333333
65 71 0.333333
65 72 -4.333333
65 161 -0.466667
66 69 0.733333
66 70 -1.000000
66 71 -0.200000
66 72 -0.466667
66 162 0.466667
67 69 0.600000
67 70 0.866667
67 71 -1.000000
67 72 1.000000
67 163 1.000000
68 69 -0.466667
68 70 1.000000
68 71 1.000000
68 72 0.600000
68 164 -0.866667
69 77 0.333333
70 78 -0.200000
71 79 4.333333
72 80 -3.000000
73 77 0.600000
73 78 -1.000000
73 79 0.066667
73 80 -0.333333
73 169 -0.466667
74 77 -0.200000
74 78 -0.466667
74 79 1.000000
74 80 0.866667
74 170 0.866667
75 77 -0.866667
75 78 0.066667
75 79 -1.000000
75 80 -1.000000
75 171 0.066667
76 77 -1.000000
76 78 -0.200000
76 79 -0.466667
76 80 0.333333
76 172 -0.466667
77 85 -0.600000
78 86 0.600000
79 87 -1.000000
80 88 -0.333333
81 85 -0.333333
81 86 0.466667
81 87 0.600000
81 88 0.066667
81 177 0.733333
82 85 0.600000
82 86 0.200000
82 87 0.466667
82 88 0.733333
82 178 0.600000
83 85 0.066667
83 86 -0.600000
83 87 1.000000
83 88 0.733333
83 179 0.600000
84 85 -0.466667
84 86 -0.733333
84 87 -0.733333
84 88 -1.000000
84 180 -0.466667
85 93 1.000000
86 94 -0.600000
87 95 0.600000
88 96 -0.466667
89 93 -0.733333
89 94 0.466667
89 95 -0.866667
89 96 -0.200000
89 185 -0.200000
90 93 -0.466667
90 94 0.466667
90 95 1.000000
90 96 -0.466667
90 186 0.466667
91 93 -0.866667
91 94 -0.466667
91 95 0.600000
91 96 0.466667
91 187 -0.600000
92 93 0.200000
92 94 -1.000000
92 95 -1.000000
92 96 0.066667
92 188 -0.066667
97 101 -0.466667
97 102 1.000000
97 103 4.333333
97 104 0.866667
97 193 -3.000000
98 101 -0.866667
98 102 -0.600000
98 103 0.600000
98 104 -0.600000
98 194 0.733333
99 101 0.066667
99 102 5.000000
99 103 5.000000
99 104 0.600000
99 195 0.466667
100 101 3.666667
100 102 0.866667
100 103 3.666667
100 104 0.466667
100 196 0.066667
101 109 0.866667
102 110 -0.733333
103 111 5.000000
104 112 -0.866667
105 109 1.000000
105 110 0.066667
105 111 -0.466667
105 112 -0.466667
105 201 0.200000
106 109 -0.333333
106 110 -0.733333
106 111 0.066667
106 112 0.333333
106 202 -0.200000
107 109 0.600000
107 110 0.333333
107 111 -0.333333
107 112 -0.333333
107 203 -0.733333
108 109 0.866667
108 110 -0.866667
108 111 -1.000000
108 112 0.333333
108 204 0.866667
109 117 -1.000000
110 118 0.466667
111 119 0.733333
112 120 0.733333
113 117 0.200000
113 118 0.600000
113 119 -0.466667
113 120 -0.866667
113 209 0.600000
114 117 -0.733333
114 118 0.600000
114 119 -0.733333
114 120 -1.000000
114 210 -3.666667
115 117 -0.333333
115 118 -0.733333
115 119 0.733333
115 120 1.000000
115 211 -0.466667
116 117 0.600000
116 118 1.000000
116 119 -0.600000
116 120 0.466667
116 212 0.333333
117 125 0.600000
118 126 -0.333333
119 127 0.466667
120 128 0.333333
121 125 -0.333333
121 126 -0.066667
121 127 0.066667
121 128 0.733333
121 217 1.000000
122 125 -0.333333
122 126 0.466667
122 127 0.733333
122 128 -0.466667
122 218 -0.466667
123 125 0.866667
123 126 -0.466667
123 127 0.733333
123 128 -0.600000
123 219 -1.000000
124 125 -0.066667
124 126 0.200000
124 127 -0.866667
124 128 0.200000
124 220 -0.066667
125 133 0.600000
126 134 -0.466667
127 135 0.733333
128 136 0.866667
129 133 -0.866667
129 134 -1.000000
129 135 -0.466667
129 136 -0.866667
129 225 0.866667
130 133 0.600000
130 134 -0.200000
130 135 0.066667
130 136 0.200000
130 226 0.200000
131 133 -0.333333
131 134 0.866667
131 135 -0.333333
131 136 1.000000
131 227 -0.733333
132 133 -0.733333
132 134 -0.333333
132 135 -0.866667
132 136 0.600000
132 228 0.066667
133 141 -0.466667
134 142 -0.600000
135 143 1.000000
136 144 0.066667
137 141 0.866667
137 142 -1.000000
137 143 -1.000000
137 144 0.466667
137 233 -1.000000
138 141 0.066667
138 142 -0.866667
138 143 -0.200000
138 144 0.866667
138 234 0.466667
139 141 -0.200000
139 142 -0.733333
139 143 -0.200000
139 144 0.066667
139 235 0.066667
140 141 0.200000
140 142 0.066667
140 143 0.733333
140 144 0.200000
140 236 0.466667
141 149 -0.866667
142 150 0.866667
143 151 -0.600000
144 152 0.066667
145 149 -0.466667
145 150 -0.600000
145 151 0.466667
145 152 0.866667
145 241 0.466667
146 149 0.733333
146 150 0.200000
146 151 -0.600000
146 152 0.600000
146 242 1.000000
147 149 -0.733333
147 150 -0.866667
147 151 1.000000
147 152 0.333333
147 243 -0.866667
148 149 0.333333
148 150 -1.000000
148 151 -0.200000
148 152 -0.066667
148 244 0.466667
149 157 -0.600000
150 158 -0.333333
151 159 0.866667
152 160 0.866667
153 157 1.000000
153 158 -0.466667
153 159 1.000000
153 160 5.000000
153 249 -0.466667
154 157 0.066667
154 158 -0.600000
154 159 -1.000000
154 160 0.866667
154 250 -0.200000
155 157 -0.866667
155 158 1.000000
155 159 -0.200000
155 160 0.466667
155 251 1.000000
156 157 -0.333333
156 158 0.600000
156 159 -2.333333
156 160 -5.000000
156 252 1.000000
157 165 0.466667
158 166 -0.466667
159 167 3.666667
160 168 -0.200000
161 165 -0.466667
161 166 0.866667
161 167 1.000000
161 168 0.333333
161 257 0.066667
162 165 -0.866667
162 166 1.000000
162 167 -0.866667
162 168 -0.066667
162 258 -0.200000
163 165 1.000000
163 166 4.333333
163 167 0.866667
163 168 -0.733333
163 259 3.000000
164 165 -0.333333
164 166 -0.466667
164 167 0.466667
164 168 1.000000
164 260 -0.066667
165 173 -0.733333
166 174 1.000000
167 175 0.066667
168 176 -0.600000
169 173 -0.600000
169 174 -0.866667
169 175 3.000000
169 176 -0.866667
169 265 5.000000
170 173 0.066667
170 174 0.333333
170 175 -3.000000
170 176 -2.333333
170 266 2.333333
171 173 0.333333
171 174 0.333333
171 175 0.200000
171 176 1.666667
171 267 -0.200000
172 173 -0.200000
172 174 0.600000
172 175 -0.733333
172 176 -0.600000
172 268 -0.333333
173 181 1.000000
174 182 0.466667
175 183 -1.000000
176 184 0.866667
177 181 0.733333
177 182 0.333333
177 183 -0.733333
177 184 0.333333
177 273 0.200000
178 181 0.066667
178 182 -0.733333
178 183 -0.866667
178 184 0.466667
178 274 -0.600000
179 181 -0.866667
179 182 -1.000000
179 183 0.733333
179 184 -0.066667
179 275 3.666667
180 181 0.866667
180 182 0.200000
180 183 -0.866667
180 184 0.466667
180 276 -0.733333
181 189 -0.600000
182 190 -0.866667
183 191 -0.066667
184 192 -0.333333
185 189 -0.600000
185 190 -1.000000
185 191 0.333333
185 192 -0.600000
185 281 0.066667
186 189 0.600000
186 190 0.066667
186 191 -0.466667
186 192 0.466667
186 282 0.466667
187 189 0.200000
187 190 0.466667
187 191 -0.866667
187 192 1.000000
187 283 -0.600000
188 189 0.866667
188 190 -0.200000
188 191 0.200000
188 192 -0.866667
188 284 0.200000
193 197 -1.000000
193 198 -0.333333
193 199 0.333333
193 200 -0.866667
193 289 -5.000000
194 197 -0.333333
194 198 -1.000000
194 199 -0.333333
194 200 0.866667
194 290 0.333333
195 197 -5.000000
195 198 -0.733333
195 199 0.733333
195 200 0.333333
195 291 0.733333
196 197 0.066667
196 198 0.200000
196 199 -0.600000
196 200 0.866667
196 292 1.000000
197 205 0.600000
198 206 -1.000000
199 207 0.466667
200 208 -0.200000
201 205 1.000000
201 206 -0.466667
201 207 0.466667
201 208 -0.333333
201 297 0.200000
202 205 0.066667
202 206 -0.200000
202 207 -0.200000
202 208 0.333333
202 298 -0.200000
203 205 0.733333
203 206 0.066667
203 207 -0.466667
203 208 0.600000
203 299 -0.333333
204 205 1.000000
204 206 1.000000
204 207 0.333333
204 208 -0.600000
204 300 -2.333333
205 213 -0.333333
206 214 0.733333
207 215 -0.333333
208 216 -0.066667
209 213 -0.733333
209 214 0.866667
209 215 -0.600000
209 216 1.000000
209 305 0.466667
210 213 -0.200000
210 214 1.000000
210 215 -0.733333
210 216 1.000000
210 306 -0.333333
211 213 0.200000
211 214 -0.600000
211 215 0.866667
211 216 0.333333
211 307 0.200000
212 213 0.600000
212 214 -0.200000
212 215 -1.000000
212 216 -0.866667
212 308 0.600000
213 221 -0.866667
214 222 0.600000
215 223 -0.733333
216 224 0.066667
217 221 -0.200000
217 222 0.466667
217 223 -0.333333
217 224 0.466667
217 313 -0.066667
218 221 0.600000
218 222 0.333333
218 223 0.066667
218 224 -1.000000
218 314 -1.000000
219 221 -0.466667
219 222 0.600000
219 223 -0.066667
219 224 -0.866667
219 315 -0.600000
220 221 -0.600000
220 222 1.000000
220 223 -0.333333
220 224 0.466667
220 316 -0.600000
221 229 0.866667
222 230 -0.733333
223 231 0.733333
224 232 -0.466667
225 229 -0.866667
225 230 -1.000000
225 231 0.333333
225 232 -0.733333
225 321 0.466667
226 229 0.866667
226 230 -0.600000
226 231 -0.600000
226 232 -0.733333
226 322 0.600000
227 229 0.333333
227 230 0.333333
227 231 -0.200000
227 232 -0.066667
227 323 0.333333
228 229 0.733333
228 230 -0.466667
228 231 -0.866667
228 232 -0.200000
228 324 -0.066667
229 237 0.733333
230 238 -0.866667
231 239 0.200000
232 240 -0.733333
233 237 -0.600000
233 238 0.066667
233 239 0.200000
233 240 0.333333
233 329 0.333333
234 237 0.200000
234 238 0.600000
234 239 0.600000
234 240 -1.000000
234 330 -0.733333
235 237 0.200000
235 238 -0.200000
235 239 0.600000
235 240 -1.000000
235 331 -0.733333
236 237 -0.333333
236 238 -1.000000
236 239 0.466667
236 240 0.200000
236 332 0.333333
237 245 -0.466667
238 246 -0.200000
239 247 -0.866667
240 248 -0.200000
241 245 -0.733333
241 246 1.000000
241 247 -0.866667
241 248 1.000000
241 337 -0.200000
242 245 -0.200000
242 246 -1.000000
242 247 1.000000
242 248 0.866667
242 338 -0.600000
243 245 0.866667
243 246 -0.733333
243 247 -0.066667
243 248 -0.866667
243 339 -0.200000
244 245 -1.666667
244 246 -2.333333
244 247 3.666667
244 248 -0.866667
244 340 4.333333
245 253 -3.666667
246 254 -1.000000
247 255 -0.866667
248 256 0.600000
249 253 0.733333
249 254 -0.200000
249 255 -3.000000
249 256 -0.066667
249 345 -0.600000
250 253 -0.466667
250 254 0.333333
250 255 -1.000000
250 256 -0.600000
250 346 0.600000
251 253 -0.866667
251 254 0.333333
251 255 0.200000
251 256 0.866667
251 347 0.600000
252 253 -1.000000
252 254 -0.333333
252 255 1.000000
252 256 0.200000
252 348 0.866667
253 261 0.600000
254 262 1.000000
255 263 -0.066667
256 264 -0.066667
257 261 -0.200000
257 262 -0.600000
257 263 -0.600000
257 264 -1.000000
257 353 -0.200000
258 261 0.866667
258 262 -0.200000
258 263 -0.333333
258 264 0.733333
258 354 -0.200000
259 261 -0.200000
259 262 1.000000
259 263 -0.200000
259 264 -0.466667
259 355 -0.733333
260 261 1.000000
260 262 0.733333
260 263 0.466667
260 264 -0.200000
260 356 0.866667
261 269 0.066667
262 270 0.200000
263 271 5.000000
264 272 0.466667
265 269 0.333333
265 270 -0.866667
265 271 0.200000
265 272 0.866667
265 361 -0.066667
266 269 0.200000
266 270 0.866667
266 271 0.333333
266 272 0.466667
266 362 0.733333
267 269 -1.000000
267 270 0.600000
267 271 -0.066667
267 272 -0.866667
267 363 0.333333
268 269 1.000000
268 270 -0.866667
268 271 0.866667
268 272 -0.200000
268 364 0.200000
269 277 0.066667
270 278 0.066667
271 279 -3.000000
272 280 0.066667
273 277 -0.733333
273 278 -0.200000
273 279 1.000000
273 280 -0.333333
273 369 -0.466667
274 277 0.733333
274 278 0.733333
274 279 0.066667
274 280 0.600000
274 370 -0.200000
275 277 3.666667
275 278 0.200000
275 279 -0.333333
275 280 0.600000
275 371 -0.333333
276 277 0.466667
276 278 0.866667
276 279 1.000000
276 280 -0.866667
276 372 0.200000
277 285 -1.000000
278 286 -0.333333
279 287 0.866667
280 288 -0.333333
281 285 1.000000
281 286 0.600000
281 287 -0.600000
281 288 0.866667
281 377 -0.600000
282 285 -0.733333
282 286 0.066667
282 287 0.866667
282 288 -0.466667
282 378 0.066667
283 285 -0.200000
283 286 0.200000
283 287 -5.000000
283 288 -0.466667
283 379 -0.466667
284 285 1.000000
284 286 0.066667
284 287 -0.066667
284 288 0.066667
284 380 -1.000000
289 293 -0.866667
289 294 0.066667
289 295 -0.333333
289 296 -0.733333
289 385 -1.000000
290 293 -0.600000
290 294 -0.866667
290 295 -1.000000
290 296 -0.200000
290 386 -0.333333
291 293 -0.733333
291 294 0.733333
291 295 -0.066667
291 296 -0.600000
291 387 0.333333
292 293 -0.200000
292 294 0.066667
292 295 -0.733333
292 296 0.600000
292 388 0.733333
293 301 -0.866667
294 302 0.600000
295 303 0.466667
296 304 0.733333
297 301 0.333333
297 302 0.600000
297 303 0.066667
297 304 -0.333333
297 393 -0.733333
298 301 -2.333333
298 302 -1.666667
298 303 1.000000
298 304 -0.200000
298 394 -0.466667
299 301 -0.733333
299 302 -0.466667
299 303 -1.000000
299 304 0.333333
299 395 0.066667
300 301 -1.666667
300 302 -0.600000
300 303 0.733333
300 304 -1.000000
300 396 -5.000000
301 309 0.466667
302 310 0.733333
303 311 0.733333
304 312 -0.600000
305 309 0.333333
305 310 1.000000
305 311 -1.000000
305 312 0.466667
305 401 -0.733333
306 309 -0.066667
306 310 0.466667
306 311 0.866667
306 312 -0.866667
306 402 3.666667
307 309 -0.733333
307 310 -0.333333
307 311 -0.466667
307 312 0.333333
307 403 1.000000
308 309 0.600000
308 310 -0.466667
308 311 -0.066667
308 312 -0.733333
308 404 -0.866667
309 317 0.200000
310 318 -0.866667
311 319 -0.066667
312 320 0.600000
313 317 0.466667
313 318 0.466667
313 319 0.733333
313 320 -0.866667
313 409 -0.333333
314 317 0.466667
314 318 1.000000
314 319 0.066667
314 320 -0.866667
314 410 -3.666667
315 317 -0.066667
315 318 -1.000000
315 319 -0.466667
315 320 -1.000000
315 411 0.600000
316 317 0.600000
316 318 -0.600000
316 319 1.000000
316 320 -0.866667
316 412 1.000000
317 325 -0.066667
318 326 -0.200000
319 327 0.600000
320 328 0.733333
321 325 -0.333333
321 326 0.066667
321 327 0.600000
321 328 1.000000
321 417 0.600000
322 325 -0.866667
322 326 0.866667
322 327 -0.200000
322 328 0.200000
322 418 0.200000
323 325 0.333333
323 326 -0.200000
323 327 0.066667
323 328 -1.000000
323 419 -0.466667
324 325 -0.333333
324 326 -0.333333
324 327 0.200000
324 328 0.200000
324 420 0.066667
325 333 -0.733333
326 334 -0.466667
327 335 -1.000000
328 336 0.466667
329 333 -0.333333
329 334 -0.866667
329 335 0.733333
329 336 1.000000
329 425 -1.000000
330 333 0.466667
330 334 -1.000000
330 335 0.466667
330 336 0.466667
330 426 0.466667
331 333 0.733333
331 334 0.866667
331 335 0.466667
331 336 -0.066667
331 427 -0.866667
332 333 0.066667
332 334 -3.666667
332 335 -5.000000
332 336 -5.000000
332 428 0.066667
333 341 0.200000
334 342 -0.733333
335 343 0.066667
336 344 1.000000
337 341 0.200000
337 342 0.866667
337 343 -0.200000
337 344 1.000000
337 433 -0.200000
338 341 -0.333333
338 342 0.200000
338 343 -0.066667
338 344 1.000000
338 434 -0.466667
339 341 1.000000
339 342 0.333333
339 343 0.866667
339 344 -1.000000
339 435 -0.866667
340 341 4.333333
340 342 -0.733333
340 343 0.733333
340 344 3.000000
340 436 -3.000000
341 349 -0.200000
342 350 -0.200000
343 351 0.600000
344 352 0.733333
345 349 -0.466667
345 350 -0.600000
345 351 0.466667
345 352 -0.466667
345 441 -0.066667
346 349 0.733333
346 350 -0.600000
346 351 -0.866667
346 352 1.000000
346 442 0.466667
347 349 0.866667
347 350 -0.733333
347 351 -0.333333
347 352 0.466667
347 443 -0.600000
348 349 0.333333
348 350 -1.000000
348 351 -0.466667
348 352 0.200000
348 444 -0.200000
349 357 -0.600000
350 358 0.333333
351 359 -1.000000
352 360 -0.466667
353 357 0.333333
353 358 -2.333333
353 359 0.866667
353 360 0.333333
353 449 0.466667
354 357 3.666667
354 358 2.333333
354 359 0.600000
354 360 -0.066667
354 450 0.333333
355 357 0.066667
355 358 -0.333333
355 359 -0.866667
355 360 0.600000
355 451 0.200000
356 357 -0.866667
356 358 3.666667
356 359 -0.600000
356 360 -2.333333
356 452 1.000000
357 365 -3.000000
358 366 -0.200000
359 367 0.733333
360 368 5.000000
361 365 0.066667
361 366 -0.866667
361 367 0.333333
361 368 -0.333333
361 457 -0.600000
362 365 -0.333333
362 366 0.866667
362 367 -1.000000
362 368 0.600000
362 458 0.866667
363 365 0.733333
363 366 -0.866667
363 367 -0.733333
363 368 -0.600000
363 459 0.333333
364 365 1.000000
364 366 0.066667
364 367 0.066667
364 368 0.866667
364 460 -0.600000
365 373 0.200000
366 374 -1.000000
367 375 -0.866667
368 376 1.666667
369 373 -0.600000
369 374 -0.733333
369 375 1.000000
369 376 -0.466667
369 465 -0.066667
370 373 -0.200000
370 374 0.333333
370 375 -0.733333
370 376 0.200000
370 466 4.333333
371 373 -0.200000
371 374 -0.066667
371 375 0.733333
371 376 0.066667
371 467 0.066667
372 373 0.066667
372 374 0.733333
372 375 0.600000
372 376 0.200000
372 468 -0.600000
373 381 0.066667
374 382 -0.333333
375 383 0.466667
376 384 -1.000000
377 381 -1.000000
377 382 0.466667
377 383 1.000000
377 384 0.866667
377 473 0.200000
378 381 -0.466667
378 382 -0.333333
378 383 0.466667
378 384 0.733333
378 474 -0.466667
379 381 0.200000
379 382 0.466667
379 383 -0.466667
379 384 0.200000
379 475 0.733333
380 381 -0.066667
380 382 -0.066667
380 383 -0.600000
380 384 -0.600000
380 476 0.866667
385 389 -0.066667
385 390 0.333333
385 391 -0.466667
385 392 0.466667
385 481 -0.200000
386 389 -0.866667
386 390 0.333333
386 391 -0.600000
386 392 -0.200000
386 482 -4.333333
387 389 -0.733333
387 390 -0.733333
387 391 0.066667
387 392 0.200000
387 483 0.866667
388 389 -0.466667
388 390 1.000000
388 391 0.733333
388 392 -0.466667
388 484 0.200000
389 397 -0.466667
390 398 -0.200000
391 399 -0.066667
392 400 -0.466667
393 397 -0.066667
393 398 -1.000000
393 399 -0.200000
393 400 0.866667
393 489 -0.333333
394 397 -4.333333
394 398 -0.600000
394 399 0.600000
394 400 -0.600000
394 490 -0.600000
395 397 0.333333
395 398 -0.866667
395 399 -0.200000
395 400 0.333333
395 491 -0.333333
396 397 -2.333333
396 398 -0.600000
396 399 -1.666667
396 400 0.333333
396 492 -3.666667
397 405 -0.866667
398 406 -0.333333
399 407 -0.066667
400 408 2.333333
401 405 -0.066667
401 406 0.466667
401 407 0.066667
401 408 0.066667
401 497 0.200000
402 405 0.733333
402 406 -0.466667
402 407 0.733333
402 408 -3.000000
402 498 3.000000
403 405 -0.866667
403 406 0.866667
403 407 1.000000
403 408 0.333333
403 499 -0.333333
404 405 -0.200000
404 406 -0.866667
404 407 -0.466667
404 408 -0.866667
404 500 0.733333
405 413 0.466667
406 414 0.333333
407 415 -0.600000
408 416 -0.600000
409 413 0.600000
409 414 0.733333
409 415 0.733333
409 416 0.733333
409 505 -0.600000
410 413 0.066667
410 414 0.866667
410 415 -0.200000
410 416 -0.066667
410 506 0.600000
411 413 0.200000
411 414 -0.733333
411 415 1.000000
411 416 -1.000000
411 507 0.866667
412 413 -0.466667
412 414 -0.866667
412 415 0.733333
412 416 0.866667
412 508 0.600000
413 421 0.600000
414 422 1.666667
415 423 1.000000
416 424 -0.866667
417 421 0.200000
417 422 -0.600000
417 423 -2.333333
417 424 -1.000000
417 513 -0.733333
418 421 0.733333
418 422 -1.000000
418 423 0.333333
418 424 0.866667
418 514 0.066667
419 421 -4.333333
419 422 -4.333333
419 423 0.733333
419 424 -1.666667
419 515 -0.333333
420 421 0.066667
420 422 -1.666667
420 423 0.466667
420 424 -0.200000
420 516 -0.866667
421 429 -0.600000
422 430 -0.733333
423 431 -3.666667
424 432 -0.733333
425 429 -0.333333
425 430 -1.000000
425 431 -0.733333
425 432 0.466667
425 521 -0.200000
426 429 -0.466667
426 430 -0.866667
426 431 1.000000
426 432 -0.333333
426 522 -1.666667
427 429 0.866667
427 430 -1.000000
427 431 -0.733333
427 432 -0.333333
427 523 -2.333333
428 429 -0.066667
428 430 0.600000
428 431 0.866667
428 432 -5.000000
428 524 -0.866667
429 437 0.333333
430 438 -0.866667
431 439 -5.000000
432 440 2.333333
433 437 0.600000
433 438 -0.733333
433 439 0.066667
433 440 0.333333
433 529 -1.000000
434 437 0.333333
434 438 -0.866667
434 439 1.666667
434 440 -1.000000
434 530 3.000000
435 437 1.000000
435 438 -0.733333
435 439 -1.000000
435 440 -0.600000
435 531 -1.666667
436 437 3.000000
436 438 -0.866667
436 439 0.066667
436 440 0.333333
436 532 1.666667
437 445 -0.333333
438 446 0.733333
439 447 1.666667
440 448 -0.600000
441 445 -0.733333
441 446 0.866667
441 447 -0.466667
441 448 -1.000000
441 537 -0.200000
442 445 1.000000
442 446 0.733333
442 447 1.000000
442 448 -0.333333
442 538 0.733333
443 445 1.000000
443 446 1.000000
443 447 0.333333
443 448 -0.600000
443 539 0.066667
444 445 0.333333
444 446 0.066667
444 447 0.066667
444 448 1.000000
444 540 -0.600000
445 453 1.000000
446 454 -1.000000
447 455 0.733333
448 456 -0.466667
449 453 0.066667
449 454 -1.000000
449 455 1.000000
449 456 0.466667
449 545 -0.733333
450 453 -1.000000
450 454 -0.866667
450 455 -0.466667
450 456 -0.200000
450 546 -0.866667
451 453 -0.200000
451 454 0.866667
451 455 0.333333
451 456 -0.466667
451 547 -0.600000
452 453 0.200000
452 454 -1.000000
452 455 -0.600000
452 456 -1.000000
452 548 0.066667
453 461 0.466667
454 462 0.866667
455 463 0.066667
456 464 0.066667
457 461 -0.333333
457 462 -0.600000
457 463 -0.600000
457 464 -0.200000
457 553 0.600000
458 461 0.200000
458 462 -0.600000
458 463 0.200000
458 464 0.066667
458 554 -0.600000
459 461 0.333333
459 462 -0.733333
459 463 0.733333
459 464 -1.000000
459 555 0.066667
460 461 0.066667
460 462 -0.466667
460 463 0.866667
460 464 -0.600000
460 556 -0.866667
461 469 0.466667
462 470 0.333333
463 471 0.200000
464 472 0.866667
465 469 0.066667
465 470 0.466667
465 471 0.733333
465 472 -0.200000
465 561 0.066667
466 469 -3.666667
466 470 0.333333
466 471 -0.733333
466 472 0.333333
466 562 0.200000
467 469 -1.000000
467 470 0.733333
467 471 0.200000
467 472 0.466667
467 563 0.333333
468 469 -0.600000
468 470 -0.066667
468 471 -1.000000
468 472 -0.866667
468 564 0.466667
469 477 -5.000000
470 478 -5.000000
471 479 3.000000
472 480 -0.600000
473 477 -0.066667
473 478 0.866667
473 479 -0.333333
473 480 -3.000000
473 569 0.866667
474 477 -0.466667
474 478 -5.000000
474 479 2.333333
474 480 0.200000
474 570 0.333333
475 477 -0.466667
475 478 -0.333333
475 479 -0.200000
475 480 -3.000000
475 571 -0.866667
476 477 5.000000
476 478 -4.333333
476 479 -0.200000
476 480 -3.666667
476 572 -2.333333
481 485 0.600000
481 486 -0.066667
481 487 -0.333333
481 488 -1.666667
481 577 0.600000
482 485 -0.200000
482 486 -0.600000
482 487 0.466667
482 488 -1.000000
482 578 -5.000000
483 485 -0.200000
483 486 -0.600000
483 487 0.066667
483 488 0.866667
483 579 1.000000
484 485 0.066667
484 486 0.333333
484 487 0.466667
484 488 -4.333333
484 580 0.466667
485 493 -5.000000
486 494 3.000000
487 495 -0.066667
488 496 5.000000
489 493 5.000000
489 494 0.733333
489 495 -1.000000
489 496 -0.466667
489 585 -0.600000
490 493 0.333333
490 494 -0.866667
490 495 -0.733333
490 496 -0.733333
490 586 -0.333333
491 493 3.000000
491 494 -4.333333
491 495 3.000000
491 496 1.000000
491 587 0.066667
492 493 -0.200000
492 494 0.200000
492 495 -3.666667
492 496 -4.333333
492 588 -1.000000
493 501 0.200000
494 502 -0.600000
495 503 1.666667
496 504 4.333333
497 501 1.666667
497 502 1.666667
497 503 0.600000
497 504 -5.000000
497 593 4.333333
498 501 -0.733333
498 502 -0.733333
498 503 -0.866667
498 504 0.066667
498 594 1.000000
499 501 0.600000
499 502 0.733333
499 503 -1.000000
499 504 0.466667
499 595 1.000000
500 501 0.466667
500 502 0.333333
500 503 0.466667
500 504 -0.066667
500 596 0.466667
501 509 0.866667
502 510 -0.866667
503 511 -0.866667
504 512 0.200000
505 509 -1.000000
505 510 -0.600000
505 511 0.066667
505 512 -0.866667
505 601 -1.000000
506 509 0.066667
506 510 -0.066667
506 511 0.066667
506 512 -1.000000
506 602 0.066667
507 509 -0.200000
507 510 0.733333
507 511 0.866667
507 512 0.600000
507 603 -4.333333
508 509 -0.333333
508 510 -0.200000
508 511 -0.200000
508 512 0.066667
508 604 -0.466667
509 517 0.066667
510 518 0.466667
511 519 0.733333
512 520 -1.000000
513 517 -0.200000
513 518 1.000000
513 519 -0.866667
513 520 -0.200000
513 609 -0.866667
514 517 0.866667
514 518 0.333333
514 519 -1.000000
514 520 0.466667
514 610 0.200000
515 517 -5.000000
515 518 -0.333333
515 519 0.600000
515 520 -0.466667
515 611 -0.600000
516 517 -0.200000
516 518 -0.066667
516 519 1.000000
516 520 -0.866667
516 612 -0.866667
517 525 0.333333
518 526 -2.333333
519 527 -0.466667
520 528 0.200000
521 525 -0.333333
521 526 -0.866667
521 527 0.200000
521 528 -3.666667
521 617 0.333333
522 525 1.000000
522 526 0.333333
522 527 2.333333
522 528 0.333333
522 618 4.333333
523 525 0.600000
523 526 0.866667
523 527 1.000000
523 528 4.333333
523 619 -0.200000
524 525 0.333333
524 526 0.733333
524 527 -0.733333
524 528 0.200000
524 620 -0.600000
525 533 5.000000
526 534 5.000000
527 535 -3.000000
528 536 -3.666667
529 533 0.733333
529 534 3.000000
529 535 0.733333
529 536 0.200000
529 625 0.466667
530 533 0.866667
530 534 0.466667
530 535 -0.066667
530 536 -5.000000
530 626 0.333333
531 533 -1.000000
531 534 1.666667
531 535 -1.000000
531 536 -0.333333
531 627 0.333333
532 533 1.000000
532 534 -3.000000
532 535 5.000000
532 536 -1.666667
532 628 -2.333333
533 541 -2.333333
534 542 1.666667
535 543 -0.066667
536 544 -1.000000
537 541 -0.866667
537 542 -3.000000
537 543 -1.000000
537 544 -0.866667
537 633 0.866667
538 541 0.733333
538 542 -0.600000
538 543 -0.066667
538 544 -0.333333
538 634 0.466667
539 541 0.066667
539 542 0.066667
539 543 -0.466667
539 544 1.000000
539 635 -0.733333
540 541 -1.000000
540 542 0.466667
540 543 -0.600000
540 544 0.200000
540 636 -0.066667
541 549 -1.000000
542 550 2.333333
543 551 1.000000
544 552 -0.733333
545 549 -0.466667
545 550 0.200000
545 551 -0.600000
545 552 -0.733333
545 641 -0.200000
546 549 0.600000
546 550 -0.200000
546 551 -0.466667
546 552 0.066667
546 642 0.733333
547 549 -0.200000
547 550 -0.200000
547 551 0.600000
547 552 1.000000
547 643 -1.000000
548 549 0.600000
548 550 0.600000
548 551 -0.066667
548 552 0.200000
548 644 -0.200000
549 557 -0.333333
550 558 0.733333
551 559 -0.066667
552 560 0.333333
553 557 -0.600000
553 558 0.600000
553 559 0.733333
553 560 0.200000
553 649 -0.466667
554 557 -0.200000
554 558 -0.466667
554 559 0.866667
554 560 1.000000
554 650 -1.000000
555 557 0.600000
555 558 -0.866667
555 559 0.200000
555 560 0.333333
555 651 0.466667
556 557 0.466667
556 558 -1.000000
556 559 0.600000
556 560 0.600000
556 652 0.066667
557 565 0.466667
558 566 0.466667
559 567 0.466667
560 568 0.200000
561 565 0.600000
561 566 1.000000
561 567 0.333333
561 568 0.333333
561 657 -0.733333
562 565 -0.600000
562 566 0.333333
562 567 -0.733333
562 568 -0.600000
562 658 -0.333333
563 565 0.733333
563 566 -1.000000
563 567 0.600000
563 568 -0.600000
563 659 -0.066667
564 565 5.000000
564 566 -0.333333
564 567 -0.600000
564 568 -3.000000
564 660 4.333333
565 573 -1.666667
566 574 0.066667
567 575 0.600000
568 576 0.200000
569 573 3.000000
569 574 -0.733333
569 575 0.333333
569 576 -0.066667
569 665 0.066667
570 573 -0.866667
570 574 0.866667
570 575 -2.333333
570 576 0.600000
570 666 -3.000000
571 573 -4.333333
571 574 -0.200000
571 575 0.200000
571 576 1.000000
571 667 -0.200000
572 573 -1.666667
572 574 -0.200000
572 575 -0.333333
572 576 0.200000
572 668 -0.733333
577 581 -0.333333
577 582 0.333333
577 583 0.466667
577 584 -0.600000
577 673 0.733333
578 581 -0.066667
578 582 -0.066667
578 583 -1.000000
578 584 -0.066667
578 674 -0.200000
579 581 0.066667
579 582 0.066667
579 583 -0.733333
579 584 0.066667
579 675 -0.733333
580 581 0.733333
580 582 0.066667
580 583 0.600000
580 584 0.333333
580 676 0.333333
581 589 -0.600000
582 590 -0.866667
583 591 0.466667
584 592 -0.066667
585 589 1.666667
585 590 -0.466667
585 591 -1.000000
585 592 0.466667
585 681 -0.866667
586 589 -1.000000
586 590 0.733333
586 591 0.600000
586 592 0.200000
586 682 -0.066667
587 589 -0.066667
587 590 -0.733333
587 591 0.466667
587 592 0.200000
587 683 -0.466667
588 589 0.466667
588 590 -0.866667
588 591 -0.066667
588 592 0.466667
588 684 0.200000
589 597 5.000000
590 598 0.066667
591 599 0.333333
592 600 0.066667
593 597 -0.066667
593 598 -0.200000
593 599 0.333333
593 600 0.866667
593 689 0.466667
594 597 0.333333
594 598 0.333333
594 599 2.333333
594 600 -1.000000
594 690 -0.600000
595 597 -0.733333
595 598 -0.066667
595 599 -1.000000
595 600 0.600000
595 691 -0.733333
596 597 -1.000000
596 598 0.733333
596 599 -0.466667
596 600 0.600000
596 692 -0.333333
597 605 -3.000000
598 606 0.866667
599 607 0.466667
600 608 0.466667
601 605 0.200000
601 606 -0.066667
601 607 -1.000000
601 608 0.866667
601 697 -0.466667
602 605 -2.333333
602 606 0.866667
602 607 -0.200000
602 608 0.733333
602 698 1.000000
603 605 -1.000000
603 606 0.200000
603 607 3.000000
603 608 -0.333333
603 699 -0.866667
604 605 0.733333
604 606 -0.333333
604 607 0.333333
604 608 -0.333333
604 700 -0.066667
605 613 -1.000000
606 614 -0.333333
607 615 -1.000000
608 616 -0.866667
609 613 -0.466667
609 614 1.000000
609 615 2.333333
609 616 -2.333333
609 705 0.733333
610 613 0.466667
610 614 1.000000
610 615 -0.466667
610 616 0.600000
610 706 -0.466667
611 613 0.866667
611 614 0.866667
611 615 -0.600000
611 616 -5.000000
611 707 -2.333333
612 613 -1.666667
612 614 -0.066667
612 615 0.333333
612 616 -1.000000
612 708 1.666667
613 621 -0.866667
614 622 -0.866667
615 623 0.466667
616 624 -4.333333
617 621 -0.466667
617 622 0.600000
617 623 -0.600000
617 624 -0.866667
617 713 0.200000
618 621 0.066667
618 622 0.066667
618 623 -0.600000
618 624 -0.866667
618 714 -0.466667
619 621 0.600000
619 622 0.066667
619 623 0.333333
619 624 0.866667
619 715 -0.466667
620 621 0.733333
620 622 0.866667
620 623 -0.866667
620 624 3.000000
620 716 -0.733333
621 629 -2.333333
622 630 0.733333
623 631 0.466667
624 632 -0.600000
625 629 0.333333
625 630 0.200000
625 631 1.000000
625 632 -0.333333
625 721 -1.000000
626 629 0.200000
626 630 -1.000000
626 631 0.600000
626 632 0.866667
626 722 -0.733333
627 629 0.066667
627 630 -0.066667
627 631 -0.733333
627 632 -0.333333
627 723 -0.200000
628 629 -1.666667
628 630 -0.733333
628 631 -1.000000
628 632 0.200000
628 724 0.866667
629 637 2.333333
630 638 -0.200000
631 639 -0.466667
632 640 0.466667
633 637 -0.600000
633 638 1.000000
633 639 0.733333
633 640 -0.066667
633 729 -0.200000
634 637 -0.200000
634 638 1.000000
634 639 -0.600000
634 640 0.733333
634 730 -0.066667
635 637 0.866667
635 638 0.066667
635 639 0.866667
635 640 1.000000
635 731 -0.866667
636 637 0.066667
636 638 0.066667
636 639 0.066667
636 640 -0.200000
636 732 -0.333333
637 645 -0.066667
638 646 -0.733333
639 647 -0.733333
640 648 -0.600000
641 645 -0.600000
641 646 -0.733333
641 647 -0.600000
641 648 0.466667
641 737 0.466667
642 645 -0.066667
642 646 0.333333
642 647 -0.466667
642 648 -0.333333
642 738 1.000000
643 645 0.200000
643 646 0.600000
643 647 0.200000
643 648 1.000000
643 739 0.866667
644 645 0.466667
644 646 0.600000
644 647 -0.200000
644 648 0.200000
644 740 0.200000
645 653 -1.000000
646 654 -0.866667
647 655 0.066667
648 656 -0.200000
649 653 -0.333333
649 654 -0.066667
649 655 0.200000
649 656 -4.333333
649 745 0.466667
650 653 -0.200000
650 654 -0.600000
650 655 0.866667
650 656 0.066667
650 746 -0.866667
651 653 -0.066667
651 654 -0.866667
651 655 0.200000
651 656 3.666667
651 747 0.066667
652 653 0.466667
652 654 0.333333
652 655 0.200000
652 656 0.200000
652 748 -0.600000
653 661 -0.466667
654 662 0.200000
655 663 0.733333
656 664 0.333333
657 661 0.733333
657 662 -0.733333
657 663 0.200000
657 664 0.066667
657 753 -0.466667
658 661 -0.466667
658 662 0.200000
658 663 -0.333333
658 664 0.333333
658 754 1.000000
659 661 0.466667
659 662 -0.066667
659 663 0.200000
659 664 -0.466667
659 755 0.466667
660 661 -0.333333
660 662 1.000000
660 663 0.733333
660 664 -0.200000
660 756 0.600000
661 669 -0.466667
662 670 1.000000
663 671 -0.733333
664 672 0.600000
665 669 0.466667
665 670 -0.600000
665 671 1.000000
665 672 -0.200000
665 761 0.600000
666 669 0.733333
666 670 3.666667
666 671 1.000000
666 672 -0.200000
666 762 -0.733333
667 669 -0.200000
667 670 0.466667
667 671 -0.066667
667 672 0.866667
667 763 0.066667
668 669 0.333333
668 670 0.600000
668 671 0.200000
668 672 -0.200000
668 764 0.200000
673 677 0.466667
673 678 0.866667
673 679 0.733333
673 680 -0.066667
673 769 0.866667
674 677 -0.200000
674 678 0.733333
674 679 0.333333
674 680 0.466667
674 770 -0.200000
675 677 0.066667
675 678 0.200000
675 679 0.200000
675 680 0.466667
675 771 -0.066667
676 677 -1.000000
676 678 -1.000000
676 679 0.333333
676 680 0.200000
676 772 0.866667
677 685 0.600000
678 686 -0.733333
679 687 -0.866667
680 688 -0.333333
681 685 0.600000
681 686 1.000000
681 687 -0.333333
681 688 0.600000
681 777 -0.466667
682 685 1.000000
682 686 0.200000
682 687 0.466667
682 688 0.733333
682 778 -0.066667
683 685 -0.466667
683 686 0.333333
683 687 0.066667
683 688 0.733333
683 779 0.600000
684 685 1.000000
684 686 0.066667
684 687 0.333333
684 688 -0.333333
684 780 -0.066667
685 693 -0.600000
686 694 0.066667
687 695 0.466667
688 696 0.466667
689 693 1.000000
689 694 0.866667
689 695 0.333333
689 696 -1.000000
689 785 0.600000
690 693 0.866667
690 694 0.466667
690 695 -0.866667
690 696 -0.866667
690 786 0.866667
691 693 0.733333
691 694 0.200000
691 695 -0.866667
691 696 1.000000
691 787 -0.066667
692 693 0.866667
692 694 0.333333
692 695 0.066667
692 696 0.733333
692 788 -0.733333
693 701 0.866667
694 702 0.066667
695 703 0.066667
696 704 0.200000
697 701 -0.600000
697 702 -0.600000
697 703 -0.866667
697 704 0.600000
697 793 -0.600000
698 701 0.600000
698 702 0.333333
698 703 -0.466667
698 704 0.333333
698 794 0.466667
699 701 -0.466667
699 702 1.000000
699 703 0.066667
699 704 1.000000
699 795 -0.200000
700 701 0.066667
700 702 -0.866667
700 703 -0.866667
700 704 0.333333
700 796 -0.200000
701 709 0.200000
702 710 0.066667
703 711 -0.600000
704 712 0.733333
705 709 -0.066667
705 710 0.733333
705 711 -0.866667
705 712 0.466667
705 801 0.200000
706 709 -0.600000
706 710 -5.000000
706 711 0.066667
706 712 -5.000000
706 802 -0.066667
707 709 -0.866667
707 710 -0.066667
707 711 -0.466667
707 712 -0.066667
707 803 0.466667
708 709 0.466667
708 710 1.000000
708 711 -0.866667
708 712 0.333333
708 804 -0.733333
709 717 -0.333333
710 718 -0.333333
711 719 0.200000
712 720 4.333333
713 717 -0.866667
713 718 0.866667
713 719 0.733333
713 720 0.066667
713 809 -1.000000
714 717 0.733333
714 718 -0.066667
714 719 0.600000
714 720 -0.466667
714 810 -0.600000
715 717 0.866667
715 718 -0.333333
715 719 0.466667
715 720 0.733333
715 811 0.466667
716 717 -0.333333
716 718 -0.600000
716 719 0.066667
716 720 0.733333
716 812 0.466667
717 725 0.866667
718 726 0.333333
719 727 -0.333333
720 728 -0.866667
721 725 -0.066667
721 726 -0.066667
721 727 0.466667
721 728 0.600000
721 817 0.066667
722 725 0.600000
722 726 0.733333
722 727 0.600000
722 728 1.000000
722 818 0.466667
723 725 1.000000
723 726 0.466667
723 727 -0.200000
723 728 -0.200000
723 819 1.000000
724 725 -0.600000
724 726 0.066667
724 727 -0.600000
724 728 -0.866667
724 820 0.066667
725 733 -0.466667
726 734 -0.066667
727 735 -0.733333
728 736 -1.000000
729 733 -0.466667
729 734 -0.200000
729 735 -0.733333
729 736 0.333333
729 825 0.866667
730 733 1.000000
730 734 0.466667
730 735 0.733333
730 736 -0.733333
730 826 0.466667
731 733 -0.466667
731 734 -0.733333
731 735 -0.466667
731 736 0.333333
731 827 0.600000
732 733 0.200000
732 734 0.066667
732 735 -0.200000
732 736 -0.866667
732 828 0.066667
733 741 -0.600000
734 742 0.866667
735 743 0.733333
736 744 -1.000000
737 741 -0.066667
737 742 0.600000
737 743 -0.066667
737 744 -0.600000
737 833 -0.600000
738 741 -0.733333
738 742 -0.333333
738 743 -0.866667
738 744 -0.066667
738 834 -0.466667
739 741 0.333333
739 742 0.866667
739 743 -0.466667
739 744 0.866667
739 835 1.000000
740 741 -0.200000
740 742 0.733333
740 743 0.333333
740 744 0.200000
740 836 0.333333
741 749 3.666667
742 750 -0.333333
743 751 1.000000
744 752 -0.066667
745 749 1.666667
745 750 1.666667
745 751 -1.000000
745 752 -0.466667
745 841 -0.200000
746 749 0.866667
746 750 -0.200000
746 751 0.066667
746 752 -0.466667
746 842 0.333333
747 749 0.333333
747 750 -0.200000
747 751 -0.733333
747 752 -0.333333
747 843 -3.666667
748 749 0.333333
748 750 -0.066667
748 751 -1.000000
748 752 -1.000000
748 844 -1.000000
749 757 -5.000000
750 758 4.333333
751 759 -0.733333
752 760 -1.000000
753 757 1.666667
753 758 -0.066667
753 759 -1.000000
753 760 -0.600000
753 849 0.733333
754 757 -0.466667
754 758 0.866667
754 759 1.000000
754 760 -0.066667
754 850 -0.200000
755 757 -4.333333
755 758 0.733333
755 759 0.466667
755 760 -0.066667
755 851 -0.200000
756 757 -0.200000
756 758 0.866667
756 759 0.466667
756 760 -1.000000
756 852 0.066667
757 765 -4.333333
758 766 -0.733333
759 767 -5.000000
760 768 0.600000
761 765 -0.200000
761 766 -0.733333
761 767 -1.000000
761 768 0.200000
761 857 0.200000
762 765 -0.466667
762 766 0.466667
762 767 -0.600000
762 768 0.200000
762 858 -0.733333
763 765 -0.466667
763 766 -0.733333
763 767 -0.733333
763 768 0.333333
763 859 -2.333333
764 765 0.600000
764 766 -0.333333
764 767 0.866667
764 768 1.000000
764 860 -0.066667
769 773 0.200000
769 774 -0.066667
769 775 -0.466667
769 776 -1.000000
769 865 0.333333
770 773 -0.200000
770 774 -1.000000
770 775 0.066667
770 776 -0.333333
770 866 0.200000
771 773 0.333333
771 774 0.333333
771 775 -0.200000
771 776 0.066667
771 867 0.866667
772 773 1.000000
772 774 -0.333333
772 775 0.866667
772 776 -0.600000
772 868 -0.600000
773 781 -0.600000
774 782 -0.333333
775 783 1.000000
776 784 -1.000000
777 781 0.866667
777 782 -0.333333
777 783 -0.333333
777 784 -0.600000
777 873 0.333333
778 781 0.600000
778 782 0.466667
778 783 0.866667
778 784 0.600000
778 874 -0.866667
779 781 1.000000
779 782 0.600000
779 783 0.200000
779 784 -0.600000
779 875 0.600000
780 781 0.466667
780 782 -0.333333
780 783 0.600000
780 784 -0.066667
780 876 0.200000
781 789 -1.000000
782 790 -0.733333
783 791 -0.866667
784 792 0.333333
785 789 0.333333
785 790 -0.066667
785 791 0.600000
785 792 -0.600000
785 881 0.600000
786 789 -0.866667
786 790 0.466667
786 791 -0.866667
786 792 -0.200000
786 882 0.600000
787 789 0.066667
787 790 1.000000
787 791 -0.733333
787 792 0.733333
787 883 -0.066667
788 789 -0.200000
788 790 -0.600000
788 791 0.066667
788 792 -0.466667
788 884 -0.200000
789 797 -0.866667
790 798 0.200000
791 799 -0.066667
792 800 -0.333333
793 797 0.066667
793 798 0.333333
793 799 -0.200000
793 800 -1.000000
793 889 -0.733333
794 797 0.200000
794 798 -0.066667
794 799 -0.200000
794 800 -0.733333
794 890 1.000000
795 797 1.000000
795 798 -0.600000
795 799 -0.866667
795 800 0.600000
795 891 -0.066667
796 797 1.000000
796 798 0.600000
796 799 0.200000
796 800 0.866667
796 892 -1.000000
797 805 -0.733333
798 806 0.466667
799 807 1.000000
800 808 -0.600000
801 805 -1.000000
801 806 0.600000
801 807 -0.600000
801 808 0.200000
801 897 -0.466667
802 805 0.600000
802 806 0.333333
802 807 0.466667
802 808 -0.200000
802 898 0.066667
803 805 -0.600000
803 806 -0.333333
803 807 -0.733333
803 808 -0.466667
803 899 0.600000
804 805 1.000000
804 806 -0.466667
804 807 -0.866667
804 808 0.733333
804 900 0.600000
805 813 0.733333
806 814 0.066667
807 815 -0.866667
808 816 -0.600000
809 813 -0.066667
809 814 -0.466667
809 815 0.200000
809 816 0.200000
809 905 0.600000
810 813 1.000000
810 814 -0.200000
810 815 -0.200000
810 816 0.200000
810 906 0.733333
811 813 -1.000000
811 814 0.466667
811 815 -0.733333
811 816 3.666667
811 907 -0.466667
812 813 -0.466667
812 814 1.000000
812 815 1.000000
812 816 -1.000000
812 908 -0.466667
813 821 -0.066667
814 822 -0.600000
815 823 -0.600000
816 824 1.666667
817 821 0.200000
817 822 0.066667
817 823 -0.066667
817 824 0.600000
817 913 1.000000
818 821 0.333333
818 822 0.333333
818 823 1.000000
818 824 -0.333333
818 914 1.000000
819 821 -0.466667
819 822 0.066667
819 823 -0.600000
819 824 -4.333333
819 915 0.866667
820 821 -0.200000
820 822 0.333333
820 823 0.600000
820 824 -0.600000
820 916 -0.333333
821 829 -0.066667
822 830 0.600000
823 831 -0.733333
824 832 -0.200000
825 829 -0.066667
825 830 -0.066667
825 831 1.000000
825 832 -0.066667
825 921 -0.733333
826 829 0.733333
826 830 0.733333
826 831 4.333333
826 832 0.066667
826 922 3.000000
827 829 0.200000
827 830 0.200000
827 831 -0.200000
827 832 0.333333
827 923 -2.333333
828 829 0.200000
828 830 -0.466667
828 831 0.066667
828 832 -1.000000
828 924 0.866667
829 837 0.200000
830 838 -0.333333
831 839 0.200000
832 840 4.333333
833 837 -1.000000
833 838 -1.000000
833 839 1.000000
833 840 1.000000
833 929 0.066667
834 837 1.000000
834 838 -0.600000
834 839 1.000000
834 840 0.333333
834 930 1.000000
835 837 0.866667
835 838 0.733333
835 839 0.600000
835 840 -1.000000
835 931 -0.733333
836 837 0.600000
836 838 0.066667
836 839 0.066667
836 840 -1.000000
836 932 0.600000
837 845 0.466667
838 846 -0.466667
839 847 -0.600000
840 848 1.000000
841 845 -0.866667
841 846 -0.066667
841 847 -0.733333
841 848 0.866667
841 937 0.466667
842 845 0.066667
842 846 0.200000
842 847 1.666667
842 848 -0.866667
842 938 -0.733333
843 845 -0.333333
843 846 -0.066667
843 847 0.866667
843 848 -0.733333
843 939 -0.333333
844 845 0.200000
844 846 -0.066667
844 847 -0.866667
844 848 -0.200000
844 940 1.666667
845 853 -0.333333
846 854 -0.333333
847 855 3.000000
848 856 0.066667
849 853 -0.333333
849 854 1.000000
849 855 -3.666667
849 856 -2.333333
849 945 1.666667
850 853 5.000000
850 854 -0.200000
850 855 1.000000
850 856 0.200000
850 946 -1.000000
851 853 -0.600000
851 854 -0.466667
851 855 -0.866667
851 856 0.333333
851 947 -0.066667
852 853 3.000000
852 854 -0.200000
852 855 0.066667
852 856 0.600000
852 948 0.866667
853 861 -1.000000
854 862 -0.466667
855 863 0.466667
856 864 0.600000
857 861 -5.000000
857 862 0.333333
857 863 0.200000
857 864 -0.466667
857 953 -4.333333
858 861 -0.200000
858 862 -0.466667
858 863 -0.200000
858 864 0.066667
858 954 0.866667
859 861 4.333333
859 862 0.200000
859 863 1.000000
859 864 -5.000000
859 955 -0.600000
860 861 -4.333333
860 862 0.200000
860 863 -0.466667
860 864 -0.200000
860 956 -0.333333
865 869 0.733333
865 870 -0.333333
865 871 0.866667
865 872 0.600000
865 961 -1.000000
866 869 0.733333
866 870 -0.066667
866 871 0.600000
866 872 -0.066667
866 962 -0.200000
867 869 -0.200000
867 870 0.600000
867 871 0.333333
867 872 0.733333
867 963 -1.000000
868 869 0.866667
868 870 0.066667
868 871 0.200000
868 872 0.866667
868 964 0.066667
869 877 1.000000
870 878 0.866667
871 879 1.000000
872 880 -3.000000
873 877 0.466667
873 878 0.333333
873 879 0.466667
873 880 0.600000
873 969 -0.066667
874 877 0.066667
874 878 0.066667
874 879 -0.466667
874 880 -0.866667
874 970 0.466667
875 877 0.333333
875 878 -0.733333
875 879 1.000000
875 880 -0.333333
875 971 -0.866667
876 877 1.000000
876 878 -0.333333
876 879 0.866667
876 880 -0.466667
876 972 1.000000
877 885 -0.066667
878 886 0.200000
879 887 1.000000
880 888 -0.600000
881 885 -0.333333
881 886 0.066667
881 887 0.466667
881 888 -0.866667
881 977 0.600000
882 885 0.200000
882 886 -0.333333
882 887 -0.066667
882 888 0.466667
882 978 0.066667
883 885 0.733333
883 886 0.866667
883 887 -0.466667
883 888 -0.466667
883 979 0.600000
884 885 -0.066667
884 886 0.733333
884 887 1.000000
884 888 0.866667
884 980 -0.066667
885 893 0.733333
886 894 1.000000
887 895 -0.066667
888 896 -0.733333
889 893 -0.066667
889 894 0.866667
889 895 0.733333
889 896 0.333333
889 985 0.333333
890 893 -0.866667
890 894 -1.000000
890 895 0.733333
890 896 -0.066667
890 986 -0.333333
891 893 -0.200000
891 894 0.866667
891 895 -0.066667
891 896 0.066667
891 987 0.066667
892 893 0.066667
892 894 -0.600000
892 895 0.333333
892 896 -0.600000
892 988 -0.600000
893 901 -1.000000
894 902 -0.200000
895 903 -0.066667
896 904 -1.000000
897 901 -0.066667
897 902 0.466667
897 903 0.200000
897 904 0.866667
897 993 -0.600000
898 901 -1.000000
898 902 -0.733333
898 903 -0.466667
898 904 0.333333
898 994 0.333333
899 901 0.333333
899 902 -1.000000
899 903 0.066667
899 904 -0.866667
899 995 0.066667
900 901 0.600000
900 902 0.066667
900 903 1.666667
900 904 0.866667
900 996 0.733333
901 909 -0.600000
902 910 -0.200000
903 911 -0.866667
904 912 0.733333
905 909 0.466667
905 910 -0.600000
905 911 0.066667
905 912 0.866667
905 1001 -0.333333
906 909 -1.000000
906 910 0.733333
906 911 -0.466667
906 912 -0.866667
906 1002 -1.000000
907 909 3.000000
907 910 0.200000
907 911 -0.466667
907 912 0.466667
907 1003 -0.333333
908 909 0.200000
908 910 0.333333
908 911 0.600000
908 912 0.600000
908 1004 -0.200000
909 917 5.000000
910 918 -1.000000
911 919 -0.466667
912 920 -0.200000
913 917 -0.733333
913 918 -3.000000
913 919 1.000000
913 920 -1.000000
913 1009 0.200000
914 917 3.666667
914 918 0.200000
914 919 0.866667
914 920 -0.866667
914 1010 -0.733333
915 917 0.466667
915 918 3.666667
915 919 -0.333333
915 920 -0.333333
915 1011 0.200000
916 917 -0.333333
916 918 0.733333
916 919 1.000000
916 920 -0.866667
916 1012 0.600000
917 925 0.466667
918 926 0.733333
919 927 0.733333
920 928 0.466667
921 925 0.466667
921 926 -0.066667
921 927 0.466667
921 928 -0.066667
921 1017 -0.733333
922 925 0.333333
922 926 -0.066667
922 927 -0.333333
922 928 -0.333333
922 1018 -0.733333
923 925 0.733333
923 926 0.066667
923 927 -0.866667
923 928 -0.600000
923 1019 0.333333
924 925 -1.666667
924 926 -0.066667
924 927 2.333333
924 928 0.733333
924 1020 -1.000000
925 933 1.000000
926 934 0.466667
927 935 0.466667
928 936 0.600000
929 933 0.333333
929 934 1.000000
929 935 -0.733333
929 936 0.066667
929 1025 0.733333
930 933 -0.733333
930 934 1.666667
930 935 1.000000
930 936 0.200000
930 1026 -0.733333
931 933 -0.333333
931 934 1.666667
931 935 1.000000
931 936 -0.600000
931 1027 -0.066667
932 933 -0.333333
932 934 0.866667
932 935 -0.333333
932 936 0.200000
932 1028 -0.333333
933 941 5.000000
934 942 -0.600000
935 943 2.333333
936 944 0.866667
937 941 -1.000000
937 942 -0.200000
937 943 0.466667
937 944 -0.600000
937 1033 0.866667
938 941 -0.466667
938 942 0.866667
938 943 -0.333333
938 944 0.333333
938 1034 -0.333333
939 941 3.666667
939 942 3.000000
939 943 -1.666667
939 944 -0.066667
939 1035 -2.333333
940 941 0.333333
940 942 -0.733333
940 943 -0.200000
940 944 1.000000
940 1036 0.333333
941 949 1.000000
942 950 1.000000
943 951 -3.000000
944 952 -0.600000
945 949 -1.000000
945 950 -0.866667
945 951 1.666667
945 952 -0.866667
945 1041 3.666667
946 949 0.333333
946 950 4.333333
946 951 -2.333333
946 952 0.733333
946 1042 -0.600000
947 949 0.333333
947 950 0.466667
947 951 0.733333
947 952 0.200000
947 1043 -0.866667
948 949 1.000000
948 950 -0.733333
948 951 -2.333333
948 952 -0.600000
948 1044 -5.000000
949 957 -0.733333
950 958 0.333333
951 959 3.000000
952 960 0.200000
953 957 1.000000
953 958 1.666667
953 959 0.333333
953 960 0.333333
953 1049 0.466667
954 957 0.200000
954 958 0.466667
954 959 0.733333
954 960 0.866667
954 1050 -0.200000
955 957 0.600000
955 958 0.333333
955 959 0.600000
955 960 -0.466667
955 1051 0.466667
956 957 0.733333
956 958 0.200000
956 959 0.066667
956 960 -0.733333
956 1052 0.733333
961 965 -0.466667
961 966 -0.866667
961 967 0.066667
961 968 0.066667
961 1057 0.733333
962 965 0.466667
962 966 0.333333
962 967 0.466667
962 968 0.600000
962 1058 0.466667
963 965 -5.000000
963 966 -0.733333
963 967 -1.000000
963 968 0.333333
963 1059 1.000000
964 965 0.866667
964 966 0.200000
964 967 -0.066667
964 968 -0.333333
964 1060 0.733333
965 973 0.733333
966 974 0.333333
967 975 -0.066667
968 976 -0.466667
969 973 -0.200000
969 974 -0.466667
969 975 1.000000
969 976 1.000000
969 1065 -0.333333
970 973 -0.200000
970 974 0.333333
970 975 -0.733333
970 976 0.733333
970 1066 0.600000
971 973 -0.733333
971 974 0.200000
971 975 -0.866667
971 976 1.000000
971 1067 -0.733333
972 973 -0.066667
972 974 -0.600000
972 975 0.466667
972 976 0.466667
972 1068 0.333333
973 981 0.066667
974 982 0.466667
975 983 0.866667
976 984 -0.333333
977 981 -0.466667
977 982 0.866667
977 983 0.066667
977 984 0.866667
977 1073 0.200000
978 981 0.066667
978 982 0.733333
978 983 0.600000
978 984 0.600000
978 1074 0.600000
979 981 0.200000
979 982 0.733333
979 983 0.733333
979 984 -0.200000
979 1075 0.600000
980 981 -1.000000
980 982 0.333333
980 983 0.733333
980 984 -0.866667
980 1076 0.200000
981 989 0.466667
982 990 -0.200000
983 991 0.866667
984 992 0.200000
985 989 0.733333
985 990 -0.333333
985 991 -0.466667
985 992 -0.600000
985 1081 -0.600000
986 989 1.000000
986 990 -0.466667
986 991 -0.733333
986 992 3.666667
986 1082 0.866667
987 989 0.333333
987 990 0.466667
987 991 -2.333333
987 992 -0.733333
987 1083 0.466667
988 989 -0.866667
988 990 -0.200000
988 991 1.000000
988 992 0.733333
988 1084 0.333333
989 997 0.066667
990 998 0.066667
991 999 -0.733333
992 1000 -0.333333
993 997 1.000000
993 998 -0.066667
993 999 0.466667
993 1000 0.733333
993 1089 0.333333
994 997 1.000000
994 998 -0.466667
994 999 -0.600000
994 1000 -0.200000
994 1090 -1.000000
995 997 0.600000
995 998 -0.600000
995 999 0.466667
995 1000 -0.866667
995 1091 -0.066667
996 997 1.000000
996 998 0.066667
996 999 0.733333
996 1000 0.066667
996 1092 -0.333333
997 1005 0.466667
998 1006 1.000000
999 1007 -0.333333
1000 1008 -1.000000
1001 1005 0.333333
1001 1006 0.866667
1001 1007 0.733333
1001 1008 0.066667
1001 1097 -0.466667
1002 1005 0.600000
1002 1006 -0.333333
1002 1007 -0.333333
1002 1008 -0.333333
1002 1098 0.200000
1003 1005 0.466667
1003 1006 0.733333
1003 1007 -3.000000
1003 1008 1.666667
1003 1099 -0.733333
1004 1005 -0.866667
1004 1006 -1.000000
1004 1007 0.200000
1004 1008 0.866667
1004 1100 -5.000000
1005 1013 1.000000
1006 1014 0.200000
1007 1015 -0.866667
1008 1016 -2.333333
1009 1013 -0.466667
1009 1014 1.000000
1009 1015 0.466667
1009 1016 -1.000000
1009 1105 -0.733333
1010 1013 -0.066667
1010 1014 0.733333
1010 1015 -0.066667
1010 1016 1.000000
1010 1106 0.200000
1011 1013 -1.666667
1011 1014 0.733333
1011 1015 5.000000
1011 1016 -0.066667
1011 1107 0.733333
1012 1013 -0.066667
1012 1014 0.733333
1012 1015 0.866667
1012 1016 0.333333
1012 1108 0.866667
1013 1021 5.000000
1014 1022 -0.866667
1015 1023 -0.333333
1016 1024 3.666667
1017 1021 3.000000
1017 1022 -0.600000
1017 1023 0.866667
1017 1024 0.333333
1017 1113 -0.466667
1018 1021 1.000000
1018 1022 4.333333
1018 1023 0.333333
1018 1024 -0.200000
1018 1114 -0.600000
1019 1021 0.466667
1019 1022 -0.466667
1019 1023 0.733333
1019 1024 0.466667
1019 1115 -0.866667
1020 1021 -1.000000
1020 1022 0.866667
1020 1023 3.000000
1020 1024 -4.333333
1020 1116 -2.333333
1021 1029 -0.066667
1022 1030 -0.866667
1023 1031 0.866667
1024 1032 5.000000
1025 1029 0.600000
1025 1030 3.666667
1025 1031 -0.333333
1025 1032 -0.600000
1025 1121 -0.466667
1026 1029 5.000000
1026 1030 0.600000
1026 1031 1.666667
1026 1032 -1.000000
1026 1122 1.666667
1027 1029 -0.333333
1027 1030 0.866667
1027 1031 -0.200000
1027 1032 -0.733333
1027 1123 -0.466667
1028 1029 1.000000
1028 1030 -0.733333
1028 1031 -5.000000
1028 1032 5.000000
1028 1124 -0.466667
1029 1037 -0.066667
1030 1038 -0.733333
1031 1039 0.333333
1032 1040 4.333333
1033 1037 -0.333333
1033 1038 -1.000000
1033 1039 0.600000
1033 1040 -0.600000
1033 1129 0.200000
1034 1037 -1.000000
1034 1038 0.466667
1034 1039 0.866667
1034 1040 0.333333
1034 1130 -1.000000
1035 1037 0.733333
1035 1038 -0.200000
1035 1039 -0.066667
1035 1040 0.866667
1035 1131 0.333333
1036 1037 5.000000
1036 1038 0.866667
1036 1039 0.866667
1036 1040 -3.000000
1036 1132 0.066667
1037 1045 -0.066667
1038 1046 -0.733333
1039 1047 -0.733333
1040 1048 0.333333
1041 1045 -0.600000
1041 1046 1.000000
1041 1047 -0.333333
1041 1048 0.600000
1041 1137 -0.600000
1042 1045 0.333333
1042 1046 -2.333333
1042 1047 0.466667
1042 1048 4.333333
1042 1138 0.600000
1043 1045 -0.200000
1043 1046 3.000000
1043 1047 1.000000
1043 1048 -0.866667
1043 1139 -4.333333
1044 1045 0.466667
1044 1046 0.333333
1044 1047 -0.600000
1044 1048 0.866667
1044 1140 0.733333
1045 1053 -0.866667
1046 1054 0.200000
1047 1055 0.733333
1048 1056 -0.466667
1049 1053 -0.333333
1049 1054 1.000000
1049 1055 -0.333333
1049 1056 0.733333
1049 1145 0.333333
1050 1053 0.200000
1050 1054 0.066667
1050 1055 0.466667
1050 1056 -0.333333
1050 1146 0.600000
1051 1053 -0.866667
1051 1054 -0.866667
1051 1055 -0.733333
1051 1056 0.600000
1051 1147 0.066667
1052 1053 -1.000000
1052 1054 -0.066667
1052 1055 -0.066667
1052 1056 -0.466667
1052 1148 0.066667
1057 1061 0.200000
1057 1062 -1.000000
1057 1063 -0.600000
1057 1064 0.200000
1058 1061 0.066667
1058 1062 -0.600000
1058 1063 -0.733333
1058 1064 0.200000
1059 1061 0.066667
1059 1062 -0.733333
1059 1063 -0.066667
1059 1064 -0.866667
1060 1061 -0.066667
1060 1062 -0.200000
1060 1063 0.333333
1060 1064 0.200000
1061 1069 -0.466667
1062 1070 -0.866667
1063 1071 -1.000000
1064 1072 0.466667
1065 1069 -0.333333
1065 1070 -3.000000
1065 1071 -1.000000
1065 1072 0.600000
1066 1069 0.733333
1066 1070 0.200000
1066 1071 -0.066667
1066 1072 -0.066667
1067 1069 -0.733333
1067 1070 -0.733333
1067 1071 -0.066667
1067 1072 1.000000
1068 1069 -0.600000
1068 1070 -1.000000
1068 1071 1.000000
1068 1072 0.333333
1069 1077 -0.866667
1070 1078 0.333333
1071 1079 1.000000
1072 1080 -0.333333
1073 1077 0.333333
1073 1078 0.600000
1073 1079 0.866667
1073 1080 -0.200000
1074 1077 -1.000000
1074 1078 -0.333333
1074 1079 -0.733333
1074 1080 -0.066667
1075 1077 0.733333
1075 1078 0.600000
1075 1079 -1.000000
1075 1080 0.466667
1076 1077 -0.066667
1076 1078 -0.333333
1076 1079 0.733333
1076 1080 0.733333
1077 1085 0.066667
1078 1086 0.466667
1079 1087 0.066667
1080 1088 -0.200000
1081 1085 -1.000000
1081 1086 -1.000000
1081 1087 0.200000
1081 1088 -0.866667
1082 1085 -0.600000
1082 1086 -0.600000
1082 1087 -0.333333
1082 1088 -0.600000
1083 1085 0.466667
1083 1086 0.200000
1083 1087 0.200000
1083 1088 -0.600000
1084 1085 0.333333
1084 1086 0.866667
1084 1087 0.866667
1084 1088 0.200000
1085 1093 -0.600000
1086 1094 -0.600000
1087 1095 0.466667
1088 1096 0.733333
1089 1093 -0.866667
1089 1094 -0.733333
1089 1095 0.066667
1089 1096 0.733333
1090 1093 -0.200000
1090 1094 0.333333
1090 1095 -0.066667
1090 1096 -0.733333
1091 1093 0.466667
1091 1094 1.000000
1091 1095 -0.466667
1091 1096 0.066667
1092 1093 -0.333333
1092 1094 0.200000
1092 1095 1.000000
1092 1096 -1.000000
1093 1101 -0.066667
1094 1102 0.200000
1095 1103 -1.000000
1096 1104 0.600000
1097 1101 0.733333
1097 1102 0.466667
1097 1103 -0.866667
1097 1104 -0.066667
1098 1101 -0.200000
1098 1102 0.733333
1098 1103 1.000000
1098 1104 -0.600000
1099 1101 -0.200000
1099 1102 -1.000000
1099 1103 1.000000
1099 1104 0.333333
1100 1101 -0.333333
1100 1102 0.733333
1100 1103 0.466667
1100 1104 -0.200000
1101 1109 0.200000
1102 1110 -0.333333
1103 1111 -0.733333
1104 1112 -1.000000
1105 1109 -1.000000
1105 1110 -0.466667
1105 1111 -0.866667
1105 1112 -0.466667
1106 1109 1.000000
1106 1110 -0.333333
1106 1111 -0.066667
1106 1112 0.866667
1107 1109 -1.000000
1107 1110 -0.866667
1107 1111 0.066667
1107 1112 -0.866667
1108 1109 -0.733333
1108 1110 -0.600000
1108 1111 -0.066667
1108 1112 0.466667
1109 1117 -0.866667
1110 1118 -0.333333
1111 1119 -1.000000
1112 1120 -1.000000
1113 1117 0.600000
1113 1118 -0.733333
1113 1119 0.733333
1113 1120 0.466667
1114 1117 -0.600000
1114 1118 -0.600000
1114 1119 -0.333333
1114 1120 -0.866667
1115 1117 -0.466667
1115 1118 0.466667
1115 1119 1.000000
1115 1120 -0.733333
1116 1117 4.333333
1116 1118 -0.066667
1116 1119 0.600000
1116 1120 -0.333333
1117 1125 0.333333
1118 1126 0.466667
1119 1127 0.333333
1120 1128 -0.066667
1121 1125 0.200000
1121 1126 -0.466667
1121 1127 0.600000
1121 1128 -0.866667
1122 1125 -0.733333
1122 1126 -0.600000
1122 1127 -0.333333
1122 1128 0.733333
1123 1125 -0.600000
1123 1126 0.333333
1123 1127 0.200000
1123 1128 -0.333333
1124 1125 -0.600000
1124 1126 -0.333333
1124 1127 0.600000
1124 1128 -0.066667
1125 1133 -0.466667
1126 1134 0.200000
1127 1135 -0.866667
1128 1136 -0.066667
1129 1133 0.333333
1129 1134 -1.000000
1129 1135 -4.333333
1129 1136 -0.066667
1130 1133 -0.333333
1130 1134 -0.333333
1130 1135 0.866667
1130 1136 0.866667
1131 1133 -0.733333
1131 1134 -0.333333
1131 1135 -1.000000
1131 1136 0.733333
1132 1133 -4.333333
1132 1134 -0.733333
1132 1135 -5.000000
1132 1136 -0.866667
1133 1141 0.200000
1134 1142 -0.600000
1135 1143 -0.066667
1136 1144 0.866667
1137 1141 0.600000
1137 1142 0.066667
1137 1143 0.333333
1137 1144 -0.333333
1138 1141 -0.333333
1138 1142 -0.066667
1138 1143 -0.066667
1138 1144 -1.000000
1139 1141 1.000000
1139 1142 1.000000
1139 1143 -0.866667
1139 1144 0.733333
1140 1141 -0.866667
1140 1142 0.066667
1140 1143 0.733333
1140 1144 -0.200000
1141 1149 0.466667
1142 1150 0.600000
1143 1151 0.866667
1144 1152 1.000000
1145 1149 0.866667
1145 1150 -1.000000
1145 1151 0.733333
1145 1152 0.466667
1146 1149 -0.200000
1146 1150 0.733333
1146 1151 -0.466667
1146 1152 0.333333
1147 1149 -0.866667
1147 1150 0.200000
1147 1151 0.466667
1147 1152 -0.200000
1148 1149 -0.066667
1148 1150 0.733333
1148 1151 0.466667
1148 1152 -0.733333