#
1 1 -0.173333
2 2 0.040000
3 3 -0.093333
4 4 -0.066667
5 5 0.120000
6 6 0.173333
7 7 0.040000
8 8 0.146667
9 9 -0.013333
10 10 0.146667
11 11 0.173333
12 12 0.200000
13 13 0.146667
14 14 -0.200000
15 15 -0.120000
16 16 -0.066667
17 17 -0.066667
18 18 -0.040000
19 19 -0.120000
20 20 -0.013333
21 21 -0.093333
22 22 0.173333
23 23 -0.200000
24 24 0.146667
25 25 -0.173333
26 26 0.040000
27 27 0.013333
28 28 -0.173333
29 29 0.200000
30 30 -0.066667
31 31 0.200000
32 32 0.120000
33 33 0.200000
34 34 0.200000
35 35 -0.173333
36 36 -0.173333
37 37 -0.146667
38 38 0.200000
39 39 -0.173333
40 40 0.120000
41 41 -0.173333
42 42 0.200000
43 43 -0.146667
44 44 -0.066667
45 45 0.013333
46 46 -0.013333
47 47 0.013333
48 48 0.120000
49 49 -0.093333
50 50 -0.120000
51 51 -0.066667
52 52 0.066667
53 53 0.120000
54 54 0.200000
55 55 -0.013333
56 56 -0.040000
57 57 -0.146667
58 58 -0.066667
59 59 -0.146667
60 60 0.146667
61 61 -0.146667
62 62 0.013333
63 63 -0.173333
64 64 0.200000
65 65 -0.173333
66 66 -0.093333
67 67 0.040000
68 68 -0.200000
69 69 -0.093333
70 70 -0.013333
71 71 0.066667
72 72 -0.040000
73 73 -0.040000
74 74 0.200000
75 75 0.120000
76 76 -0.120000
77 77 0.200000
78 78 0.066667
79 79 0.120000
80 80 -0.040000
81 81 -0.013333
82 82 -0.093333
83 83 0.120000
84 84 0.120000
85 85 0.120000
86 86 -0.173333
87 87 -0.093333
88 88 -0.093333
89 89 -0.200000
90 90 0.120000
91 91 0.120000
92 92 0.120000
93 93 -0.066667
94 94 -0.093333
95 95 -0.146667
96 96 0.013333
97 97 -0.200000
98 98 0.066667
99 99 0.173333
100 100 -0.120000
101 101 -0.040000
102 102 -0.093333
103 103 0.173333
104 104 0.093333
105 105 0.146667
106 106 0.146667
107 107 0.120000
108 108 -0.093333
109 109 0.173333
110 110 0.013333
111 111 -0.200000
112 112 0.093333
113 113 0.040000
114 114 -0.120000
115 115 0.013333
116 116 -0.093333
117 117 -0.093333
118 118 -0.013333
119 119 0.066667
120 120 0.013333
121 121 -0.013333
122 122 -0.173333
123 123 -0.013333
124 124 0.013333
125 125 0.200000
126 126 -0.200000
127 127 -0.120000
128 128 0.040000
129 129 -0.013333
130 130 -0.040000
131 131 0.200000
132 132 0.200000
133 133 -0.066667
134 134 -0.200000
135 135 0.120000
136 136 -0.040000
137 137 0.173333
138 138 -0.200000
139 139 -0.173333
140 140 -0.120000
141 141 -0.040000
142 142 -0.120000
143 143 -0.146667
144 144 -0.013333
145 145 0.093333
146 146 0.066667
147 147 0.173333
148 148 0.093333
149 149 0.013333
150 150 -0.200000
151 151 0.146667
152 152 -0.013333
153 153 -0.093333
154 154 0.013333
155 155 0.173333
156 156 0.093333
157 157 -0.093333
158 158 0.013333
159 159 -0.120000
160 160 -0.066667
161 161 0.173333
162 162 -0.120000
163 163 -0.066667
164 164 -0.120000
165 165 0.013333
166 166 0.146667
167 167 0.200000
168 168 0.173333
169 169 -0.040000
170 170 0.066667
171 171 -0.146667
172 172 0.066667
173 173 -0.200000
174 174 0.173333
175 175 -0.120000
176 176 0.013333
177 177 -0.013333
178 178 0.066667
179 179 -0.093333
180 180 -0.200000
181 181 0.066667
182 182 -0.120000
183 183 0.040000
184 184 0.173333
185 185 0.173333
186 186 -0.093333
187 187 -0.120000
188 188 0.120000
189 189 0.066667
190 190 0.120000
191 191 0.040000
192 192 0.120000
193 193 0.120000
194 194 -0.120000
195 195 -0.200000
196 196 -0.093333
197 197 -0.173333
198 198 0.040000
199 199 -0.200000
200 200 -0.120000
201 201 0.013333
202 202 -0.200000
203 203 -0.120000
204 204 -0.013333
205 205 0.040000
206 206 -0.173333
207 207 -0.066667
208 208 -0.200000
209 209 0.200000
210 210 -0.013333
211 211 -0.013333
212 212 -0.013333
213 213 -0.200000
214 214 0.013333
215 215 0.093333
216 216 -0.066667
217 217 0.066667
218 218 -0.146667
219 219 -0.173333
220 220 0.013333
221 221 -0.200000
222 222 0.093333
223 223 -0.013333
224 224 -0.040000
225 225 0.200000
226 226 0.200000
227 227 -0.093333
228 228 0.200000
229 229 -0.013333
230 230 0.120000
231 231 -0.066667
232 232 0.013333
233 233 -0.093333
234 234 -0.066667
235 235 0.120000
236 236 0.173333
237 237 0.146667
238 238 0.120000
239 239 0.066667
240 240 -0.066667
241 241 -0.120000
242 242 0.200000
243 243 -0.093333
244 244 0.040000
245 245 0.013333
246 246 -0.120000
247 247 0.120000
248 248 0.120000
249 249 0.200000
250 250 0.173333
251 251 0.093333
252 252 -0.013333
253 253 -0.200000
254 254 0.120000
255 255 0.173333
256 256 -0.146667
257 257 -0.173333
258 258 -0.173333
259 259 0.200000
260 260 0.040000
261 261 0.013333
262 262 -0.146667
263 263 0.173333
264 264 0.013333
265 265 0.093333
266 266 0.146667
267 267 0.040000
268 268 0.146667
269 269 -0.066667
270 270 -0.200000
271 271 -0.013333
272 272 -0.200000
273 273 -0.093333
274 274 0.013333
275 275 0.066667
276 276 -0.120000
277 277 0.040000
278 278 0.120000
279 279 0.146667
280 280 -0.040000
281 281 0.093333
282 282 -0.146667
283 283 0.200000
284 284 0.173333
285 285 0.173333
286 286 0.013333
287 287 -0.146667
288 288 -0.120000
289 289 0.146667
290 290 0.013333
291 291 -0.120000
292 292 -0.013333
293 293 0.093333
294 294 0.066667
295 295 0.120000
296 296 0.093333
297 297 -0.173333
298 298 -0.146667
299 299 -0.120000
300 300 -0.146667
301 301 -0.120000
302 302 0.120000
303 303 0.066667
304 304 0.093333
305 305 0.040000
306 306 -0.146667
307 307 -0.173333
308 308 -0.173333
309 309 -0.173333
310 310 -0.200000
311 311 -0.066667
312 312 -0.146667
313 313 0.120000
314 314 0.120000
315 315 -0.093333
316 316 -0.200000
317 317 -0.173333
318 318 -0.120000
319 319 0.200000
320 320 -0.013333
321 321 0.173333
322 322 -0.093333
323 323 0.013333
324 324 0.146667
325 325 -0.120000
326 326 0.120000
327 327 -0.013333
328 328 0.146667
329 329 -0.066667
330 330 0.173333
331 331 -0.013333
332 332 -0.120000
333 333 0.146667
334 334 -0.173333
335 335 -0.040000
336 336 -0.013333
337 337 0.040000
338 338 -0.066667
339 339 0.013333
340 340 -0.093333
341 341 0.200000
342 342 0.173333
343 343 0.066667
344 344 -0.173333
345 345 0.200000
346 346 0.200000
347 347 -0.013333
348 348 -0.040000
349 349 -0.120000
350 350 -0.146667
351 351 -0.066667
352 352 -0.093333
353 353 0.040000
354 354 -0.040000
355 355 0.013333
356 356 -0.173333
357 357 0.040000
358 358 -0.200000
359 359 0.200000
360 360 0.146667
361 361 -0.013333
362 362 0.120000
363 363 0.200000
364 364 -0.040000
365 365 0.066667
366 366 -0.200000
367 367 -0.040000
368 368 0.146667
369 369 -0.146667
370 370 -0.093333
371 371 0.013333
372 372 0.066667
373 373 -0.120000
374 374 -0.093333
375 375 -0.093333
376 376 -0.040000
377 377 0.200000
378 378 0.066667
379 379 0.200000
380 380 0.066667
381 381 0.013333
382 382 0.173333
383 383 -0.040000
384 384 -0.066667
385 385 -0.013333
386 386 0.173333
387 387 -0.013333
388 388 -0.040000
389 389 -0.173333
390 390 -0.066667
391 391 -0.120000
392 392 -0.120000
393 393 -0.120000
394 394 0.120000
395 395 0.066667
396 396 -0.200000
397 397 -0.040000
398 398 0.173333
399 399 0.173333
400 400 0.120000
401 401 -0.040000
402 402 -0.120000
403 403 0.040000
404 404 -0.066667
405 405 -0.120000
406 406 0.040000
407 407 0.040000
408 408 0.040000
409 409 0.120000
410 410 0.066667
411 411 -0.173333
412 412 -0.066667
413 413 0.040000
414 414 0.013333
415 415 -0.013333
416 416 0.173333
417 417 -0.200000
418 418 -0.093333
419 419 -0.040000
420 420 -0.120000
421 421 -0.120000
422 422 0.066667
423 423 0.200000
424 424 0.200000
425 425 0.120000
426 426 -0.200000
427 427 0.013333
428 428 0.120000
429 429 0.200000
430 430 0.066667
431 431 0.040000
432 432 -0.040000
433 433 -0.200000
434 434 -0.200000
435 435 0.146667
436 436 -0.040000
437 437 -0.173333
438 438 -0.013333
439 439 0.040000
440 440 0.146667
441 441 0.013333
442 442 0.013333
443 443 -0.093333
444 444 0.013333
445 445 -0.066667
446 446 -0.093333
447 447 -0.066667
448 448 0.146667
449 449 -0.040000
450 450 -0.093333
451 451 -0.120000
452 452 0.040000
453 453 -0.146667
454 454 0.040000
455 455 0.013333
456 456 -0.093333
457 457 0.066667
458 458 -0.146667
459 459 -0.093333
460 460 -0.040000
461 461 -0.200000
462 462 0.200000
463 463 0.093333
464 464 -0.200000
465 465 -0.120000
466 466 0.040000
467 467 0.173333
468 468 0.066667
469 469 0.093333
470 470 -0.040000
471 471 0.040000
472 472 0.120000
473 473 -0.200000
474 474 -0.066667
475 475 -0.200000
476 476 0.013333
477 477 0.173333
478 478 0.093333
479 479 -0.066667
480 480 0.040000
481 481 0.066667
482 482 0.120000
483 483 0.200000
484 484 0.093333
485 485 0.173333
486 486 0.173333
487 487 -0.200000
488 488 0.173333
489 489 0.013333
490 490 -0.040000
491 491 -0.013333
492 492 -0.013333
493 493 -0.040000
494 494 -0.093333
495 495 0.173333
496 496 -0.066667
497 497 -0.120000
498 498 -0.200000
499 499 -0.093333
500 500 -0.146667
501 501 0.200000
502 502 0.093333
503 503 -0.173333
504 504 -0.146667
505 505 -0.013333
506 506 -0.146667
507 507 -0.173333
508 508 0.146667
509 509 0.066667
510 510 0.093333
511 511 0.173333
512 512 -0.093333
513 513 0.093333
514 514 -0.120000
515 515 -0.066667
516 516 -0.120000
517 517 -0.066667
518 518 0.120000
519 519 0.146667
520 520 0.200000
521 521 0.146667
522 522 0.200000
523 523 -0.066667
524 524 0.120000
525 525 -0.013333
526 526 -0.040000
527 527 0.173333
528 528 0.040000
529 529 0.200000
530 530 -0.120000
531 531 -0.066667
532 532 0.093333
533 533 -0.120000
534 534 -0.013333
535 535 0.120000
536 536 -0.120000
537 537 0.200000
538 538 0.066667
539 539 -0.066667
540 540 -0.040000
541 541 -0.120000
542 542 -0.173333
543 543 -0.200000
544 544 -0.093333
545 545 0.146667
546 546 -0.146667
547 547 0.040000
548 548 -0.173333
549 549 -0.120000
550 550 0.146667
551 551 0.013333
552 552 0.066667
553 553 0.013333
554 554 0.013333
555 555 -0.040000
556 556 -0.200000
557 557 -0.120000
558 558 0.093333
559 559 -0.040000
560 560 0.173333
561 561 -0.200000
562 562 -0.173333
563 563 0.120000
564 564 -0.040000
565 565 0.066667
566 566 0.013333
567 567 -0.093333
568 568 -0.040000
569 569 0.146667
570 570 -0.013333
571 571 0.200000
572 572 -0.173333
573 573 0.093333
574 574 -0.120000
575 575 0.040000
576 576 0.120000
577 577 0.146667
578 578 -0.146667
579 579 0.120000
580 580 -0.200000
581 581 -0.173333
582 582 -0.093333
583 583 -0.200000
584 584 -0.146667
585 585 0.040000
586 586 0.173333
587 587 -0.013333
588 588 -0.066667
589 589 0.013333
590 590 0.040000
591 591 0.200000
592 592 -0.120000
593 593 0.066667
594 594 -0.013333
595 595 0.146667
596 596 0.013333
597 597 0.146667
598 598 0.173333
599 599 0.093333
600 600 -0.146667
601 601 0.066667
602 602 0.013333
603 603 0.040000
604 604 0.200000
605 605 -0.013333
606 606 -0.146667
607 607 0.200000
608 608 -0.040000
609 609 -0.093333
610 610 -0.093333
611 611 -0.146667
612 612 -0.120000
613 613 -0.093333
614 614 0.093333
615 615 0.040000
616 616 -0.013333
617 617 0.200000
618 618 -0.200000
619 619 0.066667
620 620 0.173333
621 621 -0.173333
622 622 -0.120000
623 623 -0.093333
624 624 -0.013333
625 625 -0.200000
626 626 0.173333
627 627 -0.146667
628 628 0.093333
629 629 -0.066667
630 630 0.093333
631 631 -0.066667
632 632 0.066667
633 633 -0.040000
634 634 0.066667
635 635 -0.146667
636 636 -0.040000
637 637 -0.200000
638 638 0.013333
639 639 -0.040000
640 640 0.013333
641 641 0.040000
642 642 -0.040000
643 643 -0.173333
644 644 0.173333
645 645 -0.040000
646 646 0.200000
647 647 0.173333
648 648 -0.093333
649 649 0.173333
650 650 0.173333
651 651 -0.146667
652 652 0.173333
653 653 0.120000
654 654 0.013333
655 655 -0.066667
656 656 0.040000
657 657 0.040000
658 658 0.146667
659 659 0.120000
660 660 0.013333
661 661 -0.040000
662 662 0.013333
663 663 -0.200000
664 664 0.040000
665 665 -0.013333
666 666 0.093333
667 667 0.040000
668 668 0.173333
669 669 0.013333
670 670 -0.066667
671 671 0.120000
672 672 0.200000
673 673 0.146667
674 674 0.173333
675 675 0.040000
676 676 -0.146667
677 677 0.093333
678 678 -0.040000
679 679 0.013333
680 680 -0.040000
681 681 0.066667
682 682 0.120000
683 683 -0.066667
684 684 0.200000
685 685 -0.066667
686 686 -0.173333
687 687 -0.120000
688 688 0.066667
689 689 0.200000
690 690 -0.200000
691 691 0.013333
692 692 0.200000
693 693 -0.066667
694 694 0.040000
695 695 0.120000
696 696 0.040000
697 697 -0.040000
698 698 -0.066667
699 699 -0.013333
700 700 0.093333
701 701 -0.200000
702 702 -0.146667
703 703 0.173333
704 704 -0.066667
705 705 -0.013333
706 706 0.093333
707 707 0.093333
708 708 -0.093333
709 709 0.173333
710 710 0.013333
711 711 0.093333
712 712 -0.173333
713 713 -0.200000
714 714 -0.066667
715 715 -0.146667
716 716 -0.200000
717 717 -0.013333
718 718 0.173333
719 719 -0.040000
720 720 -0.040000
721 721 -0.200000
722 722 0.200000
723 723 -0.040000
724 724 0.093333
725 725 0.013333
726 726 0.093333
727 727 -0.120000
728 728 -0.066667
729 729 -0.093333
730 730 -0.146667
731 731 0.040000
732 732 -0.173333
733 733 -0.146667
734 734 -0.040000
735 735 0.173333
736 736 0.066667
737 737 0.040000
738 738 0.013333
739 739 0.066667
740 740 -0.120000
741 741 0.040000
742 742 0.013333
743 743 0.013333
744 744 -0.040000
745 745 -0.146667
746 746 -0.066667
747 747 0.146667
748 748 0.120000
749 749 -0.120000
750 750 -0.013333
751 751 0.093333
752 752 0.066667
753 753 0.120000
754 754 0.040000
755 755 -0.200000
756 756 0.120000
757 757 -0.173333
758 758 0.093333
759 759 -0.093333
760 760 0.146667
761 761 0.013333
762 762 0.040000
763 763 0.040000
764 764 0.120000
765 765 -0.066667
766 766 0.120000
767 767 0.040000
768 768 -0.120000
769 769 0.173333
770 770 0.173333
771 771 0.120000
772 772 0.120000
773 773 -0.013333
774 774 -0.173333
775 775 -0.040000
776 776 -0.013333
777 777 -0.093333
778 778 0.200000
779 779 0.120000
780 780 0.013333
781 781 0.040000
782 782 0.120000
783 783 0.093333
784 784 0.146667
785 785 0.173333
786 786 -0.146667
787 787 0.120000
788 788 -0.146667
789 789 -0.173333
790 790 -0.066667
791 791 0.093333
792 792 -0.173333
793 793 -0.120000
794 794 0.200000
795 795 0.013333
796 796 -0.040000
797 797 0.173333
798 798 0.040000
799 799 0.146667
800 800 -0.093333
801 801 -0.120000
802 802 -0.173333
803 803 0.173333
804 804 0.066667
805 805 -0.173333
806 806 -0.120000
807 807 -0.146667
808 808 -0.040000
809 809 -0.066667
810 810 -0.173333
811 811 -0.040000
812 812 0.040000
813 813 -0.066667
814 814 0.173333
815 815 0.200000
816 816 -0.146667
817 817 0.013333
818 818 0.173333
819 819 -0.146667
820 820 0.200000
821 821 0.200000
822 822 0.200000
823 823 0.066667
824 824 0.200000
825 825 0.093333
826 826 0.200000
827 827 -0.040000
828 828 0.200000
829 829 0.146667
830 830 0.120000
831 831 0.200000
832 832 0.040000
833 833 -0.093333
834 834 -0.013333
835 835 -0.093333
836 836 0.040000
837 837 0.066667
838 838 -0.146667
839 839 -0.040000
840 840 -0.093333
841 841 0.013333
842 842 0.040000
843 843 -0.173333
844 844 -0.200000
845 845 0.173333
846 846 0.040000
847 847 -0.013333
848 848 0.013333
849 849 0.146667
850 850 -0.146667
851 851 -0.040000
852 852 0.120000
853 853 -0.040000
854 854 0.146667
855 855 0.013333
856 856 -0.120000
857 857 0.093333
858 858 0.200000
859 859 -0.040000
860 860 0.013333
861 861 -0.093333
862 862 0.200000
863 863 -0.120000
864 864 0.093333
865 865 -0.013333
866 866 0.040000
867 867 -0.200000
868 868 -0.146667
869 869 0.013333
870 870 0.040000
871 871 0.040000
872 872 0.040000
873 873 0.120000
874 874 -0.146667
875 875 -0.120000
876 876 0.173333
877 877 -0.066667
878 878 -0.200000
879 879 0.200000
880 880 0.120000
881 881 -0.200000
882 882 0.200000
883 883 0.093333
884 884 -0.093333
885 885 0.120000
886 886 0.200000
887 887 0.173333
888 888 0.200000
889 889 0.093333
890 890 -0.093333
891 891 0.146667
892 892 0.040000
893 893 0.093333
894 894 -0.120000
895 895 0.013333
896 896 -0.093333
897 897 0.040000
898 898 0.146667
899 899 -0.120000
900 900 0.200000
901 901 0.066667
902 902 0.066667
903 903 0.093333
904 904 -0.013333
905 905 0.066667
906 906 -0.013333
907 907 0.066667
908 908 0.040000
909 909 0.093333
910 910 -0.200000
911 911 0.173333
912 912 0.093333
913 913 0.013333
914 914 -0.200000
915 915 0.200000
916 916 -0.013333
917 917 0.120000
918 918 -0.093333
919 919 0.146667
920 920 -0.093333
921 921 0.066667
922 922 0.173333
923 923 0.120000
924 924 -0.146667
925 925 0.146667
926 926 -0.066667
927 927 -0.146667
928 928 0.200000
929 929 -0.173333
930 930 -0.093333
931 931 -0.200000
932 932 -0.173333
933 933 0.066667
934 934 -0.146667
935 935 0.066667
936 936 -0.013333
937 937 0.146667
938 938 0.200000
939 939 0.173333
940 940 0.173333
941 941 -0.093333
942 942 -0.146667
943 943 0.066667
944 944 0.093333
945 945 -0.200000
946 946 0.093333
947 947 0.120000
948 948 0.013333
949 949 0.040000
950 950 0.040000
951 951 0.040000
952 952 0.040000
953 953 0.040000
954 954 0.040000
955 955 -0.173333
956 956 -0.120000
957 957 -0.200000
958 958 0.013333
959 959 -0.093333
960 960 -0.013333
961 961 -0.146667
962 962 0.120000
963 963 0.093333
964 964 -0.013333
965 965 0.200000
966 966 0.066667
967 967 -0.066667
968 968 -0.173333
969 969 0.173333
970 970 0.120000
971 971 0.093333
972 972 -0.146667
973 973 0.173333
974 974 0.093333
975 975 0.120000
976 976 -0.146667
977 977 -0.200000
978 978 0.173333
979 979 0.066667
980 980 -0.013333
981 981 0.013333
982 982 -0.146667
983 983 -0.120000
984 984 -0.173333
985 985 -0.013333
986 986 -0.040000
987 987 0.066667
988 988 0.013333
989 989 -0.093333
990 990 -0.200000
991 991 -0.093333
992 992 0.066667
993 993 -0.146667
994 994 0.013333
995 995 -0.120000
996 996 0.013333
997 997 -0.146667
998 998 0.066667
999 999 -0.066667
1000 1000 0.120000
1001 1001 -0.173333
1002 1002 -0.040000
1003 1003 -0.066667
1004 1004 -0.200000
1005 1005 0.173333
1006 1006 0.146667
1007 1007 0.173333
1008 1008 -0.093333
1009 1009 -0.013333
1010 1010 0.120000
1011 1011 0.066667
1012 1012 0.146667
1013 1013 0.200000
1014 1014 -0.200000
1015 1015 0.013333
1016 1016 -0.013333
1017 1017 0.200000
1018 1018 -0.120000
1019 1019 0.093333
1020 1020 0.066667
1021 1021 -0.146667
1022 1022 0.093333
1023 1023 0.173333
1024 1024 -0.040000
1025 1025 -0.120000
1026 1026 -0.013333
1027 1027 -0.173333
1028 1028 0.146667
1029 1029 -0.200000
1030 1030 -0.146667
1031 1031 -0.093333
1032 1032 -0.146667
1033 1033 -0.173333
1034 1034 -0.173333
1035 1035 0.173333
1036 1036 0.173333
1037 1037 -0.066667
1038 1038 -0.120000
1039 1039 0.013333
1040 1040 -0.093333
1041 1041 -0.040000
1042 1042 -0.093333
1043 1043 -0.013333
1044 1044 -0.066667
1045 1045 0.146667
1046 1046 0.200000
1047 1047 -0.066667
1048 1048 -0.200000
1049 1049 0.173333
1050 1050 -0.200000
1051 1051 0.013333
1052 1052 -0.120000
1053 1053 0.120000
1054 1054 -0.173333
1055 1055 0.066667
1056 1056 -0.066667
1057 1057 -0.040000
1058 1058 -0.173333
1059 1059 -0.040000
1060 1060 0.013333
1061 1061 -0.093333
1062 1062 -0.093333
1063 1063 0.066667
1064 1064 -0.040000
1065 1065 -0.040000
1066 1066 0.013333
1067 1067 0.120000
1068 1068 -0.200000
1069 1069 -0.146667
1070 1070 0.013333
1071 1071 0.200000
1072 1072 0.013333
1073 1073 0.066667
1074 1074 0.066667
1075 1075 0.040000
1076 1076 0.200000
1077 1077 -0.200000
1078 1078 0.066667
1079 1079 -0.173333
1080 1080 -0.120000
1081 1081 -0.200000
1082 1082 -0.040000
1083 1083 -0.120000
1084 1084 0.146667
1085 1085 0.013333
1086 1086 -0.120000
1087 1087 0.173333
1088 1088 -0.173333
1089 1089 -0.200000
1090 1090 0.066667
1091 1091 -0.146667
1092 1092 -0.066667
1093 1093 -0.173333
1094 1094 -0.173333
1095 1095 -0.200000
1096 1096 -0.120000
1097 1097 0.013333
1098 1098 -0.146667
1099 1099 0.066667
1100 1100 0.200000
1101 1101 -0.200000
1102 1102 0.120000
1103 1103 -0.200000
1104 1104 -0.146667
1105 1105 0.146667
1106 1106 -0.146667
1107 1107 0.093333
1108 1108 0.013333
1109 1109 -0.013333
1110 1110 -0.040000
1111 1111 0.120000
1112 1112 -0.013333
1113 1113 -0.066667
1114 1114 -0.120000
1115 1115 0.120000
1116 1116 -0.200000
1117 1117 0.200000
1118 1118 0.093333
1119 1119 0.066667
1120 1120 0.040000
1121 1121 0.146667
1122 1122 -0.066667
1123 1123 0.120000
1124 1124 -0.146667
1125 1125 0.093333
1126 1126 0.093333
1127 1127 0.013333
1128 1128 -0.066667
1129 1129 0.146667
1130 1130 -0.120000
1131 1131 -0.093333
1132 1132 -0.066667
1133 1133 -0.040000
1134 1134 0.120000
1135 1135 0.040000
1136 1136 -0.093333
1137 1137 0.040000
1138 1138 -0.120000
1139 1139 0.013333
1140 1140 -0.120000
1141 1141 -0.093333
1142 1142 -0.200000
1143 1143 -0.040000
1144 1144 -0.066667
1145 1145 0.173333
1146 1146 -0.120000
1147 1147 -0.120000
1148 1148 -0.200000
1149 1149 -0.173333
1150 1150 0.173333
1151 1151 0.146667
1152 1152 -0.066667
1 5 0.333333
1 6 -0.200000
1 7 -1.000000
1 8 0.866667
1 97 -0.866667
2 5 0.600000
2 6 0.733333
2 7 0.866667
2 8 3.666667
2 98 0.466667
3 5 -0.600000
3 6 -1.000000
3 7 0.466667
3 8 -0.466667
3 99 -0.333333
4 5 -0.066667
4 6 -0.200000
4 7 -0.333333
4 8 -0.200000
4 100 0.600000
5 13 0.466667
6 14 0.066667
7 15 1.000000
8 16 0.333333
9 13 0.466667
9 14 0.333333
9 15 3.666667
9 16 0.466667
9 105 -0.866667
10 13 0.733333
10 14 0.466667
10 15 0.866667
10 16 -0.600000
10 106 -0.600000
11 13 0.600000
11 14 0.333333
11 15 0.600000
11 16 -0.066667
11 107 0.600000
12 13 0.733333
12 14 -0.866667
12 15 0.866667
12 16 0.733333
12 108 0.866667
13 21 -0.466667
14 22 0.600000
15 23 -0.333333
16 24 -0.733333
17 21 1.000000
17 22 1.666667
17 23 -1.000000
17 24 -0.066667
17 113 0.066667
18 21 0.866667
18 22 0.733333
18 23 -0.733333
18 24 0.066667
18 114 -0.466667
19 21 -0.600000
19 22 0.866667
19 23 0.866667
19 24 0.600000
19 115 -0.866667
20 21 0.066667
20 22 -1.000000
20 23 -0.733333
20 24 -0.600000
20 116 0.200000
21 29 -0.333333
22 30 0.066667
23 31 -0.466667
24 32 -0.600000
25 29 -0.466667
25 30 -0.200000
25 31 -0.200000
25 32 -0.200000
25 121 1.000000
26 29 -1.000000
26 30 -0.466667
26 31 0.733333
26 32 -0.333333
26 122 -0.733333
27 29 0.333333
27 30 -0.600000
27 31 -0.600000
27 32 0.466667
27 123 0.600000
28 29 -0.466667
28 30 1.000000
28 31 -0.733333
28 32 -1.000000
28 124 -1.000000
29 37 0.066667
30 38 0.733333
31 39 -0.733333
32 40 -1.000000
33 37 -0.866667
33 38 0.200000
33 39 -0.866667
33 40 0.866667
33 129 0.066667
34 37 -0.200000
34 38 -0.600000
34 39 0.600000
34 40 0.733333
34 130 0.200000
35 37 0.200000
35 38 -0.333333
35 39 -0.466667
35 40 -0.733333
35 131 -0.200000
36 37 -0.333333
36 38 0.466667
36 39 -0.333333
36 40 -1.000000
36 132 -0.066667
37 45 0.866667
38 46 -0.466667
39 47 0.200000
40 48 -0.333333
41 45 0.200000
41 46 0.333333
41 47 0.200000
41 48 -0.200000
41 137 -0.066667
42 45 -0.866667
42 46 -0.333333
42 47 -0.200000
42 48 0.600000
42 138 0.733333
43 45 -0.733333
43 46 0.466667
43 47 0.466667
43 48 0.600000
43 139 -0.733333
44 45 -0.733333
44 46 0.333333
44 47 1.000000
44 48 0.200000
44 140 -0.733333
45 53 -0.866667
46 54 0.600000
47 55 0.600000
48 56 0.200000
49 53 1.000000
49 54 -0.733333
49 55 -0.333333
49 56 -0.333333
49 145 -0.866667
50 53 0.600000
50 54 -0.866667
50 55 -0.333333
50 56 0.600000
50 146 -0.066667
51 53 -0.066667
51 54 -1.000000
51 55 -0.200000
51 56 0.066667
51 147 0.600000
52 53 -0.333333
52 54 -0.866667
52 55 -1.000000
52 56 -0.866667
52 148 -0.733333
53 61 0.200000
54 62 0.200000
55 63 -0.333333
56 64 -0.333333
57 61 0.066667
57 62 1.666667
57 63 -0.200000
57 64 -1.666667
57 153 0.733333
58 61 1.666667
58 62 1.666667
58 63 -0.466667
58 64 -0.200000
58 154 3.666667
59 61 0.600000
59 62 1.666667
59 63 -0.466667
59 64 0.600000
59 155 3.666667
60 61 3.000000
60 62 -1.666667
60 63 -0.866667
60 64 0.333333
60 156 1.666667
61 69 0.600000
62 70 0.600000
63 71 -0.600000
64 72 -0.066667
65 69 -1.000000
65 70 -0.733333
65 71 -0.200000
65 72 -0.866667
65 161 -0.866667
66 69 1.000000
66 70 -1.000000
66 71 0.066667
66 72 -0.466667
66 162 1.000000
67 69 0.600000
67 70 0.866667
67 71 0.733333
67 72 0.333333
67 163 0.733333
68 69 0.600000
68 70 -0.200000
68 71 -1.000000
68 72 0.066667
68 164 0.466667
69 77 0.066667
70 78 0.333333
71 79 -0.200000
72 80 -0.333333
73 77 -1.000000
73 78 -0.200000
73 79 -0.733333
73 80 0.733333
73 169 -0.066667
74 77 0.866667
74 78 0.200000
74 79 0.466667
74 80 -1.000000
74 170 1.000000
75 77 -0.200000
75 78 0.866667
75 79 -0.200000
75 80 -0.733333
75 171 0.066667
76 77 0.066667
76 78 -1.000000
76 79 -0.733333
76 80 1.000000
76 172 0.333333
77 85 -0.733333
78 86 -0.866667
79 87 0.600000
80 88 0.600000
81 85 0.200000
81 86 -0.066667
81 87 0.866667
81 88 -1.000000
81 177 -0.200000
82 85 0.466667
82 86 1.000000
82 87 -0.200000
82 88 -0.066667
82 178 0.066667
83 85 0.333333
83 86 -0.466667
83 87 0.066667
83 88 0.466667
83 179 -0.733333
84 85 -0.600000
84 86 -0.200000
84 87 -0.866667
84 88 -0.733333
84 180 1.000000
85 93 -0.733333
86 94 -0.333333
87 95 0.333333
88 96 -0.333333
89 93 0.066667
89 94 0.066667
89 95 -1.000000
89 96 0.600000
89 185 -0.066667
90 93 0.066667
90 94 -0.066667
90 95 -0.066667
90 96 0.066667
90 186 0.600000
91 93 1.666667
91 94 5.000000
91 95 -0.466667
91 96 0.333333
91 187 -0.733333
92 93 -0.066667
92 94 4.333333
92 95 0.066667
92 96 0.333333
92 188 0.333333
97 101 -0.600000
97 102 -0.733333
97 103 0.333333
97 104 0.733333
97 193 -0.200000
98 101 0.066667
98 102 1.000000
98 103 -0.066667
98 104 0.733333
98 194 -0.333333
99 101 1.000000
99 102 -0.200000
99 103 -1.000000
99 104 0.200000
99 195 0.866667
100 101 -0.733333
100 102 0.600000
100 103 -0.733333
100 104 -1.000000
100 196 1.000000
101 109 0.600000
102 110 -0.333333
103 111 -3.666667
104 112 -0.333333
105 109 0.733333
105 110 0.600000
105 111 -0.066667
105 112 -0.866667
105 201 -0.066667
106 109 -0.733333
106 110 0.600000
106 111 -3.000000
106 112 0.866667
106 202 0.866667
107 109 0.333333
107 110 -0.466667
107 111 0.200000
107 112 -1.000000
107 203 1.000000
108 109 -0.466667
108 110 -0.733333
108 111 -0.733333
108 112 0.600000
108 204 0.866667
109 117 0.066667
110 118 0.200000
111 119 0.333333
112 120 0.866667
113 117 -0.333333
113 118 0.200000
113 119 -0.066667
113 120 3.666667
113 209 -0.733333
114 117 0.866667
114 118 0.600000
114 119 0.066667
114 120 0.066667
114 210 0.733333
115 117 -0.733333
115 118 0.866667
115 119 -1.000000
115 120 4.333333
115 211 1.000000
116 117 1.000000
116 118 0.066667
116 119 0.066667
116 120 1.666667
116 212 -0.600000
117 125 0.600000
118 126 1.000000
119 127 0.866667
120 128 -0.600000
121 125 -0.466667
121 126 -0.466667
121 127 -0.200000
121 128 -0.866667
121 217 1.000000
122 125 0.200000
122 126 -0.866667
122 127 -0.466667
122 128 -0.333333
122 218 -0.200000
123 125 0.200000
123 126 0.333333
123 127 0.600000
123 128 -0.466667
123 219 0.866667
124 125 -0.333333
124 126 -0.866667
124 127 -0.733333
124 128 -0.066667
124 220 -0.866667
125 133 -0.200000
126 134 0.333333
127 135 -0.200000
128 136 0.600000
129 133 0.733333
129 134 0.066667
129 135 -0.200000
129 136 0.600000
129 225 -0.733333
130 133 0.200000
130 134 -0.600000
130 135 0.733333
130 136 -0.600000
130 226 -0.333333
131 133 -0.866667
131 134 -1.000000
131 135 0.066667
131 136 0.200000
131 227 -1.000000
132 133 -0.066667
132 134 -1.000000
132 135 -0.066667
132 136 0.200000
132 228 0.066667
133 141 0.866667
134 142 -1.666667
135 143 -0.066667
136 144 0.200000
137 141 0.200000
137 142 0.466667
137 143 -0.600000
137 144 -0.066667
137 233 0.333333
138 141 0.466667
138 142 0.466667
138 143 -0.066667
138 144 0.866667
138 234 1.000000
139 141 -0.466667
139 142 -0.733333
139 143 -0.733333
139 144 -0.333333
139 235 -0.333333
140 141 0.066667
140 142 -0.066667
140 143 -0.066667
140 144 -0.600000
140 236 0.733333
141 149 0.066667
142 150 4.333333
143 151 -1.000000
144 152 0.466667
145 149 -1.000000
145 150 -1.000000
145 151 -4.333333
145 152 -0.866667
145 241 0.866667
146 149 0.866667
146 150 0.733333
146 151 -0.600000
146 152 0.733333
146 242 -0.600000
147 149 -0.600000
147 150 0.200000
147 151 -0.733333
147 152 -0.600000
147 243 0.600000
148 149 -0.600000
148 150 0.600000
148 151 -0.333333
148 152 0.466667
148 244 0.866667
149 157 1.000000
150 158 -1.000000
151 159 0.466667
152 160 -0.333333
153 157 -0.866667
153 158 -0.866667
153 159 0.333333
153 160 0.733333
153 249 0.733333
154 157 -0.200000
154 158 0.333333
154 159 -0.066667
154 160 0.600000
154 250 3.666667
155 157 -0.600000
155 158 0.200000
155 159 2.333333
155 160 -0.866667
155 251 -0.733333
156 157 1.000000
156 158 -1.000000
156 159 -0.600000
156 160 0.066667
156 252 -2.333333
157 165 -0.466667
158 166 0.733333
159 167 0.333333
160 168 0.600000
161 165 0.866667
161 166 -0.066667
161 167 -0.866667
161 168 0.066667
161 257 0.733333
162 165 -0.866667
162 166 -1.000000
162 167 1.000000
162 168 0.733333
162 258 1.000000
163 165 0.733333
163 166 0.466667
163 167 -0.733333
163 168 0.600000
163 259 0.866667
164 165 -1.000000
164 166 1.000000
164 167 0.333333
164 168 0.600000
164 260 -0.733333
165 173 1.000000
166 174 0.866667
167 175 0.200000
168 176 0.200000
169 173 0.466667
169 174 0.866667
169 175 -0.466667
169 176 0.733333
169 265 -0.333333
170 173 -4.333333
170 174 -1.000000
170 175 -0.733333
170 176 0.733333
170 266 5.000000
171 173 0.200000
171 174 0.333333
171 175 -0.200000
171 176 0.600000
171 267 -0.866667
172 173 -3.666667
172 174 0.333333
172 175 0.466667
172 176 -0.200000
172 268 0.466667
173 181 -0.333333
174 182 -0.333333
175 183 -0.466667
176 184 -0.466667
177 181 -3.666667
177 182 0.200000
177 183 0.733333
177 184 0.333333
177 273 0.600000
178 181 -0.066667
178 182 -0.733333
178 183 -0.733333
178 184 1.000000
178 274 -0.466667
179 181 -1.000000
179 182 0.866667
179 183 -0.600000
179 184 -0.066667
179 275 0.733333
180 181 1.000000
180 182 -0.600000
180 183 0.333333
180 184 0.066667
180 276 -0.600000
181 189 0.466667
182 190 -0.600000
183 191 0.066667
184 192 0.200000
185 189 -0.200000
185 190 0.866667
185 191 -0.333333
185 192 -1.000000
185 281 -0.066667
186 189 -0.866667
186 190 1.000000
186 191 0.866667
186 192 0.866667
186 282 -0.333333
187 189 -0.066667
187 190 -1.000000
187 191 0.600000
187 192 0.466667
187 283 0.200000
188 189 -0.866667
188 190 0.866667
188 191 0.200000
188 192 0.466667
188 284 -1.000000
193 197 -0.600000
193 198 -0.866667
193 199 -0.200000
193 200 -0.200000
193 289 -0.866667
194 197 1.000000
194 198 0.866667
194 199 -1.000000
194 200 0.600000
194 290 -0.333333
195 197 0.200000
195 198 0.066667
195 199 0.066667
195 200 -0.066667
195 291 0.733333
196 197 -0.066667
196 198 -0.066667
196 199 0.733333
196 200 -0.200000
196 292 -0.066667
197 205 0.333333
198 206 0.733333
199 207 0.600000
200 208 -0.866667
201 205 -1.000000
201 206 -0.866667
201 207 -0.466667
201 208 -1.000000
201 297 -0.600000
202 205 0.200000
202 206 0.200000
202 207 -1.000000
202 208 0.600000
202 298 0.600000
203 205 -0.466667
203 206 -0.466667
203 207 0.466667
203 208 0.466667
203 299 0.466667
204 205 0.066667
204 206 -0.866667
204 207 0.066667
204 208 -0.200000
204 300 -0.733333
205 213 0.466667
206 214 0.733333
207 215 0.866667
208 216 -0.466667
209 213 -0.333333
209 214 1.000000
209 215 -0.466667
209 216 0.866667
209 305 -0.866667
210 213 5.000000
210 214 -4.333333
210 215 -2.333333
210 216 -0.866667
210 306 2.333333
211 213 0.466667
211 214 -4.333333
211 215 0.200000
211 216 -0.600000
211 307 -0.733333
212 213 1.000000
212 214 -0.600000
212 215 0.200000
212 216 0.200000
212 308 -0.866667
213 221 -1.000000
214 222 -0.200000
215 223 -0.733333
216 224 0.733333
217 221 -0.466667
217 222 -0.333333
217 223 -0.333333
217 224 0.333333
217 313 0.733333
218 221 -0.333333
218 222 -0.200000
218 223 0.466667
218 224 -0.600000
218 314 -0.466667
219 221 0.333333
219 222 0.600000
219 223 -0.600000
219 224 -0.733333
219 315 0.600000
220 221 0.333333
220 222 -0.066667
220 223 -1.000000
220 224 -1.000000
220 316 0.066667
221 229 0.333333
222 230 -1.000000
223 231 -0.600000
224 232 0.866667
225 229 -0.333333
225 230 -0.866667
225 231 -1.000000
225 232 0.866667
225 321 -0.733333
226 229 0.066667
226 230 -0.333333
226 231 -0.200000
226 232 -0.733333
226 322 -0.866667
227 229 -1.000000
227 230 -0.866667
227 231 0.200000
227 232 -0.333333
227 323 -0.066667
228 229 0.333333
228 230 0.066667
228 231 0.600000
228 232 0.866667
228 324 1.666667
229 237 0.733333
230 238 0.466667
231 239 -0.600000
232 240 -1.000000
233 237 0.333333
233 238 0.200000
233 239 -0.333333
233 240 1.000000
233 329 -0.200000
234 237 0.466667
234 238 0.866667
234 239 -0.733333
234 240 0.866667
234 330 -0.466667
235 237 0.066667
235 238 -0.600000
235 239 -0.600000
235 240 -0.733333
235 331 -0.333333
236 237 0.466667
236 238 -1.000000
236 239 0.066667
236 240 -0.066667
236 332 0.200000
237 245 -0.333333
238 246 0.466667
239 247 0.066667
240 248 0.466667
241 245 0.733333
241 246 1.000000
241 247 1.000000
241 248 0.200000
241 337 0.066667
242 245 -0.333333
242 246 0.733333
242 247 -0.866667
242 248 0.733333
242 338 0.733333
243 245 0.466667
243 246 0.066667
243 247 -0.466667
243 248 -0.333333
243 339 -0.600000
244 245 0.333333
244 246 0.600000
244 247 0.866667
244 248 0.866667
244 340 -0.333333
245 253 0.600000
246 254 0.600000
247 255 -0.600000
248 256 0.333333
249 253 -0.066667
249 254 -0.200000
249 255 -1.666667
249 256 0.466667
249 345 -4.333333
250 253 3.666667
250 254 -1.666667
250 255 -0.866667
250 256 0.200000
250 346 -1.666667
251 253 -0.200000
251 254 -0.066667
251 255 -0.200000
251 256 0.733333
251 347 0.600000
252 253 0.066667
252 254 0.333333
252 255 -1.000000
252 256 0.866667
252 348 0.866667
253 261 0.333333
254 262 -0.333333
255 263 -0.200000
256 264 0.333333
257 261 -4.333333
257 262 0.733333
257 263 -4.333333
257 264 -0.200000
257 353 -3.000000
258 261 -0.333333
258 262 0.066667
258 263 -0.466667
258 264 -0.466667
258 354 -1.666667
259 261 -0.066667
259 262 -1.000000
259 263 0.866667
259 264 -1.000000
259 355 -0.600000
260 261 0.200000
260 262 -0.066667
260 263 1.000000
260 264 -0.600000
260 356 -0.866667
261 269 3.000000
262 270 1.000000
263 271 -3.666667
264 272 -1.666667
265 269 -0.066667
265 270 -0.066667
265 271 0.733333
265 272 -0.200000
265 361 0.200000
266 269 0.600000
266 270 5.000000
266 271 -1.666667
266 272 0.333333
266 362 0.333333
267 269 -0.600000
267 270 -0.466667
267 271 -0.466667
267 272 -3.666667
267 363 0.600000
268 269 -0.200000
268 270 -1.000000
268 271 0.600000
268 272 4.333333
268 364 0.066667
269 277 0.466667
270 278 -1.000000
271 279 2.333333
272 280 0.066667
273 277 -0.200000
273 278 -0.866667
273 279 -0.200000
273 280 0.866667
273 369 -0.466667
274 277 0.333333
274 278 -0.466667
274 279 0.066667
274 280 -0.866667
274 370 -3.666667
275 277 -0.600000
275 278 0.733333
275 279 -0.066667
275 280 -0.466667
275 371 -0.866667
276 277 -0.333333
276 278 0.333333
276 279 -0.733333
276 280 1.000000
276 372 1.666667
277 285 -0.600000
278 286 -0.466667
279 287 0.333333
280 288 -0.466667
281 285 -0.866667
281 286 -0.733333
281 287 -0.600000
281 288 0.600000
281 377 0.733333
282 285 0.200000
282 286 -0.066667
282 287 0.600000
282 288 0.333333
282 378 0.466667
283 285 -0.066667
283 286 0.600000
283 287 0.600000
283 288 -0.866667
283 379 -0.733333
284 285 0.200000
284 286 -1.000000
284 287 0.866667
284 288 0.866667
284 380 0.733333
289 293 -0.733333
289 294 -0.066667
289 295 0.866667
289 296 -0.866667
289 385 -0.466667
290 293 -0.200000
290 294 -0.466667
290 295 0.600000
290 296 -1.000000
290 386 -0.066667
291 293 -5.000000
291 294 -0.333333
291 295 1.000000
291 296 -1.000000
291 387 2.333333
292 293 -0.866667
292 294 -1.000000
292 295 -0.066667
292 296 0.066667
292 388 -0.866667
293 301 0.333333
294 302 -0.600000
295 303 0.200000
296 304 0.600000
297 301 -0.466667
297 302 -0.466667
297 303 0.733333
297 304 -0.600000
297 393 -1.000000
298 301 0.466667
298 302 -1.000000
298 303 -1.000000
298 304 -0.600000
298 394 0.333333
299 301 1.666667
299 302 -1.000000
299 303 0.333333
299 304 0.866667
299 395 0.466667
300 301 -2.333333
300 302 3.000000
300 303 1.000000
300 304 -0.466667
300 396 -1.000000
301 309 3.000000
302 310 -1.000000
303 311 0.866667
304 312 -3.000000
305 309 0.866667
305 310 0.866667
305 311 -0.333333
305 312 -0.200000
305 401 0.733333
306 309 -4.333333
306 310 0.733333
306 311 1.000000
306 312 2.333333
306 402 3.666667
307 309 0.733333
307 310 -0.600000
307 311 0.200000
307 312 0.466667
307 403 -0.066667
308 309 -0.866667
308 310 -0.200000
308 311 -0.066667
308 312 -0.866667
308 404 0.733333
309 317 -0.333333
310 318 -0.866667
311 319 -0.200000
312 320 -0.200000
313 317 0.466667
313 318 0.200000
313 319 -0.066667
313 320 -0.066667
313 409 -0.200000
314 317 0.866667
314 318 -0.466667
314 319 -0.200000
314 320 0.466667
314 410 0.333333
315 317 1.000000
315 318 -1.000000
315 319 0.200000
315 320 0.466667
315 411 0.066667
316 317 4.333333
316 318 -0.600000
316 319 0.866667
316 320 -1.000000
316 412 0.866667
317 325 1.000000
318 326 -0.600000
319 327 -0.600000
320 328 -0.866667
321 325 0.466667
321 326 -0.733333
321 327 -0.466667
321 328 0.466667
321 417 -1.000000
322 325 -0.733333
322 326 0.200000
322 327 0.066667
322 328 -0.333333
322 418 0.866667
323 325 0.200000
323 326 0.466667
323 327 1.000000
323 328 -0.066667
323 419 -0.600000
324 325 -0.733333
324 326 -0.866667
324 327 -1.000000
324 328 -0.733333
324 420 0.866667
325 333 -0.600000
326 334 -0.333333
327 335 -0.866667
328 336 -0.733333
329 333 0.600000
329 334 0.066667
329 335 0.600000
329 336 -0.200000
329 425 0.200000
330 333 0.333333
330 334 -0.866667
330 335 0.600000
330 336 -0.733333
330 426 -0.066667
331 333 1.000000
331 334 1.000000
331 335 -0.866667
331 336 0.200000
331 427 -0.333333
332 333 0.200000
332 334 -0.066667
332 335 0.466667
332 336 -0.200000
332 428 -1.000000
333 341 0.600000
334 342 -0.333333
335 343 1.000000
336 344 -0.600000
337 341 -0.200000
337 342 -0.733333
337 343 0.333333
337 344 -0.466667
337 433 -0.333333
338 341 1.000000
338 342 0.333333
338 343 -0.200000
338 344 1.000000
338 434 -0.200000
339 341 0.866667
339 342 -0.066667
339 343 1.000000
339 344 -0.333333
339 435 -0.200000
340 341 -0.333333
340 342 0.600000
340 343 -0.733333
340 344 -1.000000
340 436 -0.600000
341 349 1.000000
342 350 0.066667
343 351 -3.666667
344 352 0.200000
345 349 -4.333333
345 350 5.000000
345 351 -0.333333
345 352 0.866667
345 441 -3.666667
346 349 1.000000
346 350 0.066667
346 351 0.333333
346 352 1.000000
346 442 3.000000
347 349 -2.333333
347 350 -1.666667
347 351 -0.066667
347 352 0.866667
347 443 -0.200000
348 349 1.000000
348 350 0.466667
348 351 -0.466667
348 352 -0.200000
348 444 -0.600000
349 357 5.000000
350 358 -0.600000
351 359 -0.866667
352 360 -1.000000
353 357 3.666667
353 358 0.066667
353 359 1.000000
353 360 -1.000000
353 449 0.600000
354 357 1.000000
354 358 -0.200000
354 359 0.466667
354 360 0.866667
354 450 0.600000
355 357 -0.333333
355 358 0.200000
355 359 0.466667
355 360 -0.333333
355 451 -0.600000
356 357 -0.600000
356 358 1.000000
356 359 -0.866667
356 360 1.666667
356 452 -0.466667
357 365 -1.000000
358 366 0.200000
359 367 -2.333333
360 368 0.466667
361 365 -0.466667
361 366 0.600000
361 367 0.066667
361 368 0.333333
361 457 -0.866667
362 365 0.333333
362 366 0.600000
362 367 1.000000
362 368 -1.000000
362 458 0.866667
363 365 0.866667
363 366 -0.200000
363 367 -0.466667
363 368 0.733333
363 459 -0.733333
364 365 3.000000
364 366 0.333333
364 367 -4.333333
364 368 -2.333333
364 460 -0.200000
365 373 1.666667
366 374 -0.600000
367 375 0.866667
368 376 3.666667
369 373 -0.733333
369 374 -0.066667
369 375 -5.000000
369 376 -0.866667
369 465 0.600000
370 373 -3.000000
370 374 0.200000
370 375 -5.000000
370 376 -4.333333
370 466 -0.066667
371 373 0.733333
371 374 -0.866667
371 375 1.000000
371 376 -0.200000
371 467 -0.066667
372 373 0.200000
372 374 0.333333
372 375 4.333333
372 376 -3.000000
372 468 1.000000
373 381 0.866667
374 382 0.733333
375 383 3.666667
376 384 0.333333
377 381 0.333333
377 382 1.000000
377 383 -0.466667
377 384 -1.000000
377 473 0.200000
378 381 -0.066667
378 382 -0.733333
378 383 -0.333333
378 384 0.866667
378 474 0.333333
379 381 0.066667
379 382 0.066667
379 383 0.733333
379 384 -0.733333
379 475 0.466667
380 381 -0.466667
380 382 -0.200000
380 383 0.200000
380 384 1.000000
380 476 0.866667
385 389 -0.466667
385 390 0.733333
385 391 -0.200000
385 392 -1.000000
385 481 -3.666667
386 389 0.866667
386 390 -0.866667
386 391 -0.733333
386 392 1.000000
386 482 -0.333333
387 389 0.866667
387 390 -3.666667
387 391 0.466667
387 392 0.466667
387 483 -1.666667
388 389 0.600000
388 390 -0.866667
388 391 4.333333
388 392 5.000000
388 484 0.866667
389 397 -0.733333
390 398 -1.000000
391 399 0.333333
392 400 3.666667
393 397 -0.466667
393 398 3.666667
393 399 -0.600000
393 400 -0.600000
393 489 -0.466667
394 397 -0.866667
394 398 -1.000000
394 399 -4.333333
394 400 -1.666667
394 490 -5.000000
395 397 -0.866667
395 398 1.000000
395 399 -0.200000
395 400 0.466667
395 491 0.200000
396 397 0.200000
396 398 5.000000
396 399 0.200000
396 400 3.000000
396 492 -2.333333
397 405 0.466667
398 406 -0.866667
399 407 1.666667
400 408 -0.466667
401 405 -0.466667
401 406 0.600000
401 407 -0.866667
401 408 0.733333
401 497 0.600000
402 405 -1.000000
402 406 -0.333333
402 407 0.866667
402 408 0.466667
402 498 0.333333
403 405 0.466667
403 406 0.466667
403 407 -3.000000
403 408 3.666667
403 499 0.333333
404 405 1.000000
404 406 0.200000
404 407 -0.466667
404 408 -0.466667
404 500 -0.466667
405 413 -0.066667
406 414 -0.333333
407 415 -0.466667
408 416 1.000000
409 413 0.733333
409 414 0.200000
409 415 -0.866667
409 416 0.733333
409 505 -0.466667
410 413 0.600000
410 414 -0.733333
410 415 1.000000
410 416 -0.333333
410 506 -0.066667
411 413 -0.066667
411 414 -0.200000
411 415 -0.600000
411 416 -0.066667
411 507 -0.866667
412 413 -1.000000
412 414 -0.333333
412 415 0.200000
412 416 -0.066667
412 508 -1.000000
413 421 0.733333
414 422 -0.200000
415 423 -0.466667
416 424 0.733333
417 421 -3.666667
417 422 0.733333
417 423 0.733333
417 424 -0.066667
417 513 5.000000
418 421 0.733333
418 422 0.333333
418 423 0.466667
418 424 -0.066667
418 514 0.066667
419 421 -0.466667
419 422 0.866667
419 423 0.600000
419 424 -0.866667
419 515 -0.600000
420 421 -5.000000
420 422 -0.066667
420 423 -0.466667
420 424 -0.600000
420 516 -0.733333
421 429 -5.000000
422 430 0.200000
423 431 0.733333
424 432 0.733333
425 429 0.066667
425 430 -1.000000
425 431 -0.066667
425 432 -0.200000
425 521 -0.200000
426 429 0.866667
426 430 0.600000
426 431 0.733333
426 432 0.066667
426 522 -0.733333
427 429 3.666667
427 430 -0.733333
427 431 -0.866667
427 432 0.466667
427 523 -0.733333
428 429 -1.000000
428 430 -0.866667
428 431 -3.666667
428 432 -1.000000
428 524 -0.066667
429 437 1.000000
430 438 0.333333
431 439 -0.600000
432 440 -0.600000
433 437 -0.333333
433 438 -0.466667
433 439 0.466667
433 440 0.333333
433 529 -0.600000
434 437 1.000000
434 438 -1.000000
434 439 -0.066667
434 440 -1.000000
434 530 -0.066667
435 437 5.000000
435 438 -0.066667
435 439 -0.466667
435 440 -1.000000
435 531 -0.200000
436 437 -3.666667
436 438 -0.066667
436 439 -0.866667
436 440 0.200000
436 532 0.600000
437 445 1.000000
438 446 -0.066667
439 447 -0.200000
440 448 0.333333
441 445 0.733333
441 446 -0.866667
441 447 0.466667
441 448 3.666667
441 537 -0.200000
442 445 -0.600000
442 446 -0.066667
442 447 0.733333
442 448 0.866667
442 538 -0.466667
443 445 -0.600000
443 446 1.000000
443 447 -0.066667
443 448 -3.000000
443 539 0.066667
444 445 -1.000000
444 446 -0.600000
444 447 -0.600000
444 448 4.333333
444 540 -0.466667
445 453 -0.066667
446 454 0.866667
447 455 0.200000
448 456 5.000000
449 453 -0.466667
449 454 -0.866667
449 455 0.733333
449 456 -0.333333
449 545 -0.733333
450 453 4.333333
450 454 0.466667
450 455 -0.733333
450 456 -0.866667
450 546 0.066667
451 453 1.666667
451 454 -0.066667
451 455 0.866667
451 456 3.000000
451 547 1.666667
452 453 -0.466667
452 454 2.333333
452 455 -0.333333
452 456 -3.000000
452 548 -0.600000
453 461 5.000000
454 462 -3.000000
455 463 -0.733333
456 464 -3.666667
457 461 0.200000
457 462 0.200000
457 463 -0.466667
457 464 -0.066667
457 553 0.466667
458 461 -1.000000
458 462 -0.200000
458 463 -0.600000
458 464 1.000000
458 554 0.333333
459 461 0.200000
459 462 0.200000
459 463 3.000000
459 464 2.333333
459 555 1.666667
460 461 -0.600000
460 462 -0.466667
460 463 0.200000
460 464 0.200000
460 556 -0.866667
461 469 0.733333
462 470 0.600000
463 471 -2.333333
464 472 0.200000
465 469 -0.333333
465 470 0.866667
465 471 -0.200000
465 472 0.333333
465 561 0.333333
466 469 0.466667
466 470 0.333333
466 471 -0.066667
466 472 0.733333
466 562 -0.200000
467 469 0.333333
467 470 0.200000
467 471 0.333333
467 472 -0.866667
467 563 -0.466667
468 469 -0.333333
468 470 -0.333333
468 471 -0.333333
468 472 0.866667
468 564 0.600000
469 477 -0.200000
470 478 -0.333333
471 479 4.333333
472 480 -1.000000
473 477 -0.333333
473 478 1.000000
473 479 0.600000
473 480 -0.333333
473 569 -1.000000
474 477 -0.333333
474 478 0.466667
474 479 -0.600000
474 480 -0.866667
474 570 1.000000
475 477 -0.600000
475 478 -0.066667
475 479 0.200000
475 480 0.600000
475 571 -0.333333
476 477 -1.000000
476 478 -0.200000
476 479 0.866667
476 480 -0.466667
476 572 0.333333
481 485 0.200000
481 486 -0.733333
481 487 0.066667
481 488 -5.000000
481 577 3.666667
482 485 3.000000
482 486 0.333333
482 487 0.333333
482 488 0.600000
482 578 -0.200000
483 485 0.733333
483 486 -3.000000
483 487 0.200000
483 488 5.000000
483 579 -3.666667
484 485 -4.333333
484 486 0.466667
484 487 3.666667
484 488 1.000000
484 580 1.000000
485 493 -1.000000
486 494 3.666667
487 495 -0.733333
488 496 -4.333333
489 493 -0.333333
489 494 -3.000000
489 495 0.866667
489 496 5.000000
489 585 0.066667
490 493 0.600000
490 494 -0.333333
490 495 0.866667
490 496 2.333333
490 586 -0.866667
491 493 -0.333333
491 494 0.600000
491 495 -0.066667
491 496 0.200000
491 587 -0.600000
492 493 3.666667
492 494 4.333333
492 495 -0.600000
492 496 -0.333333
492 588 -0.066667
493 501 5.000000
494 502 -0.333333
495 503 -0.200000
496 504 4.333333
497 501 0.200000
497 502 3.666667
497 503 1.000000
497 504 -0.600000
497 593 0.866667
498 501 0.333333
498 502 -0.066667
498 503 0.866667
498 504 0.333333
498 594 0.200000
499 501 -1.000000
499 502 -1.000000
499 503 -0.466667
499 504 -0.333333
499 595 -0.466667
500 501 -0.600000
500 502 -3.000000
500 503 -0.200000
500 504 -4.333333
500 596 3.666667
501 509 -0.733333
502 510 -0.066667
503 511 0.466667
504 512 3.000000
505 509 -0.866667
505 510 -0.466667
505 511 -0.466667
505 512 -0.066667
505 601 -0.066667
506 509 0.200000
506 510 0.333333
506 511 -5.000000
506 512 0.733333
506 602 0.733333
507 509 0.733333
507 510 1.000000
507 511 0.600000
507 512 -1.000000
507 603 0.733333
508 509 0.333333
508 510 0.733333
508 511 -1.666667
508 512 -2.333333
508 604 1.000000
509 517 0.866667
510 518 -0.733333
511 519 0.333333
512 520 0.466667
513 517 0.333333
513 518 0.200000
513 519 -0.600000
513 520 0.333333
513 609 0.600000
514 517 0.600000
514 518 1.000000
514 519 1.000000
514 520 -0.733333
514 610 0.733333
515 517 0.866667
515 518 0.733333
515 519 -0.600000
515 520 0.733333
515 611 -0.733333
516 517 -0.866667
516 518 -0.200000
516 519 -0.600000
516 520 -1.000000
516 612 -0.200000
517 525 -1.000000
518 526 -0.866667
519 527 -0.866667
520 528 -0.600000
521 525 0.066667
521 526 -0.200000
521 527 0.866667
521 528 1.666667
521 617 4.333333
522 525 -0.866667
522 526 -0.466667
522 527 -0.466667
522 528 -0.333333
522 618 -0.466667
523 525 -0.200000
523 526 0.466667
523 527 -1.000000
523 528 -0.600000
523 619 -0.466667
524 525 0.333333
524 526 -0.066667
524 527 0.600000
524 528 0.733333
524 620 0.333333
525 533 0.866667
526 534 -1.000000
527 535 0.733333
528 536 -0.600000
529 533 -0.466667
529 534 -0.333333
529 535 -0.066667
529 536 -0.200000
529 625 -0.866667
530 533 0.866667
530 534 0.200000
530 535 0.200000
530 536 -0.733333
530 626 -0.733333
531 533 -0.600000
531 534 -0.333333
531 535 0.466667
531 536 0.066667
531 627 0.333333
532 533 -0.866667
532 534 -0.466667
532 535 -0.733333
532 536 0.466667
532 628 -0.600000
533 541 -0.466667
534 542 -0.466667
535 543 0.066667
536 544 -0.600000
537 541 0.333333
537 542 0.066667
537 543 0.733333
537 544 -0.200000
537 633 0.466667
538 541 -0.733333
538 542 -1.000000
538 543 -1.000000
538 544 0.866667
538 634 1.000000
539 541 -0.066667
539 542 0.866667
539 543 -0.733333
539 544 -0.466667
539 635 4.333333
540 541 0.200000
540 542 1.666667
540 543 -0.600000
540 544 0.733333
540 636 -0.600000
541 549 -0.200000
542 550 -0.466667
543 551 0.866667
544 552 -1.000000
545 549 5.000000
545 550 0.333333
545 551 0.600000
545 552 0.866667
545 641 -0.466667
546 549 0.866667
546 550 -1.000000
546 551 0.866667
546 552 -1.000000
546 642 -0.200000
547 549 3.000000
547 550 3.000000
547 551 3.666667
547 552 -0.466667
547 643 0.066667
548 549 0.200000
548 550 -0.200000
548 551 0.866667
548 552 0.333333
548 644 -0.733333
549 557 0.066667
550 558 -1.000000
551 559 0.333333
552 560 0.333333
553 557 0.733333
553 558 -5.000000
553 559 -1.000000
553 560 0.600000
553 649 0.466667
554 557 0.866667
554 558 -0.066667
554 559 -0.466667
554 560 -0.866667
554 650 -0.333333
555 557 0.866667
555 558 -0.200000
555 559 0.333333
555 560 -0.066667
555 651 -0.600000
556 557 0.333333
556 558 -0.333333
556 559 1.000000
556 560 0.600000
556 652 -0.466667
557 565 0.866667
558 566 0.466667
559 567 0.066667
560 568 0.066667
561 565 -0.466667
561 566 0.600000
561 567 -0.600000
561 568 -1.000000
561 657 -0.333333
562 565 1.666667
562 566 0.333333
562 567 0.600000
562 568 -0.600000
562 658 0.733333
563 565 -1.000000
563 566 -0.466667
563 567 3.666667
563 568 0.600000
563 659 -2.333333
564 565 -0.333333
564 566 0.600000
564 567 0.733333
564 568 0.066667
564 660 -0.066667
565 573 4.333333
566 574 1.000000
567 575 0.733333
568 576 0.333333
569 573 -0.066667
569 574 -0.333333
569 575 -0.200000
569 576 0.333333
569 665 0.066667
570 573 -0.333333
570 574 0.066667
570 575 0.866667
570 576 -0.466667
570 666 -0.600000
571 573 -1.000000
571 574 0.733333
571 575 3.000000
571 576 0.200000
571 667 -1.666667
572 573 3.666667
572 574 -0.600000
572 575 -0.600000
572 576 0.333333
572 668 0.600000
577 581 -0.733333
577 582 -0.733333
577 583 -1.000000
577 584 -0.066667
577 673 -0.066667
578 581 0.333333
578 582 -0.866667
578 583 -0.733333
578 584 -0.200000
578 674 0.866667
579 581 -0.200000
579 582 0.466667
579 583 -0.066667
579 584 -1.000000
579 675 0.733333
580 581 1.000000
580 582 0.466667
580 583 0.200000
580 584 -0.600000
580 676 -0.333333
581 589 1.000000
582 590 -0.733333
583 591 0.466667
584 592 -0.466667
585 589 -0.866667
585 590 -0.333333
585 591 -0.733333
585 592 -0.600000
585 681 -0.600000
586 589 0.466667
586 590 0.066667
586 591 -0.466667
586 592 0.600000
586 682 -1.000000
587 589 0.200000
587 590 0.333333
587 591 0.066667
587 592 -0.200000
587 683 1.000000
588 589 0.733333
588 590 -0.600000
588 591 0.733333
588 592 1.000000
588 684 0.733333
589 597 -0.066667
590 598 -0.466667
591 599 -0.733333
592 600 0.066667
593 597 2.333333
593 598 -0.200000
593 599 0.066667
593 600 -2.333333
593 689 2.333333
594 597 0.466667
594 598 0.200000
594 599 1.000000
594 600 -5.000000
594 690 -5.000000
595 597 -0.466667
595 598 -0.600000
595 599 0.600000
595 600 -3.666667
595 691 -0.066667
596 597 3.000000
596 598 -4.333333
596 599 2.333333
596 600 0.600000
596 692 0.600000
597 605 -0.733333
598 606 0.066667
599 607 0.600000
600 608 -0.733333
601 605 0.733333
601 606 -0.466667
601 607 -0.066667
601 608 -0.600000
601 697 -0.733333
602 605 -0.866667
602 606 1.000000
602 607 -1.000000
602 608 -0.200000
602 698 1.000000
603 605 0.333333
603 606 -0.866667
603 607 0.333333
603 608 0.066667
603 699 0.466667
604 605 -0.600000
604 606 0.200000
604 607 0.200000
604 608 0.733333
604 700 0.200000
605 613 1.000000
606 614 0.733333
607 615 -0.600000
608 616 -1.000000
609 613 0.333333
609 614 -0.333333
609 615 -0.333333
609 616 0.600000
609 705 0.200000
610 613 -0.866667
610 614 -0.600000
610 615 0.866667
610 616 -0.200000
610 706 0.600000
611 613 -0.200000
611 614 0.466667
611 615 -0.466667
611 616 -0.466667
611 707 -0.066667
612 613 -0.600000
612 614 -1.000000
612 615 0.466667
612 616 -0.466667
612 708 -0.866667
613 621 -1.000000
614 622 0.600000
615 623 -0.733333
616 624 0.466667
617 621 1.000000
617 622 -2.333333
617 623 0.733333
617 624 0.466667
617 713 3.666667
618 621 1.666667
618 622 -1.000000
618 623 -0.333333
618 624 0.066667
618 714 2.333333
619 621 -0.600000
619 622 0.333333
619 623 1.000000
619 624 -0.066667
619 715 0.200000
620 621 0.600000
620 622 -0.466667
620 623 0.066667
620 624 -0.733333
620 716 -0.733333
621 629 -0.866667
622 630 0.066667
623 631 -0.066667
624 632 -0.200000
625 629 -0.733333
625 630 -0.466667
625 631 0.333333
625 632 1.000000
625 721 1.000000
626 629 -1.000000
626 630 -0.866667
626 631 0.066667
626 632 -0.866667
626 722 1.000000
627 629 -0.733333
627 630 -0.066667
627 631 0.066667
627 632 0.600000
627 723 0.600000
628 629 -0.333333
628 630 0.066667
628 631 0.733333
628 632 0.333333
628 724 -0.866667
629 637 0.600000
630 638 0.866667
631 639 0.066667
632 640 0.600000
633 637 0.200000
633 638 0.200000
633 639 0.866667
633 640 0.066667
633 729 1.000000
634 637 -0.466667
634 638 -0.600000
634 639 0.333333
634 640 -0.866667
634 730 0.333333
635 637 0.200000
635 638 -0.600000
635 639 0.866667
635 640 -0.466667
635 731 -0.200000
636 637 0.866667
636 638 -0.200000
636 639 0.733333
636 640 0.733333
636 732 0.333333
637 645 -0.066667
638 646 -0.733333
639 647 0.600000
640 648 0.200000
641 645 -1.000000
641 646 -0.066667
641 647 -0.333333
641 648 -0.333333
641 737 -0.066667
642 645 -0.333333
642 646 -0.066667
642 647 -0.600000
642 648 -0.466667
642 738 -0.600000
643 645 0.466667
643 646 0.733333
643 647 -0.600000
643 648 0.866667
643 739 -0.466667
644 645 0.466667
644 646 -0.466667
644 647 -0.466667
644 648 -0.333333
644 740 -0.600000
645 653 1.000000
646 654 -0.200000
647 655 0.600000
648 656 -0.200000
649 653 0.733333
649 654 0.333333
649 655 0.066667
649 656 1.000000
649 745 -0.466667
650 653 -1.000000
650 654 -0.200000
650 655 0.600000
650 656 -0.066667
650 746 0.066667
651 653 0.600000
651 654 -0.066667
651 655 -0.600000
651 656 0.466667
651 747 -0.733333
652 653 1.000000
652 654 -0.066667
652 655 -0.600000
652 656 0.866667
652 748 0.333333
653 661 -0.866667
654 662 -0.466667
655 663 0.600000
656 664 -0.200000
657 661 0.866667
657 662 -0.466667
657 663 -0.333333
657 664 -0.066667
657 753 -1.000000
658 661 0.600000
658 662 0.733333
658 663 0.466667
658 664 0.200000
658 754 -0.200000
659 661 -4.333333
659 662 0.866667
659 663 0.600000
659 664 -1.000000
659 755 -0.600000
660 661 0.600000
660 662 1.000000
660 663 -0.066667
660 664 0.200000
660 756 -0.333333
661 669 -0.866667
662 670 0.600000
663 671 0.600000
664 672 -0.200000
665 669 -0.600000
665 670 -0.066667
665 671 0.066667
665 672 0.333333
665 761 -0.600000
666 669 0.200000
666 670 0.333333
666 671 -0.466667
666 672 -0.600000
666 762 -1.000000
667 669 0.733333
667 670 0.866667
667 671 -0.600000
667 672 -0.466667
667 763 -0.200000
668 669 -0.866667
668 670 0.333333
668 671 -0.866667
668 672 -0.200000
668 764 -0.066667
673 677 -0.733333
673 678 -0.600000
673 679 0.866667
673 680 -0.333333
673 769 1.000000
674 677 -0.333333
674 678 -0.466667
674 679 -1.000000
674 680 -0.200000
674 770 -0.733333
675 677 0.333333
675 678 0.866667
675 679 -0.066667
675 680 -1.000000
675 771 0.866667
676 677 -0.200000
676 678 1.000000
676 679 -0.600000
676 680 0.200000
676 772 -0.600000
677 685 0.466667
678 686 -0.600000
679 687 -0.866667
680 688 -0.333333
681 685 -1.000000
681 686 0.600000
681 687 1.000000
681 688 0.600000
681 777 0.200000
682 685 -0.333333
682 686 1.000000
682 687 -0.733333
682 688 -4.333333
682 778 -1.000000
683 685 -0.200000
683 686 0.333333
683 687 0.600000
683 688 0.733333
683 779 -0.333333
684 685 -0.200000
684 686 0.733333
684 687 0.866667
684 688 3.000000
684 780 0.066667
685 693 -0.600000
686 694 0.600000
687 695 0.733333
688 696 -1.000000
689 693 0.600000
689 694 1.000000
689 695 -0.866667
689 696 0.466667
689 785 -1.666667
690 693 0.600000
690 694 0.866667
690 695 0.333333
690 696 4.333333
690 786 1.000000
691 693 3.000000
691 694 3.000000
691 695 0.200000
691 696 -3.666667
691 787 0.733333
692 693 0.466667
692 694 -0.733333
692 695 0.066667
692 696 1.000000
692 788 -0.866667
693 701 0.466667
694 702 0.866667
695 703 -0.600000
696 704 0.200000
697 701 1.000000
697 702 -0.466667
697 703 -0.200000
697 704 0.066667
697 793 0.866667
698 701 0.866667
698 702 0.466667
698 703 -0.466667
698 704 0.333333
698 794 0.866667
699 701 -0.866667
699 702 -0.333333
699 703 0.200000
699 704 -1.000000
699 795 0.066667
700 701 -0.466667
700 702 -0.333333
700 703 -0.333333
700 704 0.466667
700 796 -0.200000
701 709 0.066667
702 710 0.066667
703 711 1.000000
704 712 -0.200000
705 709 -0.466667
705 710 0.066667
705 711 -0.600000
705 712 -0.866667
705 801 0.733333
706 709 0.200000
706 710 -0.866667
706 711 -0.600000
706 712 -0.200000
706 802 -0.733333
707 709 0.066667
707 710 0.466667
707 711 -0.866667
707 712 -0.066667
707 803 -0.600000
708 709 1.000000
708 710 0.466667
708 711 -1.000000
708 712 -0.733333
708 804 0.866667
709 717 1.000000
710 718 -0.600000
711 719 2.333333
712 720 3.666667
713 717 -0.200000
713 718 3.666667
713 719 5.000000
713 720 -1.666667
713 809 -4.333333
714 717 -0.466667
714 718 -0.333333
714 719 3.000000
714 720 -0.600000
714 810 4.333333
715 717 0.866667
715 718 0.333333
715 719 0.066667
715 720 0.466667
715 811 0.333333
716 717 -1.000000
716 718 0.333333
716 719 0.733333
716 720 -0.333333
716 812 -0.600000
717 725 -0.333333
718 726 -0.200000
719 727 0.600000
720 728 1.000000
721 725 -0.733333
721 726 1.000000
721 727 0.866667
721 728 -0.200000
721 817 -0.466667
722 725 -0.466667
722 726 0.333333
722 727 -0.466667
722 728 1.000000
722 818 -1.000000
723 725 -0.600000
723 726 5.000000
723 727 -0.600000
723 728 -0.200000
723 819 -0.866667
724 725 0.866667
724 726 0.066667
724 727 -0.333333
724 728 0.733333
724 820 0.866667
725 733 -0.200000
726 734 1.666667
727 735 -1.000000
728 736 0.733333
729 733 4.333333
729 734 -5.000000
729 735 0.733333
729 736 0.333333
729 825 0.466667
730 733 1.000000
730 734 -0.600000
730 735 1.000000
730 736 -0.600000
730 826 0.466667
731 733 -0.733333
731 734 -0.866667
731 735 -0.333333
731 736 -0.466667
731 827 -0.066667
732 733 -0.466667
732 734 -0.733333
732 735 -0.866667
732 736 -0.200000
732 828 0.066667
733 741 0.333333
734 742 -0.600000
735 743 0.066667
736 744 -0.066667
737 741 -0.200000
737 742 -0.066667
737 743 -0.066667
737 744 0.200000
737 833 0.733333
738 741 -0.066667
738 742 -1.000000
738 743 -0.466667
738 744 0.333333
738 834 0.066667
739 741 0.733333
739 742 0.333333
739 743 -0.200000
739 744 0.333333
739 835 0.200000
740 741 0.466667
740 742 -1.000000
740 743 0.333333
740 744 1.000000
740 836 -1.000000
741 749 -0.866667
742 750 0.466667
743 751 0.066667
744 752 0.066667
745 749 0.333333
745 750 0.466667
745 751 -0.333333
745 752 -0.466667
745 841 -0.333333
746 749 -0.733333
746 750 0.733333
746 751 -1.000000
746 752 0.733333
746 842 0.466667
747 749 0.866667
747 750 -0.066667
747 751 0.333333
747 752 -1.000000
747 843 5.000000
748 749 -0.066667
748 750 1.000000
748 751 0.600000
748 752 0.066667
748 844 0.600000
749 757 -1.000000
750 758 -0.600000
751 759 -0.333333
752 760 0.333333
753 757 5.000000
753 758 0.866667
753 759 0.466667
753 760 0.733333
753 849 -0.200000
754 757 0.333333
754 758 -0.200000
754 759 0.866667
754 760 1.000000
754 850 0.466667
755 757 0.866667
755 758 -0.600000
755 759 0.600000
755 760 0.333333
755 851 -0.200000
756 757 -0.866667
756 758 -0.600000
756 759 -0.733333
756 760 -1.000000
756 852 0.066667
757 765 0.333333
758 766 0.333333
759 767 -0.066667
760 768 -0.333333
761 765 1.000000
761 766 1.000000
761 767 0.733333
761 768 -0.733333
761 857 0.466667
762 765 -0.066667
762 766 -0.333333
762 767 0.733333
762 768 0.466667
762 858 -0.200000
763 765 1.000000
763 766 0.733333
763 767 0.466667
763 768 -0.066667
763 859 -0.733333
764 765 0.066667
764 766 -0.066667
764 767 -0.200000
764 768 1.000000
764 860 0.733333
769 773 -0.466667
769 774 -0.066667
769 775 1.000000
769 776 -0.866667
769 865 0.066667
770 773 0.466667
770 774 0.066667
770 775 -0.066667
770 776 -0.466667
770 866 0.466667
771 773 -0.066667
771 774 -0.333333
771 775 0.733333
771 776 -0.466667
771 867 0.600000
772 773 0.333333
772 774 -0.733333
772 775 -0.466667
772 776 0.200000
772 868 -0.866667
773 781 -0.200000
774 782 0.466667
775 783 0.733333
776 784 -1.000000
777 781 0.466667
777 782 0.333333
777 783 0.066667
777 784 0.733333
777 873 -0.466667
778 781 -0.333333
778 782 0.333333
778 783 0.200000
778 784 -0.733333
778 874 0.066667
779 781 -0.066667
779 782 0.466667
779 783 -0.066667
779 784 -0.333333
779 875 -0.600000
780 781 -0.066667
780 782 -1.000000
780 783 0.200000
780 784 -0.333333
780 876 0.600000
781 789 -3.666667
782 790 0.200000
783 791 0.600000
784 792 0.733333
785 789 -1.000000
785 790 0.466667
785 791 0.200000
785 792 0.600000
785 881 -1.000000
786 789 0.333333
786 790 -0.200000
786 791 0.066667
786 792 -0.600000
786 882 -1.666667
787 789 -4.333333
787 790 -0.733333
787 791 -3.666667
787 792 1.000000
787 883 0.600000
788 789 1.000000
788 790 -0.200000
788 791 -0.866667
788 792 -0.066667
788 884 1.000000
789 797 -4.333333
790 798 1.000000
791 799 0.333333
792 800 0.866667
793 797 -0.600000
793 798 1.000000
793 799 0.466667
793 800 -0.600000
793 889 0.733333
794 797 0.066667
794 798 -0.333333
794 799 0.466667
794 800 0.733333
794 890 0.200000
795 797 -0.466667
795 798 0.866667
795 799 -0.333333
795 800 -0.200000
795 891 -0.066667
796 797 -1.000000
796 798 0.600000
796 799 0.066667
796 800 0.866667
796 892 -0.866667
797 805 -0.866667
798 806 0.066667
799 807 -0.333333
800 808 -0.066667
801 805 -0.733333
801 806 -0.333333
801 807 -0.733333
801 808 -1.000000
801 897 -0.333333
802 805 -0.866667
802 806 -0.333333
802 807 -0.733333
802 808 0.733333
802 898 0.066667
803 805 -1.000000
803 806 0.333333
803 807 0.600000
803 808 0.333333
803 899 -0.733333
804 805 0.333333
804 806 -0.866667
804 807 -0.600000
804 808 -0.066667
804 900 -0.866667
805 813 0.200000
806 814 -0.600000
807 815 0.333333
808 816 1.000000
809 813 -0.333333
809 814 1.000000
809 815 0.200000
809 816 3.666667
809 905 3.666667
810 813 0.466667
810 814 0.600000
810 815 -0.066667
810 816 -1.000000
810 906 -0.466667
811 813 0.866667
811 814 0.066667
811 815 0.066667
811 816 0.866667
811 907 1.000000
812 813 -0.333333
812 814 -0.200000
812 815 -0.066667
812 816 -0.600000
812 908 0.733333
813 821 -1.000000
814 822 0.866667
815 823 -0.333333
816 824 -1.000000
817 821 -0.333333
817 822 0.066667
817 823 0.733333
817 824 1.000000
817 913 0.733333
818 821 -1.666667
818 822 0.600000
818 823 -1.000000
818 824 5.000000
818 914 0.333333
819 821 -0.733333
819 822 0.200000
819 823 0.600000
819 824 -1.000000
819 915 -1.000000
820 821 -0.733333
820 822 1.000000
820 823 -0.466667
820 824 0.466667
820 916 1.000000
821 829 -0.466667
822 830 -1.000000
823 831 0.333333
824 832 -0.600000
825 829 -0.200000
825 830 0.333333
825 831 0.466667
825 832 -0.466667
825 921 -0.200000
826 829 -0.600000
826 830 -0.466667
826 831 0.866667
826 832 -0.333333
826 922 0.200000
827 829 0.866667
827 830 0.466667
827 831 0.066667
827 832 0.733333
827 923 -0.733333
828 829 -0.066667
828 830 0.466667
828 831 -0.200000
828 832 -0.866667
828 924 -0.866667
829 837 -1.000000
830 838 0.600000
831 839 -0.333333
832 840 0.200000
833 837 -2.333333
833 838 -0.866667
833 839 -0.733333
833 840 -0.733333
833 929 -0.600000
834 837 -0.866667
834 838 -0.200000
834 839 -1.000000
834 840 -0.466667
834 930 -0.733333
835 837 0.200000
835 838 -0.200000
835 839 0.200000
835 840 -0.066667
835 931 0.333333
836 837 -0.600000
836 838 -0.333333
836 839 0.333333
836 840 0.200000
836 932 0.466667
837 845 0.466667
838 846 0.200000
839 847 0.200000
840 848 0.333333
841 845 0.200000
841 846 0.600000
841 847 0.200000
841 848 1.000000
841 937 -0.200000
842 845 -0.333333
842 846 -1.666667
842 847 -0.600000
842 848 0.200000
842 938 0.066667
843 845 -0.733333
843 846 -0.600000
843 847 0.866667
843 848 0.066667
843 939 -1.000000
844 845 -0.866667
844 846 0.600000
844 847 -0.066667
844 848 0.866667
844 940 -0.333333
845 853 0.200000
846 854 -0.733333
847 855 -0.733333
848 856 -0.866667
849 853 0.200000
849 854 0.600000
849 855 0.866667
849 856 -0.333333
849 945 -1.000000
850 853 -0.866667
850 854 -0.200000
850 855 -0.733333
850 856 -0.333333
850 946 -0.066667
851 853 -0.466667
851 854 0.333333
851 855 -0.200000
851 856 -0.066667
851 947 0.866667
852 853 -0.200000
852 854 -0.333333
852 855 1.000000
852 856 -0.200000
852 948 0.200000
853 861 -0.866667
854 862 -0.733333
855 863 0.866667
856 864 -1.000000
857 861 -0.066667
857 862 -0.733333
857 863 -0.333333
857 864 -0.200000
857 953 -0.866667
858 861 -0.333333
858 862 0.600000
858 863 -1.000000
858 864 1.000000
858 954 0.600000
859 861 -0.066667
859 862 -0.466667
859 863 0.733333
859 864 0.466667
859 955 -0.466667
860 861 0.466667
860 862 0.866667
860 863 0.333333
860 864 0.600000
860 956 2.333333
865 869 -0.066667
865 870 0.333333
865 871 -0.200000
865 872 0.866667
865 961 0.333333
866 869 0.733333
866 870 -0.866667
866 871 -1.000000
866 872 -0.066667
866 962 0.866667
867 869 0.066667
867 870 -1.000000
867 871 -1.000000
867 872 -0.466667
867 963 -0.333333
868 869 0.466667
868 870 0.866667
868 871 -0.200000
868 872 -1.000000
868 964 -0.866667
869 877 0.066667
870 878 0.600000
871 879 -0.466667
872 880 0.200000
873 877 -0.200000
873 878 -0.866667
873 879 0.600000
873 880 0.466667
873 969 0.600000
874 877 -0.866667
874 878 -0.733333
874 879 0.866667
874 880 -0.200000
874 970 0.066667
875 877 -0.866667
875 878 -1.000000
875 879 0.866667
875 880 -0.600000
875 971 -0.600000
876 877 -1.000000
876 878 -1.000000
876 879 0.733333
876 880 0.600000
876 972 -0.333333
877 885 0.600000
878 886 0.333333
879 887 0.333333
880 888 -0.066667
881 885 0.866667
881 886 -0.066667
881 887 -0.200000
881 888 0.200000
881 977 0.200000
882 885 -3.000000
882 886 0.333333
882 887 0.466667
882 888 2.333333
882 978 0.866667
883 885 0.866667
883 886 0.333333
883 887 -0.200000
883 888 -4.333333
883 979 -0.600000
884 885 -0.466667
884 886 0.066667
884 887 -0.600000
884 888 -1.000000
884 980 0.333333
885 893 -0.600000
886 894 0.066667
887 895 0.066667
888 896 0.733333
889 893 -0.333333
889 894 -0.333333
889 895 -0.733333
889 896 -1.000000
889 985 1.000000
890 893 -0.333333
890 894 0.733333
890 895 0.733333
890 896 -0.733333
890 986 -0.200000
891 893 -0.466667
891 894 0.333333
891 895 -0.866667
891 896 1.000000
891 987 -0.733333
892 893 1.000000
892 894 -0.200000
892 895 -0.066667
892 896 -0.200000
892 988 0.066667
893 901 1.000000
894 902 0.866667
895 903 0.600000
896 904 0.466667
897 901 0.866667
897 902 -0.733333
897 903 0.200000
897 904 -0.600000
897 993 -0.466667
898 901 0.333333
898 902 0.200000
898 903 -0.733333
898 904 0.333333
898 994 -0.866667
899 901 0.466667
899 902 -0.866667
899 903 -0.466667
899 904 0.600000
899 995 -0.733333
900 901 0.333333
900 902 -1.000000
900 903 -0.733333
900 904 -0.466667
900 996 0.466667
901 909 -0.066667
902 910 0.066667
903 911 -0.866667
904 912 1.000000
905 909 -0.466667
905 910 0.733333
905 911 0.866667
905 912 0.333333
905 1001 0.066667
906 909 1.666667
906 910 0.466667
906 911 -0.466667
906 912 0.200000
906 1002 1.666667
907 909 0.200000
907 910 -1.000000
907 911 0.466667
907 912 1.000000
907 1003 -0.866667
908 909 -0.333333
908 910 0.733333
908 911 -0.333333
908 912 0.866667
908 1004 -0.466667
909 917 0.733333
910 918 0.600000
911 919 -0.200000
912 920 0.466667
913 917 -0.333333
913 918 -0.600000
913 919 0.333333
913 920 -0.866667
913 1009 -0.066667
914 917 0.466667
914 918 -0.066667
914 919 -0.600000
914 920 0.066667
914 1010 -1.000000
915 917 -0.200000
915 918 -0.066667
915 919 1.000000
915 920 -0.333333
915 1011 -1.666667
916 917 -0.333333
916 918 0.600000
916 919 0.333333
916 920 0.466667
916 1012 1.000000
917 925 0.333333
918 926 -0.733333
919 927 0.733333
920 928 -1.000000
921 925 0.733333
921 926 0.866667
921 927 -0.733333
921 928 0.866667
921 1017 -0.200000
922 925 -0.600000
922 926 0.866667
922 927 -0.466667
922 928 -0.733333
922 1018 0.333333
923 925 0.333333
923 926 -1.000000
923 927 0.600000
923 928 -0.200000
923 1019 0.200000
924 925 0.333333
924 926 1.000000
924 927 0.200000
924 928 -0.333333
924 1020 1.000000
925 933 -0.600000
926 934 0.066667
927 935 -0.600000
928 936 0.333333
929 933 0.333333
929 934 1.000000
929 935 -0.866667
929 936 -0.866667
929 1025 -0.066667
930 933 0.600000
930 934 3.000000
930 935 0.733333
930 936 -0.733333
930 1026 0.866667
931 933 0.066667
931 934 0.200000
931 935 0.600000
931 936 -0.600000
931 1027 -0.733333
932 933 -1.000000
932 934 0.200000
932 935 0.066667
932 936 0.600000
932 1028 0.600000
933 941 0.600000
934 942 -0.733333
935 943 -0.733333
936 944 -0.066667
937 941 -0.733333
937 942 0.866667
937 943 -0.066667
937 944 -0.066667
937 1033 1.000000
938 941 0.866667
938 942 0.200000
938 943 0.866667
938 944 -0.466667
938 1034 -0.866667
939 941 0.733333
939 942 0.733333
939 943 0.066667
939 944 -0.466667
939 1035 3.666667
940 941 -0.466667
940 942 0.466667
940 943 -0.333333
940 944 0.600000
940 1036 -4.333333
941 949 0.333333
942 950 -0.866667
943 951 -0.466667
944 952 -0.600000
945 949 -0.866667
945 950 -0.733333
945 951 -0.333333
945 952 -0.733333
945 1041 0.733333
946 949 -0.333333
946 950 -0.600000
946 951 -0.866667
946 952 1.000000
946 1042 0.200000
947 949 -0.866667
947 950 -1.000000
947 951 -0.600000
947 952 0.333333
947 1043 -0.333333
948 949 -0.333333
948 950 0.866667
948 951 0.600000
948 952 1.000000
948 1044 -0.200000
949 957 -0.066667
950 958 1.000000
951 959 -0.466667
952 960 0.466667
953 957 -1.000000
953 958 1.000000
953 959 -2.333333
953 960 0.066667
953 1049 -0.466667
954 957 0.333333
954 958 -0.066667
954 959 -0.200000
954 960 0.200000
954 1050 -0.733333
955 957 -0.066667
955 958 -0.200000
955 959 0.066667
955 960 0.466667
955 1051 0.866667
956 957 -0.466667
956 958 0.866667
956 959 -1.666667
956 960 0.733333
956 1052 4.333333
961 965 -0.866667
961 966 -0.466667
961 967 -0.333333
961 968 0.733333
961 1057 -0.866667
962 965 0.600000
962 966 0.866667
962 967 0.733333
962 968 -0.733333
962 1058 0.333333
963 965 -0.466667
963 966 -0.200000
963 967 0.066667
963 968 1.000000
963 1059 -1.000000
964 965 0.466667
964 966 0.066667
964 967 -0.200000
964 968 -0.466667
964 1060 5.000000
965 973 0.733333
966 974 1.000000
967 975 -0.066667
968 976 0.200000
969 973 -0.200000
969 974 -0.200000
969 975 -0.333333
969 976 -0.333333
969 1065 -0.200000
970 973 -0.200000
970 974 0.600000
970 975 0.333333
970 976 -0.866667
970 1066 -0.066667
971 973 0.333333
971 974 0.733333
971 975 -0.466667
971 976 -0.866667
971 1067 -0.333333
972 973 -0.600000
972 974 -0.733333
972 975 -0.333333
972 976 0.333333
972 1068 -0.333333
973 981 0.600000
974 982 -0.733333
975 983 0.866667
976 984 -0.733333
977 981 -0.333333
977 982 -0.866667
977 983 0.066667
977 984 -0.466667
977 1073 0.466667
978 981 -0.333333
978 982 -1.000000
978 983 0.200000
978 984 -0.333333
978 1074 -0.066667
979 981 -0.866667
979 982 1.000000
979 983 -1.000000
979 984 -0.866667
979 1075 0.333333
980 981 0.333333
980 982 -0.466667
980 983 0.466667
980 984 -0.866667
980 1076 -0.200000
981 989 -0.866667
982 990 -1.000000
983 991 1.000000
984 992 -0.600000
985 989 -1.000000
985 990 -0.066667
985 991 -0.866667
985 992 0.866667
985 1081 0.733333
986 989 0.600000
986 990 -0.866667
986 991 -0.600000
986 992 -0.333333
986 1082 0.733333
987 989 0.200000
987 990 -0.600000
987 991 -0.466667
987 992 -0.066667
987 1083 -0.333333
988 989 0.866667
988 990 -0.333333
988 991 0.866667
988 992 0.466667
988 1084 0.600000
989 997 0.066667
990 998 -0.866667
991 999 1.000000
992 1000 0.066667
993 997 0.600000
993 998 0.333333
993 999 -0.600000
993 1000 -0.466667
993 1089 0.600000
994 997 0.600000
994 998 -0.333333
994 999 -0.733333
994 1000 -0.333333
994 1090 0.466667
995 997 -0.466667
995 998 -0.200000
995 999 1.000000
995 1000 -0.600000
995 1091 -0.200000
996 997 -0.733333
996 998 0.466667
996 999 0.466667
996 1000 -0.066667
996 1092 0.733333
997 1005 0.333333
998 1006 -0.600000
999 1007 -0.200000
1000 1008 -0.200000
1001 1005 -0.600000
1001 1006 -0.600000
1001 1007 -0.733333
1001 1008 0.466667
1001 1097 0.066667
1002 1005 0.333333
1002 1006 0.866667
1002 1007 0.333333
1002 1008 4.333333
1002 1098 1.000000
1003 1005 1.000000
1003 1006 -1.000000
1003 1007 0.066667
1003 1008 -0.200000
1003 1099 1.000000
1004 1005 -0.600000
1004 1006 0.866667
1004 1007 -0.066667
1004 1008 0.333333
1004 1100 -0.600000
1005 1013 0.066667
1006 1014 -1.000000
1007 1015 -0.600000
1008 1016 1.000000
1009 1013 0.200000
1009 1014 0.066667
1009 1015 1.000000
1009 1016 -0.466667
1009 1105 0.600000
1010 1013 0.333333
1010 1014 -0.333333
1010 1015 -0.466667
1010 1016 0.066667
1010 1106 -0.200000
1011 1013 -1.000000
1011 1014 -0.600000
1011 1015 0.733333
1011 1016 -0.066667
1011 1107 0.066667
1012 1013 0.733333
1012 1014 0.866667
1012 1015 -1.000000
1012 1016 1.000000
1012 1108 0.066667
1013 1021 -0.600000
1014 1022 -1.000000
1015 1023 1.000000
1016 1024 0.600000
1017 1021 1.000000
1017 1022 0.866667
1017 1023 0.733333
1017 1024 -1.000000
1017 1113 0.733333
1018 1021 0.466667
1018 1022 0.866667
1018 1023 -1.000000
1018 1024 -0.600000
1018 1114 -0.866667
1019 1021 -0.866667
1019 1022 -0.200000
1019 1023 -0.200000
1019 1024 -0.066667
1019 1115 -0.066667
1020 1021 -0.066667
1020 1022 -0.600000
1020 1023 -0.200000
1020 1024 0.200000
1020 1116 -0.866667
1021 1029 0.733333
1022 1030 -0.066667
1023 1031 0.733333
1024 1032 -0.066667
1025 1029 -0.466667
1025 1030 -0.066667
1025 1031 -0.066667
1025 1032 1.000000
1025 1121 -0.066667
1026 1029 -0.866667
1026 1030 -0.866667
1026 1031 0.600000
1026 1032 0.200000
1026 1122 -0.333333
1027 1029 1.000000
1027 1030 0.733333
1027 1031 1.000000
1027 1032 0.600000
1027 1123 0.066667
1028 1029 -0.466667
1028 1030 -0.733333
1028 1031 0.066667
1028 1032 -0.066667
1028 1124 0.066667
1029 1037 1.000000
1030 1038 0.333333
1031 1039 -0.866667
1032 1040 -1.000000
1033 1037 3.000000
1033 1038 -0.066667
1033 1039 -0.200000
1033 1040 0.066667
1033 1129 -5.000000
1034 1037 4.333333
1034 1038 -0.200000
1034 1039 -0.200000
1034 1040 -5.000000
1034 1130 -0.466667
1035 1037 -3.666667
1035 1038 -0.200000
1035 1039 -0.733333
1035 1040 0.333333
1035 1131 -0.466667
1036 1037 4.333333
1036 1038 5.000000
1036 1039 0.600000
1036 1040 -0.733333
1036 1132 0.733333
1037 1045 5.000000
1038 1046 -0.200000
1039 1047 -3.000000
1040 1048 -0.866667
1041 1045 0.600000
1041 1046 1.666667
1041 1047 0.866667
1041 1048 -0.866667
1041 1137 0.066667
1042 1045 -1.000000
1042 1046 -3.000000
1042 1047 -0.733333
1042 1048 4.333333
1042 1138 3.000000
1043 1045 4.333333
1043 1046 0.200000
1043 1047 -0.600000
1043 1048 -0.466667
1043 1139 -1.666667
1044 1045 0.333333
1044 1046 -0.333333
1044 1047 3.000000
1044 1048 -5.000000
1044 1140 3.000000
1045 1053 3.666667
1046 1054 -2.333333
1047 1055 -5.000000
1048 1056 0.333333
1049 1053 0.600000
1049 1054 0.333333
1049 1055 2.333333
1049 1056 5.000000
1049 1145 -4.333333
1050 1053 -0.866667
1050 1054 0.200000
1050 1055 -3.666667
1050 1056 -0.200000
1050 1146 0.733333
1051 1053 -0.466667
1051 1054 -0.066667
1051 1055 -0.066667
1051 1056 -1.000000
1051 1147 -1.000000
1052 1053 4.333333
1052 1054 -0.200000
1052 1055 -0.333333
1052 1056 -1.666667
1052 1148 3.666667
1057 1061 -1.000000
1057 1062 -1.666667
1057 1063 0.066667
1057 1064 0.200000
1058 1061 0.600000
1058 1062 0.333333
1058 1063 0.733333
1058 1064 -0.333333
1059 1061 1.000000
1059 1062 0.333333
1059 1063 0.733333
1059 1064 0.333333
1060 1061 -0.200000
1060 1062 4.333333
1060 1063 0.600000
1060 1064 0.200000
1061 1069 -0.466667
1062 1070 0.333333
1063 1071 -0.200000
1064 1072 0.066667
1065 1069 0.733333
1065 1070 0.466667
1065 1071 -0.466667
1065 1072 -0.733333
1066 1069 -0.466667
1066 1070 -0.600000
1066 1071 0.200000
1066 1072 -1.000000
1067 1069 0.733333
1067 1070 0.466667
1067 1071 -0.600000
1067 1072 1.666667
1068 1069 1.000000
1068 1070 -0.200000
1068 1071 0.733333
1068 1072 -3.666667
1069 1077 -0.066667
1070 1078 -0.200000
1071 1079 -0.333333
1072 1080 -0.066667
1073 1077 -1.000000
1073 1078 1.000000
1073 1079 -0.733333
1073 1080 0.733333
1074 1077 -0.733333
1074 1078 -0.333333
1074 1079 -0.333333
1074 1080 0.733333
1075 1077 0.200000
1075 1078 -0.200000
1075 1079 -1.000000
1075 1080 0.466667
1076 1077 -4.333333
1076 1078 -1.000000
1076 1079 -0.733333
1076 1080 0.200000
1077 1085 1.000000
1078 1086 0.733333
1079 1087 0.066667
1080 1088 -0.866667
1081 1085 -0.200000
1081 1086 -0.866667
1081 1087 -0.733333
1081 1088 -0.866667
1082 1085 1.000000
1082 1086 0.200000
1082 1087 0.333333
1082 1088 -1.000000
1083 1085 0.066667
1083 1086 -1.000000
1083 1087 0.466667
1083 1088 -0.733333
1084 1085 0.066667
1084 1086 -0.066667
1084 1087 -1.000000
1084 1088 0.466667
1085 1093 -1.000000
1086 1094 -0.733333
1087 1095 0.733333
1088 1096 0.733333
1089 1093 0.733333
1089 1094 -0.866667
1089 1095 -3.666667
1089 1096 0.333333
1090 1093 0.333333
1090 1094 0.066667
1090 1095 -1.000000
1090 1096 0.866667
1091 1093 -2.333333
1091 1094 0.200000
1091 1095 0.466667
1091 1096 0.866667
1092 1093 -0.466667
1092 1094 -0.733333
1092 1095 0.066667
1092 1096 -0.333333
1093 1101 -0.600000
1094 1102 0.600000
1095 1103 0.066667
1096 1104 0.466667
1097 1101 -0.333333
1097 1102 -0.066667
1097 1103 0.066667
1097 1104 0.466667
1098 1101 0.333333
1098 1102 -1.000000
1098 1103 0.733333
1098 1104 0.333333
1099 1101 -0.333333
1099 1102 0.200000
1099 1103 0.200000
1099 1104 -0.733333
1100 1101 -0.466667
1100 1102 1.000000
1100 1103 -0.066667
1100 1104 -0.333333
1101 1109 0.866667
1102 1110 -0.733333
1103 1111 0.866667
1104 1112 0.466667
1105 1109 1.000000
1105 1110 -0.866667
1105 1111 0.866667
1105 1112 0.733333
1106 1109 0.200000
1106 1110 -0.600000
1106 1111 -0.866667
1106 1112 0.066667
1107 1109 -0.733333
1107 1110 0.333333
1107 1111 0.600000
1107 1112 0.866667
1108 1109 -0.200000
1108 1110 1.000000
1108 1111 0.866667
1108 1112 0.466667
1109 1117 -0.333333
1110 1118 0.066667
1111 1119 -0.733333
1112 1120 0.866667
1113 1117 1.000000
1113 1118 0.600000
1113 1119 1.000000
1113 1120 -0.600000
1114 1117 0.066667
1114 1118 -0.066667
1114 1119 0.200000
1114 1120 0.333333
1115 1117 0.733333
1115 1118 0.866667
1115 1119 -0.600000
1115 1120 1.000000
1116 1117 0.066667
1116 1118 0.600000
1116 1119 -1.000000
1116 1120 0.866667
1117 1125 -0.200000
1118 1126 0.333333
1119 1127 -0.600000
1120 1128 -0.600000
1121 1125 -0.200000
1121 1126 -1.000000
1121 1127 0.866667
1121 1128 0.600000
1122 1125 0.200000
1122 1126 0.866667
1122 1127 -0.333333
1122 1128 0.200000
1123 1125 -0.066667
1123 1126 0.066667
1123 1127 -0.200000
1123 1128 -0.200000
1124 1125 -0.733333
1124 1126 -0.066667
1124 1127 0.066667
1124 1128 0.066667
1125 1133 -0.466667
1126 1134 -0.866667
1127 1135 -0.733333
1128 1136 -0.333333
1129 1133 -3.000000
1129 1134 -0.333333
1129 1135 -0.466667
1129 1136 -0.733333
1130 1133 0.600000
1130 1134 -0.066667
1130 1135 -0.866667
1130 1136 -0.733333
1131 1133 0.600000
1131 1134 -0.333333
1131 1135 0.866667
1131 1136 0.066667
1132 1133 0.600000
1132 1134 -0.200000
1132 1135 -0.066667
1132 1136 0.333333
1133 1141 0.733333
1134 1142 0.466667
1135 1143 -0.333333
1136 1144 -0.200000
1137 1141 0.200000
1137 1142 -0.200000
1137 1143 0.066667
1137 1144 -1.000000
1138 1141 -0.866667
1138 1142 -0.600000
1138 1143 0.866667
1138 1144 2.333333
1139 1141 0.600000
1139 1142 5.000000
1139 1143 0.466667
1139 1144 0.200000
1140 1141 -0.733333
1140 1142 0.066667
1140 1143 -1.666667
1140 1144 -1.000000
1141 1149 0.066667
1142 1150 -3.000000
1143 1151 0.200000
1144 1152 -0.600000
1145 1149 0.333333
1145 1150 5.000000
1145 1151 -3.000000
1145 1152 0.066667
1146 1149 -0.866667
1146 1150 -5.000000
1146 1151 3.666667
1146 1152 4.333333
1147 1149 -0.866667
1147 1150 -1.000000
1147 1151 0.333333
1147 1152 0.466667
1148 1149 0.600000
1148 1150 -0.866667
1148 1151 0.066667
1148 1152 0.866667