#
1 1 0.013333
2 2 -0.040000
3 3 -0.066667
4 4 -0.120000
5 5 -0.040000
6 6 -0.120000
7 7 -0.120000
8 8 0.173333
9 9 -0.013333
10 10 0.200000
11 11 0.120000
12 12 -0.173333
13 13 -0.146667
14 14 0.120000
15 15 0.200000
16 16 0.066667
17 17 -0.066667
18 18 0.040000
19 19 -0.093333
20 20 0.146667
21 21 0.200000
22 22 0.120000
23 23 0.013333
24 24 -0.013333
25 25 -0.066667
26 26 -0.093333
27 27 0.093333
28 28 -0.013333
29 29 -0.040000
30 30 -0.120000
31 31 -0.200000
32 32 -0.146667
33 33 0.066667
34 34 0.146667
35 35 -0.066667
36 36 0.093333
37 37 0.120000
38 38 -0.200000
39 39 -0.040000
40 40 0.040000
41 41 0.093333
42 42 0.066667
43 43 -0.093333
44 44 -0.173333
45 45 0.120000
46 46 0.200000
47 47 0.200000
48 48 -0.120000
49 49 0.200000
50 50 0.146667
51 51 -0.200000
52 52 -0.040000
53 53 -0.040000
54 54 0.040000
55 55 0.146667
56 56 -0.040000
57 57 0.120000
58 58 -0.200000
59 59 -0.093333
60 60 0.200000
61 61 0.120000
62 62 0.093333
63 63 0.093333
64 64 -0.093333
65 65 0.013333
66 66 0.066667
67 67 0.093333
68 68 -0.200000
69 69 0.013333
70 70 -0.173333
71 71 -0.173333
72 72 0.066667
73 73 -0.173333
74 74 -0.146667
75 75 0.040000
76 76 -0.040000
77 77 -0.013333
78 78 0.120000
79 79 -0.093333
80 80 0.200000
81 81 -0.066667
82 82 -0.146667
83 83 0.173333
84 84 0.040000
85 85 0.066667
86 86 0.173333
87 87 -0.200000
88 88 0.040000
89 89 -0.066667
90 90 -0.200000
91 91 0.093333
92 92 -0.013333
93 93 -0.146667
94 94 -0.200000
95 95 -0.066667
96 96 -0.093333
97 97 0.146667
98 98 0.200000
99 99 -0.146667
100 100 -0.013333
101 101 -0.040000
102 102 0.146667
103 103 -0.066667
104 104 0.093333
105 105 0.146667
106 106 0.093333
107 107 -0.093333
108 108 -0.173333
109 109 0.013333
110 110 0.173333
111 111 0.173333
112 112 0.013333
113 113 -0.146667
114 114 -0.040000
115 115 0.146667
116 116 0.066667
117 117 -0.200000
118 118 0.066667
119 119 0.200000
120 120 0.040000
121 121 0.013333
122 122 0.093333
123 123 -0.173333
124 124 0.093333
125 125 -0.200000
126 126 0.173333
127 127 -0.066667
128 128 -0.173333
129 129 -0.120000
130 130 -0.066667
131 131 -0.200000
132 132 -0.173333
133 133 -0.013333
134 134 0.173333
135 135 0.200000
136 136 -0.146667
137 137 0.173333
138 138 -0.040000
139 139 -0.146667
140 140 -0.173333
141 141 0.066667
142 142 -0.200000
143 143 0.146667
144 144 -0.040000
145 145 0.040000
146 146 -0.040000
147 147 -0.146667
148 148 -0.200000
149 149 0.013333
150 150 -0.173333
151 151 -0.146667
152 152 0.200000
153 153 -0.093333
154 154 0.146667
155 155 -0.146667
156 156 -0.013333
157 157 0.120000
158 158 -0.173333
159 159 -0.200000
160 160 -0.146667
161 161 -0.200000
162 162 -0.013333
163 163 -0.093333
164 164 0.146667
165 165 -0.093333
166 166 -0.146667
167 167 0.093333
168 168 -0.120000
169 169 0.066667
170 170 -0.093333
171 171 0.146667
172 172 0.120000
173 173 0.093333
174 174 0.066667
175 175 0.066667
176 176 -0.173333
177 177 0.040000
178 178 0.173333
179 179 0.173333
180 180 -0.066667
181 181 0.146667
182 182 -0.146667
183 183 -0.040000
184 184 0.093333
185 185 -0.146667
186 186 0.040000
187 187 -0.093333
188 188 0.120000
189 189 -0.040000
190 190 0.173333
191 191 0.120000
192 192 -0.066667
193 193 0.093333
194 194 -0.066667
195 195 0.173333
196 196 0.120000
197 197 0.173333
198 198 0.013333
199 199 -0.146667
200 200 -0.013333
201 201 0.200000
202 202 -0.200000
203 203 -0.013333
204 204 0.040000
205 205 -0.093333
206 206 0.146667
207 207 0.013333
208 208 0.120000
209 209 -0.093333
210 210 0.013333
211 211 -0.146667
212 212 -0.200000
213 213 0.040000
214 214 0.040000
215 215 -0.066667
216 216 0.120000
217 217 -0.013333
218 218 0.040000
219 219 0.146667
220 220 0.120000
221 221 -0.146667
222 222 0.066667
223 223 0.200000
224 224 0.013333
225 225 -0.066667
226 226 -0.040000
227 227 -0.013333
228 228 0.200000
229 229 -0.040000
230 230 0.040000
231 231 0.013333
232 232 -0.173333
233 233 0.040000
234 234 -0.120000
235 235 0.200000
236 236 -0.120000
237 237 0.093333
238 238 0.200000
239 239 0.200000
240 240 0.040000
241 241 -0.120000
242 242 -0.013333
243 243 0.066667
244 244 0.120000
245 245 0.013333
246 246 0.146667
247 247 -0.040000
248 248 -0.040000
249 249 0.040000
250 250 0.146667
251 251 -0.066667
252 252 0.146667
253 253 0.093333
254 254 0.200000
255 255 0.120000
256 256 0.173333
257 257 0.146667
258 258 0.013333
259 259 -0.013333
260 260 0.040000
261 261 0.120000
262 262 0.040000
263 263 -0.120000
264 264 0.066667
265 265 -0.146667
266 266 0.146667
267 267 -0.013333
268 268 -0.040000
269 269 -0.066667
270 270 -0.120000
271 271 0.173333
272 272 0.066667
273 273 -0.040000
274 274 0.200000
275 275 -0.013333
276 276 0.013333
277 277 0.146667
278 278 0.200000
279 279 0.093333
280 280 -0.120000
281 281 0.013333
282 282 0.013333
283 283 -0.093333
284 284 0.120000
285 285 -0.200000
286 286 0.120000
287 287 -0.146667
288 288 -0.066667
289 289 -0.013333
290 290 0.066667
291 291 0.120000
292 292 0.013333
293 293 0.040000
294 294 -0.013333
295 295 0.146667
296 296 -0.120000
297 297 0.093333
298 298 0.066667
299 299 0.200000
300 300 0.013333
301 301 -0.040000
302 302 -0.013333
303 303 0.120000
304 304 -0.093333
305 305 -0.040000
306 306 0.093333
307 307 -0.120000
308 308 0.146667
309 309 -0.013333
310 310 -0.146667
311 311 -0.040000
312 312 0.040000
313 313 -0.013333
314 314 -0.146667
315 315 -0.066667
316 316 0.120000
317 317 0.173333
318 318 -0.120000
319 319 0.120000
320 320 -0.200000
321 321 0.013333
322 322 0.200000
323 323 0.013333
324 324 -0.173333
325 325 0.013333
326 326 -0.146667
327 327 -0.093333
328 328 0.146667
329 329 -0.173333
330 330 -0.173333
331 331 -0.120000
332 332 0.013333
333 333 -0.093333
334 334 -0.040000
335 335 -0.120000
336 336 0.200000
337 337 -0.120000
338 338 -0.040000
339 339 -0.066667
340 340 0.146667
341 341 -0.120000
342 342 0.066667
343 343 0.120000
344 344 0.040000
345 345 0.013333
346 346 -0.120000
347 347 -0.093333
348 348 0.120000
349 349 -0.093333
350 350 -0.066667
351 351 -0.173333
352 352 0.066667
353 353 0.120000
354 354 -0.066667
355 355 -0.040000
356 356 -0.093333
357 357 0.040000
358 358 0.013333
359 359 0.173333
360 360 0.013333
361 361 -0.040000
362 362 -0.093333
363 363 0.146667
364 364 -0.013333
365 365 -0.013333
366 366 0.173333
367 367 0.093333
368 368 0.200000
369 369 -0.066667
370 370 -0.066667
371 371 0.146667
372 372 0.066667
373 373 -0.093333
374 374 -0.200000
375 375 0.013333
376 376 0.173333
377 377 -0.093333
378 378 -0.120000
379 379 -0.146667
380 380 0.173333
381 381 0.066667
382 382 0.120000
383 383 0.146667
384 384 -0.013333
385 385 -0.093333
386 386 0.173333
387 387 0.013333
388 388 -0.040000
389 389 0.093333
390 390 0.066667
391 391 -0.120000
392 392 0.093333
393 393 0.146667
394 394 -0.013333
395 395 0.093333
396 396 -0.120000
397 397 0.013333
398 398 -0.093333
399 399 -0.040000
400 400 -0.173333
401 401 -0.120000
402 402 -0.040000
403 403 -0.040000
404 404 -0.200000
405 405 0.013333
406 406 -0.200000
407 407 -0.013333
408 408 0.146667
409 409 0.146667
410 410 -0.200000
411 411 -0.066667
412 412 0.200000
413 413 -0.066667
414 414 0.093333
415 415 0.066667
416 416 0.093333
417 417 0.120000
418 418 0.040000
419 419 -0.120000
420 420 0.040000
421 421 -0.093333
422 422 -0.146667
423 423 -0.040000
424 424 -0.093333
425 425 -0.173333
426 426 0.146667
427 427 -0.040000
428 428 -0.040000
429 429 -0.066667
430 430 -0.120000
431 431 0.066667
432 432 0.013333
433 433 -0.173333
434 434 -0.093333
435 435 -0.093333
436 436 -0.093333
437 437 -0.013333
438 438 0.093333
439 439 0.066667
440 440 -0.013333
441 441 -0.120000
442 442 -0.013333
443 443 0.173333
444 444 -0.066667
445 445 -0.093333
446 446 0.013333
447 447 0.146667
448 448 -0.040000
449 449 0.120000
450 450 0.173333
451 451 0.013333
452 452 0.093333
453 453 0.040000
454 454 -0.013333
455 455 -0.146667
456 456 0.173333
457 457 0.066667
458 458 -0.013333
459 459 0.200000
460 460 -0.093333
461 461 -0.200000
462 462 -0.120000
463 463 -0.040000
464 464 0.040000
465 465 0.066667
466 466 0.013333
467 467 -0.120000
468 468 0.066667
469 469 0.146667
470 470 0.066667
471 471 0.200000
472 472 -0.040000
473 473 -0.066667
474 474 0.120000
475 475 0.066667
476 476 0.093333
477 477 -0.093333
478 478 -0.013333
479 479 0.146667
480 480 0.146667
481 481 0.120000
482 482 0.013333
483 483 0.093333
484 484 0.093333
485 485 0.173333
486 486 0.093333
487 487 0.120000
488 488 -0.120000
489 489 -0.120000
490 490 -0.200000
491 491 0.173333
492 492 0.173333
493 493 -0.146667
494 494 0.200000
495 495 0.146667
496 496 -0.200000
497 497 -0.013333
498 498 -0.040000
499 499 0.013333
500 500 -0.146667
501 501 -0.200000
502 502 0.066667
503 503 0.093333
504 504 0.120000
505 505 -0.093333
506 506 0.173333
507 507 -0.120000
508 508 -0.146667
509 509 -0.066667
510 510 -0.173333
511 511 -0.200000
512 512 0.040000
513 513 0.120000
514 514 0.200000
515 515 0.040000
516 516 -0.013333
517 517 -0.120000
518 518 -0.093333
519 519 -0.173333
520 520 -0.200000
521 521 -0.066667
522 522 -0.066667
523 523 0.093333
524 524 -0.200000
525 525 -0.173333
526 526 -0.066667
527 527 -0.013333
528 528 0.013333
529 529 0.066667
530 530 0.120000
531 531 0.146667
532 532 0.040000
533 533 0.200000
534 534 0.013333
535 535 0.173333
536 536 0.120000
537 537 -0.200000
538 538 -0.093333
539 539 0.173333
540 540 0.173333
541 541 0.013333
542 542 0.093333
543 543 0.093333
544 544 0.066667
545 545 -0.040000
546 546 -0.120000
547 547 -0.120000
548 548 -0.146667
549 549 0.146667
550 550 -0.120000
551 551 0.200000
552 552 -0.013333
553 553 -0.013333
554 554 -0.200000
555 555 0.093333
556 556 -0.173333
557 557 0.013333
558 558 -0.013333
559 559 0.013333
560 560 -0.093333
561 561 0.146667
562 562 -0.120000
563 563 -0.066667
564 564 -0.066667
565 565 0.146667
566 566 0.200000
567 567 -0.146667
568 568 -0.040000
569 569 0.093333
570 570 0.093333
571 571 -0.093333
572 572 -0.200000
573 573 0.146667
574 574 -0.146667
575 575 0.013333
576 576 0.066667
577 577 0.040000
578 578 -0.093333
579 579 0.120000
580 580 -0.173333
581 581 -0.040000
582 582 0.200000
583 583 -0.173333
584 584 0.013333
585 585 0.146667
586 586 0.013333
587 587 -0.013333
588 588 0.146667
589 589 0.040000
590 590 -0.200000
591 591 0.066667
592 592 0.120000
593 593 0.066667
594 594 -0.093333
595 595 -0.173333
596 596 -0.200000
597 597 -0.173333
598 598 -0.040000
599 599 0.146667
600 600 -0.173333
601 601 -0.093333
602 602 -0.040000
603 603 0.173333
604 604 -0.066667
605 605 -0.066667
606 606 -0.200000
607 607 0.173333
608 608 -0.040000
609 609 0.013333
610 610 0.200000
611 611 -0.146667
612 612 -0.066667
613 613 -0.066667
614 614 -0.013333
615 615 0.013333
616 616 0.146667
617 617 0.120000
618 618 -0.093333
619 619 0.093333
620 620 -0.146667
621 621 -0.200000
622 622 -0.093333
623 623 0.146667
624 624 0.013333
625 625 -0.093333
626 626 0.066667
627 627 -0.200000
628 628 0.093333
629 629 -0.200000
630 630 0.013333
631 631 -0.040000
632 632 0.093333
633 633 0.066667
634 634 0.173333
635 635 -0.066667
636 636 0.120000
637 637 -0.093333
638 638 0.093333
639 639 0.093333
640 640 -0.066667
641 641 -0.120000
642 642 -0.040000
643 643 -0.040000
644 644 -0.200000
645 645 -0.146667
646 646 -0.066667
647 647 -0.200000
648 648 -0.120000
649 649 0.173333
650 650 0.200000
651 651 0.173333
652 652 0.066667
653 653 -0.120000
654 654 0.066667
655 655 0.200000
656 656 0.013333
657 657 -0.040000
658 658 0.200000
659 659 0.200000
660 660 0.146667
661 661 0.146667
662 662 0.066667
663 663 -0.066667
664 664 0.040000
665 665 -0.200000
666 666 0.093333
667 667 -0.200000
668 668 0.040000
669 669 0.173333
670 670 0.200000
671 671 0.146667
672 672 0.040000
673 673 0.040000
674 674 -0.013333
675 675 -0.093333
676 676 -0.066667
677 677 0.066667
678 678 0.173333
679 679 0.040000
680 680 -0.013333
681 681 0.120000
682 682 0.066667
683 683 -0.066667
684 684 0.013333
685 685 -0.173333
686 686 0.120000
687 687 0.040000
688 688 0.040000
689 689 -0.013333
690 690 0.093333
691 691 0.120000
692 692 -0.066667
693 693 -0.173333
694 694 0.093333
695 695 -0.120000
696 696 0.146667
697 697 0.013333
698 698 0.066667
699 699 -0.093333
700 700 -0.066667
701 701 -0.093333
702 702 -0.173333
703 703 0.200000
704 704 -0.066667
705 705 -0.146667
706 706 -0.040000
707 707 0.173333
708 708 -0.173333
709 709 0.173333
710 710 0.200000
711 711 -0.093333
712 712 0.040000
713 713 0.173333
714 714 -0.173333
715 715 0.120000
716 716 -0.040000
717 717 -0.173333
718 718 0.093333
719 719 0.013333
720 720 -0.040000
721 721 -0.093333
722 722 0.200000
723 723 0.200000
724 724 -0.093333
725 725 -0.040000
726 726 0.146667
727 727 -0.093333
728 728 0.093333
729 729 -0.040000
730 730 -0.040000
731 731 -0.173333
732 732 0.066667
733 733 -0.120000
734 734 -0.146667
735 735 -0.200000
736 736 -0.040000
737 737 0.040000
738 738 -0.013333
739 739 -0.093333
740 740 0.120000
741 741 -0.093333
742 742 -0.013333
743 743 0.066667
744 744 -0.066667
745 745 -0.093333
746 746 0.040000
747 747 0.013333
748 748 0.173333
749 749 -0.013333
750 750 0.173333
751 751 -0.040000
752 752 -0.093333
753 753 -0.066667
754 754 0.040000
755 755 -0.120000
756 756 0.146667
757 757 -0.093333
758 758 -0.146667
759 759 -0.066667
760 760 0.146667
761 761 -0.120000
762 762 -0.120000
763 763 0.173333
764 764 -0.173333
765 765 -0.093333
766 766 0.040000
767 767 0.066667
768 768 0.146667
769 769 -0.173333
770 770 0.200000
771 771 -0.040000
772 772 0.093333
773 773 0.013333
774 774 0.013333
775 775 -0.173333
776 776 0.146667
777 777 0.146667
778 778 -0.066667
779 779 -0.093333
780 780 0.040000
781 781 -0.040000
782 782 -0.040000
783 783 -0.013333
784 784 -0.200000
785 785 0.200000
786 786 0.200000
787 787 -0.013333
788 788 0.066667
789 789 0.120000
790 790 0.120000
791 791 0.146667
792 792 0.013333
793 793 -0.040000
794 794 -0.120000
795 795 0.120000
796 796 -0.040000
797 797 0.120000
798 798 0.200000
799 799 0.120000
800 800 0.120000
801 801 -0.146667
802 802 -0.066667
803 803 -0.200000
804 804 -0.093333
805 805 -0.066667
806 806 -0.040000
807 807 -0.120000
808 808 0.120000
809 809 0.040000
810 810 0.040000
811 811 -0.066667
812 812 0.173333
813 813 0.013333
814 814 -0.013333
815 815 0.093333
816 816 0.120000
817 817 -0.146667
818 818 0.040000
819 819 -0.200000
820 820 -0.200000
821 821 -0.093333
822 822 0.093333
823 823 0.200000
824 824 0.066667
825 825 0.120000
826 826 -0.093333
827 827 0.013333
828 828 -0.120000
829 829 0.066667
830 830 0.173333
831 831 0.066667
832 832 -0.120000
833 833 -0.040000
834 834 0.093333
835 835 -0.040000
836 836 -0.040000
837 837 0.120000
838 838 0.013333
839 839 -0.093333
840 840 -0.173333
841 841 0.146667
842 842 0.093333
843 843 -0.173333
844 844 0.013333
845 845 -0.173333
846 846 -0.146667
847 847 0.173333
848 848 -0.200000
849 849 0.200000
850 850 -0.120000
851 851 -0.093333
852 852 -0.120000
853 853 0.120000
854 854 -0.040000
855 855 0.013333
856 856 0.093333
857 857 -0.013333
858 858 -0.200000
859 859 0.066667
860 860 0.040000
861 861 0.066667
862 862 0.146667
863 863 0.040000
864 864 -0.200000
865 865 0.146667
866 866 0.066667
867 867 -0.173333
868 868 0.200000
869 869 -0.040000
870 870 0.040000
871 871 -0.200000
872 872 -0.146667
873 873 0.040000
874 874 -0.093333
875 875 -0.013333
876 876 0.013333
877 877 0.173333
878 878 -0.066667
879 879 0.013333
880 880 0.013333
881 881 0.040000
882 882 -0.013333
883 883 -0.013333
884 884 -0.013333
885 885 -0.173333
886 886 -0.146667
887 887 0.013333
888 888 0.120000
889 889 0.146667
890 890 -0.040000
891 891 -0.066667
892 892 0.120000
893 893 -0.013333
894 894 -0.146667
895 895 -0.040000
896 896 -0.066667
897 897 -0.146667
898 898 -0.200000
899 899 -0.040000
900 900 -0.040000
901 901 0.040000
902 902 0.093333
903 903 0.013333
904 904 0.120000
905 905 -0.146667
906 906 -0.093333
907 907 0.040000
908 908 0.066667
909 909 0.200000
910 910 -0.066667
911 911 -0.040000
912 912 -0.066667
913 913 -0.013333
914 914 0.066667
915 915 0.173333
916 916 0.066667
917 917 0.146667
918 918 -0.200000
919 919 -0.200000
920 920 -0.013333
921 921 0.066667
922 922 -0.146667
923 923 0.013333
924 924 -0.040000
925 925 -0.200000
926 926 -0.146667
927 927 0.013333
928 928 0.200000
929 929 0.093333
930 930 -0.173333
931 931 0.093333
932 932 -0.040000
933 933 0.040000
934 934 0.093333
935 935 -0.120000
936 936 -0.066667
937 937 -0.093333
938 938 -0.120000
939 939 0.173333
940 940 -0.120000
941 941 0.093333
942 942 -0.093333
943 943 0.093333
944 944 -0.120000
945 945 -0.173333
946 946 -0.066667
947 947 0.200000
948 948 0.040000
949 949 0.040000
950 950 -0.146667
951 951 0.120000
952 952 -0.146667
953 953 0.120000
954 954 -0.093333
955 955 0.146667
956 956 0.066667
957 957 -0.040000
958 958 0.013333
959 959 0.093333
960 960 -0.200000
961 961 -0.040000
962 962 -0.093333
963 963 0.173333
964 964 -0.120000
965 965 0.120000
966 966 0.173333
967 967 -0.040000
968 968 0.120000
969 969 -0.120000
970 970 -0.200000
971 971 -0.146667
972 972 0.013333
973 973 -0.173333
974 974 0.066667
975 975 -0.173333
976 976 0.093333
977 977 0.120000
978 978 0.173333
979 979 -0.173333
980 980 -0.146667
981 981 -0.200000
982 982 0.120000
983 983 -0.200000
984 984 -0.173333
985 985 0.200000
986 986 0.120000
987 987 -0.040000
988 988 -0.120000
989 989 -0.093333
990 990 -0.146667
991 991 0.093333
992 992 0.013333
993 993 0.066667
994 994 0.093333
995 995 -0.093333
996 996 0.146667
997 997 0.173333
998 998 -0.013333
999 999 0.146667
1000 1000 -0.120000
1001 1001 -0.040000
1002 1002 0.040000
1003 1003 -0.120000
1004 1004 -0.066667
1005 1005 -0.200000
1006 1006 -0.013333
1007 1007 -0.040000
1008 1008 0.013333
1009 1009 0.120000
1010 1010 -0.146667
1011 1011 -0.146667
1012 1012 0.200000
1013 1013 0.146667
1014 1014 0.040000
1015 1015 0.040000
1016 1016 -0.120000
1017 1017 -0.120000
1018 1018 0.200000
1019 1019 -0.013333
1020 1020 0.200000
1021 1021 -0.146667
1022 1022 -0.040000
1023 1023 -0.040000
1024 1024 0.066667
1025 1025 0.093333
1026 1026 0.066667
1027 1027 0.146667
1028 1028 0.040000
1029 1029 -0.173333
1030 1030 -0.146667
1031 1031 -0.120000
1032 1032 0.120000
1033 1033 0.200000
1034 1034 0.066667
1035 1035 -0.146667
1036 1036 0.200000
1037 1037 -0.173333
1038 1038 0.146667
1039 1039 0.146667
1040 1040 0.173333
1041 1041 -0.146667
1042 1042 0.040000
1043 1043 0.093333
1044 1044 -0.066667
1045 1045 0.093333
1046 1046 0.173333
1047 1047 -0.200000
1048 1048 -0.040000
1049 1049 -0.093333
1050 1050 -0.040000
1051 1051 0.200000
1052 1052 0.040000
1053 1053 0.040000
1054 1054 0.093333
1055 1055 -0.040000
1056 1056 0.173333
1057 1057 -0.120000
1058 1058 0.093333
1059 1059 -0.066667
1060 1060 0.200000
1061 1061 0.146667
1062 1062 0.040000
1063 1063 -0.013333
1064 1064 -0.146667
1065 1065 0.093333
1066 1066 -0.146667
1067 1067 -0.066667
1068 1068 -0.173333
1069 1069 0.200000
1070 1070 -0.013333
1071 1071 -0.146667
1072 1072 0.066667
1073 1073 -0.173333
1074 1074 0.146667
1075 1075 0.040000
1076 1076 -0.173333
1077 1077 -0.093333
1078 1078 0.066667
1079 1079 0.066667
1080 1080 -0.120000
1081 1081 -0.173333
1082 1082 0.200000
1083 1083 0.200000
1084 1084 0.146667
1085 1085 0.200000
1086 1086 0.066667
1087 1087 -0.013333
1088 1088 -0.200000
1089 1089 -0.013333
1090 1090 -0.013333
1091 1091 -0.040000
1092 1092 0.066667
1093 1093 -0.013333
1094 1094 0.040000
1095 1095 -0.040000
1096 1096 0.040000
1097 1097 0.066667
1098 1098 -0.093333
1099 1099 0.066667
1100 1100 0.173333
1101 1101 -0.173333
1102 1102 0.013333
1103 1103 0.146667
1104 1104 0.146667
1105 1105 -0.120000
1106 1106 0.120000
1107 1107 -0.093333
1108 1108 -0.146667
1109 1109 -0.120000
1110 1110 -0.093333
1111 1111 0.200000
1112 1112 0.200000
1113 1113 -0.040000
1114 1114 -0.013333
1115 1115 -0.200000
1116 1116 0.066667
1117 1117 -0.120000
1118 1118 0.146667
1119 1119 -0.146667
1120 1120 -0.200000
1121 1121 -0.040000
1122 1122 0.066667
1123 1123 -0.173333
1124 1124 -0.146667
1125 1125 0.146667
1126 1126 0.120000
1127 1127 0.120000
1128 1128 0.040000
1129 1129 -0.066667
1130 1130 -0.120000
1131 1131 -0.066667
1132 1132 -0.173333
1133 1133 -0.120000
1134 1134 0.040000
1135 1135 -0.173333
1136 1136 -0.146667
1137 1137 -0.200000
1138 1138 -0.066667
1139 1139 -0.040000
1140 1140 0.120000
1141 1141 0.146667
1142 1142 0.066667
1143 1143 0.146667
1144 1144 -0.200000
1145 1145 -0.120000
1146 1146 0.040000
1147 1147 0.093333
1148 1148 -0.040000
1149 1149 0.093333
1150 1150 -0.120000
1151 1151 -0.146667
1152 1152 0.120000
1 5 0.466667
1 6 -4.333333
1 7 2.333333
1 8 0.600000
1 97 -2.333333
2 5 -0.333333
2 6 -0.333333
2 7 -0.600000
2 8 -1.666667
2 98 -0.866667
3 5 4.333333
3 6 -0.466667
3 7 -1.000000
3 8 0.466667
3 99 -2.333333
4 5 -5.000000
4 6 1.000000
4 7 -0.333333
4 8 -0.333333
4 100 0.066667
5 13 4.333333
6 14 0.733333
7 15 -2.333333
8 16 -0.866667
9 13 3.666667
9 14 0.200000
9 15 0.866667
9 16 -0.200000
9 105 0.200000
10 13 -0.866667
10 14 -0.866667
10 15 -1.000000
10 16 -0.066667
10 106 -0.066667
11 13 0.866667
11 14 2.333333
11 15 -0.333333
11 16 -3.666667
11 107 -3.000000
12 13 0.333333
12 14 -3.000000
12 15 -1.000000
12 16 -1.000000
12 108 -0.066667
13 21 0.866667
14 22 -0.866667
15 23 -1.000000
16 24 -0.866667
17 21 -1.000000
17 22 -0.733333
17 23 0.200000
17 24 0.866667
17 113 0.866667
18 21 0.466667
18 22 0.066667
18 23 1.000000
18 24 -1.000000
18 114 0.200000
19 21 1.000000
19 22 -0.600000
19 23 0.466667
19 24 0.600000
19 115 -0.200000
20 21 -0.466667
20 22 1.000000
20 23 0.333333
20 24 -0.333333
20 116 -0.733333
21 29 1.000000
22 30 0.066667
23 31 0.200000
24 32 -0.066667
25 29 -0.600000
25 30 -0.066667
25 31 0.333333
25 32 0.066667
25 121 0.733333
26 29 0.200000
26 30 -0.333333
26 31 0.066667
26 32 0.733333
26 122 0.200000
27 29 0.733333
27 30 0.600000
27 31 -0.600000
27 32 -0.600000
27 123 -0.200000
28 29 0.600000
28 30 -1.000000
28 31 0.066667
28 32 -1.000000
28 124 -0.866667
29 37 0.466667
30 38 0.466667
31 39 -0.866667
32 40 0.066667
33 37 -0.866667
33 38 0.333333
33 39 0.200000
33 40 -0.466667
33 129 -0.333333
34 37 0.066667
34 38 -0.866667
34 39 -0.866667
34 40 1.000000
34 130 0.066667
35 37 0.200000
35 38 1.000000
35 39 0.200000
35 40 -0.466667
35 131 -0.066667
36 37 0.600000
36 38 -0.066667
36 39 -1.000000
36 40 0.200000
36 132 0.066667
37 45 0.866667
38 46 0.733333
39 47 0.200000
40 48 0.333333
41 45 -0.333333
41 46 -0.866667
41 47 -0.466667
41 48 -0.333333
41 137 -0.466667
42 45 -0.200000
42 46 0.066667
42 47 -0.600000
42 48 0.333333
42 138 -0.200000
43 45 0.066667
43 46 0.866667
43 47 0.466667
43 48 1.000000
43 139 -0.733333
44 45 -0.733333
44 46 0.866667
44 47 -0.200000
44 48 0.733333
44 140 0.333333
45 53 -0.066667
46 54 -0.866667
47 55 0.466667
48 56 0.333333
49 53 0.600000
49 54 0.200000
49 55 -0.600000
49 56 -0.200000
49 145 -0.333333
50 53 -0.600000
50 54 0.600000
50 55 -0.733333
50 56 -0.733333
50 146 -1.000000
51 53 0.733333
51 54 0.200000
51 55 -1.000000
51 56 0.333333
51 147 -0.733333
52 53 -0.333333
52 54 -0.600000
52 55 0.333333
52 56 0.466667
52 148 0.600000
53 61 -0.600000
54 62 -0.333333
55 63 0.333333
56 64 0.333333
57 61 -0.200000
57 62 0.866667
57 63 0.066667
57 64 -0.200000
57 153 -0.733333
58 61 -0.333333
58 62 -0.333333
58 63 0.333333
58 64 0.466667
58 154 -0.200000
59 61 -0.333333
59 62 0.066667
59 63 -0.466667
59 64 -0.200000
59 155 -0.866667
60 61 0.600000
60 62 0.733333
60 63 -1.000000
60 64 0.733333
60 156 0.200000
61 69 -0.466667
62 70 -2.333333
63 71 0.200000
64 72 0.866667
65 69 -0.466667
65 70 0.066667
65 71 -0.333333
65 72 -1.000000
65 161 1.000000
66 69 -0.466667
66 70 -1.000000
66 71 1.000000
66 72 -0.733333
66 162 -0.466667
67 69 0.066667
67 70 0.466667
67 71 -0.733333
67 72 0.733333
67 163 0.866667
68 69 -0.066667
68 70 0.333333
68 71 0.466667
68 72 0.333333
68 164 0.600000
69 77 -0.200000
70 78 -0.733333
71 79 0.866667
72 80 0.866667
73 77 0.866667
73 78 -1.000000
73 79 -0.866667
73 80 0.466667
73 169 0.466667
74 77 -0.600000
74 78 0.066667
74 79 0.066667
74 80 0.066667
74 170 -0.333333
75 77 -0.333333
75 78 0.333333
75 79 -1.000000
75 80 1.000000
75 171 -0.866667
76 77 -0.600000
76 78 -0.466667
76 79 0.866667
76 80 1.000000
76 172 -0.066667
77 85 -0.866667
78 86 -0.066667
79 87 -0.866667
80 88 1.000000
81 85 -0.733333
81 86 0.866667
81 87 -0.866667
81 88 0.733333
81 177 -0.866667
82 85 -0.066667
82 86 2.333333
82 87 -0.066667
82 88 -0.333333
82 178 -0.200000
83 85 -1.000000
83 86 0.866667
83 87 0.600000
83 88 0.200000
83 179 -2.333333
84 85 0.733333
84 86 2.333333
84 87 0.333333
84 88 0.066667
84 180 -0.600000
85 93 -0.200000
86 94 -2.333333
87 95 -0.866667
88 96 0.200000
89 93 -4.333333
89 94 0.600000
89 95 0.600000
89 96 -0.600000
89 185 -3.666667
90 93 0.866667
90 94 -2.333333
90 95 -1.000000
90 96 0.333333
90 186 -0.600000
91 93 -3.000000
91 94 5.000000
91 95 5.000000
91 96 0.600000
91 187 -3.666667
92 93 -3.000000
92 94 -0.466667
92 95 0.733333
92 96 0.600000
92 188 3.000000
97 101 -0.333333
97 102 -0.200000
97 103 3.666667
97 104 -1.000000
97 193 0.066667
98 101 -0.866667
98 102 0.333333
98 103 -0.333333
98 104 -3.000000
98 194 -3.666667
99 101 -1.000000
99 102 3.000000
99 103 -0.866667
99 104 -4.333333
99 195 0.200000
100 101 -2.333333
100 102 -0.066667
100 103 -0.600000
100 104 -1.666667
100 196 -3.666667
101 109 -0.600000
102 110 -0.333333
103 111 -5.000000
104 112 0.066667
105 109 -0.866667
105 110 -0.866667
105 111 -0.066667
105 112 0.733333
105 201 -0.600000
106 109 -0.866667
106 110 -0.600000
106 111 0.200000
106 112 1.000000
106 202 -0.733333
107 109 2.333333
107 110 0.200000
107 111 -0.866667
107 112 0.466667
107 203 -0.466667
108 109 0.866667
108 110 0.466667
108 111 0.066667
108 112 -0.733333
108 204 -0.866667
109 117 -3.000000
110 118 -0.600000
111 119 -0.066667
112 120 -1.000000
113 117 0.200000
113 118 -0.600000
113 119 -0.600000
113 120 -0.200000
113 209 -0.333333
114 117 3.000000
114 118 -0.066667
114 119 1.000000
114 120 -0.733333
114 210 -0.066667
115 117 0.066667
115 118 -1.000000
115 119 0.200000
115 120 -0.466667
115 211 1.000000
116 117 -0.333333
116 118 0.066667
116 119 -0.600000
116 120 -1.000000
116 212 -1.000000
117 125 -0.866667
118 126 0.466667
119 127 -0.466667
120 128 -0.600000
121 125 0.600000
121 126 0.600000
121 127 0.200000
121 128 -0.733333
121 217 1.000000
122 125 -0.600000
122 126 -0.733333
122 127 0.200000
122 128 -3.000000
122 218 -0.066667
123 125 0.066667
123 126 -0.333333
123 127 -0.600000
123 128 -0.600000
123 219 0.333333
124 125 -1.000000
124 126 -0.600000
124 127 0.600000
124 128 0.866667
124 220 0.600000
125 133 0.333333
126 134 0.466667
127 135 0.333333
128 136 0.600000
129 133 -0.066667
129 134 -0.600000
129 135 -0.200000
129 136 -0.333333
129 225 -1.000000
130 133 0.333333
130 134 -0.066667
130 135 0.733333
130 136 0.466667
130 226 0.200000
131 133 -0.466667
131 134 -0.066667
131 135 0.066667
131 136 -0.200000
131 227 -0.200000
132 133 -0.200000
132 134 0.066667
132 135 -0.200000
132 136 -0.333333
132 228 0.200000
133 141 1.000000
134 142 -4.333333
135 143 0.733333
136 144 0.600000
137 141 -0.600000
137 142 0.466667
137 143 -0.200000
137 144 0.600000
137 233 1.000000
138 141 0.866667
138 142 -0.333333
138 143 0.466667
138 144 -0.866667
138 234 -0.066667
139 141 0.333333
139 142 0.600000
139 143 0.466667
139 144 1.000000
139 235 1.000000
140 141 1.000000
140 142 0.200000
140 143 -0.200000
140 144 0.866667
140 236 -0.200000
141 149 0.600000
142 150 0.066667
143 151 -1.000000
144 152 -0.466667
145 149 0.333333
145 150 0.333333
145 151 -0.066667
145 152 0.733333
145 241 1.000000
146 149 -0.333333
146 150 0.733333
146 151 -0.066667
146 152 1.000000
146 242 0.600000
147 149 -0.866667
147 150 0.466667
147 151 -0.333333
147 152 0.333333
147 243 0.333333
148 149 -5.000000
148 150 -0.333333
148 151 0.066667
148 152 0.866667
148 244 -0.466667
149 157 -1.000000
150 158 1.000000
151 159 -0.733333
152 160 0.200000
153 157 -0.466667
153 158 -0.733333
153 159 -0.333333
153 160 -0.200000
153 249 -0.066667
154 157 1.000000
154 158 0.066667
154 159 0.066667
154 160 0.333333
154 250 -0.333333
155 157 0.866667
155 158 -1.000000
155 159 -0.200000
155 160 -0.466667
155 251 0.733333
156 157 -0.333333
156 158 -0.733333
156 159 0.866667
156 160 0.466667
156 252 -0.866667
157 165 0.066667
158 166 0.066667
159 167 -1.000000
160 168 -0.466667
161 165 0.466667
161 166 0.066667
161 167 -0.333333
161 168 -0.733333
161 257 0.066667
162 165 0.333333
162 166 0.200000
162 167 0.333333
162 168 0.066667
162 258 -1.000000
163 165 0.466667
163 166 -0.333333
163 167 -1.000000
163 168 1.000000
163 259 0.733333
164 165 0.066667
164 166 0.333333
164 167 -0.200000
164 168 -0.066667
164 260 -1.000000
165 173 0.200000
166 174 0.333333
167 175 -0.466667
168 176 0.066667
169 173 0.866667
169 174 -0.733333
169 175 -0.866667
169 176 1.666667
169 265 0.733333
170 173 1.000000
170 174 -0.066667
170 175 0.733333
170 176 0.200000
170 266 -0.600000
171 173 -0.066667
171 174 3.000000
171 175 0.066667
171 176 -0.333333
171 267 1.000000
172 173 1.000000
172 174 1.666667
172 175 -0.733333
172 176 0.200000
172 268 -1.000000
173 181 0.333333
174 182 0.600000
175 183 -0.200000
176 184 -3.666667
177 181 -0.600000
177 182 0.200000
177 183 5.000000
177 184 -0.733333
177 273 0.333333
178 181 0.600000
178 182 0.466667
178 183 0.333333
178 184 0.466667
178 274 -0.066667
179 181 0.733333
179 182 0.866667
179 183 -0.066667
179 184 -3.000000
179 275 -5.000000
180 181 -0.200000
180 182 -1.000000
180 183 -0.066667
180 184 0.066667
180 276 0.733333
181 189 0.600000
182 190 -0.600000
183 191 2.333333
184 192 -2.333333
185 189 0.333333
185 190 0.333333
185 191 -0.866667
185 192 -1.000000
185 281 1.000000
186 189 0.600000
186 190 1.000000
186 191 0.066667
186 192 0.600000
186 282 -0.333333
187 189 0.333333
187 190 0.466667
187 191 3.000000
187 192 0.866667
187 283 -0.333333
188 189 -0.333333
188 190 -0.200000
188 191 -0.333333
188 192 1.000000
188 284 -2.333333
193 197 1.000000
193 198 -0.733333
193 199 -0.333333
193 200 0.066667
193 289 0.866667
194 197 0.733333
194 198 -0.200000
194 199 -0.600000
194 200 -1.000000
194 290 -0.733333
195 197 -1.000000
195 198 0.866667
195 199 0.333333
195 200 0.200000
195 291 0.733333
196 197 4.333333
196 198 0.866667
196 199 0.200000
196 200 -0.200000
196 292 5.000000
197 205 -0.200000
198 206 0.200000
199 207 -0.733333
200 208 -0.333333
201 205 0.866667
201 206 0.200000
201 207 0.600000
201 208 0.600000
201 297 -0.600000
202 205 -0.333333
202 206 -0.066667
202 207 0.200000
202 208 -0.733333
202 298 0.866667
203 205 0.333333
203 206 -0.866667
203 207 0.733333
203 208 -0.066667
203 299 0.866667
204 205 -0.066667
204 206 -0.066667
204 207 0.733333
204 208 -0.733333
204 300 -1.000000
205 213 -0.466667
206 214 -0.600000
207 215 1.000000
208 216 0.066667
209 213 -0.733333
209 214 -0.333333
209 215 -0.866667
209 216 1.000000
209 305 0.733333
210 213 -0.333333
210 214 -0.066667
210 215 1.000000
210 216 -1.000000
210 306 -0.466667
211 213 1.000000
211 214 -0.733333
211 215 -0.866667
211 216 -0.733333
211 307 1.000000
212 213 0.066667
212 214 1.000000
212 215 -1.000000
212 216 -0.600000
212 308 -0.466667
213 221 1.000000
214 222 0.333333
215 223 0.333333
216 224 -0.466667
217 221 0.600000
217 222 0.600000
217 223 0.733333
217 224 0.866667
217 313 0.733333
218 221 0.200000
218 222 1.000000
218 223 0.200000
218 224 0.600000
218 314 0.466667
219 221 0.066667
219 222 0.466667
219 223 -0.333333
219 224 0.466667
219 315 0.600000
220 221 -0.733333
220 222 -0.333333
220 223 0.866667
220 224 0.333333
220 316 1.000000
221 229 -0.333333
222 230 0.333333
223 231 -0.200000
224 232 1.000000
225 229 -1.000000
225 230 -0.866667
225 231 0.866667
225 232 -0.200000
225 321 -0.866667
226 229 -0.466667
226 230 -0.600000
226 231 0.333333
226 232 0.733333
226 322 -0.200000
227 229 -1.000000
227 230 0.466667
227 231 2.333333
227 232 0.333333
227 323 3.000000
228 229 1.000000
228 230 -0.600000
228 231 1.000000
228 232 -0.733333
228 324 -0.466667
229 237 0.466667
230 238 1.000000
231 239 0.066667
232 240 -0.866667
233 237 0.466667
233 238 -0.733333
233 239 0.333333
233 240 1.000000
233 329 -0.066667
234 237 -0.066667
234 238 -1.000000
234 239 0.733333
234 240 0.333333
234 330 0.866667
235 237 -0.200000
235 238 0.600000
235 239 0.066667
235 240 -0.733333
235 331 0.333333
236 237 0.333333
236 238 -0.200000
236 239 -0.333333
236 240 0.866667
236 332 0.066667
237 245 0.200000
238 246 -0.600000
239 247 -0.733333
240 248 0.866667
241 245 -0.333333
241 246 -0.733333
241 247 0.333333
241 248 0.466667
241 337 1.000000
242 245 0.200000
242 246 -1.000000
242 247 0.200000
242 248 -0.333333
242 338 0.466667
243 245 0.866667
243 246 0.866667
243 247 0.466667
243 248 0.466667
243 339 -1.666667
244 245 -0.466667
244 246 -0.866667
244 247 -0.733333
244 248 -1.000000
244 340 0.200000
245 253 -0.466667
246 254 -0.333333
247 255 0.066667
248 256 0.600000
249 253 0.733333
249 254 -0.600000
249 255 0.866667
249 256 0.200000
249 345 -0.466667
250 253 -0.733333
250 254 -0.066667
250 255 0.600000
250 256 0.866667
250 346 0.733333
251 253 -1.000000
251 254 0.066667
251 255 0.466667
251 256 0.466667
251 347 -0.333333
252 253 0.333333
252 254 0.733333
252 255 -0.200000
252 256 0.600000
252 348 -0.066667
253 261 0.866667
254 262 0.466667
255 263 -0.866667
256 264 3.000000
257 261 -0.466667
257 262 1.000000
257 263 0.333333
257 264 4.333333
257 353 -0.200000
258 261 -0.600000
258 262 -0.733333
258 263 1.000000
258 264 -0.733333
258 354 0.333333
259 261 -0.866667
259 262 -1.000000
259 263 -0.733333
259 264 -0.333333
259 355 -1.000000
260 261 0.333333
260 262 -0.733333
260 263 -1.000000
260 264 3.666667
260 356 0.200000
261 269 1.000000
262 270 -0.733333
263 271 -1.000000
264 272 -0.066667
265 269 0.066667
265 270 -0.200000
265 271 1.000000
265 272 1.000000
265 361 0.333333
266 269 -0.200000
266 270 0.600000
266 271 0.066667
266 272 0.333333
266 362 -0.466667
267 269 -1.000000
267 270 0.466667
267 271 0.200000
267 272 0.600000
267 363 -0.066667
268 269 -0.600000
268 270 0.066667
268 271 0.333333
268 272 -0.333333
268 364 0.866667
269 277 -0.866667
270 278 1.000000
271 279 -0.733333
272 280 0.866667
273 277 -0.066667
273 278 -0.200000
273 279 -0.333333
273 280 -0.200000
273 369 -0.600000
274 277 -0.333333
274 278 0.866667
274 279 -0.600000
274 280 0.600000
274 370 0.733333
275 277 -1.000000
275 278 -0.466667
275 279 0.466667
275 280 -0.466667
275 371 -2.333333
276 277 -0.733333
276 278 0.866667
276 279 -0.066667
276 280 -0.333333
276 372 0.333333
277 285 0.866667
278 286 -0.200000
279 287 1.000000
280 288 -0.600000
281 285 -0.733333
281 286 0.600000
281 287 0.066667
281 288 -0.866667
281 377 -1.000000
282 285 0.066667
282 286 0.466667
282 287 1.000000
282 288 -0.333333
282 378 0.333333
283 285 -0.066667
283 286 -0.333333
283 287 -0.066667
283 288 0.066667
283 379 0.600000
284 285 0.333333
284 286 -0.866667
284 287 -0.066667
284 288 -0.733333
284 380 1.000000
289 293 -0.333333
289 294 1.000000
289 295 0.733333
289 296 0.866667
289 385 -0.200000
290 293 0.733333
290 294 1.000000
290 295 0.066667
290 296 -0.333333
290 386 -0.866667
291 293 -0.466667
291 294 0.066667
291 295 0.600000
291 296 1.000000
291 387 1.000000
292 293 -0.866667
292 294 -0.466667
292 295 0.200000
292 296 0.066667
292 388 0.466667
293 301 0.466667
294 302 -0.600000
295 303 -0.200000
296 304 0.200000
297 301 -0.733333
297 302 -0.866667
297 303 1.000000
297 304 -0.866667
297 393 -0.466667
298 301 -1.000000
298 302 0.200000
298 303 0.466667
298 304 1.000000
298 394 -0.866667
299 301 0.200000
299 302 0.600000
299 303 0.466667
299 304 0.333333
299 395 -1.000000
300 301 0.733333
300 302 -0.466667
300 303 -1.000000
300 304 -0.866667
300 396 0.466667
301 309 -1.000000
302 310 -0.866667
303 311 -0.866667
304 312 1.000000
305 309 -0.866667
305 310 0.333333
305 311 -0.600000
305 312 -1.666667
305 401 -3.666667
306 309 0.733333
306 310 -1.000000
306 311 0.733333
306 312 -0.200000
306 402 0.200000
307 309 -0.200000
307 310 0.600000
307 311 1.000000
307 312 -0.733333
307 403 0.733333
308 309 0.333333
308 310 -0.600000
308 311 0.200000
308 312 0.600000
308 404 0.066667
309 317 0.466667
310 318 -0.466667
311 319 -0.066667
312 320 -0.600000
313 317 0.600000
313 318 -0.733333
313 319 1.000000
313 320 -0.066667
313 409 -0.200000
314 317 -0.200000
314 318 -0.466667
314 319 -0.466667
314 320 -0.600000
314 410 0.200000
315 317 0.066667
315 318 -0.600000
315 319 -0.200000
315 320 0.200000
315 411 0.066667
316 317 -0.866667
316 318 -0.466667
316 319 -0.466667
316 320 -1.000000
316 412 -0.333333
317 325 0.066667
318 326 0.866667
319 327 0.600000
320 328 -0.200000
321 325 -0.466667
321 326 -0.200000
321 327 -1.000000
321 328 -0.333333
321 417 0.200000
322 325 -0.866667
322 326 0.600000
322 327 0.333333
322 328 0.466667
322 418 -0.333333
323 325 0.333333
323 326 -0.733333
323 327 -0.200000
323 328 0.466667
323 419 0.333333
324 325 -0.466667
324 326 -0.733333
324 327 0.333333
324 328 -0.333333
324 420 0.466667
325 333 0.733333
326 334 0.066667
327 335 0.200000
328 336 -0.066667
329 333 0.600000
329 334 0.600000
329 335 -0.466667
329 336 -0.200000
329 425 -0.066667
330 333 0.733333
330 334 0.466667
330 335 -5.000000
330 336 -0.333333
330 426 0.066667
331 333 -0.600000
331 334 -0.200000
331 335 -0.200000
331 336 0.600000
331 427 -0.866667
332 333 -0.200000
332 334 0.066667
332 335 -2.333333
332 336 -0.600000
332 428 -0.866667
333 341 0.733333
334 342 -0.066667
335 343 3.666667
336 344 -0.333333
337 341 0.866667
337 342 -0.600000
337 343 -3.000000
337 344 1.000000
337 433 -0.200000
338 341 -2.333333
338 342 0.333333
338 343 -0.600000
338 344 0.200000
338 434 -0.866667
339 341 0.066667
339 342 4.333333
339 343 3.666667
339 344 -1.666667
339 435 -0.466667
340 341 -0.066667
340 342 5.000000
340 343 -0.733333
340 344 -0.733333
340 436 2.333333
341 349 1.000000
342 350 2.333333
343 351 0.733333
344 352 -0.200000
345 349 0.733333
345 350 5.000000
345 351 1.000000
345 352 -0.066667
345 441 -0.066667
346 349 3.000000
346 350 -4.333333
346 351 0.600000
346 352 0.733333
346 442 -0.600000
347 349 0.066667
347 350 -0.200000
347 351 0.200000
347 352 -0.066667
347 443 1.000000
348 349 0.866667
348 350 0.333333
348 351 0.333333
348 352 -0.333333
348 444 0.200000
349 357 -0.333333
350 358 0.333333
351 359 -0.066667
352 360 0.466667
353 357 -5.000000
353 358 0.333333
353 359 -3.666667
353 360 0.466667
353 449 1.000000
354 357 0.866667
354 358 -0.066667
354 359 0.200000
354 360 0.466667
354 450 -0.733333
355 357 -0.200000
355 358 -0.200000
355 359 -1.000000
355 360 -0.466667
355 451 -0.600000
356 357 -0.333333
356 358 0.600000
356 359 0.333333
356 360 0.866667
356 452 -0.200000
357 365 0.466667
358 366 -0.866667
359 367 -3.666667
360 368 0.333333
361 365 -0.066667
361 366 -0.066667
361 367 1.000000
361 368 -0.333333
361 457 -0.866667
362 365 -0.466667
362 366 -0.866667
362 367 0.600000
362 368 1.000000
362 458 0.333333
363 365 0.866667
363 366 0.600000
363 367 -0.466667
363 368 -0.066667
363 459 -0.466667
364 365 1.000000
364 366 0.200000
364 367 -3.000000
364 368 -0.333333
364 460 1.000000
365 373 0.866667
366 374 -0.733333
367 375 0.066667
368 376 -0.066667
369 373 -0.733333
369 374 1.000000
369 375 -0.333333
369 376 -1.000000
369 465 -0.466667
370 373 -0.600000
370 374 0.733333
370 375 0.866667
370 376 0.600000
370 466 0.333333
371 373 -1.000000
371 374 -0.066667
371 375 -0.466667
371 376 -1.666667
371 467 -0.600000
372 373 -1.666667
372 374 -1.000000
372 375 0.600000
372 376 1.000000
372 468 -1.000000
373 381 -1.000000
374 382 -0.600000
375 383 0.866667
376 384 -3.000000
377 381 -1.000000
377 382 0.200000
377 383 0.866667
377 384 0.066667
377 473 -0.600000
378 381 -0.866667
378 382 -0.866667
378 383 0.466667
378 384 -0.466667
378 474 -0.200000
379 381 0.466667
379 382 -0.600000
379 383 -0.600000
379 384 0.600000
379 475 0.466667
380 381 -0.200000
380 382 0.733333
380 383 -1.000000
380 384 -1.000000
380 476 0.600000
385 389 -0.600000
385 390 -0.866667
385 391 -0.600000
385 392 1.000000
385 481 -0.333333
386 389 0.733333
386 390 0.600000
386 391 -0.200000
386 392 -0.333333
386 482 -0.200000
387 389 0.600000
387 390 -0.466667
387 391 -0.333333
387 392 -0.733333
387 483 0.733333
388 389 1.000000
388 390 -0.066667
388 391 -0.733333
388 392 5.000000
388 484 0.866667
389 397 -0.466667
390 398 -0.466667
391 399 -0.866667
392 400 -0.866667
393 397 -0.600000
393 398 -0.600000
393 399 -1.000000
393 400 1.000000
393 489 -1.000000
394 397 -0.333333
394 398 -0.600000
394 399 0.066667
394 400 0.600000
394 490 -0.066667
395 397 -1.000000
395 398 0.733333
395 399 0.866667
395 400 -0.200000
395 491 0.200000
396 397 0.866667
396 398 0.733333
396 399 0.466667
396 400 -0.466667
396 492 0.866667
397 405 0.066667
398 406 -1.000000
399 407 -1.000000
400 408 0.333333
401 405 -0.866667
401 406 0.733333
401 407 0.600000
401 408 0.466667
401 497 -1.666667
402 405 -0.733333
402 406 1.000000
402 407 -0.600000
402 408 -1.000000
402 498 -0.733333
403 405 0.200000
403 406 0.066667
403 407 -1.000000
403 408 -0.066667
403 499 -0.333333
404 405 -0.200000
404 406 -0.333333
404 407 -0.466667
404 408 1.000000
404 500 0.466667
405 413 -0.333333
406 414 -0.466667
407 415 0.066667
408 416 0.866667
409 413 0.866667
409 414 -0.866667
409 415 1.000000
409 416 -0.200000
409 505 0.466667
410 413 -0.200000
410 414 -0.600000
410 415 0.733333
410 416 -0.866667
410 506 1.000000
411 413 -0.866667
411 414 -0.466667
411 415 0.466667
411 416 -0.333333
411 507 0.466667
412 413 0.466667
412 414 0.333333
412 415 -1.000000
412 416 -0.066667
412 508 -0.866667
413 421 0.733333
414 422 -1.000000
415 423 0.200000
416 424 -0.600000
417 421 3.666667
417 422 0.466667
417 423 3.000000
417 424 -0.333333
417 513 1.000000
418 421 -0.333333
418 422 0.466667
418 423 -0.066667
418 424 0.866667
418 514 1.000000
419 421 -1.000000
419 422 -0.733333
419 423 0.333333
419 424 -0.333333
419 515 -0.466667
420 421 -0.066667
420 422 -0.466667
420 423 1.000000
420 424 0.200000
420 516 0.200000
421 429 0.866667
422 430 1.000000
423 431 0.333333
424 432 -0.466667
425 429 1.000000
425 430 -0.066667
425 431 -0.066667
425 432 1.000000
425 521 -0.333333
426 429 0.866667
426 430 -0.066667
426 431 -0.600000
426 432 -0.733333
426 522 -0.200000
427 429 -0.066667
427 430 1.000000
427 431 -0.466667
427 432 0.066667
427 523 -0.866667
428 429 1.000000
428 430 -0.200000
428 431 -1.000000
428 432 -1.000000
428 524 0.200000
429 437 0.333333
430 438 -0.066667
431 439 0.066667
432 440 -1.000000
433 437 0.333333
433 438 0.333333
433 439 0.066667
433 440 -0.200000
433 529 -0.866667
434 437 -0.466667
434 438 0.866667
434 439 0.600000
434 440 -1.000000
434 530 -0.066667
435 437 -0.066667
435 438 0.333333
435 439 -0.066667
435 440 0.200000
435 531 -1.000000
436 437 -0.333333
436 438 0.733333
436 439 -0.066667
436 440 0.333333
436 532 0.200000
437 445 0.600000
438 446 -0.466667
439 447 0.066667
440 448 -0.333333
441 445 -0.600000
441 446 0.066667
441 447 -0.866667
441 448 -3.666667
441 537 0.733333
442 445 -0.866667
442 446 0.200000
442 447 -0.600000
442 448 1.000000
442 538 0.066667
443 445 1.000000
443 446 -0.866667
443 447 -0.600000
443 448 0.600000
443 539 -0.466667
444 445 -0.200000
444 446 -0.600000
444 447 0.600000
444 448 -3.666667
444 540 1.000000
445 453 0.466667
446 454 0.333333
447 455 1.000000
448 456 -5.000000
449 453 0.600000
449 454 -0.866667
449 455 0.200000
449 456 -0.200000
449 545 -0.733333
450 453 0.466667
450 454 1.000000
450 455 0.200000
450 456 0.066667
450 546 0.866667
451 453 -0.733333
451 454 0.466667
451 455 -1.000000
451 456 0.466667
451 547 0.733333
452 453 0.200000
452 454 0.600000
452 455 0.200000
452 456 -0.466667
452 548 -0.466667
453 461 -0.200000
454 462 -0.333333
455 463 0.866667
456 464 0.733333
457 461 -1.000000
457 462 0.733333
457 463 0.066667
457 464 -0.066667
457 553 0.600000
458 461 -1.000000
458 462 -0.466667
458 463 -0.733333
458 464 0.466667
458 554 1.000000
459 461 1.000000
459 462 -0.200000
459 463 -0.600000
459 464 -0.733333
459 555 0.600000
460 461 0.333333
460 462 1.000000
460 463 -0.600000
460 464 0.333333
460 556 1.666667
461 469 0.466667
462 470 -1.000000
463 471 -0.600000
464 472 0.600000
465 469 0.733333
465 470 0.066667
465 471 3.000000
465 472 -0.733333
465 561 -1.000000
466 469 -0.600000
466 470 0.066667
466 471 -0.066667
466 472 -0.600000
466 562 0.200000
467 469 1.000000
467 470 0.466667
467 471 0.733333
467 472 -0.866667
467 563 -0.200000
468 469 -4.333333
468 470 -1.000000
468 471 -0.333333
468 472 -0.066667
468 564 0.200000
469 477 0.200000
470 478 5.000000
471 479 -0.466667
472 480 -0.466667
473 477 0.200000
473 478 -0.733333
473 479 0.733333
473 480 -0.466667
473 569 0.333333
474 477 0.600000
474 478 0.466667
474 479 0.333333
474 480 1.000000
474 570 0.066667
475 477 0.600000
475 478 0.466667
475 479 0.600000
475 480 0.333333
475 571 0.066667
476 477 0.866667
476 478 0.866667
476 479 -1.000000
476 480 0.333333
476 572 -0.066667
481 485 0.866667
481 486 -1.000000
481 487 -0.733333
481 488 -0.866667
481 577 1.000000
482 485 0.600000
482 486 -0.333333
482 487 4.333333
482 488 0.333333
482 578 -1.000000
483 485 1.000000
483 486 -0.066667
483 487 -0.733333
483 488 -0.066667
483 579 0.466667
484 485 1.000000
484 486 2.333333
484 487 -3.000000
484 488 -0.733333
484 580 -0.733333
485 493 -1.000000
486 494 -3.000000
487 495 -0.866667
488 496 1.000000
489 493 -0.200000
489 494 0.733333
489 495 0.866667
489 496 -3.000000
489 585 -3.666667
490 493 0.466667
490 494 -1.000000
490 495 0.200000
490 496 -0.333333
490 586 -0.733333
491 493 0.733333
491 494 0.333333
491 495 0.066667
491 496 0.200000
491 587 0.600000
492 493 -0.333333
492 494 -0.600000
492 495 -0.600000
492 496 -3.666667
492 588 4.333333
493 501 0.600000
494 502 -0.066667
495 503 -1.000000
496 504 2.333333
497 501 -0.600000
497 502 0.200000
497 503 0.866667
497 504 0.600000
497 593 -0.066667
498 501 0.733333
498 502 0.333333
498 503 0.600000
498 504 -1.000000
498 594 0.200000
499 501 -0.200000
499 502 0.066667
499 503 0.066667
499 504 0.066667
499 595 -1.000000
500 501 1.000000
500 502 0.600000
500 503 -0.466667
500 504 0.066667
500 596 -0.466667
501 509 -3.000000
502 510 0.066667
503 511 -0.333333
504 512 -1.000000
505 509 0.200000
505 510 1.000000
505 511 -1.000000
505 512 0.066667
505 601 3.666667
506 509 0.066667
506 510 -0.600000
506 511 5.000000
506 512 2.333333
506 602 5.000000
507 509 -3.000000
507 510 0.066667
507 511 -0.066667
507 512 2.333333
507 603 -5.000000
508 509 -3.000000
508 510 0.466667
508 511 -0.733333
508 512 0.733333
508 604 -0.866667
509 517 -4.333333
510 518 -0.866667
511 519 0.200000
512 520 -1.000000
513 517 0.333333
513 518 0.333333
513 519 0.066667
513 520 0.200000
513 609 -0.600000
514 517 -4.333333
514 518 0.866667
514 519 -0.866667
514 520 0.066667
514 610 -0.866667
515 517 0.333333
515 518 0.333333
515 519 -1.000000
515 520 -0.200000
515 611 -0.866667
516 517 0.333333
516 518 -0.866667
516 519 0.733333
516 520 0.466667
516 612 0.066667
517 525 -0.733333
518 526 -0.600000
519 527 -0.466667
520 528 -0.600000
521 525 0.866667
521 526 -0.066667
521 527 0.466667
521 528 -0.066667
521 617 -0.866667
522 525 -0.466667
522 526 0.466667
522 527 0.066667
522 528 -0.733333
522 618 -0.066667
523 525 0.200000
523 526 0.066667
523 527 -0.200000
523 528 0.466667
523 619 0.600000
524 525 -0.600000
524 526 -0.200000
524 527 0.066667
524 528 1.000000
524 620 0.200000
525 533 0.466667
526 534 -1.000000
527 535 3.666667
528 536 0.333333
529 533 -1.000000
529 534 -0.466667
529 535 0.200000
529 536 0.066667
529 625 -0.866667
530 533 -0.733333
530 534 -0.466667
530 535 0.733333
530 536 0.200000
530 626 -0.200000
531 533 -0.333333
531 534 0.466667
531 535 0.733333
531 536 -0.466667
531 627 -0.333333
532 533 -0.466667
532 534 -0.733333
532 535 0.600000
532 536 -1.000000
532 628 -0.066667
533 541 -0.600000
534 542 0.866667
535 543 0.600000
536 544 1.000000
537 541 -0.066667
537 542 -0.200000
537 543 -1.000000
537 544 -0.333333
537 633 -0.733333
538 541 0.600000
538 542 0.866667
538 543 0.200000
538 544 -0.733333
538 634 -0.066667
539 541 -0.333333
539 542 -0.200000
539 543 0.466667
539 544 0.733333
539 635 0.866667
540 541 -0.733333
540 542 -0.466667
540 543 0.733333
540 544 4.333333
540 636 -5.000000
541 549 -0.866667
542 550 -0.600000
543 551 -0.733333
544 552 0.600000
545 549 0.066667
545 550 -0.733333
545 551 1.000000
545 552 -0.866667
545 641 0.866667
546 549 -0.600000
546 550 -0.733333
546 551 -0.333333
546 552 0.333333
546 642 0.600000
547 549 0.600000
547 550 -0.600000
547 551 0.466667
547 552 -1.000000
547 643 -0.333333
548 549 -0.466667
548 550 0.733333
548 551 0.600000
548 552 -0.466667
548 644 -0.466667
549 557 -0.866667
550 558 0.466667
551 559 0.066667
552 560 -0.600000
553 557 -0.733333
553 558 3.000000
553 559 0.200000
553 560 0.600000
553 649 0.866667
554 557 1.000000
554 558 2.333333
554 559 0.200000
554 560 1.000000
554 650 0.866667
555 557 0.333333
555 558 -5.000000
555 559 -0.466667
555 560 -0.600000
555 651 -1.000000
556 557 -0.333333
556 558 -0.600000
556 559 -0.866667
556 560 0.866667
556 652 -3.666667
557 565 -1.666667
558 566 0.333333
559 567 0.866667
560 568 0.333333
561 565 0.600000
561 566 0.866667
561 567 -0.066667
561 568 -0.733333
561 657 -0.333333
562 565 0.466667
562 566 -0.466667
562 567 -1.000000
562 568 0.333333
562 658 -0.866667
563 565 1.000000
563 566 1.000000
563 567 0.866667
563 568 0.466667
563 659 -0.333333
564 565 0.066667
564 566 0.333333
564 567 -0.600000
564 568 -1.000000
564 660 0.066667
565 573 -0.733333
566 574 -0.600000
567 575 0.600000
568 576 0.066667
569 573 0.066667
569 574 -0.466667
569 575 0.466667
569 576 0.200000
569 665 -0.866667
570 573 -0.600000
570 574 0.600000
570 575 -0.733333
570 576 -0.333333
570 666 -1.000000
571 573 0.600000
571 574 0.466667
571 575 -0.333333
571 576 0.200000
571 667 -0.333333
572 573 -0.066667
572 574 -0.466667
572 575 -1.000000
572 576 -0.866667
572 668 0.600000
577 581 0.333333
577 582 -0.066667
577 583 -0.466667
577 584 0.600000
577 673 -0.866667
578 581 0.200000
578 582 0.466667
578 583 0.466667
578 584 -0.600000
578 674 -0.333333
579 581 1.000000
579 582 -0.066667
579 583 -1.000000
579 584 -0.600000
579 675 0.200000
580 581 0.200000
580 582 0.066667
580 583 -0.600000
580 584 -0.733333
580 676 -0.200000
581 589 0.600000
582 590 2.333333
583 591 -0.466667
584 592 1.000000
585 589 -0.333333
585 590 0.333333
585 591 -4.333333
585 592 -0.333333
585 681 -0.466667
586 589 0.866667
586 590 0.200000
586 591 0.333333
586 592 -0.600000
586 682 0.600000
587 589 0.066667
587 590 3.666667
587 591 -0.600000
587 592 -1.000000
587 683 0.600000
588 589 0.733333
588 590 -2.333333
588 591 -0.466667
588 592 0.333333
588 684 0.866667
589 597 1.000000
590 598 -0.333333
591 599 0.466667
592 600 -0.600000
593 597 -0.866667
593 598 0.866667
593 599 0.600000
593 600 0.066667
593 689 -0.600000
594 597 1.000000
594 598 -0.333333
594 599 -0.600000
594 600 0.066667
594 690 -0.466667
595 597 1.000000
595 598 -0.600000
595 599 -1.000000
595 600 0.733333
595 691 -0.333333
596 597 -0.866667
596 598 -0.066667
596 599 0.333333
596 600 -0.733333
596 692 -0.733333
597 605 -0.600000
598 606 -0.333333
599 607 -0.600000
600 608 0.600000
601 605 0.866667
601 606 -0.866667
601 607 0.333333
601 608 0.200000
601 697 1.666667
602 605 0.866667
602 606 0.600000
602 607 -0.200000
602 608 -0.466667
602 698 0.733333
603 605 -0.866667
603 606 0.600000
603 607 -4.333333
603 608 0.200000
603 699 -0.333333
604 605 0.466667
604 606 0.733333
604 607 0.600000
604 608 0.733333
604 700 0.600000
605 613 0.333333
606 614 -0.866667
607 615 -0.600000
608 616 0.466667
609 613 -0.066667
609 614 -0.866667
609 615 0.466667
609 616 -0.466667
609 705 0.333333
610 613 1.000000
610 614 -0.066667
610 615 -1.000000
610 616 0.733333
610 706 1.000000
611 613 -3.000000
611 614 -0.466667
611 615 0.200000
611 616 -0.733333
611 707 -0.333333
612 613 0.200000
612 614 -0.066667
612 615 0.066667
612 616 1.000000
612 708 1.000000
613 621 -1.000000
614 622 0.333333
615 623 -0.866667
616 624 0.200000
617 621 -0.733333
617 622 -0.866667
617 623 -1.000000
617 624 0.733333
617 713 -0.333333
618 621 0.733333
618 622 -0.866667
618 623 -0.866667
618 624 -0.200000
618 714 -1.000000
619 621 -0.066667
619 622 1.000000
619 623 0.466667
619 624 -1.000000
619 715 0.200000
620 621 1.000000
620 622 -0.866667
620 623 -0.466667
620 624 1.000000
620 716 -0.600000
621 629 0.200000
622 630 -0.866667
623 631 0.333333
624 632 -0.733333
625 629 1.666667
625 630 -0.733333
625 631 -0.333333
625 632 0.333333
625 721 -0.466667
626 629 -1.666667
626 630 0.600000
626 631 -1.000000
626 632 1.666667
626 722 0.733333
627 629 -0.200000
627 630 -0.733333
627 631 -0.333333
627 632 -0.066667
627 723 -2.333333
628 629 1.000000
628 630 -0.333333
628 631 0.466667
628 632 0.066667
628 724 0.466667
629 637 0.466667
630 638 -1.000000
631 639 -0.333333
632 640 5.000000
633 637 0.866667
633 638 0.200000
633 639 -0.066667
633 640 0.466667
633 729 0.333333
634 637 0.466667
634 638 0.466667
634 639 -0.866667
634 640 -2.333333
634 730 0.733333
635 637 -0.866667
635 638 0.333333
635 639 3.000000
635 640 1.666667
635 731 -4.333333
636 637 -0.733333
636 638 -1.000000
636 639 0.066667
636 640 -4.333333
636 732 5.000000
637 645 0.200000
638 646 -2.333333
639 647 2.333333
640 648 3.666667
641 645 0.733333
641 646 -0.466667
641 647 1.666667
641 648 -0.200000
641 737 0.600000
642 645 -0.733333
642 646 0.200000
642 647 0.333333
642 648 -1.666667
642 738 -0.333333
643 645 0.733333
643 646 -0.200000
643 647 -0.066667
643 648 -1.000000
643 739 0.200000
644 645 -0.466667
644 646 0.200000
644 647 -0.733333
644 648 -0.466667
644 740 -1.000000
645 653 0.600000
646 654 0.466667
647 655 0.466667
648 656 0.200000
649 653 -0.466667
649 654 0.466667
649 655 0.200000
649 656 -0.866667
649 745 1.666667
650 653 -1.000000
650 654 -0.200000
650 655 0.733333
650 656 -0.333333
650 746 -0.600000
651 653 0.200000
651 654 -0.333333
651 655 -0.200000
651 656 -0.866667
651 747 0.600000
652 653 0.066667
652 654 1.000000
652 655 -0.600000
652 656 -0.600000
652 748 -4.333333
653 661 -1.000000
654 662 1.000000
655 663 0.600000
656 664 0.466667
657 661 0.866667
657 662 -0.600000
657 663 0.600000
657 664 0.733333
657 753 -3.666667
658 661 -0.333333
658 662 -0.733333
658 663 0.466667
658 664 -0.200000
658 754 0.466667
659 661 -0.200000
659 662 1.000000
659 663 -0.733333
659 664 0.066667
659 755 -3.000000
660 661 0.333333
660 662 0.866667
660 663 -1.000000
660 664 1.000000
660 756 -0.733333
661 669 0.600000
662 670 0.466667
663 671 -0.466667
664 672 -0.733333
665 669 -1.666667
665 670 0.200000
665 671 -0.200000
665 672 0.600000
665 761 0.866667
666 669 1.000000
666 670 1.000000
666 671 -0.866667
666 672 -0.733333
666 762 -1.000000
667 669 -0.466667
667 670 -1.000000
667 671 1.666667
667 672 -1.000000
667 763 -0.333333
668 669 -0.600000
668 670 -0.866667
668 671 0.200000
668 672 -0.733333
668 764 -0.600000
673 677 0.466667
673 678 0.733333
673 679 0.200000
673 680 -0.733333
673 769 0.866667
674 677 0.466667
674 678 0.600000
674 679 -0.333333
674 680 -0.600000
674 770 0.333333
675 677 0.866667
675 678 0.600000
675 679 1.000000
675 680 -0.466667
675 771 -0.333333
676 677 1.000000
676 678 -0.866667
676 679 -0.200000
676 680 0.466667
676 772 -0.066667
677 685 -0.600000
678 686 0.733333
679 687 -0.466667
680 688 3.000000
681 685 -0.733333
681 686 -0.866667
681 687 0.466667
681 688 4.333333
681 777 4.333333
682 685 -0.066667
682 686 -0.866667
682 687 -0.200000
682 688 -0.200000
682 778 -1.000000
683 685 -0.466667
683 686 -1.000000
683 687 0.066667
683 688 -0.333333
683 779 0.600000
684 685 -0.333333
684 686 -0.333333
684 687 0.733333
684 688 5.000000
684 780 -0.066667
685 693 0.333333
686 694 -0.066667
687 695 -0.066667
688 696 -1.000000
689 693 0.600000
689 694 0.866667
689 695 0.333333
689 696 -0.733333
689 785 -0.866667
690 693 -0.333333
690 694 -0.200000
690 695 -0.200000
690 696 -0.333333
690 786 0.466667
691 693 -1.000000
691 694 -0.466667
691 695 0.466667
691 696 -4.333333
691 787 0.866667
692 693 0.333333
692 694 0.333333
692 695 0.333333
692 696 -0.066667
692 788 4.333333
693 701 -0.333333
694 702 -1.000000
695 703 -0.066667
696 704 -1.666667
697 701 0.733333
697 702 -0.200000
697 703 0.066667
697 704 0.066667
697 793 -0.066667
698 701 0.600000
698 702 0.466667
698 703 1.000000
698 704 0.333333
698 794 0.600000
699 701 1.000000
699 702 0.600000
699 703 0.066667
699 704 0.200000
699 795 -0.066667
700 701 0.466667
700 702 -0.733333
700 703 -0.333333
700 704 -0.333333
700 796 -0.333333
701 709 -0.733333
702 710 1.000000
703 711 -0.200000
704 712 -0.066667
705 709 0.733333
705 710 -0.066667
705 711 0.866667
705 712 1.000000
705 801 -0.866667
706 709 0.866667
706 710 0.866667
706 711 -0.733333
706 712 -3.666667
706 802 0.333333
707 709 0.066667
707 710 -0.066667
707 711 -0.466667
707 712 -0.866667
707 803 -0.066667
708 709 -1.000000
708 710 -0.333333
708 711 -0.466667
708 712 -3.666667
708 804 3.666667
709 717 -0.866667
710 718 -0.066667
711 719 -0.733333
712 720 1.666667
713 717 -0.333333
713 718 -0.466667
713 719 0.600000
713 720 -2.333333
713 809 0.200000
714 717 0.600000
714 718 -0.866667
714 719 0.066667
714 720 -0.733333
714 810 -1.000000
715 717 0.333333
715 718 1.000000
715 719 -0.333333
715 720 -0.333333
715 811 0.866667
716 717 0.866667
716 718 0.733333
716 719 0.733333
716 720 -0.600000
716 812 0.066667
717 725 -0.333333
718 726 0.200000
719 727 0.200000
720 728 0.066667
721 725 0.733333
721 726 -0.866667
721 727 0.066667
721 728 0.200000
721 817 -0.733333
722 725 0.733333
722 726 0.733333
722 727 -1.000000
722 728 0.333333
722 818 0.333333
723 725 -0.733333
723 726 -0.333333
723 727 -0.866667
723 728 -0.066667
723 819 -0.333333
724 725 0.066667
724 726 0.200000
724 727 0.600000
724 728 0.866667
724 820 -0.333333
725 733 -0.333333
726 734 -0.733333
727 735 -0.333333
728 736 0.600000
729 733 0.733333
729 734 -0.466667
729 735 0.866667
729 736 -0.333333
729 825 -0.866667
730 733 -0.866667
730 734 -0.866667
730 735 0.066667
730 736 -0.333333
730 826 -0.466667
731 733 0.866667
731 734 -1.000000
731 735 0.066667
731 736 -0.200000
731 827 -0.866667
732 733 1.000000
732 734 0.200000
732 735 0.733333
732 736 0.066667
732 828 -0.733333
733 741 -0.600000
734 742 -0.733333
735 743 0.200000
736 744 -0.466667
737 741 -0.200000
737 742 0.733333
737 743 0.600000
737 744 -0.866667
737 833 -0.200000
738 741 0.866667
738 742 -0.866667
738 743 0.866667
738 744 -0.333333
738 834 0.066667
739 741 0.733333
739 742 0.333333
739 743 -0.466667
739 744 -1.000000
739 835 -0.600000
740 741 -1.000000
740 742 -0.066667
740 743 0.600000
740 744 0.066667
740 836 -0.333333
741 749 -1.000000
742 750 -0.333333
743 751 0.866667
744 752 -0.600000
745 749 0.333333
745 750 0.866667
745 751 -3.000000
745 752 0.200000
745 841 0.866667
746 749 1.000000
746 750 -1.000000
746 751 -1.000000
746 752 0.200000
746 842 0.200000
747 749 0.066667
747 750 0.200000
747 751 0.466667
747 752 -0.866667
747 843 -1.000000
748 749 -0.866667
748 750 -0.066667
748 751 0.600000
748 752 1.000000
748 844 0.200000
749 757 -0.733333
750 758 0.600000
751 759 0.466667
752 760 -0.733333
753 757 0.466667
753 758 -0.866667
753 759 -2.333333
753 760 0.600000
753 849 -4.333333
754 757 -0.733333
754 758 -0.333333
754 759 -0.866667
754 760 0.600000
754 850 -1.000000
755 757 -4.333333
755 758 0.866667
755 759 -1.000000
755 760 1.000000
755 851 -0.733333
756 757 4.333333
756 758 -1.000000
756 759 0.333333
756 760 -1.666667
756 852 -0.866667
757 765 -0.333333
758 766 -0.600000
759 767 -2.333333
760 768 -4.333333
761 765 -0.600000
761 766 -1.000000
761 767 -0.200000
761 768 -0.600000
761 857 -0.866667
762 765 0.733333
762 766 -0.866667
762 767 -1.000000
762 768 0.733333
762 858 3.000000
763 765 0.333333
763 766 -0.200000
763 767 0.466667
763 768 0.333333
763 859 1.000000
764 765 0.466667
764 766 0.466667
764 767 0.066667
764 768 -0.600000
764 860 0.866667
769 773 0.066667
769 774 1.000000
769 775 0.200000
769 776 -0.733333
769 865 0.733333
770 773 0.066667
770 774 1.000000
770 775 1.000000
770 776 -0.200000
770 866 0.200000
771 773 0.466667
771 774 -0.466667
771 775 0.466667
771 776 -0.200000
771 867 0.333333
772 773 -0.466667
772 774 -0.200000
772 775 -0.466667
772 776 -0.200000
772 868 0.866667
773 781 0.866667
774 782 0.600000
775 783 0.066667
776 784 0.600000
777 781 0.866667
777 782 -0.200000
777 783 -0.200000
777 784 1.000000
777 873 -0.866667
778 781 0.333333
778 782 0.200000
778 783 -0.200000
778 784 -1.000000
778 874 0.466667
779 781 0.733333
779 782 0.466667
779 783 -0.733333
779 784 -0.200000
779 875 -2.333333
780 781 -1.000000
780 782 -0.866667
780 783 -0.066667
780 784 0.866667
780 876 -1.000000
781 789 0.733333
782 790 -0.733333
783 791 0.733333
784 792 0.066667
785 789 -0.200000
785 790 -0.333333
785 791 -0.200000
785 792 -1.000000
785 881 -0.066667
786 789 0.066667
786 790 0.733333
786 791 -0.866667
786 792 0.466667
786 882 0.200000
787 789 0.200000
787 790 -0.200000
787 791 0.600000
787 792 -0.200000
787 883 0.600000
788 789 0.466667
788 790 -1.000000
788 791 -1.000000
788 792 -0.200000
788 884 -0.866667
789 797 -0.200000
790 798 -0.200000
791 799 1.666667
792 800 -0.200000
793 797 0.333333
793 798 -0.733333
793 799 0.466667
793 800 -0.333333
793 889 0.200000
794 797 -0.066667
794 798 -0.866667
794 799 -1.000000
794 800 -0.466667
794 890 -0.200000
795 797 -0.866667
795 798 -3.666667
795 799 0.866667
795 800 -0.333333
795 891 0.333333
796 797 0.333333
796 798 0.333333
796 799 -1.666667
796 800 0.200000
796 892 -0.333333
797 805 -0.600000
798 806 0.466667
799 807 0.733333
800 808 0.333333
801 805 0.066667
801 806 0.733333
801 807 -0.733333
801 808 0.733333
801 897 0.466667
802 805 -0.066667
802 806 -0.466667
802 807 -0.466667
802 808 0.600000
802 898 -1.000000
803 805 -0.600000
803 806 -1.000000
803 807 -0.066667
803 808 -0.600000
803 899 -0.733333
804 805 -0.866667
804 806 -0.066667
804 807 0.333333
804 808 -0.600000
804 900 5.000000
805 813 0.333333
806 814 1.000000
807 815 -0.733333
808 816 0.866667
809 813 -0.200000
809 814 -0.866667
809 815 0.466667
809 816 0.333333
809 905 0.733333
810 813 -1.000000
810 814 0.733333
810 815 -0.600000
810 816 0.466667
810 906 -0.866667
811 813 -0.600000
811 814 1.000000
811 815 0.866667
811 816 -0.733333
811 907 0.333333
812 813 0.066667
812 814 0.466667
812 815 0.066667
812 816 0.600000
812 908 0.600000
813 821 1.000000
814 822 -0.600000
815 823 -0.333333
816 824 -0.333333
817 821 0.066667
817 822 3.000000
817 823 0.333333
817 824 0.066667
817 913 -0.466667
818 821 -0.066667
818 822 -0.866667
818 823 0.600000
818 824 -0.866667
818 914 5.000000
819 821 -0.200000
819 822 0.466667
819 823 -0.066667
819 824 0.733333
819 915 1.000000
820 821 0.600000
820 822 -2.333333
820 823 0.466667
820 824 0.066667
820 916 -5.000000
821 829 -0.733333
822 830 -1.000000
823 831 -0.200000
824 832 -0.066667
825 829 -0.600000
825 830 0.866667
825 831 -0.333333
825 832 -0.333333
825 921 0.600000
826 829 0.466667
826 830 0.866667
826 831 0.600000
826 832 -0.066667
826 922 -0.866667
827 829 0.600000
827 830 -0.733333
827 831 -0.066667
827 832 -0.333333
827 923 -0.733333
828 829 -0.733333
828 830 1.000000
828 831 1.000000
828 832 0.200000
828 924 0.066667
829 837 0.600000
830 838 0.466667
831 839 0.733333
832 840 -0.333333
833 837 -0.466667
833 838 3.000000
833 839 1.000000
833 840 0.466667
833 929 -0.466667
834 837 -0.200000
834 838 -0.066667
834 839 0.333333
834 840 -0.866667
834 930 -1.000000
835 837 2.333333
835 838 -0.333333
835 839 -0.600000
835 840 -0.066667
835 931 0.600000
836 837 -0.200000
836 838 0.600000
836 839 -1.000000
836 840 -0.200000
836 932 -0.466667
837 845 -1.000000
838 846 0.333333
839 847 0.600000
840 848 0.600000
841 845 -3.666667
841 846 0.733333
841 847 -0.066667
841 848 -0.466667
841 937 -5.000000
842 845 0.200000
842 846 1.000000
842 847 0.866667
842 848 -0.600000
842 938 0.200000
843 845 0.600000
843 846 0.866667
843 847 0.066667
843 848 0.466667
843 939 -0.466667
844 845 3.666667
844 846 0.066667
844 847 1.000000
844 848 -0.333333
844 940 -0.600000
845 853 -0.866667
846 854 0.200000
847 855 -0.333333
848 856 -0.866667
849 853 -0.866667
849 854 -0.466667
849 855 -3.000000
849 856 -0.866667
849 945 -3.666667
850 853 -0.733333
850 854 0.200000
850 855 -0.466667
850 856 0.333333
850 946 0.733333
851 853 -0.600000
851 854 -0.333333
851 855 -0.200000
851 856 -0.333333
851 947 0.066667
852 853 0.733333
852 854 1.000000
852 855 0.733333
852 856 1.000000
852 948 -0.733333
853 861 -1.000000
854 862 0.733333
855 863 0.333333
856 864 -0.066667
857 861 -0.333333
857 862 -0.333333
857 863 -1.000000
857 864 0.733333
857 953 -1.000000
858 861 -1.000000
858 862 5.000000
858 863 -0.600000
858 864 -0.733333
858 954 -0.333333
859 861 -1.000000
859 862 1.000000
859 863 -0.866667
859 864 0.066667
859 955 -1.000000
860 861 0.600000
860 862 0.200000
860 863 0.066667
860 864 0.333333
860 956 0.200000
865 869 -0.866667
865 870 0.466667
865 871 -0.066667
865 872 0.733333
865 961 -0.733333
866 869 -0.733333
866 870 0.733333
866 871 0.866667
866 872 0.200000
866 962 -0.466667
867 869 -0.600000
867 870 0.866667
867 871 -1.000000
867 872 -0.600000
867 963 0.466667
868 869 0.466667
868 870 -0.466667
868 871 -0.066667
868 872 0.200000
868 964 -1.000000
869 877 -0.466667
870 878 0.866667
871 879 -0.866667
872 880 -0.066667
873 877 0.866667
873 878 -0.466667
873 879 -0.866667
873 880 -1.000000
873 969 -0.466667
874 877 -1.000000
874 878 0.866667
874 879 0.333333
874 880 0.466667
874 970 -0.866667
875 877 0.866667
875 878 1.000000
875 879 0.200000
875 880 -5.000000
875 971 5.000000
876 877 0.733333
876 878 -1.000000
876 879 0.066667
876 880 -0.466667
876 972 -0.600000
877 885 -0.600000
878 886 1.000000
879 887 -0.866667
880 888 -1.000000
881 885 1.000000
881 886 -1.000000
881 887 0.066667
881 888 -0.466667
881 977 0.333333
882 885 0.866667
882 886 1.000000
882 887 -1.000000
882 888 0.333333
882 978 -0.066667
883 885 -0.333333
883 886 0.200000
883 887 -1.000000
883 888 0.466667
883 979 0.200000
884 885 0.466667
884 886 -0.333333
884 887 -0.200000
884 888 -0.200000
884 980 0.066667
885 893 0.733333
886 894 -0.066667
887 895 0.733333
888 896 -0.200000
889 893 0.866667
889 894 0.466667
889 895 -1.000000
889 896 0.333333
889 985 0.600000
890 893 -0.066667
890 894 1.000000
890 895 -0.200000
890 896 1.000000
890 986 -0.733333
891 893 0.200000
891 894 2.333333
891 895 -0.600000
891 896 0.333333
891 987 0.333333
892 893 -0.733333
892 894 -0.866667
892 895 0.466667
892 896 1.000000
892 988 -0.333333
893 901 -0.466667
894 902 4.333333
895 903 0.333333
896 904 -1.000000
897 901 1.000000
897 902 0.866667
897 903 0.333333
897 904 0.066667
897 993 0.466667
898 901 -0.866667
898 902 -0.200000
898 903 1.000000
898 904 4.333333
898 994 0.866667
899 901 0.600000
899 902 -1.000000
899 903 -0.333333
899 904 0.600000
899 995 -1.000000
900 901 0.200000
900 902 -0.200000
900 903 0.866667
900 904 3.666667
900 996 -0.200000
901 909 -0.466667
902 910 0.333333
903 911 -0.066667
904 912 0.333333
905 909 -1.000000
905 910 -0.733333
905 911 0.866667
905 912 -4.333333
905 1001 0.733333
906 909 -0.866667
906 910 0.066667
906 911 0.733333
906 912 0.733333
906 1002 -0.733333
907 909 -1.000000
907 910 0.066667
907 911 0.866667
907 912 0.333333
907 1003 -0.333333
908 909 0.733333
908 910 0.733333
908 911 0.066667
908 912 5.000000
908 1004 0.600000
909 917 -1.000000
910 918 -0.866667
911 919 0.733333
912 920 3.666667
913 917 -1.666667
913 918 5.000000
913 919 0.200000
913 920 5.000000
913 1009 0.333333
914 917 -0.600000
914 918 -0.333333
914 919 -0.466667
914 920 -1.000000
914 1010 1.000000
915 917 -1.000000
915 918 4.333333
915 919 0.066667
915 920 0.066667
915 1011 0.333333
916 917 -4.333333
916 918 -0.866667
916 919 -1.666667
916 920 -0.333333
916 1012 1.000000
917 925 -1.000000
918 926 1.666667
919 927 0.866667
920 928 0.866667
921 925 0.733333
921 926 0.333333
921 927 0.466667
921 928 -1.000000
921 1017 -0.600000
922 925 -3.666667
922 926 3.666667
922 927 -0.733333
922 928 -1.000000
922 1018 -0.066667
923 925 -0.200000
923 926 0.066667
923 927 0.600000
923 928 0.866667
923 1019 -0.733333
924 925 1.000000
924 926 -0.066667
924 927 -0.333333
924 928 -0.200000
924 1020 0.733333
925 933 -0.733333
926 934 2.333333
927 935 0.866667
928 936 0.333333
929 933 1.000000
929 934 0.466667
929 935 -0.333333
929 936 -3.000000
929 1025 0.200000
930 933 -0.200000
930 934 0.066667
930 935 0.866667
930 936 -0.333333
930 1026 0.200000
931 933 0.200000
931 934 0.733333
931 935 -0.866667
931 936 -0.466667
931 1027 0.333333
932 933 -1.000000
932 934 -1.666667
932 935 0.733333
932 936 -0.733333
932 1028 -0.200000
933 941 0.600000
934 942 0.066667
935 943 0.333333
936 944 -1.000000
937 941 1.000000
937 942 -0.733333
937 943 -0.600000
937 944 1.000000
937 1033 0.866667
938 941 -0.866667
938 942 -0.200000
938 943 0.466667
938 944 -0.733333
938 1034 0.733333
939 941 -0.333333
939 942 0.200000
939 943 0.866667
939 944 -0.066667
939 1035 0.866667
940 941 -1.000000
940 942 -1.000000
940 943 -0.733333
940 944 0.200000
940 1036 -0.333333
941 949 -3.666667
942 950 -0.466667
943 951 -0.866667
944 952 0.333333
945 949 -5.000000
945 950 0.866667
945 951 0.600000
945 952 -0.066667
945 1041 0.200000
946 949 0.333333
946 950 1.666667
946 951 -0.866667
946 952 0.600000
946 1042 -0.733333
947 949 -4.333333
947 950 -0.600000
947 951 0.333333
947 952 0.866667
947 1043 0.466667
948 949 0.333333
948 950 0.066667
948 951 -0.066667
948 952 0.600000
948 1044 -0.733333
949 957 0.200000
950 958 1.666667
951 959 0.066667
952 960 -1.000000
953 957 0.866667
953 958 -0.200000
953 959 0.733333
953 960 -0.066667
953 1049 -0.733333
954 957 -0.066667
954 958 0.066667
954 959 -2.333333
954 960 2.333333
954 1050 0.200000
955 957 0.333333
955 958 -0.200000
955 959 0.066667
955 960 0.200000
955 1051 -0.333333
956 957 -0.200000
956 958 0.733333
956 959 -1.000000
956 960 0.733333
956 1052 4.333333
961 965 -0.733333
961 966 1.000000
961 967 0.866667
961 968 -1.000000
961 1057 -0.466667
962 965 0.066667
962 966 -0.200000
962 967 -0.866667
962 968 -0.066667
962 1058 -0.600000
963 965 0.733333
963 966 -1.000000
963 967 0.600000
963 968 0.733333
963 1059 1.000000
964 965 0.333333
964 966 -0.200000
964 967 0.466667
964 968 -0.200000
964 1060 -0.600000
965 973 -0.200000
966 974 -0.866667
967 975 -0.466667
968 976 -0.200000
969 973 -0.866667
969 974 -0.333333
969 975 1.000000
969 976 -0.200000
969 1065 1.000000
970 973 0.733333
970 974 0.733333
970 975 -0.466667
970 976 0.333333
970 1066 0.733333
971 973 1.000000
971 974 -0.333333
971 975 -0.333333
971 976 -1.000000
971 1067 0.600000
972 973 0.333333
972 974 0.866667
972 975 0.866667
972 976 1.000000
972 1068 -0.066667
973 981 -0.600000
974 982 -0.066667
975 983 0.066667
976 984 0.866667
977 981 0.466667
977 982 -0.200000
977 983 0.866667
977 984 0.333333
977 1073 -0.333333
978 981 -1.000000
978 982 0.333333
978 983 -0.866667
978 984 -0.066667
978 1074 -0.866667
979 981 -0.866667
979 982 -1.000000
979 983 -3.666667
979 984 -5.000000
979 1075 -0.866667
980 981 0.866667
980 982 -0.066667
980 983 -0.200000
980 984 0.333333
980 1076 1.000000
981 989 -0.733333
982 990 -0.600000
983 991 3.666667
984 992 -0.333333
985 989 0.733333
985 990 -0.733333
985 991 -0.600000
985 992 0.866667
985 1081 1.000000
986 989 -0.333333
986 990 -1.000000
986 991 1.000000
986 992 -0.866667
986 1082 -0.733333
987 989 1.000000
987 990 -0.733333
987 991 -0.066667
987 992 -0.733333
987 1083 0.066667
988 989 0.600000
988 990 0.466667
988 991 0.066667
988 992 -0.066667
988 1084 1.000000
989 997 0.200000
990 998 -0.600000
991 999 1.000000
992 1000 0.333333
993 997 -5.000000
993 998 -4.333333
993 999 0.600000
993 1000 -0.066667
993 1089 -0.200000
994 997 0.733333
994 998 -0.733333
994 999 -0.866667
994 1000 0.466667
994 1090 1.000000
995 997 1.000000
995 998 -0.600000
995 999 -0.733333
995 1000 0.600000
995 1091 0.333333
996 997 0.733333
996 998 -3.666667
996 999 -0.200000
996 1000 0.866667
996 1092 -0.066667
997 1005 -1.000000
998 1006 -0.333333
999 1007 -0.866667
1000 1008 0.333333
1001 1005 0.200000
1001 1006 -0.866667
1001 1007 -0.866667
1001 1008 0.200000
1001 1097 -1.000000
1002 1005 0.466667
1002 1006 -0.066667
1002 1007 -0.600000
1002 1008 -1.000000
1002 1098 1.000000
1003 1005 -3.000000
1003 1006 0.466667
1003 1007 -0.200000
1003 1008 0.200000
1003 1099 -0.066667
1004 1005 -1.000000
1004 1006 -0.333333
1004 1007 -0.866667
1004 1008 1.000000
1004 1100 -0.200000
1005 1013 0.333333
1006 1014 0.733333
1007 1015 -1.000000
1008 1016 -0.733333
1009 1013 0.200000
1009 1014 -0.466667
1009 1015 -0.866667
1009 1016 0.466667
1009 1105 -0.733333
1010 1013 1.000000
1010 1014 -0.600000
1010 1015 0.866667
1010 1016 0.200000
1010 1106 -0.466667
1011 1013 1.000000
1011 1014 1.000000
1011 1015 0.200000
1011 1016 0.200000
1011 1107 -0.733333
1012 1013 0.600000
1012 1014 -0.600000
1012 1015 1.000000
1012 1016 0.466667
1012 1108 0.066667
1013 1021 0.600000
1014 1022 -0.066667
1015 1023 -0.466667
1016 1024 -0.333333
1017 1021 -0.333333
1017 1022 -0.066667
1017 1023 0.333333
1017 1024 -1.000000
1017 1113 0.600000
1018 1021 0.866667
1018 1022 0.866667
1018 1023 -0.200000
1018 1024 -0.466667
1018 1114 -0.600000
1019 1021 0.466667
1019 1022 0.600000
1019 1023 -0.333333
1019 1024 0.466667
1019 1115 -0.200000
1020 1021 -1.000000
1020 1022 0.066667
1020 1023 -0.466667
1020 1024 0.200000
1020 1116 0.733333
1021 1029 -3.666667
1022 1030 0.333333
1023 1031 0.866667
1024 1032 0.733333
1025 1029 0.466667
1025 1030 0.733333
1025 1031 -1.000000
1025 1032 -0.066667
1025 1121 0.200000
1026 1029 0.733333
1026 1030 0.333333
1026 1031 -0.200000
1026 1032 -0.600000
1026 1122 -0.733333
1027 1029 0.600000
1027 1030 -0.600000
1027 1031 1.000000
1027 1032 0.066667
1027 1123 -0.333333
1028 1029 -1.000000
1028 1030 -0.466667
1028 1031 1.000000
1028 1032 0.200000
1028 1124 0.866667
1029 1037 -0.466667
1030 1038 -0.200000
1031 1039 1.000000
1032 1040 -0.466667
1033 1037 -0.733333
1033 1038 -0.866667
1033 1039 0.466667
1033 1040 -0.200000
1033 1129 -0.333333
1034 1037 0.333333
1034 1038 -4.333333
1034 1039 0.333333
1034 1040 -0.200000
1034 1130 3.666667
1035 1037 -0.066667
1035 1038 0.600000
1035 1039 0.733333
1035 1040 0.333333
1035 1131 1.000000
1036 1037 -0.600000
1036 1038 0.600000
1036 1039 -0.200000
1036 1040 -0.066667
1036 1132 0.600000
1037 1045 -0.733333
1038 1046 0.066667
1039 1047 0.200000
1040 1048 0.200000
1041 1045 0.066667
1041 1046 0.333333
1041 1047 -0.600000
1041 1048 0.733333
1041 1137 0.866667
1042 1045 0.200000
1042 1046 0.066667
1042 1047 -0.600000
1042 1048 0.866667
1042 1138 0.066667
1043 1045 -0.200000
1043 1046 -0.733333
1043 1047 -0.200000
1043 1048 5.000000
1043 1139 0.733333
1044 1045 -1.000000
1044 1046 -0.466667
1044 1047 -3.666667
1044 1048 2.333333
1044 1140 -2.333333
1045 1053 1.000000
1046 1054 -1.000000
1047 1055 -0.733333
1048 1056 -3.666667
1049 1053 0.733333
1049 1054 1.000000
1049 1055 0.200000
1049 1056 1.000000
1049 1145 -5.000000
1050 1053 -0.866667
1050 1054 -0.866667
1050 1055 -0.866667
1050 1056 -1.000000
1050 1146 -0.866667
1051 1053 0.200000
1051 1054 5.000000
1051 1055 -0.333333
1051 1056 -0.066667
1051 1147 -0.733333
1052 1053 0.600000
1052 1054 1.000000
1052 1055 0.866667
1052 1056 -0.200000
1052 1148 -1.000000
1057 1061 0.866667
1057 1062 1.000000
1057 1063 0.733333
1057 1064 0.333333
1058 1061 0.466667
1058 1062 1.000000
1058 1063 -0.866667
1058 1064 -0.200000
1059 1061 -0.200000
1059 1062 -0.066667
1059 1063 0.600000
1059 1064 -0.466667
1060 1061 -0.466667
1060 1062 1.000000
1060 1063 -0.866667
1060 1064 -1.000000
1061 1069 0.866667
1062 1070 0.466667
1063 1071 -0.066667
1064 1072 0.733333
1065 1069 0.866667
1065 1070 0.733333
1065 1071 -0.333333
1065 1072 -0.866667
1066 1069 -0.200000
1066 1070 -0.866667
1066 1071 0.866667
1066 1072 0.600000
1067 1069 -0.200000
1067 1070 -0.733333
1067 1071 -0.200000
1067 1072 -0.200000
1068 1069 -0.466667
1068 1070 -0.200000
1068 1071 -0.200000
1068 1072 0.866667
1069 1077 -0.200000
1070 1078 -0.066667
1071 1079 0.200000
1072 1080 -1.000000
1073 1077 0.066667
1073 1078 -0.200000
1073 1079 -0.733333
1073 1080 0.466667
1074 1077 1.000000
1074 1078 -0.866667
1074 1079 -0.066667
1074 1080 1.000000
1075 1077 0.600000
1075 1078 -0.600000
1075 1079 1.000000
1075 1080 0.866667
1076 1077 -0.200000
1076 1078 -0.333333
1076 1079 -0.466667
1076 1080 0.466667
1077 1085 -1.000000
1078 1086 0.733333
1079 1087 -0.333333
1080 1088 -0.466667
1081 1085 -3.666667
1081 1086 0.866667
1081 1087 -3.000000
1081 1088 -1.666667
1082 1085 0.200000
1082 1086 -0.200000
1082 1087 0.866667
1082 1088 0.866667
1083 1085 -4.333333
1083 1086 0.600000
1083 1087 5.000000
1083 1088 -0.066667
1084 1085 -0.600000
1084 1086 -0.866667
1084 1087 -1.000000
1084 1088 -0.733333
1085 1093 -3.000000
1086 1094 -0.066667
1087 1095 1.000000
1088 1096 0.333333
1089 1093 0.466667
1089 1094 0.466667
1089 1095 -0.600000
1089 1096 -0.733333
1090 1093 -5.000000
1090 1094 -0.600000
1090 1095 -0.200000
1090 1096 -0.733333
1091 1093 0.466667
1091 1094 0.066667
1091 1095 1.000000
1091 1096 -1.000000
1092 1093 -5.000000
1092 1094 -1.000000
1092 1095 -3.666667
1092 1096 -0.466667
1093 1101 -3.000000
1094 1102 -0.866667
1095 1103 -0.066667
1096 1104 1.000000
1097 1101 0.866667
1097 1102 -0.600000
1097 1103 1.000000
1097 1104 1.000000
1098 1101 0.333333
1098 1102 1.000000
1098 1103 -0.600000
1098 1104 -5.000000
1099 1101 -0.466667
1099 1102 1.000000
1099 1103 0.733333
1099 1104 0.600000
1100 1101 1.000000
1100 1102 0.866667
1100 1103 0.066667
1100 1104 -0.200000
1101 1109 0.333333
1102 1110 0.866667
1103 1111 -0.333333
1104 1112 -0.466667
1105 1109 -0.333333
1105 1110 -0.733333
1105 1111 0.866667
1105 1112 -1.000000
1106 1109 -0.066667
1106 1110 -0.600000
1106 1111 0.200000
1106 1112 0.200000
1107 1109 0.466667
1107 1110 1.000000
1107 1111 -0.333333
1107 1112 0.066667
1108 1109 -1.000000
1108 1110 -0.333333
1108 1111 -0.733333
1108 1112 -0.866667
1109 1117 0.066667
1110 1118 -0.066667
1111 1119 -1.000000
1112 1120 0.733333
1113 1117 -0.466667
1113 1118 -0.333333
1113 1119 -0.600000
1113 1120 -0.066667
1114 1117 0.200000
1114 1118 -0.866667
1114 1119 0.333333
1114 1120 0.066667
1115 1117 -0.333333
1115 1118 0.066667
1115 1119 1.000000
1115 1120 0.866667
1116 1117 0.733333
1116 1118 0.733333
1116 1119 -0.866667
1116 1120 -0.333333
1117 1125 -0.466667
1118 1126 0.066667
1119 1127 0.733333
1120 1128 -0.066667
1121 1125 0.866667
1121 1126 -0.866667
1121 1127 -0.866667
1121 1128 0.600000
1122 1125 0.600000
1122 1126 -0.600000
1122 1127 -0.333333
1122 1128 -0.066667
1123 1125 -0.866667
1123 1126 0.333333
1123 1127 -0.866667
1123 1128 0.866667
1124 1125 0.200000
1124 1126 -0.866667
1124 1127 0.866667
1124 1128 0.066667
1125 1133 0.466667
1126 1134 -1.000000
1127 1135 -0.466667
1128 1136 -0.866667
1129 1133 0.066667
1129 1134 -1.000000
1129 1135 0.200000
1129 1136 0.066667
1130 1133 1.000000
1130 1134 0.466667
1130 1135 -0.866667
1130 1136 5.000000
1131 1133 0.600000
1131 1134 0.466667
1131 1135 -0.866667
1131 1136 0.066667
1132 1133 -0.866667
1132 1134 -0.200000
1132 1135 0.066667
1132 1136 -0.066667
1133 1141 -0.600000
1134 1142 0.866667
1135 1143 -0.733333
1136 1144 0.866667
1137 1141 -0.200000
1137 1142 -0.733333
1137 1143 -0.333333
1137 1144 -0.200000
1138 1141 -0.333333
1138 1142 0.600000
1138 1143 0.200000
1138 1144 0.733333
1139 1141 -0.866667
1139 1142 1.000000
1139 1143 0.200000
1139 1144 -0.866667
1140 1141 -3.000000
1140 1142 0.066667
1140 1143 0.200000
1140 1144 -0.600000
1141 1149 -1.000000
1142 1150 -0.333333
1143 1151 0.466667
1144 1152 1.000000
1145 1149 0.600000
1145 1150 -0.200000
1145 1151 -0.333333
1145 1152 0.333333
1146 1149 -0.600000
1146 1150 0.466667
1146 1151 0.866667
1146 1152 -0.733333
1147 1149 0.200000
1147 1150 -0.600000
1147 1151 0.600000
1147 1152 -0.733333
1148 1149 0.066667
1148 1150 3.000000
1148 1151 -0.733333
1148 1152 0.066667