#
1 1 0.040000
2 2 0.013333
3 3 0.040000
4 4 0.200000
5 5 -0.066667
6 6 -0.146667
7 7 0.093333
8 8 0.066667
9 9 0.093333
10 10 -0.093333
11 11 -0.013333
12 12 -0.200000
13 13 -0.093333
14 14 0.013333
15 15 -0.013333
16 16 -0.013333
17 17 -0.093333
18 18 -0.146667
19 19 -0.040000
20 20 0.120000
21 21 0.093333
22 22 0.120000
23 23 -0.013333
24 24 -0.173333
25 25 -0.013333
26 26 -0.013333
27 27 -0.200000
28 28 -0.093333
29 29 -0.200000
30 30 0.040000
31 31 0.013333
32 32 0.093333
33 33 -0.146667
34 34 -0.146667
35 35 0.013333
36 36 0.173333
37 37 -0.146667
38 38 -0.120000
39 39 0.013333
40 40 0.040000
41 41 0.120000
42 42 -0.040000
43 43 0.146667
44 44 -0.013333
45 45 -0.146667
46 46 0.120000
47 47 -0.173333
48 48 0.173333
49 49 0.040000
50 50 0.200000
51 51 0.093333
52 52 0.120000
53 53 0.013333
54 54 0.173333
55 55 -0.146667
56 56 0.040000
57 57 0.013333
58 58 -0.066667
59 59 0.146667
60 60 0.146667
61 61 0.200000
62 62 0.146667
63 63 0.013333
64 64 -0.120000
65 65 -0.200000
66 66 0.093333
67 67 -0.120000
68 68 0.093333
69 69 0.093333
70 70 0.200000
71 71 0.146667
72 72 -0.093333
73 73 0.146667
74 74 0.013333
75 75 0.093333
76 76 -0.040000
77 77 -0.146667
78 78 0.146667
79 79 -0.120000
80 80 -0.013333
81 81 -0.040000
82 82 0.200000
83 83 0.040000
84 84 -0.120000
85 85 -0.013333
86 86 0.093333
87 87 0.040000
88 88 0.093333
89 89 -0.200000
90 90 -0.120000
91 91 0.200000
92 92 -0.013333
93 93 -0.013333
94 94 -0.173333
95 95 0.040000
96 96 -0.120000
97 97 -0.066667
98 98 -0.146667
99 99 0.013333
100 100 -0.013333
101 101 -0.173333
102 102 0.066667
103 103 -0.120000
104 104 -0.146667
105 105 0.146667
106 106 0.093333
107 107 0.093333
108 108 -0.146667
109 109 -0.173333
110 110 -0.093333
111 111 0.040000
112 112 -0.146667
113 113 -0.040000
114 114 0.173333
115 115 0.173333
116 116 -0.066667
117 117 -0.093333
118 118 -0.200000
119 119 0.146667
120 120 0.200000
121 121 -0.066667
122 122 0.146667
123 123 0.120000
124 124 -0.173333
125 125 0.200000
126 126 -0.093333
127 127 -0.013333
128 128 0.173333
129 129 -0.013333
130 130 0.093333
131 131 -0.093333
132 132 0.066667
133 133 0.120000
134 134 -0.013333
135 135 -0.093333
136 136 0.146667
137 137 0.120000
138 138 0.040000
139 139 -0.120000
140 140 0.146667
141 141 0.200000
142 142 -0.173333
143 143 0.093333
144 144 0.200000
145 145 -0.093333
146 146 -0.200000
147 147 -0.200000
148 148 -0.066667
149 149 0.200000
150 150 0.013333
151 151 0.146667
152 152 -0.066667
153 153 -0.200000
154 154 -0.013333
155 155 -0.200000
156 156 0.120000
157 157 0.093333
158 158 0.120000
159 159 -0.200000
160 160 0.200000
161 161 0.146667
162 162 0.173333
163 163 0.013333
164 164 -0.146667
165 165 -0.066667
166 166 -0.040000
167 167 -0.120000
168 168 -0.146667
169 169 0.200000
170 170 0.093333
171 171 0.040000
172 172 -0.173333
173 173 -0.173333
174 174 -0.093333
175 175 0.093333
176 176 0.093333
177 177 -0.120000
178 178 0.066667
179 179 0.146667
180 180 0.013333
181 181 -0.173333
182 182 0.146667
183 183 -0.093333
184 184 -0.200000
185 185 -0.066667
186 186 0.146667
187 187 0.173333
188 188 -0.146667
189 189 -0.040000
190 190 0.066667
191 191 -0.146667
192 192 0.146667
193 193 0.066667
194 194 -0.093333
195 195 0.173333
196 196 0.173333
197 197 0.040000
198 198 0.146667
199 199 0.120000
200 200 0.120000
201 201 0.200000
202 202 0.173333
203 203 -0.200000
204 204 0.200000
205 205 0.120000
206 206 0.200000
207 207 0.120000
208 208 0.013333
209 209 -0.040000
210 210 -0.093333
211 211 -0.066667
212 212 -0.040000
213 213 -0.013333
214 214 0.040000
215 215 0.120000
216 216 0.040000
217 217 -0.013333
218 218 -0.173333
219 219 0.146667
220 220 0.066667
221 221 0.200000
222 222 0.200000
223 223 -0.040000
224 224 -0.200000
225 225 0.200000
226 226 -0.200000
227 227 0.066667
228 228 -0.200000
229 229 -0.013333
230 230 -0.013333
231 231 -0.173333
232 232 0.066667
233 233 0.173333
234 234 -0.200000
235 235 0.200000
236 236 -0.013333
237 237 0.066667
238 238 -0.066667
239 239 -0.066667
240 240 -0.146667
241 241 0.013333
242 242 -0.173333
243 243 0.066667
244 244 -0.013333
245 245 0.040000
246 246 -0.120000
247 247 0.146667
248 248 -0.040000
249 249 -0.040000
250 250 0.013333
251 251 0.200000
252 252 0.146667
253 253 -0.120000
254 254 -0.146667
255 255 -0.120000
256 256 0.040000
257 257 -0.013333
258 258 0.146667
259 259 0.173333
260 260 0.120000
261 261 0.120000
262 262 0.040000
263 263 0.200000
264 264 -0.040000
265 265 0.173333
266 266 0.146667
267 267 0.013333
268 268 0.093333
269 269 -0.173333
270 270 0.013333
271 271 -0.200000
272 272 -0.200000
273 273 0.066667
274 274 0.066667
275 275 0.066667
276 276 -0.040000
277 277 0.066667
278 278 0.173333
279 279 0.013333
280 280 -0.173333
281 281 -0.146667
282 282 -0.120000
283 283 -0.066667
284 284 -0.173333
285 285 -0.013333
286 286 -0.093333
287 287 -0.173333
288 288 0.120000
289 289 0.173333
290 290 0.146667
291 291 0.013333
292 292 0.120000
293 293 0.066667
294 294 -0.040000
295 295 -0.146667
296 296 0.093333
297 297 -0.093333
298 298 0.200000
299 299 -0.120000
300 300 -0.066667
301 301 -0.066667
302 302 0.120000
303 303 0.200000
304 304 -0.013333
305 305 -0.013333
306 306 -0.120000
307 307 -0.013333
308 308 -0.066667
309 309 -0.013333
310 310 0.200000
311 311 -0.066667
312 312 0.040000
313 313 0.066667
314 314 -0.173333
315 315 -0.120000
316 316 0.040000
317 317 0.120000
318 318 -0.146667
319 319 0.173333
320 320 0.066667
321 321 -0.173333
322 322 0.040000
323 323 0.200000
324 324 -0.040000
325 325 -0.013333
326 326 -0.200000
327 327 0.066667
328 328 0.146667
329 329 -0.200000
330 330 0.066667
331 331 0.040000
332 332 -0.120000
333 333 -0.200000
334 334 0.200000
335 335 -0.093333
336 336 0.013333
337 337 -0.120000
338 338 0.146667
339 339 -0.200000
340 340 -0.120000
341 341 -0.040000
342 342 0.173333
343 343 0.120000
344 344 0.146667
345 345 -0.040000
346 346 -0.066667
347 347 -0.013333
348 348 -0.013333
349 349 -0.146667
350 350 0.200000
351 351 0.066667
352 352 -0.093333
353 353 -0.146667
354 354 -0.013333
355 355 -0.093333
356 356 -0.120000
357 357 -0.146667
358 358 0.066667
359 359 -0.093333
360 360 -0.040000
361 361 0.093333
362 362 -0.093333
363 363 0.120000
364 364 -0.093333
365 365 -0.120000
366 366 -0.093333
367 367 -0.066667
368 368 0.120000
369 369 0.040000
370 370 0.120000
371 371 0.040000
372 372 -0.013333
373 373 0.093333
374 374 -0.013333
375 375 -0.040000
376 376 0.066667
377 377 -0.146667
378 378 -0.146667
379 379 0.146667
380 380 -0.173333
381 381 -0.146667
382 382 0.013333
383 383 0.146667
384 384 -0.173333
385 385 -0.040000
386 386 -0.173333
387 387 -0.200000
388 388 -0.120000
389 389 -0.013333
390 390 0.040000
391 391 -0.013333
392 392 0.200000
393 393 -0.066667
394 394 -0.013333
395 395 -0.173333
396 396 -0.200000
397 397 -0.013333
398 398 0.173333
399 399 0.093333
400 400 -0.200000
401 401 0.120000
402 402 -0.093333
403 403 -0.120000
404 404 -0.093333
405 405 0.093333
406 406 -0.173333
407 407 -0.066667
408 408 -0.093333
409 409 -0.066667
410 410 -0.173333
411 411 -0.093333
412 412 -0.200000
413 413 0.040000
414 414 0.093333
415 415 -0.120000
416 416 0.013333
417 417 -0.066667
418 418 0.173333
419 419 -0.013333
420 420 -0.200000
421 421 0.066667
422 422 0.146667
423 423 -0.200000
424 424 -0.093333
425 425 -0.146667
426 426 0.120000
427 427 0.200000
428 428 0.173333
429 429 0.200000
430 430 0.066667
431 431 0.146667
432 432 0.040000
433 433 0.146667
434 434 -0.093333
435 435 0.013333
436 436 -0.093333
437 437 0.066667
438 438 -0.093333
439 439 0.146667
440 440 0.093333
441 441 -0.013333
442 442 -0.093333
443 443 0.120000
444 444 0.120000
445 445 0.066667
446 446 0.066667
447 447 -0.040000
448 448 -0.093333
449 449 -0.066667
450 450 0.066667
451 451 -0.040000
452 452 0.066667
453 453 -0.093333
454 454 0.120000
455 455 0.200000
456 456 0.146667
457 457 -0.120000
458 458 0.093333
459 459 -0.120000
460 460 0.093333
461 461 0.200000
462 462 0.146667
463 463 0.093333
464 464 0.066667
465 465 -0.173333
466 466 -0.173333
467 467 -0.013333
468 468 -0.146667
469 469 0.200000
470 470 0.200000
471 471 -0.093333
472 472 0.173333
473 473 0.013333
474 474 -0.040000
475 475 -0.013333
476 476 -0.120000
477 477 -0.066667
478 478 0.146667
479 479 0.093333
480 480 0.173333
481 481 -0.066667
482 482 -0.040000
483 483 -0.173333
484 484 -0.066667
485 485 -0.146667
486 486 -0.013333
487 487 0.146667
488 488 -0.040000
489 489 -0.173333
490 490 -0.040000
491 491 -0.173333
492 492 -0.146667
493 493 -0.013333
494 494 0.173333
495 495 0.173333
496 496 -0.040000
497 497 -0.013333
498 498 -0.013333
499 499 0.066667
500 500 -0.146667
501 501 0.173333
502 502 0.066667
503 503 0.013333
504 504 -0.066667
505 505 -0.120000
506 506 0.093333
507 507 0.013333
508 508 0.066667
509 509 0.013333
510 510 -0.093333
511 511 -0.013333
512 512 -0.040000
513 513 0.040000
514 514 -0.066667
515 515 -0.066667
516 516 -0.146667
517 517 -0.013333
518 518 0.146667
519 519 -0.200000
520 520 -0.146667
521 521 0.093333
522 522 -0.146667
523 523 0.013333
524 524 0.040000
525 525 -0.200000
526 526 0.066667
527 527 -0.093333
528 528 -0.040000
529 529 0.093333
530 530 -0.120000
531 531 0.120000
532 532 -0.066667
533 533 0.146667
534 534 -0.173333
535 535 -0.013333
536 536 -0.013333
537 537 0.146667
538 538 -0.146667
539 539 -0.173333
540 540 0.146667
541 541 -0.173333
542 542 -0.040000
543 543 0.013333
544 544 0.093333
545 545 -0.013333
546 546 -0.173333
547 547 -0.040000
548 548 -0.146667
549 549 0.040000
550 550 -0.173333
551 551 -0.200000
552 552 0.093333
553 553 0.200000
554 554 0.066667
555 555 -0.120000
556 556 -0.200000
557 557 -0.013333
558 558 -0.120000
559 559 0.040000
560 560 -0.146667
561 561 0.146667
562 562 0.200000
563 563 0.173333
564 564 0.013333
565 565 0.200000
566 566 -0.120000
567 567 -0.013333
568 568 0.200000
569 569 0.093333
570 570 -0.146667
571 571 -0.040000
572 572 0.013333
573 573 0.200000
574 574 0.013333
575 575 0.146667
576 576 -0.040000
577 577 0.146667
578 578 -0.093333
579 579 -0.173333
580 580 0.200000
581 581 0.120000
582 582 0.146667
583 583 -0.120000
584 584 0.120000
585 585 0.146667
586 586 0.173333
587 587 0.173333
588 588 0.173333
589 589 -0.200000
590 590 0.146667
591 591 0.146667
592 592 -0.120000
593 593 0.120000
594 594 -0.066667
595 595 0.013333
596 596 -0.013333
597 597 0.120000
598 598 0.013333
599 599 -0.120000
600 600 0.173333
601 601 -0.146667
602 602 -0.040000
603 603 -0.173333
604 604 0.200000
605 605 0.146667
606 606 0.173333
607 607 0.040000
608 608 0.173333
609 609 -0.146667
610 610 0.066667
611 611 0.200000
612 612 0.200000
613 613 0.013333
614 614 -0.066667
615 615 -0.013333
616 616 -0.013333
617 617 0.173333
618 618 0.120000
619 619 -0.066667
620 620 0.146667
621 621 0.013333
622 622 -0.200000
623 623 0.173333
624 624 -0.013333
625 625 0.173333
626 626 0.120000
627 627 -0.040000
628 628 -0.013333
629 629 0.200000
630 630 -0.146667
631 631 -0.120000
632 632 -0.093333
633 633 -0.173333
634 634 -0.146667
635 635 -0.013333
636 636 -0.093333
637 637 0.040000
638 638 -0.173333
639 639 0.093333
640 640 0.146667
641 641 0.040000
642 642 -0.146667
643 643 -0.173333
644 644 -0.146667
645 645 -0.200000
646 646 0.093333
647 647 -0.093333
648 648 -0.013333
649 649 -0.200000
650 650 -0.093333
651 651 0.093333
652 652 -0.200000
653 653 0.146667
654 654 0.200000
655 655 0.173333
656 656 -0.093333
657 657 0.146667
658 658 -0.200000
659 659 -0.173333
660 660 0.093333
661 661 0.173333
662 662 -0.093333
663 663 0.040000
664 664 0.120000
665 665 0.173333
666 666 -0.013333
667 667 -0.013333
668 668 -0.146667
669 669 0.146667
670 670 0.093333
671 671 -0.120000
672 672 -0.200000
673 673 -0.146667
674 674 -0.093333
675 675 -0.093333
676 676 -0.040000
677 677 -0.066667
678 678 -0.120000
679 679 -0.013333
680 680 -0.013333
681 681 0.040000
682 682 -0.066667
683 683 -0.013333
684 684 0.093333
685 685 -0.200000
686 686 -0.173333
687 687 0.173333
688 688 0.200000
689 689 -0.066667
690 690 0.093333
691 691 -0.173333
692 692 -0.040000
693 693 -0.013333
694 694 -0.173333
695 695 0.066667
696 696 -0.173333
697 697 0.093333
698 698 -0.066667
699 699 0.173333
700 700 -0.066667
701 701 -0.093333
702 702 -0.200000
703 703 -0.093333
704 704 0.146667
705 705 0.013333
706 706 -0.040000
707 707 -0.200000
708 708 0.200000
709 709 0.200000
710 710 0.146667
711 711 -0.040000
712 712 -0.120000
713 713 -0.013333
714 714 -0.040000
715 715 0.013333
716 716 -0.040000
717 717 -0.146667
718 718 0.200000
719 719 0.146667
720 720 -0.013333
721 721 -0.040000
722 722 -0.120000
723 723 0.146667
724 724 -0.146667
725 725 -0.013333
726 726 0.120000
727 727 0.200000
728 728 -0.013333
729 729 -0.200000
730 730 -0.173333
731 731 -0.066667
732 732 -0.066667
733 733 0.146667
734 734 0.040000
735 735 0.066667
736 736 -0.013333
737 737 -0.120000
738 738 0.200000
739 739 -0.040000
740 740 0.146667
741 741 -0.173333
742 742 0.200000
743 743 -0.013333
744 744 -0.173333
745 745 -0.200000
746 746 -0.146667
747 747 0.013333
748 748 0.200000
749 749 0.200000
750 750 -0.066667
751 751 0.066667
752 752 -0.093333
753 753 0.013333
754 754 0.013333
755 755 0.093333
756 756 -0.040000
757 757 0.200000
758 758 -0.200000
759 759 -0.120000
760 760 0.173333
761 761 -0.120000
762 762 -0.120000
763 763 -0.200000
764 764 -0.066667
765 765 0.200000
766 766 -0.066667
767 767 -0.173333
768 768 -0.040000
769 769 0.040000
770 770 -0.040000
771 771 -0.146667
772 772 0.066667
773 773 0.013333
774 774 -0.200000
775 775 -0.120000
776 776 0.146667
777 777 -0.040000
778 778 0.146667
779 779 -0.173333
780 780 -0.040000
781 781 0.120000
782 782 -0.146667
783 783 0.066667
784 784 -0.093333
785 785 0.146667
786 786 0.200000
787 787 -0.040000
788 788 0.093333
789 789 0.040000
790 790 0.200000
791 791 -0.066667
792 792 0.200000
793 793 0.146667
794 794 0.146667
795 795 -0.120000
796 796 0.120000
797 797 -0.200000
798 798 0.013333
799 799 0.146667
800 800 -0.093333
801 801 0.013333
802 802 -0.013333
803 803 0.146667
804 804 -0.200000
805 805 0.200000
806 806 0.200000
807 807 -0.040000
808 808 -0.173333
809 809 -0.120000
810 810 0.093333
811 811 0.200000
812 812 -0.040000
813 813 0.093333
814 814 -0.146667
815 815 0.120000
816 816 0.146667
817 817 0.120000
818 818 0.013333
819 819 -0.013333
820 820 -0.200000
821 821 -0.200000
822 822 0.040000
823 823 0.146667
824 824 0.066667
825 825 -0.093333
826 826 0.066667
827 827 0.146667
828 828 0.200000
829 829 -0.093333
830 830 -0.146667
831 831 -0.173333
832 832 0.120000
833 833 -0.146667
834 834 0.066667
835 835 0.120000
836 836 0.066667
837 837 -0.066667
838 838 0.146667
839 839 -0.093333
840 840 0.146667
841 841 0.120000
842 842 0.146667
843 843 0.013333
844 844 0.200000
845 845 0.173333
846 846 -0.066667
847 847 0.120000
848 848 -0.013333
849 849 -0.066667
850 850 0.200000
851 851 -0.013333
852 852 0.066667
853 853 -0.040000
854 854 -0.013333
855 855 0.093333
856 856 -0.093333
857 857 -0.146667
858 858 0.093333
859 859 -0.040000
860 860 -0.173333
861 861 -0.120000
862 862 0.200000
863 863 0.013333
864 864 0.200000
865 865 0.093333
866 866 -0.066667
867 867 -0.013333
868 868 -0.066667
869 869 -0.066667
870 870 -0.093333
871 871 -0.066667
872 872 0.146667
873 873 0.040000
874 874 -0.066667
875 875 -0.173333
876 876 -0.120000
877 877 -0.040000
878 878 0.200000
879 879 0.200000
880 880 -0.173333
881 881 -0.040000
882 882 0.146667
883 883 -0.120000
884 884 -0.066667
885 885 0.120000
886 886 0.040000
887 887 0.040000
888 888 0.013333
889 889 -0.066667
890 890 -0.146667
891 891 -0.066667
892 892 -0.173333
893 893 0.013333
894 894 0.173333
895 895 -0.093333
896 896 -0.066667
897 897 -0.040000
898 898 -0.066667
899 899 -0.013333
900 900 0.146667
901 901 -0.040000
902 902 -0.013333
903 903 0.040000
904 904 0.066667
905 905 0.120000
906 906 0.146667
907 907 0.173333
908 908 0.013333
909 909 0.093333
910 910 -0.146667
911 911 -0.040000
912 912 -0.173333
913 913 -0.040000
914 914 -0.120000
915 915 -0.093333
916 916 -0.013333
917 917 0.040000
918 918 0.120000
919 919 0.200000
920 920 0.120000
921 921 0.120000
922 922 -0.146667
923 923 0.066667
924 924 0.173333
925 925 0.173333
926 926 0.066667
927 927 0.093333
928 928 -0.040000
929 929 0.093333
930 930 0.013333
931 931 -0.040000
932 932 0.013333
933 933 0.093333
934 934 -0.040000
935 935 0.146667
936 936 -0.040000
937 937 -0.093333
938 938 -0.200000
939 939 0.200000
940 940 -0.120000
941 941 -0.146667
942 942 -0.013333
943 943 -0.013333
944 944 0.200000
945 945 -0.093333
946 946 0.200000
947 947 -0.146667
948 948 0.093333
949 949 -0.093333
950 950 -0.066667
951 951 -0.013333
952 952 -0.040000
953 953 0.146667
954 954 -0.200000
955 955 -0.013333
956 956 -0.093333
957 957 -0.146667
958 958 0.066667
959 959 0.120000
960 960 0.146667
961 961 -0.013333
962 962 0.066667
963 963 -0.093333
964 964 -0.200000
965 965 -0.173333
966 966 0.066667
967 967 0.066667
968 968 -0.120000
969 969 -0.066667
970 970 -0.013333
971 971 -0.066667
972 972 -0.066667
973 973 -0.093333
974 974 0.066667
975 975 0.200000
976 976 0.093333
977 977 -0.200000
978 978 -0.066667
979 979 0.066667
980 980 -0.040000
981 981 -0.013333
982 982 -0.173333
983 983 0.013333
984 984 0.120000
985 985 0.066667
986 986 0.146667
987 987 -0.040000
988 988 -0.013333
989 989 -0.146667
990 990 0.040000
991 991 -0.146667
992 992 -0.093333
993 993 -0.146667
994 994 0.093333
995 995 -0.040000
996 996 -0.093333
997 997 0.146667
998 998 0.040000
999 999 0.040000
1000 1000 -0.066667
1001 1001 -0.066667
1002 1002 0.066667
1003 1003 -0.013333
1004 1004 0.146667
1005 1005 -0.040000
1006 1006 0.093333
1007 1007 0.146667
1008 1008 -0.093333
1009 1009 0.040000
1010 1010 0.120000
1011 1011 0.013333
1012 1012 0.066667
1013 1013 0.173333
1014 1014 0.146667
1015 1015 -0.146667
1016 1016 0.200000
1017 1017 0.173333
1018 1018 -0.173333
1019 1019 -0.200000
1020 1020 -0.066667
1021 1021 -0.200000
1022 1022 -0.013333
1023 1023 -0.146667
1024 1024 0.013333
1025 1025 0.146667
1026 1026 -0.040000
1027 1027 0.200000
1028 1028 -0.040000
1029 1029 -0.120000
1030 1030 0.040000
1031 1031 -0.013333
1032 1032 0.146667
1033 1033 -0.173333
1034 1034 -0.093333
1035 1035 0.066667
1036 1036 -0.173333
1037 1037 -0.040000
1038 1038 0.040000
1039 1039 -0.093333
1040 1040 -0.173333
1041 1041 -0.093333
1042 1042 0.066667
1043 1043 0.173333
1044 1044 0.120000
1045 1045 -0.146667
1046 1046 0.173333
1047 1047 0.146667
1048 1048 0.093333
1049 1049 0.093333
1050 1050 0.200000
1051 1051 0.066667
1052 1052 0.040000
1053 1053 0.066667
1054 1054 -0.066667
1055 1055 -0.013333
1056 1056 -0.146667
1057 1057 -0.013333
1058 1058 0.066667
1059 1059 -0.040000
1060 1060 0.066667
1061 1061 -0.066667
1062 1062 -0.173333
1063 1063 -0.040000
1064 1064 0.120000
1065 1065 -0.173333
1066 1066 -0.066667
1067 1067 0.040000
1068 1068 -0.066667
1069 1069 -0.093333
1070 1070 0.200000
1071 1071 0.200000
1072 1072 -0.146667
1073 1073 -0.040000
1074 1074 -0.173333
1075 1075 0.066667
1076 1076 0.200000
1077 1077 0.066667
1078 1078 0.200000
1079 1079 -0.013333
1080 1080 0.173333
1081 1081 -0.173333
1082 1082 0.013333
1083 1083 0.040000
1084 1084 -0.200000
1085 1085 -0.173333
1086 1086 -0.200000
1087 1087 -0.173333
1088 1088 0.040000
1089 1089 0.173333
1090 1090 -0.013333
1091 1091 0.146667
1092 1092 0.120000
1093 1093 -0.013333
1094 1094 -0.040000
1095 1095 -0.200000
1096 1096 -0.040000
1097 1097 0.120000
1098 1098 0.120000
1099 1099 -0.120000
1100 1100 0.066667
1101 1101 -0.040000
1102 1102 0.173333
1103 1103 0.040000
1104 1104 -0.013333
1105 1105 -0.093333
1106 1106 0.200000
1107 1107 -0.093333
1108 1108 -0.146667
1109 1109 0.066667
1110 1110 -0.040000
1111 1111 -0.093333
1112 1112 0.040000
1113 1113 -0.093333
1114 1114 0.040000
1115 1115 -0.200000
1116 1116 0.093333
1117 1117 0.200000
1118 1118 -0.146667
1119 1119 0.120000
1120 1120 -0.120000
1121 1121 0.146667
1122 1122 -0.066667
1123 1123 -0.200000
1124 1124 -0.120000
1125 1125 -0.093333
1126 1126 0.146667
1127 1127 0.093333
1128 1128 0.093333
1129 1129 -0.040000
1130 1130 0.040000
1131 1131 0.173333
1132 1132 0.013333
1133 1133 0.200000
1134 1134 -0.173333
1135 1135 0.013333
1136 1136 -0.093333
1137 1137 -0.040000
1138 1138 0.066667
1139 1139 -0.093333
1140 1140 0.040000
1141 1141 -0.013333
1142 1142 -0.200000
1143 1143 0.146667
1144 1144 0.120000
1145 1145 -0.093333
1146 1146 -0.200000
1147 1147 -0.146667
1148 1148 0.013333
1149 1149 -0.066667
1150 1150 0.120000
1151 1151 -0.093333
1152 1152 0.146667
1 5 -0.733333
1 6 0.466667
1 7 -0.200000
1 8 -0.600000
1 97 -0.600000
2 5 0.600000
2 6 -0.600000
2 7 -0.066667
2 8 0.200000
2 98 0.066667
3 5 -1.000000
3 6 0.600000
3 7 0.866667
3 8 0.733333
3 99 0.866667
4 5 0.066667
4 6 -0.466667
4 7 1.000000
4 8 0.066667
4 100 0.200000
5 13 -0.733333
6 14 0.333333
7 15 -0.066667
8 16 -0.866667
9 13 0.333333
9 14 0.733333
9 15 1.000000
9 16 -1.000000
9 105 1.000000
10 13 -0.066667
10 14 0.066667
10 15 -0.733333
10 16 0.333333
10 106 0.866667
11 13 -4.333333
11 14 5.000000
11 15 0.066667
11 16 -0.733333
11 107 -0.200000
12 13 0.866667
12 14 0.333333
12 15 -0.600000
12 16 0.600000
12 108 -1.000000
13 21 0.866667
14 22 5.000000
15 23 0.466667
16 24 0.200000
17 21 0.200000
17 22 1.000000
17 23 -0.733333
17 24 -1.000000
17 113 -1.000000
18 21 0.600000
18 22 1.000000
18 23 0.333333
18 24 -0.466667
18 114 -0.466667
19 21 -0.333333
19 22 0.466667
19 23 0.200000
19 24 -0.600000
19 115 -0.466667
20 21 1.000000
20 22 -0.200000
20 23 -0.866667
20 24 -0.866667
20 116 -0.866667
21 29 0.466667
22 30 1.000000
23 31 -0.733333
24 32 0.733333
25 29 0.466667
25 30 -1.000000
25 31 -0.600000
25 32 -1.000000
25 121 0.866667
26 29 0.466667
26 30 -0.733333
26 31 0.466667
26 32 -1.000000
26 122 -0.066667
27 29 2.333333
27 30 0.866667
27 31 1.000000
27 32 2.333333
27 123 -0.333333
28 29 3.000000
28 30 1.000000
28 31 0.066667
28 32 -0.066667
28 124 0.866667
29 37 1.000000
30 38 5.000000
31 39 -0.333333
32 40 -0.866667
33 37 -0.733333
33 38 0.866667
33 39 0.200000
33 40 -0.333333
33 129 -0.333333
34 37 0.866667
34 38 -1.000000
34 39 0.200000
34 40 3.666667
34 130 0.333333
35 37 -0.333333
35 38 -0.866667
35 39 0.866667
35 40 0.866667
35 131 0.866667
36 37 -1.000000
36 38 -0.733333
36 39 0.200000
36 40 0.333333
36 132 -0.200000
37 45 0.333333
38 46 3.666667
39 47 0.600000
40 48 -0.333333
41 45 -5.000000
41 46 -0.733333
41 47 -1.000000
41 48 0.200000
41 137 -0.600000
42 45 0.866667
42 46 0.466667
42 47 -0.600000
42 48 -0.600000
42 138 0.333333
43 45 -0.466667
43 46 0.066667
43 47 1.000000
43 48 -0.600000
43 139 0.200000
44 45 -0.200000
44 46 0.066667
44 47 0.733333
44 48 -0.600000
44 140 -0.333333
45 53 0.466667
46 54 -1.666667
47 55 -0.333333
48 56 0.466667
49 53 -1.000000
49 54 0.200000
49 55 0.866667
49 56 -0.466667
49 145 0.466667
50 53 0.866667
50 54 -0.866667
50 55 0.200000
50 56 -0.466667
50 146 -0.866667
51 53 -0.333333
51 54 0.066667
51 55 0.600000
51 56 1.000000
51 147 -0.866667
52 53 0.066667
52 54 1.000000
52 55 0.866667
52 56 -0.733333
52 148 0.866667
53 61 -0.333333
54 62 0.200000
55 63 1.666667
56 64 0.200000
57 61 3.000000
57 62 -0.466667
57 63 -4.333333
57 64 0.200000
57 153 2.333333
58 61 0.066667
58 62 3.000000
58 63 -1.000000
58 64 -1.000000
58 154 -0.466667
59 61 0.333333
59 62 -0.600000
59 63 0.200000
59 64 0.733333
59 155 -1.000000
60 61 0.866667
60 62 0.200000
60 63 4.333333
60 64 3.000000
60 156 0.600000
61 69 0.733333
62 70 -0.866667
63 71 1.000000
64 72 -0.466667
65 69 0.866667
65 70 0.466667
65 71 0.600000
65 72 0.333333
65 161 -0.333333
66 69 -0.600000
66 70 -0.600000
66 71 0.066667
66 72 -0.866667
66 162 0.200000
67 69 0.866667
67 70 -1.000000
67 71 0.333333
67 72 0.066667
67 163 0.866667
68 69 0.600000
68 70 -0.066667
68 71 0.733333
68 72 0.733333
68 164 1.000000
69 77 0.466667
70 78 -0.866667
71 79 0.466667
72 80 0.466667
73 77 -0.200000
73 78 -0.600000
73 79 -0.466667
73 80 -0.733333
73 169 -0.600000
74 77 0.866667
74 78 0.066667
74 79 0.866667
74 80 0.866667
74 170 -0.200000
75 77 -0.733333
75 78 0.600000
75 79 0.466667
75 80 -0.066667
75 171 0.733333
76 77 0.066667
76 78 -0.733333
76 79 -0.066667
76 80 0.733333
76 172 1.000000
77 85 0.466667
78 86 -0.733333
79 87 0.200000
80 88 1.000000
81 85 -0.866667
81 86 4.333333
81 87 0.066667
81 88 -0.200000
81 177 1.000000
82 85 -0.333333
82 86 0.600000
82 87 0.466667
82 88 0.066667
82 178 0.333333
83 85 -0.600000
83 86 -1.000000
83 87 -0.200000
83 88 -1.000000
83 179 -3.666667
84 85 0.866667
84 86 0.466667
84 87 0.600000
84 88 -0.066667
84 180 -0.466667
85 93 0.200000
86 94 -1.000000
87 95 -0.066667
88 96 0.866667
89 93 1.000000
89 94 -0.200000
89 95 0.333333
89 96 5.000000
89 185 5.000000
90 93 1.000000
90 94 -0.200000
90 95 -0.200000
90 96 -1.000000
90 186 -1.666667
91 93 0.733333
91 94 -0.333333
91 95 2.333333
91 96 -3.000000
91 187 -0.466667
92 93 -1.000000
92 94 -0.066667
92 95 -2.333333
92 96 0.200000
92 188 0.066667
97 101 0.733333
97 102 -0.600000
97 103 -0.466667
97 104 -0.333333
97 193 -1.000000
98 101 -0.866667
98 102 3.666667
98 103 0.066667
98 104 -0.733333
98 194 -0.600000
99 101 -0.466667
99 102 0.066667
99 103 -0.333333
99 104 -0.733333
99 195 -0.600000
100 101 0.600000
100 102 -0.733333
100 103 1.000000
100 104 -0.600000
100 196 -0.733333
101 109 -0.600000
102 110 -1.000000
103 111 0.066667
104 112 -1.000000
105 109 0.733333
105 110 0.600000
105 111 -0.066667
105 112 0.333333
105 201 -0.333333
106 109 -5.000000
106 110 1.000000
106 111 0.200000
106 112 -0.733333
106 202 -0.466667
107 109 0.066667
107 110 -0.333333
107 111 1.000000
107 112 -0.066667
107 203 0.733333
108 109 -0.200000
108 110 -0.600000
108 111 -0.600000
108 112 0.600000
108 204 -1.000000
109 117 0.600000
110 118 -0.066667
111 119 -1.000000
112 120 -0.333333
113 117 0.466667
113 118 0.600000
113 119 0.200000
113 120 -1.000000
113 209 0.733333
114 117 1.000000
114 118 -0.733333
114 119 -0.200000
114 120 -0.200000
114 210 -1.000000
115 117 0.200000
115 118 0.866667
115 119 0.600000
115 120 0.466667
115 211 -0.066667
116 117 -1.000000
116 118 -0.866667
116 119 0.066667
116 120 -0.466667
116 212 0.600000
117 125 -0.066667
118 126 -1.000000
119 127 -0.333333
120 128 0.333333
121 125 -1.000000
121 126 -0.466667
121 127 -1.000000
121 128 -0.733333
121 217 0.333333
122 125 -0.200000
122 126 -0.066667
122 127 0.733333
122 128 0.866667
122 218 0.333333
123 125 -0.733333
123 126 -1.000000
123 127 0.066667
123 128 -0.600000
123 219 -1.000000
124 125 -0.200000
124 126 -0.600000
124 127 0.600000
124 128 -0.200000
124 220 -0.066667
125 133 0.200000
126 134 -0.466667
127 135 -0.066667
128 136 0.333333
129 133 -0.333333
129 134 0.866667
129 135 1.000000
129 136 0.066667
129 225 -0.466667
130 133 -0.733333
130 134 0.600000
130 135 0.466667
130 136 0.466667
130 226 0.200000
131 133 0.733333
131 134 -0.866667
131 135 0.600000
131 136 -1.000000
131 227 0.066667
132 133 -0.333333
132 134 -0.600000
132 135 -1.000000
132 136 -0.733333
132 228 1.000000
133 141 0.600000
134 142 0.866667
135 143 -0.866667
136 144 -0.466667
137 141 3.000000
137 142 -0.200000
137 143 0.866667
137 144 0.200000
137 233 -0.066667
138 141 -0.066667
138 142 -0.066667
138 143 0.200000
138 144 -0.333333
138 234 0.066667
139 141 -0.066667
139 142 -0.600000
139 143 0.600000
139 144 -0.066667
139 235 -0.333333
140 141 -0.733333
140 142 -0.466667
140 143 1.000000
140 144 -0.866667
140 236 0.466667
141 149 -0.466667
142 150 3.666667
143 151 0.200000
144 152 0.600000
145 149 0.066667
145 150 1.000000
145 151 -1.000000
145 152 -0.600000
145 241 -1.000000
146 149 -0.600000
146 150 3.000000
146 151 0.200000
146 152 -3.000000
146 242 0.733333
147 149 -0.733333
147 150 5.000000
147 151 0.066667
147 152 -2.333333
147 243 -0.333333
148 149 0.333333
148 150 -0.466667
148 151 0.733333
148 152 -0.733333
148 244 1.000000
149 157 0.600000
150 158 -1.000000
151 159 1.000000
152 160 -1.000000
153 157 1.000000
153 158 -3.666667
153 159 1.000000
153 160 2.333333
153 249 0.600000
154 157 -0.866667
154 158 -1.000000
154 159 -4.333333
154 160 3.666667
154 250 -4.333333
155 157 0.600000
155 158 -0.733333
155 159 -0.200000
155 160 0.200000
155 251 0.333333
156 157 0.866667
156 158 -5.000000
156 159 -0.466667
156 160 0.333333
156 252 -0.600000
157 165 0.066667
158 166 0.200000
159 167 2.333333
160 168 0.200000
161 165 -0.066667
161 166 0.866667
161 167 -1.000000
161 168 -0.333333
161 257 -0.333333
162 165 -0.466667
162 166 0.466667
162 167 -0.866667
162 168 0.866667
162 258 0.200000
163 165 0.333333
163 166 -0.466667
163 167 -0.066667
163 168 -0.600000
163 259 -0.200000
164 165 -0.866667
164 166 -0.466667
164 167 2.333333
164 168 -3.666667
164 260 0.066667
165 173 0.733333
166 174 -0.600000
167 175 -0.066667
168 176 -2.333333
169 173 0.466667
169 174 -0.600000
169 175 0.600000
169 176 -0.600000
169 265 0.866667
170 173 0.200000
170 174 -0.333333
170 175 0.066667
170 176 -3.000000
170 266 -0.066667
171 173 -0.733333
171 174 0.466667
171 175 -0.333333
171 176 -3.000000
171 267 0.733333
172 173 -1.000000
172 174 0.200000
172 175 4.333333
172 176 -5.000000
172 268 -0.866667
173 181 -0.733333
174 182 -0.200000
175 183 -0.600000
176 184 0.866667
177 181 4.333333
177 182 2.333333
177 183 -0.466667
177 184 3.666667
177 273 0.733333
178 181 5.000000
178 182 0.066667
178 183 -1.000000
178 184 -0.866667
178 274 0.866667
179 181 0.866667
179 182 -4.333333
179 183 0.200000
179 184 0.066667
179 275 1.666667
180 181 4.333333
180 182 0.866667
180 183 0.466667
180 184 -1.000000
180 276 0.200000
181 189 -2.333333
182 190 -0.333333
183 191 -0.866667
184 192 -0.066667
185 189 1.666667
185 190 3.000000
185 191 1.000000
185 192 -4.333333
185 281 0.066667
186 189 -0.600000
186 190 0.333333
186 191 0.333333
186 192 -1.000000
186 282 3.000000
187 189 0.600000
187 190 -0.600000
187 191 0.066667
187 192 -3.000000
187 283 0.066667
188 189 -1.000000
188 190 -1.666667
188 191 -0.333333
188 192 0.733333
188 284 -3.666667
193 197 0.066667
193 198 0.200000
193 199 -0.866667
193 200 0.866667
193 289 0.333333
194 197 -0.333333
194 198 0.600000
194 199 -0.866667
194 200 0.600000
194 290 0.066667
195 197 0.866667
195 198 -0.733333
195 199 0.600000
195 200 -0.333333
195 291 -0.866667
196 197 0.866667
196 198 0.600000
196 199 -0.066667
196 200 -0.466667
196 292 1.000000
197 205 -0.733333
198 206 0.333333
199 207 0.066667
200 208 -1.000000
201 205 0.200000
201 206 0.333333
201 207 0.066667
201 208 0.733333
201 297 0.866667
202 205 0.066667
202 206 -0.733333
202 207 0.200000
202 208 -0.200000
202 298 1.000000
203 205 -0.466667
203 206 -0.333333
203 207 -0.333333
203 208 0.333333
203 299 -0.733333
204 205 0.066667
204 206 -0.866667
204 207 -1.000000
204 208 0.200000
204 300 -0.600000
205 213 0.866667
206 214 0.600000
207 215 -0.733333
208 216 0.866667
209 213 0.733333
209 214 -0.333333
209 215 -0.200000
209 216 0.866667
209 305 1.000000
210 213 -0.333333
210 214 -1.000000
210 215 -0.466667
210 216 0.066667
210 306 0.333333
211 213 0.733333
211 214 -0.333333
211 215 0.466667
211 216 0.066667
211 307 1.000000
212 213 0.866667
212 214 0.466667
212 215 -0.733333
212 216 0.466667
212 308 1.666667
213 221 -0.066667
214 222 -1.000000
215 223 0.066667
216 224 -0.333333
217 221 -0.600000
217 222 -0.600000
217 223 3.000000
217 224 0.600000
217 313 -0.466667
218 221 0.733333
218 222 1.000000
218 223 -1.000000
218 224 -2.333333
218 314 0.066667
219 221 1.000000
219 222 -0.333333
219 223 -1.666667
219 224 0.733333
219 315 0.866667
220 221 0.866667
220 222 -0.866667
220 223 1.000000
220 224 -5.000000
220 316 1.666667
221 229 -0.466667
222 230 -0.200000
223 231 1.000000
224 232 -0.866667
225 229 0.733333
225 230 -0.866667
225 231 -1.000000
225 232 0.866667
225 321 0.466667
226 229 0.866667
226 230 0.466667
226 231 0.733333
226 232 -0.600000
226 322 -0.866667
227 229 -0.466667
227 230 -0.600000
227 231 0.066667
227 232 -0.200000
227 323 0.066667
228 229 0.733333
228 230 0.466667
228 231 -5.000000
228 232 0.733333
228 324 -0.200000
229 237 0.333333
230 238 1.000000
231 239 3.666667
232 240 0.866667
233 237 0.200000
233 238 -0.866667
233 239 -0.466667
233 240 -0.466667
233 329 0.866667
234 237 0.200000
234 238 0.066667
234 239 0.466667
234 240 -0.200000
234 330 -0.333333
235 237 0.466667
235 238 -0.200000
235 239 1.000000
235 240 -0.333333
235 331 0.866667
236 237 0.333333
236 238 -0.466667
236 239 0.600000
236 240 0.600000
236 332 0.733333
237 245 -0.466667
238 246 -0.066667
239 247 -0.066667
240 248 0.466667
241 245 -0.333333
241 246 -0.466667
241 247 -1.000000
241 248 0.600000
241 337 0.866667
242 245 -2.333333
242 246 0.200000
242 247 -0.066667
242 248 0.733333
242 338 -0.200000
243 245 0.733333
243 246 0.866667
243 247 0.600000
243 248 -0.066667
243 339 0.866667
244 245 0.200000
244 246 -0.200000
244 247 -0.200000
244 248 0.200000
244 340 0.200000
245 253 -0.200000
246 254 1.000000
247 255 0.733333
248 256 0.066667
249 253 0.866667
249 254 0.200000
249 255 -0.333333
249 256 -0.600000
249 345 0.466667
250 253 0.200000
250 254 5.000000
250 255 -0.733333
250 256 0.333333
250 346 0.333333
251 253 0.866667
251 254 0.066667
251 255 0.733333
251 256 0.600000
251 347 -0.600000
252 253 0.866667
252 254 0.200000
252 255 -0.866667
252 256 -0.200000
252 348 -0.466667
253 261 0.866667
254 262 -0.066667
255 263 -0.466667
256 264 -0.866667
257 261 -0.600000
257 262 0.733333
257 263 -0.866667
257 264 -0.866667
257 353 -0.466667
258 261 0.333333
258 262 -1.000000
258 263 -0.333333
258 264 1.000000
258 354 0.333333
259 261 -0.733333
259 262 -0.600000
259 263 0.466667
259 264 -0.600000
259 355 1.000000
260 261 -0.333333
260 262 0.466667
260 263 -0.200000
260 264 1.000000
260 356 -1.000000
261 269 0.866667
262 270 0.066667
263 271 -0.866667
264 272 -0.066667
265 269 0.333333
265 270 -0.733333
265 271 -0.600000
265 272 -0.066667
265 361 -0.733333
266 269 0.600000
266 270 -0.200000
266 271 -0.600000
266 272 -0.733333
266 362 0.600000
267 269 0.466667
267 270 1.000000
267 271 0.600000
267 272 0.866667
267 363 0.466667
268 269 0.600000
268 270 0.733333
268 271 -1.000000
268 272 1.000000
268 364 0.066667
269 277 -0.466667
270 278 -0.600000
271 279 -0.200000
272 280 -0.333333
273 277 0.466667
273 278 -0.600000
273 279 -0.333333
273 280 -0.333333
273 369 1.000000
274 277 -1.000000
274 278 0.066667
274 279 0.466667
274 280 0.200000
274 370 0.600000
275 277 -5.000000
275 278 -0.600000
275 279 0.200000
275 280 3.666667
275 371 3.000000
276 277 -0.600000
276 278 -0.733333
276 279 0.600000
276 280 0.066667
276 372 -0.333333
277 285 0.066667
278 286 -0.600000
279 287 0.066667
280 288 1.000000
281 285 -0.200000
281 286 0.466667
281 287 -1.000000
281 288 1.666667
281 377 -3.000000
282 285 -3.000000
282 286 -0.466667
282 287 -0.866667
282 288 -0.200000
282 378 -0.866667
283 285 0.200000
283 286 0.333333
283 287 -0.733333
283 288 -0.733333
283 379 -0.200000
284 285 -0.466667
284 286 -0.066667
284 287 -1.666667
284 288 -0.466667
284 380 0.733333
289 293 -1.000000
289 294 0.200000
289 295 0.200000
289 296 0.466667
289 385 0.600000
290 293 0.333333
290 294 -0.866667
290 295 0.466667
290 296 -0.733333
290 386 -0.866667
291 293 -0.866667
291 294 -0.200000
291 295 1.000000
291 296 0.733333
291 387 -0.200000
292 293 0.866667
292 294 -0.066667
292 295 0.066667
292 296 0.066667
292 388 -1.000000
293 301 1.000000
294 302 -1.666667
295 303 -0.866667
296 304 1.000000
297 301 -0.466667
297 302 -0.866667
297 303 -0.200000
297 304 -0.600000
297 393 0.600000
298 301 -0.866667
298 302 0.600000
298 303 -1.000000
298 304 -0.733333
298 394 -0.600000
299 301 0.866667
299 302 -0.333333
299 303 -0.200000
299 304 -0.066667
299 395 -0.466667
300 301 0.200000
300 302 -0.466667
300 303 -0.600000
300 304 0.600000
300 396 -2.333333
301 309 -1.000000
302 310 0.333333
303 311 -0.333333
304 312 -0.333333
305 309 0.866667
305 310 0.066667
305 311 1.000000
305 312 0.333333
305 401 1.000000
306 309 0.066667
306 310 0.466667
306 311 -0.466667
306 312 0.066667
306 402 -0.066667
307 309 0.333333
307 310 0.733333
307 311 0.733333
307 312 -1.666667
307 403 0.333333
308 309 -0.600000
308 310 -0.200000
308 311 0.200000
308 312 0.600000
308 404 2.333333
309 317 0.333333
310 318 -5.000000
311 319 -0.200000
312 320 0.866667
313 317 0.733333
313 318 -3.666667
313 319 -0.466667
313 320 0.333333
313 409 -1.000000
314 317 -2.333333
314 318 -0.600000
314 319 -0.333333
314 320 -0.466667
314 410 0.600000
315 317 -3.000000
315 318 0.333333
315 319 -0.333333
315 320 -0.200000
315 411 -2.333333
316 317 2.333333
316 318 0.333333
316 319 0.866667
316 320 4.333333
316 412 -4.333333
317 325 -5.000000
318 326 1.000000
319 327 0.600000
320 328 -0.200000
321 325 -0.333333
321 326 -0.600000
321 327 -0.866667
321 328 -0.200000
321 417 -0.333333
322 325 1.000000
322 326 0.200000
322 327 4.333333
322 328 -0.466667
322 418 0.600000
323 325 -4.333333
323 326 0.733333
323 327 -0.066667
323 328 0.733333
323 419 0.333333
324 325 -0.200000
324 326 0.733333
324 327 1.000000
324 328 -0.466667
324 420 -0.200000
325 333 0.600000
326 334 -1.000000
327 335 0.866667
328 336 -0.600000
329 333 -1.000000
329 334 -0.600000
329 335 -0.333333
329 336 -0.600000
329 425 -0.333333
330 333 0.866667
330 334 0.600000
330 335 -0.600000
330 336 -1.000000
330 426 -0.600000
331 333 0.466667
331 334 0.066667
331 335 0.333333
331 336 -0.333333
331 427 -0.866667
332 333 -0.466667
332 334 -3.000000
332 335 0.866667
332 336 0.866667
332 428 -0.333333
333 341 -0.466667
334 342 -0.200000
335 343 0.600000
336 344 0.733333
337 341 -0.333333
337 342 0.333333
337 343 -0.333333
337 344 -0.600000
337 433 2.333333
338 341 -2.333333
338 342 1.000000
338 343 -0.066667
338 344 0.600000
338 434 0.600000
339 341 -0.066667
339 342 -0.333333
339 343 0.866667
339 344 0.066667
339 435 -1.000000
340 341 0.733333
340 342 0.200000
340 343 0.466667
340 344 0.333333
340 436 -0.600000
341 349 -0.200000
342 350 0.733333
343 351 0.333333
344 352 -0.066667
345 349 0.466667
345 350 1.000000
345 351 -0.733333
345 352 -0.466667
345 441 1.000000
346 349 -0.066667
346 350 -0.600000
346 351 0.466667
346 352 0.466667
346 442 0.066667
347 349 0.200000
347 350 1.000000
347 351 -0.200000
347 352 -0.200000
347 443 0.466667
348 349 -0.333333
348 350 -1.000000
348 351 0.600000
348 352 0.600000
348 444 -0.066667
349 357 0.066667
350 358 0.066667
351 359 0.600000
352 360 -0.600000
353 357 -0.866667
353 358 -0.066667
353 359 -0.866667
353 360 -1.000000
353 449 0.866667
354 357 -0.733333
354 358 0.466667
354 359 -0.200000
354 360 0.200000
354 450 -0.733333
355 357 0.466667
355 358 -0.866667
355 359 0.466667
355 360 0.200000
355 451 -1.000000
356 357 -0.733333
356 358 0.466667
356 359 1.000000
356 360 -1.000000
356 452 -0.866667
357 365 -0.866667
358 366 -0.600000
359 367 0.733333
360 368 0.333333
361 365 -0.733333
361 366 0.200000
361 367 -0.600000
361 368 -0.466667
361 457 0.200000
362 365 1.000000
362 366 -0.200000
362 367 0.066667
362 368 -0.066667
362 458 -0.333333
363 365 0.333333
363 366 0.333333
363 367 1.000000
363 368 0.466667
363 459 -0.733333
364 365 0.333333
364 366 -0.200000
364 367 -0.733333
364 368 1.000000
364 460 -0.733333
365 373 0.333333
366 374 -0.466667
367 375 -0.866667
368 376 -0.866667
369 373 0.733333
369 374 0.600000
369 375 -0.066667
369 376 -0.066667
369 465 0.866667
370 373 0.733333
370 374 -1.000000
370 375 -0.866667
370 376 -0.600000
370 466 0.466667
371 373 -0.866667
371 374 1.000000
371 375 -0.200000
371 376 0.733333
371 467 -0.733333
372 373 -0.200000
372 374 -0.733333
372 375 -1.000000
372 376 1.000000
372 468 0.866667
373 381 -1.000000
374 382 -1.000000
375 383 0.200000
376 384 -0.066667
377 381 -0.733333
377 382 0.200000
377 383 0.600000
377 384 0.466667
377 473 -1.000000
378 381 1.000000
378 382 0.866667
378 383 -0.466667
378 384 -0.466667
378 474 0.066667
379 381 -0.200000
379 382 0.600000
379 383 0.466667
379 384 -0.733333
379 475 -0.600000
380 381 0.733333
380 382 0.333333
380 383 0.733333
380 384 -0.333333
380 476 0.600000
385 389 0.066667
385 390 -0.333333
385 391 -0.733333
385 392 -0.466667
385 481 0.333333
386 389 0.466667
386 390 0.866667
386 391 1.000000
386 392 -1.000000
386 482 -0.466667
387 389 -0.333333
387 390 -0.866667
387 391 -0.466667
387 392 1.000000
387 483 0.466667
388 389 0.333333
388 390 0.200000
388 391 -0.333333
388 392 0.333333
388 484 0.733333
389 397 1.000000
390 398 -1.666667
391 399 -0.333333
392 400 -0.600000
393 397 0.866667
393 398 0.866667
393 399 -0.866667
393 400 -1.000000
393 489 0.466667
394 397 0.733333
394 398 -2.333333
394 399 -0.333333
394 400 2.333333
394 490 -5.000000
395 397 0.466667
395 398 1.666667
395 399 -1.666667
395 400 -0.200000
395 491 0.066667
396 397 3.666667
396 398 0.333333
396 399 2.333333
396 400 0.200000
396 492 -0.333333
397 405 -0.733333
398 406 -5.000000
399 407 -0.333333
400 408 0.600000
401 405 -0.200000
401 406 -0.066667
401 407 0.333333
401 408 -0.200000
401 497 4.333333
402 405 5.000000
402 406 -5.000000
402 407 3.666667
402 408 -0.066667
402 498 0.466667
403 405 0.200000
403 406 1.000000
403 407 0.200000
403 408 0.866667
403 499 0.333333
404 405 -1.000000
404 406 -0.333333
404 407 -2.333333
404 408 0.866667
404 500 0.733333
405 413 -0.066667
406 414 0.733333
407 415 -3.000000
408 416 0.866667
409 413 -0.066667
409 414 0.600000
409 415 -0.200000
409 416 -0.200000
409 505 -0.333333
410 413 0.466667
410 414 -1.000000
410 415 -1.000000
410 416 0.333333
410 506 -0.200000
411 413 0.866667
411 414 0.066667
411 415 0.600000
411 416 -0.600000
411 507 0.600000
412 413 1.000000
412 414 -0.466667
412 415 4.333333
412 416 1.000000
412 508 1.000000
413 421 0.600000
414 422 0.733333
415 423 -2.333333
416 424 1.000000
417 421 -0.066667
417 422 -0.333333
417 423 0.600000
417 424 1.666667
417 513 0.866667
418 421 -0.333333
418 422 -0.333333
418 423 1.000000
418 424 -0.733333
418 514 0.200000
419 421 -0.066667
419 422 0.733333
419 423 3.666667
419 424 -0.333333
419 515 0.066667
420 421 -3.666667
420 422 0.466667
420 423 -1.000000
420 424 -0.866667
420 516 -0.066667
421 429 0.866667
422 430 0.200000
423 431 0.600000
424 432 -0.466667
425 429 -0.733333
425 430 -0.733333
425 431 -0.333333
425 432 0.600000
425 521 -0.200000
426 429 -0.733333
426 430 -0.733333
426 431 0.866667
426 432 1.000000
426 522 -0.866667
427 429 -1.000000
427 430 0.466667
427 431 -1.000000
427 432 -0.066667
427 523 0.200000
428 429 0.733333
428 430 -0.866667
428 431 1.000000
428 432 -3.666667
428 524 -3.000000
429 437 -0.866667
430 438 1.000000
431 439 -0.466667
432 440 -0.600000
433 437 -0.866667
433 438 0.466667
433 439 3.000000
433 440 -0.200000
433 529 0.066667
434 437 0.333333
434 438 0.600000
434 439 0.600000
434 440 0.600000
434 530 -0.066667
435 437 1.000000
435 438 -1.000000
435 439 -0.466667
435 440 0.333333
435 531 0.866667
436 437 0.866667
436 438 -1.000000
436 439 3.666667
436 440 -0.066667
436 532 -0.333333
437 445 -0.466667
438 446 0.866667
439 447 -0.866667
440 448 -0.333333
441 445 -0.200000
441 446 5.000000
441 447 1.000000
441 448 -0.333333
441 537 -0.200000
442 445 0.200000
442 446 0.600000
442 447 0.200000
442 448 -0.333333
442 538 0.466667
443 445 0.600000
443 446 -0.466667
443 447 0.333333
443 448 -0.466667
443 539 -1.000000
444 445 -0.733333
444 446 -0.600000
444 447 0.866667
444 448 0.333333
444 540 -0.066667
445 453 0.866667
446 454 1.666667
447 455 0.600000
448 456 -0.333333
449 453 0.466667
449 454 0.733333
449 455 -0.600000
449 456 -1.000000
449 545 -0.733333
450 453 0.600000
450 454 0.466667
450 455 -0.733333
450 456 0.066667
450 546 0.866667
451 453 -1.000000
451 454 -0.866667
451 455 0.600000
451 456 0.066667
451 547 -0.333333
452 453 -0.600000
452 454 -0.466667
452 455 -0.333333
452 456 -0.200000
452 548 0.466667
453 461 0.333333
454 462 0.600000
455 463 0.066667
456 464 -0.733333
457 461 -0.600000
457 462 2.333333
457 463 5.000000
457 464 0.333333
457 553 0.333333
458 461 2.333333
458 462 -3.666667
458 463 1.666667
458 464 -0.600000
458 554 1.000000
459 461 0.466667
459 462 -0.866667
459 463 -0.466667
459 464 -0.733333
459 555 -5.000000
460 461 -1.000000
460 462 -0.066667
460 463 -0.066667
460 464 0.866667
460 556 0.733333
461 469 0.466667
462 470 -0.733333
463 471 -3.000000
464 472 1.000000
465 469 -0.066667
465 470 0.733333
465 471 -0.200000
465 472 1.000000
465 561 -0.333333
466 469 0.866667
466 470 0.466667
466 471 5.000000
466 472 1.000000
466 562 -0.600000
467 469 -0.200000
467 470 -1.000000
467 471 0.066667
467 472 -0.333333
467 563 -0.733333
468 469 -1.000000
468 470 -0.733333
468 471 0.200000
468 472 0.200000
468 564 0.200000
469 477 1.000000
470 478 -0.066667
471 479 0.200000
472 480 0.866667
473 477 0.733333
473 478 -0.200000
473 479 0.600000
473 480 0.333333
473 569 -1.000000
474 477 -1.000000
474 478 -0.733333
474 479 0.600000
474 480 -0.200000
474 570 -0.200000
475 477 0.733333
475 478 -0.600000
475 479 -1.000000
475 480 -0.866667
475 571 -0.066667
476 477 -0.466667
476 478 0.600000
476 479 -0.866667
476 480 -1.000000
476 572 -0.066667
481 485 -0.733333
481 486 0.466667
481 487 0.733333
481 488 0.733333
481 577 5.000000
482 485 -0.733333
482 486 -0.866667
482 487 -0.466667
482 488 0.200000
482 578 0.333333
483 485 -0.866667
483 486 -0.200000
483 487 0.200000
483 488 -0.066667
483 579 -1.000000
484 485 -0.733333
484 486 1.000000
484 487 -1.000000
484 488 -0.066667
484 580 0.333333
485 493 -0.600000
486 494 0.066667
487 495 0.066667
488 496 0.066667
489 493 -3.666667
489 494 -0.466667
489 495 0.333333
489 496 -5.000000
489 585 -0.733333
490 493 0.200000
490 494 -0.600000
490 495 -1.000000
490 496 0.733333
490 586 0.066667
491 493 0.866667
491 494 -0.333333
491 495 -4.333333
491 496 -0.600000
491 587 0.466667
492 493 0.600000
492 494 -1.000000
492 495 1.000000
492 496 -2.333333
492 588 -0.466667
493 501 1.000000
494 502 0.200000
495 503 1.000000
496 504 -0.333333
497 501 -0.200000
497 502 -0.066667
497 503 0.733333
497 504 1.000000
497 593 -0.333333
498 501 1.000000
498 502 -0.866667
498 503 0.600000
498 504 1.000000
498 594 -0.866667
499 501 -0.333333
499 502 -0.066667
499 503 -0.866667
499 504 1.000000
499 595 -1.000000
500 501 -1.000000
500 502 0.866667
500 503 0.066667
500 504 -0.200000
500 596 -0.066667
501 509 0.466667
502 510 0.333333
503 511 -0.333333
504 512 -0.466667
505 509 -1.000000
505 510 0.200000
505 511 0.066667
505 512 0.866667
505 601 0.466667
506 509 -0.333333
506 510 -2.333333
506 511 -0.066667
506 512 -0.333333
506 602 -4.333333
507 509 -1.000000
507 510 -0.600000
507 511 -0.066667
507 512 -0.333333
507 603 0.466667
508 509 -0.333333
508 510 0.600000
508 511 0.200000
508 512 -1.000000
508 604 2.333333
509 517 0.866667
510 518 -0.600000
511 519 -1.000000
512 520 -0.733333
513 517 0.733333
513 518 -1.000000
513 519 0.733333
513 520 1.000000
513 609 0.066667
514 517 0.466667
514 518 1.000000
514 519 -0.066667
514 520 0.600000
514 610 -1.000000
515 517 -0.333333
515 518 -0.200000
515 519 0.600000
515 520 -0.600000
515 611 -0.066667
516 517 0.466667
516 518 -0.866667
516 519 -0.333333
516 520 0.733333
516 612 -0.466667
517 525 0.466667
518 526 -1.000000
519 527 0.733333
520 528 0.200000
521 525 -0.733333
521 526 -1.000000
521 527 0.866667
521 528 -1.000000
521 617 0.200000
522 525 0.333333
522 526 -0.733333
522 527 -0.866667
522 528 0.066667
522 618 1.000000
523 525 -1.000000
523 526 0.200000
523 527 0.600000
523 528 -1.000000
523 619 0.333333
524 525 3.666667
524 526 -0.600000
524 527 1.000000
524 528 0.600000
524 620 -5.000000
525 533 -0.600000
526 534 0.733333
527 535 0.866667
528 536 -0.600000
529 533 -0.333333
529 534 0.866667
529 535 -0.333333
529 536 -0.333333
529 625 0.333333
530 533 -0.600000
530 534 0.333333
530 535 0.333333
530 536 -0.333333
530 626 0.600000
531 533 0.733333
531 534 1.000000
531 535 -0.333333
531 536 0.733333
531 627 -1.000000
532 533 -0.600000
532 534 -0.066667
532 535 -0.866667
532 536 0.466667
532 628 -0.466667
533 541 -0.066667
534 542 -1.000000
535 543 0.066667
536 544 -1.666667
537 541 1.666667
537 542 -0.733333
537 543 0.600000
537 544 0.600000
537 633 -0.466667
538 541 0.866667
538 542 0.200000
538 543 -0.066667
538 544 0.600000
538 634 0.200000
539 541 -0.466667
539 542 -0.333333
539 543 -0.333333
539 544 0.066667
539 635 -0.200000
540 541 0.066667
540 542 0.200000
540 543 -0.866667
540 544 -0.200000
540 636 0.866667
541 549 -0.466667
542 550 -0.200000
543 551 0.466667
544 552 -0.333333
545 549 -0.466667
545 550 0.600000
545 551 0.866667
545 552 -0.733333
545 641 -0.066667
546 549 0.866667
546 550 -1.000000
546 551 -0.466667
546 552 -0.466667
546 642 -0.733333
547 549 -0.066667
547 550 0.466667
547 551 1.000000
547 552 -0.466667
547 643 0.333333
548 549 -1.000000
548 550 -0.866667
548 551 0.200000
548 552 0.600000
548 644 1.000000
549 557 0.866667
550 558 -0.333333
551 559 -0.333333
552 560 0.466667
553 557 -0.600000
553 558 0.600000
553 559 0.200000
553 560 1.000000
553 649 -0.333333
554 557 1.000000
554 558 -0.866667
554 559 -0.333333
554 560 0.866667
554 650 0.333333
555 557 -0.200000
555 558 0.866667
555 559 -3.666667
555 560 -0.466667
555 651 4.333333
556 557 -1.000000
556 558 -0.866667
556 559 -0.466667
556 560 -1.000000
556 652 -0.733333
557 565 0.600000
558 566 0.200000
559 567 0.333333
560 568 0.333333
561 565 -0.066667
561 566 0.333333
561 567 -0.733333
561 568 -0.066667
561 657 -0.066667
562 565 -0.600000
562 566 0.866667
562 567 -0.600000
562 568 0.733333
562 658 0.066667
563 565 -0.866667
563 566 -1.000000
563 567 0.733333
563 568 0.066667
563 659 -0.600000
564 565 0.733333
564 566 0.866667
564 567 -0.600000
564 568 -0.733333
564 660 -0.733333
565 573 -0.200000
566 574 -0.600000
567 575 -0.600000
568 576 0.866667
569 573 1.000000
569 574 0.066667
569 575 0.333333
569 576 -0.333333
569 665 1.000000
570 573 -0.466667
570 574 0.066667
570 575 0.200000
570 576 -0.866667
570 666 1.000000
571 573 0.066667
571 574 0.200000
571 575 0.466667
571 576 -0.733333
571 667 0.733333
572 573 -0.600000
572 574 -0.600000
572 575 0.866667
572 576 -0.333333
572 668 0.600000
577 581 1.000000
577 582 -0.600000
577 583 0.733333
577 584 0.600000
577 673 0.333333
578 581 0.333333
578 582 0.733333
578 583 -0.333333
578 584 -0.866667
578 674 -0.066667
579 581 0.066667
579 582 0.733333
579 583 -1.000000
579 584 0.466667
579 675 -0.200000
580 581 -0.066667
580 582 0.733333
580 583 -0.200000
580 584 0.333333
580 676 1.000000
581 589 -0.600000
582 590 -0.600000
583 591 0.333333
584 592 -0.066667
585 589 0.733333
585 590 0.733333
585 591 0.600000
585 592 -0.466667
585 681 -0.600000
586 589 0.600000
586 590 0.466667
586 591 -0.333333
586 592 -1.000000
586 682 0.600000
587 589 0.200000
587 590 -0.866667
587 591 -0.333333
587 592 0.333333
587 683 -0.866667
588 589 0.733333
588 590 0.600000
588 591 0.466667
588 592 -0.066667
588 684 0.733333
589 597 -0.600000
590 598 -0.466667
591 599 0.333333
592 600 -0.866667
593 597 0.733333
593 598 0.066667
593 599 -0.466667
593 600 0.733333
593 689 0.866667
594 597 0.066667
594 598 0.733333
594 599 0.066667
594 600 0.200000
594 690 -0.466667
595 597 -0.333333
595 598 -0.466667
595 599 0.600000
595 600 -0.600000
595 691 0.333333
596 597 0.200000
596 598 -0.066667
596 599 0.733333
596 600 0.466667
596 692 0.066667
597 605 -0.200000
598 606 0.466667
599 607 3.000000
600 608 0.066667
601 605 0.333333
601 606 0.333333
601 607 -0.333333
601 608 -0.466667
601 697 -0.600000
602 605 0.600000
602 606 -0.333333
602 607 0.600000
602 608 -1.666667
602 698 -0.333333
603 605 1.000000
603 606 0.333333
603 607 0.066667
603 608 -0.466667
603 699 0.600000
604 605 0.600000
604 606 0.333333
604 607 -0.333333
604 608 0.333333
604 700 -0.733333
605 613 -0.200000
606 614 0.600000
607 615 -1.666667
608 616 -0.866667
609 613 0.066667
609 614 0.066667
609 615 -1.000000
609 616 1.000000
609 705 0.333333
610 613 -0.200000
610 614 0.333333
610 615 -2.333333
610 616 -0.200000
610 706 -0.333333
611 613 -0.466667
611 614 0.200000
611 615 -0.200000
611 616 0.866667
611 707 -0.200000
612 613 0.200000
612 614 0.333333
612 615 -0.733333
612 616 -0.333333
612 708 -0.333333
613 621 0.200000
614 622 5.000000
615 623 -0.333333
616 624 -0.066667
617 621 -2.333333
617 622 -5.000000
617 623 0.200000
617 624 0.733333
617 713 0.866667
618 621 -0.200000
618 622 0.066667
618 623 0.733333
618 624 0.866667
618 714 -0.333333
619 621 -0.200000
619 622 0.600000
619 623 -0.600000
619 624 0.733333
619 715 -0.200000
620 621 -2.333333
620 622 -0.466667
620 623 -1.000000
620 624 -0.066667
620 716 -0.333333
621 629 -0.066667
622 630 0.466667
623 631 -5.000000
624 632 -0.333333
625 629 1.000000
625 630 -1.000000
625 631 -0.600000
625 632 -0.333333
625 721 0.866667
626 629 0.466667
626 630 -0.333333
626 631 -0.733333
626 632 -0.333333
626 722 0.333333
627 629 -3.000000
627 630 0.866667
627 631 -1.666667
627 632 -3.000000
627 723 0.200000
628 629 0.866667
628 630 0.866667
628 631 0.733333
628 632 -1.000000
628 724 0.333333
629 637 -0.600000
630 638 0.733333
631 639 0.466667
632 640 -1.000000
633 637 -0.733333
633 638 -0.066667
633 639 0.200000
633 640 -0.066667
633 729 -0.466667
634 637 -0.066667
634 638 0.333333
634 639 1.000000
634 640 -0.066667
634 730 -0.466667
635 637 -0.066667
635 638 -0.200000
635 639 1.000000
635 640 -0.200000
635 731 -0.200000
636 637 0.600000
636 638 -1.000000
636 639 -0.600000
636 640 -0.333333
636 732 -0.333333
637 645 0.733333
638 646 -0.466667
639 647 0.200000
640 648 0.866667
641 645 0.333333
641 646 0.866667
641 647 0.600000
641 648 -0.333333
641 737 -0.066667
642 645 1.000000
642 646 -1.000000
642 647 0.466667
642 648 -0.333333
642 738 0.733333
643 645 -5.000000
643 646 0.066667
643 647 0.066667
643 648 -0.200000
643 739 -0.333333
644 645 0.733333
644 646 0.200000
644 647 0.333333
644 648 0.066667
644 740 -1.000000
645 653 -1.000000
646 654 -0.600000
647 655 -0.333333
648 656 -0.066667
649 653 0.600000
649 654 -0.600000
649 655 -0.466667
649 656 -0.866667
649 745 0.466667
650 653 0.200000
650 654 0.066667
650 655 -1.000000
650 656 -0.333333
650 746 0.333333
651 653 3.666667
651 654 -1.666667
651 655 -0.200000
651 656 0.733333
651 747 0.200000
652 653 0.066667
652 654 -0.066667
652 655 -0.333333
652 656 -0.466667
652 748 0.600000
653 661 0.466667
654 662 4.333333
655 663 0.200000
656 664 0.866667
657 661 -0.600000
657 662 0.066667
657 663 0.466667
657 664 -1.000000
657 753 -0.733333
658 661 0.333333
658 662 1.000000
658 663 0.866667
658 664 -0.600000
658 754 0.733333
659 661 -0.333333
659 662 1.000000
659 663 0.333333
659 664 -0.200000
659 755 -1.000000
660 661 -0.333333
660 662 0.733333
660 663 0.200000
660 664 -0.466667
660 756 -0.866667
661 669 0.466667
662 670 0.066667
663 671 -0.333333
664 672 0.333333
665 669 -0.066667
665 670 -0.866667
665 671 0.466667
665 672 -0.600000
665 761 1.000000
666 669 -0.733333
666 670 0.600000
666 671 0.333333
666 672 -0.866667
666 762 0.733333
667 669 0.200000
667 670 -1.000000
667 671 0.066667
667 672 -0.866667
667 763 -0.200000
668 669 -0.600000
668 670 -0.333333
668 671 -0.866667
668 672 -0.333333
668 764 -0.333333
673 677 -3.000000
673 678 -5.000000
673 679 0.600000
673 680 0.866667
673 769 4.333333
674 677 0.333333
674 678 -0.200000
674 679 0.866667
674 680 -0.200000
674 770 -0.733333
675 677 -0.333333
675 678 -0.066667
675 679 -0.866667
675 680 -0.733333
675 771 -0.600000
676 677 -0.066667
676 678 -0.066667
676 679 1.000000
676 680 0.733333
676 772 -0.333333
677 685 0.333333
678 686 -0.333333
679 687 -0.066667
680 688 -0.733333
681 685 0.866667
681 686 -0.733333
681 687 -0.466667
681 688 -0.466667
681 777 -0.066667
682 685 -0.600000
682 686 -3.666667
682 687 -0.733333
682 688 0.200000
682 778 -1.000000
683 685 1.000000
683 686 -0.200000
683 687 -0.333333
683 688 0.066667
683 779 -0.333333
684 685 -0.333333
684 686 0.066667
684 687 -1.000000
684 688 0.866667
684 780 -0.733333
685 693 0.733333
686 694 0.200000
687 695 -0.600000
688 696 -0.333333
689 693 0.200000
689 694 0.333333
689 695 -0.333333
689 696 -0.866667
689 785 -0.066667
690 693 -0.200000
690 694 -1.000000
690 695 -0.333333
690 696 -0.333333
690 786 0.333333
691 693 -0.733333
691 694 -0.333333
691 695 -0.200000
691 696 -0.333333
691 787 0.200000
692 693 -0.200000
692 694 0.066667
692 695 0.866667
692 696 0.866667
692 788 1.000000
693 701 -0.866667
694 702 0.333333
695 703 0.333333
696 704 0.333333
697 701 0.066667
697 702 -0.466667
697 703 1.000000
697 704 -1.666667
697 793 3.000000
698 701 -0.466667
698 702 -4.333333
698 703 -1.000000
698 704 0.200000
698 794 -0.600000
699 701 -0.733333
699 702 2.333333
699 703 0.200000
699 704 5.000000
699 795 0.733333
700 701 -1.000000
700 702 -0.333333
700 703 0.066667
700 704 -0.866667
700 796 0.066667
701 709 -0.600000
702 710 -0.866667
703 711 -1.000000
704 712 -0.466667
705 709 -0.866667
705 710 0.066667
705 711 -0.333333
705 712 0.733333
705 801 0.466667
706 709 1.666667
706 710 1.000000
706 711 -0.466667
706 712 -1.000000
706 802 0.866667
707 709 -5.000000
707 710 3.666667
707 711 0.066667
707 712 -1.000000
707 803 1.000000
708 709 0.066667
708 710 -0.466667
708 711 -0.333333
708 712 0.066667
708 804 -0.066667
709 717 -0.066667
710 718 -0.066667
711 719 0.200000
712 720 -0.866667
713 717 0.466667
713 718 -0.866667
713 719 -0.866667
713 720 0.866667
713 809 0.733333
714 717 -0.200000
714 718 0.200000
714 719 -0.600000
714 720 -0.600000
714 810 -0.333333
715 717 -0.466667
715 718 0.333333
715 719 -0.733333
715 720 -0.466667
715 811 -0.600000
716 717 0.066667
716 718 0.200000
716 719 0.600000
716 720 0.733333
716 812 0.600000
717 725 0.333333
718 726 -0.866667
719 727 -1.000000
720 728 -0.200000
721 725 0.600000
721 726 0.733333
721 727 0.466667
721 728 -0.733333
721 817 -5.000000
722 725 0.333333
722 726 -3.000000
722 727 -0.200000
722 728 -0.333333
722 818 -0.200000
723 725 0.466667
723 726 -0.200000
723 727 0.600000
723 728 -0.733333
723 819 -0.466667
724 725 1.000000
724 726 0.466667
724 727 0.066667
724 728 -0.066667
724 820 0.333333
725 733 0.866667
726 734 -0.200000
727 735 -1.000000
728 736 -0.733333
729 733 -3.000000
729 734 -0.733333
729 735 0.066667
729 736 1.000000
729 825 0.333333
730 733 0.066667
730 734 0.600000
730 735 0.066667
730 736 0.733333
730 826 -1.000000
731 733 -0.733333
731 734 -1.000000
731 735 0.333333
731 736 0.466667
731 827 -0.733333
732 733 0.866667
732 734 -0.066667
732 735 0.333333
732 736 0.333333
732 828 -0.866667
733 741 -0.866667
734 742 -1.000000
735 743 -0.333333
736 744 0.066667
737 741 -0.333333
737 742 1.000000
737 743 0.866667
737 744 -0.733333
737 833 -0.600000
738 741 -0.733333
738 742 0.333333
738 743 -0.733333
738 744 -0.866667
738 834 1.000000
739 741 -0.333333
739 742 0.466667
739 743 -0.066667
739 744 1.000000
739 835 -0.733333
740 741 -0.866667
740 742 1.000000
740 743 -0.866667
740 744 0.066667
740 836 -1.000000
741 749 -0.600000
742 750 -0.333333
743 751 -0.200000
744 752 -0.466667
745 749 0.066667
745 750 -0.200000
745 751 -0.733333
745 752 -0.466667
745 841 -0.733333
746 749 -0.866667
746 750 0.200000
746 751 0.866667
746 752 0.466667
746 842 -0.600000
747 749 -0.466667
747 750 -0.466667
747 751 1.000000
747 752 -0.200000
747 843 0.466667
748 749 0.200000
748 750 -0.466667
748 751 -0.466667
748 752 0.333333
748 844 -1.000000
749 757 -0.466667
750 758 -0.600000
751 759 -0.466667
752 760 0.600000
753 757 -0.333333
753 758 0.600000
753 759 -0.066667
753 760 -1.000000
753 849 -0.600000
754 757 -0.733333
754 758 0.466667
754 759 -0.600000
754 760 -0.333333
754 850 -1.000000
755 757 -0.200000
755 758 0.733333
755 759 0.200000
755 760 -0.600000
755 851 -0.866667
756 757 -0.200000
756 758 -0.066667
756 759 0.733333
756 760 1.000000
756 852 0.600000
757 765 -0.600000
758 766 0.333333
759 767 0.066667
760 768 -0.600000
761 765 1.000000
761 766 -0.866667
761 767 3.666667
761 768 -1.000000
761 857 -5.000000
762 765 0.466667
762 766 0.466667
762 767 -0.866667
762 768 -0.600000
762 858 -1.000000
763 765 0.066667
763 766 -0.733333
763 767 -0.466667
763 768 0.200000
763 859 -0.333333
764 765 0.066667
764 766 -0.200000
764 767 -0.066667
764 768 0.333333
764 860 1.000000
769 773 -0.066667
769 774 -0.866667
769 775 -0.200000
769 776 1.000000
769 865 -0.866667
770 773 -0.866667
770 774 -4.333333
770 775 -0.466667
770 776 0.733333
770 866 0.333333
771 773 -0.200000
771 774 0.600000
771 775 -0.733333
771 776 -0.200000
771 867 -0.866667
772 773 -1.000000
772 774 -0.066667
772 775 -0.866667
772 776 0.600000
772 868 0.466667
773 781 -0.333333
774 782 0.066667
775 783 0.600000
776 784 0.200000
777 781 -0.466667
777 782 -0.866667
777 783 -0.733333
777 784 -0.066667
777 873 0.600000
778 781 3.000000
778 782 -0.866667
778 783 0.200000
778 784 0.466667
778 874 1.000000
779 781 -0.600000
779 782 0.066667
779 783 0.600000
779 784 0.200000
779 875 -0.866667
780 781 0.733333
780 782 -0.466667
780 783 -0.866667
780 784 1.000000
780 876 0.466667
781 789 0.200000
782 790 0.866667
783 791 0.333333
784 792 -1.666667
785 789 -0.200000
785 790 -0.466667
785 791 -0.066667
785 792 3.666667
785 881 -0.866667
786 789 0.733333
786 790 2.333333
786 791 -0.600000
786 792 0.733333
786 882 -1.666667
787 789 2.333333
787 790 -0.066667
787 791 -1.000000
787 792 0.200000
787 883 -5.000000
788 789 0.466667
788 790 0.866667
788 791 -0.866667
788 792 -0.200000
788 884 -0.200000
789 797 0.600000
790 798 0.200000
791 799 0.466667
792 800 0.600000
793 797 0.333333
793 798 -0.866667
793 799 -0.333333
793 800 -0.733333
793 889 -3.000000
794 797 -0.466667
794 798 0.066667
794 799 -0.733333
794 800 0.200000
794 890 1.000000
795 797 -0.866667
795 798 -0.733333
795 799 -0.333333
795 800 0.200000
795 891 1.000000
796 797 0.466667
796 798 -0.066667
796 799 0.733333
796 800 -4.333333
796 892 0.866667
797 805 0.200000
798 806 -0.466667
799 807 -0.466667
800 808 -4.333333
801 805 0.066667
801 806 0.333333
801 807 -0.200000
801 808 0.066667
801 897 0.866667
802 805 0.733333
802 806 -0.466667
802 807 -0.866667
802 808 0.466667
802 898 0.333333
803 805 0.066667
803 806 -0.333333
803 807 -0.066667
803 808 0.466667
803 899 0.333333
804 805 0.866667
804 806 -0.733333
804 807 -0.200000
804 808 -0.466667
804 900 -0.466667
805 813 -0.733333
806 814 3.666667
807 815 0.333333
808 816 -0.333333
809 813 -1.000000
809 814 -0.600000
809 815 -1.000000
809 816 1.000000
809 905 -1.000000
810 813 -0.466667
810 814 -0.466667
810 815 0.866667
810 816 0.866667
810 906 -1.000000
811 813 0.466667
811 814 0.600000
811 815 0.733333
811 816 -0.866667
811 907 0.333333
812 813 0.600000
812 814 -1.000000
812 815 0.733333
812 816 0.866667
812 908 0.733333
813 821 -0.200000
814 822 -1.000000
815 823 -0.466667
816 824 -0.466667
817 821 -0.466667
817 822 -1.000000
817 823 -0.200000
817 824 1.000000
817 913 -0.866667
818 821 0.733333
818 822 -1.000000
818 823 -0.733333
818 824 -1.000000
818 914 -1.000000
819 821 -1.000000
819 822 -1.000000
819 823 -0.333333
819 824 -3.000000
819 915 0.866667
820 821 -0.866667
820 822 -5.000000
820 823 1.000000
820 824 0.866667
820 916 0.466667
821 829 -0.466667
822 830 3.666667
823 831 0.200000
824 832 1.000000
825 829 2.333333
825 830 1.000000
825 831 -0.066667
825 832 0.333333
825 921 0.866667
826 829 0.733333
826 830 0.600000
826 831 1.000000
826 832 2.333333
826 922 -0.466667
827 829 0.733333
827 830 0.333333
827 831 0.733333
827 832 0.866667
827 923 -0.466667
828 829 0.466667
828 830 0.333333
828 831 -0.333333
828 832 -1.000000
828 924 1.000000
829 837 -0.466667
830 838 -0.733333
831 839 -0.866667
832 840 0.200000
833 837 -0.866667
833 838 0.066667
833 839 -0.200000
833 840 -0.200000
833 929 0.733333
834 837 0.466667
834 838 -1.000000
834 839 -0.066667
834 840 0.866667
834 930 1.000000
835 837 0.600000
835 838 0.733333
835 839 -3.000000
835 840 -0.200000
835 931 0.600000
836 837 0.866667
836 838 -1.000000
836 839 -0.600000
836 840 -1.000000
836 932 -0.600000
837 845 -1.000000
838 846 -0.600000
839 847 0.466667
840 848 -0.600000
841 845 -1.000000
841 846 0.200000
841 847 1.000000
841 848 0.733333
841 937 -1.000000
842 845 0.733333
842 846 -0.866667
842 847 -0.866667
842 848 0.600000
842 938 0.600000
843 845 0.866667
843 846 -0.333333
843 847 0.600000
843 848 0.200000
843 939 0.733333
844 845 -0.600000
844 846 -0.600000
844 847 -0.466667
844 848 1.000000
844 940 -0.066667
845 853 -1.000000
846 854 0.066667
847 855 -0.600000
848 856 -0.733333
849 853 -0.733333
849 854 0.466667
849 855 -0.600000
849 856 -0.066667
849 945 0.600000
850 853 0.600000
850 854 -0.600000
850 855 -0.200000
850 856 -0.333333
850 946 0.200000
851 853 0.600000
851 854 0.333333
851 855 1.000000
851 856 0.866667
851 947 -0.466667
852 853 -1.000000
852 854 0.066667
852 855 0.066667
852 856 -0.600000
852 948 1.000000
853 861 -0.600000
854 862 0.466667
855 863 0.333333
856 864 1.000000
857 861 0.866667
857 862 0.066667
857 863 -0.333333
857 864 -0.200000
857 953 -0.733333
858 861 -0.200000
858 862 -0.200000
858 863 0.200000
858 864 0.066667
858 954 5.000000
859 861 0.200000
859 862 0.333333
859 863 0.066667
859 864 -0.466667
859 955 0.333333
860 861 0.466667
860 862 0.333333
860 863 -0.466667
860 864 -0.600000
860 956 -0.466667
865 869 -0.333333
865 870 0.600000
865 871 1.000000
865 872 -0.866667
865 961 0.333333
866 869 -4.333333
866 870 -0.066667
866 871 -3.000000
866 872 1.000000
866 962 -0.200000
867 869 0.733333
867 870 -0.733333
867 871 -0.600000
867 872 0.466667
867 963 -0.333333
868 869 0.466667
868 870 0.066667
868 871 -0.733333
868 872 -0.066667
868 964 0.466667
869 877 1.666667
870 878 0.066667
871 879 -0.466667
872 880 0.600000
873 877 0.200000
873 878 -0.733333
873 879 -0.466667
873 880 1.000000
873 969 -0.600000
874 877 0.600000
874 878 0.066667
874 879 0.333333
874 880 0.733333
874 970 0.866667
875 877 0.866667
875 878 0.066667
875 879 -0.600000
875 880 0.066667
875 971 -0.066667
876 877 -0.866667
876 878 -0.600000
876 879 -0.333333
876 880 -0.866667
876 972 0.733333
877 885 -4.333333
878 886 -0.066667
879 887 5.000000
880 888 -0.733333
881 885 1.000000
881 886 -0.333333
881 887 -1.666667
881 888 0.333333
881 977 0.333333
882 885 -1.666667
882 886 1.666667
882 887 0.333333
882 888 5.000000
882 978 0.200000
883 885 -0.866667
883 886 -1.666667
883 887 3.666667
883 888 -0.466667
883 979 3.000000
884 885 0.200000
884 886 1.000000
884 887 -0.466667
884 888 -0.466667
884 980 5.000000
885 893 0.333333
886 894 0.600000
887 895 -2.333333
888 896 0.866667
889 893 0.333333
889 894 -0.600000
889 895 -0.333333
889 896 -0.466667
889 985 -1.666667
890 893 0.466667
890 894 0.200000
890 895 -1.000000
890 896 -0.200000
890 986 -0.333333
891 893 -0.733333
891 894 -0.600000
891 895 -0.333333
891 896 -0.600000
891 987 -0.333333
892 893 -5.000000
892 894 0.600000
892 895 -0.866667
892 896 0.200000
892 988 0.600000
893 901 0.200000
894 902 -0.600000
895 903 -0.733333
896 904 -0.733333
897 901 0.200000
897 902 -0.733333
897 903 0.866667
897 904 -0.866667
897 993 -0.066667
898 901 -1.000000
898 902 0.200000
898 903 0.733333
898 904 -0.200000
898 994 -0.866667
899 901 1.000000
899 902 -0.066667
899 903 -0.200000
899 904 -0.466667
899 995 -0.333333
900 901 -1.000000
900 902 -0.466667
900 903 -0.866667
900 904 -0.333333
900 996 1.000000
901 909 -0.733333
902 910 -1.000000
903 911 0.466667
904 912 0.466667
905 909 0.733333
905 910 0.466667
905 911 -0.333333
905 912 -0.733333
905 1001 0.733333
906 909 -1.000000
906 910 -3.666667
906 911 -2.333333
906 912 1.666667
906 1002 0.333333
907 909 -0.466667
907 910 -0.866667
907 911 0.600000
907 912 0.466667
907 1003 -1.000000
908 909 1.000000
908 910 -1.000000
908 911 0.333333
908 912 0.200000
908 1004 0.600000
909 917 1.000000
910 918 -0.066667
911 919 -0.066667
912 920 -2.333333
913 917 1.666667
913 918 1.000000
913 919 -0.866667
913 920 -1.666667
913 1009 0.466667
914 917 0.466667
914 918 1.000000
914 919 -0.333333
914 920 -0.066667
914 1010 -0.066667
915 917 0.333333
915 918 -3.000000
915 919 0.200000
915 920 3.666667
915 1011 0.066667
916 917 0.200000
916 918 -0.866667
916 919 -0.466667
916 920 0.733333
916 1012 0.866667
917 925 0.200000
918 926 3.666667
919 927 -0.466667
920 928 3.000000
921 925 0.600000
921 926 0.600000
921 927 0.466667
921 928 -0.466667
921 1017 -0.600000
922 925 0.733333
922 926 0.333333
922 927 0.466667
922 928 3.000000
922 1018 -0.866667
923 925 -0.733333
923 926 -0.600000
923 927 -0.733333
923 928 -0.866667
923 1019 -1.000000
924 925 0.600000
924 926 -0.466667
924 927 0.200000
924 928 1.000000
924 1020 -0.600000
925 933 1.000000
926 934 1.000000
927 935 0.600000
928 936 1.000000
929 933 0.333333
929 934 -1.000000
929 935 0.733333
929 936 -0.866667
929 1025 -0.600000
930 933 -0.866667
930 934 -0.866667
930 935 -0.466667
930 936 -0.066667
930 1026 -0.200000
931 933 1.000000
931 934 -0.066667
931 935 -0.866667
931 936 -1.000000
931 1027 -0.866667
932 933 -0.466667
932 934 0.866667
932 935 -0.733333
932 936 -1.000000
932 1028 1.000000
933 941 0.066667
934 942 -0.466667
935 943 0.066667
936 944 0.066667
937 941 -0.600000
937 942 0.600000
937 943 -0.600000
937 944 0.600000
937 1033 -0.733333
938 941 -1.000000
938 942 -0.600000
938 943 0.466667
938 944 -0.600000
938 1034 -0.600000
939 941 0.600000
939 942 0.866667
939 943 0.066667
939 944 -0.066667
939 1035 0.200000
940 941 0.733333
940 942 0.066667
940 943 0.733333
940 944 0.600000
940 1036 -0.200000
941 949 -1.000000
942 950 -0.066667
943 951 0.866667
944 952 3.000000
945 949 0.866667
945 950 1.000000
945 951 -0.200000
945 952 -0.866667
945 1041 -0.600000
946 949 -0.333333
946 950 1.000000
946 951 -0.600000
946 952 0.466667
946 1042 0.066667
947 949 -1.000000
947 950 0.066667
947 951 0.200000
947 952 -1.000000
947 1043 -0.333333
948 949 0.333333
948 950 0.066667
948 951 -0.866667
948 952 -0.200000
948 1044 -0.733333
949 957 -0.733333
950 958 -1.000000
951 959 -0.733333
952 960 -0.333333
953 957 -0.333333
953 958 -0.066667
953 959 0.600000
953 960 0.733333
953 1049 3.000000
954 957 -0.733333
954 958 -1.000000
954 959 -0.333333
954 960 -0.200000
954 1050 -0.600000
955 957 -0.866667
955 958 -1.666667
955 959 1.000000
955 960 -3.666667
955 1051 1.666667
956 957 3.666667
956 958 5.000000
956 959 -0.866667
956 960 0.866667
956 1052 -0.466667
961 965 -1.000000
961 966 1.000000
961 967 0.466667
961 968 0.600000
961 1057 0.866667
962 965 -0.066667
962 966 -0.466667
962 967 2.333333
962 968 1.000000
962 1058 1.666667
963 965 -1.000000
963 966 -0.733333
963 967 0.466667
963 968 0.200000
963 1059 -0.733333
964 965 -0.866667
964 966 -1.000000
964 967 -1.000000
964 968 0.066667
964 1060 -0.733333
965 973 1.000000
966 974 0.600000
967 975 -0.466667
968 976 0.600000
969 973 -0.333333
969 974 -0.066667
969 975 -0.200000
969 976 -2.333333
969 1065 -0.066667
970 973 -1.000000
970 974 -3.666667
970 975 0.333333
970 976 -2.333333
970 1066 -0.333333
971 973 1.000000
971 974 -0.600000
971 975 1.000000
971 976 -1.000000
971 1067 0.066667
972 973 -0.066667
972 974 -0.466667
972 975 -0.200000
972 976 0.200000
972 1068 0.866667
973 981 -0.200000
974 982 0.333333
975 983 -0.333333
976 984 0.466667
977 981 -0.866667
977 982 0.466667
977 983 -0.066667
977 984 -0.200000
977 1073 1.000000
978 981 0.600000
978 982 0.466667
978 983 -0.733333
978 984 -0.866667
978 1074 0.066667
979 981 -0.600000
979 982 1.000000
979 983 -0.066667
979 984 -0.200000
979 1075 -0.733333
980 981 0.200000
980 982 0.733333
980 983 0.066667
980 984 -1.000000
980 1076 -0.600000
981 989 -0.333333
982 990 1.000000
983 991 0.733333
984 992 1.000000
985 989 0.333333
985 990 -0.466667
985 991 -0.733333
985 992 0.866667
985 1081 0.333333
986 989 0.333333
986 990 -0.333333
986 991 1.000000
986 992 -1.000000
986 1082 -1.000000
987 989 0.866667
987 990 0.333333
987 991 1.000000
987 992 0.200000
987 1083 -0.200000
988 989 -1.000000
988 990 0.066667
988 991 -1.000000
988 992 0.466667
988 1084 -0.466667
989 997 -0.733333
990 998 -1.000000
991 999 -0.733333
992 1000 -0.200000
993 997 1.000000
993 998 -0.200000
993 999 -0.066667
993 1000 1.000000
993 1089 -0.733333
994 997 1.000000
994 998 0.466667
994 999 1.000000
994 1000 0.466667
994 1090 -0.333333
995 997 -3.000000
995 998 -0.600000
995 999 -3.000000
995 1000 -0.866667
995 1091 -0.200000
996 997 0.466667
996 998 1.000000
996 999 -0.866667
996 1000 -1.000000
996 1092 3.000000
997 1005 -1.000000
998 1006 -0.733333
999 1007 -0.200000
1000 1008 0.200000
1001 1005 3.000000
1001 1006 -0.333333
1001 1007 0.466667
1001 1008 -0.333333
1001 1097 0.333333
1002 1005 -0.333333
1002 1006 0.066667
1002 1007 -0.733333
1002 1008 -0.066667
1002 1098 -0.466667
1003 1005 -0.466667
1003 1006 -0.200000
1003 1007 -0.866667
1003 1008 0.333333
1003 1099 -0.600000
1004 1005 -0.333333
1004 1006 -1.000000
1004 1007 0.733333
1004 1008 -1.000000
1004 1100 -0.733333
1005 1013 0.200000
1006 1014 -0.066667
1007 1015 0.333333
1008 1016 0.733333
1009 1013 0.600000
1009 1014 0.733333
1009 1015 0.066667
1009 1016 0.866667
1009 1105 0.866667
1010 1013 0.466667
1010 1014 0.466667
1010 1015 0.866667
1010 1016 0.200000
1010 1106 0.066667
1011 1013 -1.000000
1011 1014 -1.000000
1011 1015 1.000000
1011 1016 1.000000
1011 1107 0.333333
1012 1013 0.600000
1012 1014 -0.600000
1012 1015 -0.466667
1012 1016 -0.333333
1012 1108 -0.466667
1013 1021 -0.733333
1014 1022 -0.600000
1015 1023 -1.000000
1016 1024 1.000000
1017 1021 -0.733333
1017 1022 -0.066667
1017 1023 -0.066667
1017 1024 -0.866667
1017 1113 0.333333
1018 1021 0.066667
1018 1022 0.866667
1018 1023 0.600000
1018 1024 0.200000
1018 1114 0.466667
1019 1021 0.066667
1019 1022 -0.333333
1019 1023 0.466667
1019 1024 0.866667
1019 1115 -1.666667
1020 1021 0.200000
1020 1022 0.066667
1020 1023 0.466667
1020 1024 0.600000
1020 1116 0.466667
1021 1029 -0.866667
1022 1030 -0.066667
1023 1031 -0.600000
1024 1032 -0.733333
1025 1029 1.000000
1025 1030 0.333333
1025 1031 -0.733333
1025 1032 0.866667
1025 1121 -1.000000
1026 1029 -1.000000
1026 1030 0.733333
1026 1031 -0.600000
1026 1032 0.866667
1026 1122 0.466667
1027 1029 0.866667
1027 1030 -1.000000
1027 1031 -0.600000
1027 1032 -0.733333
1027 1123 -0.733333
1028 1029 3.000000
1028 1030 -0.333333
1028 1031 -0.200000
1028 1032 1.000000
1028 1124 0.333333
1029 1037 -0.466667
1030 1038 -0.600000
1031 1039 -0.733333
1032 1040 0.866667
1033 1037 0.200000
1033 1038 -0.866667
1033 1039 -0.600000
1033 1040 -0.200000
1033 1129 0.600000
1034 1037 0.466667
1034 1038 -0.466667
1034 1039 -0.600000
1034 1040 0.466667
1034 1130 -0.333333
1035 1037 2.333333
1035 1038 0.333333
1035 1039 0.333333
1035 1040 0.866667
1035 1131 -1.000000
1036 1037 -0.333333
1036 1038 0.733333
1036 1039 3.666667
1036 1040 -0.733333
1036 1132 -0.600000
1037 1045 1.000000
1038 1046 -0.200000
1039 1047 0.200000
1040 1048 -0.200000
1041 1045 0.600000
1041 1046 -0.200000
1041 1047 -0.066667
1041 1048 -0.466667
1041 1137 -2.333333
1042 1045 -0.200000
1042 1046 0.200000
1042 1047 -1.000000
1042 1048 0.333333
1042 1138 -0.466667
1043 1045 -0.466667
1043 1046 0.866667
1043 1047 -0.333333
1043 1048 0.333333
1043 1139 -0.200000
1044 1045 0.866667
1044 1046 -0.466667
1044 1047 0.200000
1044 1048 0.200000
1044 1140 0.866667
1045 1053 -0.466667
1046 1054 -0.466667
1047 1055 5.000000
1048 1056 0.733333
1049 1053 0.866667
1049 1054 -0.333333
1049 1055 5.000000
1049 1056 0.733333
1049 1145 -1.000000
1050 1053 1.000000
1050 1054 4.333333
1050 1055 -5.000000
1050 1056 -0.066667
1050 1146 -0.600000
1051 1053 0.066667
1051 1054 0.066667
1051 1055 -0.333333
1051 1056 -0.466667
1051 1147 -0.466667
1052 1053 -0.600000
1052 1054 -3.666667
1052 1055 0.066667
1052 1056 0.600000
1052 1148 -0.066667
1057 1061 0.600000
1057 1062 -0.733333
1057 1063 -0.866667
1057 1064 -0.866667
1058 1061 0.733333
1058 1062 -0.333333
1058 1063 -1.666667
1058 1064 -0.066667
1059 1061 -0.600000
1059 1062 -0.066667
1059 1063 0.866667
1059 1064 0.600000
1060 1061 0.333333
1060 1062 -0.466667
1060 1063 0.466667
1060 1064 -0.466667
1061 1069 0.466667
1062 1070 -0.466667
1063 1071 -5.000000
1064 1072 0.866667
1065 1069 -0.733333
1065 1070 0.200000
1065 1071 -0.733333
1065 1072 0.066667
1066 1069 4.333333
1066 1070 -0.866667
1066 1071 0.333333
1066 1072 -0.733333
1067 1069 -0.200000
1067 1070 0.866667
1067 1071 -0.066667
1067 1072 0.066667
1068 1069 0.333333
1068 1070 -0.200000
1068 1071 0.066667
1068 1072 0.066667
1069 1077 0.866667
1070 1078 0.466667
1071 1079 0.866667
1072 1080 -0.866667
1073 1077 -1.000000
1073 1078 0.066667
1073 1079 -0.200000
1073 1080 -0.466667
1074 1077 0.466667
1074 1078 -0.466667
1074 1079 0.200000
1074 1080 0.333333
1075 1077 -0.466667
1075 1078 0.600000
1075 1079 -0.866667
1075 1080 0.333333
1076 1077 -0.733333
1076 1078 0.466667
1076 1079 -0.200000
1076 1080 0.200000
1077 1085 0.333333
1078 1086 -0.200000
1079 1087 1.000000
1080 1088 -0.733333
1081 1085 -0.333333
1081 1086 -0.600000
1081 1087 -0.333333
1081 1088 -3.000000
1082 1085 -0.866667
1082 1086 2.333333
1082 1087 0.200000
1082 1088 0.733333
1083 1085 0.333333
1083 1086 0.600000
1083 1087 0.600000
1083 1088 -0.600000
1084 1085 0.866667
1084 1086 1.000000
1084 1087 -0.466667
1084 1088 -1.000000
1085 1093 -1.000000
1086 1094 1.000000
1087 1095 1.666667
1088 1096 0.333333
1089 1093 0.733333
1089 1094 -0.466667
1089 1095 -0.733333
1089 1096 -0.066667
1090 1093 0.066667
1090 1094 0.066667
1090 1095 -1.000000
1090 1096 -0.200000
1091 1093 1.000000
1091 1094 1.000000
1091 1095 0.066667
1091 1096 0.066667
1092 1093 -0.733333
1092 1094 0.466667
1092 1095 -2.333333
1092 1096 1.000000
1093 1101 1.000000
1094 1102 -0.333333
1095 1103 -0.866667
1096 1104 -0.733333
1097 1101 -0.866667
1097 1102 1.000000
1097 1103 -0.066667
1097 1104 0.200000
1098 1101 1.000000
1098 1102 0.066667
1098 1103 -3.666667
1098 1104 -0.600000
1099 1101 -1.000000
1099 1102 -0.600000
1099 1103 -0.733333
1099 1104 0.066667
1100 1101 0.600000
1100 1102 0.600000
1100 1103 0.600000
1100 1104 0.866667
1101 1109 1.000000
1102 1110 -0.200000
1103 1111 -0.733333
1104 1112 0.600000
1105 1109 -0.066667
1105 1110 0.066667
1105 1111 -0.866667
1105 1112 -0.866667
1106 1109 1.000000
1106 1110 0.600000
1106 1111 -0.733333
1106 1112 0.733333
1107 1109 0.733333
1107 1110 -0.600000
1107 1111 0.733333
1107 1112 -0.733333
1108 1109 0.466667
1108 1110 0.466667
1108 1111 -0.466667
1108 1112 1.000000
1109 1117 -0.866667
1110 1118 -0.733333
1111 1119 0.866667
1112 1120 -0.200000
1113 1117 -0.333333
1113 1118 0.600000
1113 1119 0.866667
1113 1120 -0.333333
1114 1117 0.600000
1114 1118 1.000000
1114 1119 -0.600000
1114 1120 -0.200000
1115 1117 -0.866667
1115 1118 0.333333
1115 1119 1.000000
1115 1120 5.000000
1116 1117 0.200000
1116 1118 0.600000
1116 1119 0.733333
1116 1120 -0.600000
1117 1125 1.000000
1118 1126 0.200000
1119 1127 0.066667
1120 1128 0.066667
1121 1125 0.466667
1121 1126 -0.866667
1121 1127 0.866667
1121 1128 -0.333333
1122 1125 0.333333
1122 1126 0.733333
1122 1127 0.733333
1122 1128 0.866667
1123 1125 -0.333333
1123 1126 -0.200000
1123 1127 0.866667
1123 1128 -0.200000
1124 1125 0.466667
1124 1126 -0.200000
1124 1127 -1.000000
1124 1128 1.000000
1125 1133 0.466667
1126 1134 -0.066667
1127 1135 -0.200000
1128 1136 -0.866667
1129 1133 -0.066667
1129 1134 -1.000000
1129 1135 -0.866667
1129 1136 -0.866667
1130 1133 -0.866667
1130 1134 -0.200000
1130 1135 -0.066667
1130 1136 -4.333333
1131 1133 -1.000000
1131 1134 -0.466667
1131 1135 2.333333
1131 1136 0.066667
1132 1133 0.333333
1132 1134 -1.000000
1132 1135 0.066667
1132 1136 -0.600000
1133 1141 0.200000
1134 1142 -0.733333
1135 1143 3.666667
1136 1144 -0.333333
1137 1141 -0.200000
1137 1142 0.200000
1137 1143 -1.666667
1137 1144 -0.333333
1138 1141 0.733333
1138 1142 -0.466667
1138 1143 0.066667
1138 1144 0.466667
1139 1141 0.200000
1139 1142 0.866667
1139 1143 -1.000000
1139 1144 -0.066667
1140 1141 0.333333
1140 1142 -0.600000
1140 1143 -0.200000
1140 1144 -0.866667
1141 1149 0.066667
1142 1150 -0.066667
1143 1151 1.000000
1144 1152 0.066667
1145 1149 -0.200000
1145 1150 -0.466667
1145 1151 -0.866667
1145 1152 -0.866667
1146 1149 -0.866667
1146 1150 0.066667
1146 1151 1.000000
1146 1152 -1.000000
1147 1149 1.000000
1147 1150 0.733333
1147 1151 0.066667
1147 1152 -0.466667
1148 1149 -0.333333
1148 1150 0.866667
1148 1151 0.466667
1148 1152 0.333333