#
1 1 0.093333
2 2 0.120000
3 3 -0.200000
4 4 -0.173333
5 5 0.173333
6 6 -0.040000
7 7 -0.013333
8 8 0.013333
9 9 0.040000
10 10 -0.093333
11 11 0.146667
12 12 0.066667
13 13 0.066667
14 14 -0.200000
15 15 -0.173333
16 16 0.146667
17 17 0.013333
18 18 -0.093333
19 19 -0.040000
20 20 0.066667
21 21 -0.173333
22 22 -0.093333
23 23 -0.093333
24 24 0.066667
25 25 0.200000
26 26 0.146667
27 27 0.040000
28 28 0.200000
29 29 -0.200000
30 30 -0.066667
31 31 -0.093333
32 32 0.146667
33 33 0.173333
34 34 0.146667
35 35 0.173333
36 36 -0.013333
37 37 0.066667
38 38 0.013333
39 39 0.066667
40 40 0.200000
41 41 0.040000
42 42 0.093333
43 43 0.173333
44 44 0.173333
45 45 -0.173333
46 46 -0.013333
47 47 0.040000
48 48 0.013333
49 49 -0.093333
50 50 -0.120000
51 51 0.120000
52 52 0.040000
53 53 -0.013333
54 54 0.200000
55 55 -0.120000
56 56 -0.200000
57 57 0.066667
58 58 0.066667
59 59 -0.066667
60 60 -0.146667
61 61 -0.093333
62 62 -0.093333
63 63 -0.173333
64 64 0.120000
65 65 0.173333
66 66 -0.093333
67 67 -0.120000
68 68 -0.200000
69 69 -0.200000
70 70 -0.200000
71 71 -0.173333
72 72 -0.173333
73 73 0.200000
74 74 0.146667
75 75 -0.146667
76 76 -0.146667
77 77 0.146667
78 78 -0.093333
79 79 0.040000
80 80 0.200000
81 81 -0.120000
82 82 0.173333
83 83 -0.146667
84 84 0.013333
85 85 -0.146667
86 86 0.040000
87 87 0.200000
88 88 0.146667
89 89 0.146667
90 90 -0.173333
91 91 -0.173333
92 92 0.040000
93 93 0.066667
94 94 0.173333
95 95 -0.146667
96 96 0.173333
97 97 0.146667
98 98 0.066667
99 99 0.146667
100 100 -0.066667
101 101 -0.146667
102 102 0.200000
103 103 0.066667
104 104 -0.173333
105 105 -0.013333
106 106 -0.040000
107 107 0.200000
108 108 0.173333
109 109 0.146667
110 110 0.200000
111 111 -0.200000
112 112 0.013333
113 113 0.013333
114 114 0.093333
115 115 0.040000
116 116 -0.173333
117 117 0.013333
118 118 -0.120000
119 119 -0.200000
120 120 0.066667
121 121 0.040000
122 122 -0.093333
123 123 0.146667
124 124 0.173333
125 125 0.200000
126 126 -0.120000
127 127 -0.040000
128 128 0.200000
129 129 -0.066667
130 130 -0.146667
131 131 -0.013333
132 132 -0.093333
133 133 -0.093333
134 134 -0.066667
135 135 -0.146667
136 136 0.066667
137 137 -0.173333
138 138 0.093333
139 139 -0.200000
140 140 0.120000
141 141 0.040000
142 142 -0.013333
143 143 0.200000
144 144 0.066667
145 145 -0.066667
146 146 -0.173333
147 147 -0.093333
148 148 0.146667
149 149 0.146667
150 150 -0.200000
151 151 0.093333
152 152 0.040000
153 153 -0.146667
154 154 -0.013333
155 155 -0.173333
156 156 -0.013333
157 157 -0.066667
158 158 -0.120000
159 159 0.120000
160 160 0.013333
161 161 -0.200000
162 162 -0.013333
163 163 -0.200000
164 164 0.120000
165 165 -0.200000
166 166 -0.066667
167 167 0.066667
168 168 0.200000
169 169 0.066667
170 170 0.120000
171 171 0.013333
172 172 -0.146667
173 173 0.200000
174 174 -0.146667
175 175 -0.040000
176 176 0.146667
177 177 -0.013333
178 178 -0.013333
179 179 -0.120000
180 180 0.146667
181 181 -0.200000
182 182 -0.120000
183 183 0.093333
184 184 0.013333
185 185 -0.173333
186 186 0.066667
187 187 0.013333
188 188 0.093333
189 189 -0.173333
190 190 -0.120000
191 191 0.146667
192 192 -0.146667
193 193 0.146667
194 194 -0.146667
195 195 0.146667
196 196 -0.093333
197 197 0.066667
198 198 0.013333
199 199 0.093333
200 200 0.173333
201 201 -0.013333
202 202 0.013333
203 203 -0.093333
204 204 -0.200000
205 205 -0.040000
206 206 0.120000
207 207 0.013333
208 208 0.173333
209 209 0.040000
210 210 -0.066667
211 211 0.040000
212 212 0.093333
213 213 -0.146667
214 214 0.120000
215 215 0.013333
216 216 0.040000
217 217 0.200000
218 218 0.093333
219 219 0.093333
220 220 0.013333
221 221 -0.066667
222 222 0.200000
223 223 0.120000
224 224 -0.146667
225 225 -0.120000
226 226 -0.200000
227 227 -0.013333
228 228 0.200000
229 229 -0.146667
230 230 0.066667
231 231 0.040000
232 232 0.173333
233 233 -0.146667
234 234 0.066667
235 235 -0.120000
236 236 0.093333
237 237 0.066667
238 238 -0.173333
239 239 -0.066667
240 240 0.120000
241 241 0.013333
242 242 0.173333
243 243 0.093333
244 244 0.040000
245 245 0.066667
246 246 0.173333
247 247 -0.013333
248 248 -0.013333
249 249 -0.200000
250 250 0.120000
251 251 -0.173333
252 252 -0.013333
253 253 0.120000
254 254 -0.120000
255 255 0.040000
256 256 -0.013333
257 257 -0.066667
258 258 -0.013333
259 259 -0.066667
260 260 0.066667
261 261 0.200000
262 262 -0.200000
263 263 0.066667
264 264 0.173333
265 265 0.173333
266 266 -0.146667
267 267 0.146667
268 268 -0.173333
269 269 -0.200000
270 270 -0.146667
271 271 0.146667
272 272 -0.013333
273 273 0.013333
274 274 -0.013333
275 275 -0.040000
276 276 -0.120000
277 277 -0.120000
278 278 0.013333
279 279 0.120000
280 280 0.120000
281 281 0.066667
282 282 -0.040000
283 283 0.040000
284 284 -0.093333
285 285 -0.066667
286 286 0.013333
287 287 0.146667
288 288 0.120000
289 289 0.040000
290 290 -0.120000
291 291 0.013333
292 292 0.120000
293 293 0.093333
294 294 0.146667
295 295 -0.013333
296 296 0.200000
297 297 -0.200000
298 298 -0.200000
299 299 0.040000
300 300 0.066667
301 301 -0.120000
302 302 0.173333
303 303 -0.120000
304 304 -0.040000
305 305 -0.173333
306 306 0.173333
307 307 0.173333
308 308 -0.120000
309 309 0.093333
310 310 -0.120000
311 311 0.120000
312 312 0.066667
313 313 0.040000
314 314 -0.173333
315 315 0.146667
316 316 -0.066667
317 317 0.173333
318 318 -0.013333
319 319 0.200000
320 320 0.093333
321 321 0.013333
322 322 0.093333
323 323 -0.146667
324 324 0.013333
325 325 -0.013333
326 326 0.146667
327 327 -0.146667
328 328 -0.146667
329 329 -0.200000
330 330 0.040000
331 331 0.013333
332 332 -0.013333
333 333 0.093333
334 334 0.173333
335 335 0.200000
336 336 0.200000
337 337 0.013333
338 338 0.173333
339 339 -0.093333
340 340 0.173333
341 341 -0.200000
342 342 -0.173333
343 343 0.173333
344 344 -0.120000
345 345 -0.093333
346 346 0.040000
347 347 -0.173333
348 348 -0.093333
349 349 0.173333
350 350 0.173333
351 351 -0.120000
352 352 -0.013333
353 353 -0.066667
354 354 -0.146667
355 355 0.040000
356 356 0.066667
357 357 0.120000
358 358 0.013333
359 359 -0.173333
360 360 -0.146667
361 361 -0.200000
362 362 0.120000
363 363 -0.173333
364 364 0.200000
365 365 -0.120000
366 366 -0.146667
367 367 0.173333
368 368 0.066667
369 369 0.066667
370 370 0.120000
371 371 -0.066667
372 372 0.093333
373 373 -0.013333
374 374 0.093333
375 375 0.013333
376 376 0.120000
377 377 -0.013333
378 378 -0.173333
379 379 0.173333
380 380 -0.013333
381 381 -0.013333
382 382 -0.040000
383 383 0.200000
384 384 -0.146667
385 385 -0.013333
386 386 0.173333
387 387 -0.066667
388 388 -0.120000
389 389 0.200000
390 390 -0.120000
391 391 0.200000
392 392 -0.013333
393 393 -0.040000
394 394 0.120000
395 395 0.040000
396 396 -0.040000
397 397 0.093333
398 398 -0.093333
399 399 0.013333
400 400 -0.146667
401 401 0.146667
402 402 0.040000
403 403 0.173333
404 404 0.173333
405 405 0.120000
406 406 0.093333
407 407 -0.040000
408 408 -0.093333
409 409 0.146667
410 410 -0.173333
411 411 -0.120000
412 412 -0.066667
413 413 0.040000
414 414 -0.200000
415 415 0.200000
416 416 -0.146667
417 417 0.013333
418 418 -0.173333
419 419 -0.013333
420 420 0.173333
421 421 -0.120000
422 422 -0.013333
423 423 -0.173333
424 424 0.120000
425 425 -0.146667
426 426 -0.013333
427 427 0.200000
428 428 0.173333
429 429 -0.066667
430 430 -0.040000
431 431 -0.040000
432 432 -0.120000
433 433 0.120000
434 434 -0.093333
435 435 -0.093333
436 436 0.146667
437 437 0.013333
438 438 0.146667
439 439 0.173333
440 440 0.013333
441 441 0.013333
442 442 -0.093333
443 443 0.173333
444 444 -0.173333
445 445 -0.120000
446 446 -0.200000
447 447 0.146667
448 448 -0.066667
449 449 -0.066667
450 450 -0.013333
451 451 0.013333
452 452 -0.120000
453 453 -0.040000
454 454 0.093333
455 455 0.200000
456 456 -0.013333
457 457 0.200000
458 458 -0.093333
459 459 -0.066667
460 460 0.040000
461 461 -0.040000
462 462 0.040000
463 463 0.093333
464 464 -0.120000
465 465 -0.093333
466 466 -0.013333
467 467 0.040000
468 468 -0.120000
469 469 -0.093333
470 470 -0.200000
471 471 -0.120000
472 472 0.040000
473 473 -0.146667
474 474 -0.120000
475 475 0.146667
476 476 -0.066667
477 477 -0.093333
478 478 0.200000
479 479 -0.200000
480 480 -0.013333
481 481 0.173333
482 482 -0.200000
483 483 0.093333
484 484 -0.013333
485 485 0.066667
486 486 -0.013333
487 487 0.066667
488 488 -0.040000
489 489 -0.120000
490 490 -0.120000
491 491 0.013333
492 492 -0.013333
493 493 0.173333
494 494 0.120000
495 495 0.040000
496 496 0.066667
497 497 0.146667
498 498 -0.066667
499 499 0.173333
500 500 -0.200000
501 501 0.120000
502 502 0.066667
503 503 0.200000
504 504 -0.066667
505 505 0.173333
506 506 -0.146667
507 507 -0.093333
508 508 -0.146667
509 509 0.066667
510 510 0.040000
511 511 0.200000
512 512 -0.093333
513 513 -0.093333
514 514 0.200000
515 515 -0.146667
516 516 0.040000
517 517 -0.120000
518 518 -0.173333
519 519 -0.013333
520 520 0.146667
521 521 0.066667
522 522 -0.013333
523 523 0.066667
524 524 -0.200000
525 525 -0.066667
526 526 -0.040000
527 527 0.120000
528 528 -0.200000
529 529 0.013333
530 530 0.013333
531 531 0.066667
532 532 -0.173333
533 533 -0.013333
534 534 0.013333
535 535 0.146667
536 536 0.093333
537 537 -0.013333
538 538 0.173333
539 539 -0.146667
540 540 0.040000
541 541 -0.093333
542 542 -0.093333
543 543 0.093333
544 544 -0.013333
545 545 0.013333
546 546 0.146667
547 547 0.013333
548 548 -0.093333
549 549 0.093333
550 550 -0.146667
551 551 0.120000
552 552 0.120000
553 553 0.200000
554 554 -0.066667
555 555 0.200000
556 556 0.120000
557 557 0.120000
558 558 0.013333
559 559 0.093333
560 560 -0.120000
561 561 0.200000
562 562 -0.040000
563 563 0.200000
564 564 -0.173333
565 565 0.173333
566 566 0.066667
567 567 0.173333
568 568 -0.120000
569 569 0.146667
570 570 -0.200000
571 571 -0.040000
572 572 -0.013333
573 573 -0.066667
574 574 -0.040000
575 575 -0.066667
576 576 0.013333
577 577 -0.040000
578 578 0.066667
579 579 0.093333
580 580 0.013333
581 581 -0.146667
582 582 0.146667
583 583 0.013333
584 584 -0.200000
585 585 -0.013333
586 586 0.066667
587 587 -0.200000
588 588 0.173333
589 589 -0.120000
590 590 -0.146667
591 591 -0.066667
592 592 0.040000
593 593 -0.146667
594 594 -0.146667
595 595 -0.120000
596 596 -0.120000
597 597 -0.066667
598 598 -0.066667
599 599 -0.066667
600 600 -0.200000
601 601 -0.200000
602 602 -0.093333
603 603 0.173333
604 604 -0.173333
605 605 0.173333
606 606 0.066667
607 607 0.013333
608 608 -0.013333
609 609 -0.173333
610 610 0.200000
611 611 -0.120000
612 612 0.120000
613 613 0.066667
614 614 0.040000
615 615 0.173333
616 616 0.200000
617 617 -0.093333
618 618 -0.146667
619 619 0.173333
620 620 -0.200000
621 621 0.066667
622 622 -0.200000
623 623 0.040000
624 624 -0.040000
625 625 -0.040000
626 626 -0.200000
627 627 0.120000
628 628 -0.200000
629 629 0.013333
630 630 -0.146667
631 631 -0.120000
632 632 -0.013333
633 633 0.013333
634 634 0.200000
635 635 0.093333
636 636 0.093333
637 637 0.093333
638 638 -0.173333
639 639 0.040000
640 640 0.066667
641 641 0.093333
642 642 0.200000
643 643 0.013333
644 644 -0.066667
645 645 0.093333
646 646 0.013333
647 647 -0.066667
648 648 0.066667
649 649 0.200000
650 650 0.120000
651 651 -0.093333
652 652 -0.040000
653 653 -0.200000
654 654 0.173333
655 655 -0.146667
656 656 -0.013333
657 657 -0.173333
658 658 -0.146667
659 659 -0.173333
660 660 0.093333
661 661 0.200000
662 662 0.200000
663 663 -0.146667
664 664 0.120000
665 665 -0.093333
666 666 -0.173333
667 667 -0.013333
668 668 -0.120000
669 669 -0.200000
670 670 -0.066667
671 671 -0.200000
672 672 0.200000
673 673 0.040000
674 674 -0.066667
675 675 0.013333
676 676 -0.066667
677 677 -0.200000
678 678 -0.120000
679 679 -0.200000
680 680 0.200000
681 681 -0.146667
682 682 0.040000
683 683 -0.066667
684 684 0.146667
685 685 -0.013333
686 686 -0.146667
687 687 -0.173333
688 688 -0.146667
689 689 0.040000
690 690 0.066667
691 691 -0.146667
692 692 0.040000
693 693 0.093333
694 694 0.120000
695 695 -0.200000
696 696 -0.040000
697 697 -0.040000
698 698 0.200000
699 699 0.146667
700 700 0.120000
701 701 0.093333
702 702 0.173333
703 703 0.200000
704 704 0.173333
705 705 -0.146667
706 706 0.066667
707 707 -0.013333
708 708 -0.013333
709 709 -0.093333
710 710 0.120000
711 711 -0.200000
712 712 0.120000
713 713 0.173333
714 714 -0.146667
715 715 -0.040000
716 716 0.173333
717 717 0.066667
718 718 -0.146667
719 719 0.146667
720 720 -0.093333
721 721 0.120000
722 722 0.066667
723 723 -0.200000
724 724 -0.066667
725 725 -0.200000
726 726 -0.120000
727 727 0.146667
728 728 0.040000
729 729 -0.013333
730 730 0.040000
731 731 -0.040000
732 732 -0.120000
733 733 -0.200000
734 734 -0.040000
735 735 -0.146667
736 736 0.146667
737 737 0.146667
738 738 -0.013333
739 739 0.013333
740 740 -0.200000
741 741 -0.093333
742 742 -0.200000
743 743 0.040000
744 744 -0.013333
745 745 -0.040000
746 746 0.040000
747 747 -0.200000
748 748 0.120000
749 749 -0.146667
750 750 0.040000
751 751 0.093333
752 752 -0.200000
753 753 0.093333
754 754 -0.040000
755 755 -0.066667
756 756 -0.066667
757 757 0.066667
758 758 -0.013333
759 759 -0.040000
760 760 -0.013333
761 761 -0.173333
762 762 -0.013333
763 763 -0.040000
764 764 0.066667
765 765 0.200000
766 766 0.200000
767 767 -0.066667
768 768 0.066667
769 769 0.120000
770 770 0.066667
771 771 -0.093333
772 772 0.066667
773 773 -0.013333
774 774 -0.013333
775 775 0.120000
776 776 0.013333
777 777 0.066667
778 778 0.066667
779 779 -0.040000
780 780 0.013333
781 781 -0.040000
782 782 -0.173333
783 783 -0.173333
784 784 -0.093333
785 785 0.093333
786 786 -0.200000
787 787 -0.146667
788 788 0.066667
789 789 0.093333
790 790 0.146667
791 791 -0.146667
792 792 -0.120000
793 793 0.173333
794 794 0.040000
795 795 0.066667
796 796 -0.120000
797 797 0.093333
798 798 -0.093333
799 799 0.040000
800 800 0.066667
801 801 -0.146667
802 802 -0.200000
803 803 0.013333
804 804 -0.173333
805 805 -0.040000
806 806 -0.146667
807 807 0.066667
808 808 -0.120000
809 809 0.120000
810 810 0.120000
811 811 -0.066667
812 812 0.200000
813 813 -0.093333
814 814 0.120000
815 815 0.200000
816 816 -0.093333
817 817 -0.120000
818 818 0.120000
819 819 -0.013333
820 820 -0.093333
821 821 -0.173333
822 822 0.173333
823 823 -0.173333
824 824 0.066667
825 825 -0.093333
826 826 -0.040000
827 827 -0.013333
828 828 0.200000
829 829 -0.066667
830 830 -0.066667
831 831 0.040000
832 832 -0.200000
833 833 0.093333
834 834 -0.146667
835 835 0.200000
836 836 -0.093333
837 837 -0.146667
838 838 -0.120000
839 839 -0.120000
840 840 -0.146667
841 841 0.173333
842 842 0.093333
843 843 -0.013333
844 844 -0.093333
845 845 0.013333
846 846 0.146667
847 847 -0.013333
848 848 0.093333
849 849 0.066667
850 850 -0.173333
851 851 -0.173333
852 852 0.040000
853 853 -0.173333
854 854 0.120000
855 855 -0.146667
856 856 0.040000
857 857 0.066667
858 858 -0.146667
859 859 0.066667
860 860 0.066667
861 861 -0.013333
862 862 -0.173333
863 863 -0.093333
864 864 0.040000
865 865 -0.173333
866 866 -0.146667
867 867 -0.173333
868 868 0.120000
869 869 0.013333
870 870 0.013333
871 871 -0.120000
872 872 0.066667
873 873 0.200000
874 874 -0.040000
875 875 -0.173333
876 876 -0.040000
877 877 0.040000
878 878 0.146667
879 879 -0.200000
880 880 -0.013333
881 881 0.093333
882 882 0.146667
883 883 -0.013333
884 884 0.093333
885 885 0.093333
886 886 0.013333
887 887 0.173333
888 888 -0.066667
889 889 0.013333
890 890 0.093333
891 891 0.200000
892 892 -0.120000
893 893 0.120000
894 894 -0.013333
895 895 0.093333
896 896 0.120000
897 897 0.200000
898 898 0.066667
899 899 0.093333
900 900 0.040000
901 901 0.200000
902 902 -0.120000
903 903 -0.093333
904 904 0.200000
905 905 0.066667
906 906 -0.093333
907 907 0.146667
908 908 0.120000
909 909 0.066667
910 910 0.146667
911 911 0.093333
912 912 0.200000
913 913 -0.146667
914 914 0.013333
915 915 0.013333
916 916 -0.040000
917 917 -0.066667
918 918 0.173333
919 919 -0.173333
920 920 0.040000
921 921 0.200000
922 922 -0.040000
923 923 0.040000
924 924 -0.013333
925 925 -0.173333
926 926 -0.146667
927 927 -0.093333
928 928 -0.040000
929 929 0.200000
930 930 -0.093333
931 931 0.200000
932 932 0.200000
933 933 0.013333
934 934 0.066667
935 935 0.146667
936 936 -0.146667
937 937 0.066667
938 938 -0.146667
939 939 -0.040000
940 940 -0.173333
941 941 0.093333
942 942 0.040000
943 943 -0.200000
944 944 0.146667
945 945 -0.146667
946 946 -0.120000
947 947 -0.120000
948 948 -0.066667
949 949 0.200000
950 950 -0.146667
951 951 -0.040000
952 952 -0.120000
953 953 -0.093333
954 954 -0.040000
955 955 -0.200000
956 956 0.066667
957 957 -0.146667
958 958 0.040000
959 959 -0.120000
960 960 -0.013333
961 961 0.200000
962 962 0.013333
963 963 0.040000
964 964 -0.173333
965 965 0.146667
966 966 -0.066667
967 967 0.120000
968 968 -0.200000
969 969 0.173333
970 970 -0.066667
971 971 -0.146667
972 972 0.173333
973 973 0.120000
974 974 0.013333
975 975 -0.200000
976 976 -0.146667
977 977 0.093333
978 978 -0.093333
979 979 0.173333
980 980 -0.146667
981 981 -0.173333
982 982 0.066667
983 983 -0.200000
984 984 0.200000
985 985 0.120000
986 986 -0.120000
987 987 -0.066667
988 988 0.093333
989 989 0.173333
990 990 -0.013333
991 991 -0.013333
992 992 0.200000
993 993 0.146667
994 994 -0.146667
995 995 -0.146667
996 996 -0.173333
997 997 0.120000
998 998 0.200000
999 999 -0.200000
1000 1000 -0.173333
1001 1001 -0.200000
1002 1002 -0.013333
1003 1003 0.146667
1004 1004 -0.093333
1005 1005 -0.013333
1006 1006 -0.093333
1007 1007 0.013333
1008 1008 -0.173333
1009 1009 0.200000
1010 1010 -0.173333
1011 1011 -0.013333
1012 1012 0.013333
1013 1013 0.066667
1014 1014 0.066667
1015 1015 0.066667
1016 1016 0.013333
1017 1017 -0.146667
1018 1018 -0.173333
1019 1019 0.146667
1020 1020 -0.146667
1021 1021 -0.040000
1022 1022 -0.120000
1023 1023 0.066667
1024 1024 -0.066667
1025 1025 0.040000
1026 1026 0.120000
1027 1027 0.173333
1028 1028 -0.013333
1029 1029 -0.200000
1030 1030 0.146667
1031 1031 0.040000
1032 1032 0.066667
1033 1033 -0.173333
1034 1034 -0.013333
1035 1035 -0.066667
1036 1036 -0.200000
1037 1037 -0.040000
1038 1038 -0.013333
1039 1039 -0.146667
1040 1040 0.040000
1041 1041 0.066667
1042 1042 -0.173333
1043 1043 -0.146667
1044 1044 -0.146667
1045 1045 0.066667
1046 1046 -0.120000
1047 1047 0.173333
1048 1048 0.013333
1049 1049 0.040000
1050 1050 0.146667
1051 1051 0.173333
1052 1052 0.146667
1053 1053 -0.173333
1054 1054 -0.093333
1055 1055 -0.146667
1056 1056 0.066667
1057 1057 -0.173333
1058 1058 -0.066667
1059 1059 0.120000
1060 1060 0.040000
1061 1061 0.120000
1062 1062 0.040000
1063 1063 0.066667
1064 1064 0.066667
1065 1065 -0.093333
1066 1066 0.120000
1067 1067 0.146667
1068 1068 0.200000
1069 1069 0.093333
1070 1070 -0.173333
1071 1071 -0.200000
1072 1072 0.200000
1073 1073 -0.066667
1074 1074 -0.146667
1075 1075 0.146667
1076 1076 0.093333
1077 1077 -0.120000
1078 1078 -0.173333
1079 1079 -0.146667
1080 1080 0.093333
1081 1081 -0.173333
1082 1082 0.200000
1083 1083 0.146667
1084 1084 -0.173333
1085 1085 0.066667
1086 1086 0.040000
1087 1087 -0.200000
1088 1088 0.173333
1089 1089 0.200000
1090 1090 -0.040000
1091 1091 -0.146667
1092 1092 0.200000
1093 1093 0.120000
1094 1094 0.066667
1095 1095 -0.200000
1096 1096 -0.040000
1097 1097 0.013333
1098 1098 0.200000
1099 1099 0.200000
1100 1100 -0.040000
1101 1101 0.120000
1102 1102 -0.013333
1103 1103 -0.066667
1104 1104 0.093333
1105 1105 0.146667
1106 1106 0.040000
1107 1107 0.040000
1108 1108 -0.173333
1109 1109 0.093333
1110 1110 0.013333
1111 1111 0.120000
1112 1112 -0.200000
1113 1113 -0.040000
1114 1114 -0.120000
1115 1115 0.146667
1116 1116 -0.013333
1117 1117 0.066667
1118 1118 0.066667
1119 1119 -0.093333
1120 1120 0.120000
1121 1121 -0.040000
1122 1122 0.040000
1123 1123 0.093333
1124 1124 0.013333
1125 1125 -0.066667
1126 1126 -0.146667
1127 1127 -0.146667
1128 1128 -0.013333
1129 1129 0.120000
1130 1130 -0.066667
1131 1131 -0.173333
1132 1132 0.200000
1133 1133 0.040000
1134 1134 0.040000
1135 1135 -0.120000
1136 1136 -0.200000
1137 1137 -0.173333
1138 1138 0.200000
1139 1139 -0.013333
1140 1140 -0.120000
1141 1141 0.013333
1142 1142 0.093333
1143 1143 0.013333
1144 1144 -0.200000
1145 1145 -0.200000
1146 1146 0.040000
1147 1147 -0.200000
1148 1148 0.146667
1149 1149 -0.066667
1150 1150 -0.040000
1151 1151 -0.173333
1152 1152 -0.146667
1 5 1.000000
1 6 0.733333
1 7 1.000000
1 8 -1.000000
1 97 -0.333333
2 5 -0.333333
2 6 0.066667
2 7 0.333333
2 8 -0.733333
2 98 1.000000
3 5 -0.200000
3 6 0.466667
3 7 -0.733333
3 8 -0.866667
3 99 -0.600000
4 5 0.200000
4 6 1.000000
4 7 -0.466667
4 8 0.466667
4 100 -0.333333
5 13 0.333333
6 14 0.333333
7 15 1.000000
8 16 0.066667
9 13 4.333333
9 14 0.466667
9 15 -0.866667
9 16 0.333333
9 105 -0.733333
10 13 5.000000
10 14 0.866667
10 15 1.000000
10 16 -0.866667
10 106 0.200000
11 13 1.000000
11 14 0.466667
11 15 -0.466667
11 16 -5.000000
11 107 -0.866667
12 13 0.066667
12 14 -1.000000
12 15 -0.066667
12 16 0.733333
12 108 -0.200000
13 21 -2.333333
14 22 0.333333
15 23 -0.200000
16 24 0.066667
17 21 -0.866667
17 22 -0.866667
17 23 0.600000
17 24 -0.333333
17 113 0.200000
18 21 3.666667
18 22 -1.666667
18 23 -5.000000
18 24 -0.600000
18 114 0.333333
19 21 -1.000000
19 22 -5.000000
19 23 -0.333333
19 24 3.666667
19 115 -0.200000
20 21 -0.333333
20 22 -0.866667
20 23 -0.866667
20 24 -0.466667
20 116 -0.200000
21 29 -0.733333
22 30 -4.333333
23 31 0.333333
24 32 0.333333
25 29 -0.866667
25 30 0.600000
25 31 -0.333333
25 32 2.333333
25 121 0.333333
26 29 0.333333
26 30 0.333333
26 31 0.733333
26 32 0.600000
26 122 0.066667
27 29 0.333333
27 30 -0.066667
27 31 0.466667
27 32 0.333333
27 123 0.066667
28 29 0.200000
28 30 -0.066667
28 31 -1.000000
28 32 3.000000
28 124 -0.333333
29 37 -0.866667
30 38 -0.866667
31 39 -0.466667
32 40 0.733333
33 37 0.333333
33 38 0.466667
33 39 -0.466667
33 40 0.866667
33 129 0.333333
34 37 1.000000
34 38 -0.333333
34 39 -1.000000
34 40 -0.200000
34 130 -0.733333
35 37 0.733333
35 38 1.000000
35 39 -0.066667
35 40 -0.466667
35 131 1.000000
36 37 -0.733333
36 38 -0.466667
36 39 -0.200000
36 40 -0.866667
36 132 0.733333
37 45 -3.000000
38 46 -0.600000
39 47 0.733333
40 48 -0.200000
41 45 -0.066667
41 46 0.066667
41 47 -0.200000
41 48 -0.333333
41 137 -0.466667
42 45 -0.333333
42 46 -0.600000
42 47 1.000000
42 48 -1.000000
42 138 0.333333
43 45 -0.866667
43 46 -1.000000
43 47 -0.066667
43 48 -0.066667
43 139 0.466667
44 45 0.733333
44 46 -0.866667
44 47 1.000000
44 48 0.866667
44 140 1.000000
45 53 0.200000
46 54 0.066667
47 55 0.333333
48 56 0.733333
49 53 0.200000
49 54 -0.200000
49 55 0.466667
49 56 -1.000000
49 145 0.600000
50 53 -1.000000
50 54 0.733333
50 55 -0.200000
50 56 -0.600000
50 146 -0.333333
51 53 -1.000000
51 54 -0.733333
51 55 -0.600000
51 56 -1.000000
51 147 -0.600000
52 53 -0.600000
52 54 -1.000000
52 55 0.200000
52 56 -0.333333
52 148 -0.866667
53 61 0.466667
54 62 -0.866667
55 63 -1.000000
56 64 -1.000000
57 61 -1.000000
57 62 0.466667
57 63 -0.200000
57 64 1.000000
57 153 -0.200000
58 61 -0.600000
58 62 0.200000
58 63 -0.066667
58 64 0.066667
58 154 -0.333333
59 61 0.333333
59 62 0.333333
59 63 0.733333
59 64 -0.600000
59 155 -0.466667
60 61 0.866667
60 62 -0.600000
60 63 -1.000000
60 64 -0.466667
60 156 -0.200000
61 69 -0.600000
62 70 -0.333333
63 71 -0.466667
64 72 -0.866667
65 69 -0.600000
65 70 0.733333
65 71 0.200000
65 72 0.866667
65 161 0.866667
66 69 0.333333
66 70 -0.333333
66 71 -1.000000
66 72 0.466667
66 162 0.333333
67 69 0.733333
67 70 0.733333
67 71 0.733333
67 72 1.000000
67 163 -0.066667
68 69 -0.866667
68 70 0.733333
68 71 -0.866667
68 72 -1.000000
68 164 0.600000
69 77 1.000000
70 78 -0.600000
71 79 3.000000
72 80 0.600000
73 77 -0.733333
73 78 -0.200000
73 79 -0.733333
73 80 -0.600000
73 169 -1.000000
74 77 0.733333
74 78 0.466667
74 79 -1.000000
74 80 -0.600000
74 170 -0.333333
75 77 -0.600000
75 78 -1.666667
75 79 -0.866667
75 80 0.866667
75 171 -0.466667
76 77 0.866667
76 78 0.066667
76 79 -0.066667
76 80 1.000000
76 172 1.000000
77 85 0.866667
78 86 0.333333
79 87 -1.000000
80 88 -4.333333
81 85 -3.000000
81 86 -0.066667
81 87 -0.466667
81 88 1.000000
81 177 -5.000000
82 85 -2.333333
82 86 0.466667
82 87 1.666667
82 88 -5.000000
82 178 -5.000000
83 85 0.200000
83 86 -1.000000
83 87 0.466667
83 88 1.000000
83 179 1.000000
84 85 0.200000
84 86 2.333333
84 87 -0.466667
84 88 -1.000000
84 180 0.733333
85 93 -4.333333
86 94 1.000000
87 95 0.866667
88 96 0.600000
89 93 -3.000000
89 94 0.466667
89 95 -5.000000
89 96 -0.333333
89 185 -1.000000
90 93 -0.466667
90 94 0.466667
90 95 0.866667
90 96 -0.733333
90 186 -0.466667
91 93 -1.666667
91 94 -3.666667
91 95 -0.333333
91 96 -0.200000
91 187 0.200000
92 93 2.333333
92 94 0.733333
92 95 -0.733333
92 96 1.000000
92 188 -0.600000
97 101 0.733333
97 102 -0.733333
97 103 0.866667
97 104 -0.200000
97 193 -0.866667
98 101 0.333333
98 102 -0.200000
98 103 0.333333
98 104 -0.466667
98 194 0.733333
99 101 -0.200000
99 102 0.733333
99 103 -0.866667
99 104 -0.333333
99 195 0.200000
100 101 -0.200000
100 102 0.200000
100 103 -0.466667
100 104 -0.200000
100 196 0.333333
101 109 0.333333
102 110 0.200000
103 111 -0.866667
104 112 0.600000
105 109 -0.600000
105 110 -0.600000
105 111 0.600000
105 112 0.200000
105 201 -0.200000
106 109 -0.733333
106 110 0.866667
106 111 0.866667
106 112 0.466667
106 202 0.066667
107 109 0.600000
107 110 0.466667
107 111 0.600000
107 112 0.600000
107 203 0.733333
108 109 0.200000
108 110 -0.866667
108 111 -0.066667
108 112 1.000000
108 204 -1.000000
109 117 -0.733333
110 118 0.866667
111 119 -0.333333
112 120 -0.200000
113 117 -5.000000
113 118 -0.066667
113 119 0.200000
113 120 0.733333
113 209 1.000000
114 117 -0.333333
114 118 0.200000
114 119 -0.066667
114 120 0.466667
114 210 -1.000000
115 117 -0.466667
115 118 0.600000
115 119 0.866667
115 120 0.600000
115 211 1.666667
116 117 0.333333
116 118 -0.466667
116 119 -0.466667
116 120 -0.466667
116 212 1.000000
117 125 -1.666667
118 126 -0.200000
119 127 -0.200000
120 128 -1.000000
121 125 -0.733333
121 126 -2.333333
121 127 0.466667
121 128 -3.000000
121 217 0.066667
122 125 -0.866667
122 126 -0.466667
122 127 0.066667
122 128 -3.666667
122 218 0.066667
123 125 -0.733333
123 126 0.733333
123 127 0.866667
123 128 0.600000
123 219 1.000000
124 125 -0.733333
124 126 -0.866667
124 127 0.733333
124 128 -0.333333
124 220 0.600000
125 133 0.866667
126 134 -5.000000
127 135 1.000000
128 136 -0.600000
129 133 -0.200000
129 134 -0.600000
129 135 -0.866667
129 136 -0.866667
129 225 0.733333
130 133 -0.333333
130 134 1.000000
130 135 -2.333333
130 136 0.066667
130 226 -0.733333
131 133 -0.600000
131 134 1.000000
131 135 0.466667
131 136 -0.466667
131 227 0.733333
132 133 0.600000
132 134 -0.733333
132 135 -0.333333
132 136 -0.466667
132 228 -0.733333
133 141 -0.333333
134 142 -0.066667
135 143 0.600000
136 144 0.333333
137 141 -0.066667
137 142 -0.333333
137 143 0.600000
137 144 0.866667
137 233 0.866667
138 141 -1.000000
138 142 0.066667
138 143 -0.866667
138 144 0.200000
138 234 0.733333
139 141 -0.600000
139 142 -1.000000
139 143 0.333333
139 144 0.466667
139 235 -0.733333
140 141 0.466667
140 142 -0.733333
140 143 -0.600000
140 144 -0.600000
140 236 -0.466667
141 149 -0.866667
142 150 -0.200000
143 151 0.333333
144 152 0.466667
145 149 -0.866667
145 150 0.733333
145 151 0.733333
145 152 -1.000000
145 241 0.066667
146 149 0.333333
146 150 -0.066667
146 151 -0.866667
146 152 -0.333333
146 242 1.000000
147 149 0.066667
147 150 1.000000
147 151 -0.066667
147 152 -0.733333
147 243 0.466667
148 149 -0.600000
148 150 -0.466667
148 151 -0.333333
148 152 0.733333
148 244 0.333333
149 157 -1.000000
150 158 -0.466667
151 159 0.866667
152 160 0.733333
153 157 0.200000
153 158 -1.000000
153 159 0.733333
153 160 0.733333
153 249 -0.200000
154 157 0.733333
154 158 -0.066667
154 159 0.466667
154 160 0.866667
154 250 0.466667
155 157 -0.733333
155 158 1.000000
155 159 -0.866667
155 160 0.466667
155 251 -0.866667
156 157 0.466667
156 158 0.866667
156 159 -1.000000
156 160 0.600000
156 252 -0.200000
157 165 -0.200000
158 166 0.600000
159 167 0.066667
160 168 -0.466667
161 165 -1.000000
161 166 -0.066667
161 167 -0.866667
161 168 0.733333
161 257 0.333333
162 165 0.866667
162 166 -1.000000
162 167 0.066667
162 168 0.600000
162 258 0.866667
163 165 0.200000
163 166 -0.200000
163 167 -1.000000
163 168 -0.066667
163 259 -0.733333
164 165 0.066667
164 166 0.866667
164 167 0.333333
164 168 0.466667
164 260 -0.333333
165 173 -0.466667
166 174 -0.200000
167 175 0.200000
168 176 -0.466667
169 173 -1.000000
169 174 1.000000
169 175 -0.466667
169 176 -0.866667
169 265 0.600000
170 173 0.600000
170 174 -0.466667
170 175 0.600000
170 176 0.200000
170 266 -0.066667
171 173 -0.466667
171 174 0.733333
171 175 -0.866667
171 176 -0.200000
171 267 -0.333333
172 173 -0.866667
172 174 0.066667
172 175 0.866667
172 176 0.066667
172 268 -0.200000
173 181 0.333333
174 182 -0.733333
175 183 0.333333
176 184 0.333333
177 181 -0.866667
177 182 -0.600000
177 183 -3.666667
177 184 0.333333
177 273 -0.333333
178 181 1.000000
178 182 -0.200000
178 183 0.333333
178 184 -0.066667
178 274 4.333333
179 181 0.466667
179 182 0.600000
179 183 0.866667
179 184 0.866667
179 275 -0.866667
180 181 0.466667
180 182 -0.066667
180 183 -0.200000
180 184 0.066667
180 276 0.733333
181 189 -0.466667
182 190 -0.466667
183 191 0.600000
184 192 -0.200000
185 189 0.333333
185 190 0.866667
185 191 4.333333
185 192 0.600000
185 281 2.333333
186 189 0.466667
186 190 0.866667
186 191 -0.466667
186 192 -0.600000
186 282 0.866667
187 189 0.733333
187 190 0.200000
187 191 -0.066667
187 192 0.733333
187 283 4.333333
188 189 -0.600000
188 190 -0.333333
188 191 0.866667
188 192 0.866667
188 284 -0.866667
193 197 0.066667
193 198 -0.333333
193 199 0.066667
193 200 0.200000
193 289 1.000000
194 197 0.733333
194 198 0.600000
194 199 -0.466667
194 200 -0.600000
194 290 -0.066667
195 197 -1.000000
195 198 0.200000
195 199 -0.333333
195 200 -0.733333
195 291 -1.000000
196 197 -0.200000
196 198 0.200000
196 199 -0.333333
196 200 0.333333
196 292 0.466667
197 205 0.466667
198 206 -0.333333
199 207 -0.066667
200 208 -0.200000
201 205 -0.600000
201 206 0.600000
201 207 -0.600000
201 208 -0.066667
201 297 -0.200000
202 205 0.333333
202 206 0.733333
202 207 -0.866667
202 208 -1.000000
202 298 -0.333333
203 205 -0.866667
203 206 -0.600000
203 207 -0.066667
203 208 -0.466667
203 299 -0.200000
204 205 0.866667
204 206 -0.866667
204 207 0.600000
204 208 0.600000
204 300 -0.600000
205 213 -0.866667
206 214 0.866667
207 215 0.866667
208 216 -1.000000
209 213 -0.866667
209 214 0.466667
209 215 5.000000
209 216 -3.000000
209 305 -3.666667
210 213 -0.866667
210 214 -0.333333
210 215 0.466667
210 216 -1.000000
210 306 0.733333
211 213 -0.200000
211 214 -0.466667
211 215 -0.466667
211 216 -0.333333
211 307 0.466667
212 213 -0.200000
212 214 -0.066667
212 215 2.333333
212 216 0.600000
212 308 -0.466667
213 221 -0.600000
214 222 0.200000
215 223 0.866667
216 224 1.000000
217 221 -0.600000
217 222 -0.066667
217 223 0.600000
217 224 -0.466667
217 313 0.866667
218 221 1.000000
218 222 0.333333
218 223 0.333333
218 224 0.733333
218 314 -0.733333
219 221 1.000000
219 222 -0.466667
219 223 0.333333
219 224 -0.466667
219 315 0.200000
220 221 -0.466667
220 222 -0.733333
220 223 0.600000
220 224 0.200000
220 316 -0.200000
221 229 -0.200000
222 230 -0.866667
223 231 0.733333
224 232 -0.200000
225 229 -0.866667
225 230 -1.000000
225 231 -1.000000
225 232 -0.866667
225 321 -0.200000
226 229 -0.600000
226 230 0.600000
226 231 1.000000
226 232 0.866667
226 322 1.000000
227 229 -0.200000
227 230 -0.333333
227 231 0.466667
227 232 0.733333
227 323 0.200000
228 229 -0.200000
228 230 -0.066667
228 231 -0.866667
228 232 -0.466667
228 324 0.333333
229 237 -0.866667
230 238 0.466667
231 239 -0.200000
232 240 0.866667
233 237 -0.066667
233 238 0.466667
233 239 0.466667
233 240 0.066667
233 329 0.866667
234 237 -3.000000
234 238 -0.466667
234 239 1.000000
234 240 -0.200000
234 330 2.333333
235 237 -0.600000
235 238 -0.466667
235 239 0.066667
235 240 -0.200000
235 331 -0.333333
236 237 -0.333333
236 238 -0.866667
236 239 -0.066667
236 240 0.600000
236 332 -1.000000
237 245 1.000000
238 246 -0.733333
239 247 0.066667
240 248 0.333333
241 245 0.866667
241 246 0.333333
241 247 -0.200000
241 248 -0.333333
241 337 -0.866667
242 245 -0.200000
242 246 -1.000000
242 247 -0.200000
242 248 0.466667
242 338 0.466667
243 245 -0.066667
243 246 -0.466667
243 247 0.466667
243 248 -0.600000
243 339 0.333333
244 245 0.466667
244 246 0.333333
244 247 -1.000000
244 248 0.733333
244 340 0.866667
245 253 1.000000
246 254 0.200000
247 255 -0.866667
248 256 0.466667
249 253 0.200000
249 254 -0.333333
249 255 0.733333
249 256 0.600000
249 345 -0.600000
250 253 -0.600000
250 254 0.466667
250 255 -0.066667
250 256 -0.600000
250 346 -1.000000
251 253 -0.200000
251 254 -0.066667
251 255 0.733333
251 256 -0.733333
251 347 0.733333
252 253 0.600000
252 254 -0.466667
252 255 -1.000000
252 256 -0.200000
252 348 0.866667
253 261 0.866667
254 262 0.866667
255 263 -0.733333
256 264 -0.466667
257 261 0.466667
257 262 0.066667
257 263 0.066667
257 264 0.600000
257 353 0.466667
258 261 -0.200000
258 262 0.066667
258 263 -0.600000
258 264 -1.000000
258 354 0.600000
259 261 0.333333
259 262 -1.666667
259 263 -0.600000
259 264 0.866667
259 355 -0.333333
260 261 0.466667
260 262 0.733333
260 263 -0.066667
260 264 0.200000
260 356 0.066667
261 269 -0.066667
262 270 1.000000
263 271 1.000000
264 272 -0.466667
265 269 -0.600000
265 270 -0.200000
265 271 0.866667
265 272 -0.333333
265 361 -0.466667
266 269 0.466667
266 270 0.866667
266 271 0.733333
266 272 -0.866667
266 362 0.600000
267 269 0.866667
267 270 0.866667
267 271 0.733333
267 272 -1.000000
267 363 0.600000
268 269 -0.866667
268 270 1.000000
268 271 0.333333
268 272 -0.466667
268 364 0.066667
269 277 0.066667
270 278 -1.000000
271 279 -0.333333
272 280 0.600000
273 277 0.466667
273 278 -1.000000
273 279 -0.333333
273 280 0.066667
273 369 -1.000000
274 277 -1.000000
274 278 -0.600000
274 279 -0.200000
274 280 -0.733333
274 370 -1.666667
275 277 -1.000000
275 278 -1.000000
275 279 0.866667
275 280 0.600000
275 371 -0.333333
276 277 0.066667
276 278 -0.333333
276 279 -0.466667
276 280 0.066667
276 372 -0.066667
277 285 0.866667
278 286 0.333333
279 287 -0.866667
280 288 -0.600000
281 285 -1.000000
281 286 -0.333333
281 287 0.600000
281 288 -2.333333
281 377 0.200000
282 285 0.600000
282 286 -4.333333
282 287 -0.066667
282 288 2.333333
282 378 1.000000
283 285 -0.733333
283 286 -1.666667
283 287 1.000000
283 288 -0.333333
283 379 1.000000
284 285 -2.333333
284 286 -1.000000
284 287 -3.000000
284 288 -0.600000
284 380 0.466667
289 293 0.466667
289 294 0.066667
289 295 0.066667
289 296 0.600000
289 385 -0.466667
290 293 -0.466667
290 294 0.733333
290 295 -3.666667
290 296 -0.066667
290 386 -1.000000
291 293 2.333333
291 294 -5.000000
291 295 0.333333
291 296 -1.000000
291 387 -2.333333
292 293 -0.600000
292 294 -0.066667
292 295 1.666667
292 296 -0.866667
292 388 -0.066667
293 301 0.333333
294 302 -5.000000
295 303 0.600000
296 304 -1.000000
297 301 -0.600000
297 302 -0.866667
297 303 0.200000
297 304 0.600000
297 393 -0.466667
298 301 1.000000
298 302 0.200000
298 303 0.866667
298 304 -0.866667
298 394 0.200000
299 301 -0.600000
299 302 -0.333333
299 303 -0.733333
299 304 0.600000
299 395 -1.000000
300 301 3.000000
300 302 0.600000
300 303 -0.200000
300 304 0.066667
300 396 -0.200000
301 309 -5.000000
302 310 0.333333
303 311 2.333333
304 312 0.066667
305 309 0.333333
305 310 0.066667
305 311 4.333333
305 312 0.066667
305 401 0.866667
306 309 -3.000000
306 310 0.733333
306 311 0.333333
306 312 -0.200000
306 402 -0.733333
307 309 -0.466667
307 310 -0.733333
307 311 0.333333
307 312 -0.866667
307 403 -0.600000
308 309 0.600000
308 310 -0.200000
308 311 -1.000000
308 312 -0.600000
308 404 -0.200000
309 317 -2.333333
310 318 -0.733333
311 319 1.666667
312 320 -0.866667
313 317 5.000000
313 318 1.000000
313 319 0.333333
313 320 0.466667
313 409 -3.000000
314 317 1.000000
314 318 0.733333
314 319 -0.333333
314 320 -1.000000
314 410 -0.333333
315 317 0.600000
315 318 -0.600000
315 319 -1.000000
315 320 -0.733333
315 411 -5.000000
316 317 -3.666667
316 318 5.000000
316 319 3.666667
316 320 4.333333
316 412 -0.733333
317 325 -0.600000
318 326 -0.066667
319 327 -0.200000
320 328 1.000000
321 325 -1.000000
321 326 1.000000
321 327 1.000000
321 328 -0.066667
321 417 -0.733333
322 325 0.066667
322 326 0.466667
322 327 -1.000000
322 328 0.466667
322 418 0.066667
323 325 0.733333
323 326 0.066667
323 327 -0.600000
323 328 -0.200000
323 419 -0.866667
324 325 0.866667
324 326 -0.733333
324 327 0.066667
324 328 0.866667
324 420 0.466667
325 333 0.866667
326 334 -0.333333
327 335 -1.000000
328 336 -0.866667
329 333 -0.733333
329 334 -0.066667
329 335 -5.000000
329 336 -0.733333
329 425 0.333333
330 333 0.466667
330 334 0.066667
330 335 0.466667
330 336 0.066667
330 426 0.733333
331 333 -0.333333
331 334 0.866667
331 335 -0.866667
331 336 0.200000
331 427 0.466667
332 333 0.733333
332 334 0.600000
332 335 0.200000
332 336 0.600000
332 428 -0.200000
333 341 -0.600000
334 342 -0.066667
335 343 4.333333
336 344 -0.200000
337 341 -1.000000
337 342 0.466667
337 343 0.200000
337 344 -0.333333
337 433 0.466667
338 341 -0.333333
338 342 0.066667
338 343 -1.000000
338 344 -0.866667
338 434 -0.466667
339 341 0.866667
339 342 0.200000
339 343 0.333333
339 344 0.200000
339 435 -1.000000
340 341 -0.066667
340 342 -0.333333
340 343 -0.066667
340 344 -0.333333
340 436 -1.000000
341 349 3.000000
342 350 -0.466667
343 351 -0.466667
344 352 -0.600000
345 349 -4.333333
345 350 -0.333333
345 351 -1.000000
345 352 -0.600000
345 441 -5.000000
346 349 0.466667
346 350 0.200000
346 351 -0.466667
346 352 0.333333
346 442 1.000000
347 349 -1.000000
347 350 0.333333
347 351 -0.733333
347 352 0.600000
347 443 0.600000
348 349 0.200000
348 350 1.000000
348 351 -0.600000
348 352 0.333333
348 444 2.333333
349 357 0.200000
350 358 2.333333
351 359 0.733333
352 360 0.466667
353 357 1.000000
353 358 4.333333
353 359 -4.333333
353 360 -0.333333
353 449 -0.466667
354 357 0.066667
354 358 0.866667
354 359 -0.200000
354 360 -0.600000
354 450 0.866667
355 357 -1.000000
355 358 0.466667
355 359 1.000000
355 360 -0.200000
355 451 0.200000
356 357 -0.200000
356 358 -0.200000
356 359 -1.000000
356 360 -0.600000
356 452 0.466667
357 365 -0.866667
358 366 -0.600000
359 367 -1.000000
360 368 0.866667
361 365 1.000000
361 366 -0.466667
361 367 -0.333333
361 368 0.200000
361 457 -0.600000
362 365 -0.200000
362 366 0.200000
362 367 0.733333
362 368 1.000000
362 458 -0.466667
363 365 0.466667
363 366 -1.000000
363 367 0.466667
363 368 -0.066667
363 459 -0.600000
364 365 1.000000
364 366 -0.600000
364 367 0.200000
364 368 -0.200000
364 460 -0.600000
365 373 -0.733333
366 374 -0.200000
367 375 0.333333
368 376 -1.666667
369 373 -0.066667
369 374 2.333333
369 375 -4.333333
369 376 0.066667
369 465 0.466667
370 373 -3.000000
370 374 5.000000
370 375 5.000000
370 376 -1.000000
370 466 4.333333
371 373 -4.333333
371 374 4.333333
371 375 1.666667
371 376 -5.000000
371 467 1.000000
372 373 1.000000
372 374 -0.866667
372 375 1.000000
372 376 -0.333333
372 468 0.200000
373 381 -0.200000
374 382 -0.733333
375 383 1.666667
376 384 -1.000000
377 381 2.333333
377 382 -1.000000
377 383 -0.866667
377 384 0.333333
377 473 -0.333333
378 381 -0.600000
378 382 0.866667
378 383 0.333333
378 384 1.000000
378 474 -1.000000
379 381 0.733333
379 382 5.000000
379 383 0.600000
379 384 -3.000000
379 475 2.333333
380 381 -0.733333
380 382 -0.733333
380 383 -3.000000
380 384 0.333333
380 476 2.333333
385 389 0.733333
385 390 -0.466667
385 391 0.333333
385 392 0.333333
385 481 -0.866667
386 389 5.000000
386 390 0.333333
386 391 0.600000
386 392 0.333333
386 482 0.333333
387 389 0.200000
387 390 -1.000000
387 391 3.000000
387 392 -1.666667
387 483 -0.466667
388 389 0.866667
388 390 -0.466667
388 391 -0.866667
388 392 -4.333333
388 484 -0.200000
389 397 -0.333333
390 398 -0.333333
391 399 0.466667
392 400 1.000000
393 397 -0.466667
393 398 0.466667
393 399 -0.466667
393 400 -0.600000
393 489 -0.066667
394 397 -0.333333
394 398 -0.733333
394 399 0.866667
394 400 -1.666667
394 490 -3.666667
395 397 -1.000000
395 398 0.733333
395 399 -3.000000
395 400 1.000000
395 491 0.600000
396 397 5.000000
396 398 -1.000000
396 399 2.333333
396 400 0.333333
396 492 -0.866667
397 405 0.866667
398 406 -0.066667
399 407 -0.466667
400 408 -0.466667
401 405 0.066667
401 406 1.000000
401 407 -0.333333
401 408 -0.466667
401 497 0.200000
402 405 -0.333333
402 406 -0.733333
402 407 0.333333
402 408 0.066667
402 498 0.066667
403 405 -0.600000
403 406 -0.333333
403 407 -0.066667
403 408 -0.066667
403 499 0.733333
404 405 0.733333
404 406 -0.600000
404 407 -0.466667
404 408 0.466667
404 500 -0.866667
405 413 -0.600000
406 414 -0.466667
407 415 0.866667
408 416 -0.600000
409 413 -0.333333
409 414 0.600000
409 415 0.866667
409 416 -0.200000
409 505 0.866667
410 413 -0.066667
410 414 0.466667
410 415 0.200000
410 416 -0.733333
410 506 -0.066667
411 413 1.000000
411 414 1.000000
411 415 0.866667
411 416 -0.600000
411 507 0.333333
412 413 0.200000
412 414 0.733333
412 415 -0.200000
412 416 -0.600000
412 508 -0.866667
413 421 0.866667
414 422 0.066667
415 423 0.600000
416 424 -0.200000
417 421 -0.333333
417 422 0.866667
417 423 -0.466667
417 424 -0.066667
417 513 0.333333
418 421 -1.000000
418 422 0.200000
418 423 1.000000
418 424 -0.333333
418 514 -0.733333
419 421 -1.000000
419 422 -0.066667
419 423 0.333333
419 424 0.733333
419 515 -0.733333
420 421 0.466667
420 422 0.333333
420 423 0.466667
420 424 0.866667
420 516 -0.733333
421 429 -1.000000
422 430 -0.733333
423 431 -0.066667
424 432 -0.466667
425 429 -0.333333
425 430 -0.600000
425 431 0.200000
425 432 -0.333333
425 521 -1.000000
426 429 -0.600000
426 430 0.866667
426 431 0.200000
426 432 0.600000
426 522 -0.600000
427 429 -0.066667
427 430 -0.600000
427 431 1.000000
427 432 0.066667
427 523 -0.466667
428 429 0.600000
428 430 0.466667
428 431 -0.866667
428 432 -0.466667
428 524 1.000000
429 437 0.733333
430 438 3.000000
431 439 -0.600000
432 440 0.733333
433 437 -0.200000
433 438 -0.066667
433 439 -0.333333
433 440 0.600000
433 529 -0.600000
434 437 -1.000000
434 438 3.000000
434 439 -0.200000
434 440 -0.066667
434 530 -5.000000
435 437 -0.733333
435 438 -1.000000
435 439 0.466667
435 440 0.066667
435 531 0.333333
436 437 0.066667
436 438 -0.466667
436 439 -0.466667
436 440 0.733333
436 532 -0.200000
437 445 -0.600000
438 446 0.066667
439 447 -0.333333
440 448 -0.200000
441 445 0.333333
441 446 0.466667
441 447 4.333333
441 448 0.200000
441 537 -0.866667
442 445 -0.466667
442 446 0.066667
442 447 0.866667
442 448 0.600000
442 538 0.066667
443 445 0.200000
443 446 0.866667
443 447 -0.066667
443 448 -0.866667
443 539 -1.000000
444 445 -0.333333
444 446 0.200000
444 447 -0.866667
444 448 0.600000
444 540 -0.066667
445 453 -0.733333
446 454 0.200000
447 455 0.333333
448 456 -0.066667
449 453 0.866667
449 454 -0.066667
449 455 -0.866667
449 456 -0.200000
449 545 0.866667
450 453 -0.866667
450 454 -0.600000
450 455 0.333333
450 456 -0.333333
450 546 -0.466667
451 453 -0.466667
451 454 -1.000000
451 455 0.466667
451 456 -0.733333
451 547 0.466667
452 453 0.600000
452 454 0.466667
452 455 0.066667
452 456 -0.333333
452 548 0.200000
453 461 -0.733333
454 462 -1.000000
455 463 -0.200000
456 464 0.600000
457 461 -0.200000
457 462 -0.333333
457 463 -0.333333
457 464 -0.600000
457 553 -0.866667
458 461 0.600000
458 462 -0.200000
458 463 0.733333
458 464 -0.066667
458 554 0.200000
459 461 -1.000000
459 462 0.600000
459 463 -0.600000
459 464 0.333333
459 555 0.466667
460 461 -0.200000
460 462 0.333333
460 463 0.466667
460 464 0.600000
460 556 0.066667
461 469 -0.066667
462 470 -0.600000
463 471 0.866667
464 472 0.200000
465 469 0.200000
465 470 -0.200000
465 471 -0.600000
465 472 0.466667
465 561 -0.866667
466 469 -0.733333
466 470 -0.733333
466 471 -0.866667
466 472 -0.200000
466 562 0.600000
467 469 -0.333333
467 470 0.200000
467 471 -0.066667
467 472 1.000000
467 563 1.000000
468 469 0.066667
468 470 -0.600000
468 471 -1.000000
468 472 0.333333
468 564 0.066667
469 477 0.200000
470 478 -0.866667
471 479 0.066667
472 480 0.866667
473 477 0.333333
473 478 -0.066667
473 479 -0.466667
473 480 1.666667
473 569 -0.066667
474 477 0.333333
474 478 0.200000
474 479 0.866667
474 480 0.466667
474 570 -0.866667
475 477 -0.066667
475 478 -0.333333
475 479 0.066667
475 480 -4.333333
475 571 1.000000
476 477 -0.333333
476 478 -0.466667
476 479 -0.200000
476 480 0.066667
476 572 0.866667
481 485 0.600000
481 486 -0.733333
481 487 0.333333
481 488 -0.466667
481 577 -0.600000
482 485 -0.066667
482 486 0.333333
482 487 0.866667
482 488 0.200000
482 578 1.000000
483 485 -1.000000
483 486 -0.466667
483 487 0.333333
483 488 0.600000
483 579 0.866667
484 485 1.000000
484 486 1.666667
484 487 0.866667
484 488 -1.000000
484 580 -0.466667
485 493 -0.466667
486 494 -3.666667
487 495 2.333333
488 496 -0.466667
489 493 -0.333333
489 494 -0.600000
489 495 3.666667
489 496 0.200000
489 585 0.200000
490 493 4.333333
490 494 0.600000
490 495 -1.000000
490 496 1.000000
490 586 0.200000
491 493 0.866667
491 494 0.600000
491 495 5.000000
491 496 -0.466667
491 587 0.600000
492 493 -1.000000
492 494 4.333333
492 495 1.666667
492 496 0.333333
492 588 3.666667
493 501 -3.666667
494 502 4.333333
495 503 -0.466667
496 504 -4.333333
497 501 -0.066667
497 502 0.200000
497 503 1.666667
497 504 -0.200000
497 593 -1.000000
498 501 0.466667
498 502 0.600000
498 503 0.733333
498 504 -3.666667
498 594 -0.066667
499 501 0.333333
499 502 -1.000000
499 503 0.066667
499 504 0.466667
499 595 -0.333333
500 501 -0.333333
500 502 3.000000
500 503 0.733333
500 504 0.600000
500 596 0.333333
501 509 5.000000
502 510 -3.000000
503 511 -0.600000
504 512 0.866667
505 509 -0.333333
505 510 0.733333
505 511 -0.466667
505 512 0.333333
505 601 -0.733333
506 509 -0.200000
506 510 -0.333333
506 511 -1.000000
506 512 0.866667
506 602 -0.333333
507 509 0.466667
507 510 -0.733333
507 511 0.066667
507 512 -0.866667
507 603 0.600000
508 509 0.200000
508 510 -0.733333
508 511 -0.333333
508 512 0.466667
508 604 0.733333
509 517 -0.866667
510 518 -0.066667
511 519 -1.000000
512 520 -1.000000
513 517 0.066667
513 518 -0.733333
513 519 -0.333333
513 520 1.000000
513 609 4.333333
514 517 0.600000
514 518 0.600000
514 519 0.333333
514 520 0.066667
514 610 -0.466667
515 517 0.466667
515 518 -0.066667
515 519 0.600000
515 520 -0.866667
515 611 -1.666667
516 517 0.600000
516 518 -0.333333
516 519 -0.733333
516 520 -3.000000
516 612 -0.733333
517 525 0.733333
518 526 -0.866667
519 527 -0.333333
520 528 -0.733333
521 525 -0.066667
521 526 0.200000
521 527 -0.333333
521 528 -1.000000
521 617 -0.466667
522 525 -0.733333
522 526 0.066667
522 527 0.866667
522 528 -0.200000
522 618 -0.333333
523 525 -0.333333
523 526 -0.733333
523 527 -0.866667
523 528 0.066667
523 619 -0.866667
524 525 -0.066667
524 526 -0.066667
524 527 -0.733333
524 528 -0.600000
524 620 -0.066667
525 533 0.733333
526 534 0.866667
527 535 0.866667
528 536 -0.600000
529 533 -0.066667
529 534 0.200000
529 535 0.733333
529 536 0.200000
529 625 0.066667
530 533 0.333333
530 534 0.200000
530 535 3.000000
530 536 0.333333
530 626 1.000000
531 533 0.066667
531 534 -0.466667
531 535 0.200000
531 536 -0.466667
531 627 -0.466667
532 533 1.000000
532 534 -0.733333
532 535 -0.733333
532 536 0.333333
532 628 -0.466667
533 541 -0.200000
534 542 0.600000
535 543 -2.333333
536 544 -0.066667
537 541 -0.066667
537 542 0.866667
537 543 -0.066667
537 544 -1.000000
537 633 -0.733333
538 541 -1.000000
538 542 0.733333
538 543 -0.466667
538 544 0.200000
538 634 0.200000
539 541 -0.200000
539 542 -0.200000
539 543 -0.466667
539 544 0.066667
539 635 0.200000
540 541 -0.866667
540 542 -0.066667
540 543 1.000000
540 544 -0.600000
540 636 -0.466667
541 549 -1.000000
542 550 0.600000
543 551 3.666667
544 552 0.333333
545 549 -0.866667
545 550 1.000000
545 551 0.866667
545 552 -0.600000
545 641 -0.600000
546 549 -1.000000
546 550 1.000000
546 551 -0.733333
546 552 -1.000000
546 642 0.733333
547 549 0.866667
547 550 -0.600000
547 551 -0.866667
547 552 0.733333
547 643 -1.000000
548 549 5.000000
548 550 0.866667
548 551 -0.066667
548 552 -0.733333
548 644 0.733333
549 557 0.333333
550 558 0.600000
551 559 -0.333333
552 560 -0.866667
553 557 0.066667
553 558 -0.066667
553 559 0.733333
553 560 0.600000
553 649 0.200000
554 557 -0.333333
554 558 0.600000
554 559 -0.600000
554 560 0.600000
554 650 -0.733333
555 557 0.866667
555 558 0.866667
555 559 -0.866667
555 560 0.066667
555 651 -0.866667
556 557 -1.000000
556 558 0.333333
556 559 0.333333
556 560 0.466667
556 652 -1.000000
557 565 0.333333
558 566 1.000000
559 567 -0.733333
560 568 0.600000
561 565 -0.600000
561 566 0.733333
561 567 -0.600000
561 568 -0.600000
561 657 0.866667
562 565 -0.466667
562 566 0.200000
562 567 0.733333
562 568 0.066667
562 658 -0.200000
563 565 0.333333
563 566 0.200000
563 567 -1.000000
563 568 0.733333
563 659 -0.733333
564 565 -0.866667
564 566 -1.000000
564 567 -0.466667
564 568 0.066667
564 660 -1.000000
565 573 -0.866667
566 574 -0.333333
567 575 1.000000
568 576 1.000000
569 573 -0.733333
569 574 -0.066667
569 575 -0.466667
569 576 1.000000
569 665 0.200000
570 573 -0.733333
570 574 0.866667
570 575 -0.466667
570 576 0.200000
570 666 -0.466667
571 573 -0.333333
571 574 -0.866667
571 575 0.200000
571 576 1.000000
571 667 0.333333
572 573 -0.200000
572 574 0.733333
572 575 0.866667
572 576 -0.200000
572 668 0.600000
577 581 2.333333
577 582 0.733333
577 583 -0.466667
577 584 0.066667
577 673 2.333333
578 581 0.733333
578 582 -0.333333
578 583 -0.466667
578 584 0.200000
578 674 -0.333333
579 581 0.600000
579 582 -0.866667
579 583 0.333333
579 584 0.600000
579 675 -0.466667
580 581 -1.000000
580 582 0.866667
580 583 0.066667
580 584 -0.733333
580 676 0.066667
581 589 0.333333
582 590 0.866667
583 591 0.466667
584 592 0.333333
585 589 -0.200000
585 590 0.066667
585 591 0.200000
585 592 -0.200000
585 681 -0.333333
586 589 0.200000
586 590 -0.466667
586 591 0.866667
586 592 -0.733333
586 682 0.466667
587 589 -0.466667
587 590 0.466667
587 591 -0.733333
587 592 0.866667
587 683 -0.066667
588 589 0.733333
588 590 0.733333
588 591 0.333333
588 592 -0.066667
588 684 0.600000
589 597 -0.333333
590 598 0.466667
591 599 -0.200000
592 600 0.600000
593 597 -1.000000
593 598 -1.000000
593 599 -0.066667
593 600 0.066667
593 689 0.733333
594 597 -0.733333
594 598 -0.333333
594 599 -0.200000
594 600 1.000000
594 690 -0.066667
595 597 -0.066667
595 598 0.733333
595 599 -0.066667
595 600 0.733333
595 691 0.200000
596 597 -0.733333
596 598 1.000000
596 599 0.866667
596 600 -0.600000
596 692 0.200000
597 605 -0.600000
598 606 0.066667
599 607 -0.200000
600 608 0.066667
601 605 0.733333
601 606 -0.200000
601 607 0.733333
601 608 0.600000
601 697 1.000000
602 605 -2.333333
602 606 -0.066667
602 607 0.066667
602 608 -1.000000
602 698 -0.600000
603 605 0.466667
603 606 0.066667
603 607 -0.466667
603 608 0.066667
603 699 0.866667
604 605 0.333333
604 606 -0.866667
604 607 -0.066667
604 608 0.466667
604 700 1.000000
605 613 -1.666667
606 614 -0.066667
607 615 -0.733333
608 616 -1.000000
609 613 -1.666667
609 614 -0.066667
609 615 4.333333
609 616 0.866667
609 705 3.000000
610 613 -1.000000
610 614 -0.466667
610 615 0.200000
610 616 -0.600000
610 706 0.733333
611 613 -0.066667
611 614 0.066667
611 615 -5.000000
611 616 -0.600000
611 707 -2.333333
612 613 -0.333333
612 614 0.466667
612 615 -0.200000
612 616 -0.466667
612 708 -0.200000
613 621 -3.666667
614 622 -0.200000
615 623 -4.333333
616 624 -0.866667
617 621 -5.000000
617 622 -2.333333
617 623 -0.333333
617 624 0.466667
617 713 -0.333333
618 621 -0.466667
618 622 0.066667
618 623 -5.000000
618 624 1.000000
618 714 0.733333
619 621 -1.000000
619 622 1.000000
619 623 -0.866667
619 624 0.066667
619 715 0.066667
620 621 -3.000000
620 622 0.200000
620 623 -1.000000
620 624 -0.200000
620 716 1.000000
621 629 -0.200000
622 630 -0.066667
623 631 -3.000000
624 632 0.200000
625 629 0.466667
625 630 -0.200000
625 631 0.733333
625 632 -0.333333
625 721 -1.000000
626 629 -0.600000
626 630 0.333333
626 631 0.733333
626 632 -0.600000
626 722 -0.466667
627 629 -0.333333
627 630 -3.000000
627 631 0.200000
627 632 0.066667
627 723 -0.466667
628 629 -4.333333
628 630 -4.333333
628 631 -0.466667
628 632 -0.600000
628 724 -0.333333
629 637 0.600000
630 638 0.600000
631 639 -0.733333
632 640 -0.466667
633 637 0.866667
633 638 0.466667
633 639 -0.466667
633 640 1.000000
633 729 0.333333
634 637 -0.333333
634 638 0.866667
634 639 0.066667
634 640 0.200000
634 730 1.000000
635 637 0.733333
635 638 -0.733333
635 639 0.333333
635 640 -0.866667
635 731 0.600000
636 637 -0.200000
636 638 -0.066667
636 639 0.466667
636 640 0.066667
636 732 0.066667
637 645 0.066667
638 646 0.733333
639 647 -0.066667
640 648 -0.333333
641 645 0.200000
641 646 -0.200000
641 647 0.066667
641 648 0.200000
641 737 -0.466667
642 645 0.866667
642 646 0.200000
642 647 0.466667
642 648 0.866667
642 738 -0.200000
643 645 0.200000
643 646 -0.066667
643 647 0.733333
643 648 -0.066667
643 739 -0.733333
644 645 -0.733333
644 646 0.600000
644 647 -0.066667
644 648 0.466667
644 740 1.000000
645 653 -0.066667
646 654 -0.733333
647 655 -0.066667
648 656 0.333333
649 653 -0.333333
649 654 -0.733333
649 655 1.666667
649 656 -0.733333
649 745 -0.333333
650 653 5.000000
650 654 -0.600000
650 655 0.066667
650 656 -1.000000
650 746 -0.200000
651 653 0.600000
651 654 -0.066667
651 655 -3.666667
651 656 0.600000
651 747 1.666667
652 653 0.866667
652 654 1.000000
652 655 1.000000
652 656 0.866667
652 748 -0.200000
653 661 0.333333
654 662 -0.600000
655 663 0.200000
656 664 -0.866667
657 661 3.000000
657 662 -0.866667
657 663 -0.333333
657 664 -0.600000
657 753 0.066667
658 661 -0.066667
658 662 0.333333
658 663 0.466667
658 664 1.000000
658 754 0.066667
659 661 -1.000000
659 662 0.066667
659 663 -0.600000
659 664 0.733333
659 755 0.066667
660 661 -0.066667
660 662 -0.866667
660 663 -0.066667
660 664 0.333333
660 756 -0.733333
661 669 -2.333333
662 670 -0.600000
663 671 -0.466667
664 672 -0.466667
665 669 -0.733333
665 670 -0.333333
665 671 -0.866667
665 672 0.600000
665 761 -0.466667
666 669 0.066667
666 670 0.733333
666 671 0.066667
666 672 1.000000
666 762 0.333333
667 669 4.333333
667 670 -1.000000
667 671 -0.200000
667 672 -0.466667
667 763 0.466667
668 669 0.466667
668 670 0.333333
668 671 0.733333
668 672 0.066667
668 764 0.200000
673 677 -0.733333
673 678 0.066667
673 679 -3.000000
673 680 -0.200000
673 769 -5.000000
674 677 0.866667
674 678 0.466667
674 679 -0.866667
674 680 -0.066667
674 770 1.000000
675 677 -0.733333
675 678 0.600000
675 679 -0.866667
675 680 0.733333
675 771 -1.000000
676 677 -0.200000
676 678 -0.066667
676 679 -0.066667
676 680 0.066667
676 772 -0.200000
677 685 0.200000
678 686 0.333333
679 687 0.200000
680 688 0.200000
681 685 -0.333333
681 686 0.066667
681 687 -0.733333
681 688 -0.066667
681 777 1.000000
682 685 -0.733333
682 686 0.200000
682 687 0.200000
682 688 0.066667
682 778 1.000000
683 685 0.866667
683 686 -0.066667
683 687 0.866667
683 688 -0.866667
683 779 0.466667
684 685 0.333333
684 686 -0.600000
684 687 0.333333
684 688 -0.466667
684 780 -1.000000
685 693 0.333333
686 694 -1.000000
687 695 0.200000
688 696 -0.600000
689 693 -0.333333
689 694 0.333333
689 695 -0.066667
689 696 0.733333
689 785 0.066667
690 693 -0.466667
690 694 0.333333
690 695 0.066667
690 696 -0.200000
690 786 0.200000
691 693 -0.333333
691 694 0.333333
691 695 -0.866667
691 696 -0.200000
691 787 0.600000
692 693 -0.200000
692 694 1.000000
692 695 -1.000000
692 696 0.066667
692 788 -1.000000
693 701 0.333333
694 702 -0.466667
695 703 -1.000000
696 704 0.600000
697 701 -0.600000
697 702 0.200000
697 703 0.466667
697 704 -0.466667
697 793 -0.333333
698 701 0.733333
698 702 0.200000
698 703 -0.866667
698 704 0.466667
698 794 -0.333333
699 701 -0.866667
699 702 0.200000
699 703 -0.333333
699 704 1.000000
699 795 -0.333333
700 701 -0.600000
700 702 1.000000
700 703 0.066667
700 704 0.066667
700 796 -1.000000
701 709 -0.200000
702 710 -0.066667
703 711 0.066667
704 712 -0.466667
705 709 -0.866667
705 710 -0.733333
705 711 -0.733333
705 712 -0.466667
705 801 0.066667
706 709 -0.200000
706 710 -0.600000
706 711 0.600000
706 712 0.733333
706 802 -0.066667
707 709 -0.866667
707 710 0.866667
707 711 -0.200000
707 712 0.066667
707 803 0.333333
708 709 -0.600000
708 710 0.333333
708 711 0.466667
708 712 0.866667
708 804 -0.333333
709 717 0.200000
710 718 1.000000
711 719 0.066667
712 720 -0.333333
713 717 0.733333
713 718 0.066667
713 719 0.600000
713 720 -0.466667
713 809 0.600000
714 717 0.066667
714 718 0.866667
714 719 0.200000
714 720 -1.000000
714 810 0.066667
715 717 -0.333333
715 718 0.333333
715 719 1.000000
715 720 -1.000000
715 811 -0.600000
716 717 0.200000
716 718 0.333333
716 719 -0.200000
716 720 -1.666667
716 812 1.000000
717 725 0.466667
718 726 1.000000
719 727 -1.000000
720 728 -0.200000
721 725 -2.333333
721 726 -0.600000
721 727 0.733333
721 728 -0.866667
721 817 0.066667
722 725 -0.333333
722 726 0.333333
722 727 0.066667
722 728 0.733333
722 818 -0.066667
723 725 0.200000
723 726 -0.066667
723 727 0.733333
723 728 0.866667
723 819 -0.066667
724 725 -1.666667
724 726 -1.000000
724 727 -3.000000
724 728 -0.466667
724 820 -3.666667
725 733 1.666667
726 734 0.066667
727 735 -0.066667
728 736 0.466667
729 733 -0.600000
729 734 -0.733333
729 735 -0.066667
729 736 -0.200000
729 825 0.200000
730 733 0.866667
730 734 -1.000000
730 735 0.066667
730 736 0.200000
730 826 1.000000
731 733 -0.066667
731 734 -0.600000
731 735 0.733333
731 736 -0.200000
731 827 -0.866667
732 733 0.600000
732 734 -0.333333
732 735 -0.466667
732 736 -0.200000
732 828 0.600000
733 741 -1.000000
734 742 0.866667
735 743 -0.866667
736 744 -0.066667
737 741 -0.733333
737 742 0.333333
737 743 -0.066667
737 744 -0.733333
737 833 -0.066667
738 741 -0.066667
738 742 0.200000
738 743 0.466667
738 744 0.200000
738 834 -1.000000
739 741 -0.333333
739 742 0.733333
739 743 0.200000
739 744 0.200000
739 835 -0.066667
740 741 0.600000
740 742 -0.866667
740 743 -1.000000
740 744 -0.200000
740 836 -1.000000
741 749 0.600000
742 750 -0.200000
743 751 0.333333
744 752 -1.000000
745 749 -0.333333
745 750 0.466667
745 751 -0.066667
745 752 0.066667
745 841 -0.600000
746 749 -0.466667
746 750 -0.066667
746 751 -0.200000
746 752 -0.066667
746 842 0.600000
747 749 -3.666667
747 750 -0.200000
747 751 -1.000000
747 752 0.200000
747 843 -0.866667
748 749 -0.066667
748 750 0.066667
748 751 0.200000
748 752 -0.733333
748 844 1.000000
749 757 0.200000
750 758 0.333333
751 759 -0.733333
752 760 0.866667
753 757 -0.866667
753 758 -0.733333
753 759 -0.866667
753 760 0.466667
753 849 -3.000000
754 757 -0.200000
754 758 0.466667
754 759 -0.733333
754 760 0.200000
754 850 0.866667
755 757 0.733333
755 758 -1.000000
755 759 -0.733333
755 760 0.866667
755 851 0.200000
756 757 -0.200000
756 758 0.600000
756 759 -0.333333
756 760 0.466667
756 852 -0.333333
757 765 -0.866667
758 766 -0.600000
759 767 -0.866667
760 768 0.733333
761 765 -0.333333
761 766 -0.600000
761 767 -0.066667
761 768 -0.600000
761 857 0.733333
762 765 1.000000
762 766 -0.733333
762 767 -0.866667
762 768 -0.066667
762 858 -0.866667
763 765 0.466667
763 766 0.066667
763 767 1.000000
763 768 -0.066667
763 859 -0.600000
764 765 1.000000
764 766 0.333333
764 767 -0.466667
764 768 -0.333333
764 860 0.066667
769 773 -4.333333
769 774 0.466667
769 775 -0.600000
769 776 4.333333
769 865 -3.666667
770 773 -3.666667
770 774 4.333333
770 775 0.866667
770 776 5.000000
770 866 -1.000000
771 773 -1.000000
771 774 -0.200000
771 775 5.000000
771 776 0.866667
771 867 -0.200000
772 773 3.666667
772 774 0.333333
772 775 -0.333333
772 776 0.866667
772 868 -0.333333
773 781 -1.000000
774 782 0.466667
775 783 0.600000
776 784 5.000000
777 781 0.333333
777 782 -0.600000
777 783 0.733333
777 784 3.000000
777 873 -3.000000
778 781 -0.600000
778 782 -0.866667
778 783 -0.200000
778 784 -0.866667
778 874 -0.733333
779 781 -0.200000
779 782 -0.866667
779 783 0.733333
779 784 -1.000000
779 875 1.000000
780 781 0.866667
780 782 -3.666667
780 783 -3.000000
780 784 -0.733333
780 876 -2.333333
781 789 -1.666667
782 790 -0.866667
783 791 0.200000
784 792 0.200000
785 789 -1.000000
785 790 0.066667
785 791 -0.333333
785 792 1.000000
785 881 -0.200000
786 789 -0.466667
786 790 1.000000
786 791 -0.066667
786 792 0.466667
786 882 0.733333
787 789 1.000000
787 790 -0.333333
787 791 -0.466667
787 792 -1.666667
787 883 0.066667
788 789 -0.333333
788 790 -0.200000
788 791 -1.000000
788 792 0.066667
788 884 -0.200000
789 797 -0.200000
790 798 0.600000
791 799 0.600000
792 800 0.200000
793 797 0.866667
793 798 1.000000
793 799 -0.866667
793 800 -0.466667
793 889 -1.000000
794 797 -0.600000
794 798 0.466667
794 799 0.866667
794 800 -0.866667
794 890 -3.666667
795 797 -0.066667
795 798 0.066667
795 799 -0.733333
795 800 -0.466667
795 891 -0.066667
796 797 -0.466667
796 798 0.333333
796 799 0.733333
796 800 -0.466667
796 892 -0.866667
797 805 0.466667
798 806 -0.600000
799 807 0.066667
800 808 -0.866667
801 805 -0.466667
801 806 0.600000
801 807 1.000000
801 808 -0.333333
801 897 1.000000
802 805 0.066667
802 806 -0.066667
802 807 0.866667
802 808 0.066667
802 898 -0.333333
803 805 0.466667
803 806 0.200000
803 807 -1.000000
803 808 -0.333333
803 899 -0.066667
804 805 -0.200000
804 806 -0.066667
804 807 -0.466667
804 808 0.333333
804 900 0.866667
805 813 -0.066667
806 814 -1.000000
807 815 0.866667
808 816 -0.866667
809 813 1.666667
809 814 -0.200000
809 815 0.333333
809 816 3.666667
809 905 2.333333
810 813 0.866667
810 814 -2.333333
810 815 -1.000000
810 816 -0.466667
810 906 -0.066667
811 813 1.000000
811 814 0.200000
811 815 -0.466667
811 816 0.600000
811 907 -0.600000
812 813 -0.066667
812 814 -0.066667
812 815 -1.000000
812 816 -1.000000
812 908 -0.600000
813 821 0.600000
814 822 -0.333333
815 823 -2.333333
816 824 0.333333
817 821 -1.000000
817 822 1.000000
817 823 1.666667
817 824 -1.000000
817 913 0.066667
818 821 -0.866667
818 822 0.866667
818 823 -0.333333
818 824 0.066667
818 914 0.333333
819 821 0.066667
819 822 -1.000000
819 823 0.200000
819 824 3.000000
819 915 -0.600000
820 821 -3.000000
820 822 -0.600000
820 823 -2.333333
820 824 -2.333333
820 916 1.666667
821 829 -4.333333
822 830 0.200000
823 831 -0.333333
824 832 0.066667
825 829 -0.200000
825 830 1.000000
825 831 -0.600000
825 832 0.733333
825 921 0.200000
826 829 0.333333
826 830 -0.733333
826 831 0.466667
826 832 0.600000
826 922 0.333333
827 829 0.733333
827 830 -0.066667
827 831 0.200000
827 832 -0.600000
827 923 0.333333
828 829 -0.866667
828 830 -0.866667
828 831 0.733333
828 832 -0.333333
828 924 0.733333
829 837 -0.333333
830 838 0.466667
831 839 0.066667
832 840 -0.333333
833 837 -1.000000
833 838 -0.466667
833 839 -0.066667
833 840 -0.333333
833 929 0.866667
834 837 0.200000
834 838 0.733333
834 839 -0.733333
834 840 1.000000
834 930 -1.000000
835 837 -0.066667
835 838 -0.066667
835 839 0.466667
835 840 -1.000000
835 931 -0.200000
836 837 0.333333
836 838 0.600000
836 839 -0.733333
836 840 0.200000
836 932 -0.600000
837 845 0.066667
838 846 -0.733333
839 847 -0.200000
840 848 0.066667
841 845 -0.200000
841 846 0.200000
841 847 0.733333
841 848 0.733333
841 937 0.866667
842 845 0.466667
842 846 -0.466667
842 847 0.866667
842 848 0.600000
842 938 0.466667
843 845 -0.600000
843 846 0.333333
843 847 0.866667
843 848 0.200000
843 939 0.066667
844 845 -0.200000
844 846 -1.000000
844 847 0.733333
844 848 -0.200000
844 940 1.000000
845 853 0.466667
846 854 0.866667
847 855 -0.466667
848 856 0.066667
849 853 -0.200000
849 854 0.466667
849 855 0.333333
849 856 -0.066667
849 945 -0.866667
850 853 0.333333
850 854 0.200000
850 855 0.733333
850 856 -0.466667
850 946 0.733333
851 853 -0.866667
851 854 -0.200000
851 855 0.600000
851 856 0.600000
851 947 -0.333333
852 853 -0.333333
852 854 -0.600000
852 855 0.600000
852 856 -0.066667
852 948 0.733333
853 861 0.733333
854 862 -0.333333
855 863 -1.000000
856 864 0.466667
857 861 1.000000
857 862 0.066667
857 863 -0.733333
857 864 0.200000
857 953 -0.333333
858 861 -0.866667
858 862 0.066667
858 863 1.000000
858 864 -0.733333
858 954 0.066667
859 861 0.733333
859 862 -0.733333
859 863 -0.733333
859 864 1.000000
859 955 0.600000
860 861 -0.600000
860 862 -0.733333
860 863 -1.000000
860 864 0.333333
860 956 0.066667
865 869 -0.200000
865 870 0.333333
865 871 1.000000
865 872 -0.733333
865 961 -0.600000
866 869 -0.733333
866 870 0.466667
866 871 -0.066667
866 872 -0.200000
866 962 -0.066667
867 869 -1.000000
867 870 0.866667
867 871 0.733333
867 872 -0.733333
867 963 0.333333
868 869 -0.733333
868 870 -0.066667
868 871 -0.466667
868 872 -1.000000
868 964 -0.333333
869 877 2.333333
870 878 0.600000
871 879 0.866667
872 880 0.200000
873 877 -1.666667
873 878 5.000000
873 879 -4.333333
873 880 -5.000000
873 969 1.666667
874 877 0.466667
874 878 0.466667
874 879 -0.733333
874 880 0.333333
874 970 0.600000
875 877 0.333333
875 878 -1.000000
875 879 0.333333
875 880 1.000000
875 971 -3.666667
876 877 1.000000
876 878 -1.000000
876 879 0.466667
876 880 0.333333
876 972 -0.600000
877 885 -0.866667
878 886 0.733333
879 887 -1.000000
880 888 0.600000
881 885 -1.000000
881 886 0.066667
881 887 -1.666667
881 888 0.333333
881 977 3.000000
882 885 1.666667
882 886 -3.666667
882 887 -3.666667
882 888 -0.866667
882 978 0.466667
883 885 -0.466667
883 886 -1.666667
883 887 0.866667
883 888 0.066667
883 979 -0.733333
884 885 0.866667
884 886 -0.200000
884 887 -1.000000
884 888 3.666667
884 980 -3.000000
885 893 -0.333333
886 894 -0.466667
887 895 0.466667
888 896 -1.000000
889 893 -0.200000
889 894 0.600000
889 895 -0.066667
889 896 -1.000000
889 985 0.733333
890 893 -0.733333
890 894 1.000000
890 895 0.200000
890 896 1.000000
890 986 -0.333333
891 893 0.600000
891 894 -0.466667
891 895 0.466667
891 896 -0.866667
891 987 1.000000
892 893 -0.600000
892 894 -0.333333
892 895 0.066667
892 896 0.866667
892 988 -0.600000
893 901 -0.066667
894 902 -0.066667
895 903 -0.600000
896 904 -1.000000
897 901 -0.066667
897 902 -3.000000
897 903 -0.333333
897 904 -1.000000
897 993 -0.333333
898 901 -0.866667
898 902 -0.600000
898 903 -0.066667
898 904 -0.066667
898 994 -1.000000
899 901 -0.600000
899 902 0.066667
899 903 0.200000
899 904 -0.733333
899 995 0.200000
900 901 0.200000
900 902 -1.000000
900 903 0.333333
900 904 -0.466667
900 996 -0.866667
901 909 1.000000
902 910 -0.733333
903 911 0.333333
904 912 0.866667
905 909 0.733333
905 910 -0.066667
905 911 -0.200000
905 912 1.000000
905 1001 -0.200000
906 909 0.333333
906 910 0.600000
906 911 -0.333333
906 912 -0.466667
906 1002 0.600000
907 909 0.466667
907 910 -0.866667
907 911 -0.733333
907 912 0.066667
907 1003 -0.333333
908 909 0.866667
908 910 -0.200000
908 911 -0.866667
908 912 -1.000000
908 1004 -0.600000
909 917 0.200000
910 918 -0.600000
911 919 -0.333333
912 920 0.066667
913 917 0.866667
913 918 -1.000000
913 919 -0.333333
913 920 0.600000
913 1009 0.066667
914 917 0.200000
914 918 1.000000
914 919 0.200000
914 920 -0.066667
914 1010 0.333333
915 917 1.000000
915 918 -0.200000
915 919 -3.666667
915 920 1.000000
915 1011 -0.466667
916 917 -1.666667
916 918 -1.666667
916 919 3.000000
916 920 -3.000000
916 1012 -5.000000
917 925 0.066667
918 926 0.866667
919 927 -1.000000
920 928 3.666667
921 925 1.000000
921 926 0.600000
921 927 -0.333333
921 928 0.066667
921 1017 -0.333333
922 925 0.866667
922 926 1.000000
922 927 0.200000
922 928 1.000000
922 1018 0.066667
923 925 0.333333
923 926 -0.733333
923 927 1.000000
923 928 -1.000000
923 1019 -0.866667
924 925 -0.200000
924 926 1.000000
924 927 -0.066667
924 928 -5.000000
924 1020 0.733333
925 933 -1.000000
926 934 0.866667
927 935 0.066667
928 936 3.666667
929 933 0.066667
929 934 0.333333
929 935 0.466667
929 936 -0.866667
929 1025 -0.066667
930 933 2.333333
930 934 1.000000
930 935 0.200000
930 936 0.333333
930 1026 -0.466667
931 933 1.000000
931 934 -0.600000
931 935 -0.466667
931 936 -0.466667
931 1027 -0.066667
932 933 0.600000
932 934 -1.000000
932 935 -0.733333
932 936 0.200000
932 1028 -0.733333
933 941 -1.000000
934 942 0.733333
935 943 0.466667
936 944 0.066667
937 941 0.600000
937 942 0.600000
937 943 0.466667
937 944 -0.066667
937 1033 -0.733333
938 941 -0.466667
938 942 0.866667
938 943 0.200000
938 944 0.333333
938 1034 0.733333
939 941 -1.000000
939 942 -0.466667
939 943 0.733333
939 944 0.866667
939 1035 -0.733333
940 941 -0.733333
940 942 0.466667
940 943 0.733333
940 944 0.866667
940 1036 0.066667
941 949 1.000000
942 950 0.200000
943 951 1.000000
944 952 0.200000
945 949 0.466667
945 950 -0.866667
945 951 0.200000
945 952 -0.066667
945 1041 0.333333
946 949 -0.200000
946 950 -0.200000
946 951 1.000000
946 952 0.600000
946 1042 -0.333333
947 949 -0.066667
947 950 0.333333
947 951 0.866667
947 952 0.600000
947 1043 0.200000
948 949 -0.200000
948 950 0.066667
948 951 -0.066667
948 952 0.600000
948 1044 -0.066667
949 957 0.066667
950 958 -1.000000
951 959 -0.733333
952 960 0.733333
953 957 0.600000
953 958 0.733333
953 959 0.333333
953 960 -0.466667
953 1049 0.333333
954 957 0.733333
954 958 0.200000
954 959 0.866667
954 960 -0.066667
954 1050 -0.866667
955 957 0.066667
955 958 -3.000000
955 959 0.600000
955 960 1.000000
955 1051 0.600000
956 957 0.066667
956 958 0.733333
956 959 0.200000
956 960 0.333333
956 1052 -0.466667
961 965 -1.000000
961 966 0.866667
961 967 0.733333
961 968 -0.866667
961 1057 0.333333
962 965 -0.866667
962 966 -0.200000
962 967 -0.866667
962 968 0.466667
962 1058 -0.733333
963 965 -0.333333
963 966 0.066667
963 967 -0.333333
963 968 -0.200000
963 1059 0.333333
964 965 -0.333333
964 966 0.866667
964 967 -0.466667
964 968 0.200000
964 1060 -0.733333
965 973 -0.200000
966 974 0.066667
967 975 0.066667
968 976 -1.000000
969 973 1.000000
969 974 -1.000000
969 975 1.666667
969 976 1.000000
969 1065 0.866667
970 973 0.200000
970 974 1.000000
970 975 -3.666667
970 976 0.200000
970 1066 0.200000
971 973 1.000000
971 974 -0.200000
971 975 -0.466667
971 976 -1.000000
971 1067 -1.000000
972 973 -0.466667
972 974 -0.466667
972 975 0.600000
972 976 1.000000
972 1068 0.333333
973 981 -0.866667
974 982 0.200000
975 983 0.466667
976 984 -0.333333
977 981 -0.600000
977 982 -5.000000
977 983 0.066667
977 984 -0.200000
977 1073 -3.666667
978 981 1.000000
978 982 -0.333333
978 983 0.733333
978 984 -0.333333
978 1074 1.000000
979 981 0.600000
979 982 0.066667
979 983 2.333333
979 984 -0.200000
979 1075 0.733333
980 981 1.000000
980 982 -0.333333
980 983 0.866667
980 984 -0.733333
980 1076 -3.000000
981 989 -0.200000
982 990 3.000000
983 991 0.333333
984 992 -0.866667
985 989 0.200000
985 990 5.000000
985 991 1.000000
985 992 -5.000000
985 1081 0.866667
986 989 -2.333333
986 990 0.333333
986 991 -0.733333
986 992 4.333333
986 1082 -3.666667
987 989 0.733333
987 990 0.866667
987 991 0.600000
987 992 -4.333333
987 1083 -0.866667
988 989 1.000000
988 990 0.466667
988 991 1.000000
988 992 -1.000000
988 1084 -0.066667
989 997 0.200000
990 998 -4.333333
991 999 0.600000
992 1000 0.333333
993 997 0.600000
993 998 -0.600000
993 999 -0.600000
993 1000 0.200000
993 1089 -0.466667
994 997 0.866667
994 998 0.333333
994 999 1.000000
994 1000 0.333333
994 1090 -0.866667
995 997 0.066667
995 998 -0.466667
995 999 -0.200000
995 1000 0.733333
995 1091 -0.733333
996 997 0.600000
996 998 0.866667
996 999 -0.866667
996 1000 -0.333333
996 1092 -0.466667
997 1005 -1.000000
998 1006 0.466667
999 1007 -0.866667
1000 1008 -0.066667
1001 1005 0.333333
1001 1006 0.333333
1001 1007 0.600000
1001 1008 0.733333
1001 1097 -0.733333
1002 1005 0.333333
1002 1006 -0.466667
1002 1007 0.600000
1002 1008 0.600000
1002 1098 0.066667
1003 1005 0.600000
1003 1006 -0.866667
1003 1007 -0.333333
1003 1008 0.333333
1003 1099 -0.466667
1004 1005 -1.000000
1004 1006 -0.333333
1004 1007 0.866667
1004 1008 0.866667
1004 1100 -0.600000
1005 1013 -0.200000
1006 1014 0.866667
1007 1015 -0.466667
1008 1016 -0.600000
1009 1013 -1.000000
1009 1014 0.466667
1009 1015 0.600000
1009 1016 0.333333
1009 1105 -1.000000
1010 1013 -0.466667
1010 1014 0.200000
1010 1015 0.333333
1010 1016 -0.066667
1010 1106 0.200000
1011 1013 0.066667
1011 1014 -0.866667
1011 1015 -0.866667
1011 1016 -1.000000
1011 1107 -0.600000
1012 1013 -0.466667
1012 1014 1.000000
1012 1015 0.600000
1012 1016 0.866667
1012 1108 -2.333333
1013 1021 0.733333
1014 1022 0.733333
1015 1023 -0.866667
1016 1024 0.600000
1017 1021 -0.733333
1017 1022 -1.000000
1017 1023 -0.066667
1017 1024 -0.733333
1017 1113 1.000000
1018 1021 0.466667
1018 1022 -0.866667
1018 1023 0.733333
1018 1024 -0.866667
1018 1114 0.866667
1019 1021 0.200000
1019 1022 -0.200000
1019 1023 -0.600000
1019 1024 -1.000000
1019 1115 0.066667
1020 1021 -5.000000
1020 1022 -0.066667
1020 1023 3.000000
1020 1024 -1.000000
1020 1116 0.333333
1021 1029 -0.466667
1022 1030 -0.466667
1023 1031 -4.333333
1024 1032 0.466667
1025 1029 1.000000
1025 1030 0.866667
1025 1031 -0.333333
1025 1032 0.333333
1025 1121 -0.600000
1026 1029 1.000000
1026 1030 -0.333333
1026 1031 -1.666667
1026 1032 0.866667
1026 1122 0.200000
1027 1029 -0.866667
1027 1030 -0.733333
1027 1031 1.000000
1027 1032 -0.600000
1027 1123 -0.333333
1028 1029 0.733333
1028 1030 0.600000
1028 1031 -0.866667
1028 1032 0.733333
1028 1124 -0.866667
1029 1037 1.000000
1030 1038 -4.333333
1031 1039 0.866667
1032 1040 1.000000
1033 1037 1.000000
1033 1038 0.866667
1033 1039 -0.733333
1033 1040 -0.866667
1033 1129 1.000000
1034 1037 -0.200000
1034 1038 0.466667
1034 1039 -0.200000
1034 1040 -3.000000
1034 1130 -0.333333
1035 1037 0.866667
1035 1038 0.733333
1035 1039 -1.000000
1035 1040 0.600000
1035 1131 -0.466667
1036 1037 0.066667
1036 1038 3.000000
1036 1039 0.200000
1036 1040 0.200000
1036 1132 3.000000
1037 1045 0.066667
1038 1046 0.200000
1039 1047 -0.066667
1040 1048 -5.000000
1041 1045 -0.333333
1041 1046 0.333333
1041 1047 -0.066667
1041 1048 0.333333
1041 1137 -0.066667
1042 1045 0.466667
1042 1046 -0.066667
1042 1047 0.600000
1042 1048 -0.200000
1042 1138 -0.066667
1043 1045 1.000000
1043 1046 0.600000
1043 1047 1.000000
1043 1048 -0.866667
1043 1139 -0.066667
1044 1045 1.000000
1044 1046 0.466667
1044 1047 -1.000000
1044 1048 0.600000
1044 1140 -0.066667
1045 1053 -0.866667
1046 1054 0.333333
1047 1055 -0.600000
1048 1056 0.200000
1049 1053 0.600000
1049 1054 -0.466667
1049 1055 0.866667
1049 1056 -0.333333
1049 1145 -0.333333
1050 1053 -0.466667
1050 1054 0.733333
1050 1055 1.000000
1050 1056 -0.333333
1050 1146 0.333333
1051 1053 1.000000
1051 1054 -1.000000
1051 1055 0.600000
1051 1056 0.466667
1051 1147 -0.600000
1052 1053 0.866667
1052 1054 -0.866667
1052 1055 0.466667
1052 1056 -1.000000
1052 1148 0.200000
1057 1061 0.466667
1057 1062 0.600000
1057 1063 0.600000
1057 1064 0.200000
1058 1061 0.333333
1058 1062 0.333333
1058 1063 0.066667
1058 1064 -0.466667
1059 1061 -1.000000
1059 1062 -0.600000
1059 1063 -0.333333
1059 1064 -0.066667
1060 1061 0.466667
1060 1062 -0.066667
1060 1063 -0.600000
1060 1064 -0.866667
1061 1069 -0.333333
1062 1070 -0.333333
1063 1071 0.466667
1064 1072 -0.866667
1065 1069 0.200000
1065 1070 1.000000
1065 1071 0.600000
1065 1072 -0.066667
1066 1069 -0.200000
1066 1070 -0.866667
1066 1071 0.200000
1066 1072 -0.333333
1067 1069 0.066667
1067 1070 -0.200000
1067 1071 -0.600000
1067 1072 0.200000
1068 1069 -0.866667
1068 1070 0.200000
1068 1071 -0.600000
1068 1072 0.733333
1069 1077 -1.000000
1070 1078 -0.600000
1071 1079 0.866667
1072 1080 0.066667
1073 1077 0.600000
1073 1078 0.333333
1073 1079 -0.733333
1073 1080 0.333333
1074 1077 -0.866667
1074 1078 0.200000
1074 1079 1.000000
1074 1080 -0.333333
1075 1077 -0.600000
1075 1078 -0.066667
1075 1079 0.600000
1075 1080 1.000000
1076 1077 -0.200000
1076 1078 3.000000
1076 1079 -0.466667
1076 1080 -1.000000
1077 1085 -0.466667
1078 1086 0.066667
1079 1087 -0.600000
1080 1088 -0.466667
1081 1085 -1.000000
1081 1086 0.866667
1081 1087 -0.866667
1081 1088 -1.000000
1082 1085 -0.200000
1082 1086 0.066667
1082 1087 -0.200000
1082 1088 0.200000
1083 1085 1.000000
1083 1086 0.466667
1083 1087 0.733333
1083 1088 0.866667
1084 1085 0.333333
1084 1086 -0.333333
1084 1087 -0.866667
1084 1088 -0.333333
1085 1093 0.866667
1086 1094 0.866667
1087 1095 -0.600000
1088 1096 0.733333
1089 1093 -0.200000
1089 1094 -0.466667
1089 1095 1.000000
1089 1096 0.866667
1090 1093 0.866667
1090 1094 0.066667
1090 1095 -0.333333
1090 1096 -0.200000
1091 1093 0.733333
1091 1094 -1.000000
1091 1095 -0.733333
1091 1096 -0.066667
1092 1093 -0.600000
1092 1094 -0.866667
1092 1095 0.600000
1092 1096 -0.066667
1093 1101 0.333333
1094 1102 -0.333333
1095 1103 0.200000
1096 1104 0.066667
1097 1101 0.733333
1097 1102 -0.333333
1097 1103 1.000000
1097 1104 0.066667
1098 1101 -0.600000
1098 1102 0.733333
1098 1103 0.866667
1098 1104 0.200000
1099 1101 0.866667
1099 1102 -0.733333
1099 1103 0.733333
1099 1104 1.000000
1100 1101 0.466667
1100 1102 0.866667
1100 1103 0.200000
1100 1104 -0.466667
1101 1109 0.066667
1102 1110 -0.200000
1103 1111 -0.733333
1104 1112 -0.466667
1105 1109 -0.733333
1105 1110 0.733333
1105 1111 0.333333
1105 1112 0.333333
1106 1109 -0.600000
1106 1110 -0.466667
1106 1111 -0.733333
1106 1112 -0.600000
1107 1109 0.866667
1107 1110 -0.866667
1107 1111 -0.066667
1107 1112 -0.600000
1108 1109 0.200000
1108 1110 0.200000
1108 1111 0.733333
1108 1112 0.066667
1109 1117 -0.466667
1110 1118 0.333333
1111 1119 0.866667
1112 1120 -0.200000
1113 1117 -0.733333
1113 1118 -0.733333
1113 1119 0.200000
1113 1120 0.200000
1114 1117 -0.200000
1114 1118 0.466667
1114 1119 0.600000
1114 1120 0.600000
1115 1117 -1.000000
1115 1118 -1.000000
1115 1119 1.000000
1115 1120 -0.600000
1116 1117 0.333333
1116 1118 -0.866667
1116 1119 0.733333
1116 1120 -0.733333
1117 1125 -0.600000
1118 1126 0.200000
1119 1127 -0.733333
1120 1128 -1.000000
1121 1125 -0.733333
1121 1126 -0.066667
1121 1127 0.733333
1121 1128 0.600000
1122 1125 -0.333333
1122 1126 -0.866667
1122 1127 0.333333
1122 1128 -0.333333
1123 1125 0.466667
1123 1126 -0.066667
1123 1127 0.866667
1123 1128 0.333333
1124 1125 0.733333
1124 1126 0.200000
1124 1127 -1.000000
1124 1128 0.200000
1125 1133 -0.733333
1126 1134 0.466667
1127 1135 -0.733333
1128 1136 0.733333
1129 1133 -0.066667
1129 1134 0.066667
1129 1135 0.600000
1129 1136 0.333333
1130 1133 -0.200000
1130 1134 1.666667
1130 1135 0.333333
1130 1136 -0.866667
1131 1133 -0.200000
1131 1134 -0.333333
1131 1135 0.066667
1131 1136 -0.066667
1132 1133 0.333333
1132 1134 0.066667
1132 1135 0.200000
1132 1136 -0.333333
1133 1141 0.466667
1134 1142 3.000000
1135 1143 2.333333
1136 1144 -0.066667
1137 1141 -0.466667
1137 1142 -5.000000
1137 1143 -3.000000
1137 1144 0.466667
1138 1141 0.600000
1138 1142 -0.466667
1138 1143 -3.666667
1138 1144 -0.066667
1139 1141 -0.600000
1139 1142 -0.866667
1139 1143 0.066667
1139 1144 0.333333
1140 1141 0.733333
1140 1142 -3.666667
1140 1143 0.200000
1140 1144 -0.200000
1141 1149 0.600000
1142 1150 -0.866667
1143 1151 0.600000
1144 1152 0.866667
1145 1149 1.000000
1145 1150 0.333333
1145 1151 0.466667
1145 1152 -1.000000
1146 1149 -0.333333
1146 1150 -0.066667
1146 1151 -0.200000
1146 1152 0.066667
1147 1149 -1.000000
1147 1150 -0.600000
1147 1151 -0.333333
1147 1152 0.066667
1148 1149 -0.600000
1148 1150 -0.066667
1148 1151 1.000000
1148 1152 0.333333