#
1 1 -0.146667
2 2 -0.146667
3 3 -0.146667
4 4 0.013333
5 5 0.013333
6 6 -0.120000
7 7 0.066667
8 8 -0.120000
9 9 -0.040000
10 10 -0.120000
11 11 -0.146667
12 12 -0.200000
13 13 -0.173333
14 14 0.173333
15 15 0.173333
16 16 0.146667
17 17 -0.040000
18 18 0.120000
19 19 -0.040000
20 20 -0.040000
21 21 0.066667
22 22 -0.173333
23 23 0.200000
24 24 0.200000
25 25 0.013333
26 26 0.093333
27 27 0.093333
28 28 -0.120000
29 29 0.040000
30 30 -0.040000
31 31 -0.066667
32 32 0.066667
33 33 0.120000
34 34 -0.013333
35 35 -0.200000
36 36 0.066667
37 37 -0.146667
38 38 -0.013333
39 39 -0.093333
40 40 0.146667
41 41 0.040000
42 42 0.200000
43 43 0.120000
44 44 -0.040000
45 45 0.013333
46 46 -0.093333
47 47 0.120000
48 48 0.146667
49 49 -0.200000
50 50 0.120000
51 51 -0.093333
52 52 0.066667
53 53 -0.013333
54 54 -0.173333
55 55 -0.013333
56 56 -0.200000
57 57 -0.066667
58 58 0.200000
59 59 0.066667
60 60 0.093333
61 61 0.200000
62 62 0.173333
63 63 0.093333
64 64 0.146667
65 65 0.120000
66 66 0.040000
67 67 -0.040000
68 68 -0.066667
69 69 -0.200000
70 70 0.093333
71 71 0.146667
72 72 -0.066667
73 73 0.200000
74 74 -0.013333
75 75 -0.040000
76 76 0.040000
77 77 -0.013333
78 78 0.013333
79 79 0.040000
80 80 0.146667
81 81 0.146667
82 82 -0.120000
83 83 0.013333
84 84 0.093333
85 85 0.093333
86 86 0.120000
87 87 0.200000
88 88 0.173333
89 89 0.146667
90 90 0.200000
91 91 0.173333
92 92 0.146667
93 93 -0.040000
94 94 -0.173333
95 95 -0.200000
96 96 -0.200000
97 97 -0.040000
98 98 0.146667
99 99 0.093333
100 100 0.146667
101 101 0.173333
102 102 -0.173333
103 103 0.093333
104 104 0.173333
105 105 -0.173333
106 106 -0.200000
107 107 0.120000
108 108 0.120000
109 109 0.173333
110 110 0.200000
111 111 -0.013333
112 112 0.013333
113 113 -0.066667
114 114 0.066667
115 115 0.093333
116 116 0.173333
117 117 0.173333
118 118 0.093333
119 119 -0.093333
120 120 -0.013333
121 121 -0.093333
122 122 -0.040000
123 123 -0.066667
124 124 -0.040000
125 125 -0.066667
126 126 0.120000
127 127 -0.200000
128 128 0.093333
129 129 0.173333
130 130 0.173333
131 131 -0.146667
132 132 -0.120000
133 133 0.093333
134 134 0.040000
135 135 -0.120000
136 136 -0.040000
137 137 0.200000
138 138 0.093333
139 139 -0.093333
140 140 -0.200000
141 141 -0.173333
142 142 -0.173333
143 143 -0.200000
144 144 0.173333
145 145 -0.093333
146 146 -0.146667
147 147 -0.173333
148 148 -0.200000
149 149 -0.200000
150 150 -0.066667
151 151 -0.146667
152 152 0.040000
153 153 0.120000
154 154 -0.120000
155 155 -0.013333
156 156 -0.120000
157 157 -0.200000
158 158 -0.093333
159 159 -0.146667
160 160 0.200000
161 161 -0.066667
162 162 0.173333
163 163 0.146667
164 164 -0.013333
165 165 0.146667
166 166 -0.146667
167 167 0.093333
168 168 0.146667
169 169 -0.173333
170 170 0.040000
171 171 0.066667
172 172 -0.040000
173 173 -0.013333
174 174 0.040000
175 175 -0.066667
176 176 0.066667
177 177 0.120000
178 178 -0.066667
179 179 -0.200000
180 180 0.200000
181 181 -0.200000
182 182 -0.040000
183 183 -0.066667
184 184 -0.093333
185 185 0.200000
186 186 0.093333
187 187 -0.093333
188 188 0.093333
189 189 0.173333
190 190 0.066667
191 191 0.040000
192 192 -0.200000
193 193 -0.120000
194 194 -0.173333
195 195 -0.146667
196 196 -0.040000
197 197 0.040000
198 198 -0.066667
199 199 -0.013333
200 200 -0.066667
201 201 0.013333
202 202 0.173333
203 203 -0.093333
204 204 -0.066667
205 205 0.013333
206 206 -0.093333
207 207 0.013333
208 208 0.066667
209 209 -0.146667
210 210 0.040000
211 211 -0.093333
212 212 -0.173333
213 213 -0.066667
214 214 0.173333
215 215 0.146667
216 216 -0.200000
217 217 -0.013333
218 218 -0.173333
219 219 -0.200000
220 220 -0.040000
221 221 0.013333
222 222 -0.120000
223 223 0.173333
224 224 0.093333
225 225 0.093333
226 226 -0.040000
227 227 0.146667
228 228 0.173333
229 229 -0.013333
230 230 -0.120000
231 231 -0.040000
232 232 0.146667
233 233 -0.066667
234 234 0.040000
235 235 0.093333
236 236 -0.146667
237 237 -0.120000
238 238 0.200000
239 239 0.040000
240 240 -0.146667
241 241 0.013333
242 242 -0.200000
243 243 -0.066667
244 244 0.173333
245 245 0.146667
246 246 0.093333
247 247 0.066667
248 248 0.146667
249 249 -0.200000
250 250 0.173333
251 251 0.146667
252 252 0.040000
253 253 0.146667
254 254 0.013333
255 255 0.066667
256 256 0.066667
257 257 0.066667
258 258 -0.013333
259 259 0.066667
260 260 0.173333
261 261 0.200000
262 262 -0.200000
263 263 0.146667
264 264 -0.013333
265 265 0.093333
266 266 0.200000
267 267 0.146667
268 268 -0.066667
269 269 0.146667
270 270 0.013333
271 271 -0.066667
272 272 -0.146667
273 273 -0.146667
274 274 0.200000
275 275 0.200000
276 276 0.040000
277 277 0.093333
278 278 0.173333
279 279 0.040000
280 280 0.066667
281 281 -0.146667
282 282 0.173333
283 283 -0.173333
284 284 -0.146667
285 285 0.013333
286 286 0.146667
287 287 -0.200000
288 288 -0.013333
289 289 -0.093333
290 290 0.146667
291 291 0.040000
292 292 -0.200000
293 293 -0.013333
294 294 -0.040000
295 295 -0.173333
296 296 -0.146667
297 297 -0.013333
298 298 -0.146667
299 299 -0.093333
300 300 0.040000
301 301 0.146667
302 302 -0.013333
303 303 -0.173333
304 304 -0.013333
305 305 -0.173333
306 306 0.066667
307 307 0.120000
308 308 -0.173333
309 309 -0.173333
310 310 -0.173333
311 311 0.093333
312 312 0.093333
313 313 0.146667
314 314 0.120000
315 315 -0.200000
316 316 -0.013333
317 317 -0.120000
318 318 -0.040000
319 319 -0.146667
320 320 -0.146667
321 321 0.013333
322 322 -0.173333
323 323 0.093333
324 324 -0.040000
325 325 0.013333
326 326 -0.120000
327 327 -0.120000
328 328 -0.120000
329 329 -0.146667
330 330 0.013333
331 331 -0.093333
332 332 -0.093333
333 333 0.093333
334 334 -0.040000
335 335 -0.040000
336 336 0.200000
337 337 -0.200000
338 338 0.066667
339 339 -0.146667
340 340 -0.173333
341 341 -0.120000
342 342 -0.146667
343 343 -0.013333
344 344 -0.146667
345 345 -0.066667
346 346 0.040000
347 347 0.013333
348 348 0.093333
349 349 0.120000
350 350 0.093333
351 351 -0.040000
352 352 -0.173333
353 353 -0.146667
354 354 0.200000
355 355 0.146667
356 356 -0.093333
357 357 0.040000
358 358 -0.013333
359 359 0.040000
360 360 -0.040000
361 361 -0.013333
362 362 -0.173333
363 363 0.040000
364 364 -0.066667
365 365 -0.013333
366 366 -0.173333
367 367 0.040000
368 368 0.093333
369 369 0.013333
370 370 -0.093333
371 371 0.013333
372 372 -0.120000
373 373 0.173333
374 374 0.173333
375 375 -0.040000
376 376 -0.093333
377 377 0.173333
378 378 -0.120000
379 379 0.066667
380 380 -0.066667
381 381 -0.040000
382 382 0.093333
383 383 0.013333
384 384 0.200000
385 385 0.093333
386 386 -0.093333
387 387 -0.013333
388 388 -0.013333
389 389 0.093333
390 390 0.146667
391 391 -0.013333
392 392 -0.120000
393 393 -0.146667
394 394 0.173333
395 395 0.120000
396 396 -0.013333
397 397 -0.146667
398 398 0.120000
399 399 -0.013333
400 400 -0.173333
401 401 -0.146667
402 402 0.146667
403 403 -0.146667
404 404 0.040000
405 405 0.120000
406 406 -0.173333
407 407 -0.200000
408 408 -0.013333
409 409 -0.146667
410 410 0.173333
411 411 0.066667
412 412 -0.013333
413 413 0.066667
414 414 0.013333
415 415 0.066667
416 416 -0.200000
417 417 -0.200000
418 418 -0.120000
419 419 0.173333
420 420 -0.066667
421 421 -0.200000
422 422 0.013333
423 423 -0.093333
424 424 -0.146667
425 425 0.173333
426 426 -0.013333
427 427 0.093333
428 428 -0.120000
429 429 -0.040000
430 430 -0.173333
431 431 -0.173333
432 432 -0.173333
433 433 -0.040000
434 434 0.200000
435 435 0.040000
436 436 0.093333
437 437 0.120000
438 438 -0.146667
439 439 -0.146667
440 440 0.013333
441 441 0.120000
442 442 -0.093333
443 443 -0.200000
444 444 -0.173333
445 445 -0.200000
446 446 -0.173333
447 447 -0.120000
448 448 0.120000
449 449 0.093333
450 450 0.173333
451 451 -0.173333
452 452 0.120000
453 453 -0.066667
454 454 0.200000
455 455 0.040000
456 456 -0.173333
457 457 0.146667
458 458 -0.120000
459 459 -0.173333
460 460 -0.013333
461 461 0.200000
462 462 0.120000
463 463 0.066667
464 464 0.173333
465 465 -0.013333
466 466 -0.013333
467 467 0.146667
468 468 -0.093333
469 469 -0.146667
470 470 -0.146667
471 471 0.120000
472 472 -0.093333
473 473 0.173333
474 474 0.173333
475 475 -0.200000
476 476 0.173333
477 477 -0.146667
478 478 0.200000
479 479 0.040000
480 480 -0.173333
481 481 0.146667
482 482 -0.146667
483 483 -0.173333
484 484 0.093333
485 485 0.120000
486 486 0.066667
487 487 -0.146667
488 488 -0.200000
489 489 0.146667
490 490 0.146667
491 491 -0.200000
492 492 0.146667
493 493 0.013333
494 494 -0.146667
495 495 0.200000
496 496 -0.013333
497 497 0.200000
498 498 0.093333
499 499 -0.040000
500 500 0.066667
501 501 -0.146667
502 502 0.146667
503 503 -0.040000
504 504 0.146667
505 505 -0.120000
506 506 0.013333
507 507 -0.173333
508 508 -0.200000
509 509 0.066667
510 510 0.066667
511 511 0.200000
512 512 0.066667
513 513 -0.120000
514 514 0.200000
515 515 0.173333
516 516 -0.120000
517 517 -0.120000
518 518 0.040000
519 519 -0.146667
520 520 -0.173333
521 521 0.013333
522 522 0.093333
523 523 0.013333
524 524 -0.013333
525 525 0.120000
526 526 -0.013333
527 527 0.013333
528 528 0.173333
529 529 0.200000
530 530 -0.120000
531 531 0.146667
532 532 -0.093333
533 533 -0.120000
534 534 -0.093333
535 535 0.040000
536 536 -0.146667
537 537 -0.040000
538 538 0.173333
539 539 0.120000
540 540 0.013333
541 541 0.173333
542 542 -0.093333
543 543 -0.120000
544 544 0.040000
545 545 -0.066667
546 546 -0.013333
547 547 -0.120000
548 548 0.120000
549 549 -0.066667
550 550 0.120000
551 551 -0.040000
552 552 -0.120000
553 553 -0.200000
554 554 0.013333
555 555 0.066667
556 556 0.013333
557 557 0.040000
558 558 0.120000
559 559 0.013333
560 560 -0.120000
561 561 0.013333
562 562 0.040000
563 563 -0.013333
564 564 -0.066667
565 565 0.146667
566 566 0.146667
567 567 -0.146667
568 568 -0.120000
569 569 -0.040000
570 570 0.173333
571 571 -0.120000
572 572 0.120000
573 573 -0.066667
574 574 -0.200000
575 575 -0.093333
576 576 0.093333
577 577 -0.120000
578 578 0.200000
579 579 -0.040000
580 580 0.066667
581 581 0.120000
582 582 -0.173333
583 583 -0.200000
584 584 -0.093333
585 585 -0.146667
586 586 -0.093333
587 587 0.093333
588 588 -0.013333
589 589 -0.146667
590 590 -0.066667
591 591 -0.146667
592 592 -0.013333
593 593 0.173333
594 594 0.066667
595 595 -0.066667
596 596 0.120000
597 597 0.066667
598 598 0.093333
599 599 0.173333
600 600 -0.146667
601 601 -0.200000
602 602 0.173333
603 603 0.120000
604 604 -0.146667
605 605 -0.200000
606 606 0.120000
607 607 -0.146667
608 608 -0.146667
609 609 0.173333
610 610 0.146667
611 611 0.066667
612 612 0.066667
613 613 0.200000
614 614 0.013333
615 615 -0.146667
616 616 -0.200000
617 617 -0.120000
618 618 0.146667
619 619 0.173333
620 620 -0.093333
621 621 -0.120000
622 622 0.013333
623 623 0.200000
624 624 0.200000
625 625 0.200000
626 626 -0.146667
627 627 -0.066667
628 628 -0.200000
629 629 0.093333
630 630 0.013333
631 631 -0.173333
632 632 -0.040000
633 633 -0.146667
634 634 0.093333
635 635 0.173333
636 636 -0.200000
637 637 -0.120000
638 638 -0.066667
639 639 -0.093333
640 640 -0.200000
641 641 -0.013333
642 642 0.013333
643 643 -0.200000
644 644 -0.200000
645 645 -0.066667
646 646 0.066667
647 647 -0.066667
648 648 0.200000
649 649 -0.093333
650 650 -0.173333
651 651 -0.120000
652 652 0.040000
653 653 -0.146667
654 654 -0.120000
655 655 0.200000
656 656 -0.040000
657 657 -0.173333
658 658 -0.146667
659 659 0.120000
660 660 0.093333
661 661 0.013333
662 662 0.040000
663 663 0.040000
664 664 0.173333
665 665 0.093333
666 666 0.173333
667 667 0.013333
668 668 -0.146667
669 669 -0.200000
670 670 -0.146667
671 671 -0.066667
672 672 0.093333
673 673 -0.120000
674 674 0.200000
675 675 0.066667
676 676 0.093333
677 677 0.066667
678 678 -0.040000
679 679 0.093333
680 680 0.066667
681 681 -0.066667
682 682 -0.066667
683 683 -0.093333
684 684 0.013333
685 685 0.013333
686 686 -0.146667
687 687 -0.093333
688 688 -0.093333
689 689 -0.173333
690 690 -0.013333
691 691 0.013333
692 692 0.173333
693 693 0.146667
694 694 0.173333
695 695 -0.040000
696 696 -0.173333
697 697 -0.040000
698 698 0.146667
699 699 -0.120000
700 700 0.200000
701 701 -0.146667
702 702 0.200000
703 703 -0.040000
704 704 0.200000
705 705 0.173333
706 706 0.066667
707 707 -0.040000
708 708 0.013333
709 709 -0.093333
710 710 -0.040000
711 711 -0.173333
712 712 0.093333
713 713 0.093333
714 714 0.093333
715 715 0.013333
716 716 -0.093333
717 717 0.093333
718 718 0.013333
719 719 0.120000
720 720 0.173333
721 721 0.013333
722 722 -0.013333
723 723 -0.040000
724 724 -0.120000
725 725 0.146667
726 726 -0.040000
727 727 -0.013333
728 728 -0.013333
729 729 -0.013333
730 730 -0.066667
731 731 0.040000
732 732 0.146667
733 733 0.146667
734 734 0.120000
735 735 -0.146667
736 736 0.120000
737 737 0.040000
738 738 -0.173333
739 739 0.120000
740 740 -0.120000
741 741 -0.146667
742 742 -0.173333
743 743 -0.013333
744 744 0.146667
745 745 -0.093333
746 746 -0.173333
747 747 0.173333
748 748 0.146667
749 749 0.040000
750 750 -0.040000
751 751 0.146667
752 752 0.200000
753 753 -0.173333
754 754 -0.200000
755 755 -0.120000
756 756 -0.173333
757 757 0.093333
758 758 0.093333
759 759 -0.173333
760 760 0.040000
761 761 -0.146667
762 762 -0.173333
763 763 0.146667
764 764 -0.173333
765 765 -0.146667
766 766 -0.200000
767 767 0.200000
768 768 -0.146667
769 769 0.146667
770 770 0.200000
771 771 -0.013333
772 772 0.013333
773 773 0.066667
774 774 0.200000
775 775 -0.173333
776 776 -0.013333
777 777 0.013333
778 778 0.146667
779 779 -0.146667
780 780 0.120000
781 781 -0.120000
782 782 -0.093333
783 783 -0.040000
784 784 0.040000
785 785 0.066667
786 786 0.173333
787 787 -0.013333
788 788 0.040000
789 789 0.120000
790 790 -0.093333
791 791 -0.066667
792 792 -0.066667
793 793 -0.173333
794 794 -0.146667
795 795 0.066667
796 796 -0.120000
797 797 0.120000
798 798 0.120000
799 799 0.093333
800 800 -0.066667
801 801 0.173333
802 802 -0.040000
803 803 -0.013333
804 804 0.093333
805 805 0.146667
806 806 0.173333
807 807 0.146667
808 808 0.120000
809 809 -0.146667
810 810 0.120000
811 811 -0.013333
812 812 -0.120000
813 813 0.093333
814 814 -0.040000
815 815 -0.040000
816 816 -0.066667
817 817 -0.066667
818 818 -0.066667
819 819 -0.040000
820 820 0.173333
821 821 0.146667
822 822 0.093333
823 823 0.200000
824 824 -0.200000
825 825 0.200000
826 826 -0.066667
827 827 -0.120000
828 828 0.200000
829 829 -0.040000
830 830 0.173333
831 831 -0.120000
832 832 -0.013333
833 833 0.066667
834 834 -0.120000
835 835 -0.146667
836 836 0.173333
837 837 0.120000
838 838 0.173333
839 839 0.066667
840 840 -0.173333
841 841 0.013333
842 842 0.200000
843 843 -0.040000
844 844 0.013333
845 845 0.200000
846 846 0.013333
847 847 -0.200000
848 848 0.040000
849 849 -0.013333
850 850 0.066667
851 851 0.013333
852 852 -0.200000
853 853 -0.040000
854 854 0.120000
855 855 -0.093333
856 856 0.120000
857 857 0.120000
858 858 0.013333
859 859 -0.146667
860 860 -0.173333
861 861 -0.120000
862 862 -0.093333
863 863 0.040000
864 864 0.013333
865 865 -0.120000
866 866 0.040000
867 867 0.173333
868 868 -0.146667
869 869 -0.013333
870 870 -0.120000
871 871 -0.146667
872 872 -0.146667
873 873 -0.066667
874 874 0.200000
875 875 -0.066667
876 876 -0.040000
877 877 -0.093333
878 878 0.040000
879 879 -0.200000
880 880 0.173333
881 881 -0.120000
882 882 -0.173333
883 883 0.173333
884 884 0.146667
885 885 0.093333
886 886 0.200000
887 887 -0.173333
888 888 -0.173333
889 889 0.066667
890 890 0.173333
891 891 0.173333
892 892 0.200000
893 893 0.040000
894 894 -0.120000
895 895 -0.173333
896 896 0.013333
897 897 0.040000
898 898 -0.173333
899 899 -0.093333
900 900 0.200000
901 901 -0.066667
902 902 0.013333
903 903 -0.093333
904 904 0.013333
905 905 0.173333
906 906 0.066667
907 907 0.120000
908 908 0.173333
909 909 0.013333
910 910 -0.093333
911 911 0.066667
912 912 -0.013333
913 913 0.146667
914 914 0.066667
915 915 0.146667
916 916 0.066667
917 917 0.200000
918 918 0.040000
919 919 -0.093333
920 920 0.013333
921 921 -0.040000
922 922 0.173333
923 923 -0.173333
924 924 0.093333
925 925 -0.173333
926 926 -0.013333
927 927 0.013333
928 928 0.013333
929 929 0.173333
930 930 -0.173333
931 931 0.120000
932 932 -0.173333
933 933 0.146667
934 934 -0.200000
935 935 -0.200000
936 936 -0.120000
937 937 0.200000
938 938 -0.146667
939 939 -0.013333
940 940 -0.120000
941 941 -0.040000
942 942 -0.066667
943 943 -0.173333
944 944 0.120000
945 945 -0.146667
946 946 0.173333
947 947 0.146667
948 948 0.093333
949 949 -0.146667
950 950 -0.040000
951 951 -0.173333
952 952 0.066667
953 953 -0.146667
954 954 0.146667
955 955 -0.120000
956 956 0.173333
957 957 -0.173333
958 958 -0.120000
959 959 0.146667
960 960 0.173333
961 961 0.146667
962 962 0.120000
963 963 -0.066667
964 964 0.093333
965 965 0.093333
966 966 0.040000
967 967 -0.093333
968 968 0.173333
969 969 -0.173333
970 970 0.120000
971 971 -0.040000
972 972 -0.013333
973 973 0.066667
974 974 0.066667
975 975 0.200000
976 976 0.066667
977 977 0.013333
978 978 -0.066667
979 979 0.173333
980 980 -0.093333
981 981 0.040000
982 982 0.013333
983 983 0.066667
984 984 0.013333
985 985 0.040000
986 986 -0.013333
987 987 -0.093333
988 988 -0.093333
989 989 -0.013333
990 990 -0.200000
991 991 -0.200000
992 992 0.200000
993 993 -0.066667
994 994 -0.120000
995 995 0.093333
996 996 0.120000
997 997 -0.040000
998 998 0.040000
999 999 0.093333
1000 1000 0.146667
1001 1001 -0.200000
1002 1002 0.093333
1003 1003 -0.040000
1004 1004 0.120000
1005 1005 -0.200000
1006 1006 -0.173333
1007 1007 -0.040000
1008 1008 -0.093333
1009 1009 -0.066667
1010 1010 -0.173333
1011 1011 0.066667
1012 1012 0.173333
1013 1013 -0.146667
1014 1014 0.146667
1015 1015 0.013333
1016 1016 0.066667
1017 1017 -0.200000
1018 1018 -0.120000
1019 1019 -0.200000
1020 1020 -0.066667
1021 1021 0.146667
1022 1022 0.013333
1023 1023 -0.066667
1024 1024 -0.146667
1025 1025 -0.200000
1026 1026 -0.093333
1027 1027 0.173333
1028 1028 0.040000
1029 1029 -0.173333
1030 1030 -0.040000
1031 1031 0.146667
1032 1032 0.013333
1033 1033 0.040000
1034 1034 -0.120000
1035 1035 -0.066667
1036 1036 -0.173333
1037 1037 -0.120000
1038 1038 0.013333
1039 1039 -0.146667
1040 1040 0.040000
1041 1041 -0.200000
1042 1042 -0.066667
1043 1043 0.120000
1044 1044 0.200000
1045 1045 -0.173333
1046 1046 -0.146667
1047 1047 -0.066667
1048 1048 0.013333
1049 1049 -0.120000
1050 1050 0.093333
1051 1051 -0.120000
1052 1052 -0.013333
1053 1053 0.200000
1054 1054 0.200000
1055 1055 -0.146667
1056 1056 0.013333
1057 1057 -0.146667
1058 1058 0.093333
1059 1059 0.040000
1060 1060 -0.173333
1061 1061 -0.040000
1062 1062 0.066667
1063 1063 0.200000
1064 1064 0.120000
1065 1065 -0.120000
1066 1066 0.173333
1067 1067 -0.040000
1068 1068 -0.120000
1069 1069 0.146667
1070 1070 0.120000
1071 1071 -0.173333
1072 1072 -0.173333
1073 1073 0.200000
1074 1074 0.146667
1075 1075 -0.120000
1076 1076 0.093333
1077 1077 -0.146667
1078 1078 -0.013333
1079 1079 -0.200000
1080 1080 0.093333
1081 1081 0.120000
1082 1082 -0.040000
1083 1083 0.040000
1084 1084 0.093333
1085 1085 -0.173333
1086 1086 0.040000
1087 1087 -0.013333
1088 1088 -0.040000
1089 1089 -0.146667
1090 1090 0.200000
1091 1091 -0.200000
1092 1092 0.066667
1093 1093 -0.120000
1094 1094 0.066667
1095 1095 -0.120000
1096 1096 0.200000
1097 1097 0.146667
1098 1098 0.040000
1099 1099 0.066667
1100 1100 0.146667
1101 1101 -0.013333
1102 1102 -0.120000
1103 1103 -0.040000
1104 1104 0.200000
1105 1105 -0.093333
1106 1106 -0.093333
1107 1107 0.120000
1108 1108 0.066667
1109 1109 0.066667
1110 1110 -0.120000
1111 1111 0.120000
1112 1112 0.066667
1113 1113 -0.066667
1114 1114 -0.173333
1115 1115 0.120000
1116 1116 -0.173333
1117 1117 -0.173333
1118 1118 -0.066667
1119 1119 -0.173333
1120 1120 -0.013333
1121 1121 -0.093333
1122 1122 0.066667
1123 1123 -0.146667
1124 1124 0.173333
1125 1125 -0.066667
1126 1126 0.200000
1127 1127 -0.120000
1128 1128 0.040000
1129 1129 0.093333
1130 1130 -0.173333
1131 1131 -0.173333
1132 1132 0.120000
1133 1133 0.120000
1134 1134 -0.093333
1135 1135 0.120000
1136 1136 0.120000
1137 1137 0.120000
1138 1138 -0.173333
1139 1139 -0.146667
1140 1140 0.093333
1141 1141 0.066667
1142 1142 0.146667
1143 1143 -0.200000
1144 1144 -0.120000
1145 1145 0.120000
1146 1146 -0.200000
1147 1147 -0.093333
1148 1148 0.013333
1149 1149 -0.093333
1150 1150 0.066667
1151 1151 0.066667
1152 1152 0.066667
1 5 -1.000000
1 6 0.866667
1 7 -0.333333
1 8 -0.733333
1 97 0.466667
2 5 -0.333333
2 6 0.200000
2 7 0.600000
2 8 -0.733333
2 98 1.000000
3 5 0.066667
3 6 0.866667
3 7 -0.200000
3 8 -0.200000
3 99 -0.333333
4 5 -0.600000
4 6 0.466667
4 7 0.733333
4 8 0.466667
4 100 -1.000000
5 13 -0.466667
6 14 0.333333
7 15 -1.000000
8 16 -0.466667
9 13 -0.600000
9 14 -1.000000
9 15 0.066667
9 16 -1.000000
9 105 -1.000000
10 13 -0.733333
10 14 0.600000
10 15 0.866667
10 16 0.733333
10 106 0.466667
11 13 0.600000
11 14 0.466667
11 15 0.066667
11 16 0.333333
11 107 0.066667
12 13 -0.066667
12 14 0.600000
12 15 0.866667
12 16 -0.066667
12 108 1.000000
13 21 0.466667
14 22 -0.466667
15 23 0.466667
16 24 -0.333333
17 21 -0.866667
17 22 -0.333333
17 23 -0.333333
17 24 0.333333
17 113 -0.866667
18 21 0.733333
18 22 -0.600000
18 23 0.200000
18 24 -0.066667
18 114 0.333333
19 21 -0.600000
19 22 0.333333
19 23 -0.200000
19 24 5.000000
19 115 1.000000
20 21 -0.200000
20 22 -1.000000
20 23 -1.000000
20 24 0.066667
20 116 0.333333
21 29 -0.466667
22 30 1.000000
23 31 -0.333333
24 32 0.200000
25 29 -0.733333
25 30 -0.866667
25 31 0.333333
25 32 -0.200000
25 121 -0.466667
26 29 0.600000
26 30 0.066667
26 31 0.066667
26 32 0.600000
26 122 -0.333333
27 29 -0.200000
27 30 0.466667
27 31 -0.600000
27 32 -0.200000
27 123 0.600000
28 29 -0.333333
28 30 0.600000
28 31 -0.333333
28 32 0.866667
28 124 -1.000000
29 37 0.600000
30 38 -0.200000
31 39 0.333333
32 40 -0.066667
33 37 -4.333333
33 38 -0.600000
33 39 3.666667
33 40 -0.466667
33 129 -0.066667
34 37 0.066667
34 38 -0.600000
34 39 -0.733333
34 40 -0.333333
34 130 3.666667
35 37 0.066667
35 38 -0.200000
35 39 1.000000
35 40 -1.666667
35 131 -0.200000
36 37 5.000000
36 38 0.333333
36 39 0.066667
36 40 2.333333
36 132 -1.000000
37 45 0.333333
38 46 -0.733333
39 47 1.000000
40 48 1.000000
41 45 0.866667
41 46 -0.466667
41 47 -0.866667
41 48 0.200000
41 137 0.600000
42 45 0.600000
42 46 -0.066667
42 47 0.333333
42 48 -0.200000
42 138 0.733333
43 45 0.600000
43 46 0.066667
43 47 0.600000
43 48 -0.333333
43 139 0.066667
44 45 -1.000000
44 46 0.066667
44 47 -0.466667
44 48 0.733333
44 140 -0.066667
45 53 -0.466667
46 54 -1.000000
47 55 -0.866667
48 56 -0.600000
49 53 1.000000
49 54 0.333333
49 55 0.466667
49 56 0.600000
49 145 1.000000
50 53 -0.333333
50 54 0.600000
50 55 0.066667
50 56 0.600000
50 146 0.066667
51 53 0.733333
51 54 -0.333333
51 55 -0.866667
51 56 0.600000
51 147 0.066667
52 53 0.866667
52 54 0.600000
52 55 0.200000
52 56 1.000000
52 148 -0.600000
53 61 0.466667
54 62 -0.200000
55 63 -0.066667
56 64 -0.866667
57 61 -0.866667
57 62 -0.333333
57 63 -1.000000
57 64 -0.466667
57 153 -0.333333
58 61 -0.733333
58 62 -0.466667
58 63 0.466667
58 64 0.466667
58 154 3.000000
59 61 0.600000
59 62 0.333333
59 63 -0.333333
59 64 -0.066667
59 155 1.000000
60 61 0.733333
60 62 -0.866667
60 63 -0.200000
60 64 0.066667
60 156 -0.333333
61 69 -0.466667
62 70 0.466667
63 71 -0.466667
64 72 0.600000
65 69 0.733333
65 70 0.333333
65 71 -0.866667
65 72 -0.866667
65 161 -0.466667
66 69 -0.600000
66 70 0.333333
66 71 -0.333333
66 72 -0.600000
66 162 0.866667
67 69 0.200000
67 70 1.000000
67 71 0.466667
67 72 -0.866667
67 163 -0.466667
68 69 -0.333333
68 70 -0.866667
68 71 0.333333
68 72 0.733333
68 164 -0.333333
69 77 -0.466667
70 78 0.200000
71 79 0.733333
72 80 -0.466667
73 77 -1.000000
73 78 0.866667
73 79 -0.200000
73 80 0.200000
73 169 0.866667
74 77 0.866667
74 78 0.866667
74 79 -0.733333
74 80 -0.466667
74 170 3.666667
75 77 0.866667
75 78 0.866667
75 79 -0.466667
75 80 -0.200000
75 171 -0.333333
76 77 0.733333
76 78 0.200000
76 79 0.333333
76 80 -1.000000
76 172 -0.733333
77 85 -0.600000
78 86 0.866667
79 87 1.000000
80 88 0.866667
81 85 1.000000
81 86 -0.066667
81 87 -0.333333
81 88 -0.466667
81 177 -1.000000
82 85 -1.000000
82 86 -2.333333
82 87 -0.333333
82 88 -0.466667
82 178 -3.666667
83 85 3.666667
83 86 -0.333333
83 87 -2.333333
83 88 0.466667
83 179 -0.466667
84 85 -0.466667
84 86 0.600000
84 87 0.733333
84 88 0.466667
84 180 0.866667
85 93 0.866667
86 94 0.200000
87 95 -1.000000
88 96 0.866667
89 93 -0.466667
89 94 0.200000
89 95 0.866667
89 96 0.466667
89 185 -1.000000
90 93 -1.000000
90 94 -0.066667
90 95 0.733333
90 96 -0.200000
90 186 0.333333
91 93 0.600000
91 94 1.000000
91 95 0.200000
91 96 -0.333333
91 187 -0.333333
92 93 -0.066667
92 94 1.000000
92 95 0.066667
92 96 -0.733333
92 188 0.200000
97 101 -0.600000
97 102 -0.333333
97 103 0.866667
97 104 -0.600000
97 193 1.000000
98 101 0.066667
98 102 -0.333333
98 103 0.600000
98 104 -0.600000
98 194 0.066667
99 101 -0.866667
99 102 -0.466667
99 103 -0.600000
99 104 0.333333
99 195 -0.200000
100 101 0.600000
100 102 -1.000000
100 103 0.866667
100 104 0.466667
100 196 -0.066667
101 109 -0.600000
102 110 -0.200000
103 111 -0.866667
104 112 -1.000000
105 109 -1.000000
105 110 0.600000
105 111 0.733333
105 112 -0.333333
105 201 1.000000
106 109 -0.466667
106 110 0.866667
106 111 -0.333333
106 112 -0.466667
106 202 -0.200000
107 109 0.333333
107 110 0.600000
107 111 -0.600000
107 112 0.733333
107 203 -0.600000
108 109 0.866667
108 110 -0.466667
108 111 -0.333333
108 112 -0.333333
108 204 0.333333
109 117 -0.733333
110 118 0.200000
111 119 -1.000000
112 120 0.466667
113 117 0.866667
113 118 -0.333333
113 119 -0.200000
113 120 -0.333333
113 209 0.600000
114 117 0.866667
114 118 1.000000
114 119 0.466667
114 120 -0.866667
114 210 -3.000000
115 117 0.333333
115 118 0.600000
115 119 -5.000000
115 120 -1.000000
115 211 0.333333
116 117 0.200000
116 118 -1.000000
116 119 0.200000
116 120 -0.466667
116 212 -0.200000
117 125 1.000000
118 126 0.066667
119 127 -0.200000
120 128 -0.866667
121 125 -1.666667
121 126 0.466667
121 127 -0.600000
121 128 -4.333333
121 217 0.200000
122 125 0.333333
122 126 0.333333
122 127 0.066667
122 128 -1.666667
122 218 0.066667
123 125 -0.733333
123 126 1.000000
123 127 1.000000
123 128 -0.600000
123 219 -0.200000
124 125 -0.466667
124 126 0.600000
124 127 -0.200000
124 128 0.200000
124 220 -0.600000
125 133 0.600000
126 134 0.866667
127 135 -0.333333
128 136 0.333333
129 133 0.200000
129 134 0.066667
129 135 -0.466667
129 136 -3.666667
129 225 -0.733333
130 133 -0.200000
130 134 0.333333
130 135 -1.000000
130 136 0.600000
130 226 0.866667
131 133 -0.200000
131 134 -0.066667
131 135 -0.333333
131 136 -1.000000
131 227 0.066667
132 133 -0.733333
132 134 -1.000000
132 135 -0.466667
132 136 3.000000
132 228 -2.333333
133 141 -0.200000
134 142 0.600000
135 143 0.066667
136 144 0.200000
137 141 -0.866667
137 142 -0.733333
137 143 0.733333
137 144 0.866667
137 233 1.000000
138 141 0.466667
138 142 -0.600000
138 143 0.333333
138 144 -0.733333
138 234 0.866667
139 141 1.000000
139 142 1.000000
139 143 -0.333333
139 144 -0.466667
139 235 -0.866667
140 141 -0.066667
140 142 0.200000
140 143 0.466667
140 144 -0.333333
140 236 0.200000
141 149 1.000000
142 150 -0.066667
143 151 -1.000000
144 152 -0.466667
145 149 -1.000000
145 150 0.466667
145 151 -0.600000
145 152 -1.000000
145 241 -0.466667
146 149 0.200000
146 150 -0.066667
146 151 0.200000
146 152 -1.000000
146 242 -0.866667
147 149 0.600000
147 150 -0.600000
147 151 -0.333333
147 152 0.066667
147 243 0.866667
148 149 0.466667
148 150 0.200000
148 151 0.066667
148 152 0.733333
148 244 0.866667
149 157 0.600000
150 158 -0.466667
151 159 -0.333333
152 160 0.600000
153 157 -0.066667
153 158 0.333333
153 159 0.200000
153 160 1.000000
153 249 -2.333333
154 157 -3.000000
154 158 -0.333333
154 159 0.333333
154 160 -0.066667
154 250 5.000000
155 157 0.066667
155 158 -0.066667
155 159 0.866667
155 160 -0.466667
155 251 1.000000
156 157 0.333333
156 158 -0.066667
156 159 0.066667
156 160 0.600000
156 252 0.333333
157 165 0.600000
158 166 0.333333
159 167 -0.733333
160 168 1.000000
161 165 1.000000
161 166 -0.333333
161 167 0.333333
161 168 0.733333
161 257 0.466667
162 165 0.066667
162 166 0.200000
162 167 -0.600000
162 168 -0.200000
162 258 0.333333
163 165 0.466667
163 166 0.733333
163 167 1.000000
163 168 -0.866667
163 259 -0.600000
164 165 -0.733333
164 166 0.600000
164 167 -0.333333
164 168 0.866667
164 260 0.600000
165 173 0.600000
166 174 0.333333
167 175 -0.733333
168 176 -3.000000
169 173 -0.200000
169 174 1.000000
169 175 0.200000
169 176 -4.333333
169 265 0.733333
170 173 0.866667
170 174 0.066667
170 175 0.066667
170 176 1.000000
170 266 1.000000
171 173 -0.333333
171 174 0.733333
171 175 0.866667
171 176 -0.600000
171 267 -1.000000
172 173 -0.200000
172 174 0.733333
172 175 0.733333
172 176 0.200000
172 268 0.200000
173 181 -0.866667
174 182 0.866667
175 183 -0.200000
176 184 -2.333333
177 181 -0.066667
177 182 -0.333333
177 183 0.600000
177 184 -0.200000
177 273 -0.466667
178 181 2.333333
178 182 -0.733333
178 183 -0.466667
178 184 -2.333333
178 274 0.200000
179 181 0.866667
179 182 -0.733333
179 183 -0.866667
179 184 0.600000
179 275 1.000000
180 181 -0.066667
180 182 -0.600000
180 183 0.733333
180 184 -0.866667
180 276 -0.066667
181 189 0.600000
182 190 -0.333333
183 191 0.466667
184 192 0.733333
185 189 1.000000
185 190 5.000000
185 191 1.000000
185 192 -0.333333
185 281 0.600000
186 189 0.600000
186 190 0.466667
186 191 -0.866667
186 192 -0.066667
186 282 0.200000
187 189 -0.600000
187 190 1.000000
187 191 0.866667
187 192 0.600000
187 283 -0.866667
188 189 -0.600000
188 190 -0.866667
188 191 -1.000000
188 192 0.466667
188 284 0.466667
193 197 0.466667
193 198 0.200000
193 199 -1.000000
193 200 0.866667
193 289 0.200000
194 197 0.333333
194 198 -0.866667
194 199 -0.866667
194 200 -0.866667
194 290 -0.066667
195 197 -0.733333
195 198 0.866667
195 199 -3.666667
195 200 0.866667
195 291 3.666667
196 197 -0.866667
196 198 -0.066667
196 199 -0.333333
196 200 0.866667
196 292 1.000000
197 205 0.866667
198 206 0.066667
199 207 -0.866667
200 208 -1.000000
201 205 -0.466667
201 206 -0.066667
201 207 -0.733333
201 208 -0.066667
201 297 0.600000
202 205 0.466667
202 206 0.066667
202 207 -0.333333
202 208 -0.600000
202 298 0.200000
203 205 0.333333
203 206 1.000000
203 207 0.600000
203 208 0.333333
203 299 0.066667
204 205 -0.200000
204 206 -0.866667
204 207 0.866667
204 208 -0.333333
204 300 0.066667
205 213 -0.733333
206 214 0.333333
207 215 -0.333333
208 216 -0.333333
209 213 0.866667
209 214 -0.733333
209 215 -0.600000
209 216 0.333333
209 305 1.000000
210 213 -0.333333
210 214 -0.733333
210 215 -0.600000
210 216 -0.733333
210 306 0.866667
211 213 3.666667
211 214 0.600000
211 215 0.333333
211 216 0.866667
211 307 -0.333333
212 213 -0.333333
212 214 -0.733333
212 215 0.066667
212 216 -0.066667
212 308 -0.333333
213 221 -2.333333
214 222 -0.466667
215 223 -0.866667
216 224 -0.866667
217 221 0.333333
217 222 -0.333333
217 223 0.600000
217 224 0.200000
217 313 -0.333333
218 221 0.066667
218 222 -0.333333
218 223 0.066667
218 224 0.333333
218 314 -0.866667
219 221 1.666667
219 222 0.066667
219 223 -1.000000
219 224 0.733333
219 315 -0.733333
220 221 -0.866667
220 222 0.333333
220 223 0.200000
220 224 0.600000
220 316 0.866667
221 229 -0.733333
222 230 1.000000
223 231 2.333333
224 232 3.000000
225 229 -4.333333
225 230 -0.600000
225 231 0.466667
225 232 -0.600000
225 321 0.066667
226 229 -1.666667
226 230 0.866667
226 231 0.866667
226 232 -5.000000
226 322 -0.733333
227 229 -0.733333
227 230 2.333333
227 231 1.000000
227 232 0.333333
227 323 1.666667
228 229 -0.066667
228 230 0.733333
228 231 -1.000000
228 232 -3.000000
228 324 -0.066667
229 237 1.000000
230 238 4.333333
231 239 -1.000000
232 240 -0.466667
233 237 -0.466667
233 238 0.066667
233 239 -0.733333
233 240 1.000000
233 329 -0.466667
234 237 -0.200000
234 238 -0.466667
234 239 -0.066667
234 240 0.333333
234 330 -0.733333
235 237 0.200000
235 238 -0.333333
235 239 0.866667
235 240 1.000000
235 331 0.200000
236 237 -0.600000
236 238 -0.333333
236 239 0.333333
236 240 0.466667
236 332 0.600000
237 245 1.000000
238 246 0.066667
239 247 0.200000
240 248 -0.466667
241 245 -0.866667
241 246 -0.866667
241 247 0.200000
241 248 -0.066667
241 337 0.200000
242 245 -0.333333
242 246 0.733333
242 247 0.866667
242 248 -0.066667
242 338 0.733333
243 245 0.066667
243 246 0.466667
243 247 -0.466667
243 248 0.866667
243 339 -0.600000
244 245 -1.000000
244 246 -1.000000
244 247 -0.866667
244 248 0.466667
244 340 0.733333
245 253 0.733333
246 254 0.866667
247 255 0.600000
248 256 -0.333333
249 253 -0.466667
249 254 -0.600000
249 255 -3.000000
249 256 0.466667
249 345 -4.333333
250 253 0.733333
250 254 -0.466667
250 255 -0.866667
250 256 0.066667
250 346 0.866667
251 253 0.600000
251 254 4.333333
251 255 -0.333333
251 256 0.733333
251 347 1.000000
252 253 0.466667
252 254 0.466667
252 255 -0.333333
252 256 0.333333
252 348 -0.333333
253 261 -1.000000
254 262 -1.000000
255 263 0.200000
256 264 0.066667
257 261 0.466667
257 262 -0.866667
257 263 1.000000
257 264 -1.000000
257 353 0.466667
258 261 0.066667
258 262 0.866667
258 263 0.066667
258 264 -0.466667
258 354 -0.733333
259 261 0.600000
259 262 0.466667
259 263 0.466667
259 264 0.200000
259 355 -0.200000
260 261 -0.466667
260 262 -0.733333
260 263 -0.200000
260 264 -0.600000
260 356 0.733333
261 269 -0.200000
262 270 -0.600000
263 271 -1.000000
264 272 0.733333
265 269 -1.000000
265 270 0.866667
265 271 1.000000
265 272 1.000000
265 361 1.000000
266 269 0.866667
266 270 -0.200000
266 271 0.733333
266 272 -3.000000
266 362 -0.200000
267 269 -0.866667
267 270 -1.000000
267 271 -0.066667
267 272 0.066667
267 363 0.200000
268 269 -0.466667
268 270 -0.333333
268 271 -0.333333
268 272 0.333333
268 364 -0.466667
269 277 0.333333
270 278 0.333333
271 279 0.333333
272 280 0.866667
273 277 -1.000000
273 278 0.466667
273 279 0.066667
273 280 1.000000
273 369 -0.466667
274 277 1.000000
274 278 -0.200000
274 279 -0.200000
274 280 0.866667
274 370 -0.333333
275 277 -0.466667
275 278 0.466667
275 279 -0.333333
275 280 -0.733333
275 371 0.733333
276 277 -0.733333
276 278 0.200000
276 279 -1.000000
276 280 0.333333
276 372 -0.066667
277 285 -1.000000
278 286 0.866667
279 287 -0.600000
280 288 0.466667
281 285 0.733333
281 286 0.333333
281 287 -0.866667
281 288 0.333333
281 377 0.466667
282 285 0.066667
282 286 -1.000000
282 287 -0.600000
282 288 -1.000000
282 378 0.333333
283 285 -0.866667
283 286 0.333333
283 287 1.000000
283 288 0.866667
283 379 -0.600000
284 285 0.200000
284 286 -0.600000
284 287 -0.866667
284 288 -0.066667
284 380 -0.600000
289 293 -0.733333
289 294 -0.066667
289 295 -0.200000
289 296 0.733333
289 385 0.333333
290 293 -0.600000
290 294 -0.066667
290 295 -0.733333
290 296 0.200000
290 386 0.733333
291 293 3.666667
291 294 -2.333333
291 295 -0.466667
291 296 -0.200000
291 387 0.600000
292 293 -0.333333
292 294 0.066667
292 295 -0.600000
292 296 -0.066667
292 388 -0.066667
293 301 0.600000
294 302 -3.000000
295 303 0.066667
296 304 -0.333333
297 301 1.000000
297 302 -0.333333
297 303 0.866667
297 304 -0.200000
297 393 0.066667
298 301 0.600000
298 302 -0.866667
298 303 -0.466667
298 304 -0.866667
298 394 -0.333333
299 301 -0.866667
299 302 0.066667
299 303 -0.200000
299 304 0.600000
299 395 -0.200000
300 301 0.600000
300 302 -0.466667
300 303 -0.333333
300 304 0.600000
300 396 1.666667
301 309 1.000000
302 310 -0.466667
303 311 -0.733333
304 312 -0.600000
305 309 0.600000
305 310 0.466667
305 311 0.333333
305 312 0.066667
305 401 0.333333
306 309 0.066667
306 310 0.866667
306 311 -0.200000
306 312 -0.466667
306 402 0.066667
307 309 0.333333
307 310 0.333333
307 311 -0.200000
307 312 -0.733333
307 403 -1.000000
308 309 -0.600000
308 310 1.000000
308 311 -0.066667
308 312 -0.733333
308 404 -0.333333
309 317 1.000000
310 318 -0.066667
311 319 0.066667
312 320 -0.733333
313 317 -0.200000
313 318 -0.600000
313 319 0.200000
313 320 -0.333333
313 409 -0.866667
314 317 -0.866667
314 318 0.733333
314 319 0.466667
314 320 -0.200000
314 410 -0.200000
315 317 1.000000
315 318 -0.600000
315 319 0.200000
315 320 -0.333333
315 411 -0.200000
316 317 1.000000
316 318 0.466667
316 319 -0.333333
316 320 -0.333333
316 412 0.600000
317 325 0.600000
318 326 1.000000
319 327 0.333333
320 328 -0.466667
321 325 0.333333
321 326 0.466667
321 327 0.600000
321 328 -0.066667
321 417 -0.466667
322 325 -1.000000
322 326 1.000000
322 327 0.066667
322 328 1.000000
322 418 -0.066667
323 325 0.866667
323 326 -5.000000
323 327 4.333333
323 328 -0.066667
323 419 0.200000
324 325 0.866667
324 326 0.066667
324 327 -0.733333
324 328 -1.666667
324 420 0.733333
325 333 0.333333
326 334 -0.200000
327 335 -2.333333
328 336 0.200000
329 333 0.333333
329 334 0.333333
329 335 -0.466667
329 336 -0.600000
329 425 -0.866667
330 333 0.866667
330 334 0.600000
330 335 0.600000
330 336 0.600000
330 426 1.000000
331 333 -0.600000
331 334 0.066667
331 335 4.333333
331 336 -1.000000
331 427 -5.000000
332 333 0.200000
332 334 -0.333333
332 335 -0.733333
332 336 -0.600000
332 428 0.333333
333 341 0.200000
334 342 0.200000
335 343 0.466667
336 344 -0.866667
337 341 -0.333333
337 342 0.333333
337 343 0.733333
337 344 0.200000
337 433 -0.333333
338 341 -0.066667
338 342 -0.333333
338 343 -0.200000
338 344 -0.200000
338 434 0.066667
339 341 -0.600000
339 342 -0.333333
339 343 -1.000000
339 344 -0.066667
339 435 0.466667
340 341 1.000000
340 342 -0.066667
340 343 0.866667
340 344 0.866667
340 436 1.000000
341 349 0.733333
342 350 -0.200000
343 351 -0.866667
344 352 -0.466667
345 349 -1.666667
345 350 1.666667
345 351 -1.000000
345 352 -0.200000
345 441 -1.666667
346 349 -0.600000
346 350 -3.000000
346 351 -0.066667
346 352 -0.733333
346 442 -0.466667
347 349 0.466667
347 350 3.000000
347 351 -0.200000
347 352 1.666667
347 443 -0.333333
348 349 -0.333333
348 350 0.866667
348 351 0.733333
348 352 1.000000
348 444 -2.333333
349 357 -0.733333
350 358 0.200000
351 359 -0.600000
352 360 -0.333333
353 357 1.666667
353 358 -2.333333
353 359 -0.600000
353 360 1.000000
353 449 0.866667
354 357 -0.866667
354 358 -0.200000
354 359 5.000000
354 360 -0.200000
354 450 -3.000000
355 357 -0.600000
355 358 0.200000
355 359 -0.600000
355 360 -0.733333
355 451 -0.066667
356 357 -0.066667
356 358 -0.600000
356 359 1.000000
356 360 -0.866667
356 452 0.333333
357 365 -0.866667
358 366 -1.000000
359 367 -0.200000
360 368 -0.733333
361 365 -0.466667
361 366 -0.866667
361 367 -0.466667
361 368 0.466667
361 457 -0.066667
362 365 -0.733333
362 366 -1.000000
362 367 -0.733333
362 368 -0.200000
362 458 3.666667
363 365 -0.600000
363 366 -0.200000
363 367 0.733333
363 368 0.200000
363 459 -0.333333
364 365 1.000000
364 366 0.066667
364 367 -0.066667
364 368 -1.000000
364 460 0.200000
365 373 -0.466667
366 374 -0.066667
367 375 0.466667
368 376 -0.200000
369 373 -0.466667
369 374 0.466667
369 375 0.066667
369 376 -0.200000
369 465 -0.466667
370 373 0.733333
370 374 -0.333333
370 375 0.200000
370 376 -0.200000
370 466 0.866667
371 373 0.066667
371 374 -0.600000
371 375 0.866667
371 376 -1.000000
371 467 0.200000
372 373 -0.466667
372 374 -0.600000
372 375 -1.000000
372 376 -0.066667
372 468 0.066667
373 381 -0.333333
374 382 0.866667
375 383 0.466667
376 384 -0.200000
377 381 0.600000
377 382 0.600000
377 383 -0.733333
377 384 -0.200000
377 473 0.200000
378 381 0.733333
378 382 0.333333
378 383 -0.866667
378 384 0.066667
378 474 0.733333
379 381 -0.066667
379 382 -0.600000
379 383 0.200000
379 384 0.200000
379 475 -0.200000
380 381 -0.733333
380 382 -0.733333
380 383 0.066667
380 384 -0.466667
380 476 0.200000
385 389 -4.333333
385 390 -0.066667
385 391 0.066667
385 392 0.733333
385 481 -3.666667
386 389 0.733333
386 390 -0.600000
386 391 0.600000
386 392 1.000000
386 482 -0.066667
387 389 0.600000
387 390 -1.000000
387 391 5.000000
387 392 0.333333
387 483 0.333333
388 389 -1.000000
388 390 0.600000
388 391 0.066667
388 392 0.466667
388 484 1.000000
389 397 0.066667
390 398 5.000000
391 399 5.000000
392 400 -0.866667
393 397 0.733333
393 398 0.200000
393 399 0.333333
393 400 0.466667
393 489 -0.466667
394 397 -0.866667
394 398 0.200000
394 399 -0.200000
394 400 -0.600000
394 490 0.066667
395 397 0.600000
395 398 -0.200000
395 399 0.866667
395 400 -1.000000
395 491 0.333333
396 397 -0.600000
396 398 0.066667
396 399 3.000000
396 400 -0.600000
396 492 -0.333333
397 405 -1.000000
398 406 0.333333
399 407 1.000000
400 408 0.466667
401 405 -0.066667
401 406 -1.000000
401 407 2.333333
401 408 3.666667
401 497 0.333333
402 405 -0.066667
402 406 0.866667
402 407 -1.000000
402 408 -0.333333
402 498 -0.333333
403 405 0.200000
403 406 0.733333
403 407 0.600000
403 408 -0.733333
403 499 -0.466667
404 405 0.466667
404 406 1.000000
404 407 1.000000
404 408 0.200000
404 500 0.733333
405 413 0.066667
406 414 -0.866667
407 415 4.333333
408 416 -0.333333
409 413 0.600000
409 414 0.466667
409 415 2.333333
409 416 -0.466667
409 505 -0.866667
410 413 0.733333
410 414 -0.866667
410 415 1.000000
410 416 -0.866667
410 506 0.733333
411 413 -0.600000
411 414 -0.733333
411 415 0.333333
411 416 -0.333333
411 507 -0.600000
412 413 0.866667
412 414 0.866667
412 415 0.200000
412 416 -0.066667
412 508 -0.066667
413 421 -0.733333
414 422 0.200000
415 423 3.666667
416 424 1.000000
417 421 -0.066667
417 422 5.000000
417 423 3.000000
417 424 3.666667
417 513 -0.733333
418 421 1.000000
418 422 0.866667
418 423 0.866667
418 424 -4.333333
418 514 0.733333
419 421 -0.866667
419 422 -1.000000
419 423 0.600000
419 424 0.466667
419 515 -0.200000
420 421 0.200000
420 422 -0.466667
420 423 0.733333
420 424 -0.066667
420 516 -0.866667
421 429 -0.466667
422 430 -0.333333
423 431 -1.000000
424 432 -0.333333
425 429 0.333333
425 430 -0.066667
425 431 0.600000
425 432 0.066667
425 521 0.600000
426 429 0.866667
426 430 -0.333333
426 431 1.666667
426 432 -0.866667
426 522 -0.200000
427 429 -0.200000
427 430 -1.000000
427 431 0.466667
427 432 3.666667
427 523 1.000000
428 429 -0.866667
428 430 -0.733333
428 431 0.466667
428 432 -0.066667
428 524 -0.866667
429 437 0.200000
430 438 -0.600000
431 439 -0.333333
432 440 0.066667
433 437 0.066667
433 438 -0.333333
433 439 -1.000000
433 440 0.066667
433 529 0.866667
434 437 -0.333333
434 438 0.333333
434 439 -0.066667
434 440 -1.000000
434 530 1.000000
435 437 -0.333333
435 438 0.733333
435 439 0.600000
435 440 -1.000000
435 531 0.866667
436 437 0.466667
436 438 0.066667
436 439 0.200000
436 440 0.866667
436 532 0.866667
437 445 -0.466667
438 446 -0.466667
439 447 0.066667
440 448 1.000000
441 445 -5.000000
441 446 0.866667
441 447 1.666667
441 448 -0.733333
441 537 -4.333333
442 445 -0.333333
442 446 -0.066667
442 447 0.866667
442 448 0.466667
442 538 -0.200000
443 445 0.600000
443 446 -0.200000
443 447 -1.000000
443 448 -0.333333
443 539 0.066667
444 445 -1.000000
444 446 0.333333
444 447 3.666667
444 448 -0.066667
444 540 0.333333
445 453 0.200000
446 454 -0.066667
447 455 0.600000
448 456 0.066667
449 453 0.733333
449 454 0.733333
449 455 -0.066667
449 456 0.200000
449 545 -0.466667
450 453 0.866667
450 454 0.333333
450 455 -1.000000
450 456 0.466667
450 546 1.000000
451 453 0.733333
451 454 0.466667
451 455 0.200000
451 456 0.733333
451 547 0.733333
452 453 -0.066667
452 454 0.466667
452 455 0.333333
452 456 0.600000
452 548 -0.333333
453 461 -0.600000
454 462 0.600000
455 463 0.600000
456 464 -0.733333
457 461 0.333333
457 462 0.066667
457 463 0.466667
457 464 1.000000
457 553 0.466667
458 461 -0.333333
458 462 -0.466667
458 463 0.333333
458 464 0.466667
458 554 -0.200000
459 461 0.333333
459 462 -0.066667
459 463 -0.866667
459 464 1.000000
459 555 0.733333
460 461 5.000000
460 462 -0.600000
460 463 -0.200000
460 464 3.666667
460 556 -1.000000
461 469 0.333333
462 470 1.000000
463 471 -0.333333
464 472 0.733333
465 469 1.000000
465 470 -0.200000
465 471 0.866667
465 472 0.066667
465 561 3.000000
466 469 -0.600000
466 470 0.333333
466 471 -1.000000
466 472 -0.333333
466 562 -0.333333
467 469 -0.600000
467 470 0.866667
467 471 0.466667
467 472 -0.466667
467 563 0.733333
468 469 -0.866667
468 470 0.066667
468 471 0.333333
468 472 -0.333333
468 564 0.200000
469 477 0.066667
470 478 0.733333
471 479 -0.733333
472 480 0.466667
473 477 0.600000
473 478 0.200000
473 479 0.466667
473 480 -0.333333
473 569 0.333333
474 477 -1.000000
474 478 -0.333333
474 479 -0.733333
474 480 0.600000
474 570 -0.600000
475 477 -1.666667
475 478 -0.333333
475 479 -5.000000
475 480 -1.000000
475 571 -0.600000
476 477 0.733333
476 478 -0.333333
476 479 0.466667
476 480 -0.466667
476 572 -0.066667
481 485 -0.333333
481 486 0.600000
481 487 0.200000
481 488 -1.000000
481 577 0.333333
482 485 0.466667
482 486 0.466667
482 487 -0.333333
482 488 0.200000
482 578 -1.000000
483 485 -0.733333
483 486 -0.600000
483 487 0.866667
483 488 1.000000
483 579 -0.866667
484 485 -0.866667
484 486 -0.866667
484 487 0.333333
484 488 0.733333
484 580 0.333333
485 493 0.866667
486 494 0.333333
487 495 0.600000
488 496 -0.600000
489 493 -0.733333
489 494 1.666667
489 495 -0.600000
489 496 0.466667
489 585 -0.466667
490 493 -0.066667
490 494 0.733333
490 495 -0.733333
490 496 1.000000
490 586 0.600000
491 493 1.000000
491 494 1.000000
491 495 -0.866667
491 496 -0.866667
491 587 -0.600000
492 493 -0.866667
492 494 -3.666667
492 495 -1.000000
492 496 0.333333
492 588 1.666667
493 501 0.200000
494 502 -0.466667
495 503 0.733333
496 504 -0.733333
497 501 0.466667
497 502 -0.466667
497 503 0.466667
497 504 0.466667
497 593 -0.466667
498 501 -0.200000
498 502 -0.066667
498 503 -1.000000
498 504 0.866667
498 594 1.000000
499 501 -0.600000
499 502 -3.666667
499 503 0.333333
499 504 -0.466667
499 595 -5.000000
500 501 -0.066667
500 502 -1.000000
500 503 0.066667
500 504 -0.600000
500 596 1.000000
501 509 0.466667
502 510 1.666667
503 511 -0.200000
504 512 1.000000
505 509 0.733333
505 510 0.466667
505 511 -0.333333
505 512 -0.200000
505 601 -0.066667
506 509 -0.333333
506 510 0.866667
506 511 -0.866667
506 512 0.066667
506 602 -0.600000
507 509 -0.466667
507 510 -0.333333
507 511 -1.000000
507 512 0.733333
507 603 0.866667
508 509 0.333333
508 510 -0.333333
508 511 0.733333
508 512 -0.333333
508 604 0.066667
509 517 0.466667
510 518 0.466667
511 519 -0.066667
512 520 -0.333333
513 517 0.866667
513 518 3.000000
513 519 -1.000000
513 520 -0.600000
513 609 -0.600000
514 517 0.200000
514 518 -3.666667
514 519 -0.333333
514 520 -0.733333
514 610 -0.333333
515 517 -0.866667
515 518 0.733333
515 519 -0.333333
515 520 1.000000
515 611 -1.000000
516 517 -0.866667
516 518 -0.200000
516 519 -0.466667
516 520 -0.333333
516 612 0.600000
517 525 -0.066667
518 526 -3.666667
519 527 -0.600000
520 528 1.000000
521 525 0.066667
521 526 0.733333
521 527 -0.066667
521 528 0.733333
521 617 -0.333333
522 525 -0.600000
522 526 -0.866667
522 527 0.066667
522 528 -0.333333
522 618 1.000000
523 525 -0.733333
523 526 1.000000
523 527 0.200000
523 528 1.000000
523 619 0.333333
524 525 -0.333333
524 526 1.000000
524 527 0.466667
524 528 -0.466667
524 620 0.733333
525 533 0.600000
526 534 -0.066667
527 535 -0.600000
528 536 -1.000000
529 533 1.000000
529 534 -0.066667
529 535 -0.333333
529 536 -0.200000
529 625 0.066667
530 533 -0.733333
530 534 0.866667
530 535 1.000000
530 536 0.333333
530 626 -0.066667
531 533 0.600000
531 534 -0.733333
531 535 -0.066667
531 536 0.066667
531 627 1.000000
532 533 1.000000
532 534 -0.200000
532 535 1.000000
532 536 -0.600000
532 628 -0.733333
533 541 -1.000000
534 542 0.733333
535 543 -0.600000
536 544 -0.200000
537 541 -2.333333
537 542 -0.200000
537 543 0.333333
537 544 -4.333333
537 633 0.466667
538 541 1.000000
538 542 -0.333333
538 543 -0.066667
538 544 0.600000
538 634 -1.000000
539 541 -0.466667
539 542 0.200000
539 543 -0.333333
539 544 -0.066667
539 635 0.200000
540 541 0.733333
540 542 -1.000000
540 543 -0.333333
540 544 -0.466667
540 636 0.600000
541 549 0.200000
542 550 -0.200000
543 551 -0.333333
544 552 0.466667
545 549 0.866667
545 550 -1.000000
545 551 0.200000
545 552 0.866667
545 641 0.600000
546 549 1.000000
546 550 0.866667
546 551 0.866667
546 552 -0.333333
546 642 0.066667
547 549 0.200000
547 550 0.466667
547 551 -0.733333
547 552 -1.000000
547 643 0.600000
548 549 -0.866667
548 550 1.000000
548 551 0.333333
548 552 -0.866667
548 644 -0.600000
549 557 -0.600000
550 558 0.466667
551 559 -0.066667
552 560 -0.200000
553 557 -0.733333
553 558 -0.733333
553 559 -0.066667
553 560 0.200000
553 649 0.200000
554 557 1.000000
554 558 -0.733333
554 559 0.066667
554 560 -0.066667
554 650 0.200000
555 557 -0.066667
555 558 0.200000
555 559 -0.066667
555 560 -0.066667
555 651 -1.000000
556 557 0.600000
556 558 1.000000
556 559 0.466667
556 560 -0.600000
556 652 -0.466667
557 565 0.066667
558 566 0.600000
559 567 0.066667
560 568 0.066667
561 565 2.333333
561 566 -0.333333
561 567 0.600000
561 568 -3.666667
561 657 0.200000
562 565 -1.000000
562 566 -0.333333
562 567 -0.866667
562 568 -1.000000
562 658 -0.600000
563 565 -0.733333
563 566 1.000000
563 567 -1.000000
563 568 -1.000000
563 659 -0.066667
564 565 0.600000
564 566 0.066667
564 567 -0.733333
564 568 -1.000000
564 660 0.333333
565 573 0.600000
566 574 -0.733333
567 575 0.600000
568 576 0.066667
569 573 0.866667
569 574 -0.866667
569 575 -0.333333
569 576 -1.000000
569 665 1.000000
570 573 0.200000
570 574 -0.200000
570 575 -0.866667
570 576 -0.466667
570 666 0.600000
571 573 0.733333
571 574 0.733333
571 575 0.866667
571 576 -0.333333
571 667 0.066667
572 573 0.466667
572 574 0.333333
572 575 -0.333333
572 576 0.866667
572 668 1.000000
577 581 -1.000000
577 582 -1.000000
577 583 3.000000
577 584 -0.200000
577 673 -1.000000
578 581 0.333333
578 582 0.733333
578 583 -0.066667
578 584 0.866667
578 674 -1.000000
579 581 0.066667
579 582 0.333333
579 583 0.066667
579 584 -0.200000
579 675 0.066667
580 581 -0.866667
580 582 0.733333
580 583 0.066667
580 584 -0.200000
580 676 0.600000
581 589 1.000000
582 590 -0.733333
583 591 0.333333
584 592 -0.333333
585 589 -0.733333
585 590 -0.866667
585 591 0.733333
585 592 1.000000
585 681 0.333333
586 589 -5.000000
586 590 -0.066667
586 591 0.733333
586 592 -0.466667
586 682 -0.333333
587 589 -1.000000
587 590 -0.600000
587 591 -3.000000
587 592 -1.000000
587 683 1.000000
588 589 0.200000
588 590 5.000000
588 591 -0.200000
588 592 0.200000
588 684 -3.000000
589 597 1.666667
590 598 -0.600000
591 599 -0.600000
592 600 0.200000
593 597 -0.466667
593 598 -0.466667
593 599 0.333333
593 600 1.000000
593 689 0.200000
594 597 -0.066667
594 598 0.066667
594 599 -0.733333
594 600 0.333333
594 690 -0.866667
595 597 0.466667
595 598 1.000000
595 599 -0.600000
595 600 0.733333
595 691 -0.733333
596 597 0.066667
596 598 0.600000
596 599 0.066667
596 600 -0.466667
596 692 -0.600000
597 605 -2.333333
598 606 -0.733333
599 607 0.600000
600 608 0.733333
601 605 0.200000
601 606 0.066667
601 607 0.733333
601 608 -1.000000
601 697 0.733333
602 605 0.333333
602 606 0.200000
602 607 0.600000
602 608 -0.066667
602 698 0.333333
603 605 -0.066667
603 606 0.333333
603 607 -0.466667
603 608 -0.600000
603 699 -0.333333
604 605 0.066667
604 606 -0.466667
604 607 0.600000
604 608 -0.200000
604 700 -0.866667
605 613 1.000000
606 614 -0.200000
607 615 -0.066667
608 616 0.600000
609 613 1.000000
609 614 0.466667
609 615 -0.733333
609 616 0.066667
609 705 0.733333
610 613 -1.000000
610 614 -0.066667
610 615 -1.000000
610 616 1.000000
610 706 0.200000
611 613 -0.600000
611 614 -0.333333
611 615 -0.066667
611 616 0.866667
611 707 0.466667
612 613 -1.000000
612 614 -0.333333
612 615 -0.066667
612 616 0.600000
612 708 -0.333333
613 621 -0.333333
614 622 -0.866667
615 623 -0.333333
616 624 -0.200000
617 621 -0.733333
617 622 1.000000
617 623 -3.666667
617 624 -0.466667
617 713 0.600000
618 621 -0.066667
618 622 -3.000000
618 623 -0.066667
618 624 0.066667
618 714 0.200000
619 621 -0.733333
619 622 -1.000000
619 623 0.866667
619 624 1.000000
619 715 -0.333333
620 621 1.000000
620 622 0.333333
620 623 -0.600000
620 624 -0.333333
620 716 -0.066667
621 629 -0.866667
622 630 -0.600000
623 631 -5.000000
624 632 -0.466667
625 629 -4.333333
625 630 0.600000
625 631 0.866667
625 632 -0.066667
625 721 -3.666667
626 629 -0.866667
626 630 0.066667
626 631 -0.333333
626 632 -0.066667
626 722 -0.066667
627 629 -0.200000
627 630 -1.000000
627 631 -0.066667
627 632 0.866667
627 723 1.000000
628 629 0.600000
628 630 0.200000
628 631 -0.866667
628 632 -0.866667
628 724 -4.333333
629 637 -0.333333
630 638 -0.066667
631 639 -0.466667
632 640 -0.866667
633 637 0.600000
633 638 0.866667
633 639 0.333333
633 640 -1.000000
633 729 0.333333
634 637 0.733333
634 638 -0.866667
634 639 -1.000000
634 640 0.200000
634 730 1.000000
635 637 -0.466667
635 638 -1.000000
635 639 0.066667
635 640 0.066667
635 731 -0.333333
636 637 0.333333
636 638 0.600000
636 639 -0.333333
636 640 -1.000000
636 732 -0.066667
637 645 0.066667
638 646 -0.733333
639 647 -0.066667
640 648 -0.600000
641 645 -0.733333
641 646 -0.066667
641 647 -0.866667
641 648 0.733333
641 737 0.866667
642 645 0.200000
642 646 -4.333333
642 647 -0.333333
642 648 -1.000000
642 738 -0.333333
643 645 0.333333
643 646 -0.600000
643 647 0.200000
643 648 -0.466667
643 739 -1.000000
644 645 0.600000
644 646 -0.866667
644 647 -0.866667
644 648 0.866667
644 740 0.733333
645 653 0.333333
646 654 2.333333
647 655 -1.000000
648 656 -0.200000
649 653 0.466667
649 654 -1.666667
649 655 0.600000
649 656 1.000000
649 745 -0.733333
650 653 -1.000000
650 654 -0.600000
650 655 0.733333
650 656 0.466667
650 746 0.600000
651 653 -0.600000
651 654 1.666667
651 655 -0.866667
651 656 0.333333
651 747 -0.466667
652 653 0.600000
652 654 0.066667
652 655 0.333333
652 656 -1.000000
652 748 -0.200000
653 661 -0.200000
654 662 0.466667
655 663 0.200000
656 664 -2.333333
657 661 0.866667
657 662 0.866667
657 663 0.066667
657 664 0.866667
657 753 -0.866667
658 661 0.200000
658 662 -1.000000
658 663 -3.000000
658 664 -1.666667
658 754 -1.000000
659 661 0.066667
659 662 0.733333
659 663 0.066667
659 664 1.000000
659 755 -0.600000
660 661 -0.866667
660 662 -0.600000
660 663 0.866667
660 664 0.333333
660 756 -0.600000
661 669 0.466667
662 670 -0.600000
663 671 0.200000
664 672 -0.733333
665 669 -0.733333
665 670 -0.600000
665 671 1.000000
665 672 -0.066667
665 761 0.466667
666 669 0.066667
666 670 0.200000
666 671 0.200000
666 672 -0.333333
666 762 0.200000
667 669 -0.466667
667 670 -0.200000
667 671 0.733333
667 672 -0.066667
667 763 0.600000
668 669 1.000000
668 670 1.000000
668 671 0.333333
668 672 0.600000
668 764 0.333333
673 677 -0.333333
673 678 -5.000000
673 679 1.000000
673 680 0.866667
673 769 0.733333
674 677 -0.600000
674 678 -0.466667
674 679 -0.733333
674 680 1.000000
674 770 -1.000000
675 677 -0.466667
675 678 5.000000
675 679 -0.466667
675 680 -0.333333
675 771 0.466667
676 677 1.000000
676 678 3.000000
676 679 -1.666667
676 680 0.600000
676 772 0.066667
677 685 0.733333
678 686 -2.333333
679 687 -0.466667
680 688 -5.000000
681 685 -0.066667
681 686 0.333333
681 687 0.066667
681 688 -3.000000
681 777 -3.000000
682 685 0.466667
682 686 0.066667
682 687 -0.866667
682 688 0.066667
682 778 -0.200000
683 685 -4.333333
683 686 0.866667
683 687 -3.000000
683 688 2.333333
683 779 -0.733333
684 685 0.600000
684 686 0.333333
684 687 -0.333333
684 688 -0.333333
684 780 -0.333333
685 693 0.733333
686 694 0.733333
687 695 0.333333
688 696 -2.333333
689 693 0.466667
689 694 -0.333333
689 695 -0.333333
689 696 -0.866667
689 785 1.000000
690 693 -0.066667
690 694 0.066667
690 695 0.466667
690 696 0.600000
690 786 0.200000
691 693 -0.466667
691 694 0.066667
691 695 5.000000
691 696 1.000000
691 787 -3.000000
692 693 -0.333333
692 694 1.000000
692 695 0.333333
692 696 0.333333
692 788 -0.866667
693 701 0.466667
694 702 0.333333
695 703 4.333333
696 704 -1.000000
697 701 -0.200000
697 702 0.333333
697 703 0.333333
697 704 -0.733333
697 793 0.200000
698 701 -1.000000
698 702 0.733333
698 703 -0.866667
698 704 0.733333
698 794 -0.066667
699 701 0.866667
699 702 0.200000
699 703 3.000000
699 704 -0.733333
699 795 0.333333
700 701 0.200000
700 702 0.866667
700 703 0.200000
700 704 1.000000
700 796 -0.333333
701 709 -0.466667
702 710 -1.000000
703 711 -0.600000
704 712 0.866667
705 709 -0.466667
705 710 -0.733333
705 711 0.733333
705 712 -0.733333
705 801 0.866667
706 709 -0.200000
706 710 -0.733333
706 711 0.466667
706 712 -0.066667
706 802 1.000000
707 709 -0.733333
707 710 -0.866667
707 711 0.866667
707 712 -0.333333
707 803 -0.066667
708 709 0.466667
708 710 1.000000
708 711 1.000000
708 712 -0.333333
708 804 0.866667
709 717 -0.466667
710 718 -0.600000
711 719 0.333333
712 720 -3.000000
713 717 -0.733333
713 718 0.066667
713 719 -0.066667
713 720 1.000000
713 809 -0.733333
714 717 0.466667
714 718 -0.600000
714 719 0.333333
714 720 1.000000
714 810 0.866667
715 717 -0.333333
715 718 -0.466667
715 719 -0.600000
715 720 0.600000
715 811 -0.600000
716 717 2.333333
716 718 0.466667
716 719 -0.866667
716 720 4.333333
716 812 0.866667
717 725 0.600000
718 726 1.000000
719 727 -1.000000
720 728 0.733333
721 725 0.200000
721 726 0.066667
721 727 0.333333
721 728 1.000000
721 817 0.333333
722 725 -0.733333
722 726 1.000000
722 727 -0.200000
722 728 0.333333
722 818 1.000000
723 725 0.200000
723 726 -0.600000
723 727 -0.200000
723 728 -0.066667
723 819 -0.866667
724 725 -0.733333
724 726 -3.666667
724 727 -3.666667
724 728 3.666667
724 820 0.866667
725 733 -0.066667
726 734 0.200000
727 735 -0.866667
728 736 4.333333
729 733 0.333333
729 734 0.600000
729 735 1.000000
729 736 1.000000
729 825 0.600000
730 733 -0.066667
730 734 -0.200000
730 735 0.600000
730 736 -0.333333
730 826 -1.000000
731 733 -1.000000
731 734 -0.066667
731 735 0.733333
731 736 1.000000
731 827 -0.200000
732 733 -0.733333
732 734 0.600000
732 735 -0.200000
732 736 -0.466667
732 828 -0.866667
733 741 0.200000
734 742 0.066667
735 743 -0.733333
736 744 0.200000
737 741 0.733333
737 742 0.866667
737 743 -0.733333
737 744 0.466667
737 833 0.333333
738 741 -0.466667
738 742 -0.200000
738 743 0.733333
738 744 0.866667
738 834 0.200000
739 741 0.200000
739 742 -0.333333
739 743 -1.000000
739 744 0.466667
739 835 0.200000
740 741 0.600000
740 742 0.333333
740 743 0.600000
740 744 -0.866667
740 836 -0.200000
741 749 -0.200000
742 750 -0.866667
743 751 0.466667
744 752 0.333333
745 749 -0.466667
745 750 -3.000000
745 751 -3.666667
745 752 1.000000
745 841 0.466667
746 749 -0.733333
746 750 -0.333333
746 751 -0.333333
746 752 -0.866667
746 842 -0.733333
747 749 1.000000
747 750 -0.066667
747 751 0.066667
747 752 0.600000
747 843 0.866667
748 749 0.733333
748 750 -1.000000
748 751 0.333333
748 752 -0.600000
748 844 -0.333333
749 757 0.600000
750 758 2.333333
751 759 -0.866667
752 760 0.600000
753 757 -0.066667
753 758 0.200000
753 759 0.866667
753 760 -0.066667
753 849 0.466667
754 757 0.066667
754 758 -0.333333
754 759 0.200000
754 760 -0.600000
754 850 0.866667
755 757 1.000000
755 758 0.733333
755 759 0.466667
755 760 -0.200000
755 851 -1.000000
756 757 -0.733333
756 758 -0.733333
756 759 0.066667
756 760 1.000000
756 852 -0.066667
757 765 -0.066667
758 766 -0.066667
759 767 -0.733333
760 768 0.333333
761 765 -0.466667
761 766 0.466667
761 767 0.200000
761 768 -0.200000
761 857 -0.866667
762 765 -0.866667
762 766 -0.600000
762 767 0.866667
762 768 -0.466667
762 858 -0.733333
763 765 -0.333333
763 766 1.000000
763 767 -0.333333
763 768 -0.066667
763 859 -0.866667
764 765 0.066667
764 766 0.333333
764 767 0.333333
764 768 -0.466667
764 860 0.066667
769 773 0.733333
769 774 0.333333
769 775 0.466667
769 776 0.200000
769 865 0.333333
770 773 -0.866667
770 774 -0.600000
770 775 -0.200000
770 776 -0.333333
770 866 0.733333
771 773 -0.333333
771 774 -0.600000
771 775 0.333333
771 776 -1.000000
771 867 0.066667
772 773 0.333333
772 774 -0.200000
772 775 -0.200000
772 776 -1.000000
772 868 0.466667
773 781 4.333333
774 782 2.333333
775 783 -0.866667
776 784 0.466667
777 781 1.000000
777 782 -4.333333
777 783 0.600000
777 784 -0.600000
777 873 -0.733333
778 781 0.866667
778 782 0.733333
778 783 4.333333
778 784 -0.200000
778 874 0.066667
779 781 4.333333
779 782 -2.333333
779 783 0.066667
779 784 0.200000
779 875 3.666667
780 781 0.733333
780 782 -3.000000
780 783 1.666667
780 784 0.466667
780 876 0.200000
781 789 1.666667
782 790 4.333333
783 791 0.600000
784 792 -0.066667
785 789 0.600000
785 790 0.333333
785 791 -0.866667
785 792 1.000000
785 881 -0.200000
786 789 0.866667
786 790 0.066667
786 791 0.066667
786 792 -0.600000
786 882 -0.466667
787 789 -1.000000
787 790 2.333333
787 791 -0.600000
787 792 1.000000
787 883 5.000000
788 789 0.466667
788 790 -0.200000
788 791 -0.333333
788 792 0.466667
788 884 -1.000000
789 797 -0.866667
790 798 1.666667
791 799 -0.600000
792 800 1.000000
793 797 0.600000
793 798 1.000000
793 799 -0.466667
793 800 0.200000
793 889 -0.733333
794 797 0.866667
794 798 0.066667
794 799 -0.733333
794 800 -1.000000
794 890 -0.466667
795 797 -1.000000
795 798 1.000000
795 799 0.600000
795 800 -0.066667
795 891 -0.066667
796 797 -0.333333
796 798 0.333333
796 799 -3.000000
796 800 0.333333
796 892 3.666667
797 805 -0.466667
798 806 3.000000
799 807 1.000000
800 808 -0.200000
801 805 0.466667
801 806 -1.000000
801 807 0.733333
801 808 0.600000
801 897 -3.666667
802 805 0.200000
802 806 -0.200000
802 807 0.066667
802 808 -0.200000
802 898 0.333333
803 805 0.200000
803 806 -0.333333
803 807 1.000000
803 808 0.733333
803 899 -0.466667
804 805 -0.066667
804 806 -0.066667
804 807 -0.866667
804 808 1.000000
804 900 -2.333333
805 813 -1.000000
806 814 4.333333
807 815 -1.000000
808 816 -0.333333
809 813 -0.466667
809 814 0.866667
809 815 -0.866667
809 816 0.200000
809 905 0.733333
810 813 0.866667
810 814 -0.200000
810 815 -0.866667
810 816 -0.466667
810 906 0.200000
811 813 0.200000
811 814 5.000000
811 815 -0.066667
811 816 -0.733333
811 907 3.666667
812 813 0.866667
812 814 0.866667
812 815 0.066667
812 816 0.733333
812 908 -0.333333
813 821 -1.000000
814 822 0.466667
815 823 -0.200000
816 824 0.200000
817 821 -0.600000
817 822 -0.733333
817 823 -0.733333
817 824 -0.200000
817 913 -0.333333
818 821 -0.866667
818 822 0.600000
818 823 3.666667
818 824 -0.333333
818 914 -0.466667
819 821 0.600000
819 822 -0.066667
819 823 0.466667
819 824 0.866667
819 915 -0.733333
820 821 -0.066667
820 822 -0.466667
820 823 0.733333
820 824 0.200000
820 916 -0.333333
821 829 -0.200000
822 830 1.000000
823 831 0.066667
824 832 0.066667
825 829 0.733333
825 830 -0.733333
825 831 -0.866667
825 832 1.000000
825 921 -0.200000
826 829 -0.333333
826 830 -0.866667
826 831 -0.866667
826 832 -0.600000
826 922 -1.000000
827 829 0.600000
827 830 0.200000
827 831 0.600000
827 832 0.200000
827 923 -0.866667
828 829 -0.066667
828 830 0.466667
828 831 0.866667
828 832 -0.066667
828 924 -0.333333
829 837 -1.666667
830 838 -0.733333
831 839 -0.333333
832 840 0.333333
833 837 -0.333333
833 838 0.333333
833 839 -0.733333
833 840 0.066667
833 929 -4.333333
834 837 -0.866667
834 838 0.333333
834 839 -0.866667
834 840 -0.466667
834 930 4.333333
835 837 0.600000
835 838 -5.000000
835 839 0.600000
835 840 0.333333
835 931 1.000000
836 837 0.733333
836 838 1.000000
836 839 -0.600000
836 840 -0.200000
836 932 0.466667
837 845 0.066667
838 846 0.866667
839 847 -1.000000
840 848 0.466667
841 845 -0.333333
841 846 0.466667
841 847 -0.733333
841 848 -3.666667
841 937 3.000000
842 845 -0.466667
842 846 0.466667
842 847 0.066667
842 848 -1.000000
842 938 -0.466667
843 845 0.600000
843 846 0.466667
843 847 0.600000
843 848 0.866667
843 939 0.066667
844 845 0.200000
844 846 -0.333333
844 847 0.066667
844 848 0.200000
844 940 0.733333
845 853 3.000000
846 854 0.066667
847 855 0.866667
848 856 0.733333
849 853 -2.333333
849 854 1.000000
849 855 0.200000
849 856 0.733333
849 945 -0.733333
850 853 1.000000
850 854 -5.000000
850 855 -0.333333
850 856 0.200000
850 946 -3.000000
851 853 1.000000
851 854 4.333333
851 855 1.000000
851 856 -0.066667
851 947 -0.333333
852 853 1.000000
852 854 0.333333
852 855 1.000000
852 856 1.000000
852 948 -0.200000
853 861 -0.333333
854 862 -0.600000
855 863 -0.333333
856 864 0.466667
857 861 0.733333
857 862 -0.333333
857 863 -0.466667
857 864 0.733333
857 953 1.000000
858 861 0.066667
858 862 0.600000
858 863 0.733333
858 864 -0.600000
858 954 -0.733333
859 861 -0.200000
859 862 0.466667
859 863 -0.866667
859 864 -0.866667
859 955 -0.866667
860 861 0.200000
860 862 0.066667
860 863 -0.200000
860 864 0.066667
860 956 0.200000
865 869 0.333333
865 870 1.000000
865 871 0.333333
865 872 -0.333333
865 961 -0.333333
866 869 -0.466667
866 870 -0.333333
866 871 0.466667
866 872 0.200000
866 962 -0.333333
867 869 -0.466667
867 870 -0.066667
867 871 0.466667
867 872 -0.200000
867 963 0.733333
868 869 -0.466667
868 870 -1.000000
868 871 0.200000
868 872 -0.200000
868 964 0.066667
869 877 0.733333
870 878 -1.000000
871 879 -0.466667
872 880 -0.200000
873 877 0.733333
873 878 5.000000
873 879 -0.600000
873 880 -0.333333
873 969 0.066667
874 877 -0.066667
874 878 0.200000
874 879 -0.600000
874 880 -0.200000
874 970 0.333333
875 877 -0.866667
875 878 -1.666667
875 879 -0.733333
875 880 0.733333
875 971 0.466667
876 877 -0.600000
876 878 -5.000000
876 879 1.000000
876 880 -1.000000
876 972 0.733333
877 885 -0.600000
878 886 -1.000000
879 887 0.066667
880 888 -1.000000
881 885 -0.866667
881 886 -0.200000
881 887 -0.733333
881 888 -1.000000
881 977 0.066667
882 885 -0.333333
882 886 0.600000
882 887 0.066667
882 888 -0.066667
882 978 0.066667
883 885 1.000000
883 886 -0.333333
883 887 -0.733333
883 888 -1.000000
883 979 -2.333333
884 885 -0.066667
884 886 1.666667
884 887 -0.733333
884 888 -1.000000
884 980 0.600000
885 893 -0.866667
886 894 -3.000000
887 895 -1.000000
888 896 0.333333
889 893 -1.000000
889 894 -0.466667
889 895 0.200000
889 896 -3.666667
889 985 0.333333
890 893 -1.000000
890 894 1.666667
890 895 -0.600000
890 896 0.333333
890 986 0.866667
891 893 -2.333333
891 894 -0.333333
891 895 0.066667
891 896 0.466667
891 987 0.466667
892 893 -0.333333
892 894 -0.600000
892 895 0.733333
892 896 0.066667
892 988 0.066667
893 901 0.600000
894 902 -1.000000
895 903 0.200000
896 904 -0.200000
897 901 -0.066667
897 902 -4.333333
897 903 -0.200000
897 904 0.200000
897 993 -0.200000
898 901 0.600000
898 902 -1.000000
898 903 0.466667
898 904 0.200000
898 994 0.600000
899 901 1.000000
899 902 1.000000
899 903 -1.000000
899 904 -0.333333
899 995 -0.733333
900 901 -0.866667
900 902 -0.866667
900 903 0.466667
900 904 -0.466667
900 996 -0.600000
901 909 0.066667
902 910 -0.200000
903 911 0.333333
904 912 -0.600000
905 909 0.066667
905 910 0.200000
905 911 -0.600000
905 912 -0.333333
905 1001 0.200000
906 909 -0.200000
906 910 -5.000000
906 911 0.333333
906 912 0.200000
906 1002 -2.333333
907 909 -1.000000
907 910 -0.200000
907 911 -0.733333
907 912 0.066667
907 1003 -2.333333
908 909 0.066667
908 910 -0.600000
908 911 0.066667
908 912 0.733333
908 1004 0.333333
909 917 0.866667
910 918 2.333333
911 919 -0.733333
912 920 0.733333
913 917 -0.600000
913 918 -0.066667
913 919 -0.466667
913 920 0.066667
913 1009 -0.866667
914 917 -0.733333
914 918 -3.000000
914 919 -1.000000
914 920 0.066667
914 1010 0.200000
915 917 -0.200000
915 918 -0.733333
915 919 -0.333333
915 920 -1.000000
915 1011 -0.733333
916 917 0.466667
916 918 0.866667
916 919 -0.333333
916 920 -1.000000
916 1012 1.000000
917 925 -0.600000
918 926 -0.066667
919 927 0.733333
920 928 0.466667
921 925 0.333333
921 926 0.600000
921 927 0.333333
921 928 4.333333
921 1017 -5.000000
922 925 -1.000000
922 926 -0.600000
922 927 0.866667
922 928 0.066667
922 1018 -0.600000
923 925 -0.466667
923 926 0.066667
923 927 -0.866667
923 928 -0.333333
923 1019 -0.600000
924 925 -0.866667
924 926 -0.733333
924 927 0.600000
924 928 0.866667
924 1020 0.333333
925 933 -0.066667
926 934 -1.000000
927 935 -0.600000
928 936 -0.066667
929 933 0.066667
929 934 -0.600000
929 935 -1.000000
929 936 -0.333333
929 1025 -0.466667
930 933 -0.333333
930 934 -0.733333
930 935 0.200000
930 936 0.733333
930 1026 -0.466667
931 933 0.333333
931 934 -0.733333
931 935 0.600000
931 936 0.466667
931 1027 -0.333333
932 933 0.466667
932 934 0.200000
932 935 -0.866667
932 936 -1.000000
932 1028 -0.200000
933 941 -1.000000
934 942 0.466667
935 943 0.333333
936 944 0.733333
937 941 -1.000000
937 942 0.600000
937 943 0.600000
937 944 0.733333
937 1033 -0.866667
938 941 -0.200000
938 942 -0.733333
938 943 0.866667
938 944 3.666667
938 1034 -1.000000
939 941 0.466667
939 942 0.733333
939 943 -0.200000
939 944 -1.000000
939 1035 -0.733333
940 941 0.466667
940 942 0.733333
940 943 3.666667
940 944 -0.466667
940 1036 -0.600000
941 949 0.200000
942 950 0.866667
943 951 -0.866667
944 952 -0.466667
945 949 -0.333333
945 950 0.600000
945 951 -0.066667
945 952 0.200000
945 1041 0.733333
946 949 0.600000
946 950 0.466667
946 951 1.000000
946 952 0.200000
946 1042 -3.666667
947 949 0.066667
947 950 0.200000
947 951 -0.866667
947 952 0.866667
947 1043 0.600000
948 949 0.066667
948 950 -0.200000
948 951 1.000000
948 952 1.000000
948 1044 -3.000000
949 957 0.333333
950 958 1.000000
951 959 1.000000
952 960 -0.333333
953 957 -0.466667
953 958 -0.733333
953 959 0.866667
953 960 -0.200000
953 1049 0.600000
954 957 0.200000
954 958 -0.200000
954 959 0.066667
954 960 1.666667
954 1050 0.733333
955 957 0.733333
955 958 -0.733333
955 959 -0.600000
955 960 0.333333
955 1051 0.200000
956 957 0.333333
956 958 -0.866667
956 959 0.600000
956 960 -1.000000
956 1052 -0.200000
961 965 1.000000
961 966 -0.200000
961 967 0.200000
961 968 1.666667
961 1057 3.666667
962 965 1.000000
962 966 -2.333333
962 967 0.333333
962 968 3.666667
962 1058 -0.333333
963 965 0.866667
963 966 0.733333
963 967 -0.466667
963 968 1.000000
963 1059 5.000000
964 965 0.600000
964 966 -0.333333
964 967 -2.333333
964 968 0.333333
964 1060 -3.666667
965 973 -0.333333
966 974 -0.200000
967 975 -0.733333
968 976 -0.200000
969 973 0.333333
969 974 1.000000
969 975 0.600000
969 976 0.866667
969 1065 -3.000000
970 973 0.733333
970 974 0.200000
970 975 3.666667
970 976 -0.866667
970 1066 5.000000
971 973 0.733333
971 974 -0.066667
971 975 0.600000
971 976 -2.333333
971 1067 0.333333
972 973 0.200000
972 974 0.600000
972 975 -0.600000
972 976 -1.000000
972 1068 -0.200000
973 981 0.066667
974 982 0.866667
975 983 0.733333
976 984 -0.866667
977 981 -0.866667
977 982 -0.200000
977 983 -0.333333
977 984 -0.200000
977 1073 0.733333
978 981 0.866667
978 982 0.733333
978 983 -0.066667
978 984 0.066667
978 1074 1.000000
979 981 -0.466667
979 982 0.066667
979 983 0.733333
979 984 0.866667
979 1075 0.733333
980 981 -0.600000
980 982 0.066667
980 983 0.066667
980 984 0.333333
980 1076 0.200000
981 989 -0.866667
982 990 0.466667
983 991 -0.600000
984 992 0.200000
985 989 -0.200000
985 990 1.000000
985 991 0.066667
985 992 0.733333
985 1081 0.733333
986 989 0.733333
986 990 -0.866667
986 991 1.000000
986 992 -0.866667
986 1082 -0.333333
987 989 -0.866667
987 990 -0.066667
987 991 0.466667
987 992 -0.733333
987 1083 -0.600000
988 989 -0.733333
988 990 -1.000000
988 991 0.466667
988 992 0.066667
988 1084 -1.000000
989 997 0.066667
990 998 -0.066667
991 999 0.200000
992 1000 1.000000
993 997 0.866667
993 998 -1.000000
993 999 0.600000
993 1000 0.333333
993 1089 -0.466667
994 997 -0.733333
994 998 -0.466667
994 999 -0.466667
994 1000 -0.866667
994 1090 0.066667
995 997 0.733333
995 998 -0.733333
995 999 1.000000
995 1000 -0.466667
995 1091 -0.200000
996 997 0.866667
996 998 -0.466667
996 999 0.733333
996 1000 -0.466667
996 1092 0.466667
997 1005 0.733333
998 1006 -0.600000
999 1007 2.333333
1000 1008 -0.866667
1001 1005 3.666667
1001 1006 1.666667
1001 1007 -0.066667
1001 1008 0.200000
1001 1097 -1.000000
1002 1005 2.333333
1002 1006 -0.200000
1002 1007 0.333333
1002 1008 -0.733333
1002 1098 0.866667
1003 1005 -0.333333
1003 1006 0.600000
1003 1007 0.333333
1003 1008 -4.333333
1003 1099 1.000000
1004 1005 -1.000000
1004 1006 0.466667
1004 1007 -3.666667
1004 1008 -0.733333
1004 1100 0.200000
1005 1013 0.200000
1006 1014 0.866667
1007 1015 0.200000
1008 1016 0.866667
1009 1013 0.600000
1009 1014 -0.466667
1009 1015 -0.466667
1009 1016 -0.200000
1009 1105 0.200000
1010 1013 -0.733333
1010 1014 0.200000
1010 1015 0.733333
1010 1016 0.600000
1010 1106 -1.000000
1011 1013 0.866667
1011 1014 -0.466667
1011 1015 -0.200000
1011 1016 -1.666667
1011 1107 -2.333333
1012 1013 0.333333
1012 1014 -0.733333
1012 1015 0.866667
1012 1016 0.066667
1012 1108 1.000000
1013 1021 -0.866667
1014 1022 -1.000000
1015 1023 -0.333333
1016 1024 -0.733333
1017 1021 5.000000
1017 1022 0.066667
1017 1023 -4.333333
1017 1024 -0.733333
1017 1113 0.333333
1018 1021 1.666667
1018 1022 -0.333333
1018 1023 -0.600000
1018 1024 0.866667
1018 1114 0.733333
1019 1021 -0.600000
1019 1022 0.733333
1019 1023 -0.200000
1019 1024 0.066667
1019 1115 -0.200000
1020 1021 0.466667
1020 1022 -1.000000
1020 1023 0.600000
1020 1024 0.600000
1020 1116 -1.000000
1021 1029 1.666667
1022 1030 -0.066667
1023 1031 -3.666667
1024 1032 4.333333
1025 1029 -0.733333
1025 1030 -0.600000
1025 1031 -2.333333
1025 1032 1.000000
1025 1121 0.200000
1026 1029 0.333333
1026 1030 0.600000
1026 1031 0.333333
1026 1032 0.733333
1026 1122 -0.733333
1027 1029 -0.466667
1027 1030 0.333333
1027 1031 -1.000000
1027 1032 0.866667
1027 1123 0.333333
1028 1029 -1.000000
1028 1030 -0.333333
1028 1031 -1.000000
1028 1032 1.000000
1028 1124 -1.000000
1029 1037 1.000000
1030 1038 0.733333
1031 1039 0.466667
1032 1040 -0.200000
1033 1037 0.333333
1033 1038 0.066667
1033 1039 0.733333
1033 1040 -1.000000
1033 1129 0.600000
1034 1037 0.466667
1034 1038 -0.600000
1034 1039 -0.333333
1034 1040 -0.866667
1034 1130 0.866667
1035 1037 -0.333333
1035 1038 0.866667
1035 1039 -0.466667
1035 1040 -0.200000
1035 1131 -1.000000
1036 1037 -1.000000
1036 1038 0.466667
1036 1039 0.866667
1036 1040 0.733333
1036 1132 0.066667
1037 1045 0.333333
1038 1046 -0.466667
1039 1047 -1.000000
1040 1048 -0.733333
1041 1045 -0.066667
1041 1046 0.866667
1041 1047 -0.733333
1041 1048 -0.600000
1041 1137 -0.466667
1042 1045 -0.466667
1042 1046 -2.333333
1042 1047 3.000000
1042 1048 -1.000000
1042 1138 0.333333
1043 1045 0.600000
1043 1046 -2.333333
1043 1047 -0.066667
1043 1048 0.200000
1043 1139 1.666667
1044 1045 0.066667
1044 1046 -1.000000
1044 1047 0.733333
1044 1048 0.200000
1044 1140 -0.333333
1045 1053 -0.200000
1046 1054 -0.600000
1047 1055 -0.600000
1048 1056 -4.333333
1049 1053 -5.000000
1049 1054 -0.866667
1049 1055 -0.066667
1049 1056 0.200000
1049 1145 -0.200000
1050 1053 -4.333333
1050 1054 -0.333333
1050 1055 1.000000
1050 1056 1.000000
1050 1146 0.200000
1051 1053 0.733333
1051 1054 -0.866667
1051 1055 -0.466667
1051 1056 -0.333333
1051 1147 1.000000
1052 1053 0.733333
1052 1054 -0.733333
1052 1055 1.000000
1052 1056 1.666667
1052 1148 0.333333
1057 1061 -3.000000
1057 1062 -1.000000
1057 1063 -0.733333
1057 1064 0.333333
1058 1061 -3.666667
1058 1062 0.200000
1058 1063 -1.000000
1058 1064 5.000000
1059 1061 -0.600000
1059 1062 1.666667
1059 1063 0.200000
1059 1064 -0.066667
1060 1061 1.666667
1060 1062 4.333333
1060 1063 -5.000000
1060 1064 -0.066667
1061 1069 1.000000
1062 1070 1.000000
1063 1071 -1.000000
1064 1072 0.466667
1065 1069 1.000000
1065 1070 -0.200000
1065 1071 0.866667
1065 1072 3.000000
1066 1069 1.666667
1066 1070 -0.733333
1066 1071 0.733333
1066 1072 -0.333333
1067 1069 1.666667
1067 1070 -0.866667
1067 1071 2.333333
1067 1072 0.733333
1068 1069 -0.066667
1068 1070 0.866667
1068 1071 -0.466667
1068 1072 1.000000
1069 1077 4.333333
1070 1078 0.466667
1071 1079 0.066667
1072 1080 -0.066667
1073 1077 0.600000
1073 1078 -0.600000
1073 1079 -0.333333
1073 1080 1.000000
1074 1077 0.466667
1074 1078 0.733333
1074 1079 0.200000
1074 1080 -0.066667
1075 1077 -0.733333
1075 1078 -1.000000
1075 1079 -1.000000
1075 1080 0.600000
1076 1077 -0.466667
1076 1078 0.200000
1076 1079 -3.000000
1076 1080 0.333333
1077 1085 0.733333
1078 1086 -0.600000
1079 1087 -1.000000
1080 1088 0.333333
1081 1085 0.066667
1081 1086 -0.866667
1081 1087 -1.000000
1081 1088 0.066667
1082 1085 -0.600000
1082 1086 0.866667
1082 1087 1.000000
1082 1088 0.333333
1083 1085 0.333333
1083 1086 -0.466667
1083 1087 0.600000
1083 1088 0.866667
1084 1085 -1.000000
1084 1086 1.000000
1084 1087 0.466667
1084 1088 -0.200000
1085 1093 0.333333
1086 1094 -0.466667
1087 1095 -0.466667
1088 1096 -0.600000
1089 1093 0.200000
1089 1094 -0.600000
1089 1095 0.333333
1089 1096 1.000000
1090 1093 0.466667
1090 1094 -0.200000
1090 1095 -0.600000
1090 1096 0.733333
1091 1093 -1.000000
1091 1094 0.600000
1091 1095 -0.200000
1091 1096 0.066667
1092 1093 1.000000
1092 1094 -0.466667
1092 1095 0.333333
1092 1096 -0.600000
1093 1101 0.466667
1094 1102 -0.466667
1095 1103 0.466667
1096 1104 -0.866667
1097 1101 0.333333
1097 1102 -0.066667
1097 1103 1.000000
1097 1104 -0.333333
1098 1101 -0.066667
1098 1102 -0.333333
1098 1103 -1.000000
1098 1104 0.066667
1099 1101 0.466667
1099 1102 -0.733333
1099 1103 0.866667
1099 1104 -0.066667
1100 1101 -0.600000
1100 1102 -0.600000
1100 1103 0.866667
1100 1104 -0.866667
1101 1109 0.733333
1102 1110 -0.733333
1103 1111 0.733333
1104 1112 -0.066667
1105 1109 -0.200000
1105 1110 0.466667
1105 1111 -0.200000
1105 1112 -0.333333
1106 1109 -0.066667
1106 1110 0.066667
1106 1111 0.600000
1106 1112 1.000000
1107 1109 -0.200000
1107 1110 0.466667
1107 1111 0.466667
1107 1112 -0.866667
1108 1109 0.333333
1108 1110 0.733333
1108 1111 -1.000000
1108 1112 0.733333
1109 1117 -1.000000
1110 1118 -0.866667
1111 1119 0.600000
1112 1120 0.466667
1113 1117 0.200000
1113 1118 -0.200000
1113 1119 1.000000
1113 1120 -0.600000
1114 1117 -0.066667
1114 1118 -0.466667
1114 1119 0.733333
1114 1120 -0.333333
1115 1117 -0.866667
1115 1118 -0.600000
1115 1119 5.000000
1115 1120 -0.600000
1116 1117 -0.600000
1116 1118 0.866667
1116 1119 0.466667
1116 1120 0.733333
1117 1125 -1.000000
1118 1126 0.200000
1119 1127 0.333333
1120 1128 0.066667
1121 1125 0.066667
1121 1126 -0.200000
1121 1127 -0.333333
1121 1128 -0.466667
1122 1125 0.733333
1122 1126 -0.066667
1122 1127 -1.000000
1122 1128 0.466667
1123 1125 -1.000000
1123 1126 -0.066667
1123 1127 -0.333333
1123 1128 -0.733333
1124 1125 1.000000
1124 1126 -1.000000
1124 1127 -0.600000
1124 1128 -0.866667
1125 1133 0.466667
1126 1134 -0.866667
1127 1135 0.066667
1128 1136 -1.000000
1129 1133 -0.200000
1129 1134 1.000000
1129 1135 0.466667
1129 1136 -0.466667
1130 1133 1.000000
1130 1134 1.000000
1130 1135 -0.733333
1130 1136 -0.066667
1131 1133 0.466667
1131 1134 1.000000
1131 1135 0.600000
1131 1136 -0.066667
1132 1133 -0.333333
1132 1134 -1.000000
1132 1135 -0.200000
1132 1136 -1.000000
1133 1141 0.466667
1134 1142 1.000000
1135 1143 0.733333
1136 1144 0.600000
1137 1141 -1.000000
1137 1142 0.066667
1137 1143 -1.000000
1137 1144 -0.066667
1138 1141 0.466667
1138 1142 -0.333333
1138 1143 -0.866667
1138 1144 0.600000
1139 1141 3.000000
1139 1142 -0.866667
1139 1143 -0.066667
1139 1144 1.666667
1140 1141 0.600000
1140 1142 -0.466667
1140 1143 -0.200000
1140 1144 0.200000
1141 1149 -0.333333
1142 1150 0.333333
1143 1151 -0.200000
1144 1152 -1.000000
1145 1149 -0.866667
1145 1150 -0.600000
1145 1151 -0.333333
1145 1152 -0.200000
1146 1149 0.866667
1146 1150 0.333333
1146 1151 0.600000
1146 1152 1.000000
1147 1149 -1.000000
1147 1150 0.200000
1147 1151 -0.733333
1147 1152 -0.066667
1148 1149 0.466667
1148 1150 -0.200000
1148 1151 1.000000
1148 1152 -0.600000