#
1 1 -0.173333
2 2 -0.120000
3 3 -0.066667
4 4 0.040000
5 5 0.066667
6 6 -0.200000
7 7 0.040000
8 8 0.120000
9 9 -0.013333
10 10 0.013333
11 11 -0.146667
12 12 0.013333
13 13 0.173333
14 14 -0.013333
15 15 -0.173333
16 16 0.093333
17 17 0.066667
18 18 0.066667
19 19 0.040000
20 20 -0.200000
21 21 -0.093333
22 22 -0.120000
23 23 0.200000
24 24 -0.093333
25 25 -0.093333
26 26 -0.013333
27 27 -0.173333
28 28 -0.146667
29 29 -0.173333
30 30 -0.173333
31 31 -0.013333
32 32 -0.013333
33 33 0.093333
34 34 -0.066667
35 35 0.146667
36 36 0.093333
37 37 0.066667
38 38 -0.200000
39 39 0.066667
40 40 -0.040000
41 41 -0.066667
42 42 -0.200000
43 43 -0.040000
44 44 0.013333
45 45 -0.146667
46 46 0.200000
47 47 -0.066667
48 48 -0.040000
49 49 0.120000
50 50 0.120000
51 51 0.066667
52 52 -0.093333
53 53 0.173333
54 54 0.093333
55 55 -0.120000
56 56 -0.040000
57 57 0.120000
58 58 0.066667
59 59 0.040000
60 60 -0.013333
61 61 -0.066667
62 62 -0.173333
63 63 -0.120000
64 64 0.173333
65 65 0.120000
66 66 -0.200000
67 67 -0.013333
68 68 -0.173333
69 69 0.120000
70 70 0.146667
71 71 0.013333
72 72 -0.173333
73 73 -0.200000
74 74 -0.146667
75 75 0.173333
76 76 0.173333
77 77 0.040000
78 78 -0.146667
79 79 -0.200000
80 80 0.093333
81 81 -0.093333
82 82 0.013333
83 83 0.093333
84 84 -0.200000
85 85 0.013333
86 86 -0.200000
87 87 -0.120000
88 88 -0.093333
89 89 -0.200000
90 90 -0.093333
91 91 -0.040000
92 92 0.013333
93 93 -0.040000
94 94 -0.066667
95 95 -0.173333
96 96 0.173333
97 97 -0.146667
98 98 0.120000
99 99 0.200000
100 100 -0.093333
101 101 -0.040000
102 102 0.066667
103 103 -0.066667
104 104 -0.066667
105 105 -0.146667
106 106 0.013333
107 107 0.013333
108 108 -0.066667
109 109 -0.173333
110 110 0.146667
111 111 -0.146667
112 112 -0.013333
113 113 0.040000
114 114 0.066667
115 115 0.093333
116 116 0.146667
117 117 0.013333
118 118 -0.013333
119 119 -0.146667
120 120 -0.013333
121 121 -0.146667
122 122 -0.066667
123 123 -0.093333
124 124 0.120000
125 125 0.093333
126 126 -0.120000
127 127 -0.013333
128 128 0.173333
129 129 0.120000
130 130 0.146667
131 131 -0.013333
132 132 0.200000
133 133 0.146667
134 134 0.200000
135 135 -0.146667
136 136 0.173333
137 137 -0.200000
138 138 -0.173333
139 139 -0.040000
140 140 0.040000
141 141 -0.200000
142 142 0.200000
143 143 -0.066667
144 144 0.093333
145 145 -0.120000
146 146 0.200000
147 147 -0.013333
148 148 -0.120000
149 149 -0.146667
150 150 0.066667
151 151 -0.120000
152 152 0.120000
153 153 -0.040000
154 154 0.013333
155 155 0.093333
156 156 -0.093333
157 157 -0.093333
158 158 -0.040000
159 159 0.200000
160 160 -0.093333
161 161 -0.066667
162 162 0.173333
163 163 -0.120000
164 164 0.013333
165 165 0.013333
166 166 0.200000
167 167 -0.200000
168 168 -0.040000
169 169 0.093333
170 170 0.173333
171 171 0.040000
172 172 0.173333
173 173 -0.120000
174 174 0.066667
175 175 0.146667
176 176 -0.146667
177 177 0.013333
178 178 0.173333
179 179 0.040000
180 180 0.040000
181 181 -0.173333
182 182 -0.200000
183 183 0.120000
184 184 -0.093333
185 185 -0.040000
186 186 0.200000
187 187 -0.146667
188 188 -0.120000
189 189 -0.093333
190 190 0.146667
191 191 -0.040000
192 192 0.173333
193 193 -0.066667
194 194 0.040000
195 195 -0.173333
196 196 0.093333
197 197 -0.200000
198 198 -0.013333
199 199 -0.066667
200 200 0.200000
201 201 0.120000
202 202 -0.200000
203 203 0.066667
204 204 0.040000
205 205 -0.066667
206 206 -0.200000
207 207 0.120000
208 208 -0.013333
209 209 0.093333
210 210 0.066667
211 211 0.013333
212 212 0.093333
213 213 -0.173333
214 214 0.146667
215 215 -0.066667
216 216 0.200000
217 217 -0.200000
218 218 0.013333
219 219 -0.013333
220 220 0.040000
221 221 -0.040000
222 222 -0.093333
223 223 0.173333
224 224 0.120000
225 225 0.120000
226 226 0.120000
227 227 0.173333
228 228 0.040000
229 229 -0.093333
230 230 -0.173333
231 231 -0.093333
232 232 0.093333
233 233 0.093333
234 234 0.173333
235 235 -0.093333
236 236 -0.200000
237 237 0.146667
238 238 0.066667
239 239 -0.093333
240 240 0.013333
241 241 0.146667
242 242 0.040000
243 243 0.066667
244 244 -0.200000
245 245 0.066667
246 246 -0.200000
247 247 0.093333
248 248 -0.146667
249 249 -0.066667
250 250 0.173333
251 251 -0.066667
252 252 -0.066667
253 253 0.013333
254 254 -0.146667
255 255 -0.173333
256 256 0.040000
257 257 -0.200000
258 258 -0.013333
259 259 -0.066667
260 260 0.093333
261 261 -0.146667
262 262 -0.173333
263 263 -0.013333
264 264 0.093333
265 265 -0.146667
266 266 -0.040000
267 267 0.040000
268 268 0.173333
269 269 -0.093333
270 270 -0.173333
271 271 -0.200000
272 272 -0.173333
273 273 -0.013333
274 274 -0.173333
275 275 -0.066667
276 276 0.146667
277 277 -0.200000
278 278 -0.013333
279 279 -0.040000
280 280 -0.013333
281 281 -0.146667
282 282 -0.013333
283 283 0.173333
284 284 -0.146667
285 285 -0.173333
286 286 0.093333
287 287 0.173333
288 288 -0.013333
289 289 -0.040000
290 290 -0.093333
291 291 0.200000
292 292 0.093333
293 293 0.146667
294 294 -0.146667
295 295 -0.146667
296 296 -0.120000
297 297 -0.120000
298 298 0.093333
299 299 -0.066667
300 300 0.120000
301 301 -0.120000
302 302 -0.040000
303 303 0.093333
304 304 -0.173333
305 305 0.013333
306 306 -0.066667
307 307 0.066667
308 308 0.066667
309 309 -0.200000
310 310 -0.013333
311 311 0.120000
312 312 0.146667
313 313 0.173333
314 314 -0.200000
315 315 -0.200000
316 316 0.120000
317 317 0.146667
318 318 -0.093333
319 319 0.146667
320 320 0.146667
321 321 -0.146667
322 322 0.040000
323 323 0.040000
324 324 -0.093333
325 325 -0.066667
326 326 -0.093333
327 327 0.146667
328 328 0.066667
329 329 0.120000
330 330 -0.066667
331 331 -0.040000
332 332 0.120000
333 333 -0.093333
334 334 -0.120000
335 335 0.013333
336 336 0.093333
337 337 -0.093333
338 338 0.173333
339 339 -0.120000
340 340 -0.173333
341 341 -0.200000
342 342 0.093333
343 343 -0.173333
344 344 -0.013333
345 345 0.093333
346 346 0.146667
347 347 0.013333
348 348 -0.120000
349 349 -0.200000
350 350 -0.040000
351 351 0.040000
352 352 -0.066667
353 353 0.066667
354 354 0.093333
355 355 0.200000
356 356 -0.173333
357 357 0.146667
358 358 0.146667
359 359 -0.093333
360 360 0.013333
361 361 0.120000
362 362 0.013333
363 363 0.146667
364 364 0.040000
365 365 -0.093333
366 366 -0.066667
367 367 0.040000
368 368 0.120000
369 369 0.013333
370 370 -0.173333
371 371 0.200000
372 372 0.066667
373 373 -0.066667
374 374 0.120000
375 375 -0.146667
376 376 -0.040000
377 377 0.013333
378 378 -0.040000
379 379 0.013333
380 380 -0.200000
381 381 -0.013333
382 382 0.066667
383 383 0.013333
384 384 0.066667
385 385 -0.093333
386 386 0.093333
387 387 -0.093333
388 388 0.146667
389 389 0.093333
390 390 0.120000
391 391 0.066667
392 392 -0.120000
393 393 -0.040000
394 394 0.066667
395 395 -0.120000
396 396 0.013333
397 397 0.146667
398 398 -0.200000
399 399 0.066667
400 400 0.146667
401 401 0.146667
402 402 0.066667
403 403 0.040000
404 404 -0.173333
405 405 -0.013333
406 406 -0.013333
407 407 -0.013333
408 408 0.093333
409 409 0.120000
410 410 0.173333
411 411 0.120000
412 412 -0.200000
413 413 0.093333
414 414 0.040000
415 415 0.013333
416 416 -0.040000
417 417 -0.013333
418 418 -0.120000
419 419 0.040000
420 420 -0.040000
421 421 0.200000
422 422 -0.173333
423 423 -0.146667
424 424 0.013333
425 425 0.146667
426 426 0.200000
427 427 -0.173333
428 428 0.200000
429 429 0.173333
430 430 -0.040000
431 431 0.066667
432 432 0.120000
433 433 -0.066667
434 434 -0.173333
435 435 0.040000
436 436 0.040000
437 437 0.040000
438 438 -0.173333
439 439 -0.040000
440 440 -0.066667
441 441 -0.013333
442 442 -0.040000
443 443 -0.120000
444 444 0.013333
445 445 0.146667
446 446 0.173333
447 447 -0.093333
448 448 0.120000
449 449 0.066667
450 450 -0.146667
451 451 -0.040000
452 452 -0.173333
453 453 0.120000
454 454 0.146667
455 455 -0.066667
456 456 0.200000
457 457 0.146667
458 458 0.146667
459 459 -0.173333
460 460 0.146667
461 461 -0.013333
462 462 -0.173333
463 463 -0.093333
464 464 0.093333
465 465 0.200000
466 466 -0.040000
467 467 0.013333
468 468 -0.066667
469 469 -0.173333
470 470 0.066667
471 471 -0.200000
472 472 -0.120000
473 473 -0.120000
474 474 -0.200000
475 475 -0.013333
476 476 -0.093333
477 477 -0.040000
478 478 0.013333
479 479 -0.013333
480 480 0.093333
481 481 -0.146667
482 482 -0.120000
483 483 0.066667
484 484 0.013333
485 485 -0.173333
486 486 0.173333
487 487 0.013333
488 488 0.120000
489 489 -0.013333
490 490 0.146667
491 491 0.146667
492 492 0.146667
493 493 -0.120000
494 494 0.173333
495 495 -0.040000
496 496 -0.173333
497 497 0.040000
498 498 0.200000
499 499 -0.200000
500 500 -0.200000
501 501 -0.146667
502 502 0.013333
503 503 -0.066667
504 504 -0.040000
505 505 0.093333
506 506 -0.173333
507 507 -0.120000
508 508 0.066667
509 509 0.066667
510 510 0.093333
511 511 0.040000
512 512 -0.066667
513 513 -0.040000
514 514 -0.173333
515 515 0.173333
516 516 0.173333
517 517 -0.013333
518 518 -0.066667
519 519 0.093333
520 520 -0.200000
521 521 -0.093333
522 522 -0.173333
523 523 -0.200000
524 524 -0.066667
525 525 -0.200000
526 526 0.120000
527 527 -0.173333
528 528 -0.066667
529 529 0.040000
530 530 -0.013333
531 531 0.093333
532 532 -0.040000
533 533 -0.120000
534 534 -0.040000
535 535 0.093333
536 536 -0.093333
537 537 -0.013333
538 538 -0.093333
539 539 0.200000
540 540 -0.200000
541 541 -0.040000
542 542 0.200000
543 543 -0.066667
544 544 0.120000
545 545 -0.093333
546 546 -0.066667
547 547 -0.200000
548 548 -0.173333
549 549 0.040000
550 550 -0.120000
551 551 0.173333
552 552 0.200000
553 553 0.146667
554 554 0.200000
555 555 -0.120000
556 556 0.173333
557 557 0.120000
558 558 -0.040000
559 559 -0.120000
560 560 -0.066667
561 561 -0.200000
562 562 -0.013333
563 563 0.146667
564 564 -0.093333
565 565 0.093333
566 566 0.040000
567 567 -0.173333
568 568 -0.013333
569 569 0.066667
570 570 0.093333
571 571 -0.040000
572 572 -0.146667
573 573 -0.040000
574 574 -0.146667
575 575 0.093333
576 576 0.093333
577 577 0.200000
578 578 -0.013333
579 579 -0.093333
580 580 -0.066667
581 581 0.093333
582 582 -0.013333
583 583 0.066667
584 584 0.013333
585 585 -0.173333
586 586 -0.146667
587 587 -0.120000
588 588 0.146667
589 589 0.093333
590 590 0.093333
591 591 0.200000
592 592 -0.173333
593 593 0.146667
594 594 -0.146667
595 595 -0.173333
596 596 0.013333
597 597 -0.173333
598 598 -0.120000
599 599 -0.173333
600 600 -0.040000
601 601 0.200000
602 602 0.066667
603 603 0.173333
604 604 -0.200000
605 605 -0.146667
606 606 0.200000
607 607 -0.146667
608 608 0.093333
609 609 -0.013333
610 610 -0.146667
611 611 -0.146667
612 612 0.040000
613 613 -0.146667
614 614 0.120000
615 615 -0.120000
616 616 0.013333
617 617 -0.093333
618 618 0.093333
619 619 -0.120000
620 620 0.146667
621 621 0.120000
622 622 0.013333
623 623 0.200000
624 624 0.120000
625 625 -0.040000
626 626 0.120000
627 627 -0.040000
628 628 0.040000
629 629 -0.120000
630 630 0.040000
631 631 0.040000
632 632 -0.120000
633 633 -0.146667
634 634 -0.200000
635 635 -0.120000
636 636 0.146667
637 637 -0.120000
638 638 -0.093333
639 639 0.120000
640 640 -0.093333
641 641 -0.040000
642 642 -0.146667
643 643 0.173333
644 644 0.120000
645 645 0.066667
646 646 -0.200000
647 647 -0.173333
648 648 0.013333
649 649 0.093333
650 650 0.146667
651 651 0.146667
652 652 0.013333
653 653 0.173333
654 654 0.013333
655 655 0.200000
656 656 -0.173333
657 657 0.093333
658 658 -0.200000
659 659 0.120000
660 660 0.120000
661 661 -0.040000
662 662 0.200000
663 663 -0.173333
664 664 -0.146667
665 665 -0.013333
666 666 0.120000
667 667 -0.066667
668 668 0.040000
669 669 0.146667
670 670 -0.066667
671 671 -0.146667
672 672 0.040000
673 673 0.093333
674 674 0.120000
675 675 -0.146667
676 676 -0.040000
677 677 -0.120000
678 678 -0.173333
679 679 -0.066667
680 680 0.066667
681 681 0.200000
682 682 0.066667
683 683 -0.146667
684 684 0.066667
685 685 0.040000
686 686 0.173333
687 687 0.120000
688 688 -0.066667
689 689 -0.040000
690 690 -0.120000
691 691 -0.093333
692 692 0.173333
693 693 0.120000
694 694 -0.173333
695 695 0.040000
696 696 -0.093333
697 697 0.146667
698 698 0.146667
699 699 -0.013333
700 700 0.013333
701 701 0.146667
702 702 0.146667
703 703 0.120000
704 704 0.066667
705 705 -0.173333
706 706 0.173333
707 707 0.066667
708 708 0.093333
709 709 -0.120000
710 710 0.173333
711 711 -0.093333
712 712 0.200000
713 713 0.120000
714 714 -0.040000
715 715 -0.066667
716 716 0.120000
717 717 -0.040000
718 718 0.146667
719 719 -0.200000
720 720 -0.066667
721 721 -0.093333
722 722 0.066667
723 723 -0.200000
724 724 -0.120000
725 725 -0.066667
726 726 -0.120000
727 727 -0.173333
728 728 -0.146667
729 729 -0.120000
730 730 -0.013333
731 731 0.200000
732 732 -0.093333
733 733 -0.146667
734 734 0.200000
735 735 -0.040000
736 736 -0.013333
737 737 -0.173333
738 738 0.066667
739 739 0.173333
740 740 -0.146667
741 741 0.093333
742 742 -0.120000
743 743 0.120000
744 744 -0.120000
745 745 -0.173333
746 746 -0.200000
747 747 -0.066667
748 748 -0.120000
749 749 -0.146667
750 750 -0.013333
751 751 -0.173333
752 752 -0.066667
753 753 -0.040000
754 754 -0.013333
755 755 -0.146667
756 756 -0.013333
757 757 0.093333
758 758 -0.013333
759 759 0.146667
760 760 0.040000
761 761 0.120000
762 762 -0.120000
763 763 0.120000
764 764 -0.093333
765 765 0.173333
766 766 0.040000
767 767 0.146667
768 768 0.200000
769 769 -0.173333
770 770 -0.013333
771 771 -0.146667
772 772 0.173333
773 773 0.200000
774 774 0.093333
775 775 0.120000
776 776 -0.040000
777 777 -0.173333
778 778 0.040000
779 779 -0.146667
780 780 0.093333
781 781 -0.120000
782 782 0.200000
783 783 0.013333
784 784 -0.066667
785 785 0.066667
786 786 -0.173333
787 787 -0.146667
788 788 -0.066667
789 789 0.200000
790 790 -0.120000
791 791 -0.040000
792 792 -0.013333
793 793 -0.040000
794 794 0.040000
795 795 0.120000
796 796 -0.093333
797 797 -0.173333
798 798 0.120000
799 799 0.200000
800 800 -0.013333
801 801 -0.013333
802 802 -0.120000
803 803 0.146667
804 804 0.120000
805 805 -0.093333
806 806 0.120000
807 807 -0.146667
808 808 -0.173333
809 809 0.066667
810 810 -0.013333
811 811 -0.173333
812 812 0.120000
813 813 0.120000
814 814 -0.146667
815 815 -0.120000
816 816 -0.173333
817 817 0.093333
818 818 0.013333
819 819 0.200000
820 820 -0.146667
821 821 -0.066667
822 822 0.093333
823 823 -0.200000
824 824 0.120000
825 825 0.066667
826 826 0.013333
827 827 -0.146667
828 828 0.120000
829 829 0.013333
830 830 0.200000
831 831 -0.040000
832 832 0.093333
833 833 0.040000
834 834 0.013333
835 835 0.093333
836 836 -0.040000
837 837 0.040000
838 838 -0.146667
839 839 -0.200000
840 840 0.013333
841 841 -0.200000
842 842 -0.120000
843 843 -0.120000
844 844 -0.066667
845 845 -0.173333
846 846 0.066667
847 847 0.146667
848 848 -0.013333
849 849 -0.040000
850 850 -0.173333
851 851 0.066667
852 852 0.040000
853 853 0.013333
854 854 0.093333
855 855 0.093333
856 856 -0.146667
857 857 -0.120000
858 858 -0.146667
859 859 -0.093333
860 860 0.040000
861 861 -0.173333
862 862 -0.013333
863 863 -0.040000
864 864 -0.066667
865 865 0.146667
866 866 0.200000
867 867 0.173333
868 868 -0.013333
869 869 -0.093333
870 870 -0.066667
871 871 -0.040000
872 872 0.040000
873 873 -0.120000
874 874 -0.120000
875 875 0.040000
876 876 0.146667
877 877 -0.200000
878 878 -0.093333
879 879 0.120000
880 880 -0.146667
881 881 -0.093333
882 882 -0.040000
883 883 -0.146667
884 884 -0.040000
885 885 0.066667
886 886 0.173333
887 887 -0.146667
888 888 -0.173333
889 889 -0.093333
890 890 0.040000
891 891 0.120000
892 892 -0.040000
893 893 0.146667
894 894 -0.066667
895 895 0.040000
896 896 0.066667
897 897 -0.040000
898 898 0.120000
899 899 -0.146667
900 900 0.040000
901 901 -0.173333
902 902 0.120000
903 903 0.040000
904 904 0.013333
905 905 -0.093333
906 906 0.173333
907 907 0.040000
908 908 0.013333
909 909 -0.040000
910 910 0.146667
911 911 0.146667
912 912 0.173333
913 913 -0.200000
914 914 -0.120000
915 915 0.066667
916 916 -0.093333
917 917 0.093333
918 918 -0.066667
919 919 -0.040000
920 920 0.040000
921 921 -0.013333
922 922 0.146667
923 923 -0.093333
924 924 0.013333
925 925 0.013333
926 926 -0.066667
927 927 0.173333
928 928 0.200000
929 929 -0.173333
930 930 0.093333
931 931 -0.200000
932 932 -0.146667
933 933 -0.066667
934 934 0.173333
935 935 -0.200000
936 936 -0.173333
937 937 0.200000
938 938 -0.200000
939 939 0.173333
940 940 -0.173333
941 941 -0.013333
942 942 0.200000
943 943 -0.013333
944 944 0.013333
945 945 0.093333
946 946 -0.200000
947 947 0.173333
948 948 0.120000
949 949 0.173333
950 950 0.146667
951 951 -0.200000
952 952 -0.200000
953 953 0.120000
954 954 -0.093333
955 955 -0.120000
956 956 0.200000
957 957 -0.146667
958 958 0.200000
959 959 -0.013333
960 960 -0.093333
961 961 -0.146667
962 962 0.040000
963 963 -0.120000
964 964 0.093333
965 965 0.120000
966 966 0.093333
967 967 -0.146667
968 968 0.093333
969 969 -0.066667
970 970 -0.066667
971 971 -0.120000
972 972 0.013333
973 973 -0.066667
974 974 -0.173333
975 975 -0.066667
976 976 0.120000
977 977 0.066667
978 978 -0.013333
979 979 -0.173333
980 980 0.093333
981 981 0.120000
982 982 0.040000
983 983 0.093333
984 984 0.200000
985 985 0.013333
986 986 -0.200000
987 987 -0.013333
988 988 0.146667
989 989 0.013333
990 990 0.146667
991 991 -0.120000
992 992 -0.093333
993 993 0.066667
994 994 -0.040000
995 995 0.093333
996 996 0.040000
997 997 0.200000
998 998 -0.093333
999 999 -0.066667
1000 1000 0.173333
1001 1001 0.146667
1002 1002 0.093333
1003 1003 0.173333
1004 1004 -0.200000
1005 1005 -0.013333
1006 1006 -0.093333
1007 1007 0.173333
1008 1008 0.066667
1009 1009 -0.093333
1010 1010 -0.120000
1011 1011 -0.173333
1012 1012 -0.120000
1013 1013 -0.146667
1014 1014 -0.066667
1015 1015 -0.040000
1016 1016 0.173333
1017 1017 -0.200000
1018 1018 0.120000
1019 1019 0.093333
1020 1020 0.146667
1021 1021 0.146667
1022 1022 -0.093333
1023 1023 0.120000
1024 1024 -0.013333
1025 1025 0.120000
1026 1026 0.093333
1027 1027 -0.146667
1028 1028 -0.040000
1029 1029 0.013333
1030 1030 -0.173333
1031 1031 -0.013333
1032 1032 0.040000
1033 1033 -0.040000
1034 1034 0.093333
1035 1035 -0.013333
1036 1036 -0.146667
1037 1037 -0.120000
1038 1038 0.120000
1039 1039 0.093333
1040 1040 0.093333
1041 1041 -0.013333
1042 1042 0.200000
1043 1043 -0.200000
1044 1044 0.093333
1045 1045 -0.200000
1046 1046 -0.013333
1047 1047 0.040000
1048 1048 -0.146667
1049 1049 0.040000
1050 1050 0.173333
1051 1051 -0.146667
1052 1052 0.013333
1053 1053 0.173333
1054 1054 0.200000
1055 1055 0.066667
1056 1056 0.200000
1057 1057 0.173333
1058 1058 0.013333
1059 1059 -0.173333
1060 1060 -0.173333
1061 1061 -0.013333
1062 1062 0.066667
1063 1063 0.200000
1064 1064 0.066667
1065 1065 -0.066667
1066 1066 0.173333
1067 1067 -0.066667
1068 1068 -0.040000
1069 1069 -0.040000
1070 1070 0.146667
1071 1071 0.146667
1072 1072 0.013333
1073 1073 -0.146667
1074 1074 0.200000
1075 1075 -0.093333
1076 1076 -0.146667
1077 1077 -0.093333
1078 1078 0.093333
1079 1079 0.093333
1080 1080 -0.013333
1081 1081 -0.066667
1082 1082 0.120000
1083 1083 0.146667
1084 1084 -0.200000
1085 1085 -0.066667
1086 1086 0.200000
1087 1087 -0.066667
1088 1088 -0.200000
1089 1089 -0.040000
1090 1090 0.200000
1091 1091 -0.066667
1092 1092 -0.146667
1093 1093 0.200000
1094 1094 -0.013333
1095 1095 -0.013333
1096 1096 -0.093333
1097 1097 0.093333
1098 1098 -0.146667
1099 1099 0.200000
1100 1100 -0.173333
1101 1101 -0.173333
1102 1102 0.013333
1103 1103 -0.200000
1104 1104 0.066667
1105 1105 0.093333
1106 1106 0.040000
1107 1107 0.120000
1108 1108 -0.066667
1109 1109 -0.013333
1110 1110 -0.093333
1111 1111 -0.013333
1112 1112 -0.173333
1113 1113 0.146667
1114 1114 -0.066667
1115 1115 0.013333
1116 1116 0.040000
1117 1117 -0.200000
1118 1118 0.066667
1119 1119 0.146667
1120 1120 0.093333
1121 1121 0.200000
1122 1122 0.173333
1123 1123 0.120000
1124 1124 -0.093333
1125 1125 -0.066667
1126 1126 0.146667
1127 1127 -0.093333
1128 1128 0.013333
1129 1129 0.146667
1130 1130 -0.040000
1131 1131 0.146667
1132 1132 0.120000
1133 1133 -0.066667
1134 1134 0.040000
1135 1135 -0.093333
1136 1136 -0.200000
1137 1137 0.013333
1138 1138 0.200000
1139 1139 -0.120000
1140 1140 -0.040000
1141 1141 0.093333
1142 1142 -0.173333
1143 1143 -0.200000
1144 1144 0.013333
1145 1145 -0.093333
1146 1146 -0.200000
1147 1147 0.093333
1148 1148 -0.013333
1149 1149 -0.040000
1150 1150 0.146667
1151 1151 -0.120000
1152 1152 -0.146667
1 5 -0.333333
1 6 1.000000
1 7 -1.000000
1 8 0.066667
1 97 0.600000
2 5 1.000000
2 6 -0.066667
2 7 -0.466667
2 8 -0.466667
2 98 1.000000
3 5 0.333333
3 6 -0.866667
3 7 1.000000
3 8 0.333333
3 99 0.200000
4 5 -0.600000
4 6 0.600000
4 7 -0.200000
4 8 -0.200000
4 100 -1.000000
5 13 -0.866667
6 14 1.000000
7 15 -0.066667
8 16 -0.866667
9 13 -0.600000
9 14 -0.600000
9 15 0.066667
9 16 0.066667
9 105 1.000000
10 13 3.666667
10 14 5.000000
10 15 -0.733333
10 16 0.333333
10 106 -4.333333
11 13 -0.333333
11 14 -0.733333
11 15 1.000000
11 16 0.333333
11 107 -0.333333
12 13 -0.200000
12 14 -4.333333
12 15 -0.066667
12 16 1.000000
12 108 0.733333
13 21 0.466667
14 22 -5.000000
15 23 -3.666667
16 24 -0.733333
17 21 -0.600000
17 22 3.666667
17 23 0.333333
17 24 -0.866667
17 113 -0.600000
18 21 -1.000000
18 22 -1.000000
18 23 -0.200000
18 24 -0.333333
18 114 -0.466667
19 21 0.600000
19 22 -0.200000
19 23 -1.000000
19 24 -2.333333
19 115 -4.333333
20 21 -0.333333
20 22 1.000000
20 23 0.333333
20 24 -0.066667
20 116 0.333333
21 29 0.866667
22 30 -0.333333
23 31 1.000000
24 32 -0.333333
25 29 -0.466667
25 30 0.200000
25 31 0.333333
25 32 1.000000
25 121 0.866667
26 29 -0.600000
26 30 -2.333333
26 31 -0.466667
26 32 -2.333333
26 122 -2.333333
27 29 0.466667
27 30 -0.466667
27 31 -0.200000
27 32 0.733333
27 123 0.200000
28 29 5.000000
28 30 0.200000
28 31 -4.333333
28 32 -0.466667
28 124 -0.600000
29 37 0.066667
30 38 1.666667
31 39 0.466667
32 40 -4.333333
33 37 -0.466667
33 38 -0.733333
33 39 0.600000
33 40 -0.200000
33 129 0.733333
34 37 -0.200000
34 38 1.000000
34 39 0.200000
34 40 0.733333
34 130 -0.866667
35 37 0.733333
35 38 1.000000
35 39 1.000000
35 40 -0.600000
35 131 -0.333333
36 37 -0.733333
36 38 -0.866667
36 39 0.333333
36 40 -0.866667
36 132 -1.000000
37 45 -1.000000
38 46 0.866667
39 47 -0.733333
40 48 -0.866667
41 45 0.466667
41 46 -0.866667
41 47 0.333333
41 48 0.333333
41 137 -0.600000
42 45 -0.733333
42 46 -0.466667
42 47 -0.066667
42 48 -0.200000
42 138 0.200000
43 45 0.866667
43 46 -0.733333
43 47 -0.600000
43 48 0.733333
43 139 -0.600000
44 45 0.466667
44 46 -0.333333
44 47 -0.333333
44 48 -0.866667
44 140 -0.200000
45 53 0.066667
46 54 -0.200000
47 55 -0.733333
48 56 -0.466667
49 53 0.733333
49 54 -0.733333
49 55 -1.000000
49 56 0.733333
49 145 -0.466667
50 53 -0.200000
50 54 -0.333333
50 55 -0.333333
50 56 0.866667
50 146 -0.200000
51 53 1.000000
51 54 -0.066667
51 55 -0.733333
51 56 0.866667
51 147 0.600000
52 53 -0.733333
52 54 0.200000
52 55 -0.066667
52 56 0.200000
52 148 0.866667
53 61 0.466667
54 62 0.466667
55 63 -1.000000
56 64 0.466667
57 61 0.600000
57 62 0.733333
57 63 -0.066667
57 64 0.600000
57 153 -0.466667
58 61 1.000000
58 62 -0.733333
58 63 -0.066667
58 64 -0.466667
58 154 -1.000000
59 61 0.200000
59 62 -0.066667
59 63 -0.733333
59 64 -0.733333
59 155 1.000000
60 61 -0.466667
60 62 0.200000
60 63 1.000000
60 64 -0.200000
60 156 0.466667
61 69 0.866667
62 70 -0.466667
63 71 -0.733333
64 72 -0.733333
65 69 0.733333
65 70 0.600000
65 71 0.600000
65 72 -0.333333
65 161 -0.066667
66 69 -0.200000
66 70 -1.000000
66 71 -0.466667
66 72 0.066667
66 162 0.733333
67 69 -0.466667
67 70 -0.333333
67 71 3.666667
67 72 -0.733333
67 163 -0.600000
68 69 -0.733333
68 70 -0.600000
68 71 1.000000
68 72 -0.733333
68 164 1.666667
69 77 0.066667
70 78 0.600000
71 79 -5.000000
72 80 -0.200000
73 77 -0.733333
73 78 0.733333
73 79 -0.466667
73 80 -0.600000
73 169 -0.866667
74 77 0.733333
74 78 -0.600000
74 79 -0.333333
74 80 -0.200000
74 170 -0.733333
75 77 0.866667
75 78 1.000000
75 79 -0.733333
75 80 -0.733333
75 171 -1.000000
76 77 0.866667
76 78 -0.600000
76 79 0.200000
76 80 -0.466667
76 172 0.733333
77 85 -0.600000
78 86 0.733333
79 87 -0.866667
80 88 -1.000000
81 85 -0.333333
81 86 -0.733333
81 87 -0.200000
81 88 -0.466667
81 177 0.866667
82 85 0.200000
82 86 0.200000
82 87 1.000000
82 88 0.600000
82 178 -0.733333
83 85 1.000000
83 86 0.466667
83 87 0.600000
83 88 0.200000
83 179 -0.866667
84 85 0.200000
84 86 0.733333
84 87 0.866667
84 88 0.600000
84 180 -0.066667
85 93 0.733333
86 94 0.866667
87 95 -0.733333
88 96 0.066667
89 93 0.733333
89 94 -0.733333
89 95 0.733333
89 96 0.200000
89 185 0.066667
90 93 -0.866667
90 94 -0.733333
90 95 -0.866667
90 96 -0.600000
90 186 -0.066667
91 93 -0.733333
91 94 -1.000000
91 95 0.066667
91 96 0.466667
91 187 0.200000
92 93 1.000000
92 94 0.466667
92 95 0.600000
92 96 0.466667
92 188 0.466667
97 101 0.066667
97 102 -0.600000
97 103 -0.866667
97 104 1.000000
97 193 0.333333
98 101 0.866667
98 102 0.866667
98 103 -0.600000
98 104 -1.000000
98 194 -3.000000
99 101 0.600000
99 102 -0.200000
99 103 -1.000000
99 104 -0.200000
99 195 -0.200000
100 101 0.866667
100 102 -0.733333
100 103 0.333333
100 104 -0.600000
100 196 -0.333333
101 109 -0.600000
102 110 0.333333
103 111 0.866667
104 112 -3.000000
105 109 -1.000000
105 110 0.466667
105 111 -0.466667
105 112 -5.000000
105 201 3.666667
106 109 0.333333
106 110 0.733333
106 111 0.466667
106 112 4.333333
106 202 0.200000
107 109 0.066667
107 110 0.600000
107 111 -0.466667
107 112 -0.066667
107 203 -0.200000
108 109 0.333333
108 110 1.000000
108 111 -0.333333
108 112 -3.000000
108 204 0.733333
109 117 -0.066667
110 118 -1.000000
111 119 -0.733333
112 120 -1.000000
113 117 0.066667
113 118 -0.066667
113 119 -0.866667
113 120 5.000000
113 209 0.333333
114 117 -0.733333
114 118 -0.066667
114 119 -0.333333
114 120 -0.733333
114 210 -0.200000
115 117 -1.666667
115 118 0.733333
115 119 -0.200000
115 120 1.000000
115 211 -0.600000
116 117 -0.333333
116 118 0.866667
116 119 0.333333
116 120 1.000000
116 212 1.000000
117 125 -0.733333
118 126 -0.200000
119 127 -0.466667
120 128 -0.866667
121 125 0.066667
121 126 -0.600000
121 127 0.600000
121 128 0.333333
121 217 -3.666667
122 125 -0.866667
122 126 -0.600000
122 127 0.466667
122 128 4.333333
122 218 -0.866667
123 125 1.000000
123 126 0.600000
123 127 0.333333
123 128 -0.333333
123 219 -0.200000
124 125 0.466667
124 126 0.866667
124 127 -0.466667
124 128 0.733333
124 220 0.333333
125 133 -0.333333
126 134 1.000000
127 135 -0.066667
128 136 0.466667
129 133 0.200000
129 134 1.000000
129 135 -0.600000
129 136 0.600000
129 225 0.866667
130 133 0.066667
130 134 -0.866667
130 135 0.333333
130 136 0.466667
130 226 -0.600000
131 133 0.866667
131 134 0.866667
131 135 0.466667
131 136 -0.466667
131 227 0.466667
132 133 -0.066667
132 134 0.866667
132 135 -0.866667
132 136 0.066667
132 228 -0.733333
133 141 0.333333
134 142 0.466667
135 143 -0.733333
136 144 -0.600000
137 141 0.066667
137 142 -0.466667
137 143 -0.333333
137 144 -0.466667
137 233 0.733333
138 141 0.333333
138 142 0.600000
138 143 0.200000
138 144 0.466667
138 234 0.733333
139 141 -0.466667
139 142 0.333333
139 143 0.333333
139 144 -0.333333
139 235 0.466667
140 141 0.600000
140 142 0.466667
140 143 -0.066667
140 144 0.466667
140 236 -0.733333
141 149 0.066667
142 150 1.000000
143 151 0.866667
144 152 0.333333
145 149 0.200000
145 150 -0.466667
145 151 -0.866667
145 152 2.333333
145 241 -0.600000
146 149 0.733333
146 150 -0.200000
146 151 1.000000
146 152 -0.466667
146 242 -0.600000
147 149 0.333333
147 150 0.733333
147 151 -0.200000
147 152 0.733333
147 243 -0.600000
148 149 -0.866667
148 150 1.000000
148 151 0.600000
148 152 -3.000000
148 244 5.000000
149 157 -0.200000
150 158 -0.066667
151 159 -0.066667
152 160 0.466667
153 157 0.466667
153 158 -0.600000
153 159 -0.600000
153 160 0.866667
153 249 0.466667
154 157 0.466667
154 158 0.333333
154 159 0.200000
154 160 -1.000000
154 250 0.333333
155 157 1.000000
155 158 -0.333333
155 159 -0.733333
155 160 -0.066667
155 251 0.333333
156 157 -0.866667
156 158 0.066667
156 159 -0.733333
156 160 0.733333
156 252 0.733333
157 165 0.333333
158 166 -0.066667
159 167 -0.466667
160 168 0.733333
161 165 -1.000000
161 166 -3.666667
161 167 0.733333
161 168 -0.866667
161 257 5.000000
162 165 -0.200000
162 166 3.000000
162 167 -1.000000
162 168 -0.333333
162 258 -0.733333
163 165 0.066667
163 166 -0.333333
163 167 0.333333
163 168 -1.666667
163 259 5.000000
164 165 0.333333
164 166 0.600000
164 167 0.200000
164 168 -3.666667
164 260 -0.733333
165 173 -0.066667
166 174 -1.666667
167 175 -0.466667
168 176 0.066667
169 173 -0.200000
169 174 -0.333333
169 175 -0.200000
169 176 -0.200000
169 265 0.200000
170 173 -1.000000
170 174 -1.000000
170 175 0.733333
170 176 -0.333333
170 266 -0.733333
171 173 -1.000000
171 174 0.733333
171 175 0.066667
171 176 0.333333
171 267 0.866667
172 173 0.733333
172 174 -0.333333
172 175 0.333333
172 176 -0.333333
172 268 -0.466667
173 181 1.000000
174 182 -0.333333
175 183 0.200000
176 184 0.200000
177 181 1.000000
177 182 0.333333
177 183 -0.333333
177 184 0.333333
177 273 -0.866667
178 181 -0.200000
178 182 0.866667
178 183 -0.066667
178 184 0.466667
178 274 0.200000
179 181 1.000000
179 182 0.333333
179 183 0.200000
179 184 -0.066667
179 275 -0.200000
180 181 -0.866667
180 182 -0.333333
180 183 0.200000
180 184 -0.600000
180 276 -0.600000
181 189 -0.600000
182 190 -0.866667
183 191 0.200000
184 192 -0.466667
185 189 -0.333333
185 190 -0.200000
185 191 0.466667
185 192 -0.866667
185 281 1.000000
186 189 -0.866667
186 190 -0.733333
186 191 -0.866667
186 192 -0.066667
186 282 0.466667
187 189 0.733333
187 190 0.733333
187 191 -1.000000
187 192 0.866667
187 283 -1.000000
188 189 -1.000000
188 190 -0.600000
188 191 1.000000
188 192 -1.000000
188 284 0.866667
193 197 0.333333
193 198 0.866667
193 199 -0.200000
193 200 -0.866667
193 289 -0.200000
194 197 -0.600000
194 198 -0.733333
194 199 -0.333333
194 200 -0.333333
194 290 -4.333333
195 197 -0.066667
195 198 0.333333
195 199 0.466667
195 200 0.733333
195 291 0.466667
196 197 1.000000
196 198 0.333333
196 199 0.066667
196 200 0.200000
196 292 0.733333
197 205 -0.066667
198 206 -0.733333
199 207 0.066667
200 208 0.200000
201 205 0.066667
201 206 -0.466667
201 207 -0.200000
201 208 -0.600000
201 297 0.600000
202 205 0.066667
202 206 -0.600000
202 207 -0.333333
202 208 0.600000
202 298 -0.200000
203 205 0.200000
203 206 1.000000
203 207 0.866667
203 208 0.733333
203 299 -0.066667
204 205 -1.000000
204 206 -0.066667
204 207 0.600000
204 208 -1.000000
204 300 0.333333
205 213 0.866667
206 214 -0.733333
207 215 -0.066667
208 216 -0.200000
209 213 -0.866667
209 214 0.200000
209 215 -0.733333
209 216 -0.200000
209 305 0.333333
210 213 -0.866667
210 214 0.066667
210 215 0.066667
210 216 0.866667
210 306 -1.000000
211 213 -0.066667
211 214 -0.333333
211 215 -0.066667
211 216 3.666667
211 307 0.200000
212 213 -1.000000
212 214 -0.200000
212 215 1.000000
212 216 0.733333
212 308 -1.000000
213 221 0.066667
214 222 -0.600000
215 223 -0.466667
216 224 -2.333333
217 221 0.200000
217 222 -0.866667
217 223 -1.000000
217 224 3.666667
217 313 0.600000
218 221 0.333333
218 222 0.733333
218 223 -0.733333
218 224 -0.866667
218 314 -1.000000
219 221 0.600000
219 222 5.000000
219 223 -5.000000
219 224 -1.000000
219 315 -1.000000
220 221 -0.066667
220 222 -0.066667
220 223 -0.066667
220 224 -0.733333
220 316 -1.000000
221 229 -0.333333
222 230 0.600000
223 231 1.000000
224 232 0.600000
225 229 -0.066667
225 230 0.200000
225 231 0.066667
225 232 1.000000
225 321 0.466667
226 229 -0.333333
226 230 -1.000000
226 231 2.333333
226 232 -0.333333
226 322 -0.066667
227 229 1.000000
227 230 0.466667
227 231 -0.466667
227 232 -0.333333
227 323 -0.600000
228 229 0.066667
228 230 -0.333333
228 231 -0.866667
228 232 0.733333
228 324 -0.333333
229 237 0.200000
230 238 0.066667
231 239 0.733333
232 240 -1.000000
233 237 0.866667
233 238 -0.333333
233 239 -0.333333
233 240 0.733333
233 329 -0.066667
234 237 0.466667
234 238 -0.600000
234 239 0.600000
234 240 -1.000000
234 330 -0.066667
235 237 0.600000
235 238 -0.333333
235 239 0.200000
235 240 -0.333333
235 331 0.200000
236 237 0.466667
236 238 0.600000
236 239 1.000000
236 240 -0.733333
236 332 -0.866667
237 245 0.333333
238 246 0.600000
239 247 -0.733333
240 248 1.000000
241 245 0.866667
241 246 -0.733333
241 247 -0.066667
241 248 -1.000000
241 337 -0.733333
242 245 -0.066667
242 246 -0.066667
242 247 -0.333333
242 248 0.066667
242 338 -0.333333
243 245 0.600000
243 246 -0.333333
243 247 0.600000
243 248 0.066667
243 339 -0.600000
244 245 3.666667
244 246 0.333333
244 247 -0.600000
244 248 0.466667
244 340 -0.066667
245 253 1.000000
246 254 -0.733333
247 255 -0.200000
248 256 -0.866667
249 253 0.600000
249 254 0.200000
249 255 0.333333
249 256 -0.866667
249 345 -0.200000
250 253 0.333333
250 254 -0.733333
250 255 -0.066667
250 256 0.600000
250 346 0.600000
251 253 0.466667
251 254 1.000000
251 255 -0.866667
251 256 -0.333333
251 347 1.000000
252 253 -0.200000
252 254 0.333333
252 255 0.466667
252 256 0.600000
252 348 -1.000000
253 261 0.733333
254 262 0.200000
255 263 -0.066667
256 264 -0.733333
257 261 0.866667
257 262 0.066667
257 263 0.733333
257 264 -1.000000
257 353 -0.200000
258 261 0.333333
258 262 -0.066667
258 263 0.333333
258 264 0.733333
258 354 -1.000000
259 261 -0.066667
259 262 1.000000
259 263 0.200000
259 264 -0.066667
259 355 1.666667
260 261 1.000000
260 262 -0.600000
260 263 -0.733333
260 264 -0.466667
260 356 -0.600000
261 269 -0.866667
262 270 -0.333333
263 271 -0.333333
264 272 0.866667
265 269 -0.066667
265 270 0.333333
265 271 0.066667
265 272 0.466667
265 361 -0.733333
266 269 -0.600000
266 270 0.466667
266 271 -0.066667
266 272 0.066667
266 362 -0.866667
267 269 0.200000
267 270 -0.866667
267 271 -0.333333
267 272 -0.200000
267 363 0.466667
268 269 -0.466667
268 270 0.333333
268 271 -5.000000
268 272 1.000000
268 364 -0.200000
269 277 -0.333333
270 278 0.866667
271 279 1.000000
272 280 -0.066667
273 277 0.733333
273 278 -0.600000
273 279 -0.600000
273 280 0.600000
273 369 0.200000
274 277 0.600000
274 278 -1.000000
274 279 0.066667
274 280 0.733333
274 370 -1.000000
275 277 0.200000
275 278 1.000000
275 279 -0.066667
275 280 -0.466667
275 371 -2.333333
276 277 0.733333
276 278 0.733333
276 279 0.733333
276 280 -0.200000
276 372 0.866667
277 285 0.733333
278 286 0.066667
279 287 -0.600000
280 288 1.000000
281 285 0.066667
281 286 1.000000
281 287 -0.600000
281 288 -0.066667
281 377 -0.333333
282 285 0.066667
282 286 -0.866667
282 287 -0.733333
282 288 0.466667
282 378 -0.200000
283 285 0.466667
283 286 0.066667
283 287 -0.066667
283 288 -0.066667
283 379 -0.600000
284 285 -0.333333
284 286 -0.466667
284 287 -0.733333
284 288 -0.600000
284 380 0.066667
289 293 -0.733333
289 294 0.200000
289 295 0.333333
289 296 0.066667
289 385 1.000000
290 293 -0.466667
290 294 3.666667
290 295 -0.866667
290 296 0.733333
290 386 -0.600000
291 293 0.200000
291 294 -0.600000
291 295 -0.733333
291 296 -0.066667
291 387 0.066667
292 293 -0.866667
292 294 -0.333333
292 295 -0.600000
292 296 -0.600000
292 388 -0.333333
293 301 -1.000000
294 302 3.000000
295 303 0.866667
296 304 -0.600000
297 301 -0.066667
297 302 -1.000000
297 303 -0.466667
297 304 0.333333
297 393 -0.200000
298 301 0.600000
298 302 -0.200000
298 303 -0.333333
298 304 -0.066667
298 394 -0.066667
299 301 5.000000
299 302 3.000000
299 303 0.733333
299 304 0.600000
299 395 -4.333333
300 301 0.333333
300 302 -0.466667
300 303 0.333333
300 304 -0.066667
300 396 0.600000
301 309 -0.600000
302 310 1.000000
303 311 0.600000
304 312 -0.466667
305 309 0.333333
305 310 -3.000000
305 311 -0.333333
305 312 1.000000
305 401 0.866667
306 309 1.000000
306 310 -0.333333
306 311 0.466667
306 312 -0.733333
306 402 1.000000
307 309 0.333333
307 310 -0.333333
307 311 1.000000
307 312 -0.600000
307 403 0.333333
308 309 -0.333333
308 310 0.733333
308 311 -0.333333
308 312 -0.600000
308 404 -0.066667
309 317 0.200000
310 318 -1.666667
311 319 0.600000
312 320 -0.600000
313 317 1.000000
313 318 -3.666667
313 319 -0.733333
313 320 1.000000
313 409 -5.000000
314 317 0.866667
314 318 -2.333333
314 319 2.333333
314 320 -1.000000
314 410 0.333333
315 317 0.600000
315 318 -2.333333
315 319 0.200000
315 320 0.466667
315 411 -0.600000
316 317 -0.066667
316 318 0.466667
316 319 0.600000
316 320 2.333333
316 412 0.466667
317 325 0.200000
318 326 -0.200000
319 327 -1.666667
320 328 0.866667
321 325 -1.000000
321 326 0.200000
321 327 -0.600000
321 328 -0.600000
321 417 -0.733333
322 325 -1.000000
322 326 -0.733333
322 327 0.200000
322 328 -0.733333
322 418 -1.000000
323 325 -0.866667
323 326 -0.466667
323 327 -0.600000
323 328 0.200000
323 419 0.066667
324 325 -1.000000
324 326 -0.466667
324 327 -0.333333
324 328 0.733333
324 420 -0.600000
325 333 0.200000
326 334 -0.066667
327 335 0.466667
328 336 -0.733333
329 333 -0.733333
329 334 0.333333
329 335 1.000000
329 336 -0.066667
329 425 -0.733333
330 333 0.600000
330 334 -0.733333
330 335 -0.600000
330 336 -0.066667
330 426 0.600000
331 333 -0.733333
331 334 -0.600000
331 335 1.000000
331 336 -0.200000
331 427 0.466667
332 333 0.866667
332 334 0.066667
332 335 -0.066667
332 336 0.733333
332 428 -1.000000
333 341 -0.866667
334 342 -0.866667
335 343 0.333333
336 344 -0.333333
337 341 0.733333
337 342 0.066667
337 343 -0.333333
337 344 0.466667
337 433 0.200000
338 341 -0.466667
338 342 1.000000
338 343 0.866667
338 344 0.200000
338 434 -0.333333
339 341 -0.333333
339 342 0.066667
339 343 1.000000
339 344 -0.466667
339 435 -0.466667
340 341 -0.066667
340 342 -0.200000
340 343 0.733333
340 344 -1.000000
340 436 -0.066667
341 349 0.466667
342 350 0.066667
343 351 0.066667
344 352 -1.000000
345 349 -0.600000
345 350 -0.466667
345 351 -0.466667
345 352 -0.866667
345 441 0.866667
346 349 0.733333
346 350 0.466667
346 351 -0.733333
346 352 0.733333
346 442 0.733333
347 349 0.600000
347 350 -0.333333
347 351 1.000000
347 352 1.000000
347 443 -1.000000
348 349 1.000000
348 350 0.066667
348 351 0.600000
348 352 -0.600000
348 444 2.333333
349 357 1.000000
350 358 0.866667
351 359 -0.466667
352 360 0.333333
353 357 0.466667
353 358 0.466667
353 359 -1.000000
353 360 1.000000
353 449 -0.600000
354 357 -0.466667
354 358 -0.066667
354 359 1.666667
354 360 0.200000
354 450 0.866667
355 357 -1.666667
355 358 0.200000
355 359 1.666667
355 360 1.000000
355 451 -0.733333
356 357 1.000000
356 358 -0.600000
356 359 -0.333333
356 360 0.066667
356 452 0.466667
357 365 5.000000
358 366 -0.466667
359 367 0.733333
360 368 0.066667
361 365 0.866667
361 366 0.466667
361 367 -0.200000
361 368 -0.600000
361 457 0.066667
362 365 0.200000
362 366 -0.466667
362 367 0.600000
362 368 0.600000
362 458 -0.333333
363 365 -0.200000
363 366 -0.066667
363 367 0.200000
363 368 0.466667
363 459 -0.333333
364 365 0.600000
364 366 -0.600000
364 367 0.333333
364 368 -0.600000
364 460 -3.000000
365 373 0.200000
366 374 -0.066667
367 375 -0.866667
368 376 -0.200000
369 373 0.333333
369 374 0.333333
369 375 0.066667
369 376 0.600000
369 465 1.000000
370 373 0.866667
370 374 1.000000
370 375 -0.466667
370 376 -0.866667
370 466 0.600000
371 373 3.666667
371 374 2.333333
371 375 3.000000
371 376 0.333333
371 467 -3.666667
372 373 0.066667
372 374 0.333333
372 375 -1.000000
372 376 0.733333
372 468 0.733333
373 381 0.333333
374 382 0.066667
375 383 -0.066667
376 384 0.333333
377 381 0.866667
377 382 0.600000
377 383 1.000000
377 384 -1.000000
377 473 0.200000
378 381 0.200000
378 382 -0.866667
378 383 -0.066667
378 384 -0.466667
378 474 0.466667
379 381 1.000000
379 382 -0.333333
379 383 0.600000
379 384 -0.600000
379 475 -0.600000
380 381 -1.000000
380 382 0.733333
380 383 -0.600000
380 384 0.466667
380 476 -0.600000
385 389 -0.066667
385 390 3.666667
385 391 1.666667
385 392 0.600000
385 481 4.333333
386 389 0.733333
386 390 0.600000
386 391 0.200000
386 392 0.866667
386 482 -1.000000
387 389 -0.733333
387 390 -1.000000
387 391 -0.866667
387 392 0.466667
387 483 -1.000000
388 389 -0.733333
388 390 -0.200000
388 391 0.466667
388 392 0.200000
388 484 -0.200000
389 397 0.733333
390 398 0.200000
391 399 0.866667
392 400 0.600000
393 397 0.333333
393 398 -0.600000
393 399 -0.200000
393 400 0.066667
393 489 -0.733333
394 397 0.066667
394 398 0.066667
394 399 -0.333333
394 400 0.600000
394 490 0.600000
395 397 0.600000
395 398 -0.733333
395 399 0.466667
395 400 -0.200000
395 491 -1.666667
396 397 -0.066667
396 398 0.866667
396 399 -0.866667
396 400 0.733333
396 492 0.600000
397 405 0.733333
398 406 -0.333333
399 407 -1.000000
400 408 0.066667
401 405 0.866667
401 406 -0.866667
401 407 0.866667
401 408 0.066667
401 497 -0.466667
402 405 -1.000000
402 406 0.333333
402 407 -0.866667
402 408 -0.066667
402 498 0.333333
403 405 -0.200000
403 406 0.733333
403 407 -0.600000
403 408 -0.066667
403 499 -0.066667
404 405 0.066667
404 406 0.333333
404 407 -0.333333
404 408 0.600000
404 500 0.600000
405 413 -0.600000
406 414 0.333333
407 415 0.200000
408 416 1.000000
409 413 0.066667
409 414 -0.066667
409 415 0.200000
409 416 -1.000000
409 505 1.000000
410 413 -4.333333
410 414 2.333333
410 415 0.866667
410 416 -5.000000
410 506 -3.666667
411 413 -0.600000
411 414 -0.200000
411 415 1.000000
411 416 0.733333
411 507 -0.466667
412 413 -0.866667
412 414 1.000000
412 415 -0.866667
412 416 -0.066667
412 508 0.733333
413 421 0.600000
414 422 -1.666667
415 423 -0.200000
416 424 -0.866667
417 421 0.733333
417 422 0.200000
417 423 -0.333333
417 424 -0.866667
417 513 -0.333333
418 421 0.066667
418 422 0.066667
418 423 -0.066667
418 424 -0.733333
418 514 -0.200000
419 421 0.066667
419 422 -0.733333
419 423 -0.600000
419 424 -0.066667
419 515 -0.200000
420 421 0.333333
420 422 0.066667
420 423 -0.733333
420 424 0.866667
420 516 -0.866667
421 429 0.200000
422 430 -0.600000
423 431 -1.000000
424 432 -0.866667
425 429 -0.600000
425 430 -0.733333
425 431 0.333333
425 432 -0.466667
425 521 -0.066667
426 429 -0.466667
426 430 0.600000
426 431 0.466667
426 432 0.466667
426 522 1.000000
427 429 -0.466667
427 430 0.466667
427 431 -0.866667
427 432 0.600000
427 523 -0.066667
428 429 -0.600000
428 430 -0.066667
428 431 -0.600000
428 432 1.000000
428 524 -0.866667
429 437 1.000000
430 438 -1.000000
431 439 -0.066667
432 440 -0.333333
433 437 -1.000000
433 438 0.600000
433 439 1.000000
433 440 -0.866667
433 529 -0.066667
434 437 -0.733333
434 438 0.466667
434 439 0.066667
434 440 0.200000
434 530 -0.200000
435 437 -0.466667
435 438 -0.733333
435 439 -0.333333
435 440 0.066667
435 531 -0.733333
436 437 0.733333
436 438 0.600000
436 439 -0.466667
436 440 -1.000000
436 532 1.000000
437 445 0.066667
438 446 -0.866667
439 447 0.333333
440 448 0.866667
441 445 0.866667
441 446 1.000000
441 447 -0.200000
441 448 0.466667
441 537 -0.066667
442 445 -0.733333
442 446 -0.466667
442 447 0.333333
442 448 0.066667
442 538 -0.866667
443 445 0.333333
443 446 -0.600000
443 447 0.866667
443 448 -0.600000
443 539 -0.200000
444 445 1.000000
444 446 1.000000
444 447 -0.333333
444 448 -0.066667
444 540 1.000000
445 453 -0.600000
446 454 -1.000000
447 455 -0.733333
448 456 -0.200000
449 453 1.000000
449 454 -0.200000
449 455 0.600000
449 456 -0.733333
449 545 0.600000
450 453 -1.000000
450 454 0.866667
450 455 -0.733333
450 456 -1.000000
450 546 -0.466667
451 453 -0.066667
451 454 -0.466667
451 455 0.600000
451 456 0.733333
451 547 0.466667
452 453 -0.066667
452 454 0.466667
452 455 0.866667
452 456 -0.066667
452 548 -0.866667
453 461 0.066667
454 462 0.733333
455 463 0.466667
456 464 0.600000
457 461 5.000000
457 462 -4.333333
457 463 -0.200000
457 464 -0.200000
457 553 0.733333
458 461 -0.466667
458 462 0.733333
458 463 -0.066667
458 464 0.333333
458 554 -0.733333
459 461 -3.666667
459 462 0.066667
459 463 0.066667
459 464 -0.600000
459 555 4.333333
460 461 -0.866667
460 462 -1.666667
460 463 0.600000
460 464 -0.866667
460 556 -0.333333
461 469 0.066667
462 470 -1.000000
463 471 -0.466667
464 472 -0.866667
465 469 -1.000000
465 470 -0.066667
465 471 -0.866667
465 472 0.333333
465 561 -0.333333
466 469 0.066667
466 470 -0.466667
466 471 0.600000
466 472 0.066667
466 562 0.600000
467 469 -0.600000
467 470 0.466667
467 471 0.600000
467 472 0.466667
467 563 -0.333333
468 469 -0.066667
468 470 -0.600000
468 471 -1.000000
468 472 0.066667
468 564 1.000000
469 477 -0.333333
470 478 -0.466667
471 479 0.866667
472 480 0.600000
473 477 1.000000
473 478 -0.066667
473 479 -0.733333
473 480 0.600000
473 569 -0.333333
474 477 -0.200000
474 478 -0.733333
474 479 -0.466667
474 480 -0.333333
474 570 0.333333
475 477 -0.733333
475 478 -0.200000
475 479 0.466667
475 480 -0.866667
475 571 -0.200000
476 477 0.866667
476 478 -1.000000
476 479 -0.600000
476 480 -0.200000
476 572 -0.733333
481 485 -1.666667
481 486 0.600000
481 487 0.600000
481 488 0.866667
481 577 5.000000
482 485 -0.066667
482 486 -0.600000
482 487 0.733333
482 488 -0.600000
482 578 0.866667
483 485 -0.466667
483 486 -0.466667
483 487 0.866667
483 488 -0.200000
483 579 -0.866667
484 485 1.666667
484 486 -0.466667
484 487 0.333333
484 488 0.066667
484 580 0.600000
485 493 -0.200000
486 494 -0.333333
487 495 -0.866667
488 496 0.733333
489 493 -0.733333
489 494 0.333333
489 495 -0.600000
489 496 0.200000
489 585 0.200000
490 493 -0.600000
490 494 -0.066667
490 495 1.000000
490 496 -0.733333
490 586 0.600000
491 493 -1.000000
491 494 -0.466667
491 495 -5.000000
491 496 0.600000
491 587 -1.000000
492 493 0.066667
492 494 -0.466667
492 495 0.733333
492 496 -0.600000
492 588 1.000000
493 501 -0.866667
494 502 -0.066667
495 503 0.733333
496 504 0.600000
497 501 -0.466667
497 502 0.600000
497 503 0.066667
497 504 -0.866667
497 593 0.733333
498 501 0.333333
498 502 -0.866667
498 503 -2.333333
498 504 1.000000
498 594 -4.333333
499 501 0.466667
499 502 1.000000
499 503 -5.000000
499 504 -0.733333
499 595 -0.333333
500 501 0.600000
500 502 0.466667
500 503 -0.866667
500 504 0.200000
500 596 -1.000000
501 509 0.200000
502 510 -0.066667
503 511 -0.733333
504 512 1.000000
505 509 0.866667
505 510 -0.066667
505 511 0.733333
505 512 0.866667
505 601 -0.600000
506 509 -0.466667
506 510 0.600000
506 511 3.000000
506 512 0.066667
506 602 -0.200000
507 509 -0.600000
507 510 -0.733333
507 511 0.866667
507 512 0.600000
507 603 -0.333333
508 509 -0.733333
508 510 0.200000
508 511 0.733333
508 512 1.000000
508 604 -0.866667
509 517 -0.866667
510 518 -0.733333
511 519 0.866667
512 520 -0.066667
513 517 0.733333
513 518 -0.066667
513 519 0.600000
513 520 -0.866667
513 609 0.200000
514 517 -0.066667
514 518 -0.466667
514 519 -0.066667
514 520 -0.200000
514 610 0.066667
515 517 1.000000
515 518 -0.200000
515 519 -0.066667
515 520 -0.333333
515 611 -0.866667
516 517 0.066667
516 518 0.866667
516 519 0.733333
516 520 -0.733333
516 612 -0.066667
517 525 0.733333
518 526 -1.000000
519 527 1.000000
520 528 -0.733333
521 525 -0.733333
521 526 -1.000000
521 527 -0.866667
521 528 -0.733333
521 617 0.466667
522 525 0.866667
522 526 0.600000
522 527 0.466667
522 528 -0.866667
522 618 0.733333
523 525 0.600000
523 526 0.466667
523 527 -0.600000
523 528 0.600000
523 619 0.866667
524 525 -0.866667
524 526 -0.866667
524 527 -0.333333
524 528 -1.000000
524 620 -0.066667
525 533 -0.866667
526 534 -0.333333
527 535 0.866667
528 536 -0.600000
529 533 -0.066667
529 534 1.000000
529 535 0.333333
529 536 -1.000000
529 625 3.666667
530 533 0.733333
530 534 -0.466667
530 535 -0.066667
530 536 0.200000
530 626 -0.866667
531 533 1.000000
531 534 0.466667
531 535 0.733333
531 536 0.733333
531 627 0.466667
532 533 -0.733333
532 534 0.333333
532 535 -0.600000
532 536 -0.066667
532 628 0.733333
533 541 0.200000
534 542 0.466667
535 543 0.600000
536 544 0.733333
537 541 -4.333333
537 542 0.466667
537 543 0.333333
537 544 0.200000
537 633 -1.000000
538 541 -0.600000
538 542 5.000000
538 543 -5.000000
538 544 0.066667
538 634 -0.466667
539 541 -0.066667
539 542 0.733333
539 543 -1.000000
539 544 0.733333
539 635 0.733333
540 541 3.000000
540 542 -0.866667
540 543 -0.733333
540 544 0.066667
540 636 0.866667
541 549 -0.066667
542 550 -0.866667
543 551 0.466667
544 552 0.866667
545 549 -0.866667
545 550 -0.600000
545 551 0.066667
545 552 -0.200000
545 641 -0.733333
546 549 -1.000000
546 550 -0.733333
546 551 0.733333
546 552 0.466667
546 642 0.466667
547 549 -0.200000
547 550 -0.466667
547 551 -0.333333
547 552 0.200000
547 643 0.200000
548 549 0.333333
548 550 0.866667
548 551 0.333333
548 552 -1.000000
548 644 -0.866667
549 557 0.733333
550 558 0.733333
551 559 0.333333
552 560 -0.733333
553 557 -0.333333
553 558 -0.733333
553 559 0.600000
553 560 0.200000
553 649 0.866667
554 557 0.466667
554 558 0.066667
554 559 0.200000
554 560 -0.066667
554 650 -0.200000
555 557 -0.066667
555 558 0.466667
555 559 0.066667
555 560 -0.866667
555 651 -0.066667
556 557 -0.466667
556 558 1.666667
556 559 1.000000
556 560 -0.866667
556 652 -0.066667
557 565 0.866667
558 566 -1.000000
559 567 0.333333
560 568 -0.200000
561 565 -0.066667
561 566 0.466667
561 567 0.733333
561 568 1.666667
561 657 -2.333333
562 565 0.200000
562 566 0.333333
562 567 -0.866667
562 568 -0.466667
562 658 -0.600000
563 565 -0.066667
563 566 -0.066667
563 567 -0.066667
563 568 4.333333
563 659 0.866667
564 565 0.066667
564 566 -0.733333
564 567 -0.333333
564 568 0.333333
564 660 1.000000
565 573 0.200000
566 574 -0.866667
567 575 -0.466667
568 576 0.200000
569 573 -0.600000
569 574 0.466667
569 575 -1.000000
569 576 -0.866667
569 665 0.066667
570 573 1.000000
570 574 0.733333
570 575 0.733333
570 576 0.333333
570 666 0.733333
571 573 0.600000
571 574 0.733333
571 575 -1.000000
571 576 -0.200000
571 667 1.000000
572 573 -0.600000
572 574 -1.000000
572 575 -0.466667
572 576 1.000000
572 668 -0.866667
577 581 -3.000000
577 582 -0.600000
577 583 0.333333
577 584 1.000000
577 673 -0.733333
578 581 1.000000
578 582 0.600000
578 583 -0.200000
578 584 -0.600000
578 674 0.066667
579 581 -0.866667
579 582 -1.000000
579 583 -0.600000
579 584 -0.466667
579 675 -0.866667
580 581 0.600000
580 582 -1.000000
580 583 0.066667
580 584 -0.466667
580 676 0.066667
581 589 -0.600000
582 590 0.066667
583 591 -3.666667
584 592 -0.600000
585 589 -3.000000
585 590 0.733333
585 591 1.000000
585 592 -0.733333
585 681 0.333333
586 589 0.066667
586 590 -0.333333
586 591 2.333333
586 592 -1.000000
586 682 0.866667
587 589 0.066667
587 590 4.333333
587 591 -2.333333
587 592 0.200000
587 683 0.200000
588 589 -0.466667
588 590 -0.466667
588 591 -1.000000
588 592 0.200000
588 684 -5.000000
589 597 -0.066667
590 598 0.866667
591 599 -0.866667
592 600 0.200000
593 597 -0.066667
593 598 -0.600000
593 599 -0.200000
593 600 0.066667
593 689 -0.333333
594 597 -0.733333
594 598 1.666667
594 599 -0.733333
594 600 0.866667
594 690 -5.000000
595 597 0.600000
595 598 -0.600000
595 599 0.333333
595 600 -0.333333
595 691 -0.600000
596 597 0.866667
596 598 -0.600000
596 599 -0.466667
596 600 -0.466667
596 692 1.000000
597 605 0.600000
598 606 0.600000
599 607 -0.600000
600 608 -1.000000
601 605 0.866667
601 606 -0.733333
601 607 -0.733333
601 608 -0.333333
601 697 -1.000000
602 605 -1.000000
602 606 -0.333333
602 607 0.200000
602 608 0.333333
602 698 -0.200000
603 605 0.200000
603 606 0.333333
603 607 -0.333333
603 608 -0.333333
603 699 -4.333333
604 605 1.000000
604 606 -0.733333
604 607 -1.000000
604 608 -1.000000
604 700 -0.466667
605 613 -0.066667
606 614 -0.333333
607 615 0.200000
608 616 0.600000
609 613 -3.000000
609 614 -0.600000
609 615 0.733333
609 616 -0.066667
609 705 1.000000
610 613 0.333333
610 614 0.066667
610 615 1.000000
610 616 0.866667
610 706 -1.000000
611 613 -0.066667
611 614 0.866667
611 615 0.600000
611 616 0.866667
611 707 0.866667
612 613 0.733333
612 614 0.333333
612 615 0.600000
612 616 -0.200000
612 708 -0.200000
613 621 1.000000
614 622 0.733333
615 623 -0.333333
616 624 -0.733333
617 621 -1.000000
617 622 1.666667
617 623 -0.600000
617 624 -0.333333
617 713 -0.600000
618 621 -0.066667
618 622 -0.600000
618 623 0.066667
618 624 0.200000
618 714 -0.200000
619 621 0.066667
619 622 -0.866667
619 623 0.066667
619 624 -0.333333
619 715 0.466667
620 621 -0.066667
620 622 5.000000
620 623 5.000000
620 624 0.733333
620 716 -4.333333
621 629 -0.200000
622 630 0.200000
623 631 0.600000
624 632 0.066667
625 629 -0.333333
625 630 -0.066667
625 631 -0.066667
625 632 0.066667
625 721 0.066667
626 629 -0.066667
626 630 -1.000000
626 631 0.600000
626 632 -1.000000
626 722 -0.333333
627 629 -0.733333
627 630 0.600000
627 631 0.466667
627 632 -0.066667
627 723 -0.733333
628 629 0.333333
628 630 -0.200000
628 631 -0.600000
628 632 0.866667
628 724 0.066667
629 637 0.200000
630 638 -0.066667
631 639 -1.000000
632 640 0.333333
633 637 -0.333333
633 638 -5.000000
633 639 -0.866667
633 640 0.600000
633 729 0.866667
634 637 -0.600000
634 638 -0.733333
634 639 -0.200000
634 640 -0.333333
634 730 0.866667
635 637 0.333333
635 638 0.733333
635 639 -0.866667
635 640 0.733333
635 731 0.466667
636 637 0.600000
636 638 1.000000
636 639 0.466667
636 640 -0.733333
636 732 0.200000
637 645 0.733333
638 646 5.000000
639 647 0.600000
640 648 -0.466667
641 645 0.066667
641 646 0.200000
641 647 0.733333
641 648 -0.066667
641 737 -0.333333
642 645 1.000000
642 646 -0.200000
642 647 0.466667
642 648 0.200000
642 738 -0.466667
643 645 0.200000
643 646 0.066667
643 647 0.066667
643 648 -0.600000
643 739 0.066667
644 645 -0.600000
644 646 0.066667
644 647 -0.600000
644 648 0.066667
644 740 0.866667
645 653 -0.066667
646 654 -0.466667
647 655 -0.466667
648 656 -0.866667
649 653 -0.200000
649 654 0.333333
649 655 0.600000
649 656 -0.733333
649 745 0.066667
650 653 -0.733333
650 654 0.600000
650 655 0.066667
650 656 0.066667
650 746 -0.200000
651 653 1.000000
651 654 0.466667
651 655 1.000000
651 656 0.466667
651 747 -0.466667
652 653 1.000000
652 654 -0.066667
652 655 0.466667
652 656 -0.866667
652 748 0.733333
653 661 -0.866667
654 662 0.333333
655 663 -0.066667
656 664 5.000000
657 661 3.666667
657 662 -2.333333
657 663 0.600000
657 664 -3.666667
657 753 -5.000000
658 661 -0.466667
658 662 -0.200000
658 663 0.466667
658 664 -0.333333
658 754 0.200000
659 661 -0.866667
659 662 -0.066667
659 663 0.733333
659 664 0.866667
659 755 -0.200000
660 661 0.333333
660 662 1.000000
660 663 0.333333
660 664 2.333333
660 756 -0.333333
661 669 0.733333
662 670 0.600000
663 671 -0.200000
664 672 0.200000
665 669 0.066667
665 670 0.333333
665 671 0.066667
665 672 -0.200000
665 761 -0.066667
666 669 -0.466667
666 670 0.333333
666 671 0.200000
666 672 -0.733333
666 762 -0.066667
667 669 -1.000000
667 670 0.333333
667 671 -0.866667
667 672 -0.200000
667 763 -0.733333
668 669 -0.066667
668 670 0.066667
668 671 -0.866667
668 672 0.733333
668 764 0.466667
673 677 1.000000
673 678 0.333333
673 679 0.066667
673 680 0.066667
673 769 -0.866667
674 677 -0.200000
674 678 0.466667
674 679 -0.600000
674 680 0.466667
674 770 -0.600000
675 677 0.600000
675 678 0.600000
675 679 0.733333
675 680 0.600000
675 771 -0.600000
676 677 0.866667
676 678 0.333333
676 679 0.733333
676 680 0.066667
676 772 -0.866667
677 685 0.600000
678 686 -5.000000
679 687 -1.000000
680 688 -0.866667
681 685 3.000000
681 686 0.066667
681 687 0.466667
681 688 1.000000
681 777 0.733333
682 685 -0.066667
682 686 0.200000
682 687 -0.066667
682 688 -0.600000
682 778 0.733333
683 685 0.333333
683 686 2.333333
683 687 -0.733333
683 688 0.333333
683 779 2.333333
684 685 -0.333333
684 686 0.200000
684 687 -1.000000
684 688 0.733333
684 780 -0.733333
685 693 -3.000000
686 694 -5.000000
687 695 1.000000
688 696 -0.466667
689 693 0.866667
689 694 0.333333
689 695 0.466667
689 696 0.733333
689 785 -0.066667
690 693 0.333333
690 694 -0.066667
690 695 0.066667
690 696 -0.333333
690 786 3.666667
691 693 1.000000
691 694 4.333333
691 695 0.866667
691 696 1.000000
691 787 0.866667
692 693 -0.866667
692 694 0.733333
692 695 0.866667
692 696 0.733333
692 788 0.466667
693 701 2.333333
694 702 -3.000000
695 703 -0.733333
696 704 -0.333333
697 701 -3.666667
697 702 -0.333333
697 703 -0.066667
697 704 0.200000
697 793 -5.000000
698 701 -0.200000
698 702 4.333333
698 703 1.000000
698 704 0.066667
698 794 -1.000000
699 701 -1.000000
699 702 0.066667
699 703 -0.066667
699 704 -0.333333
699 795 5.000000
700 701 -1.666667
700 702 -0.200000
700 703 -0.066667
700 704 2.333333
700 796 -0.600000
701 709 -5.000000
702 710 0.733333
703 711 -0.866667
704 712 -0.733333
705 709 5.000000
705 710 0.333333
705 711 0.333333
705 712 -1.000000
705 801 -0.466667
706 709 4.333333
706 710 0.466667
706 711 -0.466667
706 712 -0.733333
706 802 -0.066667
707 709 0.466667
707 710 0.600000
707 711 -1.000000
707 712 0.733333
707 803 0.866667
708 709 0.466667
708 710 0.333333
708 711 0.333333
708 712 -0.733333
708 804 -0.733333
709 717 -3.666667
710 718 -0.866667
711 719 -1.000000
712 720 0.066667
713 717 1.000000
713 718 0.466667
713 719 -1.000000
713 720 1.000000
713 809 -0.200000
714 717 0.600000
714 718 0.200000
714 719 0.333333
714 720 -0.066667
714 810 1.000000
715 717 -1.000000
715 718 1.000000
715 719 -0.600000
715 720 0.333333
715 811 0.066667
716 717 -0.066667
716 718 3.000000
716 719 1.000000
716 720 0.866667
716 812 -0.733333
717 725 -3.000000
718 726 -0.866667
719 727 0.866667
720 728 -0.200000
721 725 0.466667
721 726 0.600000
721 727 -0.466667
721 728 -0.333333
721 817 -0.200000
722 725 0.600000
722 726 1.000000
722 727 -0.200000
722 728 -0.200000
722 818 -0.866667
723 725 -0.600000
723 726 0.066667
723 727 0.066667
723 728 0.066667
723 819 -0.866667
724 725 1.000000
724 726 0.733333
724 727 0.866667
724 728 0.333333
724 820 -0.866667
725 733 -0.333333
726 734 -0.600000
727 735 -0.600000
728 736 0.066667
729 733 -1.000000
729 734 1.000000
729 735 -0.866667
729 736 -0.733333
729 825 1.000000
730 733 0.866667
730 734 0.866667
730 735 1.000000
730 736 1.000000
730 826 0.066667
731 733 -1.000000
731 734 -0.733333
731 735 -0.733333
731 736 -0.733333
731 827 0.333333
732 733 0.733333
732 734 0.600000
732 735 1.000000
732 736 -0.333333
732 828 0.066667
733 741 0.600000
734 742 -1.000000
735 743 -0.333333
736 744 -0.733333
737 741 0.866667
737 742 -0.600000
737 743 0.466667
737 744 -1.000000
737 833 -0.066667
738 741 -1.000000
738 742 -0.866667
738 743 0.733333
738 744 -0.333333
738 834 -1.000000
739 741 -0.333333
739 742 -1.000000
739 743 0.200000
739 744 0.866667
739 835 0.600000
740 741 0.866667
740 742 0.866667
740 743 0.733333
740 744 -0.866667
740 836 0.866667
741 749 0.333333
742 750 -0.866667
743 751 0.600000
744 752 -0.600000
745 749 -0.733333
745 750 1.000000
745 751 0.866667
745 752 0.866667
745 841 -0.600000
746 749 5.000000
746 750 0.466667
746 751 1.000000
746 752 -0.466667
746 842 1.000000
747 749 4.333333
747 750 -3.000000
747 751 0.600000
747 752 0.066667
747 843 0.333333
748 749 0.200000
748 750 0.600000
748 751 -0.200000
748 752 0.866667
748 844 -0.200000
749 757 4.333333
750 758 -1.000000
751 759 -0.200000
752 760 -0.733333
753 757 -0.066667
753 758 -0.333333
753 759 0.733333
753 760 -0.466667
753 849 2.333333
754 757 -0.066667
754 758 -0.066667
754 759 -1.000000
754 760 -1.000000
754 850 -1.000000
755 757 0.200000
755 758 0.066667
755 759 -0.333333
755 760 -0.600000
755 851 -0.600000
756 757 -0.866667
756 758 -0.733333
756 759 0.066667
756 760 -0.866667
756 852 -0.733333
757 765 0.333333
758 766 0.200000
759 767 -0.866667
760 768 0.733333
761 765 -1.000000
761 766 -0.600000
761 767 -0.733333
761 768 -0.466667
761 857 0.466667
762 765 -0.466667
762 766 0.066667
762 767 0.333333
762 768 0.466667
762 858 0.733333
763 765 -1.000000
763 766 0.466667
763 767 0.733333
763 768 0.866667
763 859 0.066667
764 765 0.733333
764 766 0.200000
764 767 0.066667
764 768 0.466667
764 860 -0.466667
769 773 0.333333
769 774 0.333333
769 775 -0.733333
769 776 -0.066667
769 865 0.466667
770 773 -0.600000
770 774 0.333333
770 775 -0.333333
770 776 0.066667
770 866 0.333333
771 773 0.866667
771 774 -0.200000
771 775 -0.733333
771 776 0.866667
771 867 0.200000
772 773 -0.066667
772 774 -0.733333
772 775 -0.333333
772 776 -0.333333
772 868 0.866667
773 781 -1.000000
774 782 1.000000
775 783 0.466667
776 784 -0.200000
777 781 0.200000
777 782 -2.333333
777 783 -0.333333
777 784 0.866667
777 873 0.733333
778 781 -1.000000
778 782 -0.466667
778 783 -0.866667
778 784 0.066667
778 874 0.866667
779 781 0.600000
779 782 -0.466667
779 783 1.000000
779 784 -0.200000
779 875 0.066667
780 781 0.600000
780 782 -3.666667
780 783 0.066667
780 784 0.600000
780 876 0.600000
781 789 3.666667
782 790 -3.666667
783 791 0.733333
784 792 0.866667
785 789 0.733333
785 790 -0.466667
785 791 0.466667
785 792 -0.600000
785 881 -0.066667
786 789 5.000000
786 790 3.666667
786 791 1.000000
786 792 -0.066667
786 882 -1.000000
787 789 -0.333333
787 790 -1.000000
787 791 0.333333
787 792 -0.466667
787 883 0.466667
788 789 0.466667
788 790 -1.000000
788 791 0.066667
788 792 0.066667
788 884 0.466667
789 797 0.733333
790 798 3.000000
791 799 -1.000000
792 800 -0.066667
793 797 -0.600000
793 798 5.000000
793 799 -1.000000
793 800 2.333333
793 889 -0.733333
794 797 0.333333
794 798 -1.000000
794 799 0.733333
794 800 1.000000
794 890 -0.733333
795 797 0.866667
795 798 0.200000
795 799 0.466667
795 800 -1.000000
795 891 -0.333333
796 797 0.600000
796 798 -0.066667
796 799 -0.466667
796 800 -0.066667
796 892 0.333333
797 805 -0.866667
798 806 -0.733333
799 807 -0.200000
800 808 0.466667
801 805 -0.866667
801 806 -0.733333
801 807 0.066667
801 808 0.733333
801 897 -0.333333
802 805 -0.066667
802 806 0.200000
802 807 0.600000
802 808 0.066667
802 898 0.466667
803 805 0.600000
803 806 0.200000
803 807 0.333333
803 808 -1.000000
803 899 -0.466667
804 805 0.733333
804 806 0.066667
804 807 -0.866667
804 808 0.600000
804 900 0.600000
805 813 -0.600000
806 814 0.733333
807 815 -0.600000
808 816 0.466667
809 813 -0.733333
809 814 -0.733333
809 815 0.733333
809 816 -0.733333
809 905 0.466667
810 813 -0.733333
810 814 0.600000
810 815 -0.200000
810 816 -0.333333
810 906 0.600000
811 813 -0.866667
811 814 1.000000
811 815 -1.000000
811 816 -0.600000
811 907 -0.066667
812 813 0.866667
812 814 0.866667
812 815 1.000000
812 816 -1.000000
812 908 0.866667
813 821 -0.333333
814 822 -0.733333
815 823 1.000000
816 824 -1.000000
817 821 0.466667
817 822 -1.000000
817 823 -0.600000
817 824 -0.600000
817 913 -0.066667
818 821 0.466667
818 822 -0.066667
818 823 -3.666667
818 824 -0.466667
818 914 0.333333
819 821 -0.333333
819 822 0.066667
819 823 0.333333
819 824 -0.600000
819 915 -0.466667
820 821 -0.733333
820 822 -0.066667
820 823 5.000000
820 824 -0.733333
820 916 3.000000
821 829 0.733333
822 830 0.866667
823 831 -0.333333
824 832 -0.866667
825 829 0.333333
825 830 0.066667
825 831 0.066667
825 832 0.200000
825 921 -0.466667
826 829 0.066667
826 830 0.600000
826 831 -0.200000
826 832 0.066667
826 922 0.333333
827 829 -1.000000
827 830 0.066667
827 831 0.600000
827 832 1.000000
827 923 0.200000
828 829 0.333333
828 830 0.466667
828 831 0.466667
828 832 0.466667
828 924 -0.200000
829 837 -0.333333
830 838 1.666667
831 839 0.333333
832 840 0.733333
833 837 0.466667
833 838 -3.666667
833 839 0.333333
833 840 0.600000
833 929 -4.333333
834 837 -0.200000
834 838 0.600000
834 839 0.866667
834 840 0.600000
834 930 -0.600000
835 837 3.000000
835 838 3.666667
835 839 0.600000
835 840 -1.000000
835 931 0.333333
836 837 0.466667
836 838 -0.066667
836 839 0.200000
836 840 -0.600000
836 932 -0.600000
837 845 -0.600000
838 846 5.000000
839 847 -0.333333
840 848 0.200000
841 845 0.866667
841 846 0.866667
841 847 0.200000
841 848 0.600000
841 937 -1.000000
842 845 -0.600000
842 846 0.866667
842 847 0.866667
842 848 1.000000
842 938 4.333333
843 845 3.666667
843 846 0.600000
843 847 0.733333
843 848 -0.866667
843 939 -0.600000
844 845 4.333333
844 846 0.333333
844 847 0.333333
844 848 0.600000
844 940 3.666667
845 853 -3.000000
846 854 3.666667
847 855 0.200000
848 856 0.733333
849 853 -1.000000
849 854 1.000000
849 855 1.000000
849 856 5.000000
849 945 -1.666667
850 853 0.333333
850 854 -5.000000
850 855 0.600000
850 856 -0.200000
850 946 -0.333333
851 853 -0.466667
851 854 1.000000
851 855 0.866667
851 856 -0.066667
851 947 -0.733333
852 853 0.466667
852 854 0.066667
852 855 -0.200000
852 856 3.666667
852 948 -0.333333
853 861 0.333333
854 862 -1.000000
855 863 4.333333
856 864 0.866667
857 861 0.333333
857 862 -0.333333
857 863 -0.466667
857 864 -0.200000
857 953 1.000000
858 861 1.666667
858 862 0.866667
858 863 -0.066667
858 864 0.200000
858 954 -5.000000
859 861 0.066667
859 862 -0.466667
859 863 -1.666667
859 864 1.000000
859 955 -0.733333
860 861 3.666667
860 862 -0.733333
860 863 3.000000
860 864 -0.200000
860 956 0.466667
865 869 -0.333333
865 870 -0.733333
865 871 0.066667
865 872 0.200000
865 961 -0.600000
866 869 -0.466667
866 870 0.733333
866 871 1.000000
866 872 0.333333
866 962 1.000000
867 869 -0.866667
867 870 0.066667
867 871 -0.733333
867 872 0.200000
867 963 -1.000000
868 869 0.600000
868 870 -1.000000
868 871 0.466667
868 872 -0.466667
868 964 -0.333333
869 877 0.333333
870 878 0.466667
871 879 -1.000000
872 880 -0.200000
873 877 0.200000
873 878 -0.333333
873 879 -0.600000
873 880 -0.466667
873 969 0.600000
874 877 -0.466667
874 878 -0.466667
874 879 -0.333333
874 880 -0.733333
874 970 0.066667
875 877 0.066667
875 878 -0.866667
875 879 -0.333333
875 880 -0.333333
875 971 0.333333
876 877 0.733333
876 878 0.333333
876 879 0.733333
876 880 0.066667
876 972 0.733333
877 885 0.466667
878 886 -0.333333
879 887 -0.466667
880 888 -0.200000
881 885 -1.000000
881 886 -0.866667
881 887 0.733333
881 888 -0.200000
881 977 0.866667
882 885 0.733333
882 886 -0.066667
882 887 0.733333
882 888 0.733333
882 978 -0.066667
883 885 -0.333333
883 886 0.866667
883 887 0.733333
883 888 1.000000
883 979 -0.733333
884 885 -0.066667
884 886 0.200000
884 887 -0.866667
884 888 -0.333333
884 980 -0.066667
885 893 0.466667
886 894 0.066667
887 895 0.866667
888 896 -0.600000
889 893 -0.200000
889 894 0.066667
889 895 0.066667
889 896 0.066667
889 985 -0.600000
890 893 0.733333
890 894 0.200000
890 895 -1.000000
890 896 -0.600000
890 986 -0.200000
891 893 -0.200000
891 894 0.600000
891 895 0.066667
891 896 -0.200000
891 987 -0.066667
892 893 0.333333
892 894 -0.066667
892 895 -0.600000
892 896 -1.000000
892 988 -0.066667
893 901 -0.466667
894 902 -0.733333
895 903 0.733333
896 904 -0.200000
897 901 -0.733333
897 902 0.600000
897 903 -1.000000
897 904 0.866667
897 993 0.866667
898 901 0.066667
898 902 -0.466667
898 903 0.600000
898 904 -0.600000
898 994 1.000000
899 901 1.000000
899 902 0.466667
899 903 -0.200000
899 904 0.733333
899 995 0.466667
900 901 -0.866667
900 902 -0.600000
900 903 -1.000000
900 904 0.733333
900 996 1.000000
901 909 0.733333
902 910 -1.000000
903 911 0.066667
904 912 1.000000
905 909 -0.866667
905 910 0.333333
905 911 0.733333
905 912 0.066667
905 1001 0.600000
906 909 0.333333
906 910 -1.666667
906 911 5.000000
906 912 3.000000
906 1002 -0.600000
907 909 0.466667
907 910 0.600000
907 911 0.066667
907 912 0.600000
907 1003 0.200000
908 909 0.333333
908 910 -0.066667
908 911 0.600000
908 912 0.066667
908 1004 -0.600000
909 917 -0.200000
910 918 -1.000000
911 919 1.666667
912 920 -0.333333
913 917 -0.200000
913 918 0.600000
913 919 1.000000
913 920 0.066667
913 1009 -0.333333
914 917 0.866667
914 918 0.866667
914 919 -0.200000
914 920 0.866667
914 1010 -0.200000
915 917 0.333333
915 918 -0.866667
915 919 0.466667
915 920 -0.200000
915 1011 0.733333
916 917 -0.066667
916 918 0.333333
916 919 -3.666667
916 920 0.066667
916 1012 -0.333333
917 925 -0.066667
918 926 1.000000
919 927 -1.000000
920 928 -3.666667
921 925 1.000000
921 926 0.733333
921 927 -0.866667
921 928 1.000000
921 1017 0.466667
922 925 -1.000000
922 926 -1.000000
922 927 -0.466667
922 928 0.600000
922 1018 -0.200000
923 925 -0.866667
923 926 -0.466667
923 927 -0.333333
923 928 0.200000
923 1019 -1.000000
924 925 -1.000000
924 926 0.066667
924 927 0.066667
924 928 0.600000
924 1020 -0.733333
925 933 -0.200000
926 934 0.333333
927 935 -0.600000
928 936 0.733333
929 933 1.666667
929 934 1.000000
929 935 -0.733333
929 936 -0.600000
929 1025 -0.466667
930 933 0.733333
930 934 0.733333
930 935 0.866667
930 936 -0.733333
930 1026 -0.333333
931 933 1.000000
931 934 -0.066667
931 935 0.333333
931 936 -1.000000
931 1027 0.200000
932 933 0.733333
932 934 0.600000
932 935 -0.466667
932 936 -0.200000
932 1028 0.200000
933 941 -0.733333
934 942 -0.200000
935 943 -0.333333
936 944 0.200000
937 941 -1.000000
937 942 0.600000
937 943 4.333333
937 944 -0.466667
937 1033 4.333333
938 941 5.000000
938 942 0.333333
938 943 -1.000000
938 944 1.000000
938 1034 -0.333333
939 941 -0.600000
939 942 3.000000
939 943 -0.600000
939 944 -0.600000
939 1035 1.000000
940 941 1.000000
940 942 -0.866667
940 943 0.200000
940 944 -0.866667
940 1036 1.666667
941 949 -3.000000
942 950 -0.600000
943 951 -0.333333
944 952 -4.333333
945 949 0.333333
945 950 1.000000
945 951 -2.333333
945 952 -0.333333
945 1041 -3.000000
946 949 -0.333333
946 950 3.666667
946 951 1.000000
946 952 0.600000
946 1042 0.066667
947 949 1.000000
947 950 -1.666667
947 951 -0.600000
947 952 0.066667
947 1043 3.666667
948 949 -0.333333
948 950 0.333333
948 951 -0.466667
948 952 -0.066667
948 1044 -0.066667
949 957 -3.000000
950 958 -2.333333
951 959 -1.666667
952 960 -1.000000
953 957 1.000000
953 958 -0.333333
953 959 -1.000000
953 960 -0.866667
953 1049 1.000000
954 957 -0.466667
954 958 -1.000000
954 959 -0.333333
954 960 0.600000
954 1050 -1.000000
955 957 -0.466667
955 958 0.733333
955 959 1.000000
955 960 -0.333333
955 1051 -1.666667
956 957 -2.333333
956 958 0.600000
956 959 0.733333
956 960 0.066667
956 1052 -0.733333
961 965 1.000000
961 966 -0.733333
961 967 0.066667
961 968 4.333333
961 1057 0.600000
962 965 4.333333
962 966 -0.466667
962 967 -0.066667
962 968 -0.600000
962 1058 -0.200000
963 965 3.666667
963 966 -0.333333
963 967 1.000000
963 968 4.333333
963 1059 3.666667
964 965 -4.333333
964 966 -0.733333
964 967 1.000000
964 968 0.066667
964 1060 -1.000000
965 973 0.066667
966 974 -0.866667
967 975 -0.066667
968 976 -0.866667
969 973 0.866667
969 974 -0.333333
969 975 -1.000000
969 976 -0.733333
969 1065 0.600000
970 973 0.600000
970 974 0.066667
970 975 0.866667
970 976 0.200000
970 1066 -0.200000
971 973 -0.333333
971 974 -0.200000
971 975 -0.200000
971 976 0.600000
971 1067 -1.000000
972 973 -0.600000
972 974 -0.066667
972 975 -1.000000
972 976 -0.200000
972 1068 -1.666667
973 981 -0.733333
974 982 -0.866667
975 983 -0.466667
976 984 0.866667
977 981 -1.000000
977 982 1.000000
977 983 1.000000
977 984 -0.733333
977 1073 0.733333
978 981 0.066667
978 982 0.733333
978 983 -0.200000
978 984 -0.200000
978 1074 1.666667
979 981 -0.333333
979 982 -0.733333
979 983 -0.200000
979 984 -0.733333
979 1075 0.866667
980 981 0.600000
980 982 -0.066667
980 983 0.733333
980 984 0.200000
980 1076 -0.333333
981 989 -0.733333
982 990 0.733333
983 991 -0.600000
984 992 0.200000
985 989 0.733333
985 990 -0.066667
985 991 0.066667
985 992 0.733333
985 1081 -1.666667
986 989 -0.600000
986 990 -0.733333
986 991 0.200000
986 992 0.866667
986 1082 0.333333
987 989 -0.600000
987 990 -0.066667
987 991 -0.066667
987 992 -0.733333
987 1083 -0.733333
988 989 0.733333
988 990 -0.333333
988 991 -0.733333
988 992 -0.866667
988 1084 0.333333
989 997 -0.333333
990 998 -0.333333
991 999 -0.866667
992 1000 0.200000
993 997 2.333333
993 998 0.066667
993 999 -0.600000
993 1000 0.466667
993 1089 1.000000
994 997 0.733333
994 998 0.200000
994 999 1.000000
994 1000 0.066667
994 1090 0.466667
995 997 -2.333333
995 998 0.466667
995 999 -0.866667
995 1000 -3.666667
995 1091 -0.866667
996 997 0.333333
996 998 -0.066667
996 999 -0.200000
996 1000 -0.466667
996 1092 -2.333333
997 1005 -0.466667
998 1006 -0.866667
999 1007 -0.333333
1000 1008 -0.066667
1001 1005 0.333333
1001 1006 1.000000
1001 1007 -0.200000
1001 1008 -0.866667
1001 1097 -0.200000
1002 1005 -0.600000
1002 1006 0.200000
1002 1007 -0.866667
1002 1008 0.466667
1002 1098 -0.333333
1003 1005 0.600000
1003 1006 -1.000000
1003 1007 0.333333
1003 1008 0.200000
1003 1099 -0.066667
1004 1005 -0.333333
1004 1006 -0.466667
1004 1007 -0.466667
1004 1008 1.000000
1004 1100 -0.200000
1005 1013 -0.866667
1006 1014 -0.600000
1007 1015 -0.200000
1008 1016 -0.866667
1009 1013 0.600000
1009 1014 -0.333333
1009 1015 0.600000
1009 1016 0.866667
1009 1105 0.066667
1010 1013 -1.000000
1010 1014 -0.200000
1010 1015 0.066667
1010 1016 3.666667
1010 1106 1.000000
1011 1013 0.333333
1011 1014 -0.066667
1011 1015 0.333333
1011 1016 -0.066667
1011 1107 0.333333
1012 1013 -0.466667
1012 1014 0.733333
1012 1015 -1.000000
1012 1016 -0.866667
1012 1108 -0.333333
1013 1021 0.600000
1014 1022 -0.066667
1015 1023 1.000000
1016 1024 -0.466667
1017 1021 -0.466667
1017 1022 -0.066667
1017 1023 0.733333
1017 1024 0.066667
1017 1113 0.200000
1018 1021 0.466667
1018 1022 0.333333
1018 1023 0.066667
1018 1024 -0.600000
1018 1114 -0.733333
1019 1021 -0.733333
1019 1022 -0.866667
1019 1023 -1.000000
1019 1024 -0.733333
1019 1115 0.066667
1020 1021 -1.000000
1020 1022 -0.600000
1020 1023 -0.066667
1020 1024 0.466667
1020 1116 1.000000
1021 1029 -0.200000
1022 1030 -0.200000
1023 1031 0.866667
1024 1032 0.200000
1025 1029 -1.000000
1025 1030 -1.000000
1025 1031 -0.333333
1025 1032 -0.733333
1025 1121 -0.733333
1026 1029 -0.200000
1026 1030 0.733333
1026 1031 1.000000
1026 1032 -1.000000
1026 1122 -0.733333
1027 1029 -0.200000
1027 1030 0.600000
1027 1031 0.600000
1027 1032 0.200000
1027 1123 -0.333333
1028 1029 0.733333
1028 1030 -0.866667
1028 1031 -0.866667
1028 1032 0.200000
1028 1124 1.000000
1029 1037 -1.666667
1030 1038 0.600000
1031 1039 0.200000
1032 1040 5.000000
1033 1037 -3.000000
1033 1038 4.333333
1033 1039 1.000000
1033 1040 -0.333333
1033 1129 1.000000
1034 1037 -0.466667
1034 1038 0.333333
1034 1039 4.333333
1034 1040 0.466667
1034 1130 -3.000000
1035 1037 -0.733333
1035 1038 -0.733333
1035 1039 2.333333
1035 1040 0.600000
1035 1131 -4.333333
1036 1037 1.000000
1036 1038 1.000000
1036 1039 0.866667
1036 1040 0.333333
1036 1132 -0.733333
1037 1045 -0.600000
1038 1046 0.066667
1039 1047 -1.666667
1040 1048 3.666667
1041 1045 -0.600000
1041 1046 0.200000
1041 1047 -0.333333
1041 1048 0.733333
1041 1137 -0.066667
1042 1045 -0.733333
1042 1046 0.733333
1042 1047 0.200000
1042 1048 -0.600000
1042 1138 -0.066667
1043 1045 0.600000
1043 1046 4.333333
1043 1047 0.066667
1043 1048 -0.333333
1043 1139 -0.333333
1044 1045 -0.866667
1044 1046 0.333333
1044 1047 0.333333
1044 1048 0.333333
1044 1140 0.866667
1045 1053 0.200000
1046 1054 0.733333
1047 1055 -0.600000
1048 1056 -0.733333
1049 1053 0.866667
1049 1054 0.066667
1049 1055 1.666667
1049 1056 -0.333333
1049 1145 -0.600000
1050 1053 0.733333
1050 1054 -0.066667
1050 1055 0.200000
1050 1056 -0.866667
1050 1146 -0.200000
1051 1053 0.600000
1051 1054 0.466667
1051 1055 -0.066667
1051 1056 0.333333
1051 1147 3.666667
1052 1053 0.866667
1052 1054 -0.200000
1052 1055 -0.066667
1052 1056 -0.333333
1052 1148 -0.200000
1057 1061 -0.466667
1057 1062 0.866667
1057 1063 0.066667
1057 1064 0.200000
1058 1061 -0.733333
1058 1062 1.000000
1058 1063 0.733333
1058 1064 -0.333333
1059 1061 5.000000
1059 1062 -0.466667
1059 1063 1.000000
1059 1064 -0.866667
1060 1061 -0.333333
1060 1062 0.200000
1060 1063 -0.866667
1060 1064 -0.466667
1061 1069 1.000000
1062 1070 0.066667
1063 1071 -3.000000
1064 1072 0.466667
1065 1069 0.066667
1065 1070 0.066667
1065 1071 -0.866667
1065 1072 -0.466667
1066 1069 0.200000
1066 1070 -2.333333
1066 1071 -0.600000
1066 1072 -0.600000
1067 1069 1.000000
1067 1070 -0.066667
1067 1071 -3.666667
1067 1072 -0.733333
1068 1069 0.200000
1068 1070 -0.066667
1068 1071 3.666667
1068 1072 0.600000
1069 1077 0.466667
1070 1078 -0.733333
1071 1079 -0.600000
1072 1080 0.733333
1073 1077 -3.666667
1073 1078 -0.333333
1073 1079 2.333333
1073 1080 4.333333
1074 1077 0.066667
1074 1078 2.333333
1074 1079 1.000000
1074 1080 -1.000000
1075 1077 0.333333
1075 1078 -0.733333
1075 1079 -2.333333
1075 1080 -0.333333
1076 1077 0.066667
1076 1078 0.866667
1076 1079 0.200000
1076 1080 -0.333333
1077 1085 -0.066667
1078 1086 -1.000000
1079 1087 -1.000000
1080 1088 3.666667
1081 1085 0.466667
1081 1086 4.333333
1081 1087 1.000000
1081 1088 2.333333
1082 1085 0.200000
1082 1086 0.733333
1082 1087 -0.333333
1082 1088 -0.466667
1083 1085 -0.466667
1083 1086 -0.200000
1083 1087 0.200000
1083 1088 -0.733333
1084 1085 0.733333
1084 1086 1.000000
1084 1087 0.733333
1084 1088 1.666667
1085 1093 0.066667
1086 1094 -0.066667
1087 1095 0.866667
1088 1096 1.000000
1089 1093 -0.733333
1089 1094 0.466667
1089 1095 -0.866667
1089 1096 5.000000
1090 1093 -0.200000
1090 1094 -0.733333
1090 1095 -1.000000
1090 1096 0.066667
1091 1093 0.200000
1091 1094 0.200000
1091 1095 0.466667
1091 1096 3.666667
1092 1093 0.333333
1092 1094 -0.866667
1092 1095 0.466667
1092 1096 -0.200000
1093 1101 0.866667
1094 1102 -0.200000
1095 1103 0.600000
1096 1104 1.000000
1097 1101 -0.600000
1097 1102 -0.333333
1097 1103 0.066667
1097 1104 1.000000
1098 1101 0.466667
1098 1102 0.466667
1098 1103 0.466667
1098 1104 -0.866667
1099 1101 -0.333333
1099 1102 0.333333
1099 1103 1.000000
1099 1104 0.600000
1100 1101 0.333333
1100 1102 1.000000
1100 1103 0.600000
1100 1104 -0.066667
1101 1109 0.600000
1102 1110 -0.066667
1103 1111 -0.866667
1104 1112 1.000000
1105 1109 0.600000
1105 1110 -0.200000
1105 1111 0.733333
1105 1112 -1.000000
1106 1109 -0.333333
1106 1110 0.600000
1106 1111 0.200000
1106 1112 1.666667
1107 1109 -0.066667
1107 1110 0.866667
1107 1111 -1.000000
1107 1112 -1.000000
1108 1109 -0.066667
1108 1110 1.000000
1108 1111 -1.000000
1108 1112 0.733333
1109 1117 -0.066667
1110 1118 0.200000
1111 1119 -1.000000
1112 1120 -0.600000
1113 1117 0.733333
1113 1118 -1.000000
1113 1119 -0.200000
1113 1120 0.466667
1114 1117 -0.466667
1114 1118 -1.000000
1114 1119 -0.466667
1114 1120 0.066667
1115 1117 -0.066667
1115 1118 0.866667
1115 1119 -0.600000
1115 1120 -1.000000
1116 1117 0.466667
1116 1118 -0.066667
1116 1119 0.600000
1116 1120 1.000000
1117 1125 0.733333
1118 1126 0.066667
1119 1127 0.066667
1120 1128 -0.733333
1121 1125 -0.333333
1121 1126 -1.000000
1121 1127 -1.000000
1121 1128 -0.466667
1122 1125 0.066667
1122 1126 -0.866667
1122 1127 -0.600000
1122 1128 3.666667
1123 1125 0.066667
1123 1126 0.866667
1123 1127 0.733333
1123 1128 -1.000000
1124 1125 -1.000000
1124 1126 -0.066667
1124 1127 -0.866667
1124 1128 0.733333
1125 1133 -0.200000
1126 1134 -0.200000
1127 1135 0.866667
1128 1136 0.066667
1129 1133 0.333333
1129 1134 -0.866667
1129 1135 -0.200000
1129 1136 -0.333333
1130 1133 0.466667
1130 1134 -0.866667
1130 1135 0.333333
1130 1136 -0.066667
1131 1133 0.866667
1131 1134 -0.066667
1131 1135 -0.866667
1131 1136 -5.000000
1132 1133 -0.466667
1132 1134 0.600000
1132 1135 -0.600000
1132 1136 0.733333
1133 1141 0.733333
1134 1142 1.000000
1135 1143 -0.333333
1136 1144 0.333333
1137 1141 3.000000
1137 1142 -0.200000
1137 1143 5.000000
1137 1144 0.333333
1138 1141 0.466667
1138 1142 -0.866667
1138 1143 -0.733333
1138 1144 1.000000
1139 1141 -0.333333
1139 1142 -0.733333
1139 1143 0.866667
1139 1144 -0.066667
1140 1141 -1.000000
1140 1142 -0.333333
1140 1143 -0.600000
1140 1144 -0.866667
1141 1149 0.600000
1142 1150 -0.866667
1143 1151 0.600000
1144 1152 0.733333
1145 1149 0.866667
1145 1150 1.000000
1145 1151 -0.866667
1145 1152 -1.000000
1146 1149 0.733333
1146 1150 -0.466667
1146 1151 1.000000
1146 1152 -0.466667
1147 1149 -5.000000
1147 1150 0.066667
1147 1151 -0.733333
1147 1152 0.733333
1148 1149 0.200000
1148 1150 -0.733333
1148 1151 -1.000000
1148 1152 0.066667