#
1 1 0.013333
2 2 0.066667
3 3 -0.040000
4 4 0.093333
5 5 0.066667
6 6 0.146667
7 7 -0.120000
8 8 0.146667
9 9 -0.066667
10 10 0.146667
11 11 -0.120000
12 12 -0.200000
13 13 0.013333
14 14 -0.093333
15 15 -0.146667
16 16 0.120000
17 17 0.200000
18 18 0.200000
19 19 0.040000
20 20 0.093333
21 21 0.040000
22 22 0.040000
23 23 -0.013333
24 24 0.146667
25 25 -0.146667
26 26 -0.013333
27 27 0.040000
28 28 -0.200000
29 29 0.013333
30 30 0.173333
31 31 -0.066667
32 32 -0.120000
33 33 0.040000
34 34 0.120000
35 35 -0.120000
36 36 -0.200000
37 37 -0.093333
38 38 -0.013333
39 39 0.093333
40 40 0.040000
41 41 0.146667
42 42 0.013333
43 43 -0.146667
44 44 -0.173333
45 45 0.120000
46 46 0.093333
47 47 -0.093333
48 48 -0.093333
49 49 -0.173333
50 50 -0.093333
51 51 -0.173333
52 52 0.120000
53 53 -0.200000
54 54 0.013333
55 55 -0.066667
56 56 0.173333
57 57 0.120000
58 58 0.173333
59 59 0.173333
60 60 0.173333
61 61 0.120000
62 62 0.173333
63 63 -0.120000
64 64 -0.093333
65 65 -0.173333
66 66 -0.066667
67 67 -0.173333
68 68 -0.093333
69 69 -0.066667
70 70 0.146667
71 71 -0.146667
72 72 -0.040000
73 73 0.200000
74 74 -0.173333
75 75 0.173333
76 76 0.013333
77 77 -0.120000
78 78 0.013333
79 79 -0.200000
80 80 -0.146667
81 81 0.120000
82 82 -0.093333
83 83 0.093333
84 84 -0.120000
85 85 0.040000
86 86 -0.066667
87 87 0.093333
88 88 0.093333
89 89 -0.120000
90 90 -0.040000
91 91 -0.200000
92 92 0.093333
93 93 -0.040000
94 94 -0.200000
95 95 -0.013333
96 96 -0.200000
97 97 0.093333
98 98 -0.120000
99 99 0.066667
100 100 0.200000
101 101 -0.146667
102 102 -0.013333
103 103 0.093333
104 104 0.040000
105 105 -0.173333
106 106 -0.200000
107 107 0.040000
108 108 0.146667
109 109 0.120000
110 110 0.120000
111 111 0.120000
112 112 -0.173333
113 113 -0.146667
114 114 -0.120000
115 115 0.146667
116 116 0.040000
117 117 0.173333
118 118 0.146667
119 119 -0.066667
120 120 0.146667
121 121 -0.093333
122 122 -0.146667
123 123 0.200000
124 124 -0.200000
125 125 -0.040000
126 126 0.200000
127 127 0.120000
128 128 0.013333
129 129 0.173333
130 130 -0.040000
131 131 0.013333
132 132 0.200000
133 133 0.146667
134 134 0.066667
135 135 0.066667
136 136 0.200000
137 137 0.013333
138 138 -0.040000
139 139 0.013333
140 140 0.120000
141 141 -0.066667
142 142 0.066667
143 143 -0.146667
144 144 0.120000
145 145 0.013333
146 146 -0.040000
147 147 -0.066667
148 148 0.013333
149 149 -0.093333
150 150 0.146667
151 151 0.066667
152 152 -0.173333
153 153 0.013333
154 154 0.173333
155 155 -0.120000
156 156 -0.013333
157 157 -0.173333
158 158 0.146667
159 159 0.120000
160 160 -0.013333
161 161 0.066667
162 162 0.066667
163 163 0.146667
164 164 -0.200000
165 165 -0.040000
166 166 0.066667
167 167 0.120000
168 168 0.093333
169 169 0.173333
170 170 -0.066667
171 171 0.120000
172 172 0.093333
173 173 0.040000
174 174 -0.146667
175 175 -0.040000
176 176 0.093333
177 177 0.146667
178 178 0.120000
179 179 0.040000
180 180 -0.146667
181 181 -0.200000
182 182 0.146667
183 183 0.173333
184 184 0.120000
185 185 0.066667
186 186 -0.013333
187 187 0.120000
188 188 -0.146667
189 189 -0.200000
190 190 0.013333
191 191 0.040000
192 192 -0.093333
193 193 0.120000
194 194 0.013333
195 195 0.200000
196 196 -0.040000
197 197 0.040000
198 198 0.093333
199 199 0.146667
200 200 0.013333
201 201 -0.146667
202 202 -0.013333
203 203 -0.173333
204 204 -0.013333
205 205 0.093333
206 206 0.066667
207 207 -0.066667
208 208 0.066667
209 209 -0.200000
210 210 0.093333
211 211 -0.120000
212 212 0.173333
213 213 -0.173333
214 214 -0.066667
215 215 0.200000
216 216 -0.120000
217 217 0.200000
218 218 0.093333
219 219 -0.066667
220 220 -0.200000
221 221 -0.040000
222 222 -0.013333
223 223 0.120000
224 224 -0.013333
225 225 -0.040000
226 226 -0.066667
227 227 -0.040000
228 228 0.173333
229 229 -0.173333
230 230 0.093333
231 231 0.093333
232 232 -0.013333
233 233 -0.040000
234 234 0.040000
235 235 -0.173333
236 236 0.066667
237 237 -0.146667
238 238 -0.040000
239 239 0.093333
240 240 -0.200000
241 241 0.066667
242 242 -0.066667
243 243 0.200000
244 244 0.146667
245 245 0.013333
246 246 0.120000
247 247 0.066667
248 248 -0.120000
249 249 -0.173333
250 250 -0.173333
251 251 -0.040000
252 252 0.093333
253 253 0.120000
254 254 -0.013333
255 255 -0.093333
256 256 0.040000
257 257 -0.146667
258 258 0.120000
259 259 -0.200000
260 260 -0.066667
261 261 0.200000
262 262 -0.013333
263 263 0.120000
264 264 -0.120000
265 265 0.120000
266 266 -0.013333
267 267 0.173333
268 268 0.120000
269 269 0.013333
270 270 0.040000
271 271 -0.200000
272 272 -0.200000
273 273 0.013333
274 274 -0.200000
275 275 0.013333
276 276 -0.093333
277 277 -0.200000
278 278 0.120000
279 279 -0.200000
280 280 -0.066667
281 281 -0.173333
282 282 0.120000
283 283 -0.093333
284 284 0.040000
285 285 0.013333
286 286 -0.173333
287 287 0.066667
288 288 0.173333
289 289 0.146667
290 290 -0.013333
291 291 0.173333
292 292 0.120000
293 293 0.200000
294 294 0.173333
295 295 -0.200000
296 296 -0.066667
297 297 0.146667
298 298 0.066667
299 299 -0.146667
300 300 0.013333
301 301 0.146667
302 302 0.013333
303 303 0.093333
304 304 0.200000
305 305 0.013333
306 306 0.066667
307 307 0.146667
308 308 -0.120000
309 309 -0.173333
310 310 -0.200000
311 311 0.200000
312 312 0.013333
313 313 -0.013333
314 314 -0.200000
315 315 -0.093333
316 316 0.093333
317 317 -0.013333
318 318 -0.066667
319 319 -0.120000
320 320 -0.013333
321 321 0.093333
322 322 0.066667
323 323 -0.173333
324 324 0.013333
325 325 -0.146667
326 326 -0.013333
327 327 -0.093333
328 328 0.146667
329 329 0.013333
330 330 -0.173333
331 331 -0.066667
332 332 -0.146667
333 333 -0.200000
334 334 -0.146667
335 335 0.040000
336 336 -0.040000
337 337 -0.040000
338 338 -0.120000
339 339 0.066667
340 340 -0.200000
341 341 0.066667
342 342 0.066667
343 343 -0.200000
344 344 -0.120000
345 345 -0.200000
346 346 -0.040000
347 347 -0.040000
348 348 -0.066667
349 349 -0.120000
350 350 0.066667
351 351 0.146667
352 352 -0.200000
353 353 -0.093333
354 354 -0.200000
355 355 -0.120000
356 356 0.093333
357 357 -0.200000
358 358 0.200000
359 359 0.173333
360 360 -0.200000
361 361 -0.040000
362 362 -0.200000
363 363 0.040000
364 364 -0.013333
365 365 0.173333
366 366 -0.173333
367 367 -0.013333
368 368 0.093333
369 369 -0.120000
370 370 -0.040000
371 371 0.173333
372 372 0.013333
373 373 0.200000
374 374 0.066667
375 375 0.120000
376 376 -0.120000
377 377 0.200000
378 378 0.013333
379 379 0.013333
380 380 -0.040000
381 381 -0.200000
382 382 -0.200000
383 383 0.013333
384 384 -0.093333
385 385 -0.173333
386 386 0.120000
387 387 0.173333
388 388 0.200000
389 389 -0.120000
390 390 0.146667
391 391 -0.200000
392 392 -0.120000
393 393 -0.040000
394 394 -0.200000
395 395 0.040000
396 396 -0.146667
397 397 0.093333
398 398 -0.200000
399 399 -0.200000
400 400 0.120000
401 401 -0.066667
402 402 0.013333
403 403 0.093333
404 404 0.013333
405 405 0.013333
406 406 -0.173333
407 407 -0.200000
408 408 0.146667
409 409 -0.146667
410 410 0.200000
411 411 -0.040000
412 412 0.200000
413 413 0.120000
414 414 -0.146667
415 415 -0.093333
416 416 0.066667
417 417 0.066667
418 418 0.120000
419 419 0.093333
420 420 -0.173333
421 421 -0.040000
422 422 -0.173333
423 423 -0.066667
424 424 0.200000
425 425 0.120000
426 426 0.200000
427 427 -0.013333
428 428 -0.146667
429 429 -0.040000
430 430 -0.200000
431 431 -0.120000
432 432 0.040000
433 433 -0.146667
434 434 -0.173333
435 435 0.200000
436 436 0.093333
437 437 -0.120000
438 438 -0.200000
439 439 0.093333
440 440 0.040000
441 441 -0.146667
442 442 -0.013333
443 443 -0.120000
444 444 0.040000
445 445 -0.173333
446 446 -0.146667
447 447 0.146667
448 448 -0.040000
449 449 -0.040000
450 450 -0.120000
451 451 -0.013333
452 452 -0.013333
453 453 0.200000
454 454 -0.120000
455 455 -0.066667
456 456 -0.066667
457 457 -0.173333
458 458 -0.200000
459 459 0.120000
460 460 -0.200000
461 461 -0.146667
462 462 -0.040000
463 463 0.040000
464 464 -0.093333
465 465 -0.146667
466 466 -0.200000
467 467 -0.146667
468 468 0.066667
469 469 -0.200000
470 470 -0.146667
471 471 -0.146667
472 472 -0.093333
473 473 0.200000
474 474 -0.093333
475 475 0.040000
476 476 0.093333
477 477 -0.120000
478 478 0.013333
479 479 -0.200000
480 480 -0.146667
481 481 -0.040000
482 482 -0.146667
483 483 0.040000
484 484 0.120000
485 485 0.040000
486 486 -0.013333
487 487 -0.093333
488 488 0.120000
489 489 -0.120000
490 490 -0.040000
491 491 0.093333
492 492 -0.200000
493 493 0.146667
494 494 -0.093333
495 495 0.040000
496 496 0.066667
497 497 -0.146667
498 498 -0.013333
499 499 -0.146667
500 500 -0.173333
501 501 0.200000
502 502 -0.173333
503 503 0.120000
504 504 0.013333
505 505 -0.120000
506 506 0.146667
507 507 0.173333
508 508 0.066667
509 509 0.120000
510 510 0.146667
511 511 -0.093333
512 512 0.120000
513 513 -0.040000
514 514 -0.066667
515 515 0.173333
516 516 0.093333
517 517 -0.146667
518 518 -0.200000
519 519 0.200000
520 520 0.146667
521 521 -0.120000
522 522 -0.200000
523 523 -0.146667
524 524 -0.013333
525 525 0.093333
526 526 -0.200000
527 527 0.040000
528 528 0.040000
529 529 0.013333
530 530 -0.093333
531 531 -0.093333
532 532 -0.120000
533 533 0.146667
534 534 -0.173333
535 535 -0.146667
536 536 0.173333
537 537 -0.146667
538 538 -0.173333
539 539 0.093333
540 540 0.040000
541 541 -0.093333
542 542 0.120000
543 543 0.013333
544 544 0.173333
545 545 0.146667
546 546 -0.040000
547 547 -0.173333
548 548 0.040000
549 549 0.013333
550 550 -0.173333
551 551 0.173333
552 552 0.066667
553 553 -0.093333
554 554 -0.200000
555 555 -0.013333
556 556 -0.200000
557 557 -0.013333
558 558 0.093333
559 559 0.173333
560 560 0.093333
561 561 0.093333
562 562 0.040000
563 563 -0.013333
564 564 0.200000
565 565 0.120000
566 566 0.120000
567 567 -0.200000
568 568 -0.066667
569 569 -0.093333
570 570 0.013333
571 571 -0.173333
572 572 -0.146667
573 573 -0.146667
574 574 -0.066667
575 575 0.200000
576 576 -0.066667
577 577 0.200000
578 578 -0.013333
579 579 -0.093333
580 580 -0.093333
581 581 -0.066667
582 582 -0.013333
583 583 -0.200000
584 584 -0.120000
585 585 -0.066667
586 586 -0.093333
587 587 0.040000
588 588 -0.040000
589 589 0.200000
590 590 0.200000
591 591 -0.120000
592 592 0.120000
593 593 0.093333
594 594 0.120000
595 595 0.120000
596 596 -0.200000
597 597 -0.146667
598 598 0.146667
599 599 -0.040000
600 600 0.040000
601 601 -0.093333
602 602 -0.040000
603 603 -0.146667
604 604 -0.200000
605 605 0.093333
606 606 -0.200000
607 607 0.173333
608 608 -0.173333
609 609 -0.013333
610 610 -0.200000
611 611 0.040000
612 612 0.200000
613 613 -0.093333
614 614 -0.200000
615 615 -0.066667
616 616 -0.120000
617 617 0.173333
618 618 -0.173333
619 619 -0.200000
620 620 -0.066667
621 621 0.120000
622 622 0.173333
623 623 0.013333
624 624 0.013333
625 625 0.013333
626 626 -0.120000
627 627 0.200000
628 628 -0.066667
629 629 -0.093333
630 630 0.066667
631 631 -0.066667
632 632 0.040000
633 633 0.066667
634 634 -0.173333
635 635 -0.013333
636 636 -0.013333
637 637 -0.093333
638 638 0.173333
639 639 -0.040000
640 640 0.013333
641 641 -0.066667
642 642 0.173333
643 643 0.066667
644 644 0.146667
645 645 0.013333
646 646 -0.093333
647 647 0.040000
648 648 0.200000
649 649 -0.120000
650 650 -0.200000
651 651 -0.093333
652 652 0.040000
653 653 0.200000
654 654 -0.013333
655 655 0.120000
656 656 -0.040000
657 657 0.066667
658 658 0.040000
659 659 0.173333
660 660 -0.173333
661 661 0.066667
662 662 0.173333
663 663 0.066667
664 664 -0.040000
665 665 -0.120000
666 666 -0.093333
667 667 -0.173333
668 668 0.200000
669 669 -0.120000
670 670 0.093333
671 671 -0.066667
672 672 -0.173333
673 673 0.173333
674 674 -0.173333
675 675 -0.146667
676 676 0.093333
677 677 0.120000
678 678 -0.120000
679 679 0.093333
680 680 -0.066667
681 681 0.013333
682 682 -0.146667
683 683 0.040000
684 684 0.093333
685 685 -0.146667
686 686 -0.120000
687 687 -0.120000
688 688 -0.200000
689 689 0.066667
690 690 0.093333
691 691 -0.120000
692 692 -0.040000
693 693 0.093333
694 694 0.040000
695 695 0.200000
696 696 0.093333
697 697 -0.013333
698 698 0.200000
699 699 0.040000
700 700 0.066667
701 701 0.146667
702 702 0.200000
703 703 -0.066667
704 704 0.146667
705 705 0.173333
706 706 0.066667
707 707 -0.066667
708 708 0.066667
709 709 -0.120000
710 710 0.146667
711 711 0.093333
712 712 -0.093333
713 713 0.013333
714 714 0.066667
715 715 0.173333
716 716 0.146667
717 717 -0.146667
718 718 -0.040000
719 719 0.146667
720 720 0.040000
721 721 -0.120000
722 722 0.200000
723 723 -0.146667
724 724 0.173333
725 725 0.173333
726 726 -0.013333
727 727 -0.200000
728 728 -0.120000
729 729 0.173333
730 730 -0.013333
731 731 0.173333
732 732 0.013333
733 733 -0.120000
734 734 -0.013333
735 735 -0.120000
736 736 0.066667
737 737 0.120000
738 738 0.200000
739 739 -0.146667
740 740 0.093333
741 741 -0.146667
742 742 -0.066667
743 743 0.173333
744 744 -0.066667
745 745 0.173333
746 746 -0.013333
747 747 0.013333
748 748 -0.200000
749 749 -0.040000
750 750 -0.013333
751 751 0.040000
752 752 -0.013333
753 753 -0.200000
754 754 0.066667
755 755 -0.040000
756 756 0.013333
757 757 -0.013333
758 758 0.120000
759 759 -0.066667
760 760 0.120000
761 761 -0.173333
762 762 0.093333
763 763 0.200000
764 764 -0.200000
765 765 -0.013333
766 766 0.173333
767 767 0.173333
768 768 -0.120000
769 769 0.013333
770 770 -0.013333
771 771 0.146667
772 772 0.040000
773 773 0.200000
774 774 -0.013333
775 775 0.146667
776 776 -0.200000
777 777 0.040000
778 778 0.093333
779 779 0.066667
780 780 -0.040000
781 781 -0.120000
782 782 0.066667
783 783 -0.146667
784 784 0.120000
785 785 0.200000
786 786 -0.173333
787 787 -0.093333
788 788 0.120000
789 789 0.146667
790 790 0.120000
791 791 0.173333
792 792 0.120000
793 793 -0.146667
794 794 -0.120000
795 795 -0.173333
796 796 -0.066667
797 797 0.040000
798 798 0.093333
799 799 -0.200000
800 800 -0.200000
801 801 -0.120000
802 802 -0.013333
803 803 0.146667
804 804 0.066667
805 805 -0.146667
806 806 0.146667
807 807 0.040000
808 808 -0.013333
809 809 -0.093333
810 810 -0.040000
811 811 -0.066667
812 812 -0.040000
813 813 0.120000
814 814 0.173333
815 815 -0.173333
816 816 -0.040000
817 817 0.120000
818 818 -0.066667
819 819 0.173333
820 820 -0.120000
821 821 0.200000
822 822 0.120000
823 823 -0.200000
824 824 -0.146667
825 825 0.093333
826 826 0.093333
827 827 -0.146667
828 828 -0.040000
829 829 0.173333
830 830 0.120000
831 831 0.120000
832 832 -0.040000
833 833 0.040000
834 834 0.093333
835 835 0.093333
836 836 0.146667
837 837 0.040000
838 838 -0.146667
839 839 -0.013333
840 840 -0.146667
841 841 -0.013333
842 842 -0.146667
843 843 -0.120000
844 844 0.040000
845 845 -0.013333
846 846 -0.093333
847 847 -0.173333
848 848 -0.200000
849 849 0.200000
850 850 0.066667
851 851 -0.173333
852 852 0.013333
853 853 0.093333
854 854 0.173333
855 855 0.066667
856 856 -0.146667
857 857 -0.146667
858 858 0.146667
859 859 -0.200000
860 860 -0.066667
861 861 0.200000
862 862 -0.173333
863 863 -0.120000
864 864 -0.093333
865 865 0.146667
866 866 -0.040000
867 867 -0.040000
868 868 -0.173333
869 869 0.093333
870 870 -0.200000
871 871 0.093333
872 872 -0.120000
873 873 0.013333
874 874 -0.040000
875 875 0.200000
876 876 0.093333
877 877 -0.120000
878 878 0.040000
879 879 -0.173333
880 880 0.146667
881 881 -0.173333
882 882 0.093333
883 883 -0.173333
884 884 -0.146667
885 885 -0.173333
886 886 0.093333
887 887 0.173333
888 888 -0.066667
889 889 -0.120000
890 890 -0.040000
891 891 -0.040000
892 892 -0.120000
893 893 -0.120000
894 894 -0.040000
895 895 0.200000
896 896 -0.146667
897 897 0.093333
898 898 0.146667
899 899 0.040000
900 900 0.173333
901 901 -0.173333
902 902 0.120000
903 903 0.013333
904 904 -0.013333
905 905 -0.066667
906 906 0.173333
907 907 -0.040000
908 908 0.040000
909 909 -0.013333
910 910 -0.013333
911 911 0.013333
912 912 0.120000
913 913 0.173333
914 914 0.066667
915 915 -0.040000
916 916 -0.013333
917 917 -0.120000
918 918 -0.120000
919 919 -0.040000
920 920 -0.093333
921 921 -0.013333
922 922 -0.120000
923 923 -0.120000
924 924 0.013333
925 925 -0.013333
926 926 0.200000
927 927 0.093333
928 928 -0.120000
929 929 0.146667
930 930 0.120000
931 931 -0.120000
932 932 0.013333
933 933 -0.173333
934 934 0.040000
935 935 0.013333
936 936 0.093333
937 937 -0.040000
938 938 -0.146667
939 939 -0.093333
940 940 0.093333
941 941 -0.146667
942 942 0.093333
943 943 0.093333
944 944 0.120000
945 945 -0.040000
946 946 0.200000
947 947 0.173333
948 948 0.013333
949 949 0.146667
950 950 0.173333
951 951 0.200000
952 952 0.040000
953 953 0.040000
954 954 -0.066667
955 955 0.093333
956 956 -0.120000
957 957 0.040000
958 958 0.200000
959 959 0.200000
960 960 -0.146667
961 961 0.146667
962 962 -0.120000
963 963 0.146667
964 964 -0.040000
965 965 0.013333
966 966 0.013333
967 967 -0.120000
968 968 -0.146667
969 969 0.066667
970 970 -0.146667
971 971 0.200000
972 972 -0.173333
973 973 0.120000
974 974 0.013333
975 975 0.200000
976 976 0.013333
977 977 0.120000
978 978 -0.173333
979 979 0.040000
980 980 0.040000
981 981 0.066667
982 982 -0.120000
983 983 0.173333
984 984 -0.173333
985 985 -0.013333
986 986 0.120000
987 987 -0.173333
988 988 -0.120000
989 989 -0.066667
990 990 -0.120000
991 991 -0.146667
992 992 -0.173333
993 993 0.120000
994 994 0.040000
995 995 0.120000
996 996 -0.173333
997 997 -0.013333
998 998 -0.066667
999 999 0.146667
1000 1000 -0.066667
1001 1001 -0.173333
1002 1002 0.146667
1003 1003 -0.040000
1004 1004 0.173333
1005 1005 0.066667
1006 1006 -0.013333
1007 1007 -0.093333
1008 1008 0.013333
1009 1009 0.146667
1010 1010 0.120000
1011 1011 0.146667
1012 1012 0.200000
1013 1013 -0.120000
1014 1014 0.146667
1015 1015 -0.146667
1016 1016 -0.200000
1017 1017 -0.013333
1018 1018 -0.066667
1019 1019 0.120000
1020 1020 -0.200000
1021 1021 -0.093333
1022 1022 -0.120000
1023 1023 -0.146667
1024 1024 0.173333
1025 1025 -0.146667
1026 1026 0.200000
1027 1027 0.146667
1028 1028 0.093333
1029 1029 0.120000
1030 1030 -0.146667
1031 1031 -0.173333
1032 1032 0.093333
1033 1033 -0.146667
1034 1034 0.066667
1035 1035 0.200000
1036 1036 -0.040000
1037 1037 0.040000
1038 1038 -0.066667
1039 1039 -0.066667
1040 1040 0.093333
1041 1041 0.093333
1042 1042 0.066667
1043 1043 0.013333
1044 1044 0.093333
1045 1045 -0.120000
1046 1046 -0.146667
1047 1047 -0.013333
1048 1048 -0.173333
1049 1049 0.066667
1050 1050 0.066667
1051 1051 -0.093333
1052 1052 -0.013333
1053 1053 -0.120000
1054 1054 0.013333
1055 1055 -0.146667
1056 1056 -0.146667
1057 1057 0.173333
1058 1058 0.173333
1059 1059 -0.040000
1060 1060 0.066667
1061 1061 -0.013333
1062 1062 0.200000
1063 1063 -0.200000
1064 1064 -0.040000
1065 1065 0.013333
1066 1066 -0.040000
1067 1067 -0.093333
1068 1068 -0.146667
1069 1069 0.013333
1070 1070 -0.146667
1071 1071 -0.173333
1072 1072 -0.093333
1073 1073 0.120000
1074 1074 -0.120000
1075 1075 0.066667
1076 1076 0.200000
1077 1077 0.066667
1078 1078 -0.066667
1079 1079 0.093333
1080 1080 0.066667
1081 1081 -0.093333
1082 1082 -0.040000
1083 1083 0.040000
1084 1084 -0.173333
1085 1085 -0.013333
1086 1086 0.120000
1087 1087 -0.066667
1088 1088 -0.120000
1089 1089 0.040000
1090 1090 0.200000
1091 1091 0.173333
1092 1092 -0.146667
1093 1093 -0.200000
1094 1094 -0.093333
1095 1095 -0.146667
1096 1096 -0.013333
1097 1097 -0.040000
1098 1098 -0.120000
1099 1099 -0.200000
1100 1100 0.040000
1101 1101 -0.173333
1102 1102 -0.173333
1103 1103 0.173333
1104 1104 0.120000
1105 1105 -0.146667
1106 1106 0.120000
1107 1107 0.040000
1108 1108 0.120000
1109 1109 -0.066667
1110 1110 0.120000
1111 1111 0.093333
1112 1112 0.040000
1113 1113 -0.066667
1114 1114 0.040000
1115 1115 0.200000
1116 1116 0.146667
1117 1117 0.146667
1118 1118 0.173333
1119 1119 0.200000
1120 1120 -0.093333
1121 1121 -0.146667
1122 1122 0.040000
1123 1123 0.120000
1124 1124 0.200000
1125 1125 0.040000
1126 1126 0.120000
1127 1127 0.173333
1128 1128 0.120000
1129 1129 0.040000
1130 1130 -0.040000
1131 1131 0.200000
1132 1132 -0.120000
1133 1133 0.040000
1134 1134 0.146667
1135 1135 -0.040000
1136 1136 0.040000
1137 1137 0.013333
1138 1138 0.173333
1139 1139 0.120000
1140 1140 0.040000
1141 1141 0.040000
1142 1142 -0.093333
1143 1143 -0.146667
1144 1144 0.093333
1145 1145 -0.066667
1146 1146 0.066667
1147 1147 0.146667
1148 1148 -0.173333
1149 1149 -0.200000
1150 1150 0.093333
1151 1151 -0.120000
1152 1152 0.013333
1 5 -1.666667
1 6 -0.466667
1 7 0.466667
1 8 0.733333
1 97 -0.600000
2 5 0.333333
2 6 0.733333
2 7 0.866667
2 8 0.333333
2 98 0.733333
3 5 -0.066667
3 6 0.733333
3 7 0.600000
3 8 1.000000
3 99 0.466667
4 5 1.666667
4 6 0.066667
4 7 0.333333
4 8 -0.466667
4 100 -2.333333
5 13 0.200000
6 14 0.733333
7 15 -0.466667
8 16 0.200000
9 13 -1.000000
9 14 -0.066667
9 15 0.600000
9 16 0.866667
9 105 0.600000
10 13 0.333333
10 14 -0.866667
10 15 -0.333333
10 16 -0.466667
10 106 -0.600000
11 13 0.200000
11 14 0.066667
11 15 -0.466667
11 16 -0.733333
11 107 0.866667
12 13 -0.200000
12 14 1.000000
12 15 -0.866667
12 16 0.066667
12 108 -1.000000
13 21 -0.600000
14 22 3.000000
15 23 0.200000
16 24 1.000000
17 21 0.733333
17 22 0.333333
17 23 -0.466667
17 24 -0.466667
17 113 0.866667
18 21 0.600000
18 22 1.000000
18 23 -0.200000
18 24 -1.000000
18 114 -0.733333
19 21 -1.000000
19 22 0.466667
19 23 -0.733333
19 24 0.333333
19 115 -0.066667
20 21 -0.466667
20 22 4.333333
20 23 -0.333333
20 24 -0.333333
20 116 -3.666667
21 29 0.733333
22 30 -3.000000
23 31 -0.866667
24 32 0.600000
25 29 -1.666667
25 30 0.866667
25 31 -0.600000
25 32 -0.600000
25 121 -0.600000
26 29 0.333333
26 30 3.000000
26 31 -0.733333
26 32 3.000000
26 122 -0.866667
27 29 3.000000
27 30 -0.600000
27 31 -0.600000
27 32 0.466667
27 123 3.000000
28 29 0.200000
28 30 -0.466667
28 31 -0.333333
28 32 -0.333333
28 124 0.333333
29 37 0.466667
30 38 -1.666667
31 39 -5.000000
32 40 -0.466667
33 37 -0.866667
33 38 -0.733333
33 39 -3.000000
33 40 -0.866667
33 129 -0.200000
34 37 -1.000000
34 38 -4.333333
34 39 -1.000000
34 40 -0.600000
34 130 -0.600000
35 37 -0.200000
35 38 2.333333
35 39 -0.200000
35 40 0.466667
35 131 -1.000000
36 37 -0.066667
36 38 -0.066667
36 39 -0.733333
36 40 -0.600000
36 132 0.066667
37 45 -0.866667
38 46 0.333333
39 47 1.000000
40 48 0.600000
41 45 0.200000
41 46 0.866667
41 47 0.200000
41 48 0.200000
41 137 0.333333
42 45 -1.000000
42 46 1.000000
42 47 0.200000
42 48 -3.666667
42 138 1.000000
43 45 0.600000
43 46 0.866667
43 47 -0.866667
43 48 -0.066667
43 139 0.200000
44 45 3.666667
44 46 0.866667
44 47 -0.466667
44 48 -0.066667
44 140 -5.000000
45 53 3.000000
46 54 0.333333
47 55 0.333333
48 56 -0.200000
49 53 -1.000000
49 54 1.000000
49 55 -3.000000
49 56 -2.333333
49 145 -0.600000
50 53 -1.000000
50 54 0.733333
50 55 -1.000000
50 56 0.600000
50 146 -0.066667
51 53 -0.200000
51 54 -0.466667
51 55 -0.466667
51 56 3.000000
51 147 0.200000
52 53 -0.733333
52 54 -0.866667
52 55 -0.600000
52 56 1.666667
52 148 -1.000000
53 61 0.333333
54 62 -2.333333
55 63 0.733333
56 64 5.000000
57 61 0.600000
57 62 1.000000
57 63 0.200000
57 64 -1.000000
57 153 -1.000000
58 61 0.733333
58 62 -0.466667
58 63 -0.333333
58 64 -0.066667
58 154 0.066667
59 61 -0.333333
59 62 -1.000000
59 63 0.333333
59 64 -0.466667
59 155 0.200000
60 61 0.066667
60 62 -0.866667
60 63 0.333333
60 64 0.333333
60 156 -0.466667
61 69 -0.066667
62 70 -0.066667
63 71 -1.000000
64 72 0.333333
65 69 -0.066667
65 70 1.000000
65 71 0.066667
65 72 -0.466667
65 161 -0.200000
66 69 -0.066667
66 70 0.333333
66 71 1.000000
66 72 0.466667
66 162 0.866667
67 69 -0.466667
67 70 0.733333
67 71 -0.200000
67 72 1.000000
67 163 0.733333
68 69 0.600000
68 70 0.600000
68 71 0.733333
68 72 1.000000
68 164 -0.600000
69 77 0.066667
70 78 0.333333
71 79 0.866667
72 80 0.466667
73 77 -0.066667
73 78 -1.000000
73 79 0.333333
73 80 -0.333333
73 169 0.200000
74 77 -0.600000
74 78 0.066667
74 79 0.733333
74 80 -0.466667
74 170 -0.200000
75 77 0.600000
75 78 -0.733333
75 79 0.333333
75 80 0.733333
75 171 -0.733333
76 77 0.733333
76 78 0.866667
76 79 -0.066667
76 80 0.066667
76 172 -0.200000
77 85 -0.600000
78 86 -3.000000
79 87 -0.333333
80 88 0.333333
81 85 2.333333
81 86 -4.333333
81 87 4.333333
81 88 -4.333333
81 177 5.000000
82 85 3.000000
82 86 -0.733333
82 87 0.600000
82 88 -0.466667
82 178 -0.066667
83 85 0.333333
83 86 0.733333
83 87 -0.600000
83 88 1.000000
83 179 -0.200000
84 85 -0.733333
84 86 0.333333
84 87 -0.600000
84 88 -0.733333
84 180 -5.000000
85 93 -0.466667
86 94 0.200000
87 95 0.733333
88 96 -0.066667
89 93 0.333333
89 94 -0.066667
89 95 0.333333
89 96 -0.733333
89 185 -0.200000
90 93 0.466667
90 94 -0.866667
90 95 -1.000000
90 96 0.066667
90 186 -0.733333
91 93 0.466667
91 94 1.000000
91 95 0.200000
91 96 -1.000000
91 187 0.866667
92 93 -1.000000
92 94 -0.866667
92 95 -0.466667
92 96 0.333333
92 188 -1.000000
97 101 -0.333333
97 102 3.000000
97 103 -0.466667
97 104 0.600000
97 193 -0.066667
98 101 -0.200000
98 102 -0.600000
98 103 -0.600000
98 104 0.066667
98 194 -0.333333
99 101 0.866667
99 102 -0.200000
99 103 -0.333333
99 104 -0.866667
99 195 0.466667
100 101 -0.333333
100 102 -0.733333
100 103 -0.866667
100 104 0.333333
100 196 -0.600000
101 109 -0.866667
102 110 -1.000000
103 111 0.466667
104 112 3.666667
105 109 1.000000
105 110 0.333333
105 111 -1.000000
105 112 -0.733333
105 201 -0.066667
106 109 -0.066667
106 110 1.000000
106 111 -1.000000
106 112 -3.000000
106 202 -1.000000
107 109 -0.466667
107 110 0.200000
107 111 -0.200000
107 112 2.333333
107 203 0.333333
108 109 -0.466667
108 110 -3.000000
108 111 -1.000000
108 112 0.866667
108 204 1.000000
109 117 -0.600000
110 118 -0.866667
111 119 -0.200000
112 120 -0.866667
113 117 -0.866667
113 118 -0.733333
113 119 -0.733333
113 120 0.466667
113 209 -0.733333
114 117 -0.333333
114 118 0.200000
114 119 0.733333
114 120 0.733333
114 210 0.733333
115 117 0.200000
115 118 -0.866667
115 119 0.733333
115 120 0.333333
115 211 1.000000
116 117 0.733333
116 118 -0.066667
116 119 -0.066667
116 120 0.466667
116 212 -0.200000
117 125 -0.866667
118 126 0.066667
119 127 3.666667
120 128 0.866667
121 125 -0.200000
121 126 0.333333
121 127 0.866667
121 128 0.466667
121 217 -0.733333
122 125 -1.000000
122 126 -0.466667
122 127 0.333333
122 128 -1.000000
122 218 -0.600000
123 125 -1.000000
123 126 -0.866667
123 127 -0.066667
123 128 -1.000000
123 219 -4.333333
124 125 0.200000
124 126 -0.333333
124 127 -3.000000
124 128 -0.600000
124 220 -0.866667
125 133 -0.600000
126 134 0.066667
127 135 -1.000000
128 136 0.066667
129 133 0.733333
129 134 0.333333
129 135 0.600000
129 136 -0.066667
129 225 -0.866667
130 133 -0.733333
130 134 0.733333
130 135 0.466667
130 136 0.066667
130 226 0.066667
131 133 0.733333
131 134 0.333333
131 135 -5.000000
131 136 3.000000
131 227 -0.066667
132 133 -0.200000
132 134 1.666667
132 135 -0.200000
132 136 1.000000
132 228 -2.333333
133 141 -0.600000
134 142 0.466667
135 143 -0.866667
136 144 -0.600000
137 141 -0.066667
137 142 -0.866667
137 143 0.600000
137 144 0.333333
137 233 -0.466667
138 141 -0.066667
138 142 0.600000
138 143 0.733333
138 144 -0.200000
138 234 -0.733333
139 141 1.000000
139 142 -0.466667
139 143 0.466667
139 144 0.866667
139 235 -0.733333
140 141 -0.733333
140 142 1.000000
140 143 -0.733333
140 144 0.600000
140 236 -0.600000
141 149 0.066667
142 150 -0.866667
143 151 0.600000
144 152 -0.600000
145 149 0.200000
145 150 0.466667
145 151 0.200000
145 152 0.733333
145 241 -0.333333
146 149 -0.066667
146 150 0.200000
146 151 0.866667
146 152 0.866667
146 242 0.466667
147 149 -0.600000
147 150 -0.200000
147 151 -0.066667
147 152 -0.333333
147 243 0.200000
148 149 0.200000
148 150 0.466667
148 151 -0.866667
148 152 -0.066667
148 244 -0.733333
149 157 0.600000
150 158 0.733333
151 159 0.466667
152 160 0.866667
153 157 0.733333
153 158 -0.066667
153 159 -0.866667
153 160 0.733333
153 249 -0.866667
154 157 0.866667
154 158 -0.333333
154 159 -0.866667
154 160 -0.466667
154 250 0.733333
155 157 -0.600000
155 158 0.866667
155 159 -0.733333
155 160 -1.000000
155 251 0.866667
156 157 -0.466667
156 158 0.866667
156 159 0.866667
156 160 0.066667
156 252 0.200000
157 165 0.200000
158 166 0.600000
159 167 1.000000
160 168 0.733333
161 165 -0.066667
161 166 0.200000
161 167 1.000000
161 168 0.333333
161 257 1.000000
162 165 0.466667
162 166 -0.333333
162 167 1.000000
162 168 1.000000
162 258 -0.866667
163 165 0.066667
163 166 -0.600000
163 167 0.333333
163 168 -1.000000
163 259 -0.733333
164 165 -0.866667
164 166 0.333333
164 167 0.466667
164 168 -0.200000
164 260 1.000000
165 173 1.000000
166 174 -0.733333
167 175 0.733333
168 176 -0.600000
169 173 -5.000000
169 174 -0.866667
169 175 0.200000
169 176 -0.600000
169 265 -0.733333
170 173 1.000000
170 174 -0.200000
170 175 0.200000
170 176 -0.733333
170 266 0.200000
171 173 1.000000
171 174 0.066667
171 175 -0.466667
171 176 -0.466667
171 267 1.000000
172 173 -0.200000
172 174 0.466667
172 175 -1.000000
172 176 0.600000
172 268 -0.866667
173 181 -0.733333
174 182 -0.866667
175 183 0.333333
176 184 0.866667
177 181 0.466667
177 182 -0.200000
177 183 0.600000
177 184 -0.733333
177 273 0.466667
178 181 -0.466667
178 182 0.600000
178 183 0.600000
178 184 0.866667
178 274 -1.000000
179 181 -0.600000
179 182 1.000000
179 183 -0.066667
179 184 -0.733333
179 275 0.466667
180 181 -0.466667
180 182 0.466667
180 183 -0.200000
180 184 -0.333333
180 276 0.866667
181 189 1.000000
182 190 0.733333
183 191 -0.200000
184 192 0.866667
185 189 1.000000
185 190 -0.333333
185 191 -0.600000
185 192 -0.333333
185 281 0.200000
186 189 0.866667
186 190 -0.600000
186 191 -0.733333
186 192 0.600000
186 282 -5.000000
187 189 0.066667
187 190 0.600000
187 191 0.066667
187 192 -0.600000
187 283 -0.200000
188 189 0.466667
188 190 -0.200000
188 191 0.733333
188 192 -1.000000
188 284 -0.333333
193 197 0.466667
193 198 1.000000
193 199 0.466667
193 200 -0.066667
193 289 0.333333
194 197 -0.333333
194 198 -0.600000
194 199 -1.000000
194 200 -0.200000
194 290 -1.000000
195 197 0.200000
195 198 0.600000
195 199 -0.200000
195 200 0.066667
195 291 1.000000
196 197 -0.200000
196 198 -0.333333
196 199 -0.200000
196 200 -0.733333
196 292 0.733333
197 205 -0.066667
198 206 -0.200000
199 207 -0.466667
200 208 0.866667
201 205 -0.733333
201 206 -0.333333
201 207 0.733333
201 208 -0.066667
201 297 -0.466667
202 205 0.600000
202 206 0.200000
202 207 -0.466667
202 208 0.600000
202 298 -2.333333
203 205 0.866667
203 206 0.733333
203 207 0.600000
203 208 -0.866667
203 299 0.466667
204 205 0.733333
204 206 0.333333
204 207 0.466667
204 208 -0.600000
204 300 5.000000
205 213 -0.600000
206 214 0.466667
207 215 -0.200000
208 216 -0.333333
209 213 0.466667
209 214 -1.000000
209 215 -1.666667
209 216 -1.000000
209 305 -0.200000
210 213 -0.600000
210 214 -0.733333
210 215 -0.733333
210 216 0.733333
210 306 -0.600000
211 213 -0.866667
211 214 0.066667
211 215 -0.200000
211 216 -0.466667
211 307 2.333333
212 213 -0.066667
212 214 -0.333333
212 215 0.466667
212 216 0.466667
212 308 0.066667
213 221 0.733333
214 222 -1.000000
215 223 0.733333
216 224 -0.733333
217 221 1.000000
217 222 -1.000000
217 223 0.333333
217 224 0.866667
217 313 -1.000000
218 221 -0.200000
218 222 -0.600000
218 223 0.333333
218 224 0.600000
218 314 -0.333333
219 221 -0.066667
219 222 -0.466667
219 223 -2.333333
219 224 1.666667
219 315 -0.333333
220 221 -0.866667
220 222 -0.466667
220 223 -0.333333
220 224 -1.000000
220 316 -0.600000
221 229 -0.066667
222 230 0.866667
223 231 1.000000
224 232 -0.866667
225 229 0.333333
225 230 -0.333333
225 231 0.600000
225 232 0.600000
225 321 0.066667
226 229 1.000000
226 230 -0.600000
226 231 0.066667
226 232 -1.000000
226 322 0.333333
227 229 0.333333
227 230 -1.000000
227 231 -0.466667
227 232 -0.066667
227 323 -1.000000
228 229 0.333333
228 230 -0.733333
228 231 5.000000
228 232 -0.733333
228 324 -0.066667
229 237 0.066667
230 238 -0.333333
231 239 -3.666667
232 240 -0.733333
233 237 -0.333333
233 238 1.000000
233 239 -0.733333
233 240 -0.066667
233 329 0.466667
234 237 -1.000000
234 238 -0.333333
234 239 -0.466667
234 240 0.200000
234 330 -0.733333
235 237 0.466667
235 238 -0.600000
235 239 0.333333
235 240 -0.733333
235 331 -0.200000
236 237 -0.200000
236 238 0.466667
236 239 -0.200000
236 240 -0.333333
236 332 -0.066667
237 245 0.333333
238 246 0.733333
239 247 -2.333333
240 248 0.600000
241 245 0.066667
241 246 -0.200000
241 247 -0.333333
241 248 -0.466667
241 337 -5.000000
242 245 1.666667
242 246 -0.866667
242 247 0.866667
242 248 0.866667
242 338 -0.200000
243 245 -1.000000
243 246 -0.733333
243 247 -2.333333
243 248 0.466667
243 339 5.000000
244 245 -5.000000
244 246 -3.666667
244 247 1.000000
244 248 3.000000
244 340 3.666667
245 253 -0.333333
246 254 -1.000000
247 255 -0.866667
248 256 -1.000000
249 253 -0.733333
249 254 1.000000
249 255 1.666667
249 256 -4.333333
249 345 -0.333333
250 253 0.466667
250 254 0.600000
250 255 0.466667
250 256 -1.000000
250 346 0.200000
251 253 -0.733333
251 254 5.000000
251 255 0.066667
251 256 0.333333
251 347 0.866667
252 253 -0.200000
252 254 -0.600000
252 255 0.200000
252 256 -1.000000
252 348 0.333333
253 261 -1.000000
254 262 0.733333
255 263 0.733333
256 264 -2.333333
257 261 -0.333333
257 262 -0.866667
257 263 -0.066667
257 264 -0.066667
257 353 0.200000
258 261 0.733333
258 262 1.000000
258 263 0.466667
258 264 -0.333333
258 354 0.066667
259 261 0.066667
259 262 0.333333
259 263 0.333333
259 264 0.066667
259 355 -0.600000
260 261 0.466667
260 262 3.666667
260 263 -0.066667
260 264 0.600000
260 356 1.000000
261 269 0.866667
262 270 0.866667
263 271 -0.066667
264 272 0.733333
265 269 0.333333
265 270 0.466667
265 271 -0.066667
265 272 -0.733333
265 361 0.066667
266 269 0.200000
266 270 0.866667
266 271 1.000000
266 272 0.200000
266 362 0.200000
267 269 1.000000
267 270 -0.600000
267 271 0.733333
267 272 0.600000
267 363 -1.000000
268 269 -0.333333
268 270 -0.866667
268 271 -0.733333
268 272 -0.600000
268 364 -0.066667
269 277 0.600000
270 278 0.333333
271 279 -0.066667
272 280 0.600000
273 277 0.066667
273 278 -0.466667
273 279 -0.733333
273 280 -0.466667
273 369 -0.466667
274 277 -0.066667
274 278 0.733333
274 279 0.333333
274 280 0.733333
274 370 -0.466667
275 277 -0.200000
275 278 -0.066667
275 279 0.333333
275 280 0.200000
275 371 -0.600000
276 277 -1.000000
276 278 0.733333
276 279 -3.000000
276 280 -1.000000
276 372 -0.600000
277 285 -0.200000
278 286 -0.066667
279 287 0.866667
280 288 0.866667
281 285 -0.066667
281 286 0.466667
281 287 -0.066667
281 288 0.066667
281 377 -0.333333
282 285 0.466667
282 286 -0.600000
282 287 -0.600000
282 288 0.600000
282 378 -1.666667
283 285 -0.600000
283 286 0.466667
283 287 0.466667
283 288 0.200000
283 379 -0.466667
284 285 0.200000
284 286 -0.066667
284 287 0.466667
284 288 0.733333
284 380 0.600000
289 293 0.600000
289 294 0.066667
289 295 -0.733333
289 296 0.333333
289 385 0.866667
290 293 0.733333
290 294 -0.866667
290 295 -0.866667
290 296 0.733333
290 386 0.200000
291 293 -0.600000
291 294 0.466667
291 295 -0.066667
291 296 -1.000000
291 387 -0.066667
292 293 -1.000000
292 294 0.466667
292 295 0.600000
292 296 -0.466667
292 388 0.200000
293 301 -0.200000
294 302 0.600000
295 303 0.466667
296 304 -0.733333
297 301 0.866667
297 302 -0.200000
297 303 0.200000
297 304 -1.000000
297 393 0.866667
298 301 -0.466667
298 302 -0.866667
298 303 1.000000
298 304 -1.000000
298 394 2.333333
299 301 0.866667
299 302 -0.733333
299 303 -0.200000
299 304 0.200000
299 395 -0.466667
300 301 -0.333333
300 302 -1.000000
300 303 -1.000000
300 304 0.333333
300 396 3.666667
301 309 0.466667
302 310 0.066667
303 311 -0.066667
304 312 0.600000
305 309 -0.200000
305 310 0.200000
305 311 0.733333
305 312 -0.466667
305 401 0.466667
306 309 1.000000
306 310 0.333333
306 311 0.200000
306 312 0.066667
306 402 -0.066667
307 309 -0.200000
307 310 0.066667
307 311 -0.333333
307 312 0.066667
307 403 -1.000000
308 309 1.000000
308 310 -1.000000
308 311 0.466667
308 312 0.600000
308 404 -0.333333
309 317 0.600000
310 318 0.733333
311 319 -0.466667
312 320 -0.066667
313 317 0.200000
313 318 -1.000000
313 319 0.866667
313 320 1.000000
313 409 1.000000
314 317 0.200000
314 318 0.066667
314 319 0.466667
314 320 0.866667
314 410 1.000000
315 317 0.600000
315 318 -1.000000
315 319 1.000000
315 320 0.466667
315 411 0.200000
316 317 0.466667
316 318 0.066667
316 319 -0.333333
316 320 0.333333
316 412 -0.733333
317 325 -0.866667
318 326 -1.000000
319 327 -0.200000
320 328 0.200000
321 325 -0.466667
321 326 0.866667
321 327 0.333333
321 328 0.600000
321 417 0.466667
322 325 -0.466667
322 326 0.333333
322 327 -1.000000
322 328 0.200000
322 418 0.733333
323 325 0.466667
323 326 -0.333333
323 327 -1.000000
323 328 -0.600000
323 419 0.466667
324 325 0.066667
324 326 -1.000000
324 327 0.200000
324 328 0.200000
324 420 -0.600000
325 333 -0.333333
326 334 0.733333
327 335 0.333333
328 336 -0.600000
329 333 0.333333
329 334 -1.000000
329 335 1.000000
329 336 1.666667
329 425 1.000000
330 333 2.333333
330 334 -4.333333
330 335 0.466667
330 336 -2.333333
330 426 -3.666667
331 333 -1.000000
331 334 0.866667
331 335 -3.000000
331 336 0.333333
331 427 0.466667
332 333 -0.333333
332 334 1.000000
332 335 -0.333333
332 336 0.333333
332 428 0.866667
333 341 0.333333
334 342 -0.866667
335 343 0.066667
336 344 0.466667
337 341 -0.600000
337 342 5.000000
337 343 0.066667
337 344 0.466667
337 433 0.333333
338 341 -0.866667
338 342 -3.666667
338 343 -0.466667
338 344 -0.333333
338 434 1.000000
339 341 -4.333333
339 342 -1.000000
339 343 0.333333
339 344 0.333333
339 435 0.333333
340 341 0.466667
340 342 0.466667
340 343 -3.666667
340 344 0.200000
340 436 -1.000000
341 349 -0.866667
342 350 -4.333333
343 351 0.333333
344 352 -0.733333
345 349 0.333333
345 350 0.066667
345 351 -0.200000
345 352 -0.200000
345 441 0.866667
346 349 -0.466667
346 350 0.200000
346 351 -0.200000
346 352 0.866667
346 442 0.733333
347 349 0.733333
347 350 0.333333
347 351 -0.066667
347 352 -0.066667
347 443 0.333333
348 349 0.866667
348 350 -0.333333
348 351 0.600000
348 352 -0.600000
348 444 0.333333
349 357 0.466667
350 358 0.200000
351 359 -0.066667
352 360 0.200000
353 357 -0.600000
353 358 -0.600000
353 359 -0.200000
353 360 0.466667
353 449 -0.866667
354 357 -0.333333
354 358 1.000000
354 359 0.200000
354 360 0.066667
354 450 1.000000
355 357 -0.600000
355 358 -0.333333
355 359 -0.866667
355 360 -0.733333
355 451 -0.600000
356 357 0.200000
356 358 0.066667
356 359 -0.466667
356 360 1.000000
356 452 0.600000
357 365 0.600000
358 366 -0.466667
359 367 0.066667
360 368 0.600000
361 365 -0.600000
361 366 0.333333
361 367 -0.066667
361 368 -0.200000
361 457 -0.600000
362 365 -0.200000
362 366 0.066667
362 367 0.866667
362 368 -0.466667
362 458 0.600000
363 365 0.733333
363 366 -0.600000
363 367 -0.733333
363 368 -0.066667
363 459 0.200000
364 365 0.600000
364 366 0.333333
364 367 0.333333
364 368 -0.866667
364 460 -0.866667
365 373 1.000000
366 374 0.466667
367 375 -0.733333
368 376 0.466667
369 373 0.600000
369 374 0.066667
369 375 0.466667
369 376 -0.066667
369 465 0.333333
370 373 0.866667
370 374 -0.066667
370 375 0.466667
370 376 0.200000
370 466 -1.000000
371 373 0.200000
371 374 -0.333333
371 375 0.866667
371 376 0.600000
371 467 0.733333
372 373 -0.333333
372 374 0.600000
372 375 0.600000
372 376 -0.866667
372 468 -1.000000
373 381 -0.866667
374 382 -0.466667
375 383 0.466667
376 384 -0.600000
377 381 -0.733333
377 382 0.466667
377 383 5.000000
377 384 -0.600000
377 473 -0.066667
378 381 0.866667
378 382 5.000000
378 383 0.866667
378 384 0.066667
378 474 0.866667
379 381 0.733333
379 382 0.866667
379 383 1.000000
379 384 -0.733333
379 475 -0.866667
380 381 -0.333333
380 382 0.600000
380 383 -0.733333
380 384 1.000000
380 476 -0.466667
385 389 -0.733333
385 390 -0.066667
385 391 0.466667
385 392 -0.600000
385 481 0.066667
386 389 0.066667
386 390 0.600000
386 391 0.333333
386 392 0.466667
386 482 -0.333333
387 389 0.333333
387 390 0.200000
387 391 0.066667
387 392 -0.600000
387 483 0.733333
388 389 0.600000
388 390 -0.466667
388 391 0.866667
388 392 0.733333
388 484 0.466667
389 397 0.866667
390 398 -0.866667
391 399 0.600000
392 400 0.200000
393 397 0.200000
393 398 0.600000
393 399 0.066667
393 400 0.466667
393 489 -0.866667
394 397 0.333333
394 398 -0.200000
394 399 -0.866667
394 400 1.000000
394 490 -0.733333
395 397 -0.466667
395 398 1.000000
395 399 -1.000000
395 400 -0.066667
395 491 -1.000000
396 397 0.600000
396 398 1.000000
396 399 0.866667
396 400 -0.600000
396 492 0.066667
397 405 -0.866667
398 406 0.733333
399 407 1.000000
400 408 -1.000000
401 405 -1.000000
401 406 -0.733333
401 407 -0.600000
401 408 -0.333333
401 497 0.866667
402 405 0.200000
402 406 -1.000000
402 407 0.600000
402 408 0.600000
402 498 1.000000
403 405 -0.200000
403 406 -0.866667
403 407 0.733333
403 408 1.000000
403 499 0.866667
404 405 -1.000000
404 406 -0.066667
404 407 0.333333
404 408 -0.866667
404 500 -0.733333
405 413 -1.000000
406 414 -0.466667
407 415 0.466667
408 416 -0.200000
409 413 -0.066667
409 414 1.000000
409 415 0.466667
409 416 0.066667
409 505 -0.600000
410 413 -0.733333
410 414 -0.066667
410 415 0.200000
410 416 -0.733333
410 506 0.600000
411 413 0.333333
411 414 -0.333333
411 415 -0.466667
411 416 -0.733333
411 507 1.000000
412 413 -0.466667
412 414 0.733333
412 415 -0.466667
412 416 -0.733333
412 508 0.333333
413 421 3.666667
414 422 0.466667
415 423 0.600000
416 424 -1.000000
417 421 -0.733333
417 422 -0.466667
417 423 -0.333333
417 424 0.333333
417 513 -1.000000
418 421 5.000000
418 422 0.333333
418 423 -0.600000
418 424 0.200000
418 514 -0.733333
419 421 -0.733333
419 422 0.866667
419 423 -5.000000
419 424 -0.200000
419 515 -0.466667
420 421 0.333333
420 422 0.600000
420 423 0.066667
420 424 0.866667
420 516 0.066667
421 429 0.733333
422 430 0.600000
423 431 -0.600000
424 432 0.866667
425 429 0.200000
425 430 0.733333
425 431 3.666667
425 432 -0.866667
425 521 0.333333
426 429 -1.000000
426 430 0.200000
426 431 -4.333333
426 432 0.333333
426 522 5.000000
427 429 0.600000
427 430 0.733333
427 431 1.000000
427 432 1.000000
427 523 -3.000000
428 429 0.466667
428 430 -0.066667
428 431 0.466667
428 432 -0.466667
428 524 -0.466667
429 437 4.333333
430 438 -0.733333
431 439 2.333333
432 440 3.000000
433 437 -0.466667
433 438 3.000000
433 439 -1.666667
433 440 1.666667
433 529 -5.000000
434 437 -0.066667
434 438 0.866667
434 439 0.066667
434 440 0.466667
434 530 0.466667
435 437 1.000000
435 438 -0.333333
435 439 0.466667
435 440 0.466667
435 531 -0.066667
436 437 -0.733333
436 438 -5.000000
436 439 -0.600000
436 440 -0.200000
436 532 0.733333
437 445 -0.066667
438 446 0.200000
439 447 -1.000000
440 448 -0.200000
441 445 -0.600000
441 446 0.466667
441 447 0.466667
441 448 0.200000
441 537 0.600000
442 445 0.200000
442 446 -0.333333
442 447 0.066667
442 448 -0.200000
442 538 0.066667
443 445 0.866667
443 446 0.333333
443 447 -0.466667
443 448 -0.600000
443 539 1.000000
444 445 0.733333
444 446 0.466667
444 447 -0.733333
444 448 -0.200000
444 540 -0.866667
445 453 -0.866667
446 454 0.200000
447 455 -0.466667
448 456 -0.600000
449 453 -0.333333
449 454 0.066667
449 455 0.866667
449 456 -0.600000
449 545 0.066667
450 453 -0.466667
450 454 -1.000000
450 455 -0.333333
450 456 -0.600000
450 546 0.466667
451 453 -1.000000
451 454 0.866667
451 455 0.200000
451 456 0.466667
451 547 -0.333333
452 453 -0.333333
452 454 0.200000
452 455 -0.466667
452 456 0.333333
452 548 0.200000
453 461 0.200000
454 462 -0.466667
455 463 0.600000
456 464 -0.066667
457 461 -0.066667
457 462 0.466667
457 463 -0.466667
457 464 -0.600000
457 553 0.466667
458 461 1.000000
458 462 0.066667
458 463 0.733333
458 464 0.333333
458 554 -0.466667
459 461 1.000000
459 462 0.733333
459 463 -1.000000
459 464 0.066667
459 555 -0.200000
460 461 0.733333
460 462 0.733333
460 463 0.733333
460 464 0.466667
460 556 0.200000
461 469 0.466667
462 470 -1.000000
463 471 0.866667
464 472 0.066667
465 469 0.733333
465 470 0.466667
465 471 -0.600000
465 472 -1.000000
465 561 0.733333
466 469 -0.466667
466 470 -0.333333
466 471 -1.000000
466 472 -0.600000
466 562 -0.066667
467 469 -0.600000
467 470 -0.200000
467 471 -1.000000
467 472 -0.466667
467 563 1.000000
468 469 -0.600000
468 470 0.733333
468 471 -0.600000
468 472 -0.333333
468 564 -0.333333
469 477 0.066667
470 478 -0.466667
471 479 -0.866667
472 480 1.000000
473 477 -0.333333
473 478 0.733333
473 479 0.600000
473 480 -0.733333
473 569 4.333333
474 477 -0.066667
474 478 -2.333333
474 479 0.333333
474 480 0.066667
474 570 -1.000000
475 477 0.866667
475 478 3.000000
475 479 3.000000
475 480 0.733333
475 571 0.200000
476 477 0.333333
476 478 -0.466667
476 479 0.733333
476 480 0.733333
476 572 -0.866667
481 485 -5.000000
481 486 -0.200000
481 487 -0.600000
481 488 -0.866667
481 577 3.666667
482 485 1.000000
482 486 -0.200000
482 487 0.200000
482 488 -4.333333
482 578 -3.666667
483 485 0.866667
483 486 3.666667
483 487 4.333333
483 488 0.333333
483 579 -0.333333
484 485 -1.000000
484 486 -0.600000
484 487 0.066667
484 488 0.600000
484 580 0.066667
485 493 0.600000
486 494 1.000000
487 495 -0.466667
488 496 -0.333333
489 493 -0.733333
489 494 0.733333
489 495 0.200000
489 496 0.600000
489 585 0.600000
490 493 0.200000
490 494 0.466667
490 495 0.600000
490 496 -0.866667
490 586 0.600000
491 493 -0.733333
491 494 0.466667
491 495 -0.333333
491 496 0.600000
491 587 -0.066667
492 493 0.200000
492 494 -1.000000
492 495 -0.200000
492 496 -0.600000
492 588 -0.200000
493 501 1.000000
494 502 -1.000000
495 503 0.200000
496 504 0.466667
497 501 -0.200000
497 502 -0.200000
497 503 -0.600000
497 504 0.866667
497 593 0.733333
498 501 0.466667
498 502 -0.866667
498 503 -0.466667
498 504 -0.733333
498 594 -0.066667
499 501 1.000000
499 502 -0.200000
499 503 -0.466667
499 504 0.600000
499 595 0.466667
500 501 -0.333333
500 502 0.866667
500 503 0.733333
500 504 -0.733333
500 596 -0.466667
501 509 -0.866667
502 510 -0.200000
503 511 0.200000
504 512 -0.333333
505 509 1.000000
505 510 -0.600000
505 511 0.200000
505 512 0.600000
505 601 0.866667
506 509 -0.866667
506 510 0.200000
506 511 -0.866667
506 512 0.466667
506 602 1.000000
507 509 -0.733333
507 510 -0.600000
507 511 0.600000
507 512 0.866667
507 603 -0.733333
508 509 -0.200000
508 510 -0.733333
508 511 1.000000
508 512 0.733333
508 604 0.600000
509 517 -0.066667
510 518 0.733333
511 519 -0.200000
512 520 -0.733333
513 517 0.466667
513 518 0.466667
513 519 0.333333
513 520 0.066667
513 609 0.600000
514 517 -0.733333
514 518 1.000000
514 519 -0.200000
514 520 -0.466667
514 610 0.066667
515 517 0.466667
515 518 0.733333
515 519 -0.066667
515 520 0.733333
515 611 0.600000
516 517 -0.200000
516 518 0.066667
516 519 0.600000
516 520 0.333333
516 612 0.200000
517 525 0.066667
518 526 4.333333
519 527 -4.333333
520 528 0.200000
521 525 3.666667
521 526 1.666667
521 527 -0.600000
521 528 -0.200000
521 617 -0.200000
522 525 1.666667
522 526 -2.333333
522 527 -5.000000
522 528 0.333333
522 618 0.066667
523 525 2.333333
523 526 0.466667
523 527 5.000000
523 528 0.066667
523 619 0.466667
524 525 -0.066667
524 526 0.466667
524 527 -0.066667
524 528 -1.000000
524 620 -0.466667
525 533 -5.000000
526 534 -1.000000
527 535 2.333333
528 536 0.333333
529 533 0.466667
529 534 -0.466667
529 535 -5.000000
529 536 1.000000
529 625 4.333333
530 533 1.000000
530 534 -0.066667
530 535 0.466667
530 536 0.200000
530 626 -0.066667
531 533 5.000000
531 534 0.466667
531 535 1.000000
531 536 1.000000
531 627 0.466667
532 533 2.333333
532 534 -0.866667
532 535 1.000000
532 536 -0.333333
532 628 3.666667
533 541 2.333333
534 542 -0.333333
535 543 -5.000000
536 544 -0.733333
537 541 -0.466667
537 542 -2.333333
537 543 4.333333
537 544 3.000000
537 633 0.600000
538 541 -1.000000
538 542 0.600000
538 543 -0.333333
538 544 0.200000
538 634 -1.000000
539 541 -0.333333
539 542 0.466667
539 543 0.333333
539 544 0.333333
539 635 -0.866667
540 541 -0.333333
540 542 0.466667
540 543 1.000000
540 544 0.066667
540 636 -0.600000
541 549 1.000000
542 550 0.200000
543 551 0.733333
544 552 0.733333
545 549 -0.066667
545 550 0.066667
545 551 -0.066667
545 552 -0.200000
545 641 -0.733333
546 549 -0.733333
546 550 -0.733333
546 551 0.866667
546 552 -0.200000
546 642 -1.000000
547 549 -1.000000
547 550 -0.333333
547 551 -0.466667
547 552 0.600000
547 643 -0.600000
548 549 0.200000
548 550 -0.333333
548 551 -0.333333
548 552 0.200000
548 644 -0.733333
549 557 -0.866667
550 558 0.733333
551 559 -0.866667
552 560 -0.466667
553 557 0.200000
553 558 0.466667
553 559 0.600000
553 560 0.733333
553 649 -0.600000
554 557 0.066667
554 558 0.200000
554 559 0.866667
554 560 0.600000
554 650 -0.200000
555 557 0.466667
555 558 -0.200000
555 559 -0.866667
555 560 -0.200000
555 651 0.600000
556 557 0.600000
556 558 -0.600000
556 559 0.466667
556 560 0.333333
556 652 -0.733333
557 565 1.000000
558 566 0.866667
559 567 0.066667
560 568 -0.600000
561 565 -0.600000
561 566 0.200000
561 567 0.866667
561 568 -0.733333
561 657 0.866667
562 565 0.600000
562 566 0.333333
562 567 -1.000000
562 568 -0.333333
562 658 -0.600000
563 565 0.733333
563 566 0.733333
563 567 0.866667
563 568 -0.066667
563 659 -0.200000
564 565 0.600000
564 566 -0.600000
564 567 0.733333
564 568 0.733333
564 660 0.733333
565 573 0.600000
566 574 0.200000
567 575 -1.000000
568 576 0.733333
569 573 1.000000
569 574 2.333333
569 575 -1.000000
569 576 -0.600000
569 665 0.600000
570 573 0.600000
570 574 0.333333
570 575 0.600000
570 576 -0.600000
570 666 0.733333
571 573 -0.333333
571 574 -1.000000
571 575 -3.000000
571 576 -0.733333
571 667 0.466667
572 573 1.000000
572 574 -0.733333
572 575 -0.733333
572 576 -1.000000
572 668 -0.333333
577 581 -1.000000
577 582 0.200000
577 583 -0.866667
577 584 0.733333
577 673 -0.600000
578 581 0.333333
578 582 0.066667
578 583 -0.466667
578 584 -0.333333
578 674 0.200000
579 581 -0.200000
579 582 0.333333
579 583 0.733333
579 584 -0.066667
579 675 0.600000
580 581 -0.466667
580 582 -0.466667
580 583 -0.200000
580 584 0.333333
580 676 -0.866667
581 589 -0.200000
582 590 0.333333
583 591 -0.466667
584 592 -0.600000
585 589 -0.733333
585 590 0.333333
585 591 0.200000
585 592 0.066667
585 681 0.066667
586 589 0.333333
586 590 -0.466667
586 591 -0.466667
586 592 0.200000
586 682 -0.866667
587 589 -0.600000
587 590 0.866667
587 591 0.200000
587 592 0.866667
587 683 -1.666667
588 589 -0.333333
588 590 -0.200000
588 591 0.733333
588 592 -0.200000
588 684 -1.000000
589 597 -0.333333
590 598 0.600000
591 599 -0.866667
592 600 0.200000
593 597 -0.866667
593 598 0.333333
593 599 -0.733333
593 600 -1.000000
593 689 -0.333333
594 597 1.000000
594 598 -0.600000
594 599 -0.200000
594 600 -0.333333
594 690 1.000000
595 597 -0.866667
595 598 -0.066667
595 599 -0.733333
595 600 0.733333
595 691 0.466667
596 597 -0.066667
596 598 -0.466667
596 599 -0.866667
596 600 0.200000
596 692 1.000000
597 605 -1.000000
598 606 0.466667
599 607 0.600000
600 608 0.200000
601 605 1.666667
601 606 -0.600000
601 607 0.733333
601 608 1.000000
601 697 0.866667
602 605 -0.333333
602 606 0.866667
602 607 0.333333
602 608 -0.466667
602 698 1.666667
603 605 1.000000
603 606 -0.066667
603 607 -1.000000
603 608 -0.733333
603 699 1.000000
604 605 -0.466667
604 606 0.333333
604 607 -0.200000
604 608 -1.000000
604 700 0.600000
605 613 -3.000000
606 614 -0.733333
607 615 0.733333
608 616 0.066667
609 613 -0.333333
609 614 -0.866667
609 615 -0.600000
609 616 0.200000
609 705 -1.000000
610 613 0.600000
610 614 0.600000
610 615 -1.000000
610 616 0.866667
610 706 -0.866667
611 613 0.200000
611 614 0.066667
611 615 1.000000
611 616 0.200000
611 707 -0.200000
612 613 0.733333
612 614 -0.466667
612 615 -0.466667
612 616 1.000000
612 708 -5.000000
613 621 -0.600000
614 622 0.200000
615 623 -0.066667
616 624 -0.866667
617 621 -0.066667
617 622 -1.000000
617 623 -0.866667
617 624 0.866667
617 713 -0.066667
618 621 0.600000
618 622 0.600000
618 623 0.866667
618 624 -0.466667
618 714 -0.733333
619 621 -0.466667
619 622 0.066667
619 623 -0.333333
619 624 -0.200000
619 715 -0.066667
620 621 0.866667
620 622 0.733333
620 623 -0.733333
620 624 -0.866667
620 716 -0.733333
621 629 -0.600000
622 630 -0.600000
623 631 4.333333
624 632 -0.866667
625 629 -0.733333
625 630 -0.466667
625 631 2.333333
625 632 0.200000
625 721 -0.066667
626 629 0.200000
626 630 0.466667
626 631 -0.333333
626 632 0.866667
626 722 0.200000
627 629 -0.733333
627 630 -1.000000
627 631 0.466667
627 632 -0.466667
627 723 0.466667
628 629 -0.200000
628 630 -0.600000
628 631 -0.466667
628 632 -0.600000
628 724 0.200000
629 637 -0.600000
630 638 0.466667
631 639 -0.866667
632 640 -0.066667
633 637 0.333333
633 638 -0.066667
633 639 0.466667
633 640 -0.733333
633 729 0.866667
634 637 -0.866667
634 638 1.000000
634 639 0.200000
634 640 -0.333333
634 730 0.333333
635 637 -0.066667
635 638 -0.466667
635 639 0.866667
635 640 0.200000
635 731 -0.200000
636 637 0.866667
636 638 0.600000
636 639 -0.866667
636 640 -0.733333
636 732 1.000000
637 645 -0.200000
638 646 0.466667
639 647 -0.466667
640 648 1.000000
641 645 0.200000
641 646 -0.066667
641 647 -0.333333
641 648 0.866667
641 737 -0.600000
642 645 -0.333333
642 646 0.066667
642 647 -0.733333
642 648 -1.000000
642 738 -0.333333
643 645 -0.866667
643 646 -0.733333
643 647 -1.000000
643 648 0.066667
643 739 -0.600000
644 645 -1.000000
644 646 0.200000
644 647 0.466667
644 648 0.333333
644 740 0.200000
645 653 0.733333
646 654 0.733333
647 655 -0.600000
648 656 0.466667
649 653 -0.066667
649 654 0.600000
649 655 1.000000
649 656 1.000000
649 745 -0.066667
650 653 -0.200000
650 654 -0.200000
650 655 0.066667
650 656 -0.733333
650 746 -0.200000
651 653 -0.333333
651 654 -0.466667
651 655 -0.200000
651 656 -0.333333
651 747 -0.600000
652 653 1.000000
652 654 -1.000000
652 655 0.866667
652 656 -0.866667
652 748 0.733333
653 661 0.333333
654 662 0.733333
655 663 1.000000
656 664 0.866667
657 661 -0.733333
657 662 0.333333
657 663 0.066667
657 664 -0.466667
657 753 -0.333333
658 661 -0.066667
658 662 -0.333333
658 663 -0.333333
658 664 -0.200000
658 754 1.000000
659 661 -0.333333
659 662 -0.466667
659 663 0.200000
659 664 -0.600000
659 755 0.733333
660 661 0.733333
660 662 -0.333333
660 663 -0.066667
660 664 -0.600000
660 756 1.000000
661 669 1.000000
662 670 -1.000000
663 671 0.200000
664 672 -0.600000
665 669 0.066667
665 670 0.200000
665 671 -0.333333
665 672 -0.066667
665 761 -0.600000
666 669 -0.866667
666 670 0.333333
666 671 -0.866667
666 672 1.000000
666 762 -0.200000
667 669 0.600000
667 670 -0.733333
667 671 0.200000
667 672 0.600000
667 763 0.733333
668 669 -0.600000
668 670 0.066667
668 671 -2.333333
668 672 0.333333
668 764 -0.066667
673 677 0.066667
673 678 -0.333333
673 679 0.600000
673 680 0.066667
673 769 -1.000000
674 677 -0.733333
674 678 0.466667
674 679 -0.466667
674 680 0.200000
674 770 -0.866667
675 677 -0.733333
675 678 0.600000
675 679 -1.000000
675 680 -0.333333
675 771 0.066667
676 677 -0.866667
676 678 -0.466667
676 679 -0.866667
676 680 -0.200000
676 772 0.866667
677 685 0.066667
678 686 0.066667
679 687 -0.333333
680 688 -1.000000
681 685 0.600000
681 686 0.200000
681 687 0.333333
681 688 -0.466667
681 777 0.733333
682 685 -0.200000
682 686 -0.200000
682 687 0.600000
682 688 0.066667
682 778 -1.000000
683 685 0.733333
683 686 0.466667
683 687 0.866667
683 688 -1.000000
683 779 -0.200000
684 685 0.066667
684 686 -1.000000
684 687 -0.066667
684 688 -1.000000
684 780 -0.466667
685 693 -0.333333
686 694 0.466667
687 695 0.466667
688 696 -0.066667
689 693 0.066667
689 694 -0.333333
689 695 -0.733333
689 696 0.866667
689 785 -0.200000
690 693 -0.466667
690 694 -0.466667
690 695 0.200000
690 696 0.733333
690 786 0.600000
691 693 0.866667
691 694 1.000000
691 695 0.333333
691 696 0.466667
691 787 0.466667
692 693 0.733333
692 694 0.866667
692 695 -0.200000
692 696 -0.066667
692 788 -0.600000
693 701 0.600000
694 702 0.866667
695 703 0.200000
696 704 0.333333
697 701 1.000000
697 702 -5.000000
697 703 0.733333
697 704 0.600000
697 793 0.733333
698 701 -0.333333
698 702 -3.666667
698 703 0.733333
698 704 -0.066667
698 794 -0.333333
699 701 -1.000000
699 702 0.066667
699 703 0.200000
699 704 0.733333
699 795 -0.866667
700 701 -0.200000
700 702 -0.600000
700 703 -0.600000
700 704 -0.466667
700 796 1.666667
701 709 -0.866667
702 710 0.866667
703 711 -0.600000
704 712 -0.333333
705 709 -0.466667
705 710 0.333333
705 711 -0.200000
705 712 0.600000
705 801 -0.866667
706 709 -0.333333
706 710 0.866667
706 711 0.333333
706 712 0.600000
706 802 0.733333
707 709 -1.000000
707 710 0.333333
707 711 0.066667
707 712 0.333333
707 803 1.000000
708 709 0.866667
708 710 0.200000
708 711 0.200000
708 712 -0.066667
708 804 0.066667
709 717 -0.466667
710 718 -5.000000
711 719 -0.066667
712 720 -0.866667
713 717 0.733333
713 718 0.200000
713 719 0.866667
713 720 -0.200000
713 809 -0.466667
714 717 1.000000
714 718 0.066667
714 719 1.000000
714 720 0.066667
714 810 5.000000
715 717 -0.600000
715 718 -0.866667
715 719 -1.000000
715 720 0.600000
715 811 0.600000
716 717 -1.000000
716 718 -5.000000
716 719 0.200000
716 720 0.200000
716 812 -1.000000
717 725 1.000000
718 726 -0.866667
719 727 0.333333
720 728 -0.866667
721 725 0.066667
721 726 0.733333
721 727 0.333333
721 728 0.200000
721 817 -0.333333
722 725 0.600000
722 726 0.200000
722 727 0.866667
722 728 -0.600000
722 818 -0.866667
723 725 5.000000
723 726 -3.666667
723 727 0.200000
723 728 -0.066667
723 819 4.333333
724 725 -1.000000
724 726 0.866667
724 727 0.733333
724 728 -1.000000
724 820 1.000000
725 733 5.000000
726 734 -1.000000
727 735 1.000000
728 736 -0.200000
729 733 0.200000
729 734 -0.600000
729 735 -0.733333
729 736 -0.733333
729 825 -0.733333
730 733 0.333333
730 734 0.200000
730 735 -0.733333
730 736 -0.466667
730 826 -0.200000
731 733 4.333333
731 734 -0.600000
731 735 0.333333
731 736 -3.666667
731 827 -0.066667
732 733 0.200000
732 734 0.866667
732 735 -0.466667
732 736 0.733333
732 828 -1.000000
733 741 0.600000
734 742 0.466667
735 743 1.000000
736 744 -0.866667
737 741 -0.333333
737 742 -0.200000
737 743 0.066667
737 744 -0.333333
737 833 -0.733333
738 741 -0.200000
738 742 -0.466667
738 743 -3.666667
738 744 1.000000
738 834 1.000000
739 741 -0.333333
739 742 0.866667
739 743 1.000000
739 744 -0.066667
739 835 0.600000
740 741 -0.466667
740 742 -0.866667
740 743 -3.000000
740 744 0.733333
740 836 -0.200000
741 749 -0.600000
742 750 5.000000
743 751 0.733333
744 752 -1.000000
745 749 -0.466667
745 750 0.866667
745 751 -0.466667
745 752 1.000000
745 841 -0.733333
746 749 -0.466667
746 750 -0.200000
746 751 0.866667
746 752 -0.066667
746 842 5.000000
747 749 -1.000000
747 750 -0.200000
747 751 -0.200000
747 752 0.466667
747 843 0.200000
748 749 -1.000000
748 750 -0.600000
748 751 0.866667
748 752 0.333333
748 844 0.600000
749 757 -0.733333
750 758 0.066667
751 759 0.200000
752 760 3.000000
753 757 -0.466667
753 758 -0.200000
753 759 0.600000
753 760 -0.200000
753 849 -0.466667
754 757 -0.200000
754 758 0.466667
754 759 0.066667
754 760 -4.333333
754 850 0.333333
755 757 -0.066667
755 758 0.866667
755 759 0.066667
755 760 0.733333
755 851 -0.066667
756 757 -0.066667
756 758 -0.600000
756 759 -0.333333
756 760 -2.333333
756 852 -0.466667
757 765 -0.466667
758 766 0.733333
759 767 -1.000000
760 768 -0.600000
761 765 0.866667
761 766 1.000000
761 767 -0.333333
761 768 -5.000000
761 857 -4.333333
762 765 0.600000
762 766 0.066667
762 767 -0.066667
762 768 -3.666667
762 858 -0.600000
763 765 -0.200000
763 766 -0.200000
763 767 -0.200000
763 768 -0.200000
763 859 1.000000
764 765 -0.600000
764 766 -1.000000
764 767 0.333333
764 768 0.466667
764 860 -0.333333
769 773 0.466667
769 774 -0.200000
769 775 -0.466667
769 776 0.066667
769 865 -0.866667
770 773 -1.000000
770 774 -0.600000
770 775 -0.466667
770 776 0.733333
770 866 -0.066667
771 773 0.466667
771 774 0.733333
771 775 -0.600000
771 776 0.733333
771 867 -0.466667
772 773 -0.866667
772 774 0.600000
772 775 -0.200000
772 776 1.000000
772 868 -0.733333
773 781 0.200000
774 782 0.600000
775 783 0.333333
776 784 0.066667
777 781 -0.200000
777 782 -0.333333
777 783 0.733333
777 784 0.600000
777 873 -0.866667
778 781 -0.733333
778 782 -0.600000
778 783 0.200000
778 784 0.733333
778 874 0.600000
779 781 0.866667
779 782 0.733333
779 783 -0.733333
779 784 -0.733333
779 875 -0.600000
780 781 -0.066667
780 782 -0.066667
780 783 -1.666667
780 784 -1.000000
780 876 -0.733333
781 789 -1.000000
782 790 0.733333
783 791 -0.200000
784 792 0.200000
785 789 -1.000000
785 790 -0.333333
785 791 0.466667
785 792 0.200000
785 881 0.333333
786 789 -0.466667
786 790 -0.066667
786 791 -0.466667
786 792 -0.200000
786 882 -0.733333
787 789 0.200000
787 790 -0.333333
787 791 0.866667
787 792 -0.066667
787 883 -0.333333
788 789 0.600000
788 790 -0.466667
788 791 1.000000
788 792 0.333333
788 884 -0.866667
789 797 0.066667
790 798 -0.866667
791 799 0.066667
792 800 0.333333
793 797 0.866667
793 798 -0.333333
793 799 -1.000000
793 800 0.733333
793 889 -0.466667
794 797 0.866667
794 798 -0.600000
794 799 1.000000
794 800 -0.600000
794 890 0.866667
795 797 0.600000
795 798 0.066667
795 799 -0.600000
795 800 -0.600000
795 891 -0.466667
796 797 -0.866667
796 798 -0.733333
796 799 0.333333
796 800 0.600000
796 892 -5.000000
797 805 -1.000000
798 806 0.066667
799 807 -0.866667
800 808 0.866667
801 805 -0.600000
801 806 0.866667
801 807 -0.733333
801 808 -1.000000
801 897 0.466667
802 805 0.866667
802 806 0.600000
802 807 0.466667
802 808 -0.333333
802 898 -0.066667
803 805 -0.733333
803 806 -0.866667
803 807 0.600000
803 808 -0.333333
803 899 -1.000000
804 805 0.733333
804 806 0.200000
804 807 -0.733333
804 808 1.000000
804 900 -0.600000
805 813 -0.600000
806 814 -0.333333
807 815 -0.733333
808 816 -0.333333
809 813 1.666667
809 814 -0.066667
809 815 -0.333333
809 816 0.866667
809 905 -0.466667
810 813 -2.333333
810 814 -2.333333
810 815 -1.000000
810 816 0.066667
810 906 0.466667
811 813 -0.733333
811 814 0.200000
811 815 0.866667
811 816 -0.333333
811 907 -0.066667
812 813 1.000000
812 814 -2.333333
812 815 0.066667
812 816 -2.333333
812 908 -0.733333
813 821 0.466667
814 822 0.733333
815 823 0.333333
816 824 -1.000000
817 821 0.733333
817 822 0.066667
817 823 -0.333333
817 824 -0.333333
817 913 -0.600000
818 821 -1.000000
818 822 -0.333333
818 823 0.333333
818 824 0.200000
818 914 3.666667
819 821 -0.066667
819 822 0.466667
819 823 -0.066667
819 824 -0.866667
819 915 -0.066667
820 821 -0.600000
820 822 -3.666667
820 823 5.000000
820 824 -0.866667
820 916 -0.200000
821 829 0.333333
822 830 1.000000
823 831 -0.466667
824 832 0.200000
825 829 -0.466667
825 830 0.600000
825 831 0.466667
825 832 0.466667
825 921 -1.000000
826 829 -0.866667
826 830 1.000000
826 831 0.866667
826 832 0.066667
826 922 0.733333
827 829 -0.733333
827 830 -0.066667
827 831 -0.733333
827 832 -1.000000
827 923 0.200000
828 829 0.333333
828 830 -0.466667
828 831 0.333333
828 832 -1.000000
828 924 0.200000
829 837 1.000000
830 838 -0.866667
831 839 0.333333
832 840 0.333333
833 837 0.600000
833 838 0.066667
833 839 0.200000
833 840 5.000000
833 929 0.733333
834 837 -0.733333
834 838 0.733333
834 839 -0.333333
834 840 0.333333
834 930 -0.466667
835 837 0.066667
835 838 -0.333333
835 839 -1.000000
835 840 0.333333
835 931 -0.600000
836 837 0.600000
836 838 1.000000
836 839 0.333333
836 840 -1.000000
836 932 -0.200000
837 845 0.333333
838 846 0.333333
839 847 -0.333333
840 848 -1.000000
841 845 1.000000
841 846 -1.666667
841 847 0.466667
841 848 -1.000000
841 937 0.600000
842 845 0.733333
842 846 0.333333
842 847 0.333333
842 848 -0.733333
842 938 -0.866667
843 845 -0.466667
843 846 -0.466667
843 847 3.000000
843 848 -1.000000
843 939 -0.733333
844 845 0.733333
844 846 0.466667
844 847 -0.466667
844 848 -1.000000
844 940 0.200000
845 853 1.000000
846 854 -0.066667
847 855 0.066667
848 856 0.866667
849 853 1.000000
849 854 -0.466667
849 855 0.200000
849 856 -0.600000
849 945 0.333333
850 853 -0.866667
850 854 -0.333333
850 855 -0.600000
850 856 0.733333
850 946 -0.066667
851 853 -0.866667
851 854 -0.733333
851 855 0.200000
851 856 -0.466667
851 947 0.066667
852 853 -0.600000
852 854 0.466667
852 855 0.466667
852 856 -0.866667
852 948 0.866667
853 861 0.333333
854 862 -0.200000
855 863 -0.600000
856 864 -0.866667
857 861 -1.666667
857 862 0.733333
857 863 -1.000000
857 864 -3.000000
857 953 -1.000000
858 861 -0.200000
858 862 -0.066667
858 863 -3.000000
858 864 0.200000
858 954 0.066667
859 861 -0.333333
859 862 -0.333333
859 863 -0.066667
859 864 5.000000
859 955 -3.666667
860 861 -0.333333
860 862 0.466667
860 863 0.200000
860 864 -1.000000
860 956 0.600000
865 869 -0.466667
865 870 0.066667
865 871 -4.333333
865 872 -0.200000
865 961 0.466667
866 869 0.866667
866 870 0.866667
866 871 0.066667
866 872 -0.466667
866 962 -0.600000
867 869 -0.200000
867 870 0.866667
867 871 -0.466667
867 872 0.200000
867 963 1.000000
868 869 0.066667
868 870 0.733333
868 871 -3.000000
868 872 -0.733333
868 964 0.066667
869 877 -0.333333
870 878 0.466667
871 879 0.866667
872 880 1.000000
873 877 0.200000
873 878 0.333333
873 879 -0.466667
873 880 0.333333
873 969 -0.333333
874 877 -0.066667
874 878 -0.733333
874 879 0.866667
874 880 1.000000
874 970 -0.600000
875 877 0.733333
875 878 1.000000
875 879 1.000000
875 880 -0.466667
875 971 -0.466667
876 877 0.466667
876 878 0.866667
876 879 0.466667
876 880 0.066667
876 972 0.733333
877 885 0.733333
878 886 1.000000
879 887 -1.666667
880 888 0.066667
881 885 0.066667
881 886 0.466667
881 887 3.000000
881 888 -0.066667
881 977 -0.066667
882 885 5.000000
882 886 -0.066667
882 887 -3.000000
882 888 0.333333
882 978 0.200000
883 885 -0.466667
883 886 0.200000
883 887 -3.000000
883 888 -1.000000
883 979 -0.200000
884 885 0.066667
884 886 0.600000
884 887 0.333333
884 888 -0.733333
884 980 -0.066667
885 893 0.066667
886 894 -0.333333
887 895 -1.000000
888 896 -0.866667
889 893 -0.733333
889 894 0.333333
889 895 0.600000
889 896 -0.333333
889 985 0.466667
890 893 0.066667
890 894 0.733333
890 895 -3.666667
890 896 0.466667
890 986 -0.200000
891 893 -0.066667
891 894 -0.333333
891 895 -0.333333
891 896 0.866667
891 987 0.600000
892 893 0.333333
892 894 0.600000
892 895 -3.666667
892 896 0.333333
892 988 -4.333333
893 901 0.733333
894 902 0.200000
895 903 -5.000000
896 904 0.733333
897 901 0.333333
897 902 0.866667
897 903 0.200000
897 904 -0.733333
897 993 -0.733333
898 901 0.600000
898 902 -0.600000
898 903 -0.466667
898 904 -0.200000
898 994 -0.066667
899 901 0.066667
899 902 0.466667
899 903 -0.600000
899 904 -1.000000
899 995 1.666667
900 901 0.733333
900 902 -0.866667
900 903 -1.666667
900 904 -1.666667
900 996 0.066667
901 909 -0.066667
902 910 0.866667
903 911 0.333333
904 912 -0.600000
905 909 0.066667
905 910 -0.200000
905 911 -0.066667
905 912 0.466667
905 1001 0.466667
906 909 -1.000000
906 910 0.600000
906 911 -0.866667
906 912 0.733333
906 1002 0.600000
907 909 1.000000
907 910 0.333333
907 911 -5.000000
907 912 2.333333
907 1003 0.200000
908 909 0.866667
908 910 -0.466667
908 911 0.466667
908 912 -0.466667
908 1004 1.000000
909 917 0.066667
910 918 0.200000
911 919 0.733333
912 920 -0.333333
913 917 -0.733333
913 918 -1.000000
913 919 -0.866667
913 920 -0.866667
913 1009 -0.466667
914 917 5.000000
914 918 0.733333
914 919 0.866667
914 920 0.733333
914 1010 0.866667
915 917 0.200000
915 918 1.000000
915 919 -0.066667
915 920 -0.333333
915 1011 -1.000000
916 917 0.733333
916 918 -1.000000
916 919 -0.200000
916 920 -0.866667
916 1012 -0.466667
917 925 -0.600000
918 926 -1.000000
919 927 -4.333333
920 928 -1.000000
921 925 -0.600000
921 926 -4.333333
921 927 1.666667
921 928 1.666667
921 1017 -3.666667
922 925 -0.333333
922 926 -0.600000
922 927 -2.333333
922 928 0.600000
922 1018 -0.333333
923 925 -1.000000
923 926 0.466667
923 927 -3.000000
923 928 -0.333333
923 1019 -1.000000
924 925 -0.866667
924 926 -1.666667
924 927 -0.466667
924 928 0.600000
924 1020 -0.333333
925 933 -4.333333
926 934 -1.000000
927 935 -0.333333
928 936 1.000000
929 933 -0.733333
929 934 0.600000
929 935 -0.733333
929 936 -0.200000
929 1025 -0.333333
930 933 -0.066667
930 934 -0.333333
930 935 0.333333
930 936 -0.333333
930 1026 -1.000000
931 933 0.866667
931 934 -2.333333
931 935 0.733333
931 936 0.466667
931 1027 0.466667
932 933 0.066667
932 934 -0.866667
932 935 -0.066667
932 936 -0.066667
932 1028 0.866667
933 941 0.333333
934 942 -1.000000
935 943 0.866667
936 944 -0.066667
937 941 0.200000
937 942 0.066667
937 943 -0.333333
937 944 1.000000
937 1033 -0.200000
938 941 -0.466667
938 942 0.466667
938 943 0.466667
938 944 0.733333
938 1034 0.333333
939 941 0.733333
939 942 0.066667
939 943 0.066667
939 944 0.200000
939 1035 0.466667
940 941 0.066667
940 942 3.000000
940 943 0.200000
940 944 1.000000
940 1036 -0.466667
941 949 -0.600000
942 950 0.600000
943 951 3.000000
944 952 -0.866667
945 949 0.733333
945 950 1.000000
945 951 0.466667
945 952 0.600000
945 1041 0.866667
946 949 0.200000
946 950 0.200000
946 951 0.466667
946 952 1.000000
946 1042 -0.600000
947 949 -0.600000
947 950 -0.733333
947 951 -0.333333
947 952 -0.733333
947 1043 0.200000
948 949 0.600000
948 950 0.733333
948 951 -0.200000
948 952 -0.200000
948 1044 -0.600000
949 957 0.866667
950 958 -0.200000
951 959 -0.333333
952 960 0.866667
953 957 -0.600000
953 958 0.600000
953 959 0.466667
953 960 -0.466667
953 1049 1.000000
954 957 1.000000
954 958 -1.000000
954 959 -0.866667
954 960 -0.733333
954 1050 1.000000
955 957 0.600000
955 958 -1.000000
955 959 -3.666667
955 960 -0.600000
955 1051 -0.200000
956 957 0.866667
956 958 -0.466667
956 959 -0.200000
956 960 0.733333
956 1052 0.066667
961 965 -1.000000
961 966 -0.200000
961 967 0.733333
961 968 0.333333
961 1057 0.866667
962 965 -0.200000
962 966 0.466667
962 967 0.066667
962 968 -2.333333
962 1058 0.866667
963 965 -0.333333
963 966 -1.000000
963 967 -0.866667
963 968 1.000000
963 1059 0.200000
964 965 -1.000000
964 966 -0.333333
964 967 -4.333333
964 968 -0.600000
964 1060 0.066667
965 973 0.066667
966 974 -0.866667
967 975 -4.333333
968 976 0.333333
969 973 -1.000000
969 974 1.000000
969 975 -0.600000
969 976 0.066667
969 1065 -0.066667
970 973 0.733333
970 974 0.200000
970 975 -0.866667
970 976 -0.066667
970 1066 -0.333333
971 973 -1.000000
971 974 -0.333333
971 975 0.333333
971 976 2.333333
971 1067 0.866667
972 973 0.600000
972 974 -0.466667
972 975 -3.000000
972 976 -1.000000
972 1068 -0.866667
973 981 -1.000000
974 982 -0.733333
975 983 0.466667
976 984 2.333333
977 981 0.200000
977 982 0.866667
977 983 0.600000
977 984 0.333333
977 1073 0.200000
978 981 -0.066667
978 982 1.000000
978 983 -0.333333
978 984 0.200000
978 1074 -0.066667
979 981 0.733333
979 982 -0.066667
979 983 0.333333
979 984 -0.466667
979 1075 0.866667
980 981 -3.666667
980 982 0.733333
980 983 -0.200000
980 984 0.600000
980 1076 -1.000000
981 989 -0.466667
982 990 0.200000
983 991 0.466667
984 992 -0.600000
985 989 0.733333
985 990 0.333333
985 991 -0.733333
985 992 -1.666667
985 1081 3.666667
986 989 -0.733333
986 990 -0.333333
986 991 -0.200000
986 992 -0.866667
986 1082 0.333333
987 989 0.066667
987 990 -0.733333
987 991 -0.066667
987 992 0.866667
987 1083 0.600000
988 989 -0.600000
988 990 1.000000
988 991 -3.000000
988 992 -0.600000
988 1084 0.866667
989 997 0.733333
990 998 0.866667
991 999 0.733333
992 1000 0.466667
993 997 -0.866667
993 998 -0.333333
993 999 -0.733333
993 1000 -0.733333
993 1089 -0.866667
994 997 -0.466667
994 998 1.000000
994 999 -1.000000
994 1000 -0.600000
994 1090 0.333333
995 997 -0.866667
995 998 0.600000
995 999 0.733333
995 1000 -0.200000
995 1091 1.000000
996 997 -0.066667
996 998 -0.333333
996 999 -0.333333
996 1000 0.600000
996 1092 -0.866667
997 1005 -3.666667
998 1006 0.866667
999 1007 1.000000
1000 1008 0.333333
1001 1005 0.733333
1001 1006 0.733333
1001 1007 -1.000000
1001 1008 -0.200000
1001 1097 -0.866667
1002 1005 -4.333333
1002 1006 -0.866667
1002 1007 2.333333
1002 1008 1.000000
1002 1098 -0.333333
1003 1005 1.000000
1003 1006 0.600000
1003 1007 -0.200000
1003 1008 1.000000
1003 1099 -0.466667
1004 1005 0.866667
1004 1006 -0.333333
1004 1007 -0.466667
1004 1008 -1.000000
1004 1100 1.000000
1005 1013 0.600000
1006 1014 0.200000
1007 1015 -0.066667
1008 1016 -0.200000
1009 1013 -0.333333
1009 1014 -0.466667
1009 1015 0.066667
1009 1016 -0.466667
1009 1105 -0.200000
1010 1013 0.733333
1010 1014 -1.000000
1010 1015 0.866667
1010 1016 -0.866667
1010 1106 -1.000000
1011 1013 -0.200000
1011 1014 0.333333
1011 1015 0.866667
1011 1016 1.000000
1011 1107 -1.000000
1012 1013 -0.600000
1012 1014 -0.466667
1012 1015 -0.600000
1012 1016 1.000000
1012 1108 -1.000000
1013 1021 1.666667
1014 1022 0.866667
1015 1023 0.733333
1016 1024 -0.066667
1017 1021 0.333333
1017 1022 0.466667
1017 1023 -4.333333
1017 1024 0.866667
1017 1113 -0.200000
1018 1021 -0.733333
1018 1022 -1.000000
1018 1023 0.200000
1018 1024 0.333333
1018 1114 4.333333
1019 1021 0.600000
1019 1022 -0.200000
1019 1023 -0.866667
1019 1024 4.333333
1019 1115 -0.333333
1020 1021 -0.866667
1020 1022 0.866667
1020 1023 0.200000
1020 1024 -0.200000
1020 1116 -0.066667
1021 1029 -0.066667
1022 1030 0.066667
1023 1031 0.200000
1024 1032 -0.200000
1025 1029 -0.600000
1025 1030 -1.000000
1025 1031 -1.000000
1025 1032 -0.200000
1025 1121 -0.733333
1026 1029 -4.333333
1026 1030 3.000000
1026 1031 -0.600000
1026 1032 -0.066667
1026 1122 1.000000
1027 1029 0.333333
1027 1030 1.000000
1027 1031 0.200000
1027 1032 -0.866667
1027 1123 -0.733333
1028 1029 0.866667
1028 1030 -0.200000
1028 1031 0.600000
1028 1032 0.733333
1028 1124 1.000000
1029 1037 -2.333333
1030 1038 -0.200000
1031 1039 0.866667
1032 1040 0.333333
1033 1037 1.000000
1033 1038 -1.000000
1033 1039 -0.333333
1033 1040 0.733333
1033 1129 -0.600000
1034 1037 -0.866667
1034 1038 -0.066667
1034 1039 -1.000000
1034 1040 0.466667
1034 1130 -0.600000
1035 1037 -0.733333
1035 1038 -0.866667
1035 1039 0.866667
1035 1040 0.066667
1035 1131 -0.866667
1036 1037 -0.866667
1036 1038 0.200000
1036 1039 0.066667
1036 1040 -0.733333
1036 1132 0.466667
1037 1045 0.466667
1038 1046 -0.733333
1039 1047 -0.866667
1040 1048 0.466667
1041 1045 0.600000
1041 1046 -0.600000
1041 1047 -0.733333
1041 1048 -0.466667
1041 1137 -0.733333
1042 1045 -0.733333
1042 1046 0.200000
1042 1047 0.733333
1042 1048 -0.600000
1042 1138 0.866667
1043 1045 -1.000000
1043 1046 -0.333333
1043 1047 0.866667
1043 1048 0.333333
1043 1139 -1.666667
1044 1045 -0.866667
1044 1046 -0.333333
1044 1047 -0.066667
1044 1048 4.333333
1044 1140 0.866667
1045 1053 -4.333333
1046 1054 -0.866667
1047 1055 1.666667
1048 1056 -5.000000
1049 1053 -0.866667
1049 1054 -0.466667
1049 1055 -1.000000
1049 1056 0.466667
1049 1145 0.066667
1050 1053 0.066667
1050 1054 1.000000
1050 1055 -3.000000
1050 1056 -3.666667
1050 1146 0.466667
1051 1053 -0.333333
1051 1054 -0.200000
1051 1055 -0.333333
1051 1056 5.000000
1051 1147 -1.000000
1052 1053 -0.066667
1052 1054 0.200000
1052 1055 1.000000
1052 1056 -0.866667
1052 1148 0.466667
1057 1061 0.333333
1057 1062 0.200000
1057 1063 0.066667
1057 1064 1.000000
1058 1061 0.333333
1058 1062 -0.333333
1058 1063 0.600000
1058 1064 0.066667
1059 1061 -0.466667
1059 1062 0.733333
1059 1063 0.333333
1059 1064 -0.200000
1060 1061 0.066667
1060 1062 -0.733333
1060 1063 0.466667
1060 1064 0.200000
1061 1069 -1.000000
1062 1070 -0.733333
1063 1071 0.600000
1064 1072 -1.000000
1065 1069 -0.466667
1065 1070 -0.733333
1065 1071 -0.200000
1065 1072 0.600000
1066 1069 -1.000000
1066 1070 0.466667
1066 1071 -0.600000
1066 1072 0.733333
1067 1069 -0.200000
1067 1070 0.200000
1067 1071 0.866667
1067 1072 0.333333
1068 1069 0.333333
1068 1070 0.066667
1068 1071 0.066667
1068 1072 0.200000
1069 1077 -0.066667
1070 1078 0.466667
1071 1079 -0.866667
1072 1080 -0.066667
1073 1077 -0.066667
1073 1078 0.733333
1073 1079 1.000000
1073 1080 0.200000
1074 1077 -0.866667
1074 1078 -0.600000
1074 1079 0.600000
1074 1080 0.733333
1075 1077 -4.333333
1075 1078 -0.466667
1075 1079 -0.733333
1075 1080 -0.333333
1076 1077 -0.866667
1076 1078 0.733333
1076 1079 0.600000
1076 1080 -0.600000
1077 1085 -0.600000
1078 1086 1.000000
1079 1087 -1.000000
1080 1088 0.333333
1081 1085 -3.666667
1081 1086 -1.000000
1081 1087 -0.733333
1081 1088 1.666667
1082 1085 0.600000
1082 1086 -0.200000
1082 1087 0.200000
1082 1088 0.866667
1083 1085 -0.466667
1083 1086 1.000000
1083 1087 0.466667
1083 1088 -2.333333
1084 1085 -0.466667
1084 1086 -1.000000
1084 1087 1.000000
1084 1088 -0.733333
1085 1093 -0.333333
1086 1094 -0.600000
1087 1095 0.066667
1088 1096 0.466667
1089 1093 3.000000
1089 1094 -2.333333
1089 1095 0.600000
1089 1096 -3.666667
1090 1093 -0.466667
1090 1094 -0.066667
1090 1095 0.066667
1090 1096 0.866667
1091 1093 0.733333
1091 1094 -1.000000
1091 1095 0.333333
1091 1096 1.000000
1092 1093 0.333333
1092 1094 -0.733333
1092 1095 0.600000
1092 1096 -0.466667
1093 1101 4.333333
1094 1102 0.333333
1095 1103 -0.866667
1096 1104 -0.333333
1097 1101 0.333333
1097 1102 0.200000
1097 1103 0.333333
1097 1104 -0.333333
1098 1101 -0.866667
1098 1102 4.333333
1098 1103 -0.333333
1098 1104 4.333333
1099 1101 -1.666667
1099 1102 -2.333333
1099 1103 0.333333
1099 1104 -0.066667
1100 1101 -3.000000
1100 1102 -1.000000
1100 1103 0.733333
1100 1104 -0.866667
1101 1109 3.666667
1102 1110 0.200000
1103 1111 -1.000000
1104 1112 0.200000
1105 1109 0.733333
1105 1110 1.000000
1105 1111 -1.000000
1105 1112 0.066667
1106 1109 0.866667
1106 1110 -0.733333
1106 1111 1.000000
1106 1112 -0.066667
1107 1109 -0.733333
1107 1110 -0.466667
1107 1111 -0.200000
1107 1112 -0.733333
1108 1109 1.000000
1108 1110 -0.466667
1108 1111 -0.200000
1108 1112 -0.200000
1109 1117 0.733333
1110 1118 0.200000
1111 1119 0.333333
1112 1120 1.000000
1113 1117 -0.200000
1113 1118 -0.333333
1113 1119 -0.200000
1113 1120 0.466667
1114 1117 -0.866667
1114 1118 1.666667
1114 1119 -1.666667
1114 1120 0.333333
1115 1117 -0.200000
1115 1118 -0.600000
1115 1119 -0.066667
1115 1120 -0.200000
1116 1117 0.066667
1116 1118 0.333333
1116 1119 0.466667
1116 1120 0.600000
1117 1125 -0.466667
1118 1126 1.000000
1119 1127 1.000000
1120 1128 0.066667
1121 1125 0.333333
1121 1126 0.200000
1121 1127 0.600000
1121 1128 0.733333
1122 1125 0.200000
1122 1126 -0.866667
1122 1127 -3.000000
1122 1128 1.000000
1123 1125 -1.000000
1123 1126 -1.000000
1123 1127 -4.333333
1123 1128 -0.200000
1124 1125 -3.666667
1124 1126 -2.333333
1124 1127 0.333333
1124 1128 0.600000
1125 1133 -0.333333
1126 1134 -0.866667
1127 1135 0.066667
1128 1136 0.600000
1129 1133 -0.333333
1129 1134 -0.733333
1129 1135 0.466667
1129 1136 -0.466667
1130 1133 -0.066667
1130 1134 0.066667
1130 1135 0.866667
1130 1136 0.600000
1131 1133 0.066667
1131 1134 0.466667
1131 1135 0.733333
1131 1136 0.333333
1132 1133 -1.000000
1132 1134 0.733333
1132 1135 -0.066667
1132 1136 0.733333
1133 1141 -0.866667
1134 1142 0.466667
1135 1143 -0.600000
1136 1144 -0.733333
1137 1141 -0.733333
1137 1142 1.000000
1137 1143 -0.733333
1137 1144 -0.066667
1138 1141 0.733333
1138 1142 -0.466667
1138 1143 1.000000
1138 1144 0.866667
1139 1141 -0.600000
1139 1142 -0.600000
1139 1143 1.666667
1139 1144 1.000000
1140 1141 -1.000000
1140 1142 -1.000000
1140 1143 0.733333
1140 1144 -0.600000
1141 1149 -0.866667
1142 1150 -0.866667
1143 1151 -2.333333
1144 1152 0.200000
1145 1149 -0.866667
1145 1150 -0.466667
1145 1151 -0.200000
1145 1152 0.733333
1146 1149 1.000000
1146 1150 0.600000
1146 1151 -0.600000
1146 1152 0.466667
1147 1149 0.200000
1147 1150 0.333333
1147 1151 1.000000
1147 1152 -0.733333
1148 1149 -0.600000
1148 1150 0.733333
1148 1151 -0.066667
1148 1152 0.066667