#
1 1 -0.173333
2 2 -0.093333
3 3 -0.066667
4 4 -0.146667
5 5 0.066667
6 6 0.173333
7 7 -0.120000
8 8 -0.093333
9 9 -0.066667
10 10 -0.066667
11 11 0.173333
12 12 -0.146667
13 13 0.093333
14 14 0.013333
15 15 -0.040000
16 16 0.040000
17 17 0.093333
18 18 0.013333
19 19 -0.200000
20 20 0.093333
21 21 0.120000
22 22 -0.146667
23 23 -0.093333
24 24 0.200000
25 25 -0.013333
26 26 0.013333
27 27 -0.040000
28 28 0.066667
29 29 -0.066667
30 30 0.200000
31 31 -0.146667
32 32 0.040000
33 33 -0.066667
34 34 -0.093333
35 35 0.173333
36 36 -0.066667
37 37 0.013333
38 38 -0.200000
39 39 -0.120000
40 40 0.173333
41 41 0.066667
42 42 -0.146667
43 43 0.093333
44 44 0.093333
45 45 0.013333
46 46 -0.066667
47 47 0.200000
48 48 0.093333
49 49 -0.146667
50 50 -0.013333
51 51 0.013333
52 52 -0.146667
53 53 -0.120000
54 54 0.093333
55 55 -0.040000
56 56 -0.173333
57 57 -0.173333
58 58 -0.093333
59 59 0.093333
60 60 0.173333
61 61 -0.093333
62 62 -0.040000
63 63 0.200000
64 64 0.066667
65 65 0.013333
66 66 0.146667
67 67 -0.200000
68 68 0.200000
69 69 0.200000
70 70 0.066667
71 71 0.093333
72 72 -0.093333
73 73 0.093333
74 74 -0.013333
75 75 -0.146667
76 76 0.093333
77 77 -0.200000
78 78 -0.040000
79 79 -0.120000
80 80 -0.066667
81 81 -0.040000
82 82 0.013333
83 83 0.093333
84 84 0.200000
85 85 -0.013333
86 86 -0.173333
87 87 -0.013333
88 88 -0.200000
89 89 -0.146667
90 90 0.173333
91 91 -0.173333
92 92 0.040000
93 93 -0.093333
94 94 0.066667
95 95 0.040000
96 96 -0.200000
97 97 -0.093333
98 98 0.173333
99 99 0.173333
100 100 0.200000
101 101 -0.120000
102 102 -0.040000
103 103 -0.120000
104 104 -0.146667
105 105 -0.200000
106 106 0.066667
107 107 0.040000
108 108 -0.093333
109 109 0.040000
110 110 0.013333
111 111 0.013333
112 112 0.093333
113 113 0.093333
114 114 0.013333
115 115 0.040000
116 116 -0.040000
117 117 0.146667
118 118 -0.146667
119 119 0.120000
120 120 0.066667
121 121 0.146667
122 122 -0.146667
123 123 -0.146667
124 124 -0.040000
125 125 -0.066667
126 126 -0.200000
127 127 -0.173333
128 128 0.066667
129 129 -0.146667
130 130 0.200000
131 131 -0.040000
132 132 -0.200000
133 133 -0.093333
134 134 -0.040000
135 135 -0.173333
136 136 0.066667
137 137 0.013333
138 138 0.040000
139 139 -0.200000
140 140 -0.173333
141 141 0.200000
142 142 -0.120000
143 143 -0.120000
144 144 0.200000
145 145 0.040000
146 146 0.146667
147 147 0.200000
148 148 0.040000
149 149 0.066667
150 150 -0.146667
151 151 -0.093333
152 152 0.066667
153 153 -0.120000
154 154 0.066667
155 155 -0.066667
156 156 -0.040000
157 157 0.120000
158 158 -0.093333
159 159 0.173333
160 160 0.173333
161 161 -0.146667
162 162 -0.146667
163 163 0.173333
164 164 0.013333
165 165 0.200000
166 166 0.146667
167 167 -0.040000
168 168 0.146667
169 169 -0.173333
170 170 0.200000
171 171 0.013333
172 172 0.146667
173 173 0.040000
174 174 0.040000
175 175 0.040000
176 176 0.146667
177 177 0.120000
178 178 0.093333
179 179 -0.173333
180 180 -0.200000
181 181 0.120000
182 182 -0.173333
183 183 -0.120000
184 184 -0.066667
185 185 0.066667
186 186 -0.173333
187 187 0.013333
188 188 -0.013333
189 189 0.040000
190 190 0.200000
191 191 -0.013333
192 192 0.066667
193 193 0.013333
194 194 -0.146667
195 195 -0.120000
196 196 0.146667
197 197 0.013333
198 198 0.066667
199 199 -0.040000
200 200 0.040000
201 201 -0.200000
202 202 -0.146667
203 203 -0.040000
204 204 0.173333
205 205 -0.120000
206 206 -0.093333
207 207 0.066667
208 208 -0.146667
209 209 -0.200000
210 210 0.066667
211 211 0.120000
212 212 0.040000
213 213 0.200000
214 214 -0.066667
215 215 -0.066667
216 216 0.120000
217 217 0.146667
218 218 -0.093333
219 219 -0.040000
220 220 0.066667
221 221 0.040000
222 222 0.013333
223 223 -0.066667
224 224 -0.013333
225 225 -0.040000
226 226 -0.146667
227 227 -0.040000
228 228 0.040000
229 229 0.146667
230 230 -0.200000
231 231 -0.066667
232 232 0.013333
233 233 0.173333
234 234 0.173333
235 235 0.146667
236 236 0.120000
237 237 0.173333
238 238 -0.013333
239 239 -0.173333
240 240 0.040000
241 241 0.040000
242 242 0.013333
243 243 0.173333
244 244 0.093333
245 245 -0.173333
246 246 0.013333
247 247 -0.173333
248 248 0.093333
249 249 -0.040000
250 250 0.040000
251 251 0.200000
252 252 -0.013333
253 253 -0.040000
254 254 0.173333
255 255 0.093333
256 256 -0.093333
257 257 -0.040000
258 258 -0.120000
259 259 0.120000
260 260 -0.200000
261 261 0.066667
262 262 -0.173333
263 263 -0.146667
264 264 0.066667
265 265 0.040000
266 266 -0.173333
267 267 0.066667
268 268 -0.146667
269 269 -0.173333
270 270 -0.146667
271 271 -0.040000
272 272 -0.173333
273 273 0.120000
274 274 -0.120000
275 275 0.040000
276 276 -0.066667
277 277 0.013333
278 278 -0.013333
279 279 -0.013333
280 280 -0.013333
281 281 0.093333
282 282 -0.120000
283 283 0.093333
284 284 0.066667
285 285 0.013333
286 286 0.093333
287 287 -0.200000
288 288 0.013333
289 289 -0.173333
290 290 -0.066667
291 291 -0.173333
292 292 0.066667
293 293 -0.146667
294 294 0.200000
295 295 0.146667
296 296 0.066667
297 297 0.146667
298 298 0.040000
299 299 -0.040000
300 300 -0.066667
301 301 0.013333
302 302 -0.093333
303 303 -0.066667
304 304 -0.013333
305 305 -0.120000
306 306 -0.200000
307 307 -0.093333
308 308 -0.120000
309 309 0.200000
310 310 0.066667
311 311 -0.093333
312 312 0.040000
313 313 0.146667
314 314 0.066667
315 315 0.120000
316 316 -0.093333
317 317 0.120000
318 318 -0.120000
319 319 -0.173333
320 320 0.120000
321 321 -0.093333
322 322 0.173333
323 323 -0.013333
324 324 -0.013333
325 325 -0.093333
326 326 -0.040000
327 327 -0.013333
328 328 0.146667
329 329 -0.120000
330 330 -0.120000
331 331 -0.120000
332 332 -0.013333
333 333 0.093333
334 334 0.200000
335 335 -0.066667
336 336 -0.066667
337 337 -0.013333
338 338 -0.066667
339 339 -0.040000
340 340 -0.200000
341 341 0.200000
342 342 -0.013333
343 343 -0.200000
344 344 0.013333
345 345 0.120000
346 346 -0.040000
347 347 -0.066667
348 348 0.120000
349 349 -0.120000
350 350 0.066667
351 351 -0.093333
352 352 0.066667
353 353 0.013333
354 354 -0.066667
355 355 -0.040000
356 356 -0.120000
357 357 -0.066667
358 358 -0.066667
359 359 0.066667
360 360 0.093333
361 361 -0.040000
362 362 0.040000
363 363 -0.120000
364 364 0.173333
365 365 0.093333
366 366 0.120000
367 367 0.013333
368 368 -0.013333
369 369 0.200000
370 370 -0.120000
371 371 -0.040000
372 372 -0.200000
373 373 -0.066667
374 374 -0.120000
375 375 0.040000
376 376 0.013333
377 377 -0.013333
378 378 -0.040000
379 379 -0.093333
380 380 0.120000
381 381 0.173333
382 382 0.093333
383 383 -0.093333
384 384 0.200000
385 385 0.120000
386 386 -0.120000
387 387 -0.200000
388 388 -0.093333
389 389 -0.200000
390 390 -0.120000
391 391 0.120000
392 392 0.013333
393 393 -0.093333
394 394 0.200000
395 395 0.200000
396 396 0.093333
397 397 0.146667
398 398 0.173333
399 399 -0.093333
400 400 0.013333
401 401 0.120000
402 402 -0.173333
403 403 -0.013333
404 404 -0.146667
405 405 0.093333
406 406 0.200000
407 407 0.013333
408 408 0.013333
409 409 0.146667
410 410 0.040000
411 411 -0.040000
412 412 -0.173333
413 413 0.146667
414 414 -0.120000
415 415 0.200000
416 416 -0.066667
417 417 -0.040000
418 418 0.200000
419 419 -0.146667
420 420 -0.200000
421 421 0.013333
422 422 -0.066667
423 423 0.013333
424 424 -0.040000
425 425 -0.066667
426 426 -0.120000
427 427 -0.066667
428 428 0.066667
429 429 -0.040000
430 430 -0.146667
431 431 -0.173333
432 432 -0.146667
433 433 -0.200000
434 434 0.146667
435 435 -0.120000
436 436 0.013333
437 437 -0.013333
438 438 -0.173333
439 439 0.120000
440 440 -0.066667
441 441 0.040000
442 442 0.120000
443 443 -0.093333
444 444 0.120000
445 445 -0.093333
446 446 -0.146667
447 447 0.093333
448 448 -0.173333
449 449 -0.066667
450 450 -0.200000
451 451 -0.200000
452 452 -0.066667
453 453 -0.120000
454 454 -0.146667
455 455 0.093333
456 456 -0.146667
457 457 -0.040000
458 458 -0.093333
459 459 -0.146667
460 460 -0.093333
461 461 -0.093333
462 462 0.093333
463 463 -0.013333
464 464 0.200000
465 465 -0.200000
466 466 -0.013333
467 467 -0.040000
468 468 0.146667
469 469 -0.120000
470 470 -0.146667
471 471 -0.173333
472 472 0.013333
473 473 0.040000
474 474 0.040000
475 475 -0.066667
476 476 -0.013333
477 477 0.173333
478 478 -0.066667
479 479 -0.146667
480 480 -0.146667
481 481 0.066667
482 482 0.200000
483 483 -0.093333
484 484 -0.120000
485 485 0.040000
486 486 -0.093333
487 487 -0.093333
488 488 0.040000
489 489 0.040000
490 490 -0.173333
491 491 0.200000
492 492 0.146667
493 493 -0.173333
494 494 0.173333
495 495 0.146667
496 496 0.200000
497 497 0.173333
498 498 -0.146667
499 499 -0.146667
500 500 0.066667
501 501 -0.093333
502 502 0.173333
503 503 0.146667
504 504 -0.200000
505 505 -0.066667
506 506 -0.040000
507 507 0.200000
508 508 -0.013333
509 509 0.173333
510 510 -0.013333
511 511 0.120000
512 512 0.013333
513 513 0.013333
514 514 -0.173333
515 515 -0.093333
516 516 0.040000
517 517 0.173333
518 518 -0.200000
519 519 0.066667
520 520 0.040000
521 521 -0.146667
522 522 -0.173333
523 523 -0.200000
524 524 -0.066667
525 525 0.066667
526 526 0.173333
527 527 -0.200000
528 528 0.200000
529 529 0.066667
530 530 -0.120000
531 531 -0.200000
532 532 0.093333
533 533 0.066667
534 534 -0.200000
535 535 0.146667
536 536 -0.146667
537 537 -0.200000
538 538 -0.146667
539 539 0.200000
540 540 0.200000
541 541 -0.013333
542 542 -0.040000
543 543 0.040000
544 544 -0.040000
545 545 0.120000
546 546 -0.093333
547 547 0.066667
548 548 0.146667
549 549 -0.120000
550 550 0.013333
551 551 0.040000
552 552 -0.093333
553 553 0.120000
554 554 -0.173333
555 555 0.013333
556 556 -0.200000
557 557 -0.173333
558 558 0.013333
559 559 0.093333
560 560 0.200000
561 561 0.093333
562 562 0.120000
563 563 0.066667
564 564 0.120000
565 565 0.120000
566 566 -0.013333
567 567 0.093333
568 568 -0.200000
569 569 -0.120000
570 570 0.066667
571 571 0.066667
572 572 -0.066667
573 573 0.013333
574 574 -0.093333
575 575 0.200000
576 576 -0.200000
577 577 -0.066667
578 578 0.040000
579 579 0.093333
580 580 -0.040000
581 581 0.146667
582 582 -0.066667
583 583 -0.066667
584 584 -0.120000
585 585 0.146667
586 586 0.200000
587 587 -0.120000
588 588 0.066667
589 589 0.173333
590 590 0.013333
591 591 0.173333
592 592 0.093333
593 593 0.200000
594 594 0.200000
595 595 -0.173333
596 596 -0.200000
597 597 -0.066667
598 598 0.066667
599 599 0.066667
600 600 0.066667
601 601 0.040000
602 602 0.146667
603 603 0.200000
604 604 0.200000
605 605 0.173333
606 606 0.200000
607 607 0.066667
608 608 -0.040000
609 609 0.040000
610 610 -0.120000
611 611 0.120000
612 612 -0.040000
613 613 -0.200000
614 614 0.200000
615 615 0.093333
616 616 0.093333
617 617 0.146667
618 618 -0.146667
619 619 -0.200000
620 620 -0.146667
621 621 0.013333
622 622 0.013333
623 623 -0.146667
624 624 -0.013333
625 625 0.120000
626 626 0.120000
627 627 -0.146667
628 628 0.120000
629 629 -0.173333
630 630 -0.013333
631 631 0.066667
632 632 0.040000
633 633 -0.146667
634 634 0.146667
635 635 -0.120000
636 636 -0.200000
637 637 0.040000
638 638 0.200000
639 639 0.200000
640 640 0.040000
641 641 -0.200000
642 642 -0.093333
643 643 -0.040000
644 644 0.173333
645 645 0.146667
646 646 -0.040000
647 647 0.146667
648 648 -0.173333
649 649 0.066667
650 650 -0.120000
651 651 0.200000
652 652 0.120000
653 653 0.200000
654 654 0.200000
655 655 0.200000
656 656 -0.173333
657 657 -0.146667
658 658 -0.200000
659 659 0.093333
660 660 0.040000
661 661 0.173333
662 662 0.040000
663 663 -0.013333
664 664 -0.013333
665 665 0.120000
666 666 -0.120000
667 667 -0.173333
668 668 -0.093333
669 669 -0.066667
670 670 -0.146667
671 671 -0.120000
672 672 0.013333
673 673 0.146667
674 674 0.146667
675 675 -0.173333
676 676 -0.200000
677 677 0.120000
678 678 -0.173333
679 679 0.200000
680 680 -0.066667
681 681 -0.040000
682 682 0.120000
683 683 -0.120000
684 684 -0.146667
685 685 -0.093333
686 686 -0.066667
687 687 -0.040000
688 688 0.200000
689 689 -0.013333
690 690 -0.013333
691 691 -0.173333
692 692 0.093333
693 693 0.066667
694 694 0.200000
695 695 -0.146667
696 696 0.040000
697 697 -0.173333
698 698 0.146667
699 699 0.200000
700 700 0.173333
701 701 0.200000
702 702 0.120000
703 703 -0.146667
704 704 0.093333
705 705 0.120000
706 706 -0.200000
707 707 -0.093333
708 708 -0.120000
709 709 -0.146667
710 710 -0.066667
711 711 0.093333
712 712 0.200000
713 713 -0.120000
714 714 -0.093333
715 715 0.173333
716 716 -0.093333
717 717 -0.120000
718 718 0.040000
719 719 0.066667
720 720 -0.120000
721 721 -0.120000
722 722 -0.093333
723 723 0.173333
724 724 0.093333
725 725 -0.093333
726 726 0.146667
727 727 -0.200000
728 728 0.200000
729 729 0.040000
730 730 0.120000
731 731 -0.173333
732 732 -0.146667
733 733 -0.173333
734 734 -0.120000
735 735 -0.146667
736 736 0.040000
737 737 0.146667
738 738 -0.093333
739 739 0.093333
740 740 0.040000
741 741 0.120000
742 742 0.120000
743 743 -0.013333
744 744 -0.066667
745 745 0.013333
746 746 -0.093333
747 747 0.200000
748 748 0.200000
749 749 -0.040000
750 750 -0.066667
751 751 -0.093333
752 752 -0.146667
753 753 -0.120000
754 754 -0.013333
755 755 -0.120000
756 756 0.093333
757 757 -0.200000
758 758 0.040000
759 759 -0.093333
760 760 0.040000
761 761 -0.200000
762 762 -0.040000
763 763 -0.013333
764 764 -0.093333
765 765 -0.120000
766 766 -0.093333
767 767 0.120000
768 768 -0.120000
769 769 -0.200000
770 770 0.146667
771 771 -0.066667
772 772 0.146667
773 773 -0.120000
774 774 -0.066667
775 775 -0.120000
776 776 -0.013333
777 777 0.173333
778 778 0.066667
779 779 0.173333
780 780 -0.173333
781 781 0.093333
782 782 -0.066667
783 783 -0.200000
784 784 -0.040000
785 785 0.066667
786 786 0.120000
787 787 0.066667
788 788 -0.093333
789 789 0.120000
790 790 0.200000
791 791 -0.093333
792 792 -0.146667
793 793 0.066667
794 794 0.013333
795 795 0.120000
796 796 -0.066667
797 797 0.120000
798 798 -0.093333
799 799 -0.013333
800 800 0.093333
801 801 -0.146667
802 802 0.066667
803 803 0.120000
804 804 -0.040000
805 805 0.120000
806 806 -0.066667
807 807 -0.040000
808 808 0.040000
809 809 -0.173333
810 810 0.200000
811 811 0.040000
812 812 -0.040000
813 813 -0.066667
814 814 -0.173333
815 815 -0.120000
816 816 0.013333
817 817 -0.040000
818 818 0.120000
819 819 0.173333
820 820 -0.040000
821 821 0.066667
822 822 -0.013333
823 823 -0.013333
824 824 -0.040000
825 825 -0.120000
826 826 0.013333
827 827 -0.013333
828 828 0.120000
829 829 -0.173333
830 830 0.120000
831 831 -0.013333
832 832 -0.093333
833 833 0.200000
834 834 0.013333
835 835 0.093333
836 836 -0.120000
837 837 -0.013333
838 838 -0.040000
839 839 -0.013333
840 840 -0.066667
841 841 0.120000
842 842 0.040000
843 843 0.040000
844 844 -0.120000
845 845 -0.040000
846 846 0.200000
847 847 -0.040000
848 848 0.013333
849 849 0.173333
850 850 -0.093333
851 851 -0.013333
852 852 -0.146667
853 853 0.093333
854 854 0.146667
855 855 0.013333
856 856 -0.146667
857 857 -0.093333
858 858 0.066667
859 859 -0.146667
860 860 0.120000
861 861 0.173333
862 862 0.200000
863 863 0.120000
864 864 0.120000
865 865 0.173333
866 866 -0.146667
867 867 0.066667
868 868 0.173333
869 869 -0.146667
870 870 -0.040000
871 871 -0.040000
872 872 0.120000
873 873 -0.173333
874 874 -0.040000
875 875 0.093333
876 876 0.093333
877 877 -0.120000
878 878 0.200000
879 879 0.173333
880 880 0.120000
881 881 0.066667
882 882 -0.013333
883 883 -0.173333
884 884 -0.093333
885 885 -0.013333
886 886 -0.040000
887 887 0.173333
888 888 -0.173333
889 889 -0.200000
890 890 -0.146667
891 891 -0.066667
892 892 0.173333
893 893 -0.013333
894 894 -0.120000
895 895 0.120000
896 896 -0.146667
897 897 -0.146667
898 898 -0.040000
899 899 -0.200000
900 900 -0.120000
901 901 0.146667
902 902 0.120000
903 903 0.040000
904 904 0.066667
905 905 0.093333
906 906 0.040000
907 907 0.040000
908 908 -0.013333
909 909 0.013333
910 910 0.066667
911 911 -0.146667
912 912 -0.066667
913 913 -0.040000
914 914 -0.200000
915 915 -0.066667
916 916 0.120000
917 917 -0.066667
918 918 -0.173333
919 919 -0.040000
920 920 -0.093333
921 921 -0.146667
922 922 -0.146667
923 923 0.173333
924 924 0.146667
925 925 0.093333
926 926 0.200000
927 927 -0.066667
928 928 0.013333
929 929 -0.093333
930 930 -0.093333
931 931 -0.173333
932 932 0.066667
933 933 -0.200000
934 934 0.066667
935 935 -0.120000
936 936 -0.066667
937 937 0.040000
938 938 -0.040000
939 939 0.200000
940 940 -0.013333
941 941 0.093333
942 942 0.173333
943 943 0.066667
944 944 0.013333
945 945 -0.120000
946 946 -0.200000
947 947 -0.013333
948 948 -0.013333
949 949 0.173333
950 950 0.093333
951 951 -0.200000
952 952 0.066667
953 953 -0.120000
954 954 0.120000
955 955 -0.093333
956 956 0.173333
957 957 0.146667
958 958 -0.040000
959 959 -0.040000
960 960 0.146667
961 961 -0.040000
962 962 0.013333
963 963 0.200000
964 964 -0.173333
965 965 -0.013333
966 966 -0.013333
967 967 -0.040000
968 968 -0.120000
969 969 0.146667
970 970 -0.066667
971 971 0.120000
972 972 0.093333
973 973 -0.146667
974 974 0.066667
975 975 0.146667
976 976 0.093333
977 977 0.120000
978 978 0.120000
979 979 0.040000
980 980 0.120000
981 981 -0.066667
982 982 -0.093333
983 983 0.173333
984 984 0.040000
985 985 0.120000
986 986 0.013333
987 987 -0.146667
988 988 -0.200000
989 989 0.120000
990 990 -0.200000
991 991 0.013333
992 992 -0.013333
993 993 0.066667
994 994 -0.013333
995 995 0.146667
996 996 0.173333
997 997 -0.093333
998 998 -0.173333
999 999 -0.066667
1000 1000 0.066667
1001 1001 0.013333
1002 1002 -0.093333
1003 1003 -0.120000
1004 1004 0.093333
1005 1005 0.066667
1006 1006 -0.013333
1007 1007 -0.066667
1008 1008 0.040000
1009 1009 0.066667
1010 1010 0.040000
1011 1011 0.146667
1012 1012 -0.040000
1013 1013 -0.013333
1014 1014 0.013333
1015 1015 0.173333
1016 1016 0.146667
1017 1017 -0.173333
1018 1018 0.200000
1019 1019 0.013333
1020 1020 -0.040000
1021 1021 0.066667
1022 1022 -0.200000
1023 1023 -0.093333
1024 1024 0.093333
1025 1025 -0.146667
1026 1026 0.120000
1027 1027 -0.013333
1028 1028 0.040000
1029 1029 0.120000
1030 1030 -0.013333
1031 1031 0.120000
1032 1032 -0.173333
1033 1033 0.173333
1034 1034 -0.173333
1035 1035 0.040000
1036 1036 0.200000
1037 1037 0.120000
1038 1038 -0.066667
1039 1039 -0.173333
1040 1040 -0.013333
1041 1041 0.200000
1042 1042 -0.146667
1043 1043 0.040000
1044 1044 -0.173333
1045 1045 0.173333
1046 1046 -0.040000
1047 1047 -0.120000
1048 1048 -0.173333
1049 1049 -0.066667
1050 1050 -0.013333
1051 1051 0.173333
1052 1052 0.173333
1053 1053 0.200000
1054 1054 0.066667
1055 1055 0.013333
1056 1056 0.040000
1057 1057 0.066667
1058 1058 0.146667
1059 1059 -0.040000
1060 1060 -0.200000
1061 1061 -0.173333
1062 1062 -0.013333
1063 1063 0.093333
1064 1064 0.200000
1065 1065 0.066667
1066 1066 0.040000
1067 1067 0.040000
1068 1068 -0.173333
1069 1069 0.200000
1070 1070 -0.093333
1071 1071 0.200000
1072 1072 0.200000
1073 1073 0.040000
1074 1074 -0.146667
1075 1075 0.146667
1076 1076 0.200000
1077 1077 -0.120000
1078 1078 -0.200000
1079 1079 0.146667
1080 1080 -0.120000
1081 1081 -0.200000
1082 1082 -0.146667
1083 1083 0.013333
1084 1084 0.120000
1085 1085 -0.173333
1086 1086 0.013333
1087 1087 -0.173333
1088 1088 -0.146667
1089 1089 -0.173333
1090 1090 -0.200000
1091 1091 0.173333
1092 1092 -0.013333
1093 1093 -0.040000
1094 1094 -0.200000
1095 1095 -0.093333
1096 1096 -0.200000
1097 1097 -0.173333
1098 1098 -0.066667
1099 1099 -0.200000
1100 1100 -0.173333
1101 1101 -0.040000
1102 1102 -0.013333
1103 1103 0.040000
1104 1104 0.013333
1105 1105 -0.013333
1106 1106 -0.066667
1107 1107 0.120000
1108 1108 0.040000
1109 1109 -0.040000
1110 1110 -0.120000
1111 1111 0.093333
1112 1112 0.200000
1113 1113 0.146667
1114 1114 0.120000
1115 1115 0.146667
1116 1116 0.200000
1117 1117 0.040000
1118 1118 0.173333
1119 1119 -0.146667
1120 1120 0.173333
1121 1121 -0.066667
1122 1122 -0.120000
1123 1123 -0.120000
1124 1124 0.093333
1125 1125 0.040000
1126 1126 0.120000
1127 1127 0.093333
1128 1128 0.066667
1129 1129 -0.120000
1130 1130 0.066667
1131 1131 -0.040000
1132 1132 -0.066667
1133 1133 -0.066667
1134 1134 0.066667
1135 1135 0.146667
1136 1136 0.173333
1137 1137 -0.093333
1138 1138 0.146667
1139 1139 0.013333
1140 1140 -0.120000
1141 1141 0.040000
1142 1142 0.200000
1143 1143 0.120000
1144 1144 0.173333
1145 1145 -0.013333
1146 1146 0.120000
1147 1147 0.040000
1148 1148 0.040000
1149 1149 -0.120000
1150 1150 -0.146667
1151 1151 -0.146667
1152 1152 0.066667
1 5 -1.000000
1 6 -0.866667
1 7 -0.333333
1 8 -1.000000
1 97 0.600000
2 5 -0.600000
2 6 -1.000000
2 7 0.066667
2 8 0.466667
2 98 -0.466667
3 5 -0.200000
3 6 5.000000
3 7 4.333333
3 8 -0.600000
3 99 -0.866667
4 5 1.000000
4 6 -0.466667
4 7 0.066667
4 8 0.866667
4 100 -0.733333
5 13 0.466667
6 14 -0.066667
7 15 -0.466667
8 16 0.866667
9 13 -0.066667
9 14 0.600000
9 15 0.600000
9 16 -1.000000
9 105 -0.333333
10 13 -0.600000
10 14 -0.600000
10 15 0.333333
10 16 -0.333333
10 106 1.000000
11 13 -0.466667
11 14 0.466667
11 15 -0.466667
11 16 -0.333333
11 107 -0.866667
12 13 0.333333
12 14 -0.333333
12 15 -0.733333
12 16 -0.866667
12 108 1.000000
13 21 0.600000
14 22 -0.200000
15 23 0.733333
16 24 -0.333333
17 21 0.200000
17 22 0.600000
17 23 -0.733333
17 24 0.866667
17 113 -0.066667
18 21 -0.733333
18 22 0.066667
18 23 -0.066667
18 24 -0.466667
18 114 0.466667
19 21 -0.600000
19 22 0.066667
19 23 1.000000
19 24 0.866667
19 115 -0.733333
20 21 -0.733333
20 22 0.866667
20 23 1.000000
20 24 -1.000000
20 116 4.333333
21 29 -0.333333
22 30 -0.600000
23 31 -1.000000
24 32 0.200000
25 29 -0.333333
25 30 -0.200000
25 31 0.866667
25 32 0.466667
25 121 0.733333
26 29 -0.333333
26 30 -1.000000
26 31 0.733333
26 32 1.000000
26 122 -0.866667
27 29 0.733333
27 30 1.000000
27 31 0.200000
27 32 -1.000000
27 123 -0.466667
28 29 0.066667
28 30 0.200000
28 31 -0.333333
28 32 0.333333
28 124 0.466667
29 37 0.733333
30 38 -0.466667
31 39 -0.333333
32 40 -0.333333
33 37 -0.866667
33 38 1.000000
33 39 0.200000
33 40 -0.600000
33 129 -0.200000
34 37 0.066667
34 38 -0.066667
34 39 -0.333333
34 40 0.333333
34 130 -0.733333
35 37 1.000000
35 38 -0.600000
35 39 0.733333
35 40 1.000000
35 131 -1.000000
36 37 -0.600000
36 38 -0.600000
36 39 0.200000
36 40 -0.866667
36 132 0.733333
37 45 -1.000000
38 46 -1.000000
39 47 -0.466667
40 48 -0.866667
41 45 0.333333
41 46 4.333333
41 47 -4.333333
41 48 -0.600000
41 137 -3.666667
42 45 -0.466667
42 46 -1.000000
42 47 0.333333
42 48 -0.866667
42 138 0.600000
43 45 -0.733333
43 46 -1.000000
43 47 -1.000000
43 48 -0.466667
43 139 0.733333
44 45 0.066667
44 46 0.333333
44 47 0.066667
44 48 0.200000
44 140 0.600000
45 53 -3.666667
46 54 5.000000
47 55 -0.200000
48 56 0.200000
49 53 -0.866667
49 54 -3.666667
49 55 -0.466667
49 56 -5.000000
49 145 0.333333
50 53 2.333333
50 54 -5.000000
50 55 -0.466667
50 56 -1.000000
50 146 -3.000000
51 53 -0.333333
51 54 3.666667
51 55 4.333333
51 56 -0.466667
51 147 -0.066667
52 53 0.333333
52 54 0.333333
52 55 0.333333
52 56 1.000000
52 148 0.866667
53 61 0.333333
54 62 4.333333
55 63 -2.333333
56 64 -1.000000
57 61 -0.333333
57 62 0.866667
57 63 -1.000000
57 64 5.000000
57 153 -0.600000
58 61 -0.866667
58 62 -0.466667
58 63 -0.200000
58 64 -2.333333
58 154 -2.333333
59 61 0.600000
59 62 -0.866667
59 63 -0.200000
59 64 -1.000000
59 155 -0.066667
60 61 -3.000000
60 62 -2.333333
60 63 -0.600000
60 64 -0.333333
60 156 -1.000000
61 69 0.866667
62 70 0.466667
63 71 0.333333
64 72 -0.333333
65 69 -0.600000
65 70 0.866667
65 71 -0.733333
65 72 0.733333
65 161 -0.466667
66 69 0.466667
66 70 -0.600000
66 71 -0.066667
66 72 0.066667
66 162 0.066667
67 69 -0.200000
67 70 -0.333333
67 71 0.866667
67 72 -0.866667
67 163 0.066667
68 69 -0.466667
68 70 0.600000
68 71 -0.866667
68 72 -0.333333
68 164 0.866667
69 77 0.333333
70 78 0.200000
71 79 -0.600000
72 80 0.466667
73 77 -0.733333
73 78 1.000000
73 79 0.200000
73 80 1.000000
73 169 -0.200000
74 77 -0.466667
74 78 0.066667
74 79 0.733333
74 80 -0.466667
74 170 -0.200000
75 77 0.200000
75 78 -0.733333
75 79 0.466667
75 80 0.866667
75 171 0.600000
76 77 -1.000000
76 78 0.466667
76 79 -0.466667
76 80 0.600000
76 172 -0.066667
77 85 -0.733333
78 86 -1.666667
79 87 -0.333333
80 88 0.866667
81 85 0.066667
81 86 -0.733333
81 87 0.066667
81 88 0.333333
81 177 -0.200000
82 85 0.466667
82 86 0.600000
82 87 0.600000
82 88 -0.600000
82 178 -0.600000
83 85 -0.866667
83 86 0.866667
83 87 -0.866667
83 88 -0.466667
83 179 0.466667
84 85 -0.200000
84 86 -0.466667
84 87 -0.600000
84 88 0.733333
84 180 0.600000
85 93 -0.200000
86 94 0.333333
87 95 -0.466667
88 96 0.200000
89 93 0.066667
89 94 0.200000
89 95 -0.600000
89 96 -0.466667
89 185 1.000000
90 93 0.066667
90 94 0.200000
90 95 1.000000
90 96 -1.000000
90 186 -0.866667
91 93 0.333333
91 94 1.000000
91 95 -0.600000
91 96 0.200000
91 187 -0.200000
92 93 0.733333
92 94 1.000000
92 95 -0.733333
92 96 0.866667
92 188 -0.066667
97 101 0.466667
97 102 0.866667
97 103 0.600000
97 104 -0.200000
97 193 -0.200000
98 101 0.200000
98 102 0.866667
98 103 0.200000
98 104 -0.333333
98 194 0.200000
99 101 -0.066667
99 102 -0.733333
99 103 0.733333
99 104 0.600000
99 195 -0.600000
100 101 0.200000
100 102 -1.000000
100 103 1.000000
100 104 1.000000
100 196 -0.466667
101 109 1.000000
102 110 -0.066667
103 111 -0.733333
104 112 0.066667
105 109 -1.000000
105 110 1.000000
105 111 -0.333333
105 112 0.866667
105 201 0.200000
106 109 0.466667
106 110 0.066667
106 111 -0.733333
106 112 0.333333
106 202 -0.733333
107 109 0.866667
107 110 0.600000
107 111 -0.866667
107 112 1.000000
107 203 0.333333
108 109 0.333333
108 110 0.600000
108 111 0.600000
108 112 -1.000000
108 204 0.066667
109 117 -0.733333
110 118 -0.466667
111 119 -0.466667
112 120 -1.000000
113 117 -0.866667
113 118 -0.200000
113 119 0.333333
113 120 -0.866667
113 209 -0.466667
114 117 -4.333333
114 118 0.733333
114 119 -0.066667
114 120 -0.200000
114 210 -0.466667
115 117 -0.200000
115 118 0.066667
115 119 -0.200000
115 120 -0.600000
115 211 0.200000
116 117 0.333333
116 118 0.733333
116 119 0.733333
116 120 -0.866667
116 212 -0.466667
117 125 2.333333
118 126 -1.000000
119 127 0.733333
120 128 0.733333
121 125 0.600000
121 126 1.000000
121 127 -0.866667
121 128 -0.066667
121 217 -0.200000
122 125 0.066667
122 126 -0.466667
122 127 -0.733333
122 128 -0.466667
122 218 1.000000
123 125 -0.333333
123 126 -0.200000
123 127 -0.600000
123 128 -0.200000
123 219 0.600000
124 125 -0.466667
124 126 1.000000
124 127 -0.333333
124 128 0.333333
124 220 -0.466667
125 133 -0.066667
126 134 -0.733333
127 135 1.000000
128 136 -0.600000
129 133 -0.600000
129 134 0.733333
129 135 1.000000
129 136 0.600000
129 225 -0.200000
130 133 -0.733333
130 134 -0.466667
130 135 -0.600000
130 136 1.000000
130 226 -0.600000
131 133 -0.200000
131 134 0.466667
131 135 0.200000
131 136 0.466667
131 227 -0.200000
132 133 0.600000
132 134 0.066667
132 135 0.733333
132 136 -0.466667
132 228 0.466667
133 141 1.000000
134 142 -0.733333
135 143 3.666667
136 144 -0.866667
137 141 0.066667
137 142 -0.200000
137 143 1.000000
137 144 0.066667
137 233 -0.466667
138 141 0.333333
138 142 -0.733333
138 143 0.066667
138 144 -0.333333
138 234 0.333333
139 141 0.733333
139 142 -0.200000
139 143 -4.333333
139 144 -1.000000
139 235 0.200000
140 141 0.866667
140 142 -1.000000
140 143 1.000000
140 144 -0.200000
140 236 -0.200000
141 149 -0.466667
142 150 0.200000
143 151 0.333333
144 152 -3.000000
145 149 -0.333333
145 150 -0.466667
145 151 -0.866667
145 152 1.000000
145 241 -0.866667
146 149 -3.666667
146 150 -0.333333
146 151 -3.666667
146 152 -3.666667
146 242 0.333333
147 149 1.666667
147 150 0.333333
147 151 1.000000
147 152 -0.733333
147 243 -0.733333
148 149 -0.600000
148 150 -0.866667
148 151 -0.866667
148 152 1.000000
148 244 0.733333
149 157 0.066667
150 158 5.000000
151 159 0.333333
152 160 -0.333333
153 157 0.066667
153 158 -1.666667
153 159 -1.000000
153 160 -0.333333
153 249 -3.000000
154 157 0.733333
154 158 0.333333
154 159 -0.200000
154 160 -0.866667
154 250 -0.333333
155 157 0.466667
155 158 -0.066667
155 159 0.733333
155 160 1.666667
155 251 -1.000000
156 157 0.333333
156 158 -1.000000
156 159 -0.600000
156 160 -0.866667
156 252 -5.000000
157 165 -1.000000
158 166 0.866667
159 167 0.200000
160 168 -0.600000
161 165 0.333333
161 166 -1.000000
161 167 -0.066667
161 168 0.333333
161 257 1.000000
162 165 -1.000000
162 166 1.000000
162 167 -1.000000
162 168 0.733333
162 258 -0.866667
163 165 0.066667
163 166 0.733333
163 167 0.466667
163 168 0.333333
163 259 -0.466667
164 165 0.200000
164 166 -0.733333
164 167 -0.600000
164 168 0.733333
164 260 -0.333333
165 173 0.466667
166 174 0.600000
167 175 -0.466667
168 176 0.066667
169 173 0.466667
169 174 -0.066667
169 175 -0.733333
169 176 -0.200000
169 265 0.066667
170 173 -1.000000
170 174 -1.000000
170 175 0.333333
170 176 0.866667
170 266 -1.000000
171 173 0.200000
171 174 0.866667
171 175 0.066667
171 176 -0.466667
171 267 -1.000000
172 173 0.733333
172 174 0.600000
172 175 0.200000
172 176 -0.733333
172 268 0.200000
173 181 -0.866667
174 182 -0.066667
175 183 0.733333
176 184 -0.600000
177 181 -0.866667
177 182 -0.200000
177 183 -0.333333
177 184 0.066667
177 273 0.466667
178 181 0.600000
178 182 -0.866667
178 183 -1.000000
178 184 0.066667
178 274 -0.866667
179 181 0.733333
179 182 -0.200000
179 183 1.000000
179 184 0.866667
179 275 -0.866667
180 181 0.333333
180 182 -0.200000
180 183 0.600000
180 184 1.000000
180 276 0.066667
181 189 0.466667
182 190 0.866667
183 191 0.866667
184 192 0.333333
185 189 0.066667
185 190 -0.600000
185 191 -0.066667
185 192 0.200000
185 281 -1.000000
186 189 0.466667
186 190 0.866667
186 191 -0.066667
186 192 -0.200000
186 282 0.866667
187 189 -0.600000
187 190 0.733333
187 191 0.866667
187 192 -0.066667
187 283 0.200000
188 189 -0.333333
188 190 0.466667
188 191 -0.600000
188 192 0.466667
188 284 -0.466667
193 197 -0.066667
193 198 -0.066667
193 199 -0.866667
193 200 -0.866667
193 289 -0.466667
194 197 0.466667
194 198 0.066667
194 199 -0.733333
194 200 -1.000000
194 290 -0.200000
195 197 -0.333333
195 198 -0.866667
195 199 -0.600000
195 200 -0.733333
195 291 -1.000000
196 197 1.000000
196 198 -0.333333
196 199 -1.000000
196 200 0.866667
196 292 0.600000
197 205 -0.066667
198 206 -1.000000
199 207 -0.733333
200 208 -3.000000
201 205 0.466667
201 206 -0.200000
201 207 2.333333
201 208 -1.666667
201 297 -0.866667
202 205 4.333333
202 206 0.866667
202 207 0.600000
202 208 2.333333
202 298 0.600000
203 205 0.866667
203 206 0.200000
203 207 0.200000
203 208 0.333333
203 299 -0.200000
204 205 0.600000
204 206 0.600000
204 207 0.333333
204 208 0.333333
204 300 -0.333333
205 213 -0.333333
206 214 0.333333
207 215 2.333333
208 216 -0.333333
209 213 0.866667
209 214 -0.066667
209 215 -3.666667
209 216 0.066667
209 305 -0.466667
210 213 -0.066667
210 214 0.733333
210 215 -0.733333
210 216 -5.000000
210 306 3.000000
211 213 -0.733333
211 214 0.866667
211 215 0.200000
211 216 1.666667
211 307 0.066667
212 213 0.200000
212 214 0.333333
212 215 -0.200000
212 216 0.200000
212 308 0.466667
213 221 0.333333
214 222 4.333333
215 223 -0.733333
216 224 0.333333
217 221 0.866667
217 222 -0.866667
217 223 -1.000000
217 224 1.000000
217 313 1.000000
218 221 0.333333
218 222 0.866667
218 223 0.200000
218 224 0.200000
218 314 0.333333
219 221 0.600000
219 222 0.200000
219 223 5.000000
219 224 1.000000
219 315 -1.000000
220 221 -0.866667
220 222 1.000000
220 223 0.200000
220 224 -1.666667
220 316 0.866667
221 229 1.000000
222 230 -0.466667
223 231 -0.333333
224 232 -3.666667
225 229 0.600000
225 230 -0.600000
225 231 -0.066667
225 232 -1.000000
225 321 -0.600000
226 229 -0.600000
226 230 0.600000
226 231 -0.466667
226 232 0.733333
226 322 -0.200000
227 229 0.466667
227 230 4.333333
227 231 0.466667
227 232 0.866667
227 323 -0.333333
228 229 -1.000000
228 230 -1.000000
228 231 0.733333
228 232 -0.466667
228 324 -0.600000
229 237 -0.466667
230 238 0.733333
231 239 0.200000
232 240 -0.866667
233 237 0.333333
233 238 0.866667
233 239 0.733333
233 240 -0.600000
233 329 0.333333
234 237 0.466667
234 238 -0.066667
234 239 -1.000000
234 240 -0.200000
234 330 -0.066667
235 237 0.466667
235 238 -0.333333
235 239 -0.333333
235 240 -0.466667
235 331 -0.866667
236 237 0.066667
236 238 0.600000
236 239 0.866667
236 240 0.200000
236 332 -0.066667
237 245 0.200000
238 246 -0.466667
239 247 1.000000
240 248 1.000000
241 245 -0.600000
241 246 0.466667
241 247 -0.333333
241 248 -0.200000
241 337 -0.733333
242 245 -1.000000
242 246 0.066667
242 247 -3.666667
242 248 0.466667
242 338 -1.000000
243 245 -0.200000
243 246 0.200000
243 247 0.333333
243 248 -1.000000
243 339 0.200000
244 245 0.333333
244 246 -0.333333
244 247 -0.866667
244 248 -0.733333
244 340 -0.866667
245 253 0.200000
246 254 -0.600000
247 255 -3.000000
248 256 -0.600000
249 253 -1.000000
249 254 -0.333333
249 255 3.666667
249 256 -1.000000
249 345 -0.200000
250 253 -0.200000
250 254 -2.333333
250 255 0.466667
250 256 -2.333333
250 346 1.000000
251 253 0.333333
251 254 0.866667
251 255 0.066667
251 256 0.466667
251 347 -0.866667
252 253 -0.600000
252 254 4.333333
252 255 3.000000
252 256 -0.466667
252 348 4.333333
253 261 0.333333
254 262 0.866667
255 263 0.733333
256 264 -1.000000
257 261 -0.733333
257 262 -0.866667
257 263 -0.200000
257 264 0.466667
257 353 -0.200000
258 261 -1.666667
258 262 -0.200000
258 263 0.600000
258 264 0.866667
258 354 -0.200000
259 261 -0.866667
259 262 0.333333
259 263 -0.466667
259 264 0.600000
259 355 1.000000
260 261 1.000000
260 262 0.600000
260 263 0.733333
260 264 -0.333333
260 356 -4.333333
261 269 -0.600000
262 270 0.333333
263 271 -0.600000
264 272 0.466667
265 269 0.200000
265 270 0.600000
265 271 -0.200000
265 272 -0.066667
265 361 -1.000000
266 269 -0.200000
266 270 0.600000
266 271 1.000000
266 272 0.600000
266 362 -0.866667
267 269 -0.866667
267 270 0.066667
267 271 -0.600000
267 272 0.333333
267 363 -0.333333
268 269 0.333333
268 270 0.333333
268 271 0.600000
268 272 1.000000
268 364 -0.200000
269 277 0.466667
270 278 0.066667
271 279 -0.866667
272 280 -0.866667
273 277 -0.066667
273 278 0.333333
273 279 -5.000000
273 280 -0.866667
273 369 0.466667
274 277 -0.600000
274 278 -1.000000
274 279 0.333333
274 280 0.200000
274 370 -0.866667
275 277 -0.066667
275 278 0.200000
275 279 -0.333333
275 280 -0.066667
275 371 -0.866667
276 277 -1.000000
276 278 0.333333
276 279 0.333333
276 280 0.600000
276 372 0.866667
277 285 1.000000
278 286 2.333333
279 287 -0.466667
280 288 -0.466667
281 285 0.466667
281 286 -0.600000
281 287 0.733333
281 288 0.866667
281 377 0.600000
282 285 -0.200000
282 286 -0.333333
282 287 0.066667
282 288 1.000000
282 378 0.066667
283 285 0.333333
283 286 -0.333333
283 287 -0.466667
283 288 0.600000
283 379 0.066667
284 285 -0.333333
284 286 -0.200000
284 287 -0.466667
284 288 -0.200000
284 380 0.866667
289 293 1.000000
289 294 0.066667
289 295 1.000000
289 296 -0.600000
289 385 0.066667
290 293 -0.333333
290 294 0.466667
290 295 0.733333
290 296 0.333333
290 386 0.333333
291 293 0.200000
291 294 0.600000
291 295 0.200000
291 296 -0.733333
291 387 1.000000
292 293 0.066667
292 294 -0.866667
292 295 3.666667
292 296 0.200000
292 388 -0.066667
293 301 0.466667
294 302 -1.000000
295 303 1.000000
296 304 0.600000
297 301 0.200000
297 302 0.066667
297 303 0.200000
297 304 -0.200000
297 393 -0.333333
298 301 -0.333333
298 302 0.333333
298 303 -0.333333
298 304 0.600000
298 394 0.200000
299 301 -0.333333
299 302 1.000000
299 303 0.466667
299 304 -0.066667
299 395 1.000000
300 301 -1.000000
300 302 -0.200000
300 303 0.600000
300 304 0.866667
300 396 0.066667
301 309 0.333333
302 310 -0.066667
303 311 -0.200000
304 312 -1.000000
305 309 -0.866667
305 310 1.000000
305 311 -0.466667
305 312 -0.600000
305 401 -0.466667
306 309 -0.866667
306 310 -0.333333
306 311 0.733333
306 312 0.466667
306 402 -0.466667
307 309 -0.866667
307 310 0.466667
307 311 -0.066667
307 312 0.733333
307 403 0.466667
308 309 -0.333333
308 310 -0.866667
308 311 -0.733333
308 312 -0.600000
308 404 0.466667
309 317 1.000000
310 318 0.466667
311 319 0.333333
312 320 -0.333333
313 317 0.466667
313 318 -0.866667
313 319 -0.333333
313 320 0.333333
313 409 -0.600000
314 317 0.866667
314 318 -0.066667
314 319 1.000000
314 320 0.733333
314 410 -4.333333
315 317 -0.466667
315 318 0.733333
315 319 -1.000000
315 320 -0.333333
315 411 -0.600000
316 317 -0.066667
316 318 0.466667
316 319 0.600000
316 320 0.733333
316 412 -0.600000
317 325 -1.000000
318 326 -1.000000
319 327 -0.466667
320 328 -0.733333
321 325 0.333333
321 326 0.600000
321 327 -0.866667
321 328 0.866667
321 417 0.733333
322 325 -1.000000
322 326 -0.066667
322 327 0.466667
322 328 -0.733333
322 418 0.466667
323 325 0.733333
323 326 0.733333
323 327 -0.866667
323 328 -0.600000
323 419 -0.066667
324 325 -1.666667
324 326 -0.866667
324 327 0.200000
324 328 0.066667
324 420 -1.000000
325 333 -1.000000
326 334 -0.466667
327 335 -0.600000
328 336 -0.466667
329 333 0.066667
329 334 0.466667
329 335 -0.866667
329 336 -0.466667
329 425 -0.866667
330 333 -0.200000
330 334 0.866667
330 335 0.066667
330 336 0.733333
330 426 0.333333
331 333 0.733333
331 334 0.866667
331 335 0.066667
331 336 -0.066667
331 427 0.866667
332 333 0.066667
332 334 -0.066667
332 335 -0.866667
332 336 -1.000000
332 428 -0.866667
333 341 0.733333
334 342 -0.866667
335 343 0.066667
336 344 1.000000
337 341 0.466667
337 342 -0.066667
337 343 -0.733333
337 344 -1.000000
337 433 0.866667
338 341 -0.333333
338 342 -1.000000
338 343 0.200000
338 344 0.066667
338 434 -0.200000
339 341 0.866667
339 342 0.600000
339 343 1.000000
339 344 0.733333
339 435 -1.000000
340 341 0.466667
340 342 -0.466667
340 343 0.733333
340 344 0.066667
340 436 -0.200000
341 349 -0.066667
342 350 -0.066667
343 351 0.866667
344 352 -0.200000
345 349 1.000000
345 350 0.066667
345 351 -0.866667
345 352 0.600000
345 441 -0.333333
346 349 -0.333333
346 350 -0.866667
346 351 -0.333333
346 352 -3.000000
346 442 -1.000000
347 349 1.666667
347 350 -0.333333
347 351 0.866667
347 352 4.333333
347 443 -0.333333
348 349 0.066667
348 350 0.066667
348 351 0.066667
348 352 -1.000000
348 444 0.333333
349 357 -1.000000
350 358 -0.333333
351 359 0.466667
352 360 -0.333333
353 357 0.200000
353 358 -0.600000
353 359 5.000000
353 360 0.600000
353 449 -1.000000
354 357 1.000000
354 358 0.600000
354 359 0.200000
354 360 -0.466667
354 450 -0.066667
355 357 -3.666667
355 358 0.333333
355 359 -0.600000
355 360 0.866667
355 451 0.200000
356 357 -3.666667
356 358 -0.333333
356 359 -3.666667
356 360 0.600000
356 452 0.600000
357 365 -0.333333
358 366 0.066667
359 367 0.733333
360 368 0.333333
361 365 -0.466667
361 366 -0.333333
361 367 0.600000
361 368 -0.733333
361 457 -0.200000
362 365 0.333333
362 366 0.866667
362 367 0.466667
362 368 0.733333
362 458 0.733333
363 365 -0.600000
363 366 0.733333
363 367 0.733333
363 368 -0.333333
363 459 -0.333333
364 365 -0.866667
364 366 -0.466667
364 367 0.733333
364 368 0.333333
364 460 0.466667
365 373 1.000000
366 374 -1.000000
367 375 -0.866667
368 376 0.866667
369 373 0.333333
369 374 -0.600000
369 375 -0.200000
369 376 0.200000
369 465 -1.000000
370 373 -1.000000
370 374 -0.466667
370 375 -0.733333
370 376 -0.200000
370 466 -0.066667
371 373 -0.866667
371 374 -0.200000
371 375 0.600000
371 376 -0.466667
371 467 -0.866667
372 373 0.066667
372 374 -0.600000
372 375 0.866667
372 376 -0.333333
372 468 1.000000
373 381 2.333333
374 382 -1.000000
375 383 -0.733333
376 384 -0.733333
377 381 0.466667
377 382 1.666667
377 383 -0.066667
377 384 0.066667
377 473 4.333333
378 381 5.000000
378 382 -0.333333
378 383 -0.066667
378 384 0.466667
378 474 0.600000
379 381 3.000000
379 382 0.866667
379 383 0.733333
379 384 2.333333
379 475 -2.333333
380 381 -1.666667
380 382 -0.866667
380 383 -0.333333
380 384 0.200000
380 476 -1.666667
385 389 0.200000
385 390 -0.200000
385 391 0.466667
385 392 -0.333333
385 481 -1.000000
386 389 0.066667
386 390 -0.600000
386 391 0.200000
386 392 0.866667
386 482 -1.000000
387 389 -0.466667
387 390 -0.200000
387 391 1.000000
387 392 -0.333333
387 483 0.733333
388 389 -0.333333
388 390 -0.600000
388 391 0.600000
388 392 0.066667
388 484 1.000000
389 397 -0.733333
390 398 0.333333
391 399 0.200000
392 400 -0.066667
393 397 -0.066667
393 398 -0.333333
393 399 0.600000
393 400 -1.000000
393 489 -5.000000
394 397 -1.000000
394 398 -0.200000
394 399 1.000000
394 400 -0.066667
394 490 1.000000
395 397 0.200000
395 398 0.066667
395 399 0.733333
395 400 -0.866667
395 491 -0.333333
396 397 1.000000
396 398 -0.200000
396 399 1.000000
396 400 1.000000
396 492 -0.866667
397 405 -0.600000
398 406 -0.200000
399 407 -0.200000
400 408 0.600000
401 405 0.333333
401 406 0.866667
401 407 -0.466667
401 408 0.066667
401 497 -1.000000
402 405 0.866667
402 406 0.333333
402 407 -0.066667
402 408 0.066667
402 498 -0.466667
403 405 -0.466667
403 406 -0.200000
403 407 0.333333
403 408 -0.333333
403 499 -0.600000
404 405 0.066667
404 406 0.733333
404 407 0.066667
404 408 0.066667
404 500 0.733333
405 413 -0.733333
406 414 -0.866667
407 415 0.733333
408 416 -0.466667
409 413 -0.466667
409 414 -0.333333
409 415 -0.333333
409 416 0.066667
409 505 0.333333
410 413 -4.333333
410 414 -3.666667
410 415 -0.200000
410 416 0.733333
410 506 1.000000
411 413 0.866667
411 414 0.333333
411 415 -1.000000
411 416 -0.866667
411 507 -0.866667
412 413 -0.866667
412 414 0.733333
412 415 -0.066667
412 416 -1.000000
412 508 1.000000
413 421 -0.066667
414 422 -0.466667
415 423 -0.066667
416 424 -0.866667
417 421 -0.066667
417 422 -0.866667
417 423 -0.333333
417 424 -0.733333
417 513 -0.066667
418 421 0.200000
418 422 -0.200000
418 423 -0.200000
418 424 -0.466667
418 514 1.000000
419 421 0.200000
419 422 0.066667
419 423 0.333333
419 424 -0.066667
419 515 -0.333333
420 421 -0.200000
420 422 -0.066667
420 423 0.600000
420 424 -0.600000
420 516 0.466667
421 429 -0.866667
422 430 0.333333
423 431 -0.600000
424 432 -0.866667
425 429 0.066667
425 430 -1.666667
425 431 -0.733333
425 432 -1.000000
425 521 0.200000
426 429 -0.333333
426 430 0.333333
426 431 0.200000
426 432 1.000000
426 522 0.733333
427 429 -0.600000
427 430 0.333333
427 431 -0.466667
427 432 -0.333333
427 523 0.066667
428 429 0.466667
428 430 1.000000
428 431 0.600000
428 432 0.333333
428 524 3.000000
429 437 -1.000000
430 438 2.333333
431 439 -0.600000
432 440 2.333333
433 437 -3.000000
433 438 0.466667
433 439 3.666667
433 440 1.000000
433 529 -4.333333
434 437 5.000000
434 438 -0.866667
434 439 -0.866667
434 440 -0.333333
434 530 1.000000
435 437 -0.200000
435 438 -0.466667
435 439 -0.866667
435 440 0.466667
435 531 0.866667
436 437 4.333333
436 438 3.000000
436 439 3.666667
436 440 -0.333333
436 532 0.600000
437 445 -0.866667
438 446 0.333333
439 447 -0.066667
440 448 1.000000
441 445 -0.066667
441 446 0.466667
441 447 0.733333
441 448 -0.866667
441 537 0.466667
442 445 -0.200000
442 446 0.600000
442 447 -0.600000
442 448 0.866667
442 538 -0.866667
443 445 0.333333
443 446 0.866667
443 447 -0.600000
443 448 0.600000
443 539 -0.066667
444 445 -1.000000
444 446 -0.600000
444 447 1.000000
444 448 -0.866667
444 540 -0.466667
445 453 -1.000000
446 454 -0.600000
447 455 -1.000000
448 456 -0.333333
449 453 -0.466667
449 454 0.466667
449 455 0.733333
449 456 0.200000
449 545 -0.466667
450 453 -0.733333
450 454 0.066667
450 455 0.333333
450 456 0.600000
450 546 -0.466667
451 453 1.000000
451 454 0.733333
451 455 -0.066667
451 456 0.600000
451 547 -0.600000
452 453 -0.200000
452 454 0.333333
452 455 -0.866667
452 456 0.333333
452 548 -0.066667
453 461 0.733333
454 462 0.866667
455 463 0.200000
456 464 -1.000000
457 461 -0.333333
457 462 0.600000
457 463 1.000000
457 464 1.000000
457 553 -0.466667
458 461 1.000000
458 462 -0.200000
458 463 0.333333
458 464 0.200000
458 554 0.333333
459 461 0.466667
459 462 -0.733333
459 463 -0.333333
459 464 -0.466667
459 555 0.866667
460 461 0.200000
460 462 0.066667
460 463 -0.866667
460 464 0.466667
460 556 -0.733333
461 469 0.200000
462 470 -0.066667
463 471 -0.466667
464 472 1.000000
465 469 0.066667
465 470 -0.066667
465 471 0.333333
465 472 -0.200000
465 561 -0.200000
466 469 0.200000
466 470 0.866667
466 471 -0.333333
466 472 0.733333
466 562 0.066667
467 469 -0.866667
467 470 -0.600000
467 471 -0.200000
467 472 -1.000000
467 563 0.066667
468 469 1.000000
468 470 -0.733333
468 471 0.333333
468 472 -0.466667
468 564 -0.333333
469 477 1.000000
470 478 0.866667
471 479 -0.466667
472 480 -0.600000
473 477 0.066667
473 478 2.333333
473 479 -2.333333
473 480 -0.866667
473 569 -0.333333
474 477 0.866667
474 478 -1.000000
474 479 3.666667
474 480 -0.466667
474 570 3.666667
475 477 -0.733333
475 478 0.466667
475 479 5.000000
475 480 0.200000
475 571 -0.600000
476 477 0.200000
476 478 -5.000000
476 479 -0.200000
476 480 0.333333
476 572 -0.466667
481 485 1.000000
481 486 0.866667
481 487 0.333333
481 488 -1.000000
481 577 0.200000
482 485 0.066667
482 486 -0.200000
482 487 0.600000
482 488 -0.466667
482 578 -0.733333
483 485 0.866667
483 486 -1.000000
483 487 0.333333
483 488 -0.733333
483 579 0.066667
484 485 0.600000
484 486 -1.000000
484 487 -0.200000
484 488 3.666667
484 580 0.066667
485 493 -0.200000
486 494 0.333333
487 495 -1.000000
488 496 0.066667
489 493 0.600000
489 494 0.866667
489 495 -0.200000
489 496 1.000000
489 585 -0.066667
490 493 0.466667
490 494 -0.066667
490 495 0.333333
490 496 -0.466667
490 586 0.733333
491 493 -0.733333
491 494 -0.866667
491 495 -1.000000
491 496 -0.733333
491 587 -0.600000
492 493 0.466667
492 494 0.066667
492 495 -0.333333
492 496 -0.600000
492 588 0.333333
493 501 -0.733333
494 502 0.466667
495 503 -0.333333
496 504 -3.000000
497 501 0.466667
497 502 -0.866667
497 503 0.600000
497 504 -0.200000
497 593 0.200000
498 501 -0.333333
498 502 0.600000
498 503 3.000000
498 504 -0.066667
498 594 4.333333
499 501 -0.466667
499 502 -0.466667
499 503 0.866667
499 504 -0.066667
499 595 -0.066667
500 501 0.866667
500 502 0.200000
500 503 0.733333
500 504 -0.333333
500 596 3.000000
501 509 -0.466667
502 510 -0.733333
503 511 -0.600000
504 512 0.200000
505 509 0.066667
505 510 0.333333
505 511 -0.600000
505 512 0.600000
505 601 0.066667
506 509 -0.600000
506 510 -0.200000
506 511 -0.733333
506 512 0.866667
506 602 -0.200000
507 509 -0.066667
507 510 -0.466667
507 511 0.866667
507 512 0.600000
507 603 -0.600000
508 509 -0.066667
508 510 0.866667
508 511 -0.600000
508 512 1.000000
508 604 0.600000
509 517 -0.866667
510 518 0.333333
511 519 0.733333
512 520 -0.333333
513 517 0.066667
513 518 0.333333
513 519 -1.000000
513 520 -0.466667
513 609 3.000000
514 517 -4.333333
514 518 -0.200000
514 519 1.000000
514 520 -0.333333
514 610 -1.000000
515 517 -0.466667
515 518 0.466667
515 519 1.000000
515 520 -0.066667
515 611 -0.733333
516 517 -0.466667
516 518 -0.333333
516 519 -0.066667
516 520 0.600000
516 612 -0.333333
517 525 0.866667
518 526 -0.866667
519 527 0.866667
520 528 -0.066667
521 525 -0.466667
521 526 0.333333
521 527 -0.333333
521 528 -0.066667
521 617 -0.200000
522 525 -0.066667
522 526 0.466667
522 527 -0.200000
522 528 0.733333
522 618 -0.600000
523 525 0.466667
523 526 -0.066667
523 527 -0.733333
523 528 0.733333
523 619 0.866667
524 525 0.866667
524 526 -0.066667
524 527 -0.600000
524 528 0.066667
524 620 -1.000000
525 533 0.333333
526 534 0.333333
527 535 -0.066667
528 536 -0.733333
529 533 0.866667
529 534 -0.466667
529 535 -0.333333
529 536 -0.866667
529 625 3.666667
530 533 -0.733333
530 534 4.333333
530 535 5.000000
530 536 -0.066667
530 626 1.000000
531 533 0.066667
531 534 3.666667
531 535 0.333333
531 536 0.333333
531 627 -0.200000
532 533 0.066667
532 534 -0.200000
532 535 -0.066667
532 536 0.466667
532 628 -0.066667
533 541 0.866667
534 542 -1.000000
535 543 0.466667
536 544 -0.733333
537 541 0.200000
537 542 -0.200000
537 543 0.333333
537 544 0.733333
537 633 0.866667
538 541 -0.066667
538 542 0.600000
538 543 0.866667
538 544 -0.733333
538 634 1.000000
539 541 -0.066667
539 542 0.200000
539 543 0.733333
539 544 0.466667
539 635 -0.733333
540 541 -0.466667
540 542 0.733333
540 543 -0.066667
540 544 -0.200000
540 636 1.000000
541 549 -0.200000
542 550 1.000000
543 551 0.466667
544 552 -0.066667
545 549 -0.866667
545 550 1.000000
545 551 0.733333
545 552 0.466667
545 641 -0.466667
546 549 -0.066667
546 550 0.466667
546 551 -0.466667
546 552 0.733333
546 642 -0.466667
547 549 -0.466667
547 550 -0.866667
547 551 -1.000000
547 552 0.200000
547 643 0.733333
548 549 -0.600000
548 550 -0.733333
548 551 0.600000
548 552 0.600000
548 644 0.600000
549 557 -0.866667
550 558 0.333333
551 559 -1.000000
552 560 1.000000
553 557 0.066667
553 558 1.000000
553 559 0.066667
553 560 -0.866667
553 649 0.333333
554 557 0.466667
554 558 0.466667
554 559 -0.333333
554 560 -0.733333
554 650 0.066667
555 557 -1.000000
555 558 0.066667
555 559 -1.000000
555 560 0.466667
555 651 1.000000
556 557 -0.066667
556 558 1.000000
556 559 0.333333
556 560 0.333333
556 652 -0.466667
557 565 0.600000
558 566 1.666667
559 567 -1.000000
560 568 0.466667
561 565 -0.066667
561 566 1.000000
561 567 0.066667
561 568 -0.600000
561 657 0.466667
562 565 -0.066667
562 566 -1.000000
562 567 0.600000
562 568 0.200000
562 658 0.466667
563 565 0.866667
563 566 4.333333
563 567 3.000000
563 568 -0.600000
563 659 4.333333
564 565 0.733333
564 566 0.066667
564 567 0.466667
564 568 1.000000
564 660 -0.866667
565 573 -0.333333
566 574 5.000000
567 575 -0.866667
568 576 0.066667
569 573 -0.066667
569 574 0.333333
569 575 -0.600000
569 576 0.733333
569 665 -0.466667
570 573 4.333333
570 574 -1.666667
570 575 3.000000
570 576 -1.000000
570 666 3.666667
571 573 0.333333
571 574 0.200000
571 575 -0.333333
571 576 2.333333
571 667 2.333333
572 573 0.066667
572 574 0.333333
572 575 -1.666667
572 576 1.666667
572 668 1.000000
577 581 -1.000000
577 582 -0.866667
577 583 -0.866667
577 584 -0.200000
577 673 -0.866667
578 581 -0.866667
578 582 0.333333
578 583 -0.600000
578 584 0.866667
578 674 0.333333
579 581 0.333333
579 582 -0.733333
579 583 0.733333
579 584 -0.200000
579 675 -0.600000
580 581 -0.733333
580 582 -0.200000
580 583 -0.466667
580 584 0.733333
580 676 -0.866667
581 589 -0.066667
582 590 -0.866667
583 591 0.066667
584 592 0.866667
585 589 0.333333
585 590 0.733333
585 591 -1.000000
585 592 0.333333
585 681 -0.333333
586 589 0.466667
586 590 0.333333
586 591 0.333333
586 592 0.866667
586 682 -0.333333
587 589 -0.866667
587 590 0.466667
587 591 -0.866667
587 592 0.333333
587 683 0.733333
588 589 -0.733333
588 590 1.000000
588 591 0.866667
588 592 -0.333333
588 684 -0.466667
589 597 -0.200000
590 598 0.066667
591 599 -1.666667
592 600 0.200000
593 597 0.333333
593 598 -0.600000
593 599 0.733333
593 600 0.333333
593 689 0.333333
594 597 -1.000000
594 598 -0.200000
594 599 -0.600000
594 600 5.000000
594 690 -0.066667
595 597 0.733333
595 598 -0.466667
595 599 1.000000
595 600 5.000000
595 691 -0.866667
596 597 0.333333
596 598 0.066667
596 599 1.666667
596 600 -0.066667
596 692 1.000000
597 605 -3.000000
598 606 -0.333333
599 607 0.866667
600 608 0.866667
601 605 0.066667
601 606 0.600000
601 607 0.333333
601 608 -0.466667
601 697 0.600000
602 605 0.733333
602 606 -0.866667
602 607 1.000000
602 608 0.200000
602 698 -1.000000
603 605 0.333333
603 606 -0.466667
603 607 -1.000000
603 608 -0.466667
603 699 -0.333333
604 605 -0.066667
604 606 0.600000
604 607 -0.866667
604 608 -0.333333
604 700 0.866667
605 613 1.000000
606 614 0.200000
607 615 0.866667
608 616 -0.866667
609 613 0.066667
609 614 -0.733333
609 615 -3.666667
609 616 0.600000
609 705 1.666667
610 613 -0.333333
610 614 -0.866667
610 615 4.333333
610 616 -1.000000
610 706 1.000000
611 613 -3.000000
611 614 0.333333
611 615 0.066667
611 616 0.333333
611 707 1.000000
612 613 -0.466667
612 614 0.333333
612 615 -4.333333
612 616 -0.600000
612 708 -1.000000
613 621 -0.733333
614 622 -0.200000
615 623 -1.666667
616 624 -0.466667
617 621 -0.333333
617 622 -0.600000
617 623 0.333333
617 624 -0.466667
617 713 -0.200000
618 621 0.600000
618 622 0.333333
618 623 0.333333
618 624 0.733333
618 714 -0.866667
619 621 0.866667
619 622 -0.466667
619 623 0.333333
619 624 0.066667
619 715 0.733333
620 621 0.466667
620 622 -0.733333
620 623 0.066667
620 624 1.000000
620 716 -1.000000
621 629 0.466667
622 630 -0.066667
623 631 0.333333
624 632 0.733333
625 629 -0.333333
625 630 0.866667
625 631 -0.066667
625 632 0.866667
625 721 1.000000
626 629 0.733333
626 630 0.466667
626 631 -0.200000
626 632 0.733333
626 722 -0.466667
627 629 0.066667
627 630 -0.733333
627 631 1.000000
627 632 0.866667
627 723 0.866667
628 629 -1.000000
628 630 0.333333
628 631 -1.000000
628 632 -0.466667
628 724 -0.466667
629 637 1.000000
630 638 0.200000
631 639 -0.733333
632 640 0.200000
633 637 -0.066667
633 638 -0.466667
633 639 -0.333333
633 640 0.333333
633 729 -1.000000
634 637 -0.200000
634 638 -0.066667
634 639 0.333333
634 640 -0.200000
634 730 -0.066667
635 637 0.600000
635 638 -0.866667
635 639 0.200000
635 640 0.866667
635 731 0.733333
636 637 -0.600000
636 638 -1.000000
636 639 -0.466667
636 640 -0.733333
636 732 -1.000000
637 645 0.200000
638 646 -1.000000
639 647 -0.066667
640 648 1.000000
641 645 0.333333
641 646 -1.000000
641 647 -0.600000
641 648 -0.200000
641 737 0.466667
642 645 -0.200000
642 646 0.866667
642 647 1.000000
642 648 1.000000
642 738 0.466667
643 645 0.066667
643 646 -0.333333
643 647 0.466667
643 648 0.466667
643 739 -1.000000
644 645 0.333333
644 646 0.066667
644 647 -0.066667
644 648 -1.000000
644 740 0.466667
645 653 0.466667
646 654 0.333333
647 655 3.666667
648 656 0.866667
649 653 -0.733333
649 654 0.200000
649 655 -0.600000
649 656 -1.000000
649 745 -0.200000
650 653 -5.000000
650 654 0.066667
650 655 -0.600000
650 656 -0.066667
650 746 0.066667
651 653 1.000000
651 654 1.000000
651 655 1.000000
651 656 -0.600000
651 747 -0.333333
652 653 -0.733333
652 654 0.200000
652 655 -0.200000
652 656 0.066667
652 748 0.866667
653 661 0.200000
654 662 0.200000
655 663 -0.466667
656 664 0.600000
657 661 -0.333333
657 662 -0.200000
657 663 0.600000
657 664 -0.866667
657 753 0.200000
658 661 -1.000000
658 662 -0.066667
658 663 0.333333
658 664 0.333333
658 754 -0.466667
659 661 1.000000
659 662 -0.466667
659 663 -0.733333
659 664 -1.666667
659 755 -1.000000
660 661 0.333333
660 662 1.000000
660 663 0.866667
660 664 -0.600000
660 756 0.333333
661 669 0.600000
662 670 0.600000
663 671 2.333333
664 672 0.733333
665 669 -0.600000
665 670 -0.200000
665 671 1.000000
665 672 -2.333333
665 761 -0.466667
666 669 -0.733333
666 670 -4.333333
666 671 -0.333333
666 672 -0.200000
666 762 -0.066667
667 669 -0.733333
667 670 -0.600000
667 671 -1.000000
667 672 -3.000000
667 763 1.000000
668 669 -1.000000
668 670 0.866667
668 671 -1.666667
668 672 -3.666667
668 764 -0.600000
673 677 -0.200000
673 678 -1.666667
673 679 -0.066667
673 680 0.066667
673 769 -1.000000
674 677 -0.466667
674 678 -0.733333
674 679 0.466667
674 680 0.466667
674 770 -0.866667
675 677 0.066667
675 678 5.000000
675 679 -0.333333
675 680 -0.466667
675 771 0.733333
676 677 -1.000000
676 678 0.466667
676 679 -0.066667
676 680 0.200000
676 772 -0.066667
677 685 0.066667
678 686 0.200000
679 687 1.000000
680 688 -0.866667
681 685 -1.000000
681 686 -0.866667
681 687 -1.000000
681 688 0.866667
681 777 -0.466667
682 685 0.066667
682 686 0.333333
682 687 1.000000
682 688 0.333333
682 778 -0.333333
683 685 0.600000
683 686 0.466667
683 687 -0.066667
683 688 0.333333
683 779 -0.466667
684 685 -0.466667
684 686 -1.000000
684 687 -0.466667
684 688 0.866667
684 780 -0.866667
685 693 -1.000000
686 694 0.600000
687 695 0.333333
688 696 -0.466667
689 693 -0.200000
689 694 1.000000
689 695 -0.333333
689 696 1.666667
689 785 0.733333
690 693 0.866667
690 694 -0.333333
690 695 0.866667
690 696 -0.066667
690 786 0.200000
691 693 -0.600000
691 694 -0.333333
691 695 0.200000
691 696 4.333333
691 787 -3.666667
692 693 2.333333
692 694 -0.466667
692 695 5.000000
692 696 -5.000000
692 788 -1.000000
693 701 -4.333333
694 702 0.733333
695 703 5.000000
696 704 0.333333
697 701 4.333333
697 702 0.866667
697 703 0.733333
697 704 -0.333333
697 793 0.733333
698 701 0.733333
698 702 -3.000000
698 703 0.600000
698 704 0.466667
698 794 0.733333
699 701 -0.466667
699 702 -0.200000
699 703 -5.000000
699 704 0.733333
699 795 -0.466667
700 701 0.600000
700 702 -0.733333
700 703 -4.333333
700 704 0.466667
700 796 0.333333
701 709 -0.866667
702 710 -5.000000
703 711 0.466667
704 712 -3.000000
705 709 -5.000000
705 710 -0.466667
705 711 -0.066667
705 712 -0.866667
705 801 -1.000000
706 709 0.733333
706 710 2.333333
706 711 -0.200000
706 712 0.600000
706 802 -0.733333
707 709 1.666667
707 710 1.000000
707 711 0.600000
707 712 -1.666667
707 803 -3.000000
708 709 -0.200000
708 710 1.666667
708 711 -2.333333
708 712 0.200000
708 804 -1.000000
709 717 -1.666667
710 718 0.333333
711 719 0.866667
712 720 1.000000
713 717 -0.866667
713 718 -0.333333
713 719 0.466667
713 720 0.466667
713 809 0.066667
714 717 0.333333
714 718 5.000000
714 719 -0.600000
714 720 0.866667
714 810 -0.066667
715 717 0.333333
715 718 1.000000
715 719 -0.866667
715 720 3.666667
715 811 -0.200000
716 717 -0.066667
716 718 0.733333
716 719 -0.200000
716 720 -0.733333
716 812 -0.733333
717 725 1.000000
718 726 -3.666667
719 727 -0.866667
720 728 -1.000000
721 725 1.000000
721 726 -0.600000
721 727 0.066667
721 728 0.600000
721 817 -5.000000
722 725 -0.600000
722 726 -0.466667
722 727 1.000000
722 728 0.866667
722 818 -0.600000
723 725 0.333333
723 726 -5.000000
723 727 -0.200000
723 728 -0.066667
723 819 0.600000
724 725 0.333333
724 726 0.866667
724 727 0.466667
724 728 0.733333
724 820 0.066667
725 733 0.066667
726 734 0.333333
727 735 0.733333
728 736 0.866667
729 733 0.333333
729 734 3.000000
729 735 -2.333333
729 736 1.000000
729 825 1.000000
730 733 1.000000
730 734 0.333333
730 735 -0.066667
730 736 -1.000000
730 826 0.733333
731 733 -0.333333
731 734 1.000000
731 735 -0.733333
731 736 -1.000000
731 827 -0.333333
732 733 0.600000
732 734 1.000000
732 735 0.066667
732 736 -1.000000
732 828 -0.333333
733 741 -0.333333
734 742 0.066667
735 743 -0.333333
736 744 -0.200000
737 741 0.333333
737 742 0.333333
737 743 -0.600000
737 744 -0.066667
737 833 0.600000
738 741 1.000000
738 742 -0.600000
738 743 -1.666667
738 744 0.333333
738 834 1.666667
739 741 -1.000000
739 742 -0.200000
739 743 -1.000000
739 744 -1.000000
739 835 0.333333
740 741 0.066667
740 742 0.600000
740 743 0.200000
740 744 0.733333
740 836 0.600000
741 749 0.600000
742 750 -0.200000
743 751 0.466667
744 752 -0.866667
745 749 0.866667
745 750 -0.466667
745 751 -0.600000
745 752 1.000000
745 841 0.866667
746 749 0.066667
746 750 -0.733333
746 751 0.600000
746 752 -0.200000
746 842 0.200000
747 749 0.733333
747 750 0.466667
747 751 0.066667
747 752 0.200000
747 843 0.333333
748 749 0.733333
748 750 0.333333
748 751 -0.333333
748 752 0.333333
748 844 0.200000
749 757 0.600000
750 758 -0.200000
751 759 0.333333
752 760 0.066667
753 757 0.866667
753 758 -0.200000
753 759 -0.466667
753 760 0.066667
753 849 -0.333333
754 757 -0.866667
754 758 -0.200000
754 759 0.333333
754 760 1.000000
754 850 0.600000
755 757 0.333333
755 758 -0.466667
755 759 0.866667
755 760 -0.466667
755 851 -0.466667
756 757 -0.866667
756 758 -0.466667
756 759 -0.866667
756 760 0.466667
756 852 1.000000
757 765 0.466667
758 766 -0.333333
759 767 -0.600000
760 768 0.066667
761 765 0.733333
761 766 0.600000
761 767 0.866667
761 768 -1.000000
761 857 -0.733333
762 765 0.600000
762 766 -4.333333
762 767 0.466667
762 768 0.600000
762 858 0.733333
763 765 -0.733333
763 766 -2.333333
763 767 0.066667
763 768 -1.000000
763 859 -1.000000
764 765 1.000000
764 766 -0.066667
764 767 0.466667
764 768 0.733333
764 860 -0.200000
769 773 0.466667
769 774 0.333333
769 775 0.200000
769 776 -0.600000
769 865 -0.466667
770 773 1.000000
770 774 0.733333
770 775 -0.466667
770 776 -0.333333
770 866 1.000000
771 773 -0.333333
771 774 -0.466667
771 775 -0.333333
771 776 0.066667
771 867 1.000000
772 773 -0.466667
772 774 1.000000
772 775 -0.866667
772 776 -0.733333
772 868 -0.066667
773 781 0.066667
774 782 -0.600000
775 783 0.866667
776 784 0.866667
777 781 -0.333333
777 782 -0.200000
777 783 -0.333333
777 784 0.600000
777 873 -0.333333
778 781 -0.333333
778 782 -3.666667
778 783 -0.866667
778 784 -0.066667
778 874 -1.000000
779 781 0.466667
779 782 1.000000
779 783 -0.866667
779 784 -0.733333
779 875 -3.000000
780 781 0.066667
780 782 -0.333333
780 783 0.466667
780 784 1.000000
780 876 -1.000000
781 789 1.000000
782 790 -0.200000
783 791 -0.866667
784 792 -0.733333
785 789 0.333333
785 790 -0.066667
785 791 -0.333333
785 792 0.066667
785 881 0.733333
786 789 3.000000
786 790 0.466667
786 791 0.733333
786 792 -0.066667
786 882 -1.000000
787 789 -1.000000
787 790 2.333333
787 791 -0.333333
787 792 0.066667
787 883 -0.466667
788 789 -0.200000
788 790 1.000000
788 791 0.866667
788 792 -0.600000
788 884 0.466667
789 797 -0.866667
790 798 -0.066667
791 799 0.866667
792 800 -0.733333
793 797 -0.866667
793 798 0.866667
793 799 0.733333
793 800 0.333333
793 889 1.000000
794 797 -0.733333
794 798 0.333333
794 799 0.200000
794 800 0.866667
794 890 -0.066667
795 797 -0.733333
795 798 -0.466667
795 799 0.066667
795 800 -0.333333
795 891 0.600000
796 797 -0.866667
796 798 -0.200000
796 799 0.333333
796 800 -0.466667
796 892 -0.333333
797 805 0.333333
798 806 -0.466667
799 807 0.733333
800 808 -0.600000
801 805 -0.733333
801 806 -3.666667
801 807 -1.000000
801 808 -1.000000
801 897 0.066667
802 805 -0.600000
802 806 -0.466667
802 807 0.066667
802 808 0.600000
802 898 -0.066667
803 805 -0.066667
803 806 -0.733333
803 807 -0.333333
803 808 0.333333
803 899 -5.000000
804 805 -0.866667
804 806 0.333333
804 807 -0.200000
804 808 0.600000
804 900 -0.066667
805 813 0.600000
806 814 0.600000
807 815 -1.000000
808 816 -0.333333
809 813 -4.333333
809 814 -0.066667
809 815 0.066667
809 816 -0.600000
809 905 -1.666667
810 813 -0.866667
810 814 0.333333
810 815 -0.333333
810 816 0.866667
810 906 4.333333
811 813 0.466667
811 814 0.600000
811 815 0.466667
811 816 -0.600000
811 907 -1.000000
812 813 0.333333
812 814 0.066667
812 815 0.066667
812 816 -0.333333
812 908 -2.333333
813 821 0.066667
814 822 0.066667
815 823 0.066667
816 824 0.466667
817 821 1.666667
817 822 -1.000000
817 823 -0.333333
817 824 5.000000
817 913 0.333333
818 821 0.866667
818 822 0.466667
818 823 -0.733333
818 824 -0.333333
818 914 -0.866667
819 821 -0.066667
819 822 -0.466667
819 823 -0.733333
819 824 0.733333
819 915 -0.200000
820 821 -0.066667
820 822 0.466667
820 823 -0.866667
820 824 0.600000
820 916 -5.000000
821 829 -0.600000
822 830 1.000000
823 831 -0.066667
824 832 0.333333
825 829 -0.866667
825 830 -0.066667
825 831 -1.000000
825 832 -0.333333
825 921 -0.600000
826 829 -0.200000
826 830 -0.466667
826 831 -0.466667
826 832 -0.866667
826 922 0.466667
827 829 1.000000
827 830 0.600000
827 831 -0.733333
827 832 0.066667
827 923 -0.333333
828 829 0.333333
828 830 0.733333
828 831 -0.866667
828 832 -0.866667
828 924 -0.866667
829 837 -0.866667
830 838 -0.866667
831 839 0.200000
832 840 1.000000
833 837 0.200000
833 838 -0.866667
833 839 -1.000000
833 840 0.466667
833 929 -0.066667
834 837 -0.066667
834 838 2.333333
834 839 -0.866667
834 840 -0.466667
834 930 -1.000000
835 837 -0.733333
835 838 -0.866667
835 839 -0.333333
835 840 -0.866667
835 931 -0.066667
836 837 1.000000
836 838 0.466667
836 839 0.333333
836 840 0.600000
836 932 0.600000
837 845 0.866667
838 846 0.600000
839 847 1.000000
840 848 -1.000000
841 845 -5.000000
841 846 -0.866667
841 847 -0.466667
841 848 -0.600000
841 937 -0.733333
842 845 0.733333
842 846 -0.066667
842 847 0.866667
842 848 -1.000000
842 938 0.333333
843 845 -0.866667
843 846 0.066667
843 847 0.333333
843 848 1.000000
843 939 0.733333
844 845 -0.600000
844 846 -0.466667
844 847 0.733333
844 848 1.000000
844 940 0.066667
845 853 -0.333333
846 854 0.066667
847 855 -0.866667
848 856 0.866667
849 853 1.000000
849 854 -0.066667
849 855 -0.600000
849 856 -0.600000
849 945 -0.333333
850 853 -0.466667
850 854 3.000000
850 855 0.333333
850 856 -3.666667
850 946 1.000000
851 853 -0.066667
851 854 0.866667
851 855 -0.600000
851 856 -0.466667
851 947 -0.866667
852 853 -0.066667
852 854 0.466667
852 855 0.200000
852 856 -0.466667
852 948 -0.733333
853 861 -0.066667
854 862 -1.000000
855 863 -0.600000
856 864 -0.600000
857 861 -0.600000
857 862 0.466667
857 863 -0.200000
857 864 0.200000
857 953 -1.000000
858 861 -0.600000
858 862 0.733333
858 863 0.333333
858 864 0.600000
858 954 -0.200000
859 861 -0.866667
859 862 0.866667
859 863 0.466667
859 864 -5.000000
859 955 -0.866667
860 861 -0.866667
860 862 -0.333333
860 863 0.600000
860 864 0.200000
860 956 0.866667
865 869 -0.733333
865 870 0.333333
865 871 -0.733333
865 872 -0.200000
865 961 0.733333
866 869 0.866667
866 870 0.333333
866 871 0.066667
866 872 -0.866667
866 962 -0.733333
867 869 -0.733333
867 870 0.200000
867 871 -0.866667
867 872 -0.333333
867 963 -0.866667
868 869 0.200000
868 870 0.600000
868 871 0.333333
868 872 -4.333333
868 964 -0.200000
869 877 -1.000000
870 878 0.866667
871 879 4.333333
872 880 0.733333
873 877 0.200000
873 878 1.000000
873 879 -0.066667
873 880 0.866667
873 969 0.200000
874 877 0.866667
874 878 -0.866667
874 879 -2.333333
874 880 3.000000
874 970 -5.000000
875 877 2.333333
875 878 -0.333333
875 879 -4.333333
875 880 4.333333
875 971 -0.333333
876 877 -0.466667
876 878 0.333333
876 879 -0.333333
876 880 -0.733333
876 972 -0.600000
877 885 -0.466667
878 886 -0.333333
879 887 -0.333333
880 888 4.333333
881 885 2.333333
881 886 0.600000
881 887 -0.200000
881 888 -4.333333
881 977 0.066667
882 885 0.733333
882 886 -0.333333
882 887 -0.066667
882 888 -0.600000
882 978 0.733333
883 885 0.733333
883 886 0.333333
883 887 0.466667
883 888 -0.733333
883 979 0.866667
884 885 0.600000
884 886 -0.866667
884 887 -4.333333
884 888 -0.866667
884 980 1.000000
885 893 -0.600000
886 894 -0.866667
887 895 -0.600000
888 896 -0.733333
889 893 -0.733333
889 894 0.200000
889 895 0.466667
889 896 0.466667
889 985 -1.000000
890 893 -0.066667
890 894 1.666667
890 895 -3.000000
890 896 0.866667
890 986 -0.333333
891 893 -0.333333
891 894 -0.333333
891 895 0.066667
891 896 0.866667
891 987 0.066667
892 893 0.866667
892 894 -1.000000
892 895 0.333333
892 896 -0.600000
892 988 -1.000000
893 901 -0.733333
894 902 -0.866667
895 903 -0.866667
896 904 -0.066667
897 901 -0.866667
897 902 -0.866667
897 903 0.066667
897 904 0.066667
897 993 -0.200000
898 901 -0.600000
898 902 -0.066667
898 903 -2.333333
898 904 -0.866667
898 994 1.000000
899 901 -0.733333
899 902 -0.866667
899 903 -1.000000
899 904 0.733333
899 995 2.333333
900 901 0.200000
900 902 -0.466667
900 903 -0.866667
900 904 0.600000
900 996 1.666667
901 909 -1.000000
902 910 -0.333333
903 911 3.666667
904 912 0.200000
905 909 3.000000
905 910 0.333333
905 911 -3.666667
905 912 -2.333333
905 1001 -0.466667
906 909 0.600000
906 910 0.733333
906 911 -4.333333
906 912 0.066667
906 1002 1.000000
907 909 0.733333
907 910 0.066667
907 911 -0.200000
907 912 0.466667
907 1003 0.600000
908 909 0.200000
908 910 -3.000000
908 911 0.333333
908 912 3.666667
908 1004 0.066667
909 917 0.733333
910 918 0.200000
911 919 1.000000
912 920 0.066667
913 917 -0.866667
913 918 -0.200000
913 919 -3.666667
913 920 -0.866667
913 1009 1.666667
914 917 -0.066667
914 918 0.733333
914 919 -1.000000
914 920 0.200000
914 1010 0.200000
915 917 0.866667
915 918 0.333333
915 919 0.066667
915 920 -0.333333
915 1011 0.733333
916 917 0.866667
916 918 -0.466667
916 919 0.333333
916 920 -0.066667
916 1012 -5.000000
917 925 0.600000
918 926 -0.600000
919 927 5.000000
920 928 -0.333333
921 925 -1.000000
921 926 1.000000
921 927 -0.600000
921 928 0.466667
921 1017 1.000000
922 925 -0.200000
922 926 0.733333
922 927 -0.333333
922 928 0.200000
922 1018 -0.733333
923 925 -0.200000
923 926 0.466667
923 927 0.333333
923 928 -0.066667
923 1019 -0.066667
924 925 0.866667
924 926 0.066667
924 927 0.733333
924 928 0.600000
924 1020 -0.866667
925 933 -0.200000
926 934 -0.600000
927 935 0.733333
928 936 0.333333
929 933 0.466667
929 934 -0.866667
929 935 3.000000
929 936 1.000000
929 1025 0.466667
930 933 -0.466667
930 934 0.600000
930 935 0.200000
930 936 -0.466667
930 1026 0.866667
931 933 -0.600000
931 934 0.733333
931 935 -0.733333
931 936 -0.066667
931 1027 0.466667
932 933 -0.333333
932 934 -1.000000
932 935 -0.733333
932 936 0.066667
932 1028 0.466667
933 941 -0.066667
934 942 -0.066667
935 943 0.333333
936 944 -0.466667
937 941 1.000000
937 942 -0.066667
937 943 -0.466667
937 944 -0.066667
937 1033 -0.733333
938 941 -0.600000
938 942 0.466667
938 943 -1.000000
938 944 0.866667
938 1034 -1.000000
939 941 -1.000000
939 942 0.866667
939 943 -0.733333
939 944 -0.466667
939 1035 0.733333
940 941 0.733333
940 942 -0.466667
940 943 -0.466667
940 944 -0.333333
940 1036 0.600000
941 949 0.466667
942 950 -0.066667
943 951 1.000000
944 952 0.733333
945 949 0.600000
945 950 1.000000
945 951 1.000000
945 952 -0.733333
945 1041 0.066667
946 949 0.333333
946 950 -0.200000
946 951 -0.333333
946 952 0.333333
946 1042 -0.466667
947 949 -1.000000
947 950 0.066667
947 951 -0.600000
947 952 -0.066667
947 1043 -0.866667
948 949 -1.666667
948 950 -3.666667
948 951 4.333333
948 952 0.066667
948 1044 -0.733333
949 957 0.733333
950 958 -2.333333
951 959 0.466667
952 960 -0.733333
953 957 -0.733333
953 958 0.600000
953 959 0.600000
953 960 -3.000000
953 1049 0.333333
954 957 -1.000000
954 958 -0.733333
954 959 0.333333
954 960 -0.333333
954 1050 -0.466667
955 957 -0.733333
955 958 1.000000
955 959 0.200000
955 960 1.000000
955 1051 0.333333
956 957 0.066667
956 958 0.466667
956 959 0.066667
956 960 -1.000000
956 1052 0.200000
961 965 0.200000
961 966 -0.733333
961 967 -0.733333
961 968 0.066667
961 1057 -0.866667
962 965 -0.333333
962 966 -0.866667
962 967 0.866667
962 968 0.066667
962 1058 -0.600000
963 965 -1.000000
963 966 -0.600000
963 967 -0.466667
963 968 0.066667
963 1059 -0.733333
964 965 -0.600000
964 966 0.466667
964 967 0.066667
964 968 0.200000
964 1060 0.466667
965 973 -0.200000
966 974 0.200000
967 975 0.733333
968 976 -0.866667
969 973 -0.600000
969 974 0.866667
969 975 0.866667
969 976 0.466667
969 1065 0.333333
970 973 -0.600000
970 974 -0.333333
970 975 0.600000
970 976 -1.000000
970 1066 0.333333
971 973 4.333333
971 974 0.733333
971 975 -0.733333
971 976 -0.866667
971 1067 -0.333333
972 973 -0.200000
972 974 0.600000
972 975 0.466667
972 976 -0.733333
972 1068 -0.333333
973 981 2.333333
974 982 -0.600000
975 983 -0.600000
976 984 0.733333
977 981 0.600000
977 982 0.066667
977 983 1.000000
977 984 -0.066667
977 1073 -0.333333
978 981 -4.333333
978 982 5.000000
978 983 0.333333
978 984 0.733333
978 1074 1.666667
979 981 0.866667
979 982 -1.000000
979 983 -0.866667
979 984 0.733333
979 1075 0.466667
980 981 -0.600000
980 982 3.000000
980 983 -2.333333
980 984 -0.866667
980 1076 -0.866667
981 989 0.333333
982 990 -5.000000
983 991 -1.000000
984 992 -4.333333
985 989 -0.333333
985 990 0.066667
985 991 0.333333
985 992 1.666667
985 1081 -3.666667
986 989 -1.000000
986 990 3.000000
986 991 -5.000000
986 992 5.000000
986 1082 2.333333
987 989 0.200000
987 990 -0.333333
987 991 0.733333
987 992 -1.000000
987 1083 3.000000
988 989 -2.333333
988 990 -0.733333
988 991 4.333333
988 992 -2.333333
988 1084 -1.000000
989 997 -0.066667
990 998 -1.000000
991 999 1.000000
992 1000 0.333333
993 997 -0.333333
993 998 0.333333
993 999 -0.066667
993 1000 -0.866667
993 1089 -0.733333
994 997 1.000000
994 998 0.600000
994 999 -0.066667
994 1000 -1.000000
994 1090 -0.866667
995 997 0.466667
995 998 0.333333
995 999 -0.733333
995 1000 0.200000
995 1091 0.066667
996 997 -0.466667
996 998 1.000000
996 999 -0.466667
996 1000 0.466667
996 1092 -0.200000
997 1005 -0.466667
998 1006 0.600000
999 1007 1.666667
1000 1008 0.600000
1001 1005 -0.866667
1001 1006 0.200000
1001 1007 0.066667
1001 1008 0.866667
1001 1097 0.600000
1002 1005 -0.733333
1002 1006 1.000000
1002 1007 1.000000
1002 1008 0.333333
1002 1098 1.000000
1003 1005 -0.733333
1003 1006 0.466667
1003 1007 0.466667
1003 1008 -0.066667
1003 1099 -0.066667
1004 1005 -0.333333
1004 1006 0.733333
1004 1007 -0.866667
1004 1008 0.333333
1004 1100 0.866667
1005 1013 -0.866667
1006 1014 -0.733333
1007 1015 -0.600000
1008 1016 -0.733333
1009 1013 0.866667
1009 1014 0.066667
1009 1015 -1.000000
1009 1016 0.333333
1009 1105 0.200000
1010 1013 0.466667
1010 1014 -0.600000
1010 1015 0.333333
1010 1016 -0.733333
1010 1106 0.600000
1011 1013 1.666667
1011 1014 0.200000
1011 1015 0.466667
1011 1016 0.600000
1011 1107 -0.066667
1012 1013 -0.333333
1012 1014 -0.600000
1012 1015 1.000000
1012 1016 0.866667
1012 1108 -0.733333
1013 1021 0.733333
1014 1022 -0.333333
1015 1023 -0.333333
1016 1024 0.066667
1017 1021 0.733333
1017 1022 0.200000
1017 1023 0.600000
1017 1024 0.200000
1017 1113 -0.333333
1018 1021 0.066667
1018 1022 0.733333
1018 1023 -0.733333
1018 1024 -0.733333
1018 1114 -0.200000
1019 1021 -0.866667
1019 1022 0.866667
1019 1023 0.200000
1019 1024 1.000000
1019 1115 3.666667
1020 1021 0.066667
1020 1022 -0.600000
1020 1023 0.200000
1020 1024 0.733333
1020 1116 0.333333
1021 1029 0.733333
1022 1030 0.733333
1023 1031 -0.466667
1024 1032 0.600000
1025 1029 0.600000
1025 1030 -0.466667
1025 1031 -0.866667
1025 1032 0.466667
1025 1121 -0.333333
1026 1029 -0.333333
1026 1030 0.333333
1026 1031 -0.733333
1026 1032 0.066667
1026 1122 -1.000000
1027 1029 -0.733333
1027 1030 -0.466667
1027 1031 -0.600000
1027 1032 1.000000
1027 1123 -0.733333
1028 1029 -0.066667
1028 1030 -1.000000
1028 1031 -0.866667
1028 1032 -0.866667
1028 1124 0.466667
1029 1037 1.000000
1030 1038 0.066667
1031 1039 1.000000
1032 1040 -0.200000
1033 1037 1.000000
1033 1038 -0.066667
1033 1039 -0.066667
1033 1040 -0.600000
1033 1129 0.600000
1034 1037 0.600000
1034 1038 0.866667
1034 1039 -0.333333
1034 1040 0.733333
1034 1130 -0.733333
1035 1037 -0.333333
1035 1038 -0.733333
1035 1039 0.466667
1035 1040 0.333333
1035 1131 0.466667
1036 1037 0.066667
1036 1038 -0.733333
1036 1039 1.000000
1036 1040 -0.866667
1036 1132 0.466667
1037 1045 0.733333
1038 1046 0.066667
1039 1047 -0.333333
1040 1048 -1.000000
1041 1045 -0.466667
1041 1046 -0.600000
1041 1047 0.466667
1041 1048 -0.733333
1041 1137 0.333333
1042 1045 -0.066667
1042 1046 -0.466667
1042 1047 -0.200000
1042 1048 -0.733333
1042 1138 0.333333
1043 1045 1.000000
1043 1046 -0.466667
1043 1047 -1.000000
1043 1048 0.066667
1043 1139 -0.733333
1044 1045 0.333333
1044 1046 -0.600000
1044 1047 0.466667
1044 1048 0.600000
1044 1140 0.066667
1045 1053 0.866667
1046 1054 -0.733333
1047 1055 -0.066667
1048 1056 0.066667
1049 1053 0.200000
1049 1054 0.600000
1049 1055 -0.466667
1049 1056 -0.333333
1049 1145 1.000000
1050 1053 0.200000
1050 1054 -0.200000
1050 1055 0.066667
1050 1056 0.066667
1050 1146 -0.066667
1051 1053 -0.733333
1051 1054 -0.600000
1051 1055 -0.866667
1051 1056 -0.066667
1051 1147 -0.066667
1052 1053 -0.333333
1052 1054 0.333333
1052 1055 1.000000
1052 1056 0.333333
1052 1148 0.200000
1057 1061 -0.600000
1057 1062 0.466667
1057 1063 1.000000
1057 1064 0.600000
1058 1061 0.600000
1058 1062 0.066667
1058 1063 1.000000
1058 1064 -0.733333
1059 1061 -0.466667
1059 1062 0.866667
1059 1063 -0.333333
1059 1064 -0.733333
1060 1061 -0.866667
1060 1062 0.333333
1060 1063 -0.200000
1060 1064 0.066667
1061 1069 -0.866667
1062 1070 -0.733333
1063 1071 0.200000
1064 1072 0.200000
1065 1069 -0.066667
1065 1070 -0.200000
1065 1071 -1.000000
1065 1072 0.200000
1066 1069 0.200000
1066 1070 -0.866667
1066 1071 0.333333
1066 1072 -1.000000
1067 1069 -0.200000
1067 1070 1.000000
1067 1071 0.600000
1067 1072 0.866667
1068 1069 0.066667
1068 1070 -0.066667
1068 1071 0.200000
1068 1072 0.600000
1069 1077 0.066667
1070 1078 0.866667
1071 1079 0.200000
1072 1080 -0.733333
1073 1077 -0.200000
1073 1078 -4.333333
1073 1079 0.600000
1073 1080 0.066667
1074 1077 -0.466667
1074 1078 0.733333
1074 1079 -0.066667
1074 1080 -0.733333
1075 1077 0.733333
1075 1078 -0.733333
1075 1079 0.866667
1075 1080 -0.066667
1076 1077 0.333333
1076 1078 0.600000
1076 1079 -4.333333
1076 1080 0.466667
1077 1085 -0.466667
1078 1086 -4.333333
1079 1087 -2.333333
1080 1088 -0.866667
1081 1085 -3.666667
1081 1086 -0.866667
1081 1087 -0.866667
1081 1088 -0.733333
1082 1085 -0.733333
1082 1086 0.866667
1082 1087 -0.466667
1082 1088 -1.666667
1083 1085 -1.000000
1083 1086 -0.066667
1083 1087 3.000000
1083 1088 -0.333333
1084 1085 3.666667
1084 1086 0.333333
1084 1087 0.466667
1084 1088 2.333333
1085 1093 0.200000
1086 1094 0.200000
1087 1095 0.600000
1088 1096 3.666667
1089 1093 1.000000
1089 1094 -0.600000
1089 1095 -0.600000
1089 1096 0.600000
1090 1093 0.600000
1090 1094 0.733333
1090 1095 -0.866667
1090 1096 -0.333333
1091 1093 -0.333333
1091 1094 0.333333
1091 1095 0.333333
1091 1096 -1.000000
1092 1093 -0.600000
1092 1094 0.333333
1092 1095 -0.600000
1092 1096 -0.200000
1093 1101 0.466667
1094 1102 -1.000000
1095 1103 1.000000
1096 1104 0.466667
1097 1101 0.466667
1097 1102 0.600000
1097 1103 0.466667
1097 1104 0.466667
1098 1101 -0.600000
1098 1102 -0.600000
1098 1103 -0.200000
1098 1104 -0.066667
1099 1101 0.333333
1099 1102 0.066667
1099 1103 0.200000
1099 1104 -0.866667
1100 1101 -0.066667
1100 1102 -0.200000
1100 1103 0.600000
1100 1104 -0.466667
1101 1109 -0.600000
1102 1110 0.333333
1103 1111 0.866667
1104 1112 0.466667
1105 1109 -1.000000
1105 1110 0.066667
1105 1111 -1.000000
1105 1112 -0.466667
1106 1109 0.466667
1106 1110 -0.333333
1106 1111 0.466667
1106 1112 -0.466667
1107 1109 -1.000000
1107 1110 0.600000
1107 1111 0.466667
1107 1112 0.200000
1108 1109 -0.600000
1108 1110 -0.333333
1108 1111 0.733333
1108 1112 -0.066667
1109 1117 0.066667
1110 1118 -0.866667
1111 1119 0.466667
1112 1120 -0.466667
1113 1117 0.200000
1113 1118 -0.466667
1113 1119 -0.733333
1113 1120 -0.333333
1114 1117 -0.600000
1114 1118 0.733333
1114 1119 0.733333
1114 1120 0.066667
1115 1117 -3.000000
1115 1118 1.000000
1115 1119 1.000000
1115 1120 -3.000000
1116 1117 1.000000
1116 1118 -0.866667
1116 1119 0.866667
1116 1120 0.733333
1117 1125 -3.666667
1118 1126 0.200000
1119 1127 0.200000
1120 1128 -1.000000
1121 1125 3.000000
1121 1126 -0.333333
1121 1127 -0.200000
1121 1128 -1.000000
1122 1125 0.733333
1122 1126 -0.066667
1122 1127 1.000000
1122 1128 -0.066667
1123 1125 0.866667
1123 1126 0.600000
1123 1127 -0.733333
1123 1128 0.733333
1124 1125 -3.666667
1124 1126 0.866667
1124 1127 1.000000
1124 1128 0.600000
1125 1133 -0.466667
1126 1134 0.600000
1127 1135 -0.200000
1128 1136 0.600000
1129 1133 0.333333
1129 1134 -0.066667
1129 1135 -0.200000
1129 1136 -0.466667
1130 1133 -3.000000
1130 1134 -0.733333
1130 1135 0.600000
1130 1136 0.200000
1131 1133 -0.333333
1131 1134 0.200000
1131 1135 1.000000
1131 1136 -0.466667
1132 1133 -0.866667
1132 1134 -0.333333
1132 1135 -0.200000
1132 1136 0.200000
1133 1141 -1.000000
1134 1142 -0.066667
1135 1143 -0.733333
1136 1144 -0.866667
1137 1141 -0.066667
1137 1142 0.733333
1137 1143 -0.733333
1137 1144 -0.466667
1138 1141 1.000000
1138 1142 0.866667
1138 1143 0.333333
1138 1144 -0.466667
1139 1141 0.200000
1139 1142 -0.466667
1139 1143 -0.733333
1139 1144 -0.866667
1140 1141 0.600000
1140 1142 -0.866667
1140 1143 0.066667
1140 1144 0.466667
1141 1149 0.200000
1142 1150 1.000000
1143 1151 -1.000000
1144 1152 1.000000
1145 1149 -0.466667
1145 1150 -0.333333
1145 1151 0.866667
1145 1152 0.200000
1146 1149 1.000000
1146 1150 -0.600000
1146 1151 -0.733333
1146 1152 0.733333
1147 1149 -0.600000
1147 1150 -0.600000
1147 1151 -0.200000
1147 1152 -0.200000
1148 1149 -0.200000
1148 1150 0.200000
1148 1151 0.600000
1148 1152 -1.000000