#
1 1 -0.120000
2 2 -0.200000
3 3 -0.200000
4 4 -0.040000
5 5 -0.040000
6 6 -0.146667
7 7 -0.146667
8 8 -0.173333
9 9 -0.173333
10 10 0.146667
11 11 0.040000
12 12 -0.066667
13 13 0.013333
14 14 -0.120000
15 15 0.200000
16 16 -0.040000
17 17 0.146667
18 18 0.013333
19 19 0.200000
20 20 -0.066667
21 21 0.120000
22 22 0.040000
23 23 0.200000
24 24 -0.120000
25 25 -0.173333
26 26 -0.173333
27 27 0.013333
28 28 0.173333
29 29 0.200000
30 30 -0.120000
31 31 0.146667
32 32 -0.093333
33 33 -0.013333
34 34 -0.120000
35 35 -0.146667
36 36 -0.120000
37 37 0.173333
38 38 0.093333
39 39 -0.013333
40 40 0.173333
41 41 -0.200000
42 42 -0.173333
43 43 0.066667
44 44 0.040000
45 45 0.173333
46 46 0.040000
47 47 -0.013333
48 48 -0.146667
49 49 0.146667
50 50 -0.066667
51 51 0.093333
52 52 0.066667
53 53 -0.200000
54 54 -0.173333
55 55 -0.093333
56 56 0.120000
57 57 0.173333
58 58 0.093333
59 59 0.173333
60 60 -0.120000
61 61 0.040000
62 62 -0.066667
63 63 -0.173333
64 64 -0.173333
65 65 -0.173333
66 66 -0.200000
67 67 0.146667
68 68 0.040000
69 69 -0.200000
70 70 0.066667
71 71 0.146667
72 72 -0.173333
73 73 -0.120000
74 74 0.200000
75 75 -0.200000
76 76 -0.040000
77 77 0.040000
78 78 0.200000
79 79 -0.173333
80 80 0.093333
81 81 0.040000
82 82 0.066667
83 83 0.173333
84 84 0.013333
85 85 -0.093333
86 86 -0.146667
87 87 -0.013333
88 88 0.146667
89 89 -0.120000
90 90 -0.013333
91 91 0.120000
92 92 -0.040000
93 93 0.200000
94 94 0.093333
95 95 0.146667
96 96 0.066667
97 97 0.066667
98 98 0.093333
99 99 0.013333
100 100 -0.200000
101 101 -0.093333
102 102 0.093333
103 103 -0.200000
104 104 -0.146667
105 105 0.013333
106 106 -0.200000
107 107 -0.013333
108 108 0.093333
109 109 0.066667
110 110 0.093333
111 111 -0.066667
112 112 0.066667
113 113 -0.173333
114 114 -0.066667
115 115 0.013333
116 116 -0.200000
117 117 -0.200000
118 118 -0.066667
119 119 -0.040000
120 120 0.013333
121 121 0.040000
122 122 0.040000
123 123 0.040000
124 124 -0.066667
125 125 -0.173333
126 126 -0.013333
127 127 0.146667
128 128 -0.066667
129 129 0.146667
130 130 0.200000
131 131 0.146667
132 132 0.120000
133 133 0.093333
134 134 0.200000
135 135 0.066667
136 136 0.066667
137 137 0.093333
138 138 0.040000
139 139 0.013333
140 140 0.200000
141 141 0.200000
142 142 -0.040000
143 143 -0.120000
144 144 0.173333
145 145 0.093333
146 146 -0.200000
147 147 0.013333
148 148 0.173333
149 149 0.013333
150 150 0.066667
151 151 0.013333
152 152 -0.066667
153 153 -0.013333
154 154 0.040000
155 155 0.173333
156 156 -0.200000
157 157 0.173333
158 158 0.093333
159 159 -0.093333
160 160 0.040000
161 161 0.120000
162 162 -0.173333
163 163 -0.146667
164 164 0.013333
165 165 0.120000
166 166 -0.120000
167 167 -0.200000
168 168 -0.173333
169 169 0.093333
170 170 -0.093333
171 171 -0.173333
172 172 0.013333
173 173 0.173333
174 174 0.040000
175 175 0.146667
176 176 -0.146667
177 177 -0.066667
178 178 -0.200000
179 179 -0.146667
180 180 -0.146667
181 181 0.146667
182 182 0.040000
183 183 0.120000
184 184 0.040000
185 185 0.040000
186 186 0.173333
187 187 -0.120000
188 188 -0.173333
189 189 -0.013333
190 190 -0.066667
191 191 -0.093333
192 192 -0.013333
193 193 0.146667
194 194 0.173333
195 195 -0.146667
196 196 0.013333
197 197 0.093333
198 198 0.120000
199 199 0.040000
200 200 -0.093333
201 201 -0.120000
202 202 0.173333
203 203 0.200000
204 204 -0.013333
205 205 0.093333
206 206 -0.066667
207 207 0.093333
208 208 -0.200000
209 209 0.040000
210 210 -0.200000
211 211 -0.146667
212 212 0.146667
213 213 -0.120000
214 214 -0.093333
215 215 -0.120000
216 216 -0.146667
217 217 0.040000
218 218 -0.093333
219 219 0.200000
220 220 -0.093333
221 221 -0.146667
222 222 0.040000
223 223 0.013333
224 224 -0.173333
225 225 0.093333
226 226 -0.013333
227 227 0.200000
228 228 0.146667
229 229 -0.066667
230 230 -0.040000
231 231 -0.173333
232 232 -0.093333
233 233 0.120000
234 234 0.173333
235 235 0.146667
236 236 -0.013333
237 237 0.146667
238 238 0.093333
239 239 0.040000
240 240 0.040000
241 241 -0.066667
242 242 -0.200000
243 243 -0.146667
244 244 0.173333
245 245 -0.093333
246 246 0.120000
247 247 -0.093333
248 248 0.040000
249 249 0.013333
250 250 0.013333
251 251 0.173333
252 252 0.200000
253 253 -0.040000
254 254 0.173333
255 255 0.066667
256 256 -0.066667
257 257 0.146667
258 258 0.040000
259 259 0.066667
260 260 -0.173333
261 261 0.013333
262 262 -0.066667
263 263 -0.120000
264 264 -0.120000
265 265 -0.173333
266 266 -0.093333
267 267 0.093333
268 268 -0.066667
269 269 0.066667
270 270 0.066667
271 271 -0.013333
272 272 0.013333
273 273 -0.200000
274 274 -0.093333
275 275 0.013333
276 276 0.200000
277 277 -0.093333
278 278 -0.200000
279 279 0.146667
280 280 0.120000
281 281 0.066667
282 282 -0.173333
283 283 0.013333
284 284 -0.040000
285 285 -0.093333
286 286 0.173333
287 287 0.040000
288 288 0.200000
289 289 -0.066667
290 290 -0.066667
291 291 -0.173333
292 292 -0.146667
293 293 0.200000
294 294 0.093333
295 295 -0.093333
296 296 0.120000
297 297 -0.146667
298 298 -0.200000
299 299 0.066667
300 300 -0.040000
301 301 -0.093333
302 302 -0.200000
303 303 -0.173333
304 304 -0.013333
305 305 0.093333
306 306 -0.040000
307 307 -0.040000
308 308 0.013333
309 309 -0.146667
310 310 0.146667
311 311 0.200000
312 312 -0.200000
313 313 0.120000
314 314 -0.066667
315 315 0.173333
316 316 0.066667
317 317 0.120000
318 318 -0.173333
319 319 -0.200000
320 320 0.066667
321 321 -0.040000
322 322 -0.013333
323 323 -0.040000
324 324 -0.066667
325 325 0.200000
326 326 -0.040000
327 327 0.066667
328 328 0.146667
329 329 0.013333
330 330 0.173333
331 331 0.013333
332 332 0.040000
333 333 0.013333
334 334 -0.173333
335 335 -0.040000
336 336 -0.173333
337 337 0.013333
338 338 -0.120000
339 339 -0.173333
340 340 0.120000
341 341 -0.146667
342 342 0.146667
343 343 0.093333
344 344 -0.040000
345 345 0.146667
346 346 0.120000
347 347 -0.040000
348 348 0.200000
349 349 0.093333
350 350 -0.040000
351 351 0.066667
352 352 -0.093333
353 353 -0.200000
354 354 0.200000
355 355 -0.040000
356 356 0.120000
357 357 0.040000
358 358 0.093333
359 359 -0.040000
360 360 0.066667
361 361 -0.120000
362 362 -0.040000
363 363 0.146667
364 364 -0.173333
365 365 0.013333
366 366 0.013333
367 367 0.013333
368 368 -0.093333
369 369 -0.173333
370 370 0.066667
371 371 0.173333
372 372 0.066667
373 373 0.146667
374 374 0.146667
375 375 0.120000
376 376 0.200000
377 377 0.200000
378 378 -0.093333
379 379 0.066667
380 380 -0.200000
381 381 0.013333
382 382 0.013333
383 383 0.013333
384 384 0.200000
385 385 0.093333
386 386 0.013333
387 387 0.173333
388 388 -0.173333
389 389 0.120000
390 390 0.013333
391 391 -0.120000
392 392 -0.040000
393 393 0.146667
394 394 -0.146667
395 395 0.066667
396 396 0.173333
397 397 -0.040000
398 398 -0.040000
399 399 0.146667
400 400 -0.173333
401 401 0.066667
402 402 0.146667
403 403 -0.200000
404 404 0.013333
405 405 -0.200000
406 406 -0.173333
407 407 0.013333
408 408 0.173333
409 409 -0.146667
410 410 -0.066667
411 411 -0.066667
412 412 0.013333
413 413 -0.093333
414 414 -0.200000
415 415 0.200000
416 416 -0.013333
417 417 -0.173333
418 418 0.013333
419 419 0.066667
420 420 -0.173333
421 421 0.200000
422 422 0.200000
423 423 0.066667
424 424 0.200000
425 425 -0.066667
426 426 -0.040000
427 427 -0.013333
428 428 0.040000
429 429 -0.173333
430 430 0.173333
431 431 0.200000
432 432 -0.120000
433 433 -0.200000
434 434 -0.146667
435 435 0.066667
436 436 0.200000
437 437 -0.066667
438 438 -0.093333
439 439 0.146667
440 440 0.066667
441 441 0.013333
442 442 -0.066667
443 443 0.120000
444 444 0.013333
445 445 0.200000
446 446 -0.066667
447 447 0.013333
448 448 0.066667
449 449 -0.173333
450 450 -0.040000
451 451 -0.200000
452 452 -0.093333
453 453 -0.200000
454 454 0.146667
455 455 0.173333
456 456 -0.173333
457 457 -0.093333
458 458 -0.040000
459 459 0.120000
460 460 0.093333
461 461 -0.093333
462 462 -0.173333
463 463 -0.066667
464 464 0.200000
465 465 -0.093333
466 466 -0.093333
467 467 0.120000
468 468 -0.146667
469 469 -0.146667
470 470 -0.146667
471 471 0.200000
472 472 0.093333
473 473 -0.120000
474 474 -0.040000
475 475 0.200000
476 476 -0.173333
477 477 -0.066667
478 478 0.066667
479 479 -0.093333
480 480 -0.040000
481 481 -0.013333
482 482 -0.040000
483 483 0.013333
484 484 0.173333
485 485 -0.040000
486 486 -0.120000
487 487 -0.066667
488 488 0.173333
489 489 0.040000
490 490 0.093333
491 491 -0.200000
492 492 -0.040000
493 493 0.093333
494 494 0.173333
495 495 -0.013333
496 496 -0.146667
497 497 0.066667
498 498 -0.066667
499 499 -0.093333
500 500 -0.040000
501 501 0.200000
502 502 -0.013333
503 503 -0.066667
504 504 -0.120000
505 505 -0.093333
506 506 0.120000
507 507 -0.200000
508 508 0.146667
509 509 0.093333
510 510 0.093333
511 511 0.040000
512 512 -0.200000
513 513 -0.013333
514 514 0.013333
515 515 0.013333
516 516 0.066667
517 517 -0.013333
518 518 0.093333
519 519 0.200000
520 520 0.200000
521 521 -0.066667
522 522 0.120000
523 523 -0.120000
524 524 -0.173333
525 525 0.093333
526 526 0.066667
527 527 0.040000
528 528 -0.200000
529 529 -0.146667
530 530 -0.066667
531 531 -0.093333
532 532 -0.066667
533 533 0.120000
534 534 -0.040000
535 535 -0.200000
536 536 0.040000
537 537 0.066667
538 538 -0.120000
539 539 -0.013333
540 540 -0.173333
541 541 0.200000
542 542 -0.013333
543 543 0.066667
544 544 -0.120000
545 545 0.120000
546 546 -0.093333
547 547 0.066667
548 548 -0.040000
549 549 -0.013333
550 550 0.146667
551 551 0.040000
552 552 0.093333
553 553 0.066667
554 554 -0.013333
555 555 0.146667
556 556 -0.040000
557 557 0.013333
558 558 -0.120000
559 559 -0.093333
560 560 -0.040000
561 561 -0.200000
562 562 -0.173333
563 563 -0.013333
564 564 -0.173333
565 565 -0.173333
566 566 0.013333
567 567 0.013333
568 568 -0.200000
569 569 0.013333
570 570 -0.066667
571 571 0.146667
572 572 -0.093333
573 573 -0.013333
574 574 -0.093333
575 575 -0.200000
576 576 -0.093333
577 577 -0.040000
578 578 -0.120000
579 579 -0.173333
580 580 -0.146667
581 581 0.146667
582 582 0.093333
583 583 0.146667
584 584 -0.173333
585 585 0.120000
586 586 -0.173333
587 587 -0.066667
588 588 0.066667
589 589 -0.146667
590 590 0.066667
591 591 0.120000
592 592 0.066667
593 593 -0.173333
594 594 0.146667
595 595 -0.120000
596 596 0.173333
597 597 0.093333
598 598 0.093333
599 599 -0.066667
600 600 0.146667
601 601 0.093333
602 602 0.146667
603 603 -0.066667
604 604 0.120000
605 605 -0.040000
606 606 -0.120000
607 607 0.146667
608 608 -0.200000
609 609 0.066667
610 610 -0.093333
611 611 -0.093333
612 612 -0.066667
613 613 -0.200000
614 614 0.200000
615 615 -0.173333
616 616 0.146667
617 617 0.013333
618 618 -0.066667
619 619 -0.120000
620 620 0.200000
621 621 0.146667
622 622 -0.200000
623 623 -0.173333
624 624 0.013333
625 625 -0.120000
626 626 -0.093333
627 627 -0.093333
628 628 -0.066667
629 629 -0.066667
630 630 -0.040000
631 631 -0.200000
632 632 0.173333
633 633 -0.093333
634 634 -0.146667
635 635 0.066667
636 636 0.173333
637 637 -0.013333
638 638 0.200000
639 639 -0.066667
640 640 -0.146667
641 641 0.066667
642 642 0.200000
643 643 0.066667
644 644 0.173333
645 645 -0.200000
646 646 0.200000
647 647 0.173333
648 648 0.146667
649 649 -0.173333
650 650 -0.040000
651 651 0.013333
652 652 0.013333
653 653 -0.066667
654 654 -0.066667
655 655 0.120000
656 656 -0.200000
657 657 -0.013333
658 658 -0.040000
659 659 -0.093333
660 660 -0.093333
661 661 0.093333
662 662 0.093333
663 663 0.200000
664 664 0.146667
665 665 -0.146667
666 666 0.040000
667 667 -0.146667
668 668 -0.146667
669 669 -0.066667
670 670 -0.173333
671 671 0.093333
672 672 -0.146667
673 673 -0.040000
674 674 0.093333
675 675 -0.200000
676 676 0.013333
677 677 0.040000
678 678 0.120000
679 679 -0.093333
680 680 -0.093333
681 681 -0.066667
682 682 0.013333
683 683 0.200000
684 684 0.200000
685 685 0.120000
686 686 0.040000
687 687 0.200000
688 688 0.146667
689 689 -0.146667
690 690 0.040000
691 691 0.200000
692 692 0.013333
693 693 -0.173333
694 694 -0.040000
695 695 -0.120000
696 696 -0.066667
697 697 0.173333
698 698 0.066667
699 699 -0.066667
700 700 -0.120000
701 701 0.066667
702 702 -0.200000
703 703 -0.013333
704 704 -0.146667
705 705 -0.013333
706 706 0.146667
707 707 0.093333
708 708 0.066667
709 709 0.146667
710 710 -0.040000
711 711 0.013333
712 712 -0.146667
713 713 0.120000
714 714 -0.066667
715 715 -0.093333
716 716 -0.066667
717 717 -0.173333
718 718 0.173333
719 719 0.013333
720 720 -0.040000
721 721 -0.066667
722 722 0.120000
723 723 -0.066667
724 724 0.066667
725 725 -0.066667
726 726 -0.120000
727 727 0.146667
728 728 -0.040000
729 729 -0.066667
730 730 0.013333
731 731 -0.013333
732 732 -0.066667
733 733 -0.093333
734 734 0.013333
735 735 0.120000
736 736 0.093333
737 737 0.200000
738 738 0.120000
739 739 0.013333
740 740 -0.040000
741 741 -0.173333
742 742 -0.200000
743 743 -0.146667
744 744 0.120000
745 745 -0.040000
746 746 0.066667
747 747 0.066667
748 748 0.066667
749 749 0.013333
750 750 0.040000
751 751 -0.093333
752 752 -0.120000
753 753 0.173333
754 754 0.120000
755 755 -0.173333
756 756 -0.040000
757 757 -0.173333
758 758 0.013333
759 759 0.173333
760 760 -0.066667
761 761 0.013333
762 762 0.013333
763 763 -0.120000
764 764 -0.040000
765 765 0.040000
766 766 0.013333
767 767 0.013333
768 768 0.200000
769 769 0.013333
770 770 0.040000
771 771 -0.093333
772 772 0.040000
773 773 -0.040000
774 774 0.093333
775 775 0.093333
776 776 -0.120000
777 777 0.066667
778 778 0.173333
779 779 0.013333
780 780 -0.120000
781 781 -0.200000
782 782 0.013333
783 783 -0.200000
784 784 0.120000
785 785 -0.173333
786 786 -0.146667
787 787 0.013333
788 788 -0.093333
789 789 0.013333
790 790 -0.120000
791 791 0.040000
792 792 0.040000
793 793 -0.093333
794 794 -0.093333
795 795 -0.120000
796 796 -0.040000
797 797 -0.120000
798 798 -0.146667
799 799 -0.013333
800 800 0.066667
801 801 0.146667
802 802 0.120000
803 803 -0.120000
804 804 -0.066667
805 805 0.093333
806 806 -0.040000
807 807 0.040000
808 808 -0.093333
809 809 0.120000
810 810 0.146667
811 811 -0.200000
812 812 -0.146667
813 813 -0.146667
814 814 0.093333
815 815 0.040000
816 816 -0.013333
817 817 0.146667
818 818 0.173333
819 819 0.120000
820 820 -0.146667
821 821 0.173333
822 822 0.040000
823 823 -0.200000
824 824 -0.146667
825 825 0.200000
826 826 -0.200000
827 827 0.146667
828 828 -0.146667
829 829 0.120000
830 830 -0.093333
831 831 -0.173333
832 832 -0.093333
833 833 -0.146667
834 834 -0.173333
835 835 -0.066667
836 836 -0.173333
837 837 0.120000
838 838 -0.040000
839 839 0.120000
840 840 0.146667
841 841 -0.146667
842 842 0.120000
843 843 0.013333
844 844 -0.146667
845 845 -0.200000
846 846 0.040000
847 847 0.173333
848 848 0.120000
849 849 -0.146667
850 850 0.173333
851 851 0.200000
852 852 0.173333
853 853 -0.013333
854 854 -0.066667
855 855 -0.120000
856 856 0.173333
857 857 -0.200000
858 858 -0.120000
859 859 0.120000
860 860 0.146667
861 861 -0.013333
862 862 0.120000
863 863 -0.200000
864 864 0.120000
865 865 -0.200000
866 866 0.013333
867 867 -0.066667
868 868 0.093333
869 869 0.013333
870 870 -0.040000
871 871 -0.120000
872 872 0.173333
873 873 0.173333
874 874 0.093333
875 875 -0.146667
876 876 0.120000
877 877 -0.093333
878 878 -0.040000
879 879 0.093333
880 880 -0.066667
881 881 0.200000
882 882 0.040000
883 883 0.066667
884 884 0.146667
885 885 0.040000
886 886 -0.013333
887 887 0.013333
888 888 0.093333
889 889 -0.040000
890 890 -0.040000
891 891 -0.200000
892 892 0.040000
893 893 -0.146667
894 894 0.040000
895 895 -0.013333
896 896 -0.013333
897 897 0.173333
898 898 0.040000
899 899 -0.066667
900 900 0.146667
901 901 0.093333
902 902 -0.173333
903 903 -0.120000
904 904 -0.120000
905 905 -0.093333
906 906 0.093333
907 907 0.066667
908 908 0.040000
909 909 0.040000
910 910 0.146667
911 911 -0.040000
912 912 -0.066667
913 913 0.093333
914 914 0.040000
915 915 -0.093333
916 916 0.173333
917 917 -0.120000
918 918 0.093333
919 919 0.173333
920 920 0.013333
921 921 -0.173333
922 922 -0.146667
923 923 -0.093333
924 924 -0.066667
925 925 -0.146667
926 926 -0.173333
927 927 -0.093333
928 928 0.040000
929 929 -0.146667
930 930 0.093333
931 931 -0.146667
932 932 0.120000
933 933 0.013333
934 934 0.200000
935 935 0.040000
936 936 -0.200000
937 937 -0.066667
938 938 -0.120000
939 939 0.040000
940 940 0.146667
941 941 0.120000
942 942 -0.093333
943 943 0.066667
944 944 -0.146667
945 945 -0.200000
946 946 0.013333
947 947 0.066667
948 948 0.093333
949 949 -0.040000
950 950 0.066667
951 951 -0.120000
952 952 -0.120000
953 953 0.173333
954 954 -0.066667
955 955 -0.120000
956 956 0.120000
957 957 -0.093333
958 958 0.066667
959 959 0.093333
960 960 0.013333
961 961 -0.200000
962 962 0.200000
963 963 -0.093333
964 964 -0.120000
965 965 0.146667
966 966 0.040000
967 967 0.066667
968 968 -0.120000
969 969 0.120000
970 970 0.066667
971 971 -0.120000
972 972 -0.173333
973 973 -0.093333
974 974 0.066667
975 975 -0.173333
976 976 0.200000
977 977 -0.200000
978 978 -0.040000
979 979 -0.120000
980 980 -0.173333
981 981 0.093333
982 982 -0.200000
983 983 0.173333
984 984 -0.066667
985 985 0.146667
986 986 0.040000
987 987 -0.013333
988 988 -0.120000
989 989 -0.200000
990 990 0.173333
991 991 -0.200000
992 992 0.093333
993 993 0.173333
994 994 -0.066667
995 995 -0.093333
996 996 0.146667
997 997 0.093333
998 998 -0.200000
999 999 0.146667
1000 1000 0.146667
1001 1001 0.066667
1002 1002 0.093333
1003 1003 -0.066667
1004 1004 -0.040000
1005 1005 -0.200000
1006 1006 -0.120000
1007 1007 0.066667
1008 1008 -0.200000
1009 1009 -0.093333
1010 1010 0.200000
1011 1011 -0.146667
1012 1012 0.200000
1013 1013 -0.066667
1014 1014 -0.066667
1015 1015 -0.120000
1016 1016 -0.040000
1017 1017 -0.066667
1018 1018 0.013333
1019 1019 -0.013333
1020 1020 0.040000
1021 1021 -0.040000
1022 1022 -0.173333
1023 1023 0.200000
1024 1024 -0.120000
1025 1025 -0.120000
1026 1026 -0.013333
1027 1027 0.066667
1028 1028 -0.040000
1029 1029 0.066667
1030 1030 -0.173333
1031 1031 -0.040000
1032 1032 -0.173333
1033 1033 -0.173333
1034 1034 -0.013333
1035 1035 0.173333
1036 1036 -0.040000
1037 1037 0.066667
1038 1038 -0.040000
1039 1039 0.040000
1040 1040 -0.093333
1041 1041 -0.066667
1042 1042 0.200000
1043 1043 0.200000
1044 1044 -0.066667
1045 1045 0.013333
1046 1046 0.093333
1047 1047 -0.173333
1048 1048 0.066667
1049 1049 -0.173333
1050 1050 -0.120000
1051 1051 -0.173333
1052 1052 -0.173333
1053 1053 0.173333
1054 1054 -0.066667
1055 1055 -0.066667
1056 1056 -0.013333
1057 1057 -0.066667
1058 1058 -0.120000
1059 1059 0.173333
1060 1060 -0.093333
1061 1061 0.200000
1062 1062 -0.200000
1063 1063 0.066667
1064 1064 -0.066667
1065 1065 -0.146667
1066 1066 0.093333
1067 1067 -0.120000
1068 1068 -0.066667
1069 1069 0.200000
1070 1070 0.040000
1071 1071 -0.013333
1072 1072 -0.013333
1073 1073 -0.146667
1074 1074 0.173333
1075 1075 0.146667
1076 1076 -0.093333
1077 1077 0.120000
1078 1078 0.200000
1079 1079 0.013333
1080 1080 -0.066667
1081 1081 0.173333
1082 1082 0.173333
1083 1083 0.066667
1084 1084 0.066667
1085 1085 -0.093333
1086 1086 0.120000
1087 1087 -0.013333
1088 1088 0.013333
1089 1089 -0.066667
1090 1090 0.013333
1091 1091 -0.200000
1092 1092 0.040000
1093 1093 -0.120000
1094 1094 -0.200000
1095 1095 0.173333
1096 1096 -0.120000
1097 1097 0.146667
1098 1098 0.200000
1099 1099 -0.173333
1100 1100 0.093333
1101 1101 0.200000
1102 1102 0.173333
1103 1103 -0.146667
1104 1104 0.093333
1105 1105 0.146667
1106 1106 0.013333
1107 1107 -0.040000
1108 1108 -0.093333
1109 1109 0.200000
1110 1110 0.200000
1111 1111 0.013333
1112 1112 -0.146667
1113 1113 -0.200000
1114 1114 -0.040000
1115 1115 -0.013333
1116 1116 -0.066667
1117 1117 -0.040000
1118 1118 0.040000
1119 1119 0.066667
1120 1120 0.040000
1121 1121 -0.093333
1122 1122 -0.200000
1123 1123 0.200000
1124 1124 -0.146667
1125 1125 0.093333
1126 1126 0.120000
1127 1127 0.013333
1128 1128 0.173333
1129 1129 0.120000
1130 1130 0.146667
1131 1131 -0.173333
1132 1132 -0.146667
1133 1133 0.146667
1134 1134 0.040000
1135 1135 -0.066667
1136 1136 0.173333
1137 1137 -0.120000
1138 1138 0.093333
1139 1139 0.146667
1140 1140 0.120000
1141 1141 -0.120000
1142 1142 -0.013333
1143 1143 0.093333
1144 1144 -0.146667
1145 1145 0.040000
1146 1146 0.200000
1147 1147 0.200000
1148 1148 0.093333
1149 1149 -0.013333
1150 1150 -0.040000
1151 1151 0.013333
1152 1152 -0.146667
1 5 -0.733333
1 6 -1.000000
1 7 -0.066667
1 8 -0.733333
1 97 -0.466667
2 5 -0.600000
2 6 0.866667
2 7 0.733333
2 8 -0.333333
2 98 -1.000000
3 5 -0.333333
3 6 0.066667
3 7 0.066667
3 8 0.066667
3 99 -0.733333
4 5 0.333333
4 6 0.600000
4 7 -0.066667
4 8 0.200000
4 100 -5.000000
5 13 0.600000
6 14 0.600000
7 15 -0.333333
8 16 -0.333333
9 13 0.600000
9 14 -0.466667
9 15 0.333333
9 16 0.066667
9 105 0.600000
10 13 0.866667
10 14 0.866667
10 15 0.200000
10 16 -0.866667
10 106 -0.466667
11 13 -0.866667
11 14 0.600000
11 15 5.000000
11 16 0.733333
11 107 0.733333
12 13 -0.866667
12 14 -0.866667
12 15 3.666667
12 16 0.200000
12 108 -0.333333
13 21 4.333333
14 22 0.866667
15 23 0.466667
16 24 0.333333
17 21 0.466667
17 22 0.866667
17 23 1.000000
17 24 -0.200000
17 113 0.200000
18 21 0.600000
18 22 -0.466667
18 23 0.733333
18 24 -0.466667
18 114 -0.866667
19 21 -0.066667
19 22 0.600000
19 23 0.066667
19 24 0.333333
19 115 0.333333
20 21 0.866667
20 22 -1.000000
20 23 -0.466667
20 24 0.600000
20 116 -0.866667
21 29 -4.333333
22 30 0.466667
23 31 -0.733333
24 32 -0.600000
25 29 -3.000000
25 30 1.666667
25 31 -3.000000
25 32 0.200000
25 121 3.000000
26 29 -3.666667
26 30 1.000000
26 31 -0.200000
26 32 0.866667
26 122 0.866667
27 29 1.000000
27 30 -5.000000
27 31 -0.333333
27 32 -0.866667
27 123 0.466667
28 29 0.333333
28 30 -0.066667
28 31 -2.333333
28 32 5.000000
28 124 4.333333
29 37 -2.333333
30 38 0.066667
31 39 -0.200000
32 40 0.733333
33 37 -0.066667
33 38 -3.666667
33 39 0.866667
33 40 0.200000
33 129 -0.466667
34 37 -5.000000
34 38 -0.733333
34 39 -0.866667
34 40 -1.000000
34 130 5.000000
35 37 -0.200000
35 38 0.466667
35 39 0.600000
35 40 0.066667
35 131 -1.666667
36 37 -3.000000
36 38 0.333333
36 39 -4.333333
36 40 -0.733333
36 132 0.866667
37 45 -3.000000
38 46 -1.000000
39 47 0.600000
40 48 -0.466667
41 45 -0.466667
41 46 -0.466667
41 47 0.866667
41 48 -0.733333
41 137 0.200000
42 45 -3.000000
42 46 -0.333333
42 47 -0.333333
42 48 -0.733333
42 138 0.066667
43 45 -1.000000
43 46 0.066667
43 47 -0.200000
43 48 -1.000000
43 139 0.066667
44 45 0.733333
44 46 0.866667
44 47 0.200000
44 48 0.733333
44 140 -0.066667
45 53 -0.200000
46 54 -0.200000
47 55 0.066667
48 56 0.066667
49 53 0.066667
49 54 0.733333
49 55 0.600000
49 56 0.333333
49 145 0.066667
50 53 -2.333333
50 54 0.733333
50 55 1.000000
50 56 -1.000000
50 146 4.333333
51 53 5.000000
51 54 0.333333
51 55 0.466667
51 56 -4.333333
51 147 -0.733333
52 53 -0.200000
52 54 -0.866667
52 55 -0.333333
52 56 0.866667
52 148 0.066667
53 61 -0.600000
54 62 -0.733333
55 63 -0.200000
56 64 3.000000
57 61 -0.600000
57 62 0.066667
57 63 0.466667
57 64 0.866667
57 153 -1.000000
58 61 0.066667
58 62 -0.066667
58 63 -0.066667
58 64 0.200000
58 154 0.466667
59 61 1.000000
59 62 0.333333
59 63 -0.600000
59 64 -0.866667
59 155 0.866667
60 61 -1.000000
60 62 -0.466667
60 63 -0.200000
60 64 -0.600000
60 156 -0.066667
61 69 -0.333333
62 70 -0.466667
63 71 -0.066667
64 72 -0.733333
65 69 0.466667
65 70 -0.866667
65 71 -0.200000
65 72 0.066667
65 161 -0.066667
66 69 -1.000000
66 70 0.466667
66 71 -0.466667
66 72 0.333333
66 162 -0.600000
67 69 -0.200000
67 70 -0.066667
67 71 -0.866667
67 72 0.866667
67 163 1.000000
68 69 0.333333
68 70 0.466667
68 71 1.000000
68 72 -0.200000
68 164 -1.000000
69 77 -1.000000
70 78 0.066667
71 79 0.333333
72 80 4.333333
73 77 0.333333
73 78 0.200000
73 79 0.733333
73 80 -1.000000
73 169 0.733333
74 77 0.866667
74 78 -0.733333
74 79 -0.733333
74 80 -4.333333
74 170 1.666667
75 77 0.066667
75 78 -0.333333
75 79 -0.600000
75 80 -1.000000
75 171 -0.733333
76 77 -0.866667
76 78 -0.066667
76 79 -3.000000
76 80 3.666667
76 172 0.200000
77 85 1.000000
78 86 0.866667
79 87 0.600000
80 88 3.000000
81 85 -0.066667
81 86 -0.466667
81 87 -0.333333
81 88 -0.333333
81 177 -0.600000
82 85 1.666667
82 86 -0.066667
82 87 0.066667
82 88 -2.333333
82 178 -0.600000
83 85 -0.333333
83 86 -0.600000
83 87 -0.333333
83 88 -0.333333
83 179 -4.333333
84 85 3.000000
84 86 -0.866667
84 87 -0.066667
84 88 0.066667
84 180 3.000000
85 93 0.466667
86 94 -0.200000
87 95 0.200000
88 96 0.466667
89 93 -0.466667
89 94 -0.333333
89 95 -0.600000
89 96 -0.600000
89 185 -0.600000
90 93 -0.200000
90 94 0.200000
90 95 0.466667
90 96 0.200000
90 186 -0.200000
91 93 0.200000
91 94 -0.200000
91 95 0.866667
91 96 0.600000
91 187 -0.200000
92 93 -0.200000
92 94 -1.000000
92 95 0.866667
92 96 -0.600000
92 188 -0.600000
97 101 0.866667
97 102 -0.466667
97 103 0.466667
97 104 0.066667
97 193 -0.066667
98 101 -0.600000
98 102 3.000000
98 103 -0.200000
98 104 -0.333333
98 194 -1.000000
99 101 -0.733333
99 102 0.200000
99 103 -0.866667
99 104 0.466667
99 195 0.466667
100 101 0.466667
100 102 -1.000000
100 103 -0.466667
100 104 0.600000
100 196 -0.333333
101 109 0.866667
102 110 0.333333
103 111 -0.200000
104 112 0.066667
105 109 -1.000000
105 110 0.866667
105 111 1.000000
105 112 -0.733333
105 201 -0.733333
106 109 0.066667
106 110 0.066667
106 111 -0.200000
106 112 -0.600000
106 202 0.866667
107 109 0.733333
107 110 0.733333
107 111 0.466667
107 112 0.466667
107 203 -0.466667
108 109 0.733333
108 110 -0.733333
108 111 0.600000
108 112 -0.866667
108 204 -1.000000
109 117 0.200000
110 118 -3.000000
111 119 0.600000
112 120 -0.466667
113 117 0.866667
113 118 -0.200000
113 119 -0.600000
113 120 -0.333333
113 209 -1.000000
114 117 0.333333
114 118 -0.866667
114 119 0.866667
114 120 -0.333333
114 210 1.000000
115 117 1.000000
115 118 0.333333
115 119 0.466667
115 120 -0.466667
115 211 -1.000000
116 117 -0.333333
116 118 5.000000
116 119 0.866667
116 120 0.733333
116 212 0.866667
117 125 -0.200000
118 126 -0.733333
119 127 2.333333
120 128 -0.866667
121 125 0.466667
121 126 -0.333333
121 127 0.200000
121 128 0.600000
121 217 0.866667
122 125 0.066667
122 126 0.733333
122 127 -0.466667
122 128 -0.733333
122 218 0.466667
123 125 0.200000
123 126 0.066667
123 127 0.066667
123 128 -0.866667
123 219 -5.000000
124 125 0.733333
124 126 -0.866667
124 127 0.333333
124 128 -0.200000
124 220 -0.466667
125 133 -0.600000
126 134 -0.600000
127 135 -0.200000
128 136 -0.200000
129 133 -1.000000
129 134 0.066667
129 135 -0.066667
129 136 -0.333333
129 225 -0.333333
130 133 0.066667
130 134 -0.200000
130 135 1.000000
130 136 -0.866667
130 226 0.066667
131 133 -0.600000
131 134 0.600000
131 135 -3.000000
131 136 -0.200000
131 227 -0.866667
132 133 1.000000
132 134 -0.733333
132 135 -1.000000
132 136 -0.733333
132 228 -0.333333
133 141 0.333333
134 142 0.200000
135 143 -1.000000
136 144 -0.733333
137 141 -1.000000
137 142 0.733333
137 143 -0.866667
137 144 0.200000
137 233 1.000000
138 141 0.333333
138 142 -0.600000
138 143 0.200000
138 144 -0.066667
138 234 -0.066667
139 141 -0.466667
139 142 -0.600000
139 143 -0.466667
139 144 -0.466667
139 235 0.333333
140 141 0.066667
140 142 -0.333333
140 143 -0.733333
140 144 0.066667
140 236 0.066667
141 149 -0.733333
142 150 -0.200000
143 151 -0.466667
144 152 0.600000
145 149 0.066667
145 150 0.733333
145 151 0.466667
145 152 0.866667
145 241 -0.200000
146 149 0.866667
146 150 -1.000000
146 151 -0.066667
146 152 -0.866667
146 242 0.066667
147 149 -0.066667
147 150 0.066667
147 151 -1.000000
147 152 -1.000000
147 243 0.733333
148 149 0.200000
148 150 -0.200000
148 151 0.733333
148 152 0.733333
148 244 -0.466667
149 157 -0.200000
150 158 0.866667
151 159 -0.733333
152 160 0.733333
153 157 -0.066667
153 158 -0.200000
153 159 -0.200000
153 160 -0.066667
153 249 -1.000000
154 157 1.000000
154 158 -0.866667
154 159 -0.600000
154 160 -0.466667
154 250 -0.866667
155 157 -0.200000
155 158 -0.600000
155 159 -1.000000
155 160 -0.600000
155 251 0.333333
156 157 0.866667
156 158 0.333333
156 159 -0.466667
156 160 0.466667
156 252 0.333333
157 165 -0.866667
158 166 -0.733333
159 167 -0.866667
160 168 -0.200000
161 165 0.733333
161 166 -1.000000
161 167 0.066667
161 168 -0.066667
161 257 -0.200000
162 165 -0.333333
162 166 0.600000
162 167 -0.066667
162 168 -1.000000
162 258 1.000000
163 165 0.333333
163 166 -0.333333
163 167 -0.333333
163 168 0.600000
163 259 0.866667
164 165 -0.466667
164 166 -0.866667
164 167 0.466667
164 168 1.000000
164 260 -0.600000
165 173 0.466667
166 174 -1.000000
167 175 -0.066667
168 176 0.066667
169 173 0.866667
169 174 -0.066667
169 175 0.866667
169 176 5.000000
169 265 -1.000000
170 173 0.466667
170 174 -0.600000
170 175 0.333333
170 176 -0.333333
170 266 0.466667
171 173 1.000000
171 174 -0.866667
171 175 0.466667
171 176 -3.000000
171 267 0.600000
172 173 0.600000
172 174 0.733333
172 175 0.066667
172 176 0.066667
172 268 -0.200000
173 181 0.733333
174 182 0.200000
175 183 0.200000
176 184 -0.466667
177 181 1.000000
177 182 -0.200000
177 183 -0.333333
177 184 0.866667
177 273 -0.866667
178 181 0.066667
178 182 -0.466667
178 183 0.200000
178 184 1.000000
178 274 0.466667
179 181 3.000000
179 182 -0.066667
179 183 -0.200000
179 184 0.866667
179 275 -5.000000
180 181 0.066667
180 182 0.333333
180 183 0.333333
180 184 -0.600000
180 276 -0.866667
181 189 -0.066667
182 190 -0.733333
183 191 -0.733333
184 192 1.000000
185 189 -0.066667
185 190 -1.000000
185 191 0.200000
185 192 -0.333333
185 281 0.600000
186 189 -0.600000
186 190 1.000000
186 191 0.866667
186 192 0.066667
186 282 -0.466667
187 189 0.866667
187 190 -0.466667
187 191 -0.066667
187 192 1.000000
187 283 -0.733333
188 189 0.066667
188 190 1.000000
188 191 -0.600000
188 192 -0.200000
188 284 -0.066667
193 197 0.733333
193 198 -1.000000
193 199 0.600000
193 200 -0.600000
193 289 0.600000
194 197 -0.466667
194 198 0.733333
194 199 0.733333
194 200 -1.000000
194 290 -1.000000
195 197 -0.866667
195 198 1.000000
195 199 0.333333
195 200 -1.000000
195 291 0.866667
196 197 3.000000
196 198 0.600000
196 199 0.466667
196 200 -0.866667
196 292 -0.466667
197 205 -0.200000
198 206 -0.200000
199 207 0.733333
200 208 -0.733333
201 205 -0.866667
201 206 0.866667
201 207 -0.333333
201 208 0.066667
201 297 -0.200000
202 205 -1.000000
202 206 0.333333
202 207 -0.600000
202 208 -1.000000
202 298 0.200000
203 205 -0.200000
203 206 -0.466667
203 207 0.866667
203 208 0.466667
203 299 -0.733333
204 205 0.466667
204 206 0.200000
204 207 -0.866667
204 208 -0.066667
204 300 -1.000000
205 213 0.600000
206 214 -0.200000
207 215 -0.600000
208 216 -0.733333
209 213 -1.000000
209 214 0.066667
209 215 0.733333
209 216 0.733333
209 305 1.000000
210 213 0.866667
210 214 -0.466667
210 215 0.600000
210 216 0.066667
210 306 -0.333333
211 213 -0.200000
211 214 -0.333333
211 215 -1.000000
211 216 0.733333
211 307 -1.000000
212 213 2.333333
212 214 -0.333333
212 215 -0.066667
212 216 1.000000
212 308 0.333333
213 221 -0.733333
214 222 0.866667
215 223 -0.600000
216 224 0.333333
217 221 0.866667
217 222 1.000000
217 223 0.333333
217 224 0.200000
217 313 0.866667
218 221 -0.066667
218 222 0.200000
218 223 -0.200000
218 224 -0.600000
218 314 -0.200000
219 221 -0.466667
219 222 0.600000
219 223 0.866667
219 224 -4.333333
219 315 0.733333
220 221 0.200000
220 222 1.000000
220 223 -0.466667
220 224 -0.466667
220 316 -0.333333
221 229 -0.200000
222 230 1.000000
223 231 0.600000
224 232 0.333333
225 229 1.000000
225 230 0.466667
225 231 0.200000
225 232 1.000000
225 321 1.000000
226 229 0.066667
226 230 -0.600000
226 231 1.000000
226 232 -1.000000
226 322 0.200000
227 229 -0.866667
227 230 1.000000
227 231 -0.866667
227 232 -0.333333
227 323 0.466667
228 229 -1.000000
228 230 -0.200000
228 231 0.066667
228 232 1.000000
228 324 1.000000
229 237 0.200000
230 238 -0.333333
231 239 -0.600000
232 240 -0.200000
233 237 -0.066667
233 238 -0.200000
233 239 0.866667
233 240 0.466667
233 329 -0.600000
234 237 -0.733333
234 238 3.000000
234 239 1.000000
234 240 3.666667
234 330 -0.733333
235 237 0.866667
235 238 -0.733333
235 239 0.733333
235 240 -0.866667
235 331 0.866667
236 237 -0.866667
236 238 0.866667
236 239 -0.466667
236 240 -0.200000
236 332 -0.866667
237 245 0.466667
238 246 -0.466667
239 247 0.333333
240 248 0.866667
241 245 -1.000000
241 246 -0.066667
241 247 -0.333333
241 248 0.333333
241 337 0.066667
242 245 0.333333
242 246 0.333333
242 247 0.733333
242 248 -0.200000
242 338 0.200000
243 245 0.600000
243 246 -0.733333
243 247 -0.866667
243 248 -0.333333
243 339 0.066667
244 245 -0.333333
244 246 -0.733333
244 247 -0.733333
244 248 -0.600000
244 340 0.066667
245 253 -0.066667
246 254 0.200000
247 255 0.333333
248 256 -0.600000
249 253 0.600000
249 254 -0.066667
249 255 0.733333
249 256 -0.866667
249 345 0.733333
250 253 -0.333333
250 254 -0.466667
250 255 -0.600000
250 256 -0.733333
250 346 -0.600000
251 253 -0.600000
251 254 -0.333333
251 255 0.866667
251 256 0.466667
251 347 -0.733333
252 253 0.066667
252 254 -0.200000
252 255 0.333333
252 256 0.333333
252 348 -0.200000
253 261 -1.000000
254 262 -0.600000
255 263 -0.200000
256 264 -1.000000
257 261 0.733333
257 262 -0.333333
257 263 -0.200000
257 264 -0.066667
257 353 -0.333333
258 261 -1.000000
258 262 -0.333333
258 263 0.066667
258 264 -1.000000
258 354 0.866667
259 261 0.333333
259 262 0.600000
259 263 -0.066667
259 264 -0.333333
259 355 0.333333
260 261 0.600000
260 262 -0.200000
260 263 0.333333
260 264 0.866667
260 356 -1.000000
261 269 0.200000
262 270 -0.866667
263 271 -0.733333
264 272 -0.466667
265 269 0.866667
265 270 -0.600000
265 271 0.866667
265 272 -0.066667
265 361 -0.466667
266 269 -0.066667
266 270 -0.333333
266 271 0.466667
266 272 -0.066667
266 362 -0.600000
267 269 -0.333333
267 270 -0.866667
267 271 -0.200000
267 272 0.333333
267 363 -0.200000
268 269 -0.200000
268 270 -1.000000
268 271 -0.866667
268 272 -0.866667
268 364 0.600000
269 277 -0.200000
270 278 -0.600000
271 279 0.600000
272 280 -0.333333
273 277 -0.200000
273 278 0.866667
273 279 1.000000
273 280 -0.466667
273 369 -0.066667
274 277 0.600000
274 278 -0.466667
274 279 0.866667
274 280 0.600000
274 370 0.333333
275 277 -0.066667
275 278 -0.866667
275 279 0.466667
275 280 0.066667
275 371 3.000000
276 277 0.333333
276 278 -0.866667
276 279 0.600000
276 280 -0.600000
276 372 0.333333
277 285 -0.866667
278 286 -0.733333
279 287 -0.466667
280 288 0.600000
281 285 -0.200000
281 286 -0.733333
281 287 0.600000
281 288 -0.466667
281 377 0.200000
282 285 -0.466667
282 286 -0.733333
282 287 -1.000000
282 288 -0.733333
282 378 0.466667
283 285 0.066667
283 286 0.466667
283 287 -1.000000
283 288 1.000000
283 379 -0.866667
284 285 0.733333
284 286 -0.866667
284 287 -0.066667
284 288 0.200000
284 380 0.466667
289 293 -3.666667
289 294 0.866667
289 295 1.666667
289 296 0.333333
289 385 -3.666667
290 293 -0.066667
290 294 -0.733333
290 295 0.200000
290 296 -0.466667
290 386 0.200000
291 293 -0.066667
291 294 -0.733333
291 295 -0.866667
291 296 -0.466667
291 387 0.866667
292 293 0.333333
292 294 1.000000
292 295 1.000000
292 296 -0.866667
292 388 3.000000
293 301 -1.666667
294 302 -0.333333
295 303 -0.600000
296 304 -1.000000
297 301 0.733333
297 302 0.866667
297 303 -1.000000
297 304 -0.333333
297 393 0.600000
298 301 -0.600000
298 302 -0.600000
298 303 0.600000
298 304 0.733333
298 394 0.066667
299 301 -0.600000
299 302 -1.666667
299 303 -0.200000
299 304 4.333333
299 395 1.000000
300 301 0.866667
300 302 0.333333
300 303 0.066667
300 304 -0.066667
300 396 0.466667
301 309 -0.733333
302 310 0.200000
303 311 -0.466667
304 312 -0.066667
305 309 -0.600000
305 310 -0.466667
305 311 -0.600000
305 312 0.600000
305 401 -0.866667
306 309 -0.333333
306 310 1.000000
306 311 -0.733333
306 312 -1.000000
306 402 0.200000
307 309 1.000000
307 310 0.733333
307 311 0.733333
307 312 0.200000
307 403 -0.333333
308 309 0.733333
308 310 0.200000
308 311 -0.333333
308 312 -0.866667
308 404 -0.866667
309 317 -0.600000
310 318 -0.200000
311 319 0.466667
312 320 0.066667
313 317 -0.200000
313 318 1.000000
313 319 0.866667
313 320 1.000000
313 409 -0.200000
314 317 -0.200000
314 318 0.200000
314 319 -1.000000
314 320 -1.000000
314 410 0.333333
315 317 0.866667
315 318 0.200000
315 319 1.000000
315 320 -0.333333
315 411 0.866667
316 317 0.733333
316 318 -0.200000
316 319 -0.200000
316 320 -0.733333
316 412 0.466667
317 325 0.600000
318 326 0.200000
319 327 0.466667
320 328 0.866667
321 325 -0.866667
321 326 -1.000000
321 327 -0.466667
321 328 0.866667
321 417 0.733333
322 325 -0.600000
322 326 0.066667
322 327 -0.866667
322 328 0.866667
322 418 -0.200000
323 325 -0.466667
323 326 0.466667
323 327 -1.000000
323 328 0.866667
323 419 -0.733333
324 325 -0.866667
324 326 -0.466667
324 327 -0.200000
324 328 0.600000
324 420 -1.000000
325 333 0.866667
326 334 -0.066667
327 335 0.200000
328 336 -0.733333
329 333 -0.466667
329 334 0.333333
329 335 -1.000000
329 336 -0.866667
329 425 0.466667
330 333 -1.000000
330 334 -1.000000
330 335 -0.866667
330 336 -0.066667
330 426 0.600000
331 333 0.866667
331 334 0.733333
331 335 -0.200000
331 336 -0.066667
331 427 -1.000000
332 333 0.866667
332 334 -0.333333
332 335 0.200000
332 336 0.733333
332 428 0.333333
333 341 -0.333333
334 342 -0.600000
335 343 -0.733333
336 344 0.733333
337 341 -0.866667
337 342 0.333333
337 343 -1.000000
337 344 -0.866667
337 433 -0.200000
338 341 -0.466667
338 342 0.200000
338 343 0.733333
338 344 0.066667
338 434 0.600000
339 341 0.866667
339 342 -0.200000
339 343 1.000000
339 344 -0.466667
339 435 0.466667
340 341 0.866667
340 342 0.733333
340 343 0.866667
340 344 0.866667
340 436 -3.000000
341 349 0.733333
342 350 -0.200000
343 351 -0.333333
344 352 0.466667
345 349 -0.333333
345 350 0.333333
345 351 -0.200000
345 352 -1.000000
345 441 -0.466667
346 349 -0.333333
346 350 0.466667
346 351 -0.333333
346 352 -1.000000
346 442 0.200000
347 349 1.000000
347 350 0.200000
347 351 -0.866667
347 352 -0.200000
347 443 -0.066667
348 349 -0.066667
348 350 -0.466667
348 351 0.733333
348 352 -1.000000
348 444 0.733333
349 357 0.733333
350 358 -0.733333
351 359 -0.466667
352 360 0.066667
353 357 0.600000
353 358 0.600000
353 359 -1.000000
353 360 5.000000
353 449 0.466667
354 357 0.600000
354 358 1.000000
354 359 -0.600000
354 360 -0.200000
354 450 1.000000
355 357 0.066667
355 358 -0.333333
355 359 -0.066667
355 360 0.333333
355 451 1.000000
356 357 0.333333
356 358 0.866667
356 359 -0.066667
356 360 1.000000
356 452 -0.200000
357 365 0.333333
358 366 -0.866667
359 367 -1.000000
360 368 0.866667
361 365 0.600000
361 366 0.200000
361 367 -0.466667
361 368 -0.733333
361 457 0.333333
362 365 1.000000
362 366 -0.200000
362 367 0.200000
362 368 0.733333
362 458 -0.733333
363 365 0.333333
363 366 0.066667
363 367 0.200000
363 368 -0.333333
363 459 0.600000
364 365 1.000000
364 366 0.600000
364 367 -0.200000
364 368 -0.600000
364 460 0.200000
365 373 -1.000000
366 374 0.600000
367 375 0.200000
368 376 0.866667
369 373 1.000000
369 374 0.600000
369 375 1.000000
369 376 -0.866667
369 465 0.866667
370 373 0.200000
370 374 0.200000
370 375 0.333333
370 376 -0.600000
370 466 -0.200000
371 373 0.200000
371 374 1.000000
371 375 -0.866667
371 376 0.466667
371 467 0.200000
372 373 -0.600000
372 374 -0.466667
372 375 0.866667
372 376 0.733333
372 468 -0.466667
373 381 0.733333
374 382 0.733333
375 383 -0.066667
376 384 -0.866667
377 381 0.466667
377 382 -0.466667
377 383 0.066667
377 384 -0.200000
377 473 0.600000
378 381 -0.466667
378 382 0.733333
378 383 0.866667
378 384 0.466667
378 474 -0.733333
379 381 -0.733333
379 382 0.466667
379 383 0.733333
379 384 1.000000
379 475 -0.066667
380 381 0.333333
380 382 -0.866667
380 383 0.200000
380 384 0.066667
380 476 0.200000
385 389 -0.733333
385 390 -1.000000
385 391 -5.000000
385 392 -0.600000
385 481 -2.333333
386 389 0.866667
386 390 -2.333333
386 391 -0.066667
386 392 -0.066667
386 482 -0.866667
387 389 -0.200000
387 390 0.333333
387 391 -0.600000
387 392 -0.600000
387 483 -0.866667
388 389 -0.733333
388 390 0.733333
388 391 -0.866667
388 392 0.066667
388 484 0.600000
389 397 -0.066667
390 398 -2.333333
391 399 1.000000
392 400 -5.000000
393 397 -0.333333
393 398 1.000000
393 399 -0.466667
393 400 0.333333
393 489 0.333333
394 397 0.733333
394 398 5.000000
394 399 -0.466667
394 400 -0.066667
394 490 -3.666667
395 397 -1.000000
395 398 1.666667
395 399 3.666667
395 400 1.000000
395 491 2.333333
396 397 -0.066667
396 398 -1.000000
396 399 0.466667
396 400 -0.333333
396 492 -0.600000
397 405 -0.333333
398 406 -0.866667
399 407 5.000000
400 408 0.866667
401 405 0.866667
401 406 -0.600000
401 407 -5.000000
401 408 -0.333333
401 497 1.000000
402 405 -0.733333
402 406 -0.466667
402 407 0.866667
402 408 0.200000
402 498 0.333333
403 405 1.000000
403 406 -0.733333
403 407 -0.066667
403 408 0.200000
403 499 -0.733333
404 405 1.000000
404 406 -1.000000
404 407 -1.000000
404 408 -0.466667
404 500 -5.000000
405 413 0.600000
406 414 -0.066667
407 415 -0.466667
408 416 -0.866667
409 413 0.866667
409 414 0.733333
409 415 -1.000000
409 416 1.000000
409 505 -1.000000
410 413 0.600000
410 414 -0.200000
410 415 -1.000000
410 416 -0.333333
410 506 -0.066667
411 413 0.866667
411 414 -0.200000
411 415 0.866667
411 416 0.066667
411 507 0.866667
412 413 1.000000
412 414 2.333333
412 415 0.333333
412 416 -0.200000
412 508 -0.066667
413 421 0.066667
414 422 0.466667
415 423 -0.733333
416 424 0.333333
417 421 0.600000
417 422 -0.466667
417 423 0.733333
417 424 0.466667
417 513 -0.466667
418 421 -0.066667
418 422 -0.866667
418 423 -0.066667
418 424 -0.466667
418 514 -0.200000
419 421 0.866667
419 422 -0.466667
419 423 -1.000000
419 424 -0.866667
419 515 -0.466667
420 421 1.000000
420 422 -0.200000
420 423 -0.733333
420 424 0.200000
420 516 -0.866667
421 429 -0.600000
422 430 -0.200000
423 431 -0.200000
424 432 -0.466667
425 429 0.066667
425 430 0.866667
425 431 0.066667
425 432 -0.733333
425 521 -3.000000
426 429 0.733333
426 430 -0.200000
426 431 0.466667
426 432 0.733333
426 522 -0.600000
427 429 -0.066667
427 430 -0.600000
427 431 1.000000
427 432 0.333333
427 523 1.000000
428 429 0.200000
428 430 -0.600000
428 431 0.066667
428 432 0.200000
428 524 -0.200000
429 437 0.200000
430 438 0.333333
431 439 -0.333333
432 440 0.066667
433 437 1.000000
433 438 -0.200000
433 439 0.600000
433 440 0.200000
433 529 -0.066667
434 437 -1.000000
434 438 -0.600000
434 439 -0.466667
434 440 0.066667
434 530 0.600000
435 437 -1.000000
435 438 0.466667
435 439 0.200000
435 440 0.333333
435 531 0.066667
436 437 -0.733333
436 438 -1.000000
436 439 -1.000000
436 440 0.066667
436 532 1.000000
437 445 0.866667
438 446 -0.066667
439 447 1.000000
440 448 0.600000
441 445 -0.200000
441 446 0.733333
441 447 1.000000
441 448 -1.000000
441 537 -0.466667
442 445 -1.000000
442 446 -0.733333
442 447 0.200000
442 448 -0.333333
442 538 -0.466667
443 445 -0.600000
443 446 -0.333333
443 447 0.066667
443 448 -0.066667
443 539 0.600000
444 445 -0.733333
444 446 -0.733333
444 447 0.333333
444 448 0.200000
444 540 0.066667
445 453 0.600000
446 454 0.866667
447 455 0.466667
448 456 -0.733333
449 453 1.000000
449 454 -0.200000
449 455 -0.333333
449 456 -0.733333
449 545 -0.600000
450 453 -0.333333
450 454 0.466667
450 455 -0.733333
450 456 0.733333
450 546 0.200000
451 453 1.000000
451 454 0.600000
451 455 -1.000000
451 456 -0.866667
451 547 -0.866667
452 453 -0.866667
452 454 -0.600000
452 455 0.333333
452 456 1.000000
452 548 1.000000
453 461 -0.733333
454 462 -0.866667
455 463 0.733333
456 464 -0.200000
457 461 1.000000
457 462 0.466667
457 463 -0.200000
457 464 0.733333
457 553 0.200000
458 461 0.600000
458 462 0.600000
458 463 0.333333
458 464 -0.600000
458 554 -0.733333
459 461 1.000000
459 462 -0.733333
459 463 -0.066667
459 464 0.733333
459 555 -0.333333
460 461 0.066667
460 462 -0.466667
460 463 -0.466667
460 464 0.733333
460 556 -0.866667
461 469 0.333333
462 470 0.066667
463 471 -0.866667
464 472 -4.333333
465 469 -0.333333
465 470 0.733333
465 471 0.333333
465 472 -1.000000
465 561 -1.666667
466 469 1.000000
466 470 -0.066667
466 471 0.066667
466 472 4.333333
466 562 0.466667
467 469 1.666667
467 470 -0.066667
467 471 0.333333
467 472 -4.333333
467 563 0.200000
468 469 -0.333333
468 470 1.000000
468 471 0.333333
468 472 -4.333333
468 564 -1.000000
469 477 0.200000
470 478 -0.333333
471 479 -0.333333
472 480 3.666667
473 477 -0.333333
473 478 -0.066667
473 479 -0.066667
473 480 3.000000
473 569 -0.066667
474 477 0.333333
474 478 0.600000
474 479 -0.866667
474 480 -0.466667
474 570 -0.200000
475 477 0.866667
475 478 2.333333
475 479 0.333333
475 480 0.600000
475 571 0.600000
476 477 -0.866667
476 478 -1.000000
476 479 -0.066667
476 480 1.666667
476 572 -0.200000
481 485 0.200000
481 486 -1.666667
481 487 -0.866667
481 488 0.333333
481 577 0.333333
482 485 0.733333
482 486 0.200000
482 487 -0.733333
482 488 -1.000000
482 578 0.866667
483 485 0.733333
483 486 -0.066667
483 487 0.600000
483 488 0.866667
483 579 -0.200000
484 485 1.000000
484 486 -0.733333
484 487 -0.600000
484 488 -1.000000
484 580 0.733333
485 493 0.600000
486 494 -0.466667
487 495 0.466667
488 496 0.066667
489 493 -0.600000
489 494 -1.000000
489 495 -4.333333
489 496 -1.000000
489 585 4.333333
490 493 -1.000000
490 494 -0.333333
490 495 0.600000
490 496 -0.066667
490 586 0.333333
491 493 0.866667
491 494 0.733333
491 495 -0.333333
491 496 0.066667
491 587 2.333333
492 493 0.733333
492 494 0.466667
492 495 0.466667
492 496 -0.866667
492 588 0.600000
493 501 0.066667
494 502 0.733333
495 503 0.600000
496 504 -0.333333
497 501 0.333333
497 502 0.466667
497 503 -0.866667
497 504 0.600000
497 593 -1.000000
498 501 -0.600000
498 502 -0.466667
498 503 0.733333
498 504 -1.000000
498 594 0.733333
499 501 0.866667
499 502 -0.866667
499 503 0.200000
499 504 -0.333333
499 595 -0.600000
500 501 0.600000
500 502 -0.066667
500 503 -0.466667
500 504 -1.000000
500 596 0.866667
501 509 0.733333
502 510 0.600000
503 511 0.466667
504 512 -0.600000
505 509 -0.466667
505 510 -0.600000
505 511 -0.333333
505 512 -0.333333
505 601 -0.600000
506 509 0.866667
506 510 -0.866667
506 511 -1.000000
506 512 0.866667
506 602 -0.333333
507 509 0.066667
507 510 -0.466667
507 511 -1.000000
507 512 0.333333
507 603 0.600000
508 509 0.733333
508 510 -0.466667
508 511 0.733333
508 512 -0.600000
508 604 0.066667
509 517 0.200000
510 518 3.000000
511 519 1.666667
512 520 0.200000
513 517 0.466667
513 518 0.066667
513 519 -0.333333
513 520 0.866667
513 609 0.333333
514 517 0.466667
514 518 -4.333333
514 519 1.000000
514 520 -0.600000
514 610 -0.733333
515 517 0.600000
515 518 1.000000
515 519 -0.333333
515 520 -0.466667
515 611 -0.200000
516 517 -1.000000
516 518 1.000000
516 519 -0.600000
516 520 -0.600000
516 612 0.600000
517 525 -0.600000
518 526 1.666667
519 527 -1.666667
520 528 0.066667
521 525 -3.666667
521 526 0.333333
521 527 0.066667
521 528 0.066667
521 617 3.000000
522 525 -0.066667
522 526 0.333333
522 527 1.000000
522 528 1.000000
522 618 0.600000
523 525 -0.866667
523 526 4.333333
523 527 0.733333
523 528 0.866667
523 619 0.466667
524 525 0.866667
524 526 0.333333
524 527 -0.066667
524 528 0.733333
524 620 1.000000
525 533 -0.066667
526 534 0.733333
527 535 0.200000
528 536 0.333333
529 533 -0.333333
529 534 -0.866667
529 535 -0.733333
529 536 0.866667
529 625 -0.466667
530 533 -0.733333
530 534 -0.866667
530 535 0.866667
530 536 -0.733333
530 626 0.733333
531 533 -0.066667
531 534 0.200000
531 535 -1.000000
531 536 -1.000000
531 627 0.066667
532 533 0.466667
532 534 -0.733333
532 535 -0.066667
532 536 -0.600000
532 628 -1.000000
533 541 -0.466667
534 542 -0.733333
535 543 2.333333
536 544 0.733333
537 541 1.000000
537 542 1.000000
537 543 -0.600000
537 544 -1.000000
537 633 -1.000000
538 541 0.733333
538 542 0.600000
538 543 0.466667
538 544 -0.600000
538 634 0.200000
539 541 -0.600000
539 542 0.600000
539 543 -0.733333
539 544 -1.000000
539 635 -0.600000
540 541 -0.733333
540 542 -0.200000
540 543 1.000000
540 544 0.866667
540 636 0.066667
541 549 -1.000000
542 550 0.600000
543 551 0.866667
544 552 0.200000
545 549 0.466667
545 550 -0.866667
545 551 0.466667
545 552 0.466667
545 641 0.466667
546 549 -0.600000
546 550 -0.733333
546 551 0.066667
546 552 -0.200000
546 642 -0.866667
547 549 -0.333333
547 550 0.866667
547 551 0.866667
547 552 0.066667
547 643 1.000000
548 549 -0.200000
548 550 -0.200000
548 551 -1.000000
548 552 -0.733333
548 644 0.066667
549 557 0.733333
550 558 1.000000
551 559 0.066667
552 560 -0.333333
553 557 -0.866667
553 558 0.733333
553 559 0.466667
553 560 -1.666667
553 649 -0.466667
554 557 0.866667
554 558 -0.066667
554 559 -1.000000
554 560 0.866667
554 650 -0.066667
555 557 -0.600000
555 558 -0.200000
555 559 -1.000000
555 560 0.866667
555 651 4.333333
556 557 0.600000
556 558 0.200000
556 559 -0.600000
556 560 -0.333333
556 652 0.600000
557 565 0.333333
558 566 0.333333
559 567 0.066667
560 568 2.333333
561 565 -0.733333
561 566 4.333333
561 567 -0.733333
561 568 0.466667
561 657 0.733333
562 565 0.333333
562 566 -0.866667
562 567 -0.066667
562 568 -0.866667
562 658 -0.333333
563 565 -5.000000
563 566 0.866667
563 567 -0.733333
563 568 4.333333
563 659 0.600000
564 565 -0.600000
564 566 -0.333333
564 567 0.866667
564 568 -2.333333
564 660 -1.000000
565 573 0.200000
566 574 0.333333
567 575 0.200000
568 576 0.466667
569 573 0.600000
569 574 -0.600000
569 575 -0.466667
569 576 -0.466667
569 665 0.733333
570 573 0.466667
570 574 0.600000
570 575 -0.466667
570 576 -0.066667
570 666 4.333333
571 573 0.466667
571 574 0.333333
571 575 -0.066667
571 576 0.600000
571 667 0.733333
572 573 -0.733333
572 574 0.333333
572 575 -0.466667
572 576 0.733333
572 668 0.466667
577 581 -0.866667
577 582 -0.066667
577 583 0.733333
577 584 0.066667
577 673 -0.866667
578 581 -0.466667
578 582 0.066667
578 583 0.733333
578 584 -0.866667
578 674 0.733333
579 581 -0.600000
579 582 -0.600000
579 583 -0.200000
579 584 -0.466667
579 675 -0.066667
580 581 0.866667
580 582 -0.466667
580 583 -0.600000
580 584 0.200000
580 676 0.733333
581 589 0.600000
582 590 1.000000
583 591 -0.066667
584 592 -0.600000
585 589 0.600000
585 590 0.333333
585 591 2.333333
585 592 0.066667
585 681 5.000000
586 589 -0.066667
586 590 -0.066667
586 591 0.866667
586 592 -0.200000
586 682 -0.466667
587 589 -0.866667
587 590 -1.000000
587 591 -0.600000
587 592 0.333333
587 683 -0.333333
588 589 -0.466667
588 590 0.466667
588 591 0.333333
588 592 0.600000
588 684 -0.066667
589 597 -0.600000
590 598 -0.200000
591 599 -1.000000
592 600 -0.466667
593 597 0.866667
593 598 0.066667
593 599 -0.200000
593 600 0.866667
593 689 -0.600000
594 597 -0.866667
594 598 0.866667
594 599 0.600000
594 600 0.466667
594 690 0.600000
595 597 -0.600000
595 598 -0.200000
595 599 -1.666667
595 600 0.200000
595 691 0.866667
596 597 -0.600000
596 598 -0.600000
596 599 -1.000000
596 600 0.866667
596 692 -0.866667
597 605 0.866667
598 606 -0.866667
599 607 -0.066667
600 608 -0.466667
601 605 -1.000000
601 606 -0.066667
601 607 0.200000
601 608 -0.200000
601 697 1.000000
602 605 1.000000
602 606 0.866667
602 607 0.333333
602 608 -0.333333
602 698 0.600000
603 605 0.066667
603 606 0.866667
603 607 -0.733333
603 608 0.333333
603 699 0.066667
604 605 -0.466667
604 606 1.000000
604 607 -1.000000
604 608 1.000000
604 700 -1.000000
605 613 -0.200000
606 614 0.466667
607 615 -0.066667
608 616 0.333333
609 613 0.466667
609 614 0.733333
609 615 0.466667
609 616 -1.000000
609 705 0.200000
610 613 -0.200000
610 614 1.000000
610 615 0.866667
610 616 0.200000
610 706 -0.466667
611 613 -0.066667
611 614 0.466667
611 615 0.600000
611 616 0.733333
611 707 -1.000000
612 613 0.600000
612 614 1.000000
612 615 0.333333
612 616 -1.000000
612 708 -0.466667
613 621 -0.733333
614 622 -2.333333
615 623 0.866667
616 624 0.866667
617 621 0.200000
617 622 1.000000
617 623 -0.600000
617 624 0.600000
617 713 -0.333333
618 621 -0.866667
618 622 -0.733333
618 623 0.066667
618 624 0.866667
618 714 0.600000
619 621 -0.600000
619 622 0.466667
619 623 -0.333333
619 624 -0.466667
619 715 0.733333
620 621 -0.866667
620 622 0.066667
620 623 0.600000
620 624 0.866667
620 716 -0.200000
621 629 -0.866667
622 630 2.333333
623 631 0.600000
624 632 1.000000
625 629 -0.733333
625 630 -1.000000
625 631 2.333333
625 632 -0.733333
625 721 -5.000000
626 629 -4.333333
626 630 -0.066667
626 631 -0.333333
626 632 -1.666667
626 722 1.666667
627 629 -0.466667
627 630 -0.466667
627 631 0.066667
627 632 0.733333
627 723 -1.000000
628 629 -1.000000
628 630 -0.200000
628 631 0.066667
628 632 0.066667
628 724 -0.733333
629 637 1.000000
630 638 0.333333
631 639 -1.000000
632 640 -0.066667
633 637 0.066667
633 638 -0.066667
633 639 -0.600000
633 640 0.333333
633 729 -0.066667
634 637 0.866667
634 638 -0.200000
634 639 0.200000
634 640 -0.066667
634 730 -0.466667
635 637 -0.466667
635 638 -1.000000
635 639 0.466667
635 640 1.000000
635 731 0.866667
636 637 1.000000
636 638 0.600000
636 639 0.066667
636 640 -1.000000
636 732 0.733333
637 645 -0.200000
638 646 -0.866667
639 647 -0.466667
640 648 0.066667
641 645 0.333333
641 646 0.466667
641 647 0.866667
641 648 0.200000
641 737 0.733333
642 645 0.333333
642 646 -0.600000
642 647 -0.733333
642 648 0.466667
642 738 0.200000
643 645 0.066667
643 646 -0.733333
643 647 0.200000
643 648 0.733333
643 739 1.000000
644 645 -0.733333
644 646 -0.466667
644 647 -1.000000
644 648 -0.333333
644 740 -1.000000
645 653 0.866667
646 654 -1.000000
647 655 -0.733333
648 656 0.200000
649 653 -0.466667
649 654 -0.200000
649 655 0.866667
649 656 1.000000
649 745 -0.733333
650 653 0.866667
650 654 0.733333
650 655 -0.866667
650 656 -0.733333
650 746 -0.733333
651 653 -0.733333
651 654 -0.866667
651 655 -0.066667
651 656 -0.466667
651 747 -0.600000
652 653 0.600000
652 654 1.000000
652 655 -0.600000
652 656 -0.866667
652 748 -1.000000
653 661 -1.000000
654 662 -0.200000
655 663 -1.000000
656 664 0.466667
657 661 -0.466667
657 662 -0.200000
657 663 0.733333
657 664 0.466667
657 753 -0.600000
658 661 -4.333333
658 662 -0.333333
658 663 0.866667
658 664 -0.333333
658 754 1.000000
659 661 3.000000
659 662 -3.666667
659 663 -4.333333
659 664 -1.000000
659 755 -0.333333
660 661 5.000000
660 662 -0.733333
660 663 -0.466667
660 664 -0.600000
660 756 -0.466667
661 669 1.000000
662 670 -1.000000
663 671 -0.600000
664 672 1.000000
665 669 0.866667
665 670 0.333333
665 671 0.733333
665 672 0.600000
665 761 0.333333
666 669 -2.333333
666 670 0.600000
666 671 -0.066667
666 672 1.000000
666 762 1.000000
667 669 1.000000
667 670 -0.200000
667 671 0.600000
667 672 -0.066667
667 763 -0.200000
668 669 1.000000
668 670 -0.866667
668 671 0.466667
668 672 0.066667
668 764 1.000000
673 677 0.066667
673 678 0.600000
673 679 -1.000000
673 680 -0.333333
673 769 -1.000000
674 677 0.733333
674 678 -0.200000
674 679 0.066667
674 680 0.066667
674 770 0.600000
675 677 -0.466667
675 678 0.600000
675 679 -0.066667
675 680 0.200000
675 771 -0.733333
676 677 -0.866667
676 678 0.866667
676 679 -0.466667
676 680 -0.066667
676 772 0.733333
677 685 -0.466667
678 686 -0.866667
679 687 -0.200000
680 688 0.600000
681 685 -3.000000
681 686 -1.666667
681 687 -0.600000
681 688 0.866667
681 777 0.733333
682 685 -3.666667
682 686 -0.866667
682 687 0.466667
682 688 -0.066667
682 778 0.600000
683 685 0.333333
683 686 -0.200000
683 687 -4.333333
683 688 -1.000000
683 779 0.333333
684 685 0.333333
684 686 0.066667
684 687 1.000000
684 688 -1.666667
684 780 0.466667
685 693 3.666667
686 694 -0.866667
687 695 -0.733333
688 696 0.333333
689 693 0.866667
689 694 -0.333333
689 695 -0.733333
689 696 0.866667
689 785 0.866667
690 693 0.866667
690 694 -0.600000
690 695 0.066667
690 696 0.733333
690 786 -0.466667
691 693 2.333333
691 694 -0.733333
691 695 0.200000
691 696 0.866667
691 787 0.333333
692 693 -0.866667
692 694 0.200000
692 695 0.200000
692 696 -0.466667
692 788 -0.333333
693 701 0.066667
694 702 -0.600000
695 703 -0.733333
696 704 -0.066667
697 701 -0.600000
697 702 0.333333
697 703 -0.733333
697 704 1.000000
697 793 -0.200000
698 701 1.666667
698 702 0.333333
698 703 -0.066667
698 704 -0.733333
698 794 0.866667
699 701 -0.333333
699 702 1.000000
699 703 0.866667
699 704 0.600000
699 795 -0.600000
700 701 -0.600000
700 702 -0.600000
700 703 -0.333333
700 704 0.600000
700 796 0.866667
701 709 0.866667
702 710 -0.866667
703 711 -0.866667
704 712 0.066667
705 709 0.600000
705 710 0.600000
705 711 3.666667
705 712 0.600000
705 801 2.333333
706 709 -0.866667
706 710 -0.866667
706 711 0.600000
706 712 0.333333
706 802 0.733333
707 709 1.000000
707 710 -0.333333
707 711 -0.466667
707 712 0.733333
707 803 -0.733333
708 709 -0.866667
708 710 -0.200000
708 711 -3.666667
708 712 4.333333
708 804 -0.466667
709 717 -0.733333
710 718 0.466667
711 719 -0.466667
712 720 -0.866667
713 717 0.733333
713 718 -1.000000
713 719 -0.066667
713 720 0.600000
713 809 -0.466667
714 717 -0.600000
714 718 0.200000
714 719 0.466667
714 720 -0.866667
714 810 0.466667
715 717 -0.333333
715 718 1.000000
715 719 -0.200000
715 720 0.866667
715 811 -0.066667
716 717 -1.000000
716 718 0.733333
716 719 -0.200000
716 720 -0.466667
716 812 0.200000
717 725 0.600000
718 726 0.866667
719 727 0.200000
720 728 0.200000
721 725 -0.866667
721 726 0.600000
721 727 -0.600000
721 728 0.066667
721 817 0.733333
722 725 -0.333333
722 726 -5.000000
722 727 2.333333
722 728 -1.000000
722 818 -0.466667
723 725 -5.000000
723 726 3.000000
723 727 -0.600000
723 728 -1.000000
723 819 0.866667
724 725 -0.333333
724 726 -0.200000
724 727 -0.466667
724 728 0.733333
724 820 0.733333
725 733 0.066667
726 734 -0.466667
727 735 -0.333333
728 736 -0.200000
729 733 0.066667
729 734 0.200000
729 735 -0.733333
729 736 -0.466667
729 825 0.600000
730 733 -0.066667
730 734 0.600000
730 735 -0.200000
730 736 0.066667
730 826 -0.600000
731 733 0.200000
731 734 -0.200000
731 735 0.333333
731 736 -0.466667
731 827 2.333333
732 733 -0.866667
732 734 -0.200000
732 735 0.866667
732 736 0.466667
732 828 0.200000
733 741 -0.200000
734 742 -0.066667
735 743 -1.000000
736 744 0.066667
737 741 1.000000
737 742 0.866667
737 743 -5.000000
737 744 5.000000
737 833 -0.200000
738 741 -0.733333
738 742 -1.000000
738 743 0.466667
738 744 5.000000
738 834 0.200000
739 741 1.000000
739 742 0.733333
739 743 0.466667
739 744 -0.600000
739 835 -4.333333
740 741 -0.600000
740 742 -0.066667
740 743 -0.733333
740 744 -1.000000
740 836 0.200000
741 749 0.733333
742 750 0.066667
743 751 -0.333333
744 752 0.066667
745 749 2.333333
745 750 0.866667
745 751 2.333333
745 752 0.066667
745 841 -0.733333
746 749 0.866667
746 750 -0.466667
746 751 1.000000
746 752 0.866667
746 842 -0.333333
747 749 0.466667
747 750 0.466667
747 751 0.066667
747 752 0.733333
747 843 -0.600000
748 749 -0.466667
748 750 1.000000
748 751 0.200000
748 752 -0.866667
748 844 0.600000
749 757 0.333333
750 758 0.600000
751 759 1.666667
752 760 0.600000
753 757 -1.000000
753 758 -0.066667
753 759 -1.000000
753 760 1.000000
753 849 -0.066667
754 757 -0.333333
754 758 0.733333
754 759 0.333333
754 760 0.333333
754 850 -4.333333
755 757 -0.466667
755 758 0.600000
755 759 3.666667
755 760 -1.000000
755 851 -0.733333
756 757 0.866667
756 758 -0.600000
756 759 1.000000
756 760 -0.200000
756 852 1.000000
757 765 3.666667
758 766 -0.066667
759 767 1.000000
760 768 1.666667
761 765 0.333333
761 766 0.200000
761 767 -0.333333
761 768 0.866667
761 857 -0.733333
762 765 5.000000
762 766 0.600000
762 767 0.333333
762 768 0.200000
762 858 -0.733333
763 765 2.333333
763 766 -1.000000
763 767 1.000000
763 768 -5.000000
763 859 -0.866667
764 765 -0.866667
764 766 0.600000
764 767 -0.866667
764 768 0.333333
764 860 0.600000
769 773 -0.733333
769 774 0.733333
769 775 0.200000
769 776 -0.466667
769 865 0.066667
770 773 1.000000
770 774 -0.600000
770 775 -0.600000
770 776 0.866667
770 866 -3.666667
771 773 -0.066667
771 774 -0.600000
771 775 -0.200000
771 776 -0.200000
771 867 -0.333333
772 773 -0.600000
772 774 1.000000
772 775 -1.000000
772 776 4.333333
772 868 -4.333333
773 781 0.066667
774 782 -0.333333
775 783 -0.866667
776 784 -0.066667
777 781 0.333333
777 782 0.066667
777 783 -0.600000
777 784 -0.200000
777 873 0.333333
778 781 -0.600000
778 782 -0.333333
778 783 0.333333
778 784 0.866667
778 874 -0.866667
779 781 -0.733333
779 782 -3.000000
779 783 -0.866667
779 784 0.333333
779 875 -1.000000
780 781 0.066667
780 782 0.200000
780 783 0.066667
780 784 -0.600000
780 876 0.333333
781 789 0.333333
782 790 -0.466667
783 791 -1.000000
784 792 0.866667
785 789 -0.600000
785 790 0.733333
785 791 -0.866667
785 792 -1.000000
785 881 0.066667
786 789 -0.333333
786 790 2.333333
786 791 0.333333
786 792 3.000000
786 882 -0.733333
787 789 -0.600000
787 790 -0.600000
787 791 0.333333
787 792 4.333333
787 883 0.333333
788 789 0.466667
788 790 -0.200000
788 791 0.600000
788 792 3.000000
788 884 -0.066667
789 797 -0.733333
790 798 0.866667
791 799 1.000000
792 800 -0.600000
793 797 0.733333
793 798 0.066667
793 799 -0.466667
793 800 -5.000000
793 889 -0.333333
794 797 -0.333333
794 798 1.000000
794 799 0.866667
794 800 -1.000000
794 890 0.866667
795 797 0.866667
795 798 -0.200000
795 799 0.600000
795 800 0.066667
795 891 -0.733333
796 797 0.866667
796 798 -0.600000
796 799 0.200000
796 800 -1.000000
796 892 0.600000
797 805 0.866667
798 806 -0.600000
799 807 0.066667
800 808 0.866667
801 805 0.466667
801 806 -0.066667
801 807 -1.000000
801 808 -0.200000
801 897 2.333333
802 805 -0.733333
802 806 0.866667
802 807 0.866667
802 808 -1.000000
802 898 -0.333333
803 805 0.333333
803 806 -0.866667
803 807 0.866667
803 808 -0.200000
803 899 0.733333
804 805 0.200000
804 806 0.466667
804 807 0.733333
804 808 -0.600000
804 900 -0.866667
805 813 -0.600000
806 814 -1.000000
807 815 -0.466667
808 816 -0.733333
809 813 0.200000
809 814 -0.333333
809 815 -1.000000
809 816 0.466667
809 905 -0.200000
810 813 -1.000000
810 814 1.000000
810 815 0.200000
810 816 1.000000
810 906 0.200000
811 813 -0.733333
811 814 0.733333
811 815 0.466667
811 816 0.600000
811 907 -3.000000
812 813 0.466667
812 814 0.466667
812 815 1.000000
812 816 -0.600000
812 908 -0.200000
813 821 0.600000
814 822 -0.333333
815 823 -0.066667
816 824 -0.600000
817 821 -0.466667
817 822 -0.066667
817 823 1.000000
817 824 1.666667
817 913 4.333333
818 821 -1.000000
818 822 0.200000
818 823 0.066667
818 824 0.733333
818 914 2.333333
819 821 -0.200000
819 822 -0.066667
819 823 -0.600000
819 824 0.600000
819 915 -0.066667
820 821 0.466667
820 822 -0.333333
820 823 -0.600000
820 824 0.600000
820 916 0.333333
821 829 -0.866667
822 830 -0.733333
823 831 -0.466667
824 832 0.066667
825 829 0.200000
825 830 -1.000000
825 831 0.466667
825 832 0.066667
825 921 0.333333
826 829 1.000000
826 830 -0.466667
826 831 -0.333333
826 832 -0.866667
826 922 -1.000000
827 829 0.066667
827 830 0.866667
827 831 1.666667
827 832 -0.200000
827 923 -1.666667
828 829 0.200000
828 830 0.333333
828 831 4.333333
828 832 0.600000
828 924 1.000000
829 837 1.000000
830 838 1.000000
831 839 1.666667
832 840 -0.200000
833 837 0.200000
833 838 -0.200000
833 839 3.666667
833 840 -2.333333
833 929 0.333333
834 837 0.333333
834 838 0.466667
834 839 -0.866667
834 840 -0.866667
834 930 0.333333
835 837 1.000000
835 838 1.000000
835 839 -0.866667
835 840 0.733333
835 931 0.066667
836 837 0.066667
836 838 -0.200000
836 839 0.200000
836 840 -0.866667
836 932 -0.333333
837 845 0.200000
838 846 -0.733333
839 847 -0.466667
840 848 -0.600000
841 845 1.000000
841 846 -0.733333
841 847 -0.200000
841 848 0.866667
841 937 -0.733333
842 845 0.333333
842 846 -0.866667
842 847 -0.466667
842 848 0.866667
842 938 -1.000000
843 845 -0.733333
843 846 -1.000000
843 847 1.666667
843 848 -0.200000
843 939 -0.733333
844 845 0.866667
844 846 0.600000
844 847 0.333333
844 848 -0.333333
844 940 0.866667
845 853 -0.333333
846 854 -0.466667
847 855 -0.733333
848 856 -0.200000
849 853 -0.600000
849 854 0.333333
849 855 0.600000
849 856 -0.200000
849 945 0.066667
850 853 -0.333333
850 854 1.000000
850 855 -3.666667
850 856 -0.200000
850 946 -3.000000
851 853 1.000000
851 854 1.000000
851 855 -1.000000
851 856 -0.866667
851 947 0.733333
852 853 -1.000000
852 854 -0.066667
852 855 1.000000
852 856 0.600000
852 948 0.333333
853 861 -0.866667
854 862 -0.200000
855 863 -0.066667
856 864 0.600000
857 861 0.466667
857 862 -0.066667
857 863 -0.333333
857 864 -0.866667
857 953 -0.066667
858 861 1.000000
858 862 0.066667
858 863 -0.200000
858 864 1.000000
858 954 -0.466667
859 861 -0.733333
859 862 -0.866667
859 863 -0.600000
859 864 0.733333
859 955 -0.333333
860 861 0.200000
860 862 -0.333333
860 863 -0.866667
860 864 -0.066667
860 956 0.200000
865 869 2.333333
865 870 5.000000
865 871 -5.000000
865 872 3.666667
865 961 -0.600000
866 869 -0.200000
866 870 1.000000
866 871 -0.600000
866 872 0.200000
866 962 -0.733333
867 869 -0.466667
867 870 -0.333333
867 871 0.200000
867 872 -0.333333
867 963 -0.066667
868 869 -4.333333
868 870 -1.000000
868 871 -0.200000
868 872 1.000000
868 964 -1.000000
869 877 -0.066667
870 878 0.600000
871 879 0.333333
872 880 -1.000000
873 877 -0.066667
873 878 -0.200000
873 879 -0.733333
873 880 1.000000
873 969 0.466667
874 877 0.333333
874 878 0.466667
874 879 0.733333
874 880 0.733333
874 970 -0.466667
875 877 -0.866667
875 878 -0.733333
875 879 -0.200000
875 880 0.333333
875 971 0.600000
876 877 1.000000
876 878 0.066667
876 879 -0.200000
876 880 -0.200000
876 972 -0.066667
877 885 0.866667
878 886 2.333333
879 887 -0.333333
880 888 1.666667
881 885 0.733333
881 886 0.333333
881 887 -0.866667
881 888 -5.000000
881 977 -0.066667
882 885 0.333333
882 886 0.333333
882 887 0.866667
882 888 -0.600000
882 978 0.066667
883 885 0.600000
883 886 2.333333
883 887 0.733333
883 888 0.600000
883 979 0.600000
884 885 0.066667
884 886 -0.866667
884 887 0.866667
884 888 -0.333333
884 980 0.200000
885 893 -0.066667
886 894 0.066667
887 895 0.600000
888 896 -3.000000
889 893 -0.333333
889 894 -0.200000
889 895 0.600000
889 896 0.200000
889 985 0.333333
890 893 -1.000000
890 894 -0.733333
890 895 -0.733333
890 896 1.000000
890 986 -0.333333
891 893 0.333333
891 894 -0.600000
891 895 0.866667
891 896 0.333333
891 987 0.466667
892 893 0.466667
892 894 0.066667
892 895 0.066667
892 896 -0.200000
892 988 1.000000
893 901 0.333333
894 902 0.600000
895 903 -0.733333
896 904 0.466667
897 901 0.333333
897 902 -5.000000
897 903 -1.000000
897 904 -1.000000
897 993 0.466667
898 901 -0.066667
898 902 2.333333
898 903 -0.733333
898 904 -0.600000
898 994 0.600000
899 901 0.466667
899 902 0.866667
899 903 0.866667
899 904 -0.866667
899 995 2.333333
900 901 0.200000
900 902 0.866667
900 903 0.466667
900 904 0.866667
900 996 -0.466667
901 909 0.866667
902 910 0.733333
903 911 0.066667
904 912 -0.200000
905 909 0.466667
905 910 0.866667
905 911 0.733333
905 912 0.200000
905 1001 0.866667
906 909 -0.866667
906 910 0.066667
906 911 0.333333
906 912 0.866667
906 1002 0.600000
907 909 0.600000
907 910 -0.733333
907 911 0.066667
907 912 -0.200000
907 1003 -1.000000
908 909 -0.200000
908 910 -0.200000
908 911 0.200000
908 912 0.600000
908 1004 0.600000
909 917 -0.066667
910 918 0.600000
911 919 -0.466667
912 920 0.866667
913 917 -3.000000
913 918 5.000000
913 919 -3.000000
913 920 0.200000
913 1009 4.333333
914 917 3.666667
914 918 -0.066667
914 919 -3.000000
914 920 -0.200000
914 1010 0.066667
915 917 0.866667
915 918 -0.200000
915 919 0.200000
915 920 1.000000
915 1011 0.733333
916 917 0.466667
916 918 0.200000
916 919 0.200000
916 920 -0.066667
916 1012 0.733333
917 925 -4.333333
918 926 0.600000
919 927 -5.000000
920 928 2.333333
921 925 0.200000
921 926 3.666667
921 927 0.466667
921 928 -1.000000
921 1017 0.333333
922 925 4.333333
922 926 0.466667
922 927 1.000000
922 928 4.333333
922 1018 -2.333333
923 925 -1.000000
923 926 -0.066667
923 927 0.333333
923 928 -0.066667
923 1019 2.333333
924 925 0.733333
924 926 1.000000
924 927 -0.333333
924 928 0.333333
924 1020 -0.600000
925 933 2.333333
926 934 1.000000
927 935 -0.866667
928 936 -0.200000
929 933 -0.733333
929 934 2.333333
929 935 -0.600000
929 936 0.333333
929 1025 0.333333
930 933 -0.333333
930 934 -0.600000
930 935 0.200000
930 936 0.200000
930 1026 -5.000000
931 933 -0.333333
931 934 -1.666667
931 935 -1.000000
931 936 0.600000
931 1027 -0.200000
932 933 0.200000
932 934 -0.333333
932 935 -0.200000
932 936 0.333333
932 1028 -0.466667
933 941 0.066667
934 942 0.600000
935 943 1.000000
936 944 1.000000
937 941 -0.200000
937 942 -0.466667
937 943 0.600000
937 944 -0.733333
937 1033 -0.200000
938 941 -0.866667
938 942 -0.333333
938 943 0.733333
938 944 -0.333333
938 1034 -0.733333
939 941 0.200000
939 942 0.866667
939 943 -1.000000
939 944 0.200000
939 1035 -0.600000
940 941 -0.733333
940 942 0.200000
940 943 0.333333
940 944 -0.600000
940 1036 0.333333
941 949 -0.200000
942 950 -1.000000
943 951 -0.066667
944 952 0.333333
945 949 0.333333
945 950 0.200000
945 951 -1.000000
945 952 -0.200000
945 1041 0.200000
946 949 -1.000000
946 950 1.000000
946 951 3.000000
946 952 -3.000000
946 1042 4.333333
947 949 0.200000
947 950 1.000000
947 951 0.200000
947 952 0.600000
947 1043 0.733333
948 949 0.333333
948 950 -0.866667
948 951 0.600000
948 952 0.466667
948 1044 -1.000000
949 957 -0.733333
950 958 -0.733333
951 959 -3.000000
952 960 0.066667
953 957 -0.333333
953 958 0.733333
953 959 -0.200000
953 960 -0.733333
953 1049 0.600000
954 957 3.000000
954 958 -0.333333
954 959 1.666667
954 960 -1.666667
954 1050 3.000000
955 957 3.666667
955 958 -0.733333
955 959 -1.000000
955 960 -0.866667
955 1051 3.666667
956 957 0.333333
956 958 0.733333
956 959 0.066667
956 960 0.600000
956 1052 -0.866667
961 965 -0.866667
961 966 0.733333
961 967 -1.000000
961 968 -0.200000
961 1057 0.866667
962 965 0.066667
962 966 0.600000
962 967 0.466667
962 968 0.866667
962 1058 0.866667
963 965 -0.733333
963 966 0.200000
963 967 -0.466667
963 968 -0.466667
963 1059 -0.600000
964 965 -1.000000
964 966 0.066667
964 967 0.466667
964 968 -0.600000
964 1060 0.466667
965 973 0.866667
966 974 0.066667
967 975 0.066667
968 976 0.066667
969 973 0.600000
969 974 -0.333333
969 975 0.600000
969 976 0.066667
969 1065 0.200000
970 973 1.000000
970 974 1.000000
970 975 -0.600000
970 976 0.866667
970 1066 0.066667
971 973 0.600000
971 974 -0.866667
971 975 0.200000
971 976 0.200000
971 1067 0.200000
972 973 0.866667
972 974 -0.600000
972 975 -0.333333
972 976 0.600000
972 1068 -0.866667
973 981 -0.733333
974 982 -1.666667
975 983 0.866667
976 984 -4.333333
977 981 1.666667
977 982 -1.000000
977 983 2.333333
977 984 -0.200000
977 1073 -0.733333
978 981 -0.466667
978 982 4.333333
978 983 -0.200000
978 984 -0.066667
978 1074 -0.333333
979 981 0.600000
979 982 -1.666667
979 983 0.066667
979 984 0.733333
979 1075 -0.733333
980 981 0.733333
980 982 -0.066667
980 983 0.066667
980 984 0.066667
980 1076 0.333333
981 989 -0.200000
982 990 0.866667
983 991 -1.666667
984 992 0.200000
985 989 -0.066667
985 990 -0.466667
985 991 0.866667
985 992 -1.000000
985 1081 0.066667
986 989 -0.733333
986 990 -0.866667
986 991 -0.466667
986 992 -0.066667
986 1082 -0.066667
987 989 -0.866667
987 990 -0.333333
987 991 -0.200000
987 992 -0.466667
987 1083 -0.866667
988 989 -0.600000
988 990 0.733333
988 991 -1.000000
988 992 1.000000
988 1084 -0.066667
989 997 0.333333
990 998 0.066667
991 999 -0.333333
992 1000 0.333333
993 997 -0.066667
993 998 1.000000
993 999 -0.333333
993 1000 -0.866667
993 1089 0.733333
994 997 0.466667
994 998 -0.866667
994 999 0.466667
994 1000 1.000000
994 1090 0.333333
995 997 -0.066667
995 998 -0.333333
995 999 0.066667
995 1000 1.000000
995 1091 -0.200000
996 997 -0.200000
996 998 -0.200000
996 999 0.066667
996 1000 -0.733333
996 1092 -0.466667
997 1005 -0.200000
998 1006 -0.200000
999 1007 -0.333333
1000 1008 0.066667
1001 1005 0.066667
1001 1006 0.333333
1001 1007 0.200000
1001 1008 0.466667
1001 1097 -0.600000
1002 1005 0.733333
1002 1006 -0.600000
1002 1007 0.066667
1002 1008 0.200000
1002 1098 -1.000000
1003 1005 0.066667
1003 1006 -1.000000
1003 1007 -0.600000
1003 1008 -0.600000
1003 1099 -0.333333
1004 1005 -0.733333
1004 1006 0.866667
1004 1007 -0.600000
1004 1008 -0.600000
1004 1100 -0.733333
1005 1013 1.000000
1006 1014 -0.600000
1007 1015 -0.333333
1008 1016 -0.200000
1009 1013 -3.000000
1009 1014 -0.333333
1009 1015 1.000000
1009 1016 -1.000000
1009 1105 0.333333
1010 1013 0.866667
1010 1014 0.600000
1010 1015 -0.733333
1010 1016 1.000000
1010 1106 0.333333
1011 1013 0.866667
1011 1014 0.733333
1011 1015 0.733333
1011 1016 -0.466667
1011 1107 0.733333
1012 1013 0.600000
1012 1014 0.600000
1012 1015 0.733333
1012 1016 0.866667
1012 1108 0.066667
1013 1021 -0.066667
1014 1022 -0.866667
1015 1023 -0.333333
1016 1024 0.066667
1017 1021 -0.200000
1017 1022 -1.000000
1017 1023 -0.466667
1017 1024 0.866667
1017 1113 0.733333
1018 1021 0.333333
1018 1022 3.666667
1018 1023 0.066667
1018 1024 -4.333333
1018 1114 -0.733333
1019 1021 0.466667
1019 1022 0.333333
1019 1023 1.000000
1019 1024 0.200000
1019 1115 -0.333333
1020 1021 0.733333
1020 1022 0.466667
1020 1023 1.000000
1020 1024 0.066667
1020 1116 -0.866667
1021 1029 -0.333333
1022 1030 0.333333
1023 1031 -0.600000
1024 1032 0.200000
1025 1029 -0.466667
1025 1030 -0.200000
1025 1031 -0.200000
1025 1032 -0.466667
1025 1121 -0.200000
1026 1029 -0.066667
1026 1030 -0.066667
1026 1031 0.466667
1026 1032 0.066667
1026 1122 1.000000
1027 1029 -0.866667
1027 1030 0.066667
1027 1031 -0.333333
1027 1032 -0.200000
1027 1123 -0.333333
1028 1029 4.333333
1028 1030 -1.000000
1028 1031 -0.466667
1028 1032 -0.333333
1028 1124 -0.600000
1029 1037 -0.733333
1030 1038 -1.000000
1031 1039 -0.200000
1032 1040 0.600000
1033 1037 -0.333333
1033 1038 3.000000
1033 1039 1.000000
1033 1040 0.200000
1033 1129 -0.600000
1034 1037 -0.733333
1034 1038 0.466667
1034 1039 0.466667
1034 1040 -0.466667
1034 1130 -0.066667
1035 1037 0.066667
1035 1038 0.200000
1035 1039 -1.000000
1035 1040 -0.066667
1035 1131 -0.466667
1036 1037 -0.866667
1036 1038 0.466667
1036 1039 0.866667
1036 1040 0.600000
1036 1132 0.866667
1037 1045 -0.200000
1038 1046 -3.666667
1039 1047 -0.733333
1040 1048 -0.733333
1041 1045 0.466667
1041 1046 -0.600000
1041 1047 -0.200000
1041 1048 -0.066667
1041 1137 0.200000
1042 1045 -0.466667
1042 1046 0.600000
1042 1047 0.200000
1042 1048 -0.333333
1042 1138 -2.333333
1043 1045 -1.000000
1043 1046 -0.200000
1043 1047 -0.466667
1043 1048 -0.866667
1043 1139 -0.600000
1044 1045 -0.333333
1044 1046 -0.200000
1044 1047 -0.866667
1044 1048 0.466667
1044 1140 -0.866667
1045 1053 0.466667
1046 1054 -0.733333
1047 1055 -0.333333
1048 1056 -0.066667
1049 1053 -5.000000
1049 1054 -1.000000
1049 1055 1.000000
1049 1056 -1.000000
1049 1145 1.000000
1050 1053 -1.000000
1050 1054 5.000000
1050 1055 0.066667
1050 1056 0.200000
1050 1146 0.333333
1051 1053 5.000000
1051 1054 -0.466667
1051 1055 0.333333
1051 1056 -0.333333
1051 1147 0.333333
1052 1053 -0.066667
1052 1054 0.733333
1052 1055 0.733333
1052 1056 -0.866667
1052 1148 -0.733333
1057 1061 0.600000
1057 1062 -0.733333
1057 1063 1.000000
1057 1064 -0.066667
1058 1061 -0.600000
1058 1062 -0.866667
1058 1063 0.866667
1058 1064 0.333333
1059 1061 1.000000
1059 1062 0.066667
1059 1063 -0.866667
1059 1064 -0.066667
1060 1061 -0.466667
1060 1062 0.200000
1060 1063 0.866667
1060 1064 0.333333
1061 1069 0.333333
1062 1070 0.466667
1063 1071 -0.466667
1064 1072 -0.066667
1065 1069 0.600000
1065 1070 -0.333333
1065 1071 0.333333
1065 1072 -0.200000
1066 1069 0.200000
1066 1070 0.733333
1066 1071 0.866667
1066 1072 -4.333333
1067 1069 0.200000
1067 1070 0.733333
1067 1071 -0.866667
1067 1072 -0.733333
1068 1069 0.866667
1068 1070 -0.066667
1068 1071 -0.066667
1068 1072 -0.333333
1069 1077 -0.733333
1070 1078 0.600000
1071 1079 0.200000
1072 1080 0.066667
1073 1077 -0.066667
1073 1078 -0.466667
1073 1079 0.866667
1073 1080 -0.866667
1074 1077 0.066667
1074 1078 0.733333
1074 1079 0.600000
1074 1080 0.466667
1075 1077 -0.600000
1075 1078 -1.000000
1075 1079 -0.600000
1075 1080 -0.066667
1076 1077 0.333333
1076 1078 -1.000000
1076 1079 -0.066667
1076 1080 -0.600000
1077 1085 0.066667
1078 1086 0.333333
1079 1087 0.600000
1080 1088 -0.733333
1081 1085 -0.733333
1081 1086 0.466667
1081 1087 -0.466667
1081 1088 -1.000000
1082 1085 -0.333333
1082 1086 -0.466667
1082 1087 -0.866667
1082 1088 -0.200000
1083 1085 0.866667
1083 1086 1.000000
1083 1087 0.600000
1083 1088 3.000000
1084 1085 0.200000
1084 1086 -0.333333
1084 1087 -0.333333
1084 1088 1.000000
1085 1093 0.466667
1086 1094 0.866667
1087 1095 0.333333
1088 1096 -1.000000
1089 1093 0.466667
1089 1094 0.066667
1089 1095 -0.466667
1089 1096 0.200000
1090 1093 -2.333333
1090 1094 1.000000
1090 1095 -0.733333
1090 1096 -1.000000
1091 1093 -0.066667
1091 1094 0.066667
1091 1095 -0.600000
1091 1096 -0.066667
1092 1093 0.466667
1092 1094 -0.733333
1092 1095 0.733333
1092 1096 -0.866667
1093 1101 1.000000
1094 1102 0.200000
1095 1103 0.866667
1096 1104 0.466667
1097 1101 0.866667
1097 1102 -0.200000
1097 1103 -0.733333
1097 1104 0.733333
1098 1101 0.733333
1098 1102 -0.333333
1098 1103 -0.600000
1098 1104 -0.466667
1099 1101 0.066667
1099 1102 -0.200000
1099 1103 -1.000000
1099 1104 0.733333
1100 1101 0.066667
1100 1102 0.866667
1100 1103 1.000000
1100 1104 -0.200000
1101 1109 -0.600000
1102 1110 -0.466667
1103 1111 0.466667
1104 1112 -0.200000
1105 1109 -0.200000
1105 1110 1.000000
1105 1111 0.733333
1105 1112 0.333333
1106 1109 5.000000
1106 1110 -5.000000
1106 1111 0.066667
1106 1112 2.333333
1107 1109 0.733333
1107 1110 2.333333
1107 1111 0.333333
1107 1112 -0.333333
1108 1109 0.200000
1108 1110 -3.666667
1108 1111 -0.733333
1108 1112 0.333333
1109 1117 0.466667
1110 1118 -1.666667
1111 1119 0.200000
1112 1120 -0.733333
1113 1117 0.200000
1113 1118 -0.466667
1113 1119 0.466667
1113 1120 -0.333333
1114 1117 0.200000
1114 1118 0.333333
1114 1119 -0.466667
1114 1120 1.000000
1115 1117 -0.466667
1115 1118 -0.333333
1115 1119 0.866667
1115 1120 -1.666667
1116 1117 0.600000
1116 1118 0.333333
1116 1119 -0.466667
1116 1120 -0.866667
1117 1125 0.200000
1118 1126 -3.000000
1119 1127 -0.200000
1120 1128 -0.200000
1121 1125 -0.333333
1121 1126 0.600000
1121 1127 -0.733333
1121 1128 -0.066667
1122 1125 0.466667
1122 1126 -3.666667
1122 1127 -0.466667
1122 1128 0.066667
1123 1125 0.733333
1123 1126 0.466667
1123 1127 1.000000
1123 1128 0.600000
1124 1125 -0.466667
1124 1126 0.733333
1124 1127 -0.600000
1124 1128 -0.866667
1125 1133 0.200000
1126 1134 -5.000000
1127 1135 3.000000
1128 1136 -0.466667
1129 1133 1.000000
1129 1134 -0.866667
1129 1135 -0.333333
1129 1136 -0.733333
1130 1133 2.333333
1130 1134 -0.733333
1130 1135 -1.000000
1130 1136 1.000000
1131 1133 -0.733333
1131 1134 -0.200000
1131 1135 -4.333333
1131 1136 1.000000
1132 1133 -0.333333
1132 1134 -0.600000
1132 1135 0.466667
1132 1136 0.200000
1133 1141 0.200000
1134 1142 3.666667
1135 1143 3.666667
1136 1144 -0.733333
1137 1141 -1.000000
1137 1142 0.866667
1137 1143 0.333333
1137 1144 -0.466667
1138 1141 0.733333
1138 1142 2.333333
1138 1143 -1.000000
1138 1144 1.000000
1139 1141 -0.333333
1139 1142 0.333333
1139 1143 1.000000
1139 1144 -0.866667
1140 1141 -3.666667
1140 1142 2.333333
1140 1143 0.200000
1140 1144 -0.466667
1141 1149 -1.000000
1142 1150 -0.333333
1143 1151 -0.200000
1144 1152 -0.333333
1145 1149 0.733333
1145 1150 0.066667
1145 1151 0.466667
1145 1152 0.466667
1146 1149 1.000000
1146 1150 -0.200000
1146 1151 -0.866667
1146 1152 -0.200000
1147 1149 -1.000000
1147 1150 -0.733333
1147 1151 -0.600000
1147 1152 0.200000
1148 1149 -1.000000
1148 1150 -0.733333
1148 1151 -4.333333
1148 1152 0.200000