#
1 5 -1
1 6 2
1 7 -1
1 8 1
2 5 -1
2 6 2
2 7 4
2 8 1
3 5 1
3 6 -4
3 7 -1
3 8 -2
4 5 2
4 6 1
4 7 4
4 8 4
9 13 4
9 14 4
9 15 1
9 16 -2
10 13 1
10 14 1
10 15 -4
10 16 -4
11 13 -2
11 14 1
11 15 2
11 16 -4
12 13 1
12 14 -1
12 15 -2
12 16 -2
17 21 2
17 22 4
17 23 -4
17 24 -2
18 21 -4
18 22 -2
18 23 -4
18 24 -4
19 21 -1
19 22 2
19 23 -4
19 24 -2
20 21 1
20 22 -1
20 23 4
20 24 -2
25 29 2
25 30 1
25 31 -4
25 32 2
26 29 1
26 30 -4
26 31 1
26 32 -2
27 29 4
27 30 2
27 31 -2
27 32 -2
28 29 -1
28 30 2
28 31 -1
28 32 1
33 37 -1
33 38 4
33 39 4
33 40 -2
34 37 4
34 38 -2
34 39 -1
34 40 4
35 37 -4
35 38 1
35 39 2
35 40 -2
36 37 -1
36 38 -2
36 39 2
36 40 2
41 45 1
41 46 2
41 47 -1
41 48 -2
42 45 -4
42 46 -2
42 47 1
42 48 -1
43 45 -2
43 46 -2
43 47 -2
43 48 -4
44 45 1
44 46 -1
44 47 2
44 48 4
49 53 1
49 54 -1
49 55 -2
49 56 -4
50 53 -1
50 54 -4
50 55 2
50 56 -1
51 53 -2
51 54 4
51 55 4
51 56 4
52 53 -1
52 54 2
52 55 -1
52 56 -4
57 61 -1
57 62 -4
57 63 4
57 64 4
58 61 1
58 62 -1
58 63 2
58 64 4
59 61 4
59 62 -2
59 63 2
59 64 -4
60 61 -2
60 62 4
60 63 1
60 64 -1
65 69 -1
65 70 -4
65 71 4
65 72 -1
66 69 -2
66 70 1
66 71 -2
66 72 -2
67 69 -1
67 70 4
67 71 1
67 72 2
68 69 2
68 70 2
68 71 -1
68 72 4
73 77 -2
73 78 -1
73 79 -2
73 80 -4
74 77 2
74 78 2
74 79 1
74 80 4
75 77 2
75 78 -4
75 79 -1
75 80 -1
76 77 -2
76 78 2
76 79 2
76 80 2
81 85 4
81 86 1
81 87 1
81 88 -2
82 85 -2
82 86 -1
82 87 2
82 88 -4
83 85 4
83 86 -2
83 87 -2
83 88 -4
84 85 2
84 86 -1
84 87 -1
84 88 -4
89 93 2
89 94 -4
89 95 -1
89 96 1
90 93 -4
90 94 -2
90 95 -4
90 96 1
91 93 2
91 94 -1
91 95 -1
91 96 1
92 93 -4
92 94 4
92 95 2
92 96 -2
97 101 4
97 102 -1
97 103 -2
97 104 2
98 101 -4
98 102 -4
98 103 4
98 104 -4
99 101 -4
99 102 -4
99 103 2
99 104 -2
100 101 1
100 102 -1
100 103 4
100 104 2
105 109 4
105 110 -2
105 111 -1
105 112 -2
106 109 4
106 110 1
106 111 4
106 112 4
107 109 -2
107 110 -2
107 111 -2
107 112 1
108 109 -1
108 110 -2
108 111 1
108 112 -1
113 117 1
113 118 1
113 119 -1
113 120 -2
114 117 -1
114 118 -2
114 119 4
114 120 1
115 117 2
115 118 -2
115 119 -1
115 120 4
116 117 4
116 118 -2
116 119 -2
116 120 2
121 125 2
121 126 2
121 127 4
121 128 -4
122 125 -1
122 126 -4
122 127 -4
122 128 -4
123 125 -1
123 126 -2
123 127 -1
123 128 4
124 125 -4
124 126 1
124 127 -4
124 128 -1
129 133 1
129 134 1
129 135 -4
129 136 -2
130 133 2
130 134 -4
130 135 2
130 136 -4
131 133 -2
131 134 -2
131 135 -2
131 136 1
132 133 -1
132 134 2
132 135 -2
132 136 4
137 141 -1
137 142 -2
137 143 -1
137 144 -1
138 141 2
138 142 4
138 143 1
138 144 4
139 141 2
139 142 -2
139 143 -1
139 144 4
140 141 -4
140 142 4
140 143 -1
140 144 -1
145 149 -4
145 150 4
145 151 1
145 152 1
146 149 1
146 150 -1
146 151 -4
146 152 -1
147 149 2
147 150 -1
147 151 1
147 152 -2
148 149 1
148 150 -1
148 151 -4
148 152 -4
153 157 -2
153 158 -4
153 159 2
153 160 2
154 157 -2
154 158 -1
154 159 -4
154 160 1
155 157 1
155 158 -1
155 159 2
155 160 -4
156 157 -4
156 158 -1
156 159 4
156 160 4
161 165 2
161 166 -2
161 167 -1
161 168 2
162 165 1
162 166 2
162 167 2
162 168 4
163 165 -2
163 166 -1
163 167 2
163 168 -1
164 165 2
164 166 1
164 167 -1
164 168 -2
169 173 4
169 174 -1
169 175 -4
169 176 4
170 173 1
170 174 -2
170 175 -4
170 176 1
171 173 -2
171 174 4
171 175 1
171 176 2
172 173 -1
172 174 1
172 175 1
172 176 -2
177 181 4
177 182 4
177 183 -1
177 184 -1
178 181 4
178 182 4
178 183 -2
178 184 -1
179 181 -1
179 182 2
179 183 -4
179 184 -2
180 181 2
180 182 1
180 183 4
180 184 -1
185 189 4
185 190 2
185 191 2
185 192 -4
186 189 -4
186 190 4
186 191 -1
186 192 1
187 189 -1
187 190 1
187 191 4
187 192 -2
188 189 1
188 190 -2
188 191 -1
188 192 -1
193 197 -2
193 198 -4
193 199 -4
193 200 1
194 197 -4
194 198 -1
194 199 -1
194 200 1
195 197 4
195 198 4
195 199 4
195 200 4
196 197 -2
196 198 4
196 199 -4
196 200 1
201 205 1
201 206 -1
201 207 -1
201 208 -1
202 205 -4
202 206 -2
202 207 -4
202 208 -4
203 205 4
203 206 1
203 207 -1
203 208 2
204 205 2
204 206 2
204 207 -1
204 208 4
209 213 2
209 214 -4
209 215 4
209 216 2
210 213 -4
210 214 1
210 215 2
210 216 2
211 213 1
211 214 1
211 215 1
211 216 2
212 213 -4
212 214 2
212 215 2
212 216 4
217 221 -2
217 222 -4
217 223 -4
217 224 -4
218 221 -1
218 222 -4
218 223 2
218 224 1
219 221 -4
219 222 -4
219 223 2
219 224 -2
220 221 4
220 222 -4
220 223 -4
220 224 4
225 229 -4
225 230 1
225 231 -1
225 232 -1
226 229 -1
226 230 -2
226 231 -1
226 232 4
227 229 -4
227 230 2
227 231 4
227 232 2
228 229 -1
228 230 4
228 231 -1
228 232 4
233 237 -1
233 238 -1
233 239 -4
233 240 4
234 237 -1
234 238 2
234 239 1
234 240 4
235 237 -4
235 238 -1
235 239 2
235 240 1
236 237 -1
236 238 1
236 239 2
236 240 -1
241 245 -4
241 246 -1
241 247 4
241 248 -4
242 245 -4
242 246 4
242 247 -1
242 248 -2
243 245 1
243 246 -4
243 247 1
243 248 -1
244 245 4
244 246 4
244 247 -1
244 248 1
249 253 -2
249 254 1
249 255 4
249 256 2
250 253 2
250 254 2
250 255 -4
250 256 -2
251 253 -1
251 254 2
251 255 1
251 256 4
252 253 4
252 254 -4
252 255 -2
252 256 -1
257 261 -1
257 262 -1
257 263 -4
257 264 -2
258 261 -4
258 262 -4
258 263 1
258 264 2
259 261 -4
259 262 2
259 263 -4
259 264 -2
260 261 -1
260 262 -4
260 263 1
260 264 4
265 269 1
265 270 -1
265 271 4
265 272 -2
266 269 -1
266 270 -1
266 271 -4
266 272 -2
267 269 -2
267 270 2
267 271 2
267 272 -1
268 269 -1
268 270 -4
268 271 1
268 272 1
273 277 -4
273 278 -1
273 279 -2
273 280 -4
274 277 -4
274 278 4
274 279 -1
274 280 2
275 277 1
275 278 -2
275 279 1
275 280 -1
276 277 1
276 278 4
276 279 -1
276 280 4
281 285 4
281 286 4
281 287 1
281 288 -2
282 285 4
282 286 2
282 287 -1
282 288 4
283 285 -2
283 286 4
283 287 -2
283 288 -4
284 285 -1
284 286 2
284 287 -1
284 288 1
289 293 -4
289 294 -2
289 295 1
289 296 2
290 293 -2
290 294 -4
290 295 -2
290 296 2
291 293 2
291 294 -4
291 295 -1
291 296 2
292 293 -4
292 294 -4
292 295 -1
292 296 2
297 301 -2
297 302 -1
297 303 2
297 304 1
298 301 -4
298 302 -4
298 303 1
298 304 4
299 301 -2
299 302 -4
299 303 2
299 304 4
300 301 -4
300 302 -2
300 303 -4
300 304 4
305 309 2
305 310 -1
305 311 -1
305 312 1
306 309 1
306 310 -2
306 311 -2
306 312 -4
307 309 2
307 310 -2
307 311 -2
307 312 1
308 309 -1
308 310 4
308 311 2
308 312 -2
313 317 4
313 318 -2
313 319 1
313 320 1
314 317 -4
314 318 2
314 319 -4
314 320 -4
315 317 -4
315 318 4
315 319 1
315 320 2
316 317 2
316 318 -2
316 319 -4
316 320 -2
321 325 2
321 326 -1
321 327 -2
321 328 -4
322 325 -2
322 326 -1
322 327 2
322 328 -4
323 325 -2
323 326 1
323 327 4
323 328 4
324 325 -4
324 326 -1
324 327 4
324 328 1
329 333 2
329 334 -1
329 335 1
329 336 -2
330 333 -1
330 334 1
330 335 4
330 336 4
331 333 1
331 334 4
331 335 -4
331 336 2
332 333 1
332 334 -1
332 335 -2
332 336 -1
337 341 -4
337 342 4
337 343 4
337 344 -2
338 341 -1
338 342 2
338 343 -4
338 344 2
339 341 1
339 342 -4
339 343 4
339 344 2
340 341 -1
340 342 4
340 343 2
340 344 1
345 349 2
345 350 4
345 351 -4
345 352 4
346 349 -2
346 350 -1
346 351 -2
346 352 4
347 349 -2
347 350 -4
347 351 2
347 352 -2
348 349 2
348 350 -2
348 351 -4
348 352 -1
353 357 -1
353 358 -2
353 359 -2
353 360 1
354 357 1
354 358 2
354 359 -4
354 360 1
355 357 -4
355 358 -2
355 359 1
355 360 -4
356 357 -2
356 358 -2
356 359 -1
356 360 1
361 365 -4
361 366 2
361 367 -2
361 368 2
362 365 2
362 366 -4
362 367 1
362 368 2
363 365 -1
363 366 4
363 367 -4
363 368 -1
364 365 4
364 366 4
364 367 -2
364 368 2
369 373 -2
369 374 1
369 375 4
369 376 -4
370 373 4
370 374 -2
370 375 2
370 376 4
371 373 -2
371 374 2
371 375 4
371 376 4
372 373 4
372 374 -1
372 375 1
372 376 4
377 381 1
377 382 2
377 383 -2
377 384 4
378 381 4
378 382 -1
378 383 1
378 384 1
379 381 1
379 382 4
379 383 -2
379 384 2
380 381 -2
380 382 1
380 383 1
380 384 -1
385 389 -4
385 390 -2
385 391 -1
385 392 -4
386 389 -4
386 390 -1
386 391 -2
386 392 -2
387 389 -1
387 390 2
387 391 4
387 392 2
388 389 1
388 390 2
388 391 4
388 392 2
393 397 -4
393 398 -2
393 399 4
393 400 -4
394 397 -2
394 398 -2
394 399 -2
394 400 2
395 397 4
395 398 -2
395 399 -4
395 400 -2
396 397 2
396 398 -2
396 399 1
396 400 4
401 405 1
401 406 -4
401 407 1
401 408 4
402 405 4
402 406 -2
402 407 1
402 408 4
403 405 -2
403 406 -2
403 407 1
403 408 2
404 405 4
404 406 -1
404 407 -2
404 408 1
409 413 4
409 414 -1
409 415 -4
409 416 2
410 413 -2
410 414 -1
410 415 -4
410 416 -4
411 413 2
411 414 -1
411 415 -4
411 416 4
412 413 2
412 414 4
412 415 -1
412 416 -4
417 421 4
417 422 -4
417 423 1
417 424 4
418 421 -4
418 422 2
418 423 -4
418 424 1
419 421 2
419 422 -1
419 423 1
419 424 4
420 421 -1
420 422 1
420 423 -1
420 424 2
425 429 1
425 430 4
425 431 2
425 432 -2
426 429 2
426 430 -4
426 431 2
426 432 2
427 429 -1
427 430 -4
427 431 -4
427 432 2
428 429 1
428 430 -4
428 431 -4
428 432 4
433 437 2
433 438 -2
433 439 1
433 440 1
434 437 4
434 438 2
434 439 -2
434 440 4
435 437 -4
435 438 2
435 439 4
435 440 1
436 437 -1
436 438 4
436 439 -2
436 440 -2
441 445 2
441 446 1
441 447 -1
441 448 2
442 445 2
442 446 -1
442 447 -4
442 448 -2
443 445 2
443 446 2
443 447 -4
443 448 4
444 445 2
444 446 4
444 447 1
444 448 4
449 453 2
449 454 -1
449 455 -1
449 456 -4
450 453 -1
450 454 4
450 455 -2
450 456 2
451 453 -4
451 454 4
451 455 1
451 456 2
452 453 -1
452 454 1
452 455 2
452 456 2
457 461 -1
457 462 4
457 463 2
457 464 -1
458 461 -1
458 462 1
458 463 4
458 464 2
459 461 -2
459 462 4
459 463 -1
459 464 4
460 461 -1
460 462 2
460 463 -1
460 464 1
465 469 -1
465 470 4
465 471 -1
465 472 -4
466 469 -4
466 470 -1
466 471 -1
466 472 -1
467 469 1
467 470 4
467 471 1
467 472 -4
468 469 1
468 470 -4
468 471 -2
468 472 4
473 477 -4
473 478 1
473 479 1
473 480 2
474 477 4
474 478 2
474 479 4
474 480 -1
475 477 1
475 478 2
475 479 -4
475 480 -4
476 477 -2
476 478 4
476 479 -2
476 480 -2
481 485 1
481 486 -1
481 487 2
481 488 4
482 485 2
482 486 2
482 487 4
482 488 2
483 485 -1
483 486 1
483 487 -4
483 488 1
484 485 2
484 486 4
484 487 1
484 488 -2
489 493 -4
489 494 2
489 495 -1
489 496 2
490 493 1
490 494 4
490 495 -4
490 496 4
491 493 1
491 494 4
491 495 4
491 496 -1
492 493 -1
492 494 -1
492 495 -1
492 496 1
497 501 -2
497 502 4
497 503 -2
497 504 -4
498 501 4
498 502 -2
498 503 1
498 504 4
499 501 4
499 502 4
499 503 -4
499 504 4
500 501 -4
500 502 1
500 503 1
500 504 -1
505 509 1
505 510 1
505 511 2
505 512 -2
506 509 4
506 510 -2
506 511 -2
506 512 -2
507 509 4
507 510 4
507 511 1
507 512 -2
508 509 -1
508 510 -1
508 511 -2
508 512 -1
513 517 4
513 518 4
513 519 -2
513 520 4
514 517 -4
514 518 1
514 519 2
514 520 -1
515 517 4
515 518 2
515 519 -1
515 520 2
516 517 -2
516 518 4
516 519 2
516 520 -1
521 525 2
521 526 -1
521 527 -2
521 528 1
522 525 1
522 526 -4
522 527 -4
522 528 1
523 525 2
523 526 -2
523 527 -2
523 528 2
524 525 1
524 526 2
524 527 4
524 528 -4
529 533 -2
529 534 -2
529 535 1
529 536 2
530 533 -4
530 534 1
530 535 4
530 536 -2
531 533 -4
531 534 -2
531 535 -4
531 536 -2
532 533 -4
532 534 -4
532 535 -2
532 536 1
537 541 -4
537 542 4
537 543 -1
537 544 -4
538 541 4
538 542 2
538 543 -4
538 544 4
539 541 -1
539 542 4
539 543 2
539 544 -1
540 541 4
540 542 -1
540 543 1
540 544 1
545 549 1
545 550 2
545 551 -1
545 552 -2
546 549 -2
546 550 -2
546 551 -1
546 552 4
547 549 -2
547 550 1
547 551 -2
547 552 -2
548 549 -2
548 550 2
548 551 2
548 552 -1
553 557 -4
553 558 2
553 559 -1
553 560 2
554 557 2
554 558 4
554 559 -1
554 560 2
555 557 1
555 558 -4
555 559 4
555 560 4
556 557 -4
556 558 2
556 559 -2
556 560 4
561 565 2
561 566 4
561 567 -4
561 568 2
562 565 1
562 566 2
562 567 1
562 568 4
563 565 -4
563 566 4
563 567 -1
563 568 1
564 565 2
564 566 -4
564 567 -1
564 568 -1
569 573 4
569 574 -1
569 575 -4
569 576 4
570 573 -4
570 574 -4
570 575 4
570 576 4
571 573 -2
571 574 2
571 575 -4
571 576 1
572 573 4
572 574 -1
572 575 1
572 576 4
577 581 1
577 582 4
577 583 2
577 584 2
578 581 1
578 582 4
578 583 -1
578 584 1
579 581 4
579 582 -1
579 583 -1
579 584 -1
580 581 1
580 582 4
580 583 1
580 584 1
585 589 1
585 590 4
585 591 2
585 592 4
586 589 2
586 590 -1
586 591 2
586 592 2
587 589 4
587 590 4
587 591 -2
587 592 1
588 589 1
588 590 -1
588 591 2
588 592 2
593 597 -1
593 598 -1
593 599 1
593 600 1
594 597 1
594 598 -1
594 599 -2
594 600 -2
595 597 4
595 598 -2
595 599 4
595 600 4
596 597 2
596 598 -1
596 599 -1
596 600 -4
601 605 2
601 606 -4
601 607 4
601 608 -1
602 605 -4
602 606 -1
602 607 -2
602 608 1
603 605 -4
603 606 2
603 607 -1
603 608 2
604 605 -1
604 606 4
604 607 -4
604 608 -2
609 613 1
609 614 -2
609 615 -2
609 616 4
610 613 -2
610 614 -4
610 615 1
610 616 2
611 613 1
611 614 -2
611 615 1
611 616 2
612 613 4
612 614 -2
612 615 -4
612 616 2
617 621 -1
617 622 4
617 623 4
617 624 -2
618 621 4
618 622 2
618 623 -2
618 624 -2
619 621 4
619 622 2
619 623 2
619 624 -4
620 621 2
620 622 -1
620 623 2
620 624 -1
625 629 4
625 630 -4
625 631 4
625 632 1
626 629 4
626 630 -2
626 631 -4
626 632 -1
627 629 4
627 630 -2
627 631 2
627 632 -1
628 629 2
628 630 -4
628 631 -1
628 632 -1
633 637 -2
633 638 4
633 639 -4
633 640 -2
634 637 1
634 638 1
634 639 1
634 640 -2
635 637 -4
635 638 -1
635 639 -4
635 640 -2
636 637 2
636 638 -4
636 639 4
636 640 2
641 645 -4
641 646 -2
641 647 2
641 648 -4
642 645 1
642 646 4
642 647 2
642 648 1
643 645 -1
643 646 2
643 647 4
643 648 4
644 645 -2
644 646 2
644 647 2
644 648 1
649 653 -2
649 654 2
649 655 -2
649 656 -1
650 653 4
650 654 2
650 655 -2
650 656 -1
651 653 2
651 654 4
651 655 2
651 656 -4
652 653 4
652 654 -4
652 655 -2
652 656 -4
657 661 4
657 662 1
657 663 1
657 664 1
658 661 -2
658 662 2
658 663 1
658 664 4
659 661 4
659 662 1
659 663 4
659 664 -1
660 661 2
660 662 -4
660 663 2
660 664 2
665 669 2
665 670 4
665 671 1
665 672 2
666 669 -4
666 670 2
666 671 4
666 672 4
667 669 1
667 670 -2
667 671 4
667 672 -1
668 669 -4
668 670 -2
668 671 2
668 672 -2
673 677 -1
673 678 -4
673 679 -2
673 680 -2
674 677 2
674 678 -2
674 679 4
674 680 2
675 677 1
675 678 1
675 679 4
675 680 -4
676 677 -4
676 678 -1
676 679 -2
676 680 4
681 685 2
681 686 -1
681 687 -4
681 688 2
682 685 4
682 686 -4
682 687 -2
682 688 2
683 685 1
683 686 2
683 687 -4
683 688 2
684 685 -1
684 686 1
684 687 2
684 688 -2
689 693 1
689 694 4
689 695 -2
689 696 -2
690 693 1
690 694 1
690 695 -4
690 696 2
691 693 4
691 694 4
691 695 4
691 696 1
692 693 -1
692 694 1
692 695 1
692 696 -1
697 701 2
697 702 -4
697 703 -4
697 704 -4
698 701 2
698 702 -2
698 703 -2
698 704 2
699 701 -4
699 702 4
699 703 2
699 704 1
700 701 -1
700 702 -2
700 703 -4
700 704 4
705 709 2
705 710 1
705 711 1
705 712 -4
706 709 2
706 710 -4
706 711 -4
706 712 -2
707 709 2
707 710 -1
707 711 2
707 712 -1
708 709 2
708 710 1
708 711 -2
708 712 4
713 717 4
713 718 -2
713 719 -1
713 720 -2
714 717 4
714 718 -2
714 719 4
714 720 -1
715 717 -4
715 718 4
715 719 2
715 720 4
716 717 4
716 718 1
716 719 -4
716 720 1
721 725 -1
721 726 -4
721 727 -2
721 728 1
722 725 4
722 726 1
722 727 -2
722 728 2
723 725 -4
723 726 -2
723 727 4
723 728 -1
724 725 1
724 726 2
724 727 -1
724 728 -1
729 733 -2
729 734 -4
729 735 -2
729 736 4
730 733 2
730 734 4
730 735 -2
730 736 2
731 733 4
731 734 2
731 735 1
731 736 4
732 733 -4
732 734 -1
732 735 -2
732 736 2
737 741 -2
737 742 2
737 743 -2
737 744 -1
738 741 -4
738 742 -4
738 743 1
738 744 2
739 741 -4
739 742 4
739 743 -4
739 744 1
740 741 4
740 742 -1
740 743 4
740 744 -4
745 749 -4
745 750 4
745 751 -2
745 752 1
746 749 -4
746 750 2
746 751 -1
746 752 2
747 749 -4
747 750 4
747 751 1
747 752 -4
748 749 -2
748 750 -2
748 751 -4
748 752 2
753 757 -4
753 758 1
753 759 -4
753 760 -1
754 757 2
754 758 -1
754 759 2
754 760 1
755 757 4
755 758 -1
755 759 4
755 760 -2
756 757 2
756 758 1
756 759 -1
756 760 -2
761 765 -4
761 766 -1
761 767 1
761 768 2
762 765 4
762 766 1
762 767 1
762 768 1
763 765 2
763 766 1
763 767 2
763 768 4
764 765 -1
764 766 -2
764 767 -1
764 768 -2
769 773 1
769 774 4
769 775 2
769 776 4
770 773 -1
770 774 -2
770 775 1
770 776 4
771 773 2
771 774 -1
771 775 -2
771 776 -4
772 773 -4
772 774 -2
772 775 -1
772 776 1
777 781 1
777 782 -4
777 783 -4
777 784 4
778 781 -1
778 782 1
778 783 1
778 784 1
779 781 1
779 782 1
779 783 4
779 784 -1
780 781 1
780 782 2
780 783 -1
780 784 -2
785 789 -2
785 790 2
785 791 -2
785 792 2
786 789 -4
786 790 2
786 791 2
786 792 1
787 789 -4
787 790 -1
787 791 -4
787 792 1
788 789 2
788 790 -1
788 791 2
788 792 -2
793 797 2
793 798 4
793 799 -1
793 800 4
794 797 -1
794 798 -1
794 799 2
794 800 1
795 797 -4
795 798 -2
795 799 -1
795 800 4
796 797 -2
796 798 1
796 799 1
796 800 1
801 805 -4
801 806 -4
801 807 -1
801 808 -2
802 805 1
802 806 -1
802 807 -4
802 808 2
803 805 -4
803 806 -1
803 807 -1
803 808 -1
804 805 -4
804 806 4
804 807 -2
804 808 -4
809 813 -1
809 814 1
809 815 4
809 816 4
810 813 -4
810 814 2
810 815 -1
810 816 4
811 813 -2
811 814 -2
811 815 -2
811 816 -1
812 813 -2
812 814 2
812 815 2
812 816 2
817 821 2
817 822 1
817 823 -4
817 824 -4
818 821 2
818 822 -4
818 823 -1
818 824 -4
819 821 1
819 822 -2
819 823 -4
819 824 -2
820 821 -4
820 822 -2
820 823 -4
820 824 1
825 829 -1
825 830 -1
825 831 2
825 832 -1
826 829 2
826 830 -4
826 831 -4
826 832 -1
827 829 -4
827 830 -2
827 831 1
827 832 4
828 829 -2
828 830 2
828 831 4
828 832 -2
833 837 4
833 838 2
833 839 4
833 840 2
834 837 1
834 838 -4
834 839 4
834 840 1
835 837 -1
835 838 -2
835 839 1
835 840 4
836 837 -1
836 838 4
836 839 -4
836 840 -2
841 845 -1
841 846 -1
841 847 -2
841 848 -1
842 845 -2
842 846 1
842 847 2
842 848 -2
843 845 -2
843 846 -1
843 847 2
843 848 1
844 845 1
844 846 -2
844 847 -2
844 848 2
849 853 -2
849 854 2
849 855 2
849 856 1
850 853 1
850 854 1
850 855 -1
850 856 -4
851 853 -2
851 854 -4
851 855 1
851 856 -2
852 853 -2
852 854 4
852 855 2
852 856 1
857 861 4
857 862 -1
857 863 -4
857 864 -4
858 861 -4
858 862 -4
858 863 1
858 864 2
859 861 -2
859 862 1
859 863 1
859 864 -2
860 861 -4
860 862 -4
860 863 -1
860 864 -2
865 869 -2
865 870 -1
865 871 -2
865 872 2
866 869 -4
866 870 -4
866 871 2
866 872 4
867 869 1
867 870 -2
867 871 -2
867 872 -2
868 869 -1
868 870 -1
868 871 1
868 872 -2
873 877 2
873 878 4
873 879 -4
873 880 2
874 877 4
874 878 -1
874 879 -1
874 880 -2
875 877 -1
875 878 1
875 879 4
875 880 2
876 877 -2
876 878 -2
876 879 1
876 880 -2
881 885 -1
881 886 2
881 887 4
881 888 1
882 885 -1
882 886 4
882 887 4
882 888 2
883 885 1
883 886 -2
883 887 -2
883 888 -2
884 885 -1
884 886 -2
884 887 -4
884 888 1
889 893 1
889 894 4
889 895 2
889 896 2
890 893 1
890 894 -2
890 895 -4
890 896 -2
891 893 4
891 894 -1
891 895 -4
891 896 -2
892 893 -2
892 894 -1
892 895 1
892 896 -1
897 901 -1
897 902 -4
897 903 -2
897 904 1
898 901 1
898 902 2
898 903 -2
898 904 -2
899 901 2
899 902 -4
899 903 4
899 904 -4
900 901 -4
900 902 -1
900 903 -4
900 904 2
905 909 4
905 910 1
905 911 -4
905 912 -2
906 909 4
906 910 4
906 911 2
906 912 4
907 909 4
907 910 4
907 911 2
907 912 -4
908 909 -1
908 910 2
908 911 2
908 912 -4
913 917 -1
913 918 -1
913 919 1
913 920 4
914 917 4
914 918 4
914 919 -4
914 920 4
915 917 -2
915 918 -2
915 919 1
915 920 1
916 917 2
916 918 -1
916 919 2
916 920 -2
921 925 -2
921 926 -4
921 927 1
921 928 -2
922 925 4
922 926 -2
922 927 -4
922 928 -2
923 925 2
923 926 -4
923 927 4
923 928 1
924 925 1
924 926 1
924 927 1
924 928 -1
929 933 -2
929 934 -1
929 935 -2
929 936 -4
930 933 1
930 934 1
930 935 -2
930 936 1
931 933 -4
931 934 -2
931 935 2
931 936 4
932 933 -2
932 934 -1
932 935 4
932 936 4
937 941 -2
937 942 2
937 943 -1
937 944 1
938 941 -2
938 942 -4
938 943 -1
938 944 1
939 941 2
939 942 -1
939 943 -1
939 944 2
940 941 4
940 942 -2
940 943 1
940 944 -2
945 949 1
945 950 -2
945 951 2
945 952 -1
946 949 2
946 950 -4
946 951 -4
946 952 1
947 949 1
947 950 1
947 951 2
947 952 -1
948 949 -4
948 950 4
948 951 -1
948 952 -2
953 957 -1
953 958 2
953 959 -2
953 960 1
954 957 4
954 958 4
954 959 -2
954 960 1
955 957 -4
955 958 -2
955 959 -2
955 960 4
956 957 -4
956 958 4
956 959 1
956 960 1
961 965 1
961 966 1
961 967 -1
961 968 1
962 965 4
962 966 -1
962 967 4
962 968 1
963 965 -1
963 966 1
963 967 2
963 968 -2
964 965 2
964 966 1
964 967 -1
964 968 -1
969 973 -2
969 974 1
969 975 -2
969 976 4
970 973 -4
970 974 2
970 975 2
970 976 2
971 973 2
971 974 -4
971 975 -4
971 976 -2
972 973 1
972 974 4
972 975 -2
972 976 2
977 981 1
977 982 -1
977 983 -1
977 984 -4
978 981 -4
978 982 -4
978 983 1
978 984 1
979 981 -2
979 982 -1
979 983 4
979 984 -4
980 981 4
980 982 -2
980 983 -2
980 984 -4
985 989 -2
985 990 4
985 991 -1
985 992 4
986 989 -2
986 990 -2
986 991 4
986 992 1
987 989 1
987 990 -2
987 991 -4
987 992 2
988 989 -4
988 990 4
988 991 -4
988 992 -2
993 997 -1
993 998 -4
993 999 4
993 1000 2
994 997 4
994 998 -4
994 999 -4
994 1000 1
995 997 -4
995 998 -2
995 999 -2
995 1000 -1
996 997 -2
996 998 -1
996 999 4
996 1000 -4
1001 1005 -2
1001 1006 -2
1001 1007 -4
1001 1008 -4
1002 1005 2
1002 1006 2
1002 1007 -2
1002 1008 -2
1003 1005 2
1003 1006 4
1003 1007 4
1003 1008 -2
1004 1005 1
1004 1006 -4
1004 1007 -2
1004 1008 1
1009 1013 1
1009 1014 2
1009 1015 2
1009 1016 1
1010 1013 2
1010 1014 4
1010 1015 -4
1010 1016 2
1011 1013 -4
1011 1014 4
1011 1015 4
1011 1016 -4
1012 1013 -2
1012 1014 1
1012 1015 2
1012 1016 -4
1017 1021 -2
1017 1022 4
1017 1023 -4
1017 1024 1
1018 1021 -4
1018 1022 1
1018 1023 2
1018 1024 -4
1019 1021 -1
1019 1022 -2
1019 1023 2
1019 1024 -4
1020 1021 2
1020 1022 -4
1020 1023 4
1020 1024 1
1025 1029 2
1025 1030 -4
1025 1031 4
1025 1032 -2
1026 1029 2
1026 1030 1
1026 1031 2
1026 1032 4
1027 1029 2
1027 1030 4
1027 1031 4
1027 1032 -2
1028 1029 -1
1028 1030 -4
1028 1031 4
1028 1032 1
1033 1037 -2
1033 1038 -1
1033 1039 1
1033 1040 1
1034 1037 -2
1034 1038 -2
1034 1039 2
1034 1040 -2
1035 1037 -1
1035 1038 1
1035 1039 2
1035 1040 4
1036 1037 -4
1036 1038 -4
1036 1039 -2
1036 1040 2
1041 1045 -2
1041 1046 4
1041 1047 1
1041 1048 4
1042 1045 2
1042 1046 -2
1042 1047 1
1042 1048 -1
1043 1045 1
1043 1046 -1
1043 1047 -1
1043 1048 4
1044 1045 -4
1044 1046 4
1044 1047 -2
1044 1048 -4
1049 1053 -2
1049 1054 1
1049 1055 2
1049 1056 -2
1050 1053 1
1050 1054 -1
1050 1055 -4
1050 1056 2
1051 1053 1
1051 1054 4
1051 1055 -2
1051 1056 1
1052 1053 -4
1052 1054 1
1052 1055 -2
1052 1056 -4
1057 1061 2
1057 1062 -1
1057 1063 1
1057 1064 -2
1058 1061 -4
1058 1062 -4
1058 1063 -4
1058 1064 1
1059 1061 -2
1059 1062 2
1059 1063 -4
1059 1064 4
1060 1061 2
1060 1062 -2
1060 1063 -1
1060 1064 2
1065 1069 -2
1065 1070 -2
1065 1071 -4
1065 1072 1
1066 1069 4
1066 1070 -1
1066 1071 -2
1066 1072 1
1067 1069 -2
1067 1070 4
1067 1071 -4
1067 1072 4
1068 1069 2
1068 1070 -1
1068 1071 -4
1068 1072 -1
1073 1077 -4
1073 1078 4
1073 1079 4
1073 1080 -2
1074 1077 -4
1074 1078 -1
1074 1079 2
1074 1080 -2
1075 1077 4
1075 1078 -1
1075 1079 -2
1075 1080 2
1076 1077 4
1076 1078 -2
1076 1079 2
1076 1080 4
1081 1085 -2
1081 1086 1
1081 1087 -2
1081 1088 1
1082 1085 1
1082 1086 -2
1082 1087 -1
1082 1088 2
1083 1085 2
1083 1086 2
1083 1087 -2
1083 1088 1
1084 1085 2
1084 1086 -2
1084 1087 -4
1084 1088 -1
1089 1093 -1
1089 1094 1
1089 1095 2
1089 1096 -1
1090 1093 1
1090 1094 -4
1090 1095 4
1090 1096 2
1091 1093 -1
1091 1094 -2
1091 1095 4
1091 1096 -4
1092 1093 2
1092 1094 4
1092 1095 2
1092 1096 4
1097 1101 4
1097 1102 2
1097 1103 -2
1097 1104 -1
1098 1101 -1
1098 1102 2
1098 1103 -4
1098 1104 1
1099 1101 2
1099 1102 -4
1099 1103 -4
1099 1104 -1
1100 1101 4
1100 1102 4
1100 1103 -2
1100 1104 -2
1105 1109 -2
1105 1110 -2
1105 1111 2
1105 1112 -4
1106 1109 4
1106 1110 -4
1106 1111 4
1106 1112 4
1107 1109 -4
1107 1110 1
1107 1111 2
1107 1112 4
1108 1109 4
1108 1110 2
1108 1111 1
1108 1112 -4
1113 1117 2
1113 1118 2
1113 1119 -1
1113 1120 -4
1114 1117 -1
1114 1118 -2
1114 1119 -4
1114 1120 2
1115 1117 4
1115 1118 2
1115 1119 -2
1115 1120 -2
1116 1117 4
1116 1118 -2
1116 1119 -1
1116 1120 2
1121 1125 1
1121 1126 2
1121 1127 -2
1121 1128 1
1122 1125 -4
1122 1126 1
1122 1127 1
1122 1128 4
1123 1125 2
1123 1126 1
1123 1127 -2
1123 1128 -2
1124 1125 4
1124 1126 -4
1124 1127 -1
1124 1128 -2
1129 1133 -4
1129 1134 1
1129 1135 1
1129 1136 1
1130 1133 1
1130 1134 1
1130 1135 2
1130 1136 2
1131 1133 -4
1131 1134 -4
1131 1135 -4
1131 1136 -1
1132 1133 2
1132 1134 -4
1132 1135 -4
1132 1136 -4
1137 1141 -4
1137 1142 4
1137 1143 -4
1137 1144 2
1138 1141 -1
1138 1142 1
1138 1143 1
1138 1144 2
1139 1141 -2
1139 1142 -2
1139 1143 2
1139 1144 1
1140 1141 -1
1140 1142 -1
1140 1143 -1
1140 1144 4
1145 1149 2
1145 1150 2
1145 1151 -4
1145 1152 -1
1146 1149 -4
1146 1150 -2
1146 1151 2
1146 1152 -1
1147 1149 -1
1147 1150 -4
1147 1151 2
1147 1152 2
1148 1149 4
1148 1150 1
1148 1151 -1
1148 1152 1
1153 1157 -2
1153 1158 4
1153 1159 -2
1153 1160 -4
1154 1157 -1
1154 1158 -1
1154 1159 -4
1154 1160 1
1155 1157 -2
1155 1158 -1
1155 1159 -1
1155 1160 1
1156 1157 -1
1156 1158 -2
1156 1159 2
1156 1160 -4
1161 1165 4
1161 1166 2
1161 1167 -1
1161 1168 4
1162 1165 -4
1162 1166 -2
1162 1167 4
1162 1168 -4
1163 1165 2
1163 1166 2
1163 1167 -2
1163 1168 -2
1164 1165 -1
1164 1166 -2
1164 1167 1
1164 1168 4
1169 1173 1
1169 1174 4
1169 1175 1
1169 1176 -2
1170 1173 -4
1170 1174 2
1170 1175 1
1170 1176 2
1171 1173 2
1171 1174 1
1171 1175 2
1171 1176 1
1172 1173 4
1172 1174 -2
1172 1175 -4
1172 1176 -4
1177 1181 1
1177 1182 4
1177 1183 1
1177 1184 4
1178 1181 4
1178 1182 -4
1178 1183 -2
1178 1184 1
1179 1181 1
1179 1182 1
1179 1183 -2
1179 1184 -2
1180 1181 1
1180 1182 1
1180 1183 -4
1180 1184 -2
1185 1189 2
1185 1190 -4
1185 1191 4
1185 1192 1
1186 1189 -4
1186 1190 1
1186 1191 -2
1186 1192 4
1187 1189 4
1187 1190 2
1187 1191 1
1187 1192 -2
1188 1189 -4
1188 1190 2
1188 1191 2
1188 1192 1
1193 1197 -2
1193 1198 -2
1193 1199 -1
1193 1200 2
1194 1197 4
1194 1198 1
1194 1199 1
1194 1200 2
1195 1197 4
1195 1198 -2
1195 1199 1
1195 1200 2
1196 1197 1
1196 1198 -4
1196 1199 -1
1196 1200 2
1201 1205 -4
1201 1206 1
1201 1207 2
1201 1208 -4
1202 1205 -4
1202 1206 -4
1202 1207 4
1202 1208 -1
1203 1205 4
1203 1206 2
1203 1207 -1
1203 1208 1
1204 1205 4
1204 1206 2
1204 1207 -1
1204 1208 -1
1209 1213 1
1209 1214 -4
1209 1215 2
1209 1216 2
1210 1213 2
1210 1214 -2
1210 1215 -1
1210 1216 -2
1211 1213 -4
1211 1214 -2
1211 1215 4
1211 1216 1
1212 1213 2
1212 1214 -4
1212 1215 2
1212 1216 4
1217 1221 1
1217 1222 1
1217 1223 1
1217 1224 2
1218 1221 -1
1218 1222 -2
1218 1223 -2
1218 1224 4
1219 1221 4
1219 1222 4
1219 1223 -2
1219 1224 1
1220 1221 2
1220 1222 -4
1220 1223 1
1220 1224 -2
1225 1229 -1
1225 1230 -4
1225 1231 -4
1225 1232 2
1226 1229 2
1226 1230 1
1226 1231 2
1226 1232 -2
1227 1229 4
1227 1230 -1
1227 1231 -2
1227 1232 4
1228 1229 -1
1228 1230 2
1228 1231 -4
1228 1232 2
1233 1237 -1
1233 1238 -2
1233 1239 4
1233 1240 1
1234 1237 1
1234 1238 1
1234 1239 1
1234 1240 1
1235 1237 -4
1235 1238 1
1235 1239 -1
1235 1240 1
1236 1237 -4
1236 1238 -1
1236 1239 4
1236 1240 4
1241 1245 -1
1241 1246 -2
1241 1247 4
1241 1248 -1
1242 1245 1
1242 1246 -4
1242 1247 4
1242 1248 4
1243 1245 2
1243 1246 -1
1243 1247 -2
1243 1248 2
1244 1245 -4
1244 1246 1
1244 1247 -1
1244 1248 4
1249 1253 -4
1249 1254 1
1249 1255 2
1249 1256 2
1250 1253 4
1250 1254 -1
1250 1255 1
1250 1256 2
1251 1253 -2
1251 1254 2
1251 1255 -1
1251 1256 2
1252 1253 2
1252 1254 -1
1252 1255 -1
1252 1256 -2
1257 1261 2
1257 1262 2
1257 1263 4
1257 1264 -1
1258 1261 -4
1258 1262 -4
1258 1263 4
1258 1264 -1
1259 1261 -1
1259 1262 1
1259 1263 1
1259 1264 -2
1260 1261 -4
1260 1262 -1
1260 1263 -4
1260 1264 -4
1265 1269 -4
1265 1270 -1
1265 1271 -4
1265 1272 -4
1266 1269 -1
1266 1270 -1
1266 1271 -1
1266 1272 -2
1267 1269 -1
1267 1270 2
1267 1271 2
1267 1272 4
1268 1269 2
1268 1270 -2
1268 1271 1
1268 1272 -1
1273 1277 1
1273 1278 -1
1273 1279 -1
1273 1280 2
1274 1277 -4
1274 1278 -4
1274 1279 1
1274 1280 1
1275 1277 4
1275 1278 1
1275 1279 4
1275 1280 2
1276 1277 4
1276 1278 -2
1276 1279 1
1276 1280 -1
1281 1285 -1
1281 1286 -4
1281 1287 -2
1281 1288 -1
1282 1285 -4
1282 1286 2
1282 1287 4
1282 1288 2
1283 1285 -4
1283 1286 -1
1283 1287 4
1283 1288 -2
1284 1285 -2
1284 1286 -4
1284 1287 -1
1284 1288 4
1289 1293 -4
1289 1294 2
1289 1295 4
1289 1296 1
1290 1293 -2
1290 1294 -1
1290 1295 1
1290 1296 2
1291 1293 -2
1291 1294 1
1291 1295 1
1291 1296 -4
1292 1293 -4
1292 1294 -1
1292 1295 -2
1292 1296 -2
1297 1301 4
1297 1302 -2
1297 1303 4
1297 1304 -2
1298 1301 4
1298 1302 2
1298 1303 -4
1298 1304 -1
1299 1301 -4
1299 1302 -4
1299 1303 -1
1299 1304 -2
1300 1301 -2
1300 1302 2
1300 1303 -1
1300 1304 -1
1305 1309 -2
1305 1310 1
1305 1311 1
1305 1312 4
1306 1309 -2
1306 1310 -2
1306 1311 1
1306 1312 -4
1307 1309 -1
1307 1310 -1
1307 1311 2
1307 1312 -4
1308 1309 -1
1308 1310 1
1308 1311 1
1308 1312 -1
1313 1317 -2
1313 1318 2
1313 1319 2
1313 1320 -4
1314 1317 4
1314 1318 -2
1314 1319 -4
1314 1320 -2
1315 1317 -1
1315 1318 -4
1315 1319 -2
1315 1320 4
1316 1317 2
1316 1318 2
1316 1319 -4
1316 1320 -2
1321 1325 2
1321 1326 -4
1321 1327 -2
1321 1328 1
1322 1325 -4
1322 1326 2
1322 1327 -2
1322 1328 -4
1323 1325 -2
1323 1326 -4
1323 1327 2
1323 1328 -4
1324 1325 -4
1324 1326 -1
1324 1327 -2
1324 1328 2
1329 1333 2
1329 1334 2
1329 1335 -1
1329 1336 1
1330 1333 -2
1330 1334 -2
1330 1335 4
1330 1336 4
1331 1333 1
1331 1334 2
1331 1335 -2
1331 1336 2
1332 1333 1
1332 1334 2
1332 1335 4
1332 1336 1
1337 1341 -1
1337 1342 1
1337 1343 -1
1337 1344 -4
1338 1341 1
1338 1342 -2
1338 1343 -4
1338 1344 -2
1339 1341 -2
1339 1342 -2
1339 1343 -4
1339 1344 4
1340 1341 -2
1340 1342 1
1340 1343 4
1340 1344 -1
1345 1349 -1
1345 1350 -4
1345 1351 4
1345 1352 -2
1346 1349 -1
1346 1350 -1
1346 1351 -1
1346 1352 -2
1347 1349 -2
1347 1350 -4
1347 1351 2
1347 1352 -4
1348 1349 -1
1348 1350 -4
1348 1351 -2
1348 1352 -4
1353 1357 4
1353 1358 -2
1353 1359 1
1353 1360 2
1354 1357 -1
1354 1358 -1
1354 1359 2
1354 1360 -1
1355 1357 2
1355 1358 -2
1355 1359 1
1355 1360 -4
1356 1357 2
1356 1358 2
1356 1359 1
1356 1360 -4
1361 1365 -2
1361 1366 2
1361 1367 4
1361 1368 1
1362 1365 4
1362 1366 1
1362 1367 2
1362 1368 -4
1363 1365 -4
1363 1366 -4
1363 1367 -2
1363 1368 -1
1364 1365 -2
1364 1366 -2
1364 1367 -2
1364 1368 4
1369 1373 2
1369 1374 4
1369 1375 4
1369 1376 4
1370 1373 2
1370 1374 -4
1370 1375 1
1370 1376 -2
1371 1373 -2
1371 1374 2
1371 1375 2
1371 1376 -1
1372 1373 -1
1372 1374 -2
1372 1375 4
1372 1376 1
1377 1381 -4
1377 1382 1
1377 1383 -2
1377 1384 -1
1378 1381 -2
1378 1382 2
1378 1383 -1
1378 1384 4
1379 1381 -2
1379 1382 1
1379 1383 -2
1379 1384 -2
1380 1381 2
1380 1382 1
1380 1383 -2
1380 1384 2
1385 1389 4
1385 1390 -4
1385 1391 -2
1385 1392 -4
1386 1389 -1
1386 1390 -4
1386 1391 -2
1386 1392 -2
1387 1389 -2
1387 1390 -1
1387 1391 -1
1387 1392 -1
1388 1389 2
1388 1390 -1
1388 1391 1
1388 1392 -2
1393 1397 4
1393 1398 2
1393 1399 2
1393 1400 -1
1394 1397 2
1394 1398 2
1394 1399 -4
1394 1400 -2
1395 1397 1
1395 1398 2
1395 1399 -2
1395 1400 -1
1396 1397 -1
1396 1398 -4
1396 1399 -1
1396 1400 -1
1401 1405 1
1401 1406 2
1401 1407 2
1401 1408 4
1402 1405 4
1402 1406 -1
1402 1407 4
1402 1408 1
1403 1405 -1
1403 1406 -4
1403 1407 4
1403 1408 4
1404 1405 2
1404 1406 2
1404 1407 -1
1404 1408 -1
1409 1413 -4
1409 1414 -4
1409 1415 -4
1409 1416 -4
1410 1413 -4
1410 1414 1
1410 1415 -1
1410 1416 -1
1411 1413 4
1411 1414 2
1411 1415 1
1411 1416 -1
1412 1413 -1
1412 1414 1
1412 1415 -1
1412 1416 -4
1417 1421 2
1417 1422 -2
1417 1423 -2
1417 1424 4
1418 1421 -4
1418 1422 -2
1418 1423 -2
1418 1424 -4
1419 1421 1
1419 1422 1
1419 1423 -1
1419 1424 4
1420 1421 -2
1420 1422 4
1420 1423 4
1420 1424 -2
1425 1429 2
1425 1430 1
1425 1431 -4
1425 1432 -2
1426 1429 4
1426 1430 4
1426 1431 1
1426 1432 2
1427 1429 -2
1427 1430 1
1427 1431 4
1427 1432 -2
1428 1429 -1
1428 1430 2
1428 1431 1
1428 1432 1
1433 1437 -4
1433 1438 2
1433 1439 2
1433 1440 2
1434 1437 -1
1434 1438 -4
1434 1439 -4
1434 1440 2
1435 1437 4
1435 1438 2
1435 1439 -1
1435 1440 -4
1436 1437 -1
1436 1438 -2
1436 1439 -2
1436 1440 -4
1441 1445 -4
1441 1446 -2
1441 1447 -2
1441 1448 1
1442 1445 2
1442 1446 2
1442 1447 2
1442 1448 -2
1443 1445 -1
1443 1446 1
1443 1447 -4
1443 1448 1
1444 1445 -4
1444 1446 -1
1444 1447 -4
1444 1448 4
1449 1453 -1
1449 1454 -1
1449 1455 -2
1449 1456 2
1450 1453 1
1450 1454 -1
1450 1455 2
1450 1456 -2
1451 1453 4
1451 1454 -2
1451 1455 2
1451 1456 -4
1452 1453 2
1452 1454 2
1452 1455 2
1452 1456 -1
1457 1461 4
1457 1462 -2
1457 1463 4
1457 1464 -1
1458 1461 -1
1458 1462 1
1458 1463 -2
1458 1464 -2
1459 1461 1
1459 1462 4
1459 1463 -1
1459 1464 -4
1460 1461 -4
1460 1462 1
1460 1463 2
1460 1464 4
1465 1469 1
1465 1470 2
1465 1471 2
1465 1472 4
1466 1469 -2
1466 1470 1
1466 1471 4
1466 1472 4
1467 1469 2
1467 1470 2
1467 1471 2
1467 1472 -2
1468 1469 1
1468 1470 -4
1468 1471 -1
1468 1472 -2
1473 1477 -2
1473 1478 1
1473 1479 -2
1473 1480 4
1474 1477 -2
1474 1478 4
1474 1479 4
1474 1480 4
1475 1477 2
1475 1478 2
1475 1479 4
1475 1480 -4
1476 1477 -4
1476 1478 -1
1476 1479 -2
1476 1480 -2
1481 1485 2
1481 1486 -2
1481 1487 -4
1481 1488 -1
1482 1485 -2
1482 1486 1
1482 1487 4
1482 1488 1
1483 1485 1
1483 1486 -2
1483 1487 1
1483 1488 -2
1484 1485 -4
1484 1486 4
1484 1487 -4
1484 1488 2
1489 1493 -4
1489 1494 -4
1489 1495 -1
1489 1496 -2
1490 1493 -4
1490 1494 -1
1490 1495 4
1490 1496 4
1491 1493 -4
1491 1494 2
1491 1495 -1
1491 1496 4
1492 1493 -2
1492 1494 1
1492 1495 -2
1492 1496 1
1497 1501 -2
1497 1502 2
1497 1503 1
1497 1504 -2
1498 1501 1
1498 1502 -1
1498 1503 -2
1498 1504 -2
1499 1501 -2
1499 1502 4
1499 1503 2
1499 1504 1
1500 1501 -1
1500 1502 -1
1500 1503 2
1500 1504 -2
1505 1509 -2
1505 1510 -1
1505 1511 -4
1505 1512 -1
1506 1509 2
1506 1510 -1
1506 1511 2
1506 1512 -4
1507 1509 2
1507 1510 4
1507 1511 4
1507 1512 1
1508 1509 4
1508 1510 -2
1508 1511 -1
1508 1512 1
1513 1517 1
1513 1518 -1
1513 1519 2
1513 1520 -4
1514 1517 4
1514 1518 -2
1514 1519 4
1514 1520 -4
1515 1517 1
1515 1518 1
1515 1519 4
1515 1520 -1
1516 1517 -1
1516 1518 -1
1516 1519 4
1516 1520 1
1521 1525 -1
1521 1526 -1
1521 1527 4
1521 1528 1
1522 1525 1
1522 1526 2
1522 1527 -4
1522 1528 4
1523 1525 -4
1523 1526 -2
1523 1527 -2
1523 1528 -1
1524 1525 -2
1524 1526 -1
1524 1527 -4
1524 1528 1
1529 1533 1
1529 1534 1
1529 1535 2
1529 1536 2
1530 1533 -2
1530 1534 -4
1530 1535 -1
1530 1536 2
1531 1533 1
1531 1534 1
1531 1535 1
1531 1536 -2
1532 1533 -1
1532 1534 1
1532 1535 -4
1532 1536 1
1537 1541 -2
1537 1542 2
1537 1543 1
1537 1544 2
1538 1541 -2
1538 1542 -2
1538 1543 4
1538 1544 4
1539 1541 -4
1539 1542 2
1539 1543 -4
1539 1544 2
1540 1541 -1
1540 1542 2
1540 1543 -4
1540 1544 -4
1545 1549 -2
1545 1550 -1
1545 1551 -2
1545 1552 4
1546 1549 -1
1546 1550 -2
1546 1551 4
1546 1552 4
1547 1549 2
1547 1550 2
1547 1551 -4
1547 1552 4
1548 1549 -2
1548 1550 1
1548 1551 1
1548 1552 -4
1553 1557 -2
1553 1558 -1
1553 1559 1
1553 1560 -4
1554 1557 2
1554 1558 1
1554 1559 2
1554 1560 -4
1555 1557 1
1555 1558 -4
1555 1559 -1
1555 1560 -1
1556 1557 2
1556 1558 4
1556 1559 -1
1556 1560 1
1561 1565 2
1561 1566 -4
1561 1567 4
1561 1568 4
1562 1565 1
1562 1566 -4
1562 1567 2
1562 1568 -4
1563 1565 -4
1563 1566 -4
1563 1567 2
1563 1568 4
1564 1565 -2
1564 1566 2
1564 1567 2
1564 1568 2
1569 1573 -4
1569 1574 1
1569 1575 -1
1569 1576 4
1570 1573 1
1570 1574 2
1570 1575 -1
1570 1576 2
1571 1573 2
1571 1574 2
1571 1575 -4
1571 1576 -1
1572 1573 1
1572 1574 4
1572 1575 -2
1572 1576 -4
1577 1581 4
1577 1582 -2
1577 1583 -1
1577 1584 2
1578 1581 1
1578 1582 -1
1578 1583 2
1578 1584 -1
1579 1581 4
1579 1582 -2
1579 1583 -1
1579 1584 -4
1580 1581 -4
1580 1582 2
1580 1583 1
1580 1584 -4
1585 1589 -4
1585 1590 -1
1585 1591 1
1585 1592 2
1586 1589 -1
1586 1590 2
1586 1591 -4
1586 1592 -1
1587 1589 4
1587 1590 1
1587 1591 -2
1587 1592 -1
1588 1589 -1
1588 1590 -2
1588 1591 -1
1588 1592 1
1593 1597 -1
1593 1598 1
1593 1599 -2
1593 1600 2
1594 1597 -2
1594 1598 4
1594 1599 -2
1594 1600 4
1595 1597 -1
1595 1598 -1
1595 1599 -4
1595 1600 4
1596 1597 -2
1596 1598 2
1596 1599 2
1596 1600 2
1601 1605 4
1601 1606 1
1601 1607 2
1601 1608 1
1602 1605 -2
1602 1606 -4
1602 1607 -1
1602 1608 -4
1603 1605 4
1603 1606 1
1603 1607 -4
1603 1608 -4
1604 1605 1
1604 1606 2
1604 1607 4
1604 1608 -4
1609 1613 -1
1609 1614 1
1609 1615 -1
1609 1616 4
1610 1613 -1
1610 1614 -1
1610 1615 1
1610 1616 2
1611 1613 1
1611 1614 -2
1611 1615 -1
1611 1616 2
1612 1613 -2
1612 1614 -2
1612 1615 -2
1612 1616 -4
1617 1621 1
1617 1622 -1
1617 1623 -4
1617 1624 4
1618 1621 -1
1618 1622 -2
1618 1623 2
1618 1624 4
1619 1621 1
1619 1622 4
1619 1623 1
1619 1624 -4
1620 1621 -2
1620 1622 2
1620 1623 -2
1620 1624 -1
1625 1629 2
1625 1630 4
1625 1631 -4
1625 1632 -2
1626 1629 1
1626 1630 1
1626 1631 1
1626 1632 1
1627 1629 -1
1627 1630 -2
1627 1631 4
1627 1632 4
1628 1629 4
1628 1630 4
1628 1631 -4
1628 1632 -2
1633 1637 -4
1633 1638 -2
1633 1639 -1
1633 1640 -1
1634 1637 1
1634 1638 -4
1634 1639 -1
1634 1640 1
1635 1637 -4
1635 1638 -4
1635 1639 4
1635 1640 1
1636 1637 2
1636 1638 -2
1636 1639 -2
1636 1640 -4
1641 1645 4
1641 1646 4
1641 1647 -1
1641 1648 4
1642 1645 1
1642 1646 -2
1642 1647 -1
1642 1648 2
1643 1645 -2
1643 1646 2
1643 1647 -2
1643 1648 1
1644 1645 -4
1644 1646 4
1644 1647 1
1644 1648 -1
1649 1653 4
1649 1654 1
1649 1655 4
1649 1656 2
1650 1653 4
1650 1654 -2
1650 1655 -1
1650 1656 1
1651 1653 -1
1651 1654 -2
1651 1655 1
1651 1656 4
1652 1653 -1
1652 1654 2
1652 1655 1
1652 1656 1
1657 1661 -4
1657 1662 1
1657 1663 -1
1657 1664 1
1658 1661 4
1658 1662 2
1658 1663 -1
1658 1664 -4
1659 1661 2
1659 1662 4
1659 1663 1
1659 1664 -4
1660 1661 1
1660 1662 4
1660 1663 2
1660 1664 4
1665 1669 -2
1665 1670 4
1665 1671 -1
1665 1672 -2
1666 1669 4
1666 1670 -4
1666 1671 1
1666 1672 -1
1667 1669 -4
1667 1670 2
1667 1671 2
1667 1672 -2
1668 1669 -1
1668 1670 -2
1668 1671 -2
1668 1672 -4
1673 1677 -2
1673 1678 -1
1673 1679 -4
1673 1680 -4
1674 1677 -4
1674 1678 -1
1674 1679 2
1674 1680 1
1675 1677 -1
1675 1678 -2
1675 1679 4
1675 1680 1
1676 1677 -2
1676 1678 -2
1676 1679 -1
1676 1680 4
1681 1685 2
1681 1686 1
1681 1687 -1
1681 1688 2
1682 1685 -4
1682 1686 -4
1682 1687 -2
1682 1688 4
1683 1685 -4
1683 1686 1
1683 1687 -4
1683 1688 4
1684 1685 -4
1684 1686 4
1684 1687 2
1684 1688 -2
1689 1693 1
1689 1694 -2
1689 1695 -2
1689 1696 4
1690 1693 -1
1690 1694 -4
1690 1695 4
1690 1696 2
1691 1693 2
1691 1694 -2
1691 1695 -2
1691 1696 2
1692 1693 2
1692 1694 -1
1692 1695 -4
1692 1696 2
1697 1701 -2
1697 1702 -2
1697 1703 2
1697 1704 1
1698 1701 -4
1698 1702 -2
1698 1703 2
1698 1704 -2
1699 1701 -2
1699 1702 2
1699 1703 -2
1699 1704 -4
1700 1701 4
1700 1702 4
1700 1703 -2
1700 1704 -1
1705 1709 -2
1705 1710 1
1705 1711 2
1705 1712 4
1706 1709 2
1706 1710 2
1706 1711 2
1706 1712 1
1707 1709 -4
1707 1710 -1
1707 1711 -2
1707 1712 -2
1708 1709 1
1708 1710 1
1708 1711 -2
1708 1712 -2
1713 1717 4
1713 1718 2
1713 1719 4
1713 1720 2
1714 1717 -2
1714 1718 -4
1714 1719 -1
1714 1720 -4
1715 1717 -1
1715 1718 -2
1715 1719 4
1715 1720 -2
1716 1717 1
1716 1718 2
1716 1719 2
1716 1720 -2
1721 1725 -4
1721 1726 -1
1721 1727 -4
1721 1728 4
1722 1725 1
1722 1726 1
1722 1727 -2
1722 1728 4
1723 1725 1
1723 1726 1
1723 1727 -4
1723 1728 4
1724 1725 -2
1724 1726 -1
1724 1727 2
1724 1728 -2
1729 1733 2
1729 1734 -4
1729 1735 -1
1729 1736 -4
1730 1733 -1
1730 1734 -2
1730 1735 2
1730 1736 1
1731 1733 -2
1731 1734 -2
1731 1735 1
1731 1736 1
1732 1733 1
1732 1734 -1
1732 1735 4
1732 1736 4
1737 1741 -1
1737 1742 -2
1737 1743 1
1737 1744 4
1738 1741 1
1738 1742 -1
1738 1743 -1
1738 1744 1
1739 1741 1
1739 1742 -2
1739 1743 4
1739 1744 -2
1740 1741 -2
1740 1742 -2
1740 1743 -4
1740 1744 4
1745 1749 1
1745 1750 1
1745 1751 -2
1745 1752 1
1746 1749 4
1746 1750 -1
1746 1751 2
1746 1752 -1
1747 1749 -4
1747 1750 -2
1747 1751 -4
1747 1752 1
1748 1749 1
1748 1750 -2
1748 1751 4
1748 1752 -4
1753 1757 -2
1753 1758 4
1753 1759 -1
1753 1760 2
1754 1757 -2
1754 1758 -1
1754 1759 1
1754 1760 -2
1755 1757 -4
1755 1758 4
1755 1759 -2
1755 1760 -2
1756 1757 -4
1756 1758 4
1756 1759 4
1756 1760 -1
1761 1765 -2
1761 1766 -4
1761 1767 -2
1761 1768 -2
1762 1765 1
1762 1766 -1
1762 1767 4
1762 1768 -2
1763 1765 -4
1763 1766 -4
1763 1767 -4
1763 1768 -4
1764 1765 -1
1764 1766 -4
1764 1767 -4
1764 1768 4
1769 1773 4
1769 1774 4
1769 1775 -4
1769 1776 -2
1770 1773 4
1770 1774 4
1770 1775 -2
1770 1776 1
1771 1773 2
1771 1774 2
1771 1775 4
1771 1776 -2
1772 1773 2
1772 1774 -1
1772 1775 2
1772 1776 1
1777 1781 -1
1777 1782 2
1777 1783 -2
1777 1784 -2
1778 1781 -1
1778 1782 -2
1778 1783 -4
1778 1784 1
1779 1781 2
1779 1782 -2
1779 1783 -1
1779 1784 -4
1780 1781 2
1780 1782 2
1780 1783 4
1780 1784 4
1785 1789 1
1785 1790 4
1785 1791 -1
1785 1792 1
1786 1789 -4
1786 1790 -1
1786 1791 -2
1786 1792 1
1787 1789 1
1787 1790 -2
1787 1791 4
1787 1792 2
1788 1789 1
1788 1790 -1
1788 1791 -2
1788 1792 2
1793 1797 -4
1793 1798 -2
1793 1799 4
1793 1800 1
1794 1797 4
1794 1798 2
1794 1799 -4
1794 1800 -4
1795 1797 2
1795 1798 4
1795 1799 -4
1795 1800 -2
1796 1797 -2
1796 1798 1
1796 1799 2
1796 1800 -1
1801 1805 -1
1801 1806 1
1801 1807 4
1801 1808 -1
1802 1805 2
1802 1806 1
1802 1807 -4
1802 1808 -4
1803 1805 4
1803 1806 1
1803 1807 2
1803 1808 2
1804 1805 -2
1804 1806 1
1804 1807 -1
1804 1808 -4
1809 1813 -4
1809 1814 -2
1809 1815 2
1809 1816 4
1810 1813 2
1810 1814 1
1810 1815 -4
1810 1816 -4
1811 1813 -1
1811 1814 1
1811 1815 4
1811 1816 1
1812 1813 -4
1812 1814 -4
1812 1815 1
1812 1816 4
1817 1821 -2
1817 1822 -2
1817 1823 4
1817 1824 1
1818 1821 2
1818 1822 4
1818 1823 -4
1818 1824 2
1819 1821 -2
1819 1822 -4
1819 1823 -1
1819 1824 1
1820 1821 -4
1820 1822 -4
1820 1823 -4
1820 1824 -1
1825 1829 2
1825 1830 1
1825 1831 1
1825 1832 4
1826 1829 -1
1826 1830 -1
1826 1831 2
1826 1832 -4
1827 1829 2
1827 1830 4
1827 1831 2
1827 1832 -2
1828 1829 -2
1828 1830 -4
1828 1831 -4
1828 1832 -4
1833 1837 1
1833 1838 -2
1833 1839 2
1833 1840 -4
1834 1837 -4
1834 1838 2
1834 1839 -4
1834 1840 -1
1835 1837 -4
1835 1838 -4
1835 1839 -2
1835 1840 -4
1836 1837 -1
1836 1838 1
1836 1839 -4
1836 1840 -4
1841 1845 -1
1841 1846 -2
1841 1847 -1
1841 1848 1
1842 1845 2
1842 1846 -4
1842 1847 2
1842 1848 2
1843 1845 1
1843 1846 1
1843 1847 1
1843 1848 -1
1844 1845 2
1844 1846 4
1844 1847 1
1844 1848 1
1849 1853 4
1849 1854 -2
1849 1855 1
1849 1856 -1
1850 1853 -1
1850 1854 1
1850 1855 -4
1850 1856 -4
1851 1853 4
1851 1854 4
1851 1855 -4
1851 1856 -4
1852 1853 1
1852 1854 1
1852 1855 2
1852 1856 -2
1857 1861 1
1857 1862 -2
1857 1863 -4
1857 1864 1
1858 1861 2
1858 1862 2
1858 1863 4
1858 1864 -4
1859 1861 -4
1859 1862 -2
1859 1863 -2
1859 1864 -1
1860 1861 4
1860 1862 -1
1860 1863 -4
1860 1864 -1
1865 1869 -1
1865 1870 -2
1865 1871 -1
1865 1872 -1
1866 1869 4
1866 1870 -4
1866 1871 -1
1866 1872 -4
1867 1869 1
1867 1870 -4
1867 1871 1
1867 1872 -2
1868 1869 1
1868 1870 1
1868 1871 1
1868 1872 -1
1873 1877 4
1873 1878 -4
1873 1879 1
1873 1880 -1
1874 1877 -4
1874 1878 -4
1874 1879 -4
1874 1880 -2
1875 1877 4
1875 1878 2
1875 1879 4
1875 1880 1
1876 1877 4
1876 1878 -4
1876 1879 4
1876 1880 -1
1881 1885 1
1881 1886 -4
1881 1887 -2
1881 1888 -1
1882 1885 -2
1882 1886 -1
1882 1887 -1
1882 1888 4
1883 1885 2
1883 1886 -2
1883 1887 4
1883 1888 -2
1884 1885 -2
1884 1886 4
1884 1887 1
1884 1888 -1
1889 1893 -2
1889 1894 -4
1889 1895 -1
1889 1896 2
1890 1893 2
1890 1894 -4
1890 1895 2
1890 1896 -2
1891 1893 -1
1891 1894 -2
1891 1895 -1
1891 1896 4
1892 1893 -2
1892 1894 -2
1892 1895 1
1892 1896 1
1897 1901 4
1897 1902 -1
1897 1903 2
1897 1904 -2
1898 1901 -4
1898 1902 1
1898 1903 1
1898 1904 2
1899 1901 -1
1899 1902 -2
1899 1903 -4
1899 1904 -1
1900 1901 -4
1900 1902 -2
1900 1903 2
1900 1904 -2
1905 1909 2
1905 1910 1
1905 1911 4
1905 1912 2
1906 1909 -4
1906 1910 -1
1906 1911 2
1906 1912 -1
1907 1909 -2
1907 1910 -4
1907 1911 2
1907 1912 4
1908 1909 -1
1908 1910 -1
1908 1911 2
1908 1912 1
1913 1917 1
1913 1918 -2
1913 1919 2
1913 1920 -1
1914 1917 1
1914 1918 1
1914 1919 -4
1914 1920 -2
1915 1917 1
1915 1918 -1
1915 1919 -2
1915 1920 2
1916 1917 -1
1916 1918 -1
1916 1919 -4
1916 1920 1
1921 1925 -2
1921 1926 -1
1921 1927 -2
1921 1928 -2
1922 1925 4
1922 1926 2
1922 1927 -4
1922 1928 1
1923 1925 4
1923 1926 -4
1923 1927 4
1923 1928 4
1924 1925 1
1924 1926 4
1924 1927 2
1924 1928 2
1929 1933 2
1929 1934 2
1929 1935 -4
1929 1936 1
1930 1933 -2
1930 1934 -2
1930 1935 -4
1930 1936 -4
1931 1933 -2
1931 1934 1
1931 1935 2
1931 1936 -4
1932 1933 2
1932 1934 -2
1932 1935 -2
1932 1936 1
1937 1941 -4
1937 1942 -4
1937 1943 2
1937 1944 -2
1938 1941 4
1938 1942 2
1938 1943 -2
1938 1944 1
1939 1941 2
1939 1942 -1
1939 1943 -4
1939 1944 -1
1940 1941 4
1940 1942 -1
1940 1943 -4
1940 1944 1
1945 1949 -2
1945 1950 1
1945 1951 -2
1945 1952 2
1946 1949 -1
1946 1950 1
1946 1951 -2
1946 1952 4
1947 1949 -2
1947 1950 -4
1947 1951 1
1947 1952 1
1948 1949 4
1948 1950 4
1948 1951 -1
1948 1952 -2
1953 1957 1
1953 1958 -2
1953 1959 -1
1953 1960 2
1954 1957 1
1954 1958 -4
1954 1959 1
1954 1960 2
1955 1957 -2
1955 1958 4
1955 1959 -4
1955 1960 2
1956 1957 -4
1956 1958 -2
1956 1959 1
1956 1960 -1
1961 1965 2
1961 1966 -4
1961 1967 1
1961 1968 -1
1962 1965 -4
1962 1966 2
1962 1967 1
1962 1968 4
1963 1965 4
1963 1966 1
1963 1967 2
1963 1968 -1
1964 1965 -4
1964 1966 -2
1964 1967 2
1964 1968 -2
1969 1973 1
1969 1974 2
1969 1975 -1
1969 1976 4
1970 1973 4
1970 1974 4
1970 1975 4
1970 1976 -4
1971 1973 2
1971 1974 -4
1971 1975 -2
1971 1976 -1
1972 1973 -1
1972 1974 -2
1972 1975 -1
1972 1976 -1
1977 1981 2
1977 1982 4
1977 1983 2
1977 1984 -2
1978 1981 4
1978 1982 4
1978 1983 -1
1978 1984 4
1979 1981 -4
1979 1982 -4
1979 1983 2
1979 1984 -2
1980 1981 -1
1980 1982 -1
1980 1983 -2
1980 1984 4
1985 1989 -2
1985 1990 -2
1985 1991 1
1985 1992 -1
1986 1989 -2
1986 1990 1
1986 1991 1
1986 1992 -2
1987 1989 1
1987 1990 4
1987 1991 2
1987 1992 -4
1988 1989 1
1988 1990 -1
1988 1991 2
1988 1992 2
1993 1997 -1
1993 1998 1
1993 1999 -1
1993 2000 -4
1994 1997 1
1994 1998 -4
1994 1999 -1
1994 2000 -4
1995 1997 4
1995 1998 -4
1995 1999 -4
1995 2000 2
1996 1997 2
1996 1998 -4
1996 1999 -1
1996 2000 -2
2001 2005 -4
2001 2006 -4
2001 2007 1
2001 2008 1
2002 2005 -2
2002 2006 1
2002 2007 1
2002 2008 4
2003 2005 1
2003 2006 -1
2003 2007 -4
2003 2008 -4
2004 2005 -2
2004 2006 -4
2004 2007 -2
2004 2008 -4
2009 2013 -4
2009 2014 2
2009 2015 4
2009 2016 -4
2010 2013 -4
2010 2014 1
2010 2015 -4
2010 2016 -4
2011 2013 4
2011 2014 -4
2011 2015 2
2011 2016 4
2012 2013 -2
2012 2014 4
2012 2015 4
2012 2016 -4
2017 2021 -4
2017 2022 2
2017 2023 -1
2017 2024 4
2018 2021 4
2018 2022 4
2018 2023 -2
2018 2024 -1
2019 2021 2
2019 2022 -2
2019 2023 2
2019 2024 1
2020 2021 -1
2020 2022 2
2020 2023 1
2020 2024 2
2025 2029 -2
2025 2030 2
2025 2031 4
2025 2032 2
2026 2029 -4
2026 2030 1
2026 2031 4
2026 2032 -4
2027 2029 -4
2027 2030 1
2027 2031 1
2027 2032 -2
2028 2029 1
2028 2030 2
2028 2031 1
2028 2032 -1
2033 2037 4
2033 2038 1
2033 2039 4
2033 2040 4
2034 2037 -4
2034 2038 -2
2034 2039 4
2034 2040 -4
2035 2037 -1
2035 2038 4
2035 2039 4
2035 2040 -4
2036 2037 -4
2036 2038 -4
2036 2039 2
2036 2040 -2
2041 2045 -1
2041 2046 2
2041 2047 4
2041 2048 4
2042 2045 4
2042 2046 -2
2042 2047 -1
2042 2048 1
2043 2045 -4
2043 2046 -1
2043 2047 -4
2043 2048 -2
2044 2045 4
2044 2046 -2
2044 2047 1
2044 2048 -2
5 13 -1
6 14 2
7 15 4
8 16 -1
13 21 -4
14 22 -2
15 23 -2
16 24 -2
21 29 1
22 30 1
23 31 -4
24 32 -1
29 37 4
30 38 1
31 39 2
32 40 1
37 45 2
38 46 -4
39 47 -2
40 48 2
45 53 -4
46 54 4
47 55 -4
48 56 1
53 61 -1
54 62 2
55 63 2
56 64 -1
61 69 1
62 70 4
63 71 -2
64 72 2
69 77 -1
70 78 1
71 79 -2
72 80 2
77 85 1
78 86 -1
79 87 -2
80 88 4
85 93 -2
86 94 4
87 95 2
88 96 2
93 101 -1
94 102 4
95 103 -2
96 104 -1
101 109 1
102 110 1
103 111 1
104 112 2
109 117 1
110 118 -2
111 119 1
112 120 2
117 125 -1
118 126 -2
119 127 1
120 128 2
133 141 -2
134 142 -1
135 143 1
136 144 4
141 149 -4
142 150 1
143 151 4
144 152 -2
149 157 -2
150 158 -4
151 159 4
152 160 1
157 165 -4
158 166 2
159 167 4
160 168 2
165 173 4
166 174 -1
167 175 2
168 176 -1
173 181 1
174 182 2
175 183 -1
176 184 1
181 189 1
182 190 -4
183 191 -1
184 192 4
189 197 -4
190 198 -2
191 199 2
192 200 -4
197 205 4
198 206 4
199 207 -4
200 208 1
205 213 -1
206 214 -1
207 215 4
208 216 -4
213 221 4
214 222 -1
215 223 4
216 224 -4
221 229 -4
222 230 -4
223 231 -1
224 232 -4
229 237 -2
230 238 2
231 239 -4
232 240 1
237 245 -1
238 246 2
239 247 -2
240 248 2
245 253 2
246 254 -2
247 255 -4
248 256 1
261 269 1
262 270 -2
263 271 -1
264 272 1
269 277 -2
270 278 -1
271 279 -2
272 280 -4
277 285 2
278 286 1
279 287 -1
280 288 2
285 293 1
286 294 -1
287 295 -2
288 296 -1
293 301 2
294 302 2
295 303 1
296 304 1
301 309 -1
302 310 2
303 311 -2
304 312 -2
309 317 4
310 318 4
311 319 -2
312 320 4
317 325 -4
318 326 -4
319 327 4
320 328 2
325 333 -2
326 334 -1
327 335 -1
328 336 -4
333 341 2
334 342 2
335 343 -4
336 344 -1
341 349 -2
342 350 2
343 351 -2
344 352 -4
349 357 -4
350 358 2
351 359 4
352 360 2
357 365 -1
358 366 -2
359 367 -1
360 368 1
365 373 -4
366 374 4
367 375 1
368 376 2
373 381 -4
374 382 -4
375 383 -2
376 384 -1
389 397 1
390 398 -4
391 399 -4
392 400 -2
397 405 -2
398 406 -1
399 407 4
400 408 -4
405 413 -4
406 414 -2
407 415 2
408 416 -1
413 421 2
414 422 2
415 423 -4
416 424 -2
421 429 4
422 430 -2
423 431 -1
424 432 1
429 437 4
430 438 -4
431 439 -2
432 440 -1
437 445 1
438 446 2
439 447 4
440 448 4
445 453 -1
446 454 -2
447 455 4
448 456 2
453 461 2
454 462 4
455 463 -2
456 464 -2
461 469 -2
462 470 2
463 471 -1
464 472 -2
469 477 1
470 478 2
471 479 -2
472 480 1
477 485 -4
478 486 2
479 487 4
480 488 4
485 493 4
486 494 4
487 495 -4
488 496 -2
493 501 1
494 502 -2
495 503 1
496 504 -4
501 509 1
502 510 2
503 511 -2
504 512 2
517 525 -2
518 526 1
519 527 -4
520 528 -4
525 533 4
526 534 -1
527 535 -4
528 536 -2
533 541 -4
534 542 -1
535 543 -2
536 544 -4
541 549 -1
542 550 -4
543 551 -1
544 552 4
549 557 2
550 558 -1
551 559 -1
552 560 1
557 565 1
558 566 -1
559 567 1
560 568 1
565 573 4
566 574 4
567 575 2
568 576 -4
573 581 -4
574 582 2
575 583 -1
576 584 -4
581 589 -2
582 590 1
583 591 -4
584 592 1
589 597 2
590 598 4
591 599 4
592 600 -1
597 605 -2
598 606 -2
599 607 -2
600 608 -1
605 613 2
606 614 1
607 615 -1
608 616 2
613 621 -1
614 622 2
615 623 -4
616 624 1
621 629 1
622 630 -2
623 631 2
624 632 4
629 637 2
630 638 2
631 639 -4
632 640 -2
645 653 -4
646 654 -4
647 655 4
648 656 -2
653 661 -2
654 662 2
655 663 -1
656 664 1
661 669 -2
662 670 4
663 671 -1
664 672 4
669 677 -4
670 678 1
671 679 1
672 680 -2
677 685 -1
678 686 2
679 687 -2
680 688 1
685 693 4
686 694 -1
687 695 -4
688 696 -2
693 701 1
694 702 2
695 703 -1
696 704 -1
701 709 -2
702 710 -4
703 711 -4
704 712 -1
709 717 2
710 718 -4
711 719 1
712 720 -2
717 725 1
718 726 1
719 727 -2
720 728 1
725 733 2
726 734 1
727 735 -1
728 736 -2
733 741 1
734 742 4
735 743 -2
736 744 4
741 749 -2
742 750 4
743 751 4
744 752 4
749 757 2
750 758 1
751 759 2
752 760 1
757 765 -1
758 766 2
759 767 -1
760 768 -2
773 781 -2
774 782 4
775 783 1
776 784 4
781 789 4
782 790 -2
783 791 4
784 792 -1
789 797 1
790 798 -4
791 799 -2
792 800 1
797 805 4
798 806 2
799 807 -2
800 808 1
805 813 4
806 814 2
807 815 -2
808 816 -1
813 821 -4
814 822 -4
815 823 2
816 824 1
821 829 -1
822 830 2
823 831 -4
824 832 -1
829 837 -2
830 838 -1
831 839 4
832 840 -2
837 845 -2
838 846 -4
839 847 -1
840 848 1
845 853 -1
846 854 1
847 855 2
848 856 -2
853 861 -2
854 862 1
855 863 1
856 864 4
861 869 2
862 870 2
863 871 2
864 872 -4
869 877 -2
870 878 4
871 879 4
872 880 -4
877 885 -4
878 886 -2
879 887 2
880 888 -2
885 893 -4
886 894 2
887 895 2
888 896 4
901 909 -4
902 910 1
903 911 1
904 912 -4
909 917 -2
910 918 2
911 919 -4
912 920 -1
917 925 -4
918 926 4
919 927 -4
920 928 4
925 933 1
926 934 -1
927 935 -4
928 936 2
933 941 -1
934 942 2
935 943 4
936 944 -1
941 949 4
942 950 -4
943 951 1
944 952 -2
949 957 -1
950 958 -2
951 959 -2
952 960 4
957 965 4
958 966 4
959 967 4
960 968 2
965 973 -2
966 974 -4
967 975 4
968 976 -2
973 981 4
974 982 2
975 983 2
976 984 -1
981 989 -2
982 990 -1
983 991 2
984 992 2
989 997 1
990 998 1
991 999 -1
992 1000 2
997 1005 2
998 1006 1
999 1007 -2
1000 1008 -4
1005 1013 2
1006 1014 1
1007 1015 1
1008 1016 4
1013 1021 4
1014 1022 1
1015 1023 1
1016 1024 1
1029 1037 -1
1030 1038 -1
1031 1039 1
1032 1040 4
1037 1045 -1
1038 1046 2
1039 1047 2
1040 1048 2
1045 1053 -2
1046 1054 -1
1047 1055 -2
1048 1056 1
1053 1061 4
1054 1062 4
1055 1063 2
1056 1064 1
1061 1069 2
1062 1070 -2
1063 1071 4
1064 1072 -2
1069 1077 -4
1070 1078 4
1071 1079 1
1072 1080 -4
1077 1085 2
1078 1086 2
1079 1087 -4
1080 1088 -1
1085 1093 -4
1086 1094 -4
1087 1095 4
1088 1096 -4
1093 1101 1
1094 1102 -1
1095 1103 -2
1096 1104 2
1101 1109 -2
1102 1110 4
1103 1111 1
1104 1112 -4
1109 1117 -4
1110 1118 4
1111 1119 1
1112 1120 -4
1117 1125 1
1118 1126 4
1119 1127 -2
1120 1128 -2
1125 1133 -2
1126 1134 -4
1127 1135 -2
1128 1136 -2
1133 1141 -1
1134 1142 -2
1135 1143 1
1136 1144 -2
1141 1149 1
1142 1150 1
1143 1151 2
1144 1152 -2
1157 1165 2
1158 1166 -2
1159 1167 1
1160 1168 -1
1165 1173 -4
1166 1174 4
1167 1175 -1
1168 1176 4
1173 1181 -4
1174 1182 -2
1175 1183 4
1176 1184 -2
1181 1189 4
1182 1190 -2
1183 1191 -2
1184 1192 -1
1189 1197 2
1190 1198 -2
1191 1199 4
1192 1200 -4
1197 1205 -4
1198 1206 -2
1199 1207 4
1200 1208 4
1205 1213 1
1206 1214 4
1207 1215 -1
1208 1216 2
1213 1221 -1
1214 1222 -1
1215 1223 -4
1216 1224 -1
1221 1229 4
1222 1230 -1
1223 1231 2
1224 1232 4
1229 1237 4
1230 1238 1
1231 1239 4
1232 1240 -2
1237 1245 2
1238 1246 1
1239 1247 -4
1240 1248 -4
1245 1253 -4
1246 1254 2
1247 1255 -4
1248 1256 -1
1253 1261 -2
1254 1262 4
1255 1263 -1
1256 1264 4
1261 1269 -2
1262 1270 -1
1263 1271 1
1264 1272 -4
1269 1277 -4
1270 1278 4
1271 1279 2
1272 1280 -1
1285 1293 2
1286 1294 -1
1287 1295 -4
1288 1296 -1
1293 1301 2
1294 1302 -1
1295 1303 2
1296 1304 4
1301 1309 1
1302 1310 1
1303 1311 -2
1304 1312 -1
1309 1317 4
1310 1318 1
1311 1319 1
1312 1320 1
1317 1325 -4
1318 1326 4
1319 1327 4
1320 1328 -2
1325 1333 -4
1326 1334 4
1327 1335 4
1328 1336 -2
1333 1341 4
1334 1342 1
1335 1343 -2
1336 1344 1
1341 1349 1
1342 1350 4
1343 1351 4
1344 1352 4
1349 1357 -1
1350 1358 2
1351 1359 4
1352 1360 4
1357 1365 -2
1358 1366 -1
1359 1367 -4
1360 1368 -1
1365 1373 -2
1366 1374 -1
1367 1375 -4
1368 1376 2
1373 1381 1
1374 1382 1
1375 1383 4
1376 1384 2
1381 1389 -2
1382 1390 2
1383 1391 -4
1384 1392 2
1389 1397 4
1390 1398 2
1391 1399 -1
1392 1400 -1
1397 1405 -4
1398 1406 4
1399 1407 -4
1400 1408 1
1413 1421 4
1414 1422 4
1415 1423 -4
1416 1424 -1
1421 1429 -1
1422 1430 -2
1423 1431 -2
1424 1432 4
1429 1437 -4
1430 1438 -1
1431 1439 1
1432 1440 1
1437 1445 -2
1438 1446 -1
1439 1447 1
1440 1448 1
1445 1453 1
1446 1454 -1
1447 1455 -4
1448 1456 -2
1453 1461 1
1454 1462 -4
1455 1463 2
1456 1464 2
1461 1469 -2
1462 1470 2
1463 1471 1
1464 1472 -1
1469 1477 2
1470 1478 2
1471 1479 -4
1472 1480 -2
1477 1485 -4
1478 1486 2
1479 1487 -2
1480 1488 2
1485 1493 4
1486 1494 -2
1487 1495 -4
1488 1496 4
1493 1501 1
1494 1502 -2
1495 1503 4
1496 1504 4
1501 1509 -4
1502 1510 -2
1503 1511 -4
1504 1512 2
1509 1517 -4
1510 1518 1
1511 1519 -1
1512 1520 2
1517 1525 1
1518 1526 -2
1519 1527 -2
1520 1528 2
1525 1533 -2
1526 1534 -1
1527 1535 -1
1528 1536 2
1541 1549 2
1542 1550 -1
1543 1551 4
1544 1552 1
1549 1557 -1
1550 1558 4
1551 1559 -1
1552 1560 -1
1557 1565 1
1558 1566 -2
1559 1567 -2
1560 1568 2
1565 1573 4
1566 1574 -2
1567 1575 4
1568 1576 -4
1573 1581 1
1574 1582 -4
1575 1583 4
1576 1584 2
1581 1589 4
1582 1590 4
1583 1591 -1
1584 1592 1
1589 1597 -2
1590 1598 -1
1591 1599 4
1592 1600 2
1597 1605 -2
1598 1606 -1
1599 1607 1
1600 1608 4
1605 1613 -1
1606 1614 -4
1607 1615 -4
1608 1616 -2
1613 1621 -1
1614 1622 -2
1615 1623 -2
1616 1624 1
1621 1629 -1
1622 1630 -4
1623 1631 2
1624 1632 -4
1629 1637 1
1630 1638 -1
1631 1639 -1
1632 1640 4
1637 1645 -2
1638 1646 -2
1639 1647 -4
1640 1648 -1
1645 1653 -1
1646 1654 -2
1647 1655 2
1648 1656 -4
1653 1661 -1
1654 1662 -4
1655 1663 2
1656 1664 4
1669 1677 -4
1670 1678 4
1671 1679 -2
1672 1680 -2
1677 1685 1
1678 1686 -2
1679 1687 1
1680 1688 -2
1685 1693 -1
1686 1694 -2
1687 1695 1
1688 1696 -2
1693 1701 -2
1694 1702 2
1695 1703 -1
1696 1704 1
1701 1709 4
1702 1710 -2
1703 1711 2
1704 1712 4
1709 1717 -4
1710 1718 -2
1711 1719 4
1712 1720 2
1717 1725 4
1718 1726 -1
1719 1727 1
1720 1728 4
1725 1733 2
1726 1734 2
1727 1735 -2
1728 1736 2
1733 1741 -1
1734 1742 -1
1735 1743 1
1736 1744 -2
1741 1749 2
1742 1750 4
1743 1751 -1
1744 1752 4
1749 1757 1
1750 1758 1
1751 1759 4
1752 1760 4
1757 1765 -2
1758 1766 2
1759 1767 1
1760 1768 1
1765 1773 -4
1766 1774 2
1767 1775 2
1768 1776 -1
1773 1781 -4
1774 1782 -2
1775 1783 4
1776 1784 -2
1781 1789 -4
1782 1790 -4
1783 1791 -1
1784 1792 2
1797 1805 1
1798 1806 4
1799 1807 1
1800 1808 4
1805 1813 -1
1806 1814 -1
1807 1815 4
1808 1816 1
1813 1821 -2
1814 1822 1
1815 1823 2
1816 1824 2
1821 1829 -2
1822 1830 -4
1823 1831 -2
1824 1832 -1
1829 1837 4
1830 1838 -1
1831 1839 -1
1832 1840 -4
1837 1845 1
1838 1846 -4
1839 1847 1
1840 1848 4
1845 1853 1
1846 1854 1
1847 1855 -1
1848 1856 -1
1853 1861 1
1854 1862 -2
1855 1863 -4
1856 1864 1
1861 1869 -4
1862 1870 -1
1863 1871 4
1864 1872 1
1869 1877 -1
1870 1878 1
1871 1879 -1
1872 1880 2
1877 1885 -4
1878 1886 4
1879 1887 1
1880 1888 -1
1885 1893 -4
1886 1894 -4
1887 1895 -2
1888 1896 1
1893 1901 4
1894 1902 -2
1895 1903 -4
1896 1904 2
1901 1909 2
1902 1910 2
1903 1911 -1
1904 1912 -2
1909 1917 -2
1910 1918 1
1911 1919 1
1912 1920 2
1925 1933 4
1926 1934 1
1927 1935 -2
1928 1936 -4
1933 1941 -2
1934 1942 2
1935 1943 4
1936 1944 1
1941 1949 -2
1942 1950 -2
1943 1951 -4
1944 1952 -1
1949 1957 -2
1950 1958 4
1951 1959 4
1952 1960 2
1957 1965 4
1958 1966 2
1959 1967 -1
1960 1968 -4
1965 1973 4
1966 1974 1
1967 1975 -1
1968 1976 1
1973 1981 1
1974 1982 -2
1975 1983 4
1976 1984 4
1981 1989 4
1982 1990 1
1983 1991 -1
1984 1992 2
1989 1997 4
1990 1998 -1
1991 1999 -4
1992 2000 2
1997 2005 -4
1998 2006 -1
1999 2007 -1
2000 2008 4
2005 2013 1
2006 2014 4
2007 2015 -2
2008 2016 2
2013 2021 -1
2014 2022 -4
2015 2023 -1
2016 2024 -1
2021 2029 4
2022 2030 -2
2023 2031 -1
2024 2032 2
2029 2037 -1
2030 2038 4
2031 2039 -2
2032 2040 4
2037 2045 1
2038 2046 1
2039 2047 2
2040 2048 -2
1 129 -2
2 130 -1
3 131 1
4 132 2
129 257 2
130 258 2
131 259 -1
132 260 4
257 385 1
258 386 -1
259 387 -1
260 388 2
385 513 -4
386 514 -1
387 515 -4
388 516 -1
513 641 -2
514 642 2
515 643 -2
516 644 -4
641 769 -1
642 770 4
643 771 -2
644 772 1
769 897 4
770 898 1
771 899 1
772 900 4
897 1025 4
898 1026 2
899 1027 -2
900 1028 1
1025 1153 1
1026 1154 4
1027 1155 -2
1028 1156 2
1153 1281 -2
1154 1282 -1
1155 1283 1
1156 1284 -4
1281 1409 -2
1282 1410 -2
1283 1411 -4
1284 1412 2
1409 1537 4
1410 1538 4
1411 1539 -2
1412 1540 -2
1537 1665 -1
1538 1666 -1
1539 1667 2
1540 1668 2
1665 1793 -1
1666 1794 -1
1667 1795 -4
1668 1796 2
1793 1921 -1
1794 1922 2
1795 1923 -4
1796 1924 -1
9 137 -4
10 138 -4
11 139 -4
12 140 4
137 265 -1
138 266 4
139 267 -1
140 268 -1
265 393 -4
266 394 1
267 395 -4
268 396 1
393 521 -4
394 522 -4
395 523 1
396 524 -2
521 649 -1
522 650 -1
523 651 2
524 652 -4
649 777 4
650 778 2
651 779 -1
652 780 -2
777 905 -1
778 906 -1
779 907 1
780 908 1
905 1033 2
906 1034 4
907 1035 -4
908 1036 -2
1033 1161 2
1034 1162 4
1035 1163 4
1036 1164 4
1161 1289 -4
1162 1290 4
1163 1291 -1
1164 1292 -2
1289 1417 -1
1290 1418 2
1291 1419 -1
1292 1420 -4
1417 1545 -4
1418 1546 2
1419 1547 -2
1420 1548 -1
1545 1673 1
1546 1674 -4
1547 1675 -1
1548 1676 2
1673 1801 4
1674 1802 -2
1675 1803 -1
1676 1804 -4
1801 1929 -1
1802 1930 2
1803 1931 1
1804 1932 2
17 145 -4
18 146 1
19 147 -4
20 148 -2
145 273 1
146 274 2
147 275 -2
148 276 -1
273 401 4
274 402 4
275 403 -1
276 404 1
401 529 -1
402 530 2
403 531 1
404 532 -4
529 657 -1
530 658 -1
531 659 -1
532 660 -1
657 785 -2
658 786 4
659 787 -1
660 788 -4
785 913 2
786 914 -1
787 915 1
788 916 2
913 1041 4
914 1042 4
915 1043 2
916 1044 -4
1041 1169 -1
1042 1170 -2
1043 1171 -4
1044 1172 -1
1169 1297 -2
1170 1298 -4
1171 1299 1
1172 1300 -1
1297 1425 2
1298 1426 4
1299 1427 4
1300 1428 2
1425 1553 4
1426 1554 -4
1427 1555 -2
1428 1556 -4
1553 1681 -1
1554 1682 -4
1555 1683 -4
1556 1684 1
1681 1809 -1
1682 1810 4
1683 1811 -1
1684 1812 4
1809 1937 -4
1810 1938 2
1811 1939 -1
1812 1940 -1
25 153 -2
26 154 -4
27 155 -2
28 156 -4
153 281 4
154 282 -2
155 283 4
156 284 -4
281 409 -1
282 410 -4
283 411 -1
284 412 -2
409 537 -1
410 538 4
411 539 -1
412 540 -1
537 665 2
538 666 1
539 667 4
540 668 -2
665 793 -4
666 794 -1
667 795 -4
668 796 2
793 921 -4
794 922 1
795 923 -4
796 924 -4
921 1049 4
922 1050 1
923 1051 -4
924 1052 1
1049 1177 -2
1050 1178 -1
1051 1179 1
1052 1180 4
1177 1305 2
1178 1306 -4
1179 1307 -1
1180 1308 -2
1305 1433 1
1306 1434 -1
1307 1435 -4
1308 1436 -1
1433 1561 2
1434 1562 4
1435 1563 4
1436 1564 -2
1561 1689 2
1562 1690 -2
1563 1691 -1
1564 1692 -1
1689 1817 4
1690 1818 1
1691 1819 -4
1692 1820 -2
1817 1945 -1
1818 1946 -4
1819 1947 -2
1820 1948 -2
33 161 -4
34 162 -2
35 163 2
36 164 2
161 289 -4
162 290 -4
163 291 -1
164 292 -1
289 417 4
290 418 1
291 419 2
292 420 1
417 545 4
418 546 -1
419 547 2
420 548 4
545 673 -2
546 674 2
547 675 -4
548 676 -4
673 801 -2
674 802 -4
675 803 -2
676 804 -4
801 929 -4
802 930 1
803 931 -2
804 932 -4
929 1057 -1
930 1058 -1
931 1059 -4
932 1060 2
1057 1185 -2
1058 1186 4
1059 1187 -1
1060 1188 -4
1185 1313 -1
1186 1314 1
1187 1315 -1
1188 1316 -1
1313 1441 2
1314 1442 -4
1315 1443 2
1316 1444 1
1441 1569 1
1442 1570 1
1443 1571 -1
1444 1572 1
1569 1697 -4
1570 1698 2
1571 1699 -4
1572 1700 -1
1697 1825 1
1698 1826 -4
1699 1827 -1
1700 1828 -1
1825 1953 4
1826 1954 -2
1827 1955 -4
1828 1956 1
41 169 -2
42 170 -4
43 171 -4
44 172 4
169 297 -1
170 298 -2
171 299 -2
172 300 -4
297 425 1
298 426 -4
299 427 1
300 428 -2
425 553 -4
426 554 -1
427 555 -1
428 556 -2
553 681 1
554 682 -2
555 683 1
556 684 4
681 809 -2
682 810 2
683 811 -2
684 812 2
809 937 -4
810 938 -2
811 939 2
812 940 2
937 1065 1
938 1066 1
939 1067 -4
940 1068 1
1065 1193 -4
1066 1194 -2
1067 1195 -2
1068 1196 -2
1193 1321 -4
1194 1322 -1
1195 1323 -4
1196 1324 2
1321 1449 -4
1322 1450 4
1323 1451 -2
1324 1452 4
1449 1577 1
1450 1578 -4
1451 1579 -1
1452 1580 1
1577 1705 -1
1578 1706 4
1579 1707 1
1580 1708 -2
1705 1833 2
1706 1834 -2
1707 1835 1
1708 1836 -2
1833 1961 1
1834 1962 4
1835 1963 4
1836 1964 4
49 177 4
50 178 -2
51 179 2
52 180 2
177 305 1
178 306 2
179 307 -4
180 308 1
305 433 -2
306 434 2
307 435 -2
308 436 1
433 561 -2
434 562 -4
435 563 4
436 564 -4
561 689 2
562 690 -1
563 691 -4
564 692 4
689 817 -1
690 818 2
691 819 2
692 820 -2
817 945 -1
818 946 2
819 947 -1
820 948 1
945 1073 1
946 1074 4
947 1075 -1
948 1076 -2
1073 1201 -1
1074 1202 -2
1075 1203 4
1076 1204 -1
1201 1329 -2
1202 1330 1
1203 1331 -1
1204 1332 1
1329 1457 -2
1330 1458 2
1331 1459 -1
1332 1460 2
1457 1585 -2
1458 1586 -4
1459 1587 -4
1460 1588 1
1585 1713 -4
1586 1714 2
1587 1715 -2
1588 1716 -2
1713 1841 4
1714 1842 1
1715 1843 4
1716 1844 -2
1841 1969 2
1842 1970 -4
1843 1971 -2
1844 1972 1
57 185 -2
58 186 -2
59 187 1
60 188 4
185 313 -2
186 314 -2
187 315 1
188 316 4
313 441 1
314 442 -2
315 443 1
316 444 -2
441 569 -1
442 570 -4
443 571 2
444 572 -2
569 697 -2
570 698 4
571 699 1
572 700 -1
697 825 -1
698 826 1
699 827 -1
700 828 2
825 953 -4
826 954 -4
827 955 4
828 956 1
953 1081 4
954 1082 1
955 1083 1
956 1084 2
1081 1209 -4
1082 1210 1
1083 1211 2
1084 1212 4
1209 1337 -1
1210 1338 2
1211 1339 -4
1212 1340 -1
1337 1465 2
1338 1466 1
1339 1467 2
1340 1468 4
1465 1593 -1
1466 1594 -4
1467 1595 1
1468 1596 -4
1593 1721 1
1594 1722 -4
1595 1723 1
1596 1724 4
1721 1849 -4
1722 1850 -2
1723 1851 4
1724 1852 -1
1849 1977 -4
1850 1978 2
1851 1979 4
1852 1980 -2
65 193 4
66 194 -2
67 195 1
68 196 1
193 321 2
194 322 1
195 323 -2
196 324 1
321 449 -1
322 450 2
323 451 1
324 452 1
449 577 -4
450 578 -1
451 579 -1
452 580 -1
577 705 1
578 706 -2
579 707 2
580 708 4
705 833 -2
706 834 -4
707 835 2
708 836 2
833 961 -4
834 962 1
835 963 -2
836 964 -1
961 1089 -4
962 1090 -2
963 1091 4
964 1092 2
1089 1217 2
1090 1218 -4
1091 1219 2
1092 1220 4
1217 1345 -1
1218 1346 4
1219 1347 -4
1220 1348 1
1345 1473 2
1346 1474 -4
1347 1475 4
1348 1476 -2
1473 1601 1
1474 1602 2
1475 1603 -2
1476 1604 2
1601 1729 1
1602 1730 -4
1603 1731 -1
1604 1732 4
1729 1857 4
1730 1858 2
1731 1859 4
1732 1860 1
1857 1985 -4
1858 1986 -1
1859 1987 -1
1860 1988 4
73 201 -4
74 202 4
75 203 2
76 204 1
201 329 4
202 330 -2
203 331 -2
204 332 -1
329 457 2
330 458 2
331 459 4
332 460 -2
457 585 1
458 586 2
459 587 4
460 588 -1
585 713 4
586 714 4
587 715 1
588 716 -1
713 841 -1
714 842 4
715 843 2
716 844 -1
841 969 -2
842 970 -4
843 971 2
844 972 1
969 1097 2
970 1098 -1
971 1099 -2
972 1100 -1
1097 1225 -1
1098 1226 4
1099 1227 -4
1100 1228 -1
1225 1353 -4
1226 1354 1
1227 1355 -1
1228 1356 -4
1353 1481 2
1354 1482 -1
1355 1483 -2
1356 1484 -1
1481 1609 -4
1482 1610 -1
1483 1611 -2
1484 1612 -1
1609 1737 -4
1610 1738 4
1611 1739 4
1612 1740 -1
1737 1865 4
1738 1866 -4
1739 1867 4
1740 1868 4
1865 1993 2
1866 1994 4
1867 1995 -4
1868 1996 1
81 209 -2
82 210 -1
83 211 2
84 212 1
209 337 -4
210 338 -2
211 339 -1
212 340 2
337 465 1
338 466 1
339 467 2
340 468 -1
465 593 -2
466 594 4
467 595 4
468 596 -1
593 721 4
594 722 -1
595 723 4
596 724 2
721 849 -1
722 850 -1
723 851 -4
724 852 -2
849 977 -4
850 978 -4
851 979 1
852 980 -1
977 1105 -2
978 1106 1
979 1107 -2
980 1108 4
1105 1233 -1
1106 1234 4
1107 1235 -2
1108 1236 -4
1233 1361 -1
1234 1362 -1
1235 1363 4
1236 1364 1
1361 1489 4
1362 1490 -1
1363 1491 -2
1364 1492 -2
1489 1617 2
1490 1618 -4
1491 1619 4
1492 1620 1
1617 1745 2
1618 1746 -2
1619 1747 4
1620 1748 -1
1745 1873 -4
1746 1874 -4
1747 1875 -2
1748 1876 4
1873 2001 -1
1874 2002 -1
1875 2003 -4
1876 2004 -2
89 217 2
90 218 -1
91 219 1
92 220 2
217 345 1
218 346 -4
219 347 -4
220 348 2
345 473 -2
346 474 4
347 475 4
348 476 1
473 601 4
474 602 2
475 603 4
476 604 2
601 729 -1
602 730 -1
603 731 1
604 732 -2
729 857 1
730 858 4
731 859 -2
732 860 -1
857 985 4
858 986 2
859 987 4
860 988 -4
985 1113 -1
986 1114 4
987 1115 -4
988 1116 -4
1113 1241 2
1114 1242 1
1115 1243 1
1116 1244 -2
1241 1369 -2
1242 1370 -1
1243 1371 -1
1244 1372 4
1369 1497 2
1370 1498 2
1371 1499 -4
1372 1500 -4
1497 1625 -2
1498 1626 -2
1499 1627 -1
1500 1628 -4
1625 1753 4
1626 1754 -1
1627 1755 -2
1628 1756 -1
1753 1881 -2
1754 1882 4
1755 1883 1
1756 1884 1
1881 2009 -1
1882 2010 1
1883 2011 4
1884 2012 -4
97 225 4
98 226 -2
99 227 -2
100 228 1
225 353 -4
226 354 4
227 355 4
228 356 -4
353 481 2
354 482 -1
355 483 -2
356 484 1
481 609 -2
482 610 4
483 611 2
484 612 -2
609 737 -2
610 738 2
611 739 1
612 740 -2
737 865 1
738 866 2
739 867 4
740 868 -1
865 993 -1
866 994 -2
867 995 2
868 996 1
993 1121 2
994 1122 -4
995 1123 1
996 1124 2
1121 1249 2
1122 1250 4
1123 1251 1
1124 1252 -1
1249 1377 1
1250 1378 -2
1251 1379 -2
1252 1380 -4
1377 1505 -2
1378 1506 2
1379 1507 -1
1380 1508 4
1505 1633 1
1506 1634 -4
1507 1635 -4
1508 1636 2
1633 1761 -4
1634 1762 4
1635 1763 4
1636 1764 4
1761 1889 -1
1762 1890 2
1763 1891 4
1764 1892 1
1889 2017 -2
1890 2018 1
1891 2019 -1
1892 2020 -1
105 233 -2
106 234 2
107 235 2
108 236 -2
233 361 -4
234 362 -2
235 363 1
236 364 4
361 489 1
362 490 4
363 491 4
364 492 1
489 617 1
490 618 -2
491 619 1
492 620 -2
617 745 -2
618 746 4
619 747 1
620 748 1
745 873 2
746 874 -4
747 875 -2
748 876 -4
873 1001 4
874 1002 1
875 1003 -1
876 1004 4
1001 1129 1
1002 1130 -2
1003 1131 2
1004 1132 1
1129 1257 4
1130 1258 -2
1131 1259 4
1132 1260 2
1257 1385 4
1258 1386 -4
1259 1387 -1
1260 1388 1
1385 1513 1
1386 1514 1
1387 1515 -4
1388 1516 1
1513 1641 2
1514 1642 2
1515 1643 -2
1516 1644 1
1641 1769 -2
1642 1770 1
1643 1771 2
1644 1772 4
1769 1897 4
1770 1898 4
1771 1899 -1
1772 1900 -1
1897 2025 -1
1898 2026 -4
1899 2027 4
1900 2028 -4
113 241 -4
114 242 1
115 243 -4
116 244 4
241 369 -1
242 370 2
243 371 -2
244 372 1
369 497 2
370 498 -1
371 499 -1
372 500 -2
497 625 -4
498 626 -4
499 627 1
500 628 -1
625 753 4
626 754 -2
627 755 1
628 756 -2
753 881 4
754 882 4
755 883 1
756 884 1
881 1009 4
882 1010 2
883 1011 1
884 1012 4
1009 1137 -2
1010 1138 2
1011 1139 -2
1012 1140 -2
1137 1265 4
1138 1266 2
1139 1267 2
1140 1268 -1
1265 1393 -1
1266 1394 1
1267 1395 2
1268 1396 -4
1393 1521 -1
1394 1522 -1
1395 1523 1
1396 1524 2
1521 1649 1
1522 1650 4
1523 1651 -4
1524 1652 2
1649 1777 -1
1650 1778 -4
1651 1779 1
1652 1780 -1
1777 1905 1
1778 1906 2
1779 1907 -2
1780 1908 1
1905 2033 2
1906 2034 2
1907 2035 1
1908 2036 -1
121 249 -4
122 250 -1
123 251 4
124 252 -1
249 377 1
250 378 -1
251 379 -1
252 380 -4
377 505 2
378 506 2
379 507 -1
380 508 4
505 633 -4
506 634 4
507 635 -4
508 636 4
633 761 4
634 762 2
635 763 1
636 764 -4
761 889 -1
762 890 2
763 891 -1
764 892 -1
889 1017 2
890 1018 -1
891 1019 2
892 1020 -2
1017 1145 1
1018 1146 -1
1019 1147 4
1020 1148 2
1145 1273 -1
1146 1274 -4
1147 1275 -4
1148 1276 -1
1273 1401 4
1274 1402 4
1275 1403 4
1276 1404 4
1401 1529 -1
1402 1530 4
1403 1531 4
1404 1532 -1
1529 1657 1
1530 1658 4
1531 1659 2
1532 1660 2
1657 1785 -2
1658 1786 1
1659 1787 -4
1660 1788 -4
1785 1913 2
1786 1914 4
1787 1915 2
1788 1916 -1
1913 2041 2
1914 2042 4
1915 2043 -4
1916 2044 -2
