#
1 5 4
1 6 2
1 7 -1
1 8 1
2 5 -4
2 6 1
2 7 -4
2 8 2
3 5 1
3 6 2
3 7 2
3 8 4
4 5 -2
4 6 -2
4 7 -2
4 8 2
9 13 2
9 14 2
9 15 1
9 16 -4
10 13 -2
10 14 -2
10 15 4
10 16 1
11 13 -1
11 14 -1
11 15 4
11 16 4
12 13 2
12 14 -1
12 15 -2
12 16 1
17 21 -2
17 22 -2
17 23 -1
17 24 -2
18 21 -2
18 22 4
18 23 2
18 24 4
19 21 1
19 22 -2
19 23 2
19 24 1
20 21 -1
20 22 4
20 23 2
20 24 -2
25 29 4
25 30 -2
25 31 2
25 32 1
26 29 -2
26 30 -1
26 31 -4
26 32 1
27 29 4
27 30 -4
27 31 1
27 32 -2
28 29 -2
28 30 4
28 31 4
28 32 -4
33 37 -1
33 38 -4
33 39 1
33 40 -2
34 37 4
34 38 2
34 39 1
34 40 -2
35 37 2
35 38 4
35 39 -4
35 40 2
36 37 2
36 38 1
36 39 -2
36 40 1
41 45 4
41 46 4
41 47 1
41 48 2
42 45 1
42 46 4
42 47 -1
42 48 -2
43 45 -4
43 46 -1
43 47 -1
43 48 2
44 45 -4
44 46 -1
44 47 1
44 48 1
49 53 1
49 54 -4
49 55 -2
49 56 4
50 53 -1
50 54 -2
50 55 -2
50 56 -2
51 53 4
51 54 1
51 55 -1
51 56 -1
52 53 -2
52 54 1
52 55 1
52 56 -4
57 61 -2
57 62 -1
57 63 -4
57 64 4
58 61 4
58 62 1
58 63 1
58 64 -4
59 61 -2
59 62 -4
59 63 -1
59 64 2
60 61 1
60 62 -2
60 63 1
60 64 1
65 69 4
65 70 4
65 71 4
65 72 1
66 69 1
66 70 -4
66 71 -2
66 72 -4
67 69 -2
67 70 1
67 71 4
67 72 2
68 69 -1
68 70 1
68 71 -2
68 72 -1
73 77 4
73 78 -2
73 79 -2
73 80 -2
74 77 -2
74 78 1
74 79 -4
74 80 -4
75 77 -1
75 78 -1
75 79 1
75 80 2
76 77 -1
76 78 4
76 79 -4
76 80 -1
81 85 4
81 86 -4
81 87 -2
81 88 -2
82 85 4
82 86 2
82 87 -4
82 88 1
83 85 4
83 86 4
83 87 -1
83 88 2
84 85 2
84 86 4
84 87 -4
84 88 1
89 93 2
89 94 4
89 95 -4
89 96 4
90 93 4
90 94 -1
90 95 1
90 96 -4
91 93 -2
91 94 -2
91 95 2
91 96 4
92 93 -4
92 94 4
92 95 1
92 96 4
97 101 -2
97 102 4
97 103 -1
97 104 -4
98 101 -2
98 102 -4
98 103 4
98 104 -2
99 101 4
99 102 4
99 103 -4
99 104 2
100 101 -2
100 102 -4
100 103 1
100 104 4
105 109 -1
105 110 4
105 111 1
105 112 1
106 109 1
106 110 -1
106 111 -2
106 112 -2
107 109 4
107 110 1
107 111 2
107 112 2
108 109 2
108 110 -1
108 111 -1
108 112 2
113 117 -1
113 118 -4
113 119 1
113 120 4
114 117 2
114 118 -1
114 119 1
114 120 -1
115 117 1
115 118 -4
115 119 1
115 120 4
116 117 -2
116 118 1
116 119 -2
116 120 -1
121 125 2
121 126 -2
121 127 -4
121 128 -4
122 125 -4
122 126 -2
122 127 -4
122 128 2
123 125 -4
123 126 -2
123 127 4
123 128 2
124 125 -1
124 126 -2
124 127 -4
124 128 -1
129 133 1
129 134 2
129 135 -2
129 136 -1
130 133 1
130 134 4
130 135 4
130 136 2
131 133 -1
131 134 1
131 135 2
131 136 -1
132 133 1
132 134 4
132 135 -4
132 136 -1
137 141 1
137 142 4
137 143 -1
137 144 -4
138 141 4
138 142 -2
138 143 -2
138 144 -1
139 141 2
139 142 -4
139 143 4
139 144 2
140 141 4
140 142 4
140 143 -4
140 144 -4
145 149 2
145 150 1
145 151 4
145 152 -1
146 149 1
146 150 -2
146 151 -2
146 152 -4
147 149 1
147 150 4
147 151 1
147 152 -1
148 149 1
148 150 -1
148 151 1
148 152 2
153 157 -4
153 158 1
153 159 -2
153 160 2
154 157 -4
154 158 4
154 159 1
154 160 -4
155 157 -2
155 158 -2
155 159 -2
155 160 2
156 157 -2
156 158 4
156 159 -2
156 160 -2
161 165 4
161 166 4
161 167 2
161 168 1
162 165 2
162 166 -4
162 167 -4
162 168 1
163 165 4
163 166 -4
163 167 1
163 168 1
164 165 4
164 166 4
164 167 4
164 168 -2
169 173 4
169 174 1
169 175 -1
169 176 2
170 173 -2
170 174 -2
170 175 -1
170 176 -2
171 173 2
171 174 1
171 175 -2
171 176 -2
172 173 -1
172 174 4
172 175 2
172 176 4
177 181 4
177 182 1
177 183 4
177 184 1
178 181 -4
178 182 4
178 183 1
178 184 -4
179 181 -2
179 182 -2
179 183 2
179 184 -1
180 181 2
180 182 -4
180 183 -2
180 184 -1
185 189 1
185 190 -2
185 191 -2
185 192 -4
186 189 -1
186 190 -1
186 191 1
186 192 -2
187 189 2
187 190 -2
187 191 -1
187 192 -1
188 189 -4
188 190 -1
188 191 1
188 192 -1
193 197 -2
193 198 -2
193 199 1
193 200 1
194 197 -1
194 198 4
194 199 1
194 200 -4
195 197 2
195 198 -2
195 199 1
195 200 -4
196 197 -4
196 198 -4
196 199 -2
196 200 2
201 205 -1
201 206 -2
201 207 -4
201 208 -2
202 205 1
202 206 2
202 207 1
202 208 -1
203 205 -2
203 206 2
203 207 1
203 208 -1
204 205 1
204 206 4
204 207 -1
204 208 2
209 213 -2
209 214 4
209 215 -2
209 216 1
210 213 -2
210 214 1
210 215 -2
210 216 4
211 213 4
211 214 4
211 215 1
211 216 1
212 213 -1
212 214 1
212 215 -4
212 216 -1
217 221 -1
217 222 -4
217 223 -1
217 224 4
218 221 -1
218 222 1
218 223 -4
218 224 -1
219 221 -2
219 222 4
219 223 2
219 224 2
220 221 -4
220 222 2
220 223 -1
220 224 4
225 229 2
225 230 1
225 231 1
225 232 -4
226 229 4
226 230 1
226 231 1
226 232 1
227 229 -2
227 230 -4
227 231 -1
227 232 1
228 229 -4
228 230 2
228 231 -1
228 232 -4
233 237 -2
233 238 -1
233 239 -4
233 240 1
234 237 4
234 238 -2
234 239 1
234 240 -1
235 237 -1
235 238 -4
235 239 2
235 240 4
236 237 -1
236 238 -4
236 239 -2
236 240 4
241 245 -4
241 246 1
241 247 -2
241 248 -4
242 245 2
242 246 4
242 247 2
242 248 -2
243 245 -4
243 246 -1
243 247 -1
243 248 4
244 245 -2
244 246 -4
244 247 2
244 248 -2
249 253 2
249 254 2
249 255 -1
249 256 -1
250 253 -1
250 254 -1
250 255 1
250 256 -4
251 253 -1
251 254 4
251 255 -4
251 256 4
252 253 -4
252 254 -4
252 255 4
252 256 1
257 261 2
257 262 -4
257 263 1
257 264 4
258 261 -2
258 262 -2
258 263 4
258 264 -2
259 261 4
259 262 1
259 263 1
259 264 -1
260 261 -4
260 262 1
260 263 2
260 264 1
265 269 -1
265 270 2
265 271 2
265 272 -1
266 269 -4
266 270 1
266 271 -1
266 272 -1
267 269 -2
267 270 1
267 271 -1
267 272 2
268 269 1
268 270 -2
268 271 -2
268 272 -4
273 277 2
273 278 1
273 279 -1
273 280 4
274 277 -2
274 278 -4
274 279 1
274 280 1
275 277 1
275 278 2
275 279 2
275 280 -4
276 277 4
276 278 4
276 279 -2
276 280 -1
281 285 -4
281 286 4
281 287 4
281 288 -1
282 285 -4
282 286 -1
282 287 -2
282 288 -2
283 285 4
283 286 -2
283 287 4
283 288 1
284 285 -2
284 286 4
284 287 1
284 288 -4
289 293 -2
289 294 -2
289 295 -1
289 296 -2
290 293 -1
290 294 4
290 295 4
290 296 -4
291 293 4
291 294 4
291 295 -1
291 296 -2
292 293 1
292 294 4
292 295 -2
292 296 -2
297 301 2
297 302 -4
297 303 2
297 304 -4
298 301 2
298 302 -2
298 303 4
298 304 -1
299 301 -1
299 302 -4
299 303 -4
299 304 -2
300 301 -2
300 302 -2
300 303 -4
300 304 2
305 309 -2
305 310 -4
305 311 4
305 312 2
306 309 4
306 310 -4
306 311 -2
306 312 -2
307 309 -4
307 310 -4
307 311 4
307 312 2
308 309 2
308 310 -2
308 311 4
308 312 -2
313 317 -1
313 318 2
313 319 -4
313 320 1
314 317 4
314 318 -4
314 319 -1
314 320 -4
315 317 2
315 318 -1
315 319 -4
315 320 -2
316 317 1
316 318 1
316 319 2
316 320 -2
321 325 1
321 326 -4
321 327 -2
321 328 -4
322 325 4
322 326 4
322 327 -2
322 328 -4
323 325 -1
323 326 4
323 327 1
323 328 -4
324 325 -1
324 326 1
324 327 1
324 328 4
329 333 -4
329 334 1
329 335 1
329 336 2
330 333 -4
330 334 4
330 335 4
330 336 2
331 333 -2
331 334 -2
331 335 -2
331 336 -4
332 333 1
332 334 -4
332 335 -1
332 336 -1
337 341 4
337 342 2
337 343 2
337 344 2
338 341 1
338 342 1
338 343 1
338 344 4
339 341 -1
339 342 1
339 343 -4
339 344 4
340 341 1
340 342 -1
340 343 2
340 344 -2
345 349 -4
345 350 2
345 351 1
345 352 4
346 349 -2
346 350 4
346 351 4
346 352 4
347 349 1
347 350 2
347 351 -1
347 352 2
348 349 1
348 350 -2
348 351 -2
348 352 -2
353 357 -1
353 358 -1
353 359 2
353 360 1
354 357 1
354 358 -4
354 359 -1
354 360 2
355 357 -1
355 358 -2
355 359 -4
355 360 -1
356 357 2
356 358 -4
356 359 -2
356 360 -2
361 365 -4
361 366 -1
361 367 -1
361 368 -1
362 365 1
362 366 2
362 367 -4
362 368 4
363 365 2
363 366 4
363 367 1
363 368 -2
364 365 2
364 366 -1
364 367 1
364 368 1
369 373 4
369 374 -1
369 375 1
369 376 -1
370 373 2
370 374 2
370 375 -1
370 376 -1
371 373 -4
371 374 -1
371 375 2
371 376 -1
372 373 1
372 374 4
372 375 4
372 376 -4
377 381 -1
377 382 -2
377 383 -4
377 384 -4
378 381 -2
378 382 -4
378 383 -2
378 384 2
379 381 1
379 382 1
379 383 2
379 384 4
380 381 -2
380 382 -1
380 383 2
380 384 2
385 389 -2
385 390 -2
385 391 2
385 392 1
386 389 -4
386 390 -4
386 391 4
386 392 -4
387 389 2
387 390 1
387 391 1
387 392 -4
388 389 4
388 390 2
388 391 -1
388 392 -4
393 397 2
393 398 -2
393 399 2
393 400 2
394 397 1
394 398 -4
394 399 -4
394 400 -1
395 397 -4
395 398 -4
395 399 1
395 400 1
396 397 -4
396 398 4
396 399 1
396 400 -2
401 405 -1
401 406 -1
401 407 -4
401 408 1
402 405 -1
402 406 -2
402 407 -1
402 408 1
403 405 4
403 406 -1
403 407 -2
403 408 1
404 405 1
404 406 2
404 407 4
404 408 4
409 413 -2
409 414 -4
409 415 -2
409 416 -4
410 413 -2
410 414 -1
410 415 2
410 416 1
411 413 2
411 414 -4
411 415 4
411 416 -2
412 413 -1
412 414 -4
412 415 2
412 416 -2
417 421 2
417 422 1
417 423 -1
417 424 -1
418 421 4
418 422 -2
418 423 -4
418 424 -1
419 421 4
419 422 4
419 423 4
419 424 4
420 421 2
420 422 4
420 423 2
420 424 1
425 429 2
425 430 1
425 431 2
425 432 4
426 429 -4
426 430 1
426 431 -1
426 432 2
427 429 2
427 430 2
427 431 -2
427 432 -1
428 429 -1
428 430 1
428 431 4
428 432 2
433 437 2
433 438 -2
433 439 2
433 440 -1
434 437 1
434 438 2
434 439 -1
434 440 2
435 437 -4
435 438 -1
435 439 -4
435 440 2
436 437 4
436 438 -2
436 439 -2
436 440 1
441 445 4
441 446 4
441 447 -4
441 448 2
442 445 2
442 446 -2
442 447 -2
442 448 -1
443 445 1
443 446 -1
443 447 -4
443 448 -1
444 445 1
444 446 4
444 447 -4
444 448 -2
449 453 1
449 454 4
449 455 -2
449 456 -1
450 453 2
450 454 4
450 455 2
450 456 1
451 453 -4
451 454 -4
451 455 4
451 456 -1
452 453 4
452 454 -1
452 455 -4
452 456 1
457 461 2
457 462 -1
457 463 -2
457 464 1
458 461 4
458 462 -4
458 463 -4
458 464 -1
459 461 -2
459 462 2
459 463 1
459 464 2
460 461 2
460 462 1
460 463 -4
460 464 4
465 469 -2
465 470 -2
465 471 4
465 472 -4
466 469 4
466 470 -1
466 471 -2
466 472 -4
467 469 -2
467 470 -1
467 471 4
467 472 4
468 469 1
468 470 1
468 471 -4
468 472 -1
473 477 4
473 478 -2
473 479 -4
473 480 -2
474 477 -2
474 478 1
474 479 -1
474 480 -4
475 477 1
475 478 2
475 479 4
475 480 4
476 477 -2
476 478 4
476 479 -1
476 480 -4
481 485 1
481 486 -1
481 487 -2
481 488 4
482 485 1
482 486 2
482 487 -4
482 488 -4
483 485 2
483 486 -4
483 487 -4
483 488 4
484 485 -1
484 486 -1
484 487 1
484 488 -2
489 493 -1
489 494 -2
489 495 1
489 496 2
490 493 2
490 494 -4
490 495 1
490 496 2
491 493 -4
491 494 -4
491 495 4
491 496 -4
492 493 -1
492 494 1
492 495 -2
492 496 -1
497 501 -2
497 502 -2
497 503 4
497 504 -4
498 501 -2
498 502 -1
498 503 2
498 504 -1
499 501 2
499 502 -2
499 503 2
499 504 -2
500 501 -2
500 502 -4
500 503 4
500 504 4
505 509 -4
505 510 -1
505 511 2
505 512 2
506 509 -2
506 510 4
506 511 4
506 512 -4
507 509 2
507 510 1
507 511 -2
507 512 4
508 509 -1
508 510 -2
508 511 -1
508 512 -4
513 517 -2
513 518 2
513 519 -1
513 520 4
514 517 4
514 518 -1
514 519 1
514 520 -4
515 517 1
515 518 -2
515 519 -1
515 520 -2
516 517 -4
516 518 4
516 519 4
516 520 -4
521 525 -4
521 526 1
521 527 -1
521 528 2
522 525 -1
522 526 -4
522 527 -2
522 528 -2
523 525 -2
523 526 -2
523 527 -1
523 528 -1
524 525 4
524 526 1
524 527 -4
524 528 1
529 533 1
529 534 1
529 535 -4
529 536 1
530 533 2
530 534 -1
530 535 4
530 536 -1
531 533 -4
531 534 2
531 535 -4
531 536 -1
532 533 1
532 534 4
532 535 -2
532 536 -2
537 541 -4
537 542 1
537 543 1
537 544 1
538 541 -2
538 542 4
538 543 2
538 544 -2
539 541 1
539 542 1
539 543 1
539 544 4
540 541 4
540 542 1
540 543 -4
540 544 -2
545 549 2
545 550 1
545 551 -4
545 552 -1
546 549 -4
546 550 2
546 551 1
546 552 -4
547 549 -2
547 550 1
547 551 1
547 552 -4
548 549 -2
548 550 -1
548 551 2
548 552 1
553 557 1
553 558 -1
553 559 -4
553 560 4
554 557 2
554 558 -4
554 559 4
554 560 -4
555 557 -2
555 558 2
555 559 2
555 560 -2
556 557 4
556 558 -1
556 559 4
556 560 2
561 565 -2
561 566 -1
561 567 -2
561 568 -4
562 565 2
562 566 4
562 567 -4
562 568 2
563 565 -2
563 566 -4
563 567 -1
563 568 -2
564 565 -1
564 566 1
564 567 -2
564 568 4
569 573 -1
569 574 4
569 575 -4
569 576 -4
570 573 2
570 574 2
570 575 4
570 576 -1
571 573 2
571 574 -2
571 575 -4
571 576 -1
572 573 2
572 574 2
572 575 -4
572 576 -4
577 581 -4
577 582 1
577 583 4
577 584 -4
578 581 -2
578 582 2
578 583 -2
578 584 2
579 581 2
579 582 -1
579 583 -2
579 584 -4
580 581 1
580 582 -4
580 583 -4
580 584 -2
585 589 -4
585 590 -4
585 591 -2
585 592 1
586 589 2
586 590 2
586 591 -2
586 592 -4
587 589 -1
587 590 4
587 591 -1
587 592 1
588 589 4
588 590 2
588 591 2
588 592 -2
593 597 -4
593 598 4
593 599 2
593 600 -2
594 597 2
594 598 -1
594 599 -4
594 600 1
595 597 -1
595 598 4
595 599 2
595 600 4
596 597 1
596 598 -1
596 599 -2
596 600 4
601 605 -2
601 606 -4
601 607 -1
601 608 4
602 605 -1
602 606 -1
602 607 -1
602 608 -1
603 605 4
603 606 -4
603 607 -2
603 608 -4
604 605 2
604 606 -4
604 607 -2
604 608 2
609 613 1
609 614 2
609 615 4
609 616 -4
610 613 2
610 614 2
610 615 -2
610 616 1
611 613 4
611 614 4
611 615 1
611 616 4
612 613 -1
612 614 1
612 615 1
612 616 -1
617 621 -2
617 622 1
617 623 1
617 624 4
618 621 4
618 622 1
618 623 -4
618 624 -4
619 621 4
619 622 1
619 623 -2
619 624 4
620 621 1
620 622 -1
620 623 -4
620 624 4
625 629 -2
625 630 1
625 631 -2
625 632 -1
626 629 -4
626 630 -1
626 631 1
626 632 -2
627 629 4
627 630 4
627 631 1
627 632 -4
628 629 2
628 630 -2
628 631 2
628 632 4
633 637 -1
633 638 2
633 639 -1
633 640 2
634 637 1
634 638 2
634 639 1
634 640 2
635 637 -1
635 638 -1
635 639 -2
635 640 -2
636 637 1
636 638 4
636 639 1
636 640 2
641 645 -1
641 646 2
641 647 -2
641 648 1
642 645 1
642 646 -4
642 647 -4
642 648 -2
643 645 1
643 646 4
643 647 2
643 648 -2
644 645 -4
644 646 -2
644 647 1
644 648 -4
649 653 -2
649 654 -2
649 655 -2
649 656 -1
650 653 -1
650 654 -2
650 655 -2
650 656 -4
651 653 -1
651 654 4
651 655 4
651 656 -1
652 653 -4
652 654 -4
652 655 -1
652 656 -2
657 661 1
657 662 -4
657 663 4
657 664 4
658 661 -1
658 662 1
658 663 -2
658 664 1
659 661 2
659 662 1
659 663 1
659 664 -2
660 661 -2
660 662 -2
660 663 2
660 664 -1
665 669 1
665 670 4
665 671 -1
665 672 -2
666 669 4
666 670 2
666 671 1
666 672 -4
667 669 1
667 670 -4
667 671 2
667 672 2
668 669 -2
668 670 4
668 671 -1
668 672 -4
673 677 -2
673 678 1
673 679 2
673 680 4
674 677 -4
674 678 -4
674 679 -1
674 680 4
675 677 4
675 678 -4
675 679 4
675 680 -1
676 677 1
676 678 2
676 679 1
676 680 -4
681 685 1
681 686 2
681 687 2
681 688 1
682 685 -2
682 686 -2
682 687 -1
682 688 2
683 685 -2
683 686 -1
683 687 1
683 688 1
684 685 4
684 686 2
684 687 2
684 688 -2
689 693 -2
689 694 -1
689 695 4
689 696 2
690 693 1
690 694 -2
690 695 -2
690 696 2
691 693 -4
691 694 -2
691 695 -2
691 696 -1
692 693 4
692 694 4
692 695 4
692 696 2
697 701 4
697 702 -1
697 703 4
697 704 1
698 701 4
698 702 4
698 703 4
698 704 2
699 701 2
699 702 -2
699 703 -2
699 704 -4
700 701 4
700 702 -4
700 703 -1
700 704 -4
705 709 -2
705 710 2
705 711 -1
705 712 -1
706 709 -4
706 710 1
706 711 1
706 712 -1
707 709 2
707 710 4
707 711 -4
707 712 1
708 709 4
708 710 -1
708 711 -4
708 712 4
713 717 -1
713 718 4
713 719 -4
713 720 1
714 717 1
714 718 4
714 719 1
714 720 1
715 717 -1
715 718 -2
715 719 4
715 720 -1
716 717 4
716 718 -2
716 719 -4
716 720 -4
721 725 -1
721 726 -4
721 727 -1
721 728 1
722 725 4
722 726 4
722 727 2
722 728 -1
723 725 -2
723 726 2
723 727 -4
723 728 2
724 725 4
724 726 -2
724 727 2
724 728 -4
729 733 -1
729 734 2
729 735 4
729 736 4
730 733 -4
730 734 -2
730 735 2
730 736 2
731 733 -2
731 734 -2
731 735 4
731 736 1
732 733 2
732 734 -2
732 735 -4
732 736 -2
737 741 2
737 742 -2
737 743 4
737 744 2
738 741 1
738 742 2
738 743 1
738 744 2
739 741 -1
739 742 2
739 743 1
739 744 -2
740 741 4
740 742 4
740 743 -2
740 744 -4
745 749 -2
745 750 2
745 751 4
745 752 -1
746 749 -1
746 750 -1
746 751 1
746 752 -2
747 749 1
747 750 1
747 751 -4
747 752 -1
748 749 1
748 750 -2
748 751 -2
748 752 -2
753 757 4
753 758 2
753 759 2
753 760 -4
754 757 1
754 758 4
754 759 -2
754 760 2
755 757 4
755 758 4
755 759 -2
755 760 2
756 757 1
756 758 4
756 759 4
756 760 1
761 765 1
761 766 -2
761 767 -4
761 768 1
762 765 -1
762 766 4
762 767 -2
762 768 -4
763 765 -4
763 766 -1
763 767 4
763 768 -1
764 765 2
764 766 -4
764 767 1
764 768 2
769 773 -4
769 774 2
769 775 -4
769 776 -1
770 773 1
770 774 -1
770 775 -1
770 776 4
771 773 1
771 774 4
771 775 -4
771 776 -4
772 773 1
772 774 -1
772 775 -4
772 776 4
777 781 -4
777 782 1
777 783 -1
777 784 1
778 781 2
778 782 -1
778 783 -2
778 784 2
779 781 2
779 782 -1
779 783 1
779 784 2
780 781 -2
780 782 1
780 783 4
780 784 -1
785 789 -1
785 790 4
785 791 -4
785 792 4
786 789 -4
786 790 -4
786 791 -1
786 792 1
787 789 4
787 790 -2
787 791 -1
787 792 4
788 789 2
788 790 -4
788 791 -4
788 792 -2
793 797 2
793 798 -1
793 799 -1
793 800 1
794 797 2
794 798 2
794 799 -2
794 800 -1
795 797 -1
795 798 4
795 799 2
795 800 4
796 797 2
796 798 -4
796 799 -2
796 800 4
801 805 -4
801 806 -4
801 807 1
801 808 4
802 805 1
802 806 2
802 807 1
802 808 -1
803 805 -1
803 806 1
803 807 4
803 808 -1
804 805 -2
804 806 4
804 807 4
804 808 -4
809 813 -4
809 814 2
809 815 1
809 816 -2
810 813 2
810 814 -1
810 815 4
810 816 4
811 813 -2
811 814 -2
811 815 -1
811 816 -4
812 813 -1
812 814 -4
812 815 4
812 816 -1
817 821 2
817 822 -1
817 823 -1
817 824 2
818 821 -1
818 822 -1
818 823 1
818 824 1
819 821 -1
819 822 2
819 823 1
819 824 -1
820 821 1
820 822 4
820 823 1
820 824 2
825 829 -4
825 830 -1
825 831 -4
825 832 4
826 829 4
826 830 1
826 831 1
826 832 -1
827 829 -4
827 830 2
827 831 4
827 832 -2
828 829 -4
828 830 -4
828 831 1
828 832 2
833 837 -4
833 838 -2
833 839 -2
833 840 -1
834 837 2
834 838 2
834 839 -4
834 840 1
835 837 2
835 838 1
835 839 -2
835 840 -4
836 837 -4
836 838 -2
836 839 2
836 840 1
841 845 -4
841 846 4
841 847 -1
841 848 -2
842 845 2
842 846 2
842 847 -4
842 848 1
843 845 -4
843 846 1
843 847 1
843 848 1
844 845 -1
844 846 2
844 847 1
844 848 2
849 853 4
849 854 -4
849 855 1
849 856 -1
850 853 2
850 854 -1
850 855 -4
850 856 1
851 853 -2
851 854 -2
851 855 4
851 856 1
852 853 4
852 854 1
852 855 -4
852 856 -2
857 861 -1
857 862 4
857 863 -4
857 864 1
858 861 -1
858 862 1
858 863 -1
858 864 -2
859 861 1
859 862 -1
859 863 2
859 864 1
860 861 -4
860 862 4
860 863 2
860 864 4
865 869 2
865 870 4
865 871 -2
865 872 -4
866 869 1
866 870 2
866 871 4
866 872 -4
867 869 2
867 870 2
867 871 1
867 872 -2
868 869 -1
868 870 2
868 871 4
868 872 4
873 877 2
873 878 1
873 879 1
873 880 -1
874 877 -2
874 878 4
874 879 4
874 880 2
875 877 -4
875 878 4
875 879 2
875 880 -4
876 877 -4
876 878 -4
876 879 -1
876 880 1
881 885 1
881 886 -4
881 887 1
881 888 4
882 885 -1
882 886 -2
882 887 -2
882 888 4
883 885 -1
883 886 -2
883 887 -1
883 888 4
884 885 2
884 886 -4
884 887 -1
884 888 4
889 893 2
889 894 1
889 895 -4
889 896 1
890 893 -4
890 894 -1
890 895 -2
890 896 1
891 893 -4
891 894 1
891 895 4
891 896 4
892 893 -2
892 894 1
892 895 -2
892 896 4
897 901 1
897 902 2
897 903 -1
897 904 -1
898 901 -1
898 902 4
898 903 -2
898 904 2
899 901 2
899 902 -1
899 903 4
899 904 -2
900 901 4
900 902 -4
900 903 -2
900 904 2
905 909 -4
905 910 -2
905 911 -1
905 912 4
906 909 -1
906 910 -1
906 911 -1
906 912 -2
907 909 4
907 910 -2
907 911 -1
907 912 -1
908 909 -4
908 910 1
908 911 -2
908 912 -2
913 917 2
913 918 4
913 919 -2
913 920 -1
914 917 1
914 918 -2
914 919 2
914 920 -1
915 917 1
915 918 1
915 919 -1
915 920 -1
916 917 4
916 918 2
916 919 2
916 920 -1
921 925 -1
921 926 -1
921 927 -1
921 928 4
922 925 -4
922 926 1
922 927 -4
922 928 -4
923 925 4
923 926 -4
923 927 1
923 928 4
924 925 -2
924 926 -4
924 927 2
924 928 4
929 933 -1
929 934 1
929 935 -4
929 936 -2
930 933 -1
930 934 -4
930 935 4
930 936 -2
931 933 -4
931 934 1
931 935 -1
931 936 -4
932 933 -2
932 934 4
932 935 -2
932 936 -4
937 941 -4
937 942 -2
937 943 4
937 944 -2
938 941 4
938 942 1
938 943 -4
938 944 -4
939 941 2
939 942 4
939 943 -2
939 944 -2
940 941 4
940 942 -1
940 943 1
940 944 -1
945 949 -2
945 950 1
945 951 -4
945 952 -1
946 949 -2
946 950 1
946 951 1
946 952 -1
947 949 2
947 950 2
947 951 -4
947 952 1
948 949 -2
948 950 -1
948 951 4
948 952 -4
953 957 2
953 958 -4
953 959 -4
953 960 2
954 957 4
954 958 4
954 959 2
954 960 4
955 957 -2
955 958 4
955 959 -4
955 960 -1
956 957 -1
956 958 2
956 959 2
956 960 4
961 965 -2
961 966 -2
961 967 -4
961 968 -4
962 965 -4
962 966 -2
962 967 -4
962 968 -4
963 965 1
963 966 -4
963 967 2
963 968 2
964 965 -2
964 966 -2
964 967 1
964 968 4
969 973 4
969 974 -4
969 975 -1
969 976 -1
970 973 4
970 974 -4
970 975 -1
970 976 4
971 973 2
971 974 4
971 975 -4
971 976 -1
972 973 4
972 974 -4
972 975 1
972 976 1
977 981 1
977 982 -2
977 983 4
977 984 -4
978 981 -1
978 982 -2
978 983 -2
978 984 -1
979 981 -1
979 982 1
979 983 -1
979 984 -1
980 981 -2
980 982 2
980 983 -4
980 984 -4
985 989 -4
985 990 2
985 991 2
985 992 4
986 989 -4
986 990 -4
986 991 4
986 992 -2
987 989 1
987 990 4
987 991 1
987 992 -2
988 989 -2
988 990 -4
988 991 -1
988 992 1
993 997 2
993 998 1
993 999 -4
993 1000 -4
994 997 2
994 998 1
994 999 2
994 1000 -4
995 997 -1
995 998 1
995 999 4
995 1000 -4
996 997 2
996 998 -2
996 999 4
996 1000 4
1001 1005 -4
1001 1006 1
1001 1007 1
1001 1008 4
1002 1005 -2
1002 1006 -1
1002 1007 1
1002 1008 -1
1003 1005 4
1003 1006 2
1003 1007 -1
1003 1008 -4
1004 1005 -2
1004 1006 2
1004 1007 -4
1004 1008 1
1009 1013 -2
1009 1014 -2
1009 1015 -1
1009 1016 4
1010 1013 -4
1010 1014 -4
1010 1015 -4
1010 1016 -2
1011 1013 4
1011 1014 2
1011 1015 -4
1011 1016 2
1012 1013 -2
1012 1014 2
1012 1015 -1
1012 1016 -4
1017 1021 2
1017 1022 4
1017 1023 1
1017 1024 -4
1018 1021 4
1018 1022 4
1018 1023 -2
1018 1024 -2
1019 1021 -2
1019 1022 -1
1019 1023 1
1019 1024 4
1020 1021 2
1020 1022 -1
1020 1023 2
1020 1024 2
1025 1029 -4
1025 1030 -4
1025 1031 1
1025 1032 -2
1026 1029 -4
1026 1030 2
1026 1031 -1
1026 1032 -4
1027 1029 1
1027 1030 1
1027 1031 -4
1027 1032 4
1028 1029 -2
1028 1030 -4
1028 1031 2
1028 1032 2
1033 1037 4
1033 1038 -1
1033 1039 -2
1033 1040 4
1034 1037 -2
1034 1038 -1
1034 1039 -2
1034 1040 -1
1035 1037 1
1035 1038 1
1035 1039 4
1035 1040 2
1036 1037 4
1036 1038 2
1036 1039 4
1036 1040 4
1041 1045 -1
1041 1046 4
1041 1047 -4
1041 1048 -1
1042 1045 4
1042 1046 4
1042 1047 -1
1042 1048 1
1043 1045 -2
1043 1046 1
1043 1047 2
1043 1048 -1
1044 1045 -2
1044 1046 -4
1044 1047 1
1044 1048 4
1049 1053 -4
1049 1054 1
1049 1055 -2
1049 1056 2
1050 1053 -1
1050 1054 -4
1050 1055 -1
1050 1056 4
1051 1053 2
1051 1054 -2
1051 1055 2
1051 1056 -2
1052 1053 -1
1052 1054 -1
1052 1055 4
1052 1056 1
1057 1061 -2
1057 1062 -4
1057 1063 -1
1057 1064 -2
1058 1061 -1
1058 1062 4
1058 1063 -2
1058 1064 4
1059 1061 -4
1059 1062 2
1059 1063 1
1059 1064 4
1060 1061 -2
1060 1062 4
1060 1063 -2
1060 1064 -2
1065 1069 -2
1065 1070 2
1065 1071 4
1065 1072 -1
1066 1069 2
1066 1070 -4
1066 1071 -4
1066 1072 4
1067 1069 -2
1067 1070 2
1067 1071 2
1067 1072 -1
1068 1069 -4
1068 1070 -1
1068 1071 2
1068 1072 4
1073 1077 2
1073 1078 1
1073 1079 1
1073 1080 1
1074 1077 2
1074 1078 4
1074 1079 4
1074 1080 -4
1075 1077 -4
1075 1078 1
1075 1079 -2
1075 1080 -1
1076 1077 -4
1076 1078 -1
1076 1079 -1
1076 1080 1
1081 1085 4
1081 1086 -1
1081 1087 -4
1081 1088 1
1082 1085 2
1082 1086 1
1082 1087 2
1082 1088 2
1083 1085 -2
1083 1086 1
1083 1087 -1
1083 1088 1
1084 1085 2
1084 1086 4
1084 1087 4
1084 1088 2
1089 1093 4
1089 1094 -1
1089 1095 2
1089 1096 -1
1090 1093 -4
1090 1094 4
1090 1095 4
1090 1096 4
1091 1093 1
1091 1094 -1
1091 1095 -4
1091 1096 -1
1092 1093 2
1092 1094 -1
1092 1095 -2
1092 1096 1
1097 1101 -4
1097 1102 -1
1097 1103 2
1097 1104 -1
1098 1101 2
1098 1102 4
1098 1103 -1
1098 1104 -4
1099 1101 2
1099 1102 1
1099 1103 -1
1099 1104 -1
1100 1101 -1
1100 1102 -2
1100 1103 4
1100 1104 -1
1105 1109 4
1105 1110 2
1105 1111 -4
1105 1112 4
1106 1109 4
1106 1110 -1
1106 1111 4
1106 1112 -1
1107 1109 4
1107 1110 -4
1107 1111 4
1107 1112 2
1108 1109 -4
1108 1110 -1
1108 1111 4
1108 1112 1
1113 1117 -1
1113 1118 1
1113 1119 -1
1113 1120 4
1114 1117 1
1114 1118 4
1114 1119 2
1114 1120 -4
1115 1117 -2
1115 1118 1
1115 1119 2
1115 1120 -1
1116 1117 -1
1116 1118 -4
1116 1119 -1
1116 1120 -1
1121 1125 -1
1121 1126 1
1121 1127 1
1121 1128 -1
1122 1125 4
1122 1126 2
1122 1127 2
1122 1128 -2
1123 1125 2
1123 1126 -4
1123 1127 1
1123 1128 2
1124 1125 4
1124 1126 -4
1124 1127 4
1124 1128 4
1129 1133 -2
1129 1134 -2
1129 1135 -4
1129 1136 1
1130 1133 2
1130 1134 -4
1130 1135 4
1130 1136 -4
1131 1133 -2
1131 1134 2
1131 1135 2
1131 1136 1
1132 1133 1
1132 1134 -4
1132 1135 -2
1132 1136 -4
1137 1141 2
1137 1142 -2
1137 1143 2
1137 1144 -1
1138 1141 -2
1138 1142 4
1138 1143 -4
1138 1144 2
1139 1141 -2
1139 1142 1
1139 1143 4
1139 1144 -2
1140 1141 -2
1140 1142 -4
1140 1143 -4
1140 1144 -2
1145 1149 1
1145 1150 -1
1145 1151 1
1145 1152 2
1146 1149 1
1146 1150 2
1146 1151 -4
1146 1152 2
1147 1149 -2
1147 1150 4
1147 1151 1
1147 1152 1
1148 1149 -2
1148 1150 -4
1148 1151 -4
1148 1152 4
1153 1157 1
1153 1158 -2
1153 1159 4
1153 1160 1
1154 1157 -2
1154 1158 -1
1154 1159 -2
1154 1160 1
1155 1157 -1
1155 1158 -2
1155 1159 1
1155 1160 2
1156 1157 1
1156 1158 -2
1156 1159 -1
1156 1160 -2
1161 1165 -4
1161 1166 2
1161 1167 2
1161 1168 1
1162 1165 -2
1162 1166 -4
1162 1167 4
1162 1168 2
1163 1165 -2
1163 1166 1
1163 1167 -1
1163 1168 2
1164 1165 2
1164 1166 2
1164 1167 2
1164 1168 4
1169 1173 2
1169 1174 1
1169 1175 -2
1169 1176 4
1170 1173 -1
1170 1174 1
1170 1175 -2
1170 1176 2
1171 1173 1
1171 1174 1
1171 1175 1
1171 1176 -4
1172 1173 -4
1172 1174 1
1172 1175 -1
1172 1176 1
1177 1181 1
1177 1182 -1
1177 1183 1
1177 1184 1
1178 1181 -2
1178 1182 1
1178 1183 -1
1178 1184 1
1179 1181 -2
1179 1182 4
1179 1183 -1
1179 1184 -4
1180 1181 -2
1180 1182 -1
1180 1183 4
1180 1184 -2
1185 1189 -2
1185 1190 1
1185 1191 -4
1185 1192 -4
1186 1189 4
1186 1190 -4
1186 1191 2
1186 1192 -2
1187 1189 2
1187 1190 2
1187 1191 -1
1187 1192 -2
1188 1189 4
1188 1190 -2
1188 1191 -2
1188 1192 -4
1193 1197 4
1193 1198 1
1193 1199 2
1193 1200 -1
1194 1197 -1
1194 1198 -1
1194 1199 4
1194 1200 1
1195 1197 1
1195 1198 -2
1195 1199 2
1195 1200 -4
1196 1197 1
1196 1198 -2
1196 1199 -1
1196 1200 4
1201 1205 2
1201 1206 -4
1201 1207 2
1201 1208 -1
1202 1205 4
1202 1206 2
1202 1207 -4
1202 1208 2
1203 1205 -1
1203 1206 4
1203 1207 -2
1203 1208 -4
1204 1205 -4
1204 1206 -2
1204 1207 -2
1204 1208 -1
1209 1213 4
1209 1214 1
1209 1215 2
1209 1216 4
1210 1213 -4
1210 1214 1
1210 1215 -1
1210 1216 -4
1211 1213 2
1211 1214 2
1211 1215 -2
1211 1216 4
1212 1213 2
1212 1214 1
1212 1215 -4
1212 1216 1
1217 1221 -2
1217 1222 -1
1217 1223 2
1217 1224 2
1218 1221 1
1218 1222 -4
1218 1223 -4
1218 1224 -4
1219 1221 2
1219 1222 2
1219 1223 1
1219 1224 4
1220 1221 1
1220 1222 2
1220 1223 2
1220 1224 -4
1225 1229 4
1225 1230 -1
1225 1231 4
1225 1232 4
1226 1229 -1
1226 1230 -1
1226 1231 -2
1226 1232 2
1227 1229 -2
1227 1230 -2
1227 1231 1
1227 1232 -1
1228 1229 -4
1228 1230 1
1228 1231 -2
1228 1232 -4
1233 1237 -2
1233 1238 1
1233 1239 -2
1233 1240 4
1234 1237 4
1234 1238 -2
1234 1239 -1
1234 1240 -4
1235 1237 1
1235 1238 1
1235 1239 -2
1235 1240 4
1236 1237 -4
1236 1238 -1
1236 1239 4
1236 1240 2
1241 1245 -2
1241 1246 -1
1241 1247 -4
1241 1248 2
1242 1245 -1
1242 1246 -4
1242 1247 4
1242 1248 4
1243 1245 -2
1243 1246 -4
1243 1247 -1
1243 1248 1
1244 1245 1
1244 1246 -1
1244 1247 -4
1244 1248 2
1249 1253 2
1249 1254 -1
1249 1255 -2
1249 1256 4
1250 1253 -2
1250 1254 1
1250 1255 1
1250 1256 2
1251 1253 -2
1251 1254 -4
1251 1255 2
1251 1256 -4
1252 1253 2
1252 1254 -1
1252 1255 -2
1252 1256 -4
1257 1261 -1
1257 1262 -2
1257 1263 -1
1257 1264 2
1258 1261 -2
1258 1262 -1
1258 1263 2
1258 1264 2
1259 1261 2
1259 1262 -4
1259 1263 1
1259 1264 4
1260 1261 2
1260 1262 2
1260 1263 2
1260 1264 -1
1265 1269 1
1265 1270 -1
1265 1271 4
1265 1272 4
1266 1269 4
1266 1270 2
1266 1271 -1
1266 1272 4
1267 1269 2
1267 1270 -4
1267 1271 1
1267 1272 -4
1268 1269 1
1268 1270 4
1268 1271 4
1268 1272 1
1273 1277 4
1273 1278 4
1273 1279 -4
1273 1280 2
1274 1277 2
1274 1278 -1
1274 1279 -1
1274 1280 1
1275 1277 -1
1275 1278 -1
1275 1279 4
1275 1280 -1
1276 1277 2
1276 1278 2
1276 1279 -4
1276 1280 -2
1281 1285 -4
1281 1286 -1
1281 1287 -2
1281 1288 -4
1282 1285 -4
1282 1286 -2
1282 1287 2
1282 1288 -1
1283 1285 -1
1283 1286 2
1283 1287 -4
1283 1288 -1
1284 1285 2
1284 1286 2
1284 1287 2
1284 1288 -4
1289 1293 2
1289 1294 -4
1289 1295 -4
1289 1296 -2
1290 1293 -2
1290 1294 1
1290 1295 -1
1290 1296 -2
1291 1293 1
1291 1294 4
1291 1295 2
1291 1296 2
1292 1293 4
1292 1294 1
1292 1295 -4
1292 1296 4
1297 1301 -1
1297 1302 -1
1297 1303 4
1297 1304 -2
1298 1301 -1
1298 1302 -2
1298 1303 4
1298 1304 1
1299 1301 4
1299 1302 2
1299 1303 -1
1299 1304 -1
1300 1301 -4
1300 1302 -4
1300 1303 4
1300 1304 1
1305 1309 1
1305 1310 -1
1305 1311 2
1305 1312 1
1306 1309 -2
1306 1310 4
1306 1311 -4
1306 1312 1
1307 1309 -1
1307 1310 -1
1307 1311 1
1307 1312 4
1308 1309 4
1308 1310 -2
1308 1311 4
1308 1312 -1
1313 1317 -4
1313 1318 4
1313 1319 2
1313 1320 -1
1314 1317 4
1314 1318 2
1314 1319 -4
1314 1320 2
1315 1317 -1
1315 1318 1
1315 1319 4
1315 1320 1
1316 1317 2
1316 1318 -1
1316 1319 -2
1316 1320 4
1321 1325 4
1321 1326 -4
1321 1327 4
1321 1328 4
1322 1325 -1
1322 1326 -4
1322 1327 2
1322 1328 4
1323 1325 1
1323 1326 -2
1323 1327 1
1323 1328 4
1324 1325 -2
1324 1326 2
1324 1327 1
1324 1328 -1
1329 1333 -4
1329 1334 1
1329 1335 -4
1329 1336 2
1330 1333 1
1330 1334 -1
1330 1335 4
1330 1336 -4
1331 1333 -1
1331 1334 -2
1331 1335 1
1331 1336 2
1332 1333 1
1332 1334 -4
1332 1335 -1
1332 1336 -2
1337 1341 -1
1337 1342 1
1337 1343 -2
1337 1344 -2
1338 1341 4
1338 1342 -2
1338 1343 -1
1338 1344 1
1339 1341 4
1339 1342 2
1339 1343 1
1339 1344 4
1340 1341 2
1340 1342 1
1340 1343 1
1340 1344 4
1345 1349 4
1345 1350 -4
1345 1351 2
1345 1352 -4
1346 1349 -4
1346 1350 2
1346 1351 -1
1346 1352 2
1347 1349 -4
1347 1350 4
1347 1351 -2
1347 1352 1
1348 1349 -4
1348 1350 4
1348 1351 1
1348 1352 4
1353 1357 -1
1353 1358 -1
1353 1359 4
1353 1360 -4
1354 1357 -2
1354 1358 1
1354 1359 2
1354 1360 4
1355 1357 -1
1355 1358 1
1355 1359 4
1355 1360 4
1356 1357 -4
1356 1358 2
1356 1359 -4
1356 1360 -1
1361 1365 2
1361 1366 -1
1361 1367 1
1361 1368 2
1362 1365 -2
1362 1366 2
1362 1367 1
1362 1368 1
1363 1365 -1
1363 1366 -2
1363 1367 -4
1363 1368 1
1364 1365 4
1364 1366 -4
1364 1367 -4
1364 1368 2
1369 1373 -1
1369 1374 4
1369 1375 -4
1369 1376 1
1370 1373 -4
1370 1374 4
1370 1375 -2
1370 1376 -1
1371 1373 -4
1371 1374 2
1371 1375 4
1371 1376 4
1372 1373 -1
1372 1374 1
1372 1375 4
1372 1376 2
1377 1381 -4
1377 1382 2
1377 1383 1
1377 1384 -1
1378 1381 4
1378 1382 2
1378 1383 -4
1378 1384 2
1379 1381 1
1379 1382 4
1379 1383 -2
1379 1384 1
1380 1381 1
1380 1382 -4
1380 1383 2
1380 1384 -4
1385 1389 4
1385 1390 -2
1385 1391 -4
1385 1392 -4
1386 1389 -4
1386 1390 -1
1386 1391 1
1386 1392 -2
1387 1389 -4
1387 1390 1
1387 1391 2
1387 1392 4
1388 1389 -1
1388 1390 -4
1388 1391 -2
1388 1392 -2
1393 1397 -2
1393 1398 4
1393 1399 2
1393 1400 1
1394 1397 2
1394 1398 -1
1394 1399 -2
1394 1400 -1
1395 1397 -1
1395 1398 -4
1395 1399 1
1395 1400 2
1396 1397 -2
1396 1398 -2
1396 1399 1
1396 1400 -4
1401 1405 2
1401 1406 4
1401 1407 1
1401 1408 -4
1402 1405 4
1402 1406 2
1402 1407 2
1402 1408 -4
1403 1405 4
1403 1406 -2
1403 1407 -4
1403 1408 -1
1404 1405 -1
1404 1406 4
1404 1407 -4
1404 1408 4
1409 1413 -2
1409 1414 2
1409 1415 -4
1409 1416 -4
1410 1413 2
1410 1414 -4
1410 1415 4
1410 1416 -1
1411 1413 2
1411 1414 2
1411 1415 4
1411 1416 1
1412 1413 4
1412 1414 -1
1412 1415 -2
1412 1416 1
1417 1421 1
1417 1422 2
1417 1423 -2
1417 1424 2
1418 1421 2
1418 1422 4
1418 1423 4
1418 1424 -1
1419 1421 -1
1419 1422 2
1419 1423 -1
1419 1424 4
1420 1421 -2
1420 1422 1
1420 1423 -4
1420 1424 4
1425 1429 -4
1425 1430 1
1425 1431 1
1425 1432 -1
1426 1429 -4
1426 1430 -4
1426 1431 4
1426 1432 1
1427 1429 4
1427 1430 2
1427 1431 4
1427 1432 4
1428 1429 4
1428 1430 -1
1428 1431 4
1428 1432 -2
1433 1437 4
1433 1438 4
1433 1439 -1
1433 1440 4
1434 1437 -4
1434 1438 2
1434 1439 4
1434 1440 4
1435 1437 4
1435 1438 4
1435 1439 4
1435 1440 -4
1436 1437 -4
1436 1438 -2
1436 1439 2
1436 1440 -4
1441 1445 4
1441 1446 4
1441 1447 4
1441 1448 4
1442 1445 -2
1442 1446 2
1442 1447 -2
1442 1448 2
1443 1445 4
1443 1446 1
1443 1447 2
1443 1448 -4
1444 1445 -2
1444 1446 -1
1444 1447 4
1444 1448 -1
1449 1453 -1
1449 1454 -1
1449 1455 4
1449 1456 -4
1450 1453 -4
1450 1454 1
1450 1455 2
1450 1456 -4
1451 1453 1
1451 1454 -1
1451 1455 1
1451 1456 -4
1452 1453 2
1452 1454 -1
1452 1455 -1
1452 1456 1
1457 1461 -4
1457 1462 2
1457 1463 -4
1457 1464 -2
1458 1461 4
1458 1462 -2
1458 1463 -4
1458 1464 4
1459 1461 4
1459 1462 4
1459 1463 -4
1459 1464 1
1460 1461 4
1460 1462 -1
1460 1463 2
1460 1464 1
1465 1469 -4
1465 1470 1
1465 1471 -2
1465 1472 1
1466 1469 1
1466 1470 4
1466 1471 4
1466 1472 -4
1467 1469 1
1467 1470 -4
1467 1471 -2
1467 1472 -4
1468 1469 2
1468 1470 -4
1468 1471 4
1468 1472 4
1473 1477 1
1473 1478 4
1473 1479 1
1473 1480 4
1474 1477 -2
1474 1478 2
1474 1479 -1
1474 1480 1
1475 1477 -2
1475 1478 -1
1475 1479 -2
1475 1480 2
1476 1477 -1
1476 1478 -1
1476 1479 -4
1476 1480 1
1481 1485 2
1481 1486 -1
1481 1487 4
1481 1488 2
1482 1485 -4
1482 1486 4
1482 1487 1
1482 1488 -2
1483 1485 1
1483 1486 2
1483 1487 -1
1483 1488 -4
1484 1485 -2
1484 1486 4
1484 1487 -1
1484 1488 -1
1489 1493 1
1489 1494 -1
1489 1495 -1
1489 1496 -4
1490 1493 1
1490 1494 4
1490 1495 1
1490 1496 1
1491 1493 -4
1491 1494 -2
1491 1495 -4
1491 1496 -1
1492 1493 1
1492 1494 4
1492 1495 -4
1492 1496 -1
1497 1501 4
1497 1502 -2
1497 1503 -1
1497 1504 2
1498 1501 4
1498 1502 4
1498 1503 1
1498 1504 2
1499 1501 1
1499 1502 2
1499 1503 -1
1499 1504 1
1500 1501 -1
1500 1502 4
1500 1503 2
1500 1504 -2
1505 1509 1
1505 1510 2
1505 1511 1
1505 1512 -1
1506 1509 -2
1506 1510 4
1506 1511 4
1506 1512 -1
1507 1509 4
1507 1510 -1
1507 1511 2
1507 1512 1
1508 1509 -4
1508 1510 -4
1508 1511 4
1508 1512 4
1513 1517 2
1513 1518 -4
1513 1519 4
1513 1520 4
1514 1517 2
1514 1518 -1
1514 1519 4
1514 1520 -4
1515 1517 -2
1515 1518 -4
1515 1519 1
1515 1520 -2
1516 1517 2
1516 1518 -4
1516 1519 -4
1516 1520 1
1521 1525 -4
1521 1526 -2
1521 1527 1
1521 1528 -1
1522 1525 -4
1522 1526 2
1522 1527 4
1522 1528 2
1523 1525 2
1523 1526 2
1523 1527 1
1523 1528 4
1524 1525 -1
1524 1526 2
1524 1527 4
1524 1528 1
1529 1533 2
1529 1534 1
1529 1535 4
1529 1536 -1
1530 1533 1
1530 1534 -2
1530 1535 -2
1530 1536 -2
1531 1533 -2
1531 1534 -1
1531 1535 -4
1531 1536 4
1532 1533 -1
1532 1534 2
1532 1535 -1
1532 1536 -1
1537 1541 -2
1537 1542 4
1537 1543 2
1537 1544 -1
1538 1541 4
1538 1542 -2
1538 1543 -1
1538 1544 -1
1539 1541 -2
1539 1542 1
1539 1543 1
1539 1544 1
1540 1541 -1
1540 1542 4
1540 1543 1
1540 1544 -4
1545 1549 2
1545 1550 -1
1545 1551 -1
1545 1552 -1
1546 1549 4
1546 1550 -4
1546 1551 -2
1546 1552 2
1547 1549 -1
1547 1550 -1
1547 1551 -2
1547 1552 -2
1548 1549 -2
1548 1550 -4
1548 1551 -2
1548 1552 -2
1553 1557 2
1553 1558 -1
1553 1559 -2
1553 1560 4
1554 1557 -4
1554 1558 1
1554 1559 1
1554 1560 4
1555 1557 -1
1555 1558 4
1555 1559 1
1555 1560 -2
1556 1557 -2
1556 1558 -4
1556 1559 2
1556 1560 -1
1561 1565 1
1561 1566 2
1561 1567 -1
1561 1568 4
1562 1565 -4
1562 1566 -4
1562 1567 4
1562 1568 1
1563 1565 -4
1563 1566 -4
1563 1567 1
1563 1568 1
1564 1565 -4
1564 1566 -1
1564 1567 1
1564 1568 4
1569 1573 -1
1569 1574 2
1569 1575 -4
1569 1576 4
1570 1573 4
1570 1574 -4
1570 1575 4
1570 1576 4
1571 1573 1
1571 1574 -1
1571 1575 2
1571 1576 -4
1572 1573 -2
1572 1574 4
1572 1575 -1
1572 1576 4
1577 1581 2
1577 1582 -2
1577 1583 -2
1577 1584 -2
1578 1581 4
1578 1582 -4
1578 1583 -2
1578 1584 -1
1579 1581 2
1579 1582 -4
1579 1583 -2
1579 1584 2
1580 1581 4
1580 1582 1
1580 1583 -1
1580 1584 -2
1585 1589 1
1585 1590 2
1585 1591 -2
1585 1592 2
1586 1589 2
1586 1590 -1
1586 1591 -1
1586 1592 -2
1587 1589 4
1587 1590 -1
1587 1591 2
1587 1592 -2
1588 1589 -2
1588 1590 4
1588 1591 1
1588 1592 -1
1593 1597 -2
1593 1598 2
1593 1599 4
1593 1600 2
1594 1597 -1
1594 1598 -2
1594 1599 1
1594 1600 -2
1595 1597 4
1595 1598 -1
1595 1599 1
1595 1600 4
1596 1597 1
1596 1598 1
1596 1599 4
1596 1600 -4
1601 1605 1
1601 1606 4
1601 1607 -1
1601 1608 2
1602 1605 2
1602 1606 -4
1602 1607 1
1602 1608 -1
1603 1605 -4
1603 1606 1
1603 1607 4
1603 1608 -1
1604 1605 1
1604 1606 -2
1604 1607 4
1604 1608 -2
1609 1613 2
1609 1614 -4
1609 1615 4
1609 1616 -1
1610 1613 -4
1610 1614 -4
1610 1615 -2
1610 1616 2
1611 1613 -2
1611 1614 -4
1611 1615 -1
1611 1616 -2
1612 1613 1
1612 1614 -2
1612 1615 -1
1612 1616 -2
1617 1621 -1
1617 1622 2
1617 1623 4
1617 1624 1
1618 1621 4
1618 1622 -1
1618 1623 -4
1618 1624 4
1619 1621 -1
1619 1622 -2
1619 1623 1
1619 1624 -4
1620 1621 1
1620 1622 -1
1620 1623 1
1620 1624 -1
1625 1629 -4
1625 1630 -1
1625 1631 -2
1625 1632 1
1626 1629 -4
1626 1630 -1
1626 1631 -1
1626 1632 -1
1627 1629 2
1627 1630 2
1627 1631 4
1627 1632 -1
1628 1629 -1
1628 1630 1
1628 1631 2
1628 1632 -1
1633 1637 -2
1633 1638 2
1633 1639 -2
1633 1640 4
1634 1637 -4
1634 1638 -1
1634 1639 -1
1634 1640 -2
1635 1637 -1
1635 1638 1
1635 1639 -1
1635 1640 1
1636 1637 4
1636 1638 -1
1636 1639 -1
1636 1640 -1
1641 1645 -2
1641 1646 4
1641 1647 1
1641 1648 2
1642 1645 1
1642 1646 -1
1642 1647 -4
1642 1648 -4
1643 1645 -4
1643 1646 -1
1643 1647 1
1643 1648 -4
1644 1645 2
1644 1646 4
1644 1647 -4
1644 1648 2
1649 1653 -1
1649 1654 -4
1649 1655 1
1649 1656 -4
1650 1653 -1
1650 1654 -1
1650 1655 -2
1650 1656 4
1651 1653 1
1651 1654 -2
1651 1655 -2
1651 1656 -1
1652 1653 2
1652 1654 4
1652 1655 2
1652 1656 -2
1657 1661 -2
1657 1662 -4
1657 1663 2
1657 1664 4
1658 1661 -1
1658 1662 -2
1658 1663 2
1658 1664 1
1659 1661 -1
1659 1662 -2
1659 1663 -1
1659 1664 -2
1660 1661 -4
1660 1662 2
1660 1663 -2
1660 1664 4
1665 1669 4
1665 1670 4
1665 1671 1
1665 1672 -2
1666 1669 2
1666 1670 4
1666 1671 1
1666 1672 -4
1667 1669 4
1667 1670 -4
1667 1671 1
1667 1672 2
1668 1669 2
1668 1670 1
1668 1671 4
1668 1672 -1
1673 1677 -1
1673 1678 -4
1673 1679 -4
1673 1680 -1
1674 1677 1
1674 1678 -4
1674 1679 -1
1674 1680 1
1675 1677 4
1675 1678 1
1675 1679 -1
1675 1680 1
1676 1677 2
1676 1678 2
1676 1679 1
1676 1680 -4
1681 1685 1
1681 1686 -4
1681 1687 -1
1681 1688 -1
1682 1685 -1
1682 1686 -2
1682 1687 2
1682 1688 -4
1683 1685 1
1683 1686 2
1683 1687 4
1683 1688 -2
1684 1685 2
1684 1686 -1
1684 1687 -1
1684 1688 -4
1689 1693 2
1689 1694 -2
1689 1695 -4
1689 1696 -2
1690 1693 -4
1690 1694 1
1690 1695 1
1690 1696 -1
1691 1693 1
1691 1694 -2
1691 1695 4
1691 1696 2
1692 1693 -1
1692 1694 2
1692 1695 -1
1692 1696 -4
1697 1701 1
1697 1702 1
1697 1703 1
1697 1704 -4
1698 1701 1
1698 1702 -2
1698 1703 -1
1698 1704 -4
1699 1701 2
1699 1702 2
1699 1703 -2
1699 1704 2
1700 1701 -1
1700 1702 -1
1700 1703 -4
1700 1704 2
1705 1709 1
1705 1710 2
1705 1711 -1
1705 1712 -2
1706 1709 2
1706 1710 -2
1706 1711 1
1706 1712 4
1707 1709 -2
1707 1710 1
1707 1711 -4
1707 1712 4
1708 1709 -2
1708 1710 -1
1708 1711 1
1708 1712 -4
1713 1717 2
1713 1718 2
1713 1719 4
1713 1720 -1
1714 1717 2
1714 1718 -4
1714 1719 -1
1714 1720 2
1715 1717 1
1715 1718 1
1715 1719 -2
1715 1720 -4
1716 1717 2
1716 1718 1
1716 1719 4
1716 1720 -2
1721 1725 -1
1721 1726 -4
1721 1727 -2
1721 1728 -1
1722 1725 4
1722 1726 2
1722 1727 4
1722 1728 -2
1723 1725 -2
1723 1726 2
1723 1727 -1
1723 1728 2
1724 1725 1
1724 1726 2
1724 1727 -2
1724 1728 2
1729 1733 1
1729 1734 2
1729 1735 4
1729 1736 1
1730 1733 -1
1730 1734 -2
1730 1735 -2
1730 1736 -2
1731 1733 1
1731 1734 2
1731 1735 2
1731 1736 1
1732 1733 2
1732 1734 -1
1732 1735 4
1732 1736 1
1737 1741 -2
1737 1742 2
1737 1743 -2
1737 1744 1
1738 1741 4
1738 1742 -2
1738 1743 -4
1738 1744 -1
1739 1741 1
1739 1742 1
1739 1743 -2
1739 1744 -2
1740 1741 4
1740 1742 -1
1740 1743 -1
1740 1744 -4
1745 1749 -1
1745 1750 2
1745 1751 1
1745 1752 4
1746 1749 -1
1746 1750 -4
1746 1751 -1
1746 1752 1
1747 1749 -4
1747 1750 -2
1747 1751 -1
1747 1752 -4
1748 1749 -1
1748 1750 -4
1748 1751 -2
1748 1752 -1
1753 1757 1
1753 1758 -1
1753 1759 2
1753 1760 -2
1754 1757 -1
1754 1758 -1
1754 1759 -2
1754 1760 1
1755 1757 2
1755 1758 2
1755 1759 1
1755 1760 -4
1756 1757 4
1756 1758 1
1756 1759 -1
1756 1760 -1
1761 1765 2
1761 1766 -2
1761 1767 1
1761 1768 1
1762 1765 2
1762 1766 -2
1762 1767 -4
1762 1768 -2
1763 1765 -2
1763 1766 2
1763 1767 2
1763 1768 4
1764 1765 2
1764 1766 -1
1764 1767 2
1764 1768 -4
1769 1773 1
1769 1774 -2
1769 1775 -2
1769 1776 2
1770 1773 4
1770 1774 1
1770 1775 1
1770 1776 -1
1771 1773 2
1771 1774 -1
1771 1775 4
1771 1776 2
1772 1773 -1
1772 1774 1
1772 1775 -1
1772 1776 2
1777 1781 4
1777 1782 -1
1777 1783 4
1777 1784 4
1778 1781 -1
1778 1782 -2
1778 1783 4
1778 1784 1
1779 1781 -4
1779 1782 -1
1779 1783 4
1779 1784 2
1780 1781 -1
1780 1782 -1
1780 1783 2
1780 1784 1
1785 1789 2
1785 1790 -4
1785 1791 1
1785 1792 -2
1786 1789 -1
1786 1790 -1
1786 1791 -1
1786 1792 -2
1787 1789 -2
1787 1790 -2
1787 1791 -2
1787 1792 2
1788 1789 -4
1788 1790 4
1788 1791 2
1788 1792 4
1793 1797 -2
1793 1798 -1
1793 1799 -2
1793 1800 -4
1794 1797 -4
1794 1798 4
1794 1799 -1
1794 1800 -2
1795 1797 1
1795 1798 4
1795 1799 -2
1795 1800 1
1796 1797 -1
1796 1798 1
1796 1799 -1
1796 1800 2
1801 1805 -1
1801 1806 -1
1801 1807 4
1801 1808 1
1802 1805 1
1802 1806 1
1802 1807 4
1802 1808 -4
1803 1805 2
1803 1806 2
1803 1807 2
1803 1808 1
1804 1805 4
1804 1806 2
1804 1807 -1
1804 1808 -2
1809 1813 -4
1809 1814 1
1809 1815 4
1809 1816 2
1810 1813 2
1810 1814 -1
1810 1815 1
1810 1816 -1
1811 1813 2
1811 1814 2
1811 1815 -1
1811 1816 4
1812 1813 -1
1812 1814 -4
1812 1815 -2
1812 1816 4
1817 1821 -1
1817 1822 -2
1817 1823 -1
1817 1824 1
1818 1821 4
1818 1822 -1
1818 1823 -2
1818 1824 -4
1819 1821 1
1819 1822 -4
1819 1823 -1
1819 1824 1
1820 1821 1
1820 1822 2
1820 1823 -1
1820 1824 -2
1825 1829 -4
1825 1830 -1
1825 1831 2
1825 1832 -4
1826 1829 -1
1826 1830 1
1826 1831 -1
1826 1832 4
1827 1829 4
1827 1830 -1
1827 1831 1
1827 1832 -4
1828 1829 -1
1828 1830 -2
1828 1831 1
1828 1832 -4
1833 1837 -4
1833 1838 4
1833 1839 -1
1833 1840 -2
1834 1837 2
1834 1838 1
1834 1839 1
1834 1840 2
1835 1837 4
1835 1838 2
1835 1839 -2
1835 1840 -4
1836 1837 4
1836 1838 4
1836 1839 2
1836 1840 -1
1841 1845 -4
1841 1846 -4
1841 1847 -1
1841 1848 -2
1842 1845 -4
1842 1846 4
1842 1847 -4
1842 1848 -4
1843 1845 1
1843 1846 4
1843 1847 -4
1843 1848 1
1844 1845 1
1844 1846 -4
1844 1847 -1
1844 1848 -4
1849 1853 4
1849 1854 2
1849 1855 4
1849 1856 -1
1850 1853 1
1850 1854 4
1850 1855 -1
1850 1856 -4
1851 1853 -1
1851 1854 4
1851 1855 4
1851 1856 2
1852 1853 -4
1852 1854 -1
1852 1855 2
1852 1856 -2
1857 1861 -1
1857 1862 -1
1857 1863 -4
1857 1864 2
1858 1861 1
1858 1862 4
1858 1863 -4
1858 1864 1
1859 1861 2
1859 1862 -1
1859 1863 -2
1859 1864 -2
1860 1861 -4
1860 1862 4
1860 1863 4
1860 1864 4
1865 1869 4
1865 1870 2
1865 1871 -2
1865 1872 1
1866 1869 4
1866 1870 2
1866 1871 -1
1866 1872 4
1867 1869 2
1867 1870 4
1867 1871 -2
1867 1872 -4
1868 1869 -4
1868 1870 1
1868 1871 -1
1868 1872 -4
1873 1877 -1
1873 1878 2
1873 1879 -4
1873 1880 1
1874 1877 1
1874 1878 1
1874 1879 -4
1874 1880 -4
1875 1877 4
1875 1878 -2
1875 1879 4
1875 1880 4
1876 1877 2
1876 1878 2
1876 1879 -4
1876 1880 1
1881 1885 -4
1881 1886 -1
1881 1887 2
1881 1888 1
1882 1885 1
1882 1886 -4
1882 1887 4
1882 1888 -2
1883 1885 -2
1883 1886 1
1883 1887 -4
1883 1888 -4
1884 1885 -2
1884 1886 4
1884 1887 1
1884 1888 4
1889 1893 -1
1889 1894 -1
1889 1895 -1
1889 1896 4
1890 1893 -1
1890 1894 1
1890 1895 -4
1890 1896 4
1891 1893 -2
1891 1894 -4
1891 1895 4
1891 1896 1
1892 1893 1
1892 1894 -2
1892 1895 4
1892 1896 1
1897 1901 1
1897 1902 1
1897 1903 2
1897 1904 -4
1898 1901 1
1898 1902 -1
1898 1903 4
1898 1904 -1
1899 1901 1
1899 1902 -1
1899 1903 2
1899 1904 4
1900 1901 4
1900 1902 4
1900 1903 2
1900 1904 -2
1905 1909 2
1905 1910 2
1905 1911 1
1905 1912 -2
1906 1909 -2
1906 1910 -2
1906 1911 1
1906 1912 -4
1907 1909 4
1907 1910 -4
1907 1911 1
1907 1912 -4
1908 1909 2
1908 1910 1
1908 1911 -1
1908 1912 -4
1913 1917 -1
1913 1918 -4
1913 1919 -1
1913 1920 1
1914 1917 4
1914 1918 -1
1914 1919 -4
1914 1920 2
1915 1917 -4
1915 1918 -1
1915 1919 4
1915 1920 2
1916 1917 -2
1916 1918 -2
1916 1919 -2
1916 1920 2
1921 1925 -2
1921 1926 -2
1921 1927 -1
1921 1928 -2
1922 1925 2
1922 1926 4
1922 1927 -4
1922 1928 1
1923 1925 -2
1923 1926 -2
1923 1927 4
1923 1928 2
1924 1925 1
1924 1926 4
1924 1927 -4
1924 1928 -1
1929 1933 -2
1929 1934 2
1929 1935 1
1929 1936 1
1930 1933 -2
1930 1934 1
1930 1935 -4
1930 1936 4
1931 1933 2
1931 1934 4
1931 1935 4
1931 1936 -1
1932 1933 -2
1932 1934 2
1932 1935 2
1932 1936 2
1937 1941 1
1937 1942 -2
1937 1943 -4
1937 1944 1
1938 1941 2
1938 1942 -2
1938 1943 -1
1938 1944 -2
1939 1941 -4
1939 1942 -4
1939 1943 2
1939 1944 -1
1940 1941 -1
1940 1942 -1
1940 1943 4
1940 1944 2
1945 1949 -4
1945 1950 4
1945 1951 -1
1945 1952 -1
1946 1949 1
1946 1950 -1
1946 1951 2
1946 1952 2
1947 1949 -1
1947 1950 -4
1947 1951 1
1947 1952 -2
1948 1949 1
1948 1950 -2
1948 1951 1
1948 1952 -4
1953 1957 -1
1953 1958 -4
1953 1959 -2
1953 1960 -4
1954 1957 4
1954 1958 4
1954 1959 -2
1954 1960 -4
1955 1957 2
1955 1958 -2
1955 1959 -1
1955 1960 2
1956 1957 -1
1956 1958 4
1956 1959 1
1956 1960 4
1961 1965 -2
1961 1966 4
1961 1967 1
1961 1968 1
1962 1965 1
1962 1966 -2
1962 1967 -2
1962 1968 -4
1963 1965 1
1963 1966 2
1963 1967 -2
1963 1968 -2
1964 1965 -4
1964 1966 -4
1964 1967 -2
1964 1968 -1
1969 1973 1
1969 1974 1
1969 1975 1
1969 1976 -1
1970 1973 1
1970 1974 -4
1970 1975 2
1970 1976 -4
1971 1973 1
1971 1974 -1
1971 1975 -1
1971 1976 4
1972 1973 2
1972 1974 -1
1972 1975 -4
1972 1976 1
1977 1981 2
1977 1982 -2
1977 1983 -1
1977 1984 -1
1978 1981 -1
1978 1982 -2
1978 1983 -1
1978 1984 -4
1979 1981 1
1979 1982 2
1979 1983 4
1979 1984 1
1980 1981 -4
1980 1982 1
1980 1983 -1
1980 1984 4
1985 1989 -4
1985 1990 4
1985 1991 4
1985 1992 2
1986 1989 -4
1986 1990 -4
1986 1991 1
1986 1992 -1
1987 1989 -2
1987 1990 1
1987 1991 -1
1987 1992 -1
1988 1989 -2
1988 1990 4
1988 1991 2
1988 1992 1
1993 1997 1
1993 1998 2
1993 1999 -4
1993 2000 2
1994 1997 2
1994 1998 -1
1994 1999 -4
1994 2000 -2
1995 1997 -4
1995 1998 -2
1995 1999 -1
1995 2000 4
1996 1997 -4
1996 1998 -4
1996 1999 -4
1996 2000 1
2001 2005 -1
2001 2006 -4
2001 2007 -2
2001 2008 1
2002 2005 -2
2002 2006 2
2002 2007 2
2002 2008 1
2003 2005 -4
2003 2006 2
2003 2007 -2
2003 2008 -2
2004 2005 -2
2004 2006 4
2004 2007 1
2004 2008 4
2009 2013 -1
2009 2014 -1
2009 2015 -1
2009 2016 2
2010 2013 -4
2010 2014 2
2010 2015 4
2010 2016 -2
2011 2013 -2
2011 2014 -2
2011 2015 4
2011 2016 1
2012 2013 -2
2012 2014 2
2012 2015 -2
2012 2016 -4
2017 2021 4
2017 2022 1
2017 2023 -1
2017 2024 4
2018 2021 -2
2018 2022 4
2018 2023 2
2018 2024 2
2019 2021 4
2019 2022 1
2019 2023 2
2019 2024 -4
2020 2021 4
2020 2022 1
2020 2023 -4
2020 2024 4
2025 2029 -4
2025 2030 -2
2025 2031 -4
2025 2032 1
2026 2029 -2
2026 2030 2
2026 2031 2
2026 2032 -2
2027 2029 1
2027 2030 -1
2027 2031 2
2027 2032 -4
2028 2029 4
2028 2030 -2
2028 2031 -4
2028 2032 2
2033 2037 2
2033 2038 4
2033 2039 -2
2033 2040 4
2034 2037 1
2034 2038 1
2034 2039 1
2034 2040 -2
2035 2037 2
2035 2038 4
2035 2039 4
2035 2040 -1
2036 2037 1
2036 2038 4
2036 2039 1
2036 2040 -2
2041 2045 4
2041 2046 1
2041 2047 1
2041 2048 -1
2042 2045 -4
2042 2046 4
2042 2047 -4
2042 2048 2
2043 2045 2
2043 2046 4
2043 2047 -2
2043 2048 -1
2044 2045 4
2044 2046 1
2044 2047 -1
2044 2048 4
5 13 -4
6 14 -2
7 15 -4
8 16 -2
13 21 1
14 22 -2
15 23 1
16 24 -2
21 29 4
22 30 4
23 31 2
24 32 -4
29 37 -2
30 38 -4
31 39 1
32 40 4
37 45 -2
38 46 2
39 47 -4
40 48 -1
45 53 4
46 54 2
47 55 -2
48 56 -2
53 61 -4
54 62 -4
55 63 2
56 64 -4
61 69 -1
62 70 4
63 71 -1
64 72 2
69 77 -4
70 78 1
71 79 -1
72 80 -1
77 85 1
78 86 -4
79 87 1
80 88 -4
85 93 2
86 94 -2
87 95 2
88 96 1
93 101 -4
94 102 -2
95 103 -4
96 104 4
101 109 4
102 110 -4
103 111 -4
104 112 -4
109 117 4
110 118 1
111 119 1
112 120 -1
117 125 4
118 126 -4
119 127 1
120 128 -4
133 141 1
134 142 2
135 143 1
136 144 -1
141 149 -2
142 150 1
143 151 -2
144 152 4
149 157 4
150 158 1
151 159 -4
152 160 -1
157 165 -4
158 166 -1
159 167 4
160 168 1
165 173 -4
166 174 4
167 175 4
168 176 -2
173 181 -1
174 182 4
175 183 2
176 184 2
181 189 1
182 190 -2
183 191 -1
184 192 1
189 197 -4
190 198 -2
191 199 -4
192 200 1
197 205 -1
198 206 -4
199 207 2
200 208 -2
205 213 1
206 214 1
207 215 -1
208 216 4
213 221 -1
214 222 2
215 223 -1
216 224 -4
221 229 -1
222 230 -1
223 231 1
224 232 -4
229 237 -4
230 238 4
231 239 -4
232 240 -4
237 245 2
238 246 2
239 247 -4
240 248 -1
245 253 -2
246 254 1
247 255 -2
248 256 -1
261 269 -4
262 270 2
263 271 1
264 272 -1
269 277 2
270 278 4
271 279 -4
272 280 2
277 285 4
278 286 -1
279 287 1
280 288 -1
285 293 2
286 294 -4
287 295 -4
288 296 1
293 301 -1
294 302 4
295 303 4
296 304 -1
301 309 -2
302 310 4
303 311 -1
304 312 -2
309 317 -2
310 318 1
311 319 -1
312 320 2
317 325 -4
318 326 4
319 327 4
320 328 4
325 333 4
326 334 -4
327 335 2
328 336 -4
333 341 -1
334 342 -4
335 343 -4
336 344 -4
341 349 -1
342 350 1
343 351 -2
344 352 -4
349 357 2
350 358 -4
351 359 -2
352 360 -4
357 365 -1
358 366 1
359 367 -4
360 368 1
365 373 -4
366 374 4
367 375 -1
368 376 4
373 381 2
374 382 -1
375 383 1
376 384 2
389 397 4
390 398 1
391 399 -1
392 400 1
397 405 -1
398 406 -1
399 407 -2
400 408 1
405 413 1
406 414 1
407 415 2
408 416 -4
413 421 -2
414 422 -1
415 423 -4
416 424 1
421 429 -1
422 430 -1
423 431 4
424 432 1
429 437 -2
430 438 -4
431 439 1
432 440 2
437 445 -2
438 446 1
439 447 -2
440 448 1
445 453 4
446 454 -2
447 455 -1
448 456 -4
453 461 1
454 462 -4
455 463 2
456 464 2
461 469 -2
462 470 -2
463 471 4
464 472 -4
469 477 -1
470 478 1
471 479 -2
472 480 1
477 485 -4
478 486 -2
479 487 1
480 488 -4
485 493 -2
486 494 -2
487 495 4
488 496 2
493 501 2
494 502 -4
495 503 -1
496 504 -4
501 509 1
502 510 -1
503 511 -2
504 512 -4
517 525 2
518 526 -1
519 527 -1
520 528 2
525 533 4
526 534 -1
527 535 2
528 536 -1
533 541 4
534 542 -2
535 543 4
536 544 -2
541 549 2
542 550 2
543 551 4
544 552 2
549 557 -1
550 558 -2
551 559 -1
552 560 1
557 565 -2
558 566 -2
559 567 1
560 568 -1
565 573 -2
566 574 2
567 575 1
568 576 -4
573 581 -1
574 582 4
575 583 1
576 584 2
581 589 -2
582 590 -1
583 591 2
584 592 -2
589 597 -4
590 598 -4
591 599 4
592 600 -4
597 605 2
598 606 -2
599 607 2
600 608 2
605 613 2
606 614 -4
607 615 -2
608 616 -4
613 621 -2
614 622 -1
615 623 4
616 624 -4
621 629 -1
622 630 1
623 631 2
624 632 -2
629 637 -1
630 638 4
631 639 4
632 640 -2
645 653 -4
646 654 4
647 655 1
648 656 4
653 661 4
654 662 -2
655 663 4
656 664 2
661 669 -2
662 670 2
663 671 1
664 672 -4
669 677 -4
670 678 1
671 679 1
672 680 1
677 685 -1
678 686 -2
679 687 2
680 688 -4
685 693 -1
686 694 -2
687 695 -4
688 696 2
693 701 -4
694 702 2
695 703 4
696 704 1
701 709 2
702 710 -2
703 711 4
704 712 2
709 717 -4
710 718 -4
711 719 1
712 720 2
717 725 2
718 726 -2
719 727 -2
720 728 -4
725 733 2
726 734 -2
727 735 -2
728 736 1
733 741 -4
734 742 2
735 743 4
736 744 4
741 749 2
742 750 -4
743 751 -1
744 752 -2
749 757 -1
750 758 -1
751 759 2
752 760 2
757 765 -1
758 766 -4
759 767 4
760 768 1
773 781 -1
774 782 4
775 783 4
776 784 2
781 789 -2
782 790 -1
783 791 -1
784 792 2
789 797 -4
790 798 -2
791 799 1
792 800 -1
797 805 2
798 806 2
799 807 2
800 808 -2
805 813 -4
806 814 4
807 815 -1
808 816 -4
813 821 2
814 822 -1
815 823 4
816 824 1
821 829 -4
822 830 2
823 831 4
824 832 1
829 837 2
830 838 1
831 839 4
832 840 1
837 845 -2
838 846 2
839 847 -1
840 848 1
845 853 -2
846 854 -2
847 855 2
848 856 -4
853 861 -2
854 862 2
855 863 -1
856 864 -1
861 869 2
862 870 2
863 871 -2
864 872 -1
869 877 -1
870 878 1
871 879 -1
872 880 2
877 885 4
878 886 -4
879 887 4
880 888 2
885 893 -2
886 894 -4
887 895 2
888 896 1
901 909 -1
902 910 2
903 911 -1
904 912 4
909 917 1
910 918 -1
911 919 -4
912 920 4
917 925 -1
918 926 -1
919 927 2
920 928 -4
925 933 -1
926 934 -2
927 935 -4
928 936 -1
933 941 4
934 942 -4
935 943 4
936 944 -4
941 949 1
942 950 -1
943 951 -1
944 952 4
949 957 2
950 958 -4
951 959 -2
952 960 4
957 965 4
958 966 4
959 967 -2
960 968 -4
965 973 -2
966 974 1
967 975 -4
968 976 4
973 981 1
974 982 -4
975 983 1
976 984 4
981 989 4
982 990 1
983 991 -2
984 992 -2
989 997 2
990 998 1
991 999 -1
992 1000 2
997 1005 -2
998 1006 -1
999 1007 -4
1000 1008 -1
1005 1013 -4
1006 1014 2
1007 1015 2
1008 1016 1
1013 1021 -2
1014 1022 2
1015 1023 -2
1016 1024 4
1029 1037 1
1030 1038 1
1031 1039 4
1032 1040 -2
1037 1045 1
1038 1046 2
1039 1047 4
1040 1048 2
1045 1053 2
1046 1054 -1
1047 1055 1
1048 1056 4
1053 1061 -1
1054 1062 4
1055 1063 -1
1056 1064 -4
1061 1069 4
1062 1070 1
1063 1071 2
1064 1072 1
1069 1077 -2
1070 1078 4
1071 1079 -1
1072 1080 -2
1077 1085 1
1078 1086 2
1079 1087 2
1080 1088 4
1085 1093 -4
1086 1094 2
1087 1095 -4
1088 1096 1
1093 1101 -2
1094 1102 -2
1095 1103 1
1096 1104 4
1101 1109 -2
1102 1110 -4
1103 1111 4
1104 1112 -2
1109 1117 4
1110 1118 2
1111 1119 -1
1112 1120 -1
1117 1125 4
1118 1126 -1
1119 1127 4
1120 1128 2
1125 1133 -1
1126 1134 2
1127 1135 4
1128 1136 2
1133 1141 -2
1134 1142 1
1135 1143 4
1136 1144 4
1141 1149 4
1142 1150 2
1143 1151 2
1144 1152 -4
1157 1165 -1
1158 1166 4
1159 1167 -2
1160 1168 -2
1165 1173 1
1166 1174 4
1167 1175 2
1168 1176 4
1173 1181 2
1174 1182 2
1175 1183 1
1176 1184 4
1181 1189 1
1182 1190 -1
1183 1191 4
1184 1192 2
1189 1197 -2
1190 1198 -2
1191 1199 -2
1192 1200 4
1197 1205 2
1198 1206 1
1199 1207 -4
1200 1208 2
1205 1213 4
1206 1214 1
1207 1215 2
1208 1216 4
1213 1221 2
1214 1222 1
1215 1223 4
1216 1224 1
1221 1229 -4
1222 1230 4
1223 1231 1
1224 1232 -2
1229 1237 2
1230 1238 1
1231 1239 2
1232 1240 -1
1237 1245 -4
1238 1246 4
1239 1247 4
1240 1248 1
1245 1253 -2
1246 1254 2
1247 1255 1
1248 1256 4
1253 1261 1
1254 1262 2
1255 1263 4
1256 1264 -4
1261 1269 2
1262 1270 2
1263 1271 1
1264 1272 4
1269 1277 1
1270 1278 2
1271 1279 2
1272 1280 1
1285 1293 1
1286 1294 -2
1287 1295 -4
1288 1296 -1
1293 1301 2
1294 1302 -4
1295 1303 -4
1296 1304 4
1301 1309 1
1302 1310 4
1303 1311 -4
1304 1312 1
1309 1317 2
1310 1318 -2
1311 1319 1
1312 1320 4
1317 1325 2
1318 1326 1
1319 1327 -4
1320 1328 1
1325 1333 -2
1326 1334 -4
1327 1335 -4
1328 1336 -1
1333 1341 1
1334 1342 -2
1335 1343 1
1336 1344 1
1341 1349 -2
1342 1350 -4
1343 1351 -2
1344 1352 -4
1349 1357 -4
1350 1358 4
1351 1359 2
1352 1360 2
1357 1365 -1
1358 1366 4
1359 1367 -2
1360 1368 1
1365 1373 -2
1366 1374 1
1367 1375 -2
1368 1376 2
1373 1381 1
1374 1382 2
1375 1383 4
1376 1384 -1
1381 1389 1
1382 1390 2
1383 1391 2
1384 1392 2
1389 1397 -1
1390 1398 2
1391 1399 -1
1392 1400 4
1397 1405 -4
1398 1406 -1
1399 1407 -1
1400 1408 1
1413 1421 -4
1414 1422 2
1415 1423 -1
1416 1424 2
1421 1429 1
1422 1430 2
1423 1431 -1
1424 1432 2
1429 1437 -4
1430 1438 -2
1431 1439 -2
1432 1440 1
1437 1445 -1
1438 1446 2
1439 1447 1
1440 1448 1
1445 1453 2
1446 1454 2
1447 1455 -2
1448 1456 -2
1453 1461 2
1454 1462 4
1455 1463 -4
1456 1464 2
1461 1469 -2
1462 1470 -2
1463 1471 -1
1464 1472 -2
1469 1477 4
1470 1478 -4
1471 1479 -1
1472 1480 1
1477 1485 4
1478 1486 -4
1479 1487 4
1480 1488 -1
1485 1493 1
1486 1494 -4
1487 1495 2
1488 1496 -1
1493 1501 -4
1494 1502 -4
1495 1503 -1
1496 1504 -2
1501 1509 1
1502 1510 -2
1503 1511 -1
1504 1512 1
1509 1517 -4
1510 1518 -4
1511 1519 -2
1512 1520 2
1517 1525 4
1518 1526 1
1519 1527 -2
1520 1528 -1
1525 1533 2
1526 1534 -1
1527 1535 2
1528 1536 -1
1541 1549 1
1542 1550 4
1543 1551 2
1544 1552 4
1549 1557 1
1550 1558 -2
1551 1559 -1
1552 1560 -4
1557 1565 -2
1558 1566 1
1559 1567 2
1560 1568 -2
1565 1573 2
1566 1574 2
1567 1575 -1
1568 1576 -1
1573 1581 4
1574 1582 -2
1575 1583 1
1576 1584 4
1581 1589 -1
1582 1590 -1
1583 1591 1
1584 1592 -1
1589 1597 1
1590 1598 4
1591 1599 -2
1592 1600 1
1597 1605 -1
1598 1606 -1
1599 1607 1
1600 1608 1
1605 1613 -2
1606 1614 -2
1607 1615 -2
1608 1616 -4
1613 1621 -1
1614 1622 -1
1615 1623 -4
1616 1624 1
1621 1629 4
1622 1630 -2
1623 1631 4
1624 1632 -4
1629 1637 -1
1630 1638 4
1631 1639 2
1632 1640 2
1637 1645 2
1638 1646 4
1639 1647 1
1640 1648 -2
1645 1653 -2
1646 1654 -2
1647 1655 -4
1648 1656 4
1653 1661 1
1654 1662 1
1655 1663 2
1656 1664 -4
1669 1677 -2
1670 1678 1
1671 1679 -2
1672 1680 2
1677 1685 2
1678 1686 2
1679 1687 2
1680 1688 2
1685 1693 4
1686 1694 -1
1687 1695 4
1688 1696 1
1693 1701 -2
1694 1702 2
1695 1703 -4
1696 1704 2
1701 1709 -4
1702 1710 -1
1703 1711 1
1704 1712 -1
1709 1717 -1
1710 1718 2
1711 1719 -4
1712 1720 -4
1717 1725 4
1718 1726 4
1719 1727 4
1720 1728 -4
1725 1733 -2
1726 1734 -4
1727 1735 1
1728 1736 -1
1733 1741 2
1734 1742 1
1735 1743 4
1736 1744 -2
1741 1749 2
1742 1750 -4
1743 1751 4
1744 1752 1
1749 1757 2
1750 1758 -4
1751 1759 -4
1752 1760 -4
1757 1765 4
1758 1766 -4
1759 1767 1
1760 1768 -2
1765 1773 2
1766 1774 -2
1767 1775 2
1768 1776 4
1773 1781 -1
1774 1782 2
1775 1783 -1
1776 1784 2
1781 1789 -4
1782 1790 2
1783 1791 -4
1784 1792 -1
1797 1805 1
1798 1806 1
1799 1807 -1
1800 1808 -1
1805 1813 -1
1806 1814 2
1807 1815 2
1808 1816 1
1813 1821 -2
1814 1822 -2
1815 1823 4
1816 1824 1
1821 1829 -2
1822 1830 -4
1823 1831 4
1824 1832 -1
1829 1837 1
1830 1838 -4
1831 1839 4
1832 1840 -4
1837 1845 -1
1838 1846 -1
1839 1847 -4
1840 1848 -4
1845 1853 -1
1846 1854 -1
1847 1855 -2
1848 1856 -1
1853 1861 -4
1854 1862 -4
1855 1863 -4
1856 1864 -2
1861 1869 4
1862 1870 -1
1863 1871 1
1864 1872 -1
1869 1877 1
1870 1878 -4
1871 1879 -2
1872 1880 1
1877 1885 -1
1878 1886 -2
1879 1887 4
1880 1888 -2
1885 1893 2
1886 1894 2
1887 1895 -4
1888 1896 2
1893 1901 2
1894 1902 1
1895 1903 2
1896 1904 1
1901 1909 -1
1902 1910 2
1903 1911 -2
1904 1912 -1
1909 1917 -2
1910 1918 2
1911 1919 -4
1912 1920 -1
1925 1933 4
1926 1934 1
1927 1935 2
1928 1936 1
1933 1941 2
1934 1942 2
1935 1943 4
1936 1944 4
1941 1949 1
1942 1950 -2
1943 1951 -2
1944 1952 4
1949 1957 -2
1950 1958 -1
1951 1959 4
1952 1960 -2
1957 1965 1
1958 1966 4
1959 1967 -2
1960 1968 -1
1965 1973 1
1966 1974 1
1967 1975 1
1968 1976 -4
1973 1981 -2
1974 1982 -2
1975 1983 1
1976 1984 -2
1981 1989 2
1982 1990 -4
1983 1991 4
1984 1992 -2
1989 1997 -1
1990 1998 2
1991 1999 2
1992 2000 -2
1997 2005 1
1998 2006 1
1999 2007 -4
2000 2008 -1
2005 2013 2
2006 2014 -1
2007 2015 1
2008 2016 4
2013 2021 -2
2014 2022 -4
2015 2023 2
2016 2024 1
2021 2029 -4
2022 2030 4
2023 2031 2
2024 2032 4
2029 2037 -1
2030 2038 -4
2031 2039 4
2032 2040 1
2037 2045 1
2038 2046 -1
2039 2047 4
2040 2048 4
1 129 -4
2 130 -2
3 131 4
4 132 -2
129 257 2
130 258 1
131 259 2
132 260 -2
257 385 1
258 386 2
259 387 2
260 388 -1
385 513 1
386 514 1
387 515 4
388 516 -1
513 641 -4
514 642 2
515 643 1
516 644 2
641 769 2
642 770 4
643 771 -1
644 772 1
769 897 1
770 898 -4
771 899 -2
772 900 4
897 1025 -2
898 1026 -1
899 1027 1
900 1028 -2
1025 1153 -1
1026 1154 -1
1027 1155 -4
1028 1156 -2
1153 1281 1
1154 1282 -4
1155 1283 1
1156 1284 -1
1281 1409 4
1282 1410 1
1283 1411 1
1284 1412 4
1409 1537 -2
1410 1538 4
1411 1539 1
1412 1540 -1
1537 1665 -2
1538 1666 -2
1539 1667 -1
1540 1668 1
1665 1793 2
1666 1794 4
1667 1795 4
1668 1796 -2
1793 1921 2
1794 1922 -2
1795 1923 -4
1796 1924 4
9 137 -4
10 138 1
11 139 1
12 140 1
137 265 -1
138 266 -2
139 267 -2
140 268 4
265 393 1
266 394 2
267 395 -4
268 396 -4
393 521 2
394 522 -2
395 523 -1
396 524 2
521 649 -1
522 650 1
523 651 -4
524 652 1
649 777 1
650 778 4
651 779 1
652 780 -2
777 905 4
778 906 1
779 907 4
780 908 1
905 1033 1
906 1034 2
907 1035 -2
908 1036 4
1033 1161 -4
1034 1162 4
1035 1163 1
1036 1164 1
1161 1289 2
1162 1290 -1
1163 1291 -2
1164 1292 4
1289 1417 1
1290 1418 -4
1291 1419 -2
1292 1420 4
1417 1545 1
1418 1546 4
1419 1547 4
1420 1548 4
1545 1673 2
1546 1674 4
1547 1675 1
1548 1676 2
1673 1801 2
1674 1802 4
1675 1803 -1
1676 1804 -4
1801 1929 -1
1802 1930 -2
1803 1931 -1
1804 1932 -4
17 145 -1
18 146 2
19 147 4
20 148 -2
145 273 1
146 274 1
147 275 -2
148 276 1
273 401 4
274 402 -2
275 403 -4
276 404 2
401 529 -4
402 530 -2
403 531 2
404 532 4
529 657 2
530 658 -1
531 659 -4
532 660 4
657 785 -4
658 786 4
659 787 -2
660 788 1
785 913 -1
786 914 -2
787 915 4
788 916 -1
913 1041 -4
914 1042 -2
915 1043 1
916 1044 2
1041 1169 2
1042 1170 1
1043 1171 -4
1044 1172 -1
1169 1297 -4
1170 1298 -4
1171 1299 -1
1172 1300 4
1297 1425 2
1298 1426 -2
1299 1427 4
1300 1428 -1
1425 1553 4
1426 1554 -4
1427 1555 2
1428 1556 1
1553 1681 1
1554 1682 -1
1555 1683 -4
1556 1684 4
1681 1809 4
1682 1810 -4
1683 1811 -2
1684 1812 -2
1809 1937 -4
1810 1938 -4
1811 1939 -2
1812 1940 4
25 153 1
26 154 -1
27 155 -4
28 156 2
153 281 2
154 282 -2
155 283 4
156 284 1
281 409 4
282 410 -4
283 411 4
284 412 4
409 537 -4
410 538 4
411 539 4
412 540 2
537 665 2
538 666 -4
539 667 -2
540 668 -4
665 793 -2
666 794 2
667 795 1
668 796 1
793 921 2
794 922 4
795 923 -1
796 924 1
921 1049 -2
922 1050 4
923 1051 -2
924 1052 -1
1049 1177 -4
1050 1178 1
1051 1179 4
1052 1180 -4
1177 1305 -1
1178 1306 -4
1179 1307 1
1180 1308 4
1305 1433 4
1306 1434 -4
1307 1435 2
1308 1436 -2
1433 1561 -4
1434 1562 1
1435 1563 4
1436 1564 2
1561 1689 -2
1562 1690 4
1563 1691 -2
1564 1692 -1
1689 1817 -4
1690 1818 1
1691 1819 -4
1692 1820 -4
1817 1945 -1
1818 1946 -4
1819 1947 2
1820 1948 2
33 161 -1
34 162 -4
35 163 -4
36 164 2
161 289 -1
162 290 2
163 291 2
164 292 2
289 417 -4
290 418 -4
291 419 -4
292 420 -2
417 545 4
418 546 -1
419 547 -1
420 548 2
545 673 2
546 674 2
547 675 -1
548 676 -1
673 801 4
674 802 -2
675 803 -4
676 804 4
801 929 4
802 930 -2
803 931 4
804 932 -4
929 1057 1
930 1058 -1
931 1059 -4
932 1060 2
1057 1185 4
1058 1186 -2
1059 1187 4
1060 1188 -1
1185 1313 -1
1186 1314 -2
1187 1315 1
1188 1316 4
1313 1441 2
1314 1442 -1
1315 1443 4
1316 1444 2
1441 1569 -4
1442 1570 2
1443 1571 -2
1444 1572 -4
1569 1697 4
1570 1698 2
1571 1699 4
1572 1700 1
1697 1825 -2
1698 1826 4
1699 1827 4
1700 1828 4
1825 1953 -1
1826 1954 -4
1827 1955 4
1828 1956 1
41 169 2
42 170 4
43 171 -1
44 172 -2
169 297 1
170 298 -4
171 299 -2
172 300 -2
297 425 -2
298 426 2
299 427 -1
300 428 -4
425 553 2
426 554 -4
427 555 -2
428 556 1
553 681 1
554 682 4
555 683 -2
556 684 -1
681 809 4
682 810 -4
683 811 2
684 812 2
809 937 1
810 938 -2
811 939 4
812 940 -1
937 1065 -4
938 1066 -4
939 1067 -4
940 1068 -2
1065 1193 -4
1066 1194 -4
1067 1195 -4
1068 1196 -2
1193 1321 -2
1194 1322 1
1195 1323 4
1196 1324 4
1321 1449 -4
1322 1450 -1
1323 1451 -4
1324 1452 4
1449 1577 1
1450 1578 1
1451 1579 4
1452 1580 -4
1577 1705 -4
1578 1706 2
1579 1707 -1
1580 1708 -4
1705 1833 1
1706 1834 1
1707 1835 4
1708 1836 1
1833 1961 4
1834 1962 -2
1835 1963 -2
1836 1964 -2
49 177 4
50 178 1
51 179 1
52 180 -4
177 305 -1
178 306 -2
179 307 -2
180 308 -4
305 433 -4
306 434 2
307 435 2
308 436 -4
433 561 4
434 562 1
435 563 1
436 564 4
561 689 1
562 690 2
563 691 -2
564 692 -4
689 817 4
690 818 -4
691 819 1
692 820 -2
817 945 -4
818 946 2
819 947 2
820 948 -4
945 1073 -1
946 1074 1
947 1075 1
948 1076 4
1073 1201 1
1074 1202 2
1075 1203 -2
1076 1204 4
1201 1329 4
1202 1330 4
1203 1331 2
1204 1332 -4
1329 1457 -2
1330 1458 -1
1331 1459 -1
1332 1460 4
1457 1585 -4
1458 1586 1
1459 1587 1
1460 1588 1
1585 1713 2
1586 1714 -1
1587 1715 4
1588 1716 2
1713 1841 -2
1714 1842 2
1715 1843 1
1716 1844 -4
1841 1969 -1
1842 1970 1
1843 1971 -2
1844 1972 -1
57 185 -4
58 186 1
59 187 -4
60 188 1
185 313 -2
186 314 -2
187 315 -4
188 316 1
313 441 -1
314 442 4
315 443 -4
316 444 -1
441 569 -2
442 570 -1
443 571 4
444 572 4
569 697 -2
570 698 2
571 699 1
572 700 1
697 825 2
698 826 2
699 827 4
700 828 1
825 953 2
826 954 -2
827 955 4
828 956 -2
953 1081 -2
954 1082 1
955 1083 -4
956 1084 -1
1081 1209 -1
1082 1210 1
1083 1211 4
1084 1212 -4
1209 1337 1
1210 1338 -2
1211 1339 4
1212 1340 2
1337 1465 -4
1338 1466 -1
1339 1467 1
1340 1468 -1
1465 1593 4
1466 1594 -1
1467 1595 -2
1468 1596 1
1593 1721 4
1594 1722 -4
1595 1723 2
1596 1724 4
1721 1849 -1
1722 1850 1
1723 1851 -1
1724 1852 1
1849 1977 -4
1850 1978 4
1851 1979 4
1852 1980 -2
65 193 4
66 194 -1
67 195 -2
68 196 2
193 321 4
194 322 -4
195 323 -4
196 324 -1
321 449 -4
322 450 1
323 451 4
324 452 1
449 577 -1
450 578 -2
451 579 4
452 580 1
577 705 -2
578 706 1
579 707 4
580 708 2
705 833 1
706 834 2
707 835 -2
708 836 -2
833 961 -1
834 962 1
835 963 4
836 964 2
961 1089 4
962 1090 -1
963 1091 1
964 1092 -1
1089 1217 -4
1090 1218 -1
1091 1219 -4
1092 1220 -1
1217 1345 4
1218 1346 -2
1219 1347 -4
1220 1348 4
1345 1473 1
1346 1474 1
1347 1475 4
1348 1476 -2
1473 1601 4
1474 1602 -4
1475 1603 -1
1476 1604 1
1601 1729 -4
1602 1730 -1
1603 1731 4
1604 1732 -2
1729 1857 -2
1730 1858 -1
1731 1859 4
1732 1860 -2
1857 1985 4
1858 1986 -4
1859 1987 -2
1860 1988 -1
73 201 4
74 202 -2
75 203 -4
76 204 -2
201 329 4
202 330 -1
203 331 -2
204 332 -4
329 457 -1
330 458 2
331 459 -1
332 460 -1
457 585 -2
458 586 2
459 587 4
460 588 1
585 713 -4
586 714 -2
587 715 -4
588 716 -4
713 841 -4
714 842 2
715 843 4
716 844 1
841 969 -1
842 970 2
843 971 -4
844 972 -1
969 1097 -1
970 1098 1
971 1099 -4
972 1100 -4
1097 1225 -1
1098 1226 -1
1099 1227 -1
1100 1228 -1
1225 1353 -4
1226 1354 4
1227 1355 -1
1228 1356 -4
1353 1481 1
1354 1482 -2
1355 1483 1
1356 1484 -4
1481 1609 4
1482 1610 2
1483 1611 -4
1484 1612 2
1609 1737 -1
1610 1738 1
1611 1739 2
1612 1740 -2
1737 1865 4
1738 1866 2
1739 1867 2
1740 1868 -4
1865 1993 2
1866 1994 -1
1867 1995 2
1868 1996 1
81 209 4
82 210 -1
83 211 4
84 212 4
209 337 4
210 338 -4
211 339 4
212 340 -2
337 465 2
338 466 -2
339 467 -2
340 468 1
465 593 4
466 594 -2
467 595 -1
468 596 4
593 721 4
594 722 4
595 723 -2
596 724 1
721 849 -4
722 850 -4
723 851 -2
724 852 2
849 977 -2
850 978 -1
851 979 4
852 980 -2
977 1105 -1
978 1106 -2
979 1107 -2
980 1108 -1
1105 1233 2
1106 1234 -2
1107 1235 -1
1108 1236 4
1233 1361 -1
1234 1362 2
1235 1363 -4
1236 1364 -2
1361 1489 -4
1362 1490 1
1363 1491 1
1364 1492 -2
1489 1617 -1
1490 1618 1
1491 1619 2
1492 1620 -4
1617 1745 -4
1618 1746 4
1619 1747 -4
1620 1748 4
1745 1873 -2
1746 1874 -2
1747 1875 -4
1748 1876 -2
1873 2001 2
1874 2002 2
1875 2003 -1
1876 2004 1
89 217 2
90 218 -4
91 219 -1
92 220 -1
217 345 -2
218 346 2
219 347 -4
220 348 -1
345 473 -4
346 474 -4
347 475 -4
348 476 -4
473 601 1
474 602 -1
475 603 -1
476 604 -1
601 729 4
602 730 -4
603 731 -4
604 732 -1
729 857 2
730 858 -4
731 859 -1
732 860 2
857 985 2
858 986 -2
859 987 1
860 988 -1
985 1113 -1
986 1114 1
987 1115 -1
988 1116 2
1113 1241 -1
1114 1242 4
1115 1243 -2
1116 1244 1
1241 1369 -2
1242 1370 -2
1243 1371 -2
1244 1372 2
1369 1497 -2
1370 1498 -2
1371 1499 1
1372 1500 -4
1497 1625 4
1498 1626 2
1499 1627 -4
1500 1628 -1
1625 1753 1
1626 1754 2
1627 1755 -4
1628 1756 4
1753 1881 4
1754 1882 2
1755 1883 -4
1756 1884 4
1881 2009 -1
1882 2010 2
1883 2011 -1
1884 2012 2
97 225 -2
98 226 -2
99 227 -2
100 228 -2
225 353 1
226 354 -2
227 355 -2
228 356 -2
353 481 -2
354 482 -2
355 483 -4
356 484 1
481 609 1
482 610 4
483 611 1
484 612 -4
609 737 -2
610 738 1
611 739 4
612 740 -1
737 865 1
738 866 -4
739 867 2
740 868 -4
865 993 4
866 994 1
867 995 1
868 996 -2
993 1121 -2
994 1122 4
995 1123 -4
996 1124 4
1121 1249 -1
1122 1250 -4
1123 1251 -1
1124 1252 -1
1249 1377 -1
1250 1378 4
1251 1379 -1
1252 1380 1
1377 1505 1
1378 1506 1
1379 1507 -1
1380 1508 -4
1505 1633 -2
1506 1634 -1
1507 1635 1
1508 1636 2
1633 1761 2
1634 1762 2
1635 1763 2
1636 1764 -1
1761 1889 -1
1762 1890 -2
1763 1891 4
1764 1892 -2
1889 2017 2
1890 2018 -2
1891 2019 -1
1892 2020 1
105 233 1
106 234 -2
107 235 -1
108 236 -1
233 361 2
234 362 4
235 363 4
236 364 -1
361 489 4
362 490 -1
363 491 -2
364 492 4
489 617 1
490 618 1
491 619 -2
492 620 -1
617 745 -2
618 746 -2
619 747 2
620 748 -1
745 873 2
746 874 -4
747 875 2
748 876 -4
873 1001 -2
874 1002 -4
875 1003 -2
876 1004 2
1001 1129 -1
1002 1130 -2
1003 1131 4
1004 1132 -2
1129 1257 1
1130 1258 4
1131 1259 -2
1132 1260 4
1257 1385 4
1258 1386 4
1259 1387 -1
1260 1388 2
1385 1513 -1
1386 1514 2
1387 1515 -1
1388 1516 1
1513 1641 2
1514 1642 1
1515 1643 -4
1516 1644 -2
1641 1769 -2
1642 1770 4
1643 1771 4
1644 1772 -2
1769 1897 4
1770 1898 -1
1771 1899 2
1772 1900 1
1897 2025 -4
1898 2026 1
1899 2027 -1
1900 2028 2
113 241 -2
114 242 2
115 243 4
116 244 -4
241 369 2
242 370 -1
243 371 1
244 372 1
369 497 4
370 498 1
371 499 -2
372 500 -4
497 625 2
498 626 2
499 627 -4
500 628 2
625 753 1
626 754 -4
627 755 1
628 756 -4
753 881 -2
754 882 -4
755 883 2
756 884 1
881 1009 -2
882 1010 -2
883 1011 2
884 1012 -4
1009 1137 1
1010 1138 -1
1011 1139 -2
1012 1140 -2
1137 1265 1
1138 1266 2
1139 1267 1
1140 1268 4
1265 1393 -1
1266 1394 -2
1267 1395 4
1268 1396 1
1393 1521 -1
1394 1522 -4
1395 1523 -1
1396 1524 4
1521 1649 -4
1522 1650 4
1523 1651 -1
1524 1652 -2
1649 1777 -4
1650 1778 -2
1651 1779 -2
1652 1780 1
1777 1905 -2
1778 1906 2
1779 1907 2
1780 1908 2
1905 2033 -1
1906 2034 -1
1907 2035 4
1908 2036 -4
121 249 -1
122 250 4
123 251 4
124 252 2
249 377 -1
250 378 2
251 379 -1
252 380 1
377 505 -1
378 506 4
379 507 -2
380 508 1
505 633 1
506 634 2
507 635 -1
508 636 -4
633 761 -4
634 762 -1
635 763 -2
636 764 -1
761 889 -4
762 890 4
763 891 -4
764 892 -2
889 1017 -1
890 1018 -2
891 1019 -2
892 1020 4
1017 1145 -2
1018 1146 1
1019 1147 -2
1020 1148 1
1145 1273 -2
1146 1274 4
1147 1275 2
1148 1276 1
1273 1401 2
1274 1402 -2
1275 1403 2
1276 1404 -2
1401 1529 -2
1402 1530 -1
1403 1531 -2
1404 1532 -4
1529 1657 1
1530 1658 -2
1531 1659 -2
1532 1660 -1
1657 1785 -4
1658 1786 -2
1659 1787 2
1660 1788 1
1785 1913 2
1786 1914 1
1787 1915 -2
1788 1916 -4
1913 2041 1
1914 2042 4
1915 2043 2
1916 2044 2
