#
1 5 4
1 6 1
1 7 2
1 8 4
2 5 4
2 6 -2
2 7 -1
2 8 2
3 5 4
3 6 -4
3 7 4
3 8 -2
4 5 1
4 6 1
4 7 2
4 8 -2
9 13 1
9 14 -1
9 15 -4
9 16 -1
10 13 4
10 14 -1
10 15 -4
10 16 1
11 13 -1
11 14 -2
11 15 -4
11 16 -2
12 13 -4
12 14 2
12 15 -4
12 16 -2
17 21 -4
17 22 -2
17 23 -4
17 24 -1
18 21 -2
18 22 2
18 23 1
18 24 -4
19 21 2
19 22 1
19 23 4
19 24 -2
20 21 -2
20 22 4
20 23 2
20 24 -4
25 29 -4
25 30 2
25 31 -2
25 32 -2
26 29 4
26 30 -4
26 31 -4
26 32 -1
27 29 -4
27 30 4
27 31 -4
27 32 4
28 29 4
28 30 -4
28 31 -4
28 32 4
33 37 2
33 38 -2
33 39 1
33 40 2
34 37 1
34 38 4
34 39 -1
34 40 -4
35 37 4
35 38 -1
35 39 2
35 40 4
36 37 4
36 38 4
36 39 -2
36 40 -4
41 45 -4
41 46 -2
41 47 1
41 48 1
42 45 -4
42 46 1
42 47 -2
42 48 1
43 45 -1
43 46 4
43 47 -2
43 48 1
44 45 -4
44 46 2
44 47 -1
44 48 4
49 53 2
49 54 -2
49 55 -4
49 56 -1
50 53 -2
50 54 -2
50 55 -1
50 56 4
51 53 2
51 54 4
51 55 4
51 56 -1
52 53 4
52 54 4
52 55 -1
52 56 -2
57 61 -4
57 62 1
57 63 -2
57 64 4
58 61 -1
58 62 -4
58 63 4
58 64 1
59 61 -4
59 62 -2
59 63 2
59 64 -2
60 61 -4
60 62 1
60 63 -2
60 64 2
65 69 1
65 70 -4
65 71 -1
65 72 -2
66 69 -1
66 70 2
66 71 -1
66 72 1
67 69 -2
67 70 -4
67 71 2
67 72 -1
68 69 4
68 70 -4
68 71 4
68 72 -1
73 77 4
73 78 2
73 79 1
73 80 2
74 77 -2
74 78 -4
74 79 -2
74 80 -1
75 77 1
75 78 2
75 79 -4
75 80 -1
76 77 -2
76 78 4
76 79 2
76 80 1
81 85 -1
81 86 2
81 87 4
81 88 -4
82 85 2
82 86 4
82 87 2
82 88 4
83 85 -2
83 86 4
83 87 1
83 88 4
84 85 1
84 86 -2
84 87 1
84 88 1
89 93 1
89 94 -1
89 95 -4
89 96 1
90 93 2
90 94 -4
90 95 1
90 96 -1
91 93 -4
91 94 1
91 95 -4
91 96 4
92 93 4
92 94 -4
92 95 2
92 96 -4
97 101 1
97 102 -1
97 103 2
97 104 -4
98 101 -1
98 102 1
98 103 -2
98 104 -1
99 101 4
99 102 4
99 103 1
99 104 -2
100 101 -1
100 102 -4
100 103 -1
100 104 4
105 109 -2
105 110 -2
105 111 4
105 112 -2
106 109 2
106 110 -1
106 111 2
106 112 4
107 109 4
107 110 4
107 111 1
107 112 2
108 109 -1
108 110 -1
108 111 -4
108 112 -1
113 117 4
113 118 -2
113 119 4
113 120 4
114 117 4
114 118 -2
114 119 1
114 120 2
115 117 -1
115 118 -2
115 119 4
115 120 4
116 117 -2
116 118 2
116 119 1
116 120 -4
121 125 -2
121 126 4
121 127 -4
121 128 -2
122 125 2
122 126 -2
122 127 1
122 128 -2
123 125 1
123 126 2
123 127 -2
123 128 -1
124 125 2
124 126 -1
124 127 1
124 128 2
129 133 4
129 134 -2
129 135 -2
129 136 -1
130 133 2
130 134 -4
130 135 4
130 136 -4
131 133 4
131 134 1
131 135 4
131 136 -4
132 133 -1
132 134 -4
132 135 1
132 136 1
137 141 -1
137 142 2
137 143 -2
137 144 -2
138 141 4
138 142 1
138 143 4
138 144 1
139 141 2
139 142 -2
139 143 1
139 144 4
140 141 -4
140 142 -1
140 143 -2
140 144 -2
145 149 -1
145 150 -4
145 151 -2
145 152 2
146 149 1
146 150 -1
146 151 -4
146 152 4
147 149 4
147 150 4
147 151 2
147 152 1
148 149 -4
148 150 -4
148 151 -4
148 152 -4
153 157 2
153 158 2
153 159 -2
153 160 -4
154 157 2
154 158 -2
154 159 2
154 160 -1
155 157 -1
155 158 2
155 159 2
155 160 1
156 157 -4
156 158 -2
156 159 -1
156 160 1
161 165 -1
161 166 1
161 167 -1
161 168 -2
162 165 -4
162 166 1
162 167 1
162 168 -4
163 165 1
163 166 -1
163 167 4
163 168 1
164 165 2
164 166 1
164 167 -1
164 168 -1
169 173 -4
169 174 4
169 175 4
169 176 2
170 173 -1
170 174 1
170 175 -1
170 176 -4
171 173 -1
171 174 -2
171 175 4
171 176 2
172 173 1
172 174 1
172 175 -1
172 176 4
177 181 1
177 182 -4
177 183 4
177 184 1
178 181 -4
178 182 -2
178 183 -1
178 184 1
179 181 -2
179 182 -2
179 183 4
179 184 -1
180 181 1
180 182 -2
180 183 2
180 184 2
185 189 4
185 190 -2
185 191 -2
185 192 -4
186 189 1
186 190 -4
186 191 -1
186 192 2
187 189 -4
187 190 1
187 191 2
187 192 -4
188 189 -4
188 190 4
188 191 -4
188 192 -1
193 197 1
193 198 2
193 199 -1
193 200 -1
194 197 1
194 198 -2
194 199 4
194 200 -2
195 197 1
195 198 -2
195 199 -4
195 200 1
196 197 4
196 198 4
196 199 -1
196 200 2
201 205 -4
201 206 -1
201 207 -1
201 208 1
202 205 -1
202 206 2
202 207 -1
202 208 1
203 205 -1
203 206 -2
203 207 2
203 208 1
204 205 1
204 206 -1
204 207 1
204 208 -1
209 213 -1
209 214 -2
209 215 1
209 216 2
210 213 2
210 214 -2
210 215 4
210 216 1
211 213 2
211 214 4
211 215 1
211 216 -1
212 213 -4
212 214 -4
212 215 -2
212 216 4
217 221 -2
217 222 2
217 223 4
217 224 1
218 221 -2
218 222 -2
218 223 -1
218 224 4
219 221 -1
219 222 2
219 223 -1
219 224 -4
220 221 -2
220 222 -2
220 223 -4
220 224 -4
225 229 -2
225 230 -4
225 231 1
225 232 2
226 229 -1
226 230 4
226 231 4
226 232 -1
227 229 -1
227 230 -1
227 231 2
227 232 2
228 229 -1
228 230 4
228 231 2
228 232 4
233 237 4
233 238 -2
233 239 -2
233 240 -1
234 237 4
234 238 1
234 239 -4
234 240 4
235 237 1
235 238 -2
235 239 2
235 240 -1
236 237 2
236 238 -1
236 239 -2
236 240 1
241 245 -2
241 246 -2
241 247 4
241 248 4
242 245 -4
242 246 -1
242 247 -2
242 248 -1
243 245 -4
243 246 -2
243 247 2
243 248 2
244 245 -2
244 246 2
244 247 4
244 248 1
249 253 2
249 254 4
249 255 -2
249 256 4
250 253 2
250 254 2
250 255 -4
250 256 -2
251 253 -2
251 254 1
251 255 4
251 256 -2
252 253 -2
252 254 2
252 255 4
252 256 1
257 261 4
257 262 -4
257 263 -4
257 264 2
258 261 4
258 262 -4
258 263 1
258 264 -2
259 261 1
259 262 -1
259 263 4
259 264 -4
260 261 4
260 262 4
260 263 -2
260 264 1
265 269 -1
265 270 1
265 271 -4
265 272 1
266 269 -4
266 270 -4
266 271 4
266 272 2
267 269 1
267 270 2
267 271 1
267 272 -1
268 269 -1
268 270 1
268 271 -2
268 272 4
273 277 -4
273 278 2
273 279 4
273 280 -1
274 277 -1
274 278 -4
274 279 2
274 280 1
275 277 -2
275 278 1
275 279 4
275 280 -1
276 277 -4
276 278 4
276 279 -2
276 280 2
281 285 -4
281 286 4
281 287 -4
281 288 -1
282 285 -4
282 286 1
282 287 -2
282 288 1
283 285 -4
283 286 -1
283 287 -4
283 288 4
284 285 -1
284 286 2
284 287 4
284 288 4
289 293 4
289 294 2
289 295 -4
289 296 -1
290 293 -4
290 294 1
290 295 -4
290 296 -1
291 293 -1
291 294 -2
291 295 -2
291 296 -1
292 293 -4
292 294 4
292 295 -4
292 296 2
297 301 1
297 302 -2
297 303 -1
297 304 -4
298 301 -2
298 302 4
298 303 -4
298 304 4
299 301 -2
299 302 -1
299 303 -1
299 304 4
300 301 2
300 302 -1
300 303 1
300 304 -2
305 309 -4
305 310 -1
305 311 -2
305 312 2
306 309 4
306 310 -4
306 311 -1
306 312 -2
307 309 1
307 310 -4
307 311 -2
307 312 2
308 309 2
308 310 1
308 311 -2
308 312 4
313 317 -1
313 318 4
313 319 -2
313 320 -2
314 317 -2
314 318 2
314 319 -1
314 320 -1
315 317 -2
315 318 -2
315 319 4
315 320 1
316 317 2
316 318 1
316 319 -2
316 320 -4
321 325 -2
321 326 4
321 327 -2
321 328 -2
322 325 4
322 326 -4
322 327 2
322 328 -4
323 325 2
323 326 -1
323 327 1
323 328 -1
324 325 -2
324 326 -1
324 327 -1
324 328 -2
329 333 1
329 334 -1
329 335 -1
329 336 -1
330 333 1
330 334 -1
330 335 -4
330 336 -1
331 333 4
331 334 2
331 335 -4
331 336 -2
332 333 -4
332 334 -2
332 335 -4
332 336 1
337 341 1
337 342 -1
337 343 2
337 344 1
338 341 2
338 342 1
338 343 1
338 344 4
339 341 -1
339 342 -2
339 343 1
339 344 -4
340 341 -1
340 342 1
340 343 -2
340 344 4
345 349 -1
345 350 1
345 351 1
345 352 1
346 349 1
346 350 4
346 351 2
346 352 -4
347 349 -1
347 350 -4
347 351 -2
347 352 4
348 349 -2
348 350 2
348 351 4
348 352 -1
353 357 1
353 358 -1
353 359 -2
353 360 -4
354 357 2
354 358 -4
354 359 1
354 360 -1
355 357 4
355 358 -2
355 359 2
355 360 -4
356 357 -4
356 358 4
356 359 2
356 360 4
361 365 2
361 366 4
361 367 1
361 368 -4
362 365 1
362 366 -1
362 367 -2
362 368 -1
363 365 4
363 366 -2
363 367 2
363 368 -4
364 365 4
364 366 -2
364 367 -4
364 368 4
369 373 2
369 374 1
369 375 -1
369 376 4
370 373 4
370 374 1
370 375 4
370 376 -4
371 373 -4
371 374 -2
371 375 2
371 376 2
372 373 -2
372 374 2
372 375 4
372 376 -4
377 381 -4
377 382 1
377 383 2
377 384 1
378 381 -4
378 382 -1
378 383 -1
378 384 -4
379 381 -2
379 382 -4
379 383 2
379 384 2
380 381 4
380 382 -1
380 383 4
380 384 -2
385 389 4
385 390 -1
385 391 4
385 392 1
386 389 -4
386 390 -4
386 391 2
386 392 -1
387 389 -4
387 390 -1
387 391 -1
387 392 2
388 389 2
388 390 1
388 391 1
388 392 2
393 397 -1
393 398 1
393 399 1
393 400 2
394 397 -2
394 398 4
394 399 2
394 400 1
395 397 2
395 398 -2
395 399 1
395 400 -2
396 397 -4
396 398 2
396 399 -2
396 400 4
401 405 4
401 406 -4
401 407 2
401 408 -1
402 405 1
402 406 -4
402 407 1
402 408 -1
403 405 -2
403 406 -4
403 407 -4
403 408 1
404 405 -2
404 406 2
404 407 4
404 408 1
409 413 -1
409 414 1
409 415 -2
409 416 1
410 413 -2
410 414 -1
410 415 2
410 416 2
411 413 -2
411 414 1
411 415 -4
411 416 -2
412 413 -2
412 414 2
412 415 2
412 416 2
417 421 1
417 422 -2
417 423 -2
417 424 -1
418 421 -2
418 422 -4
418 423 -4
418 424 2
419 421 -4
419 422 -1
419 423 -4
419 424 -4
420 421 2
420 422 -2
420 423 4
420 424 -1
425 429 4
425 430 -1
425 431 1
425 432 2
426 429 -1
426 430 2
426 431 -2
426 432 4
427 429 4
427 430 -1
427 431 -4
427 432 4
428 429 1
428 430 2
428 431 -1
428 432 -2
433 437 1
433 438 -1
433 439 -4
433 440 -1
434 437 -1
434 438 -1
434 439 2
434 440 4
435 437 2
435 438 2
435 439 -2
435 440 4
436 437 2
436 438 1
436 439 -4
436 440 1
441 445 -1
441 446 -1
441 447 4
441 448 4
442 445 -4
442 446 -4
442 447 1
442 448 -1
443 445 -4
443 446 2
443 447 -2
443 448 1
444 445 4
444 446 2
444 447 1
444 448 4
449 453 2
449 454 -2
449 455 2
449 456 -1
450 453 1
450 454 -2
450 455 -1
450 456 -4
451 453 -1
451 454 1
451 455 -1
451 456 4
452 453 2
452 454 4
452 455 1
452 456 -2
457 461 -4
457 462 1
457 463 2
457 464 1
458 461 -2
458 462 -1
458 463 -4
458 464 -1
459 461 4
459 462 -1
459 463 2
459 464 4
460 461 -2
460 462 1
460 463 -2
460 464 1
465 469 2
465 470 -4
465 471 2
465 472 -4
466 469 2
466 470 2
466 471 -1
466 472 -4
467 469 2
467 470 -4
467 471 1
467 472 -4
468 469 -2
468 470 -2
468 471 -2
468 472 2
473 477 -1
473 478 1
473 479 -4
473 480 -2
474 477 -2
474 478 -1
474 479 -2
474 480 -4
475 477 -1
475 478 -4
475 479 1
475 480 -4
476 477 1
476 478 2
476 479 -2
476 480 -2
481 485 1
481 486 -1
481 487 4
481 488 2
482 485 -2
482 486 -2
482 487 4
482 488 -1
483 485 1
483 486 -1
483 487 1
483 488 2
484 485 1
484 486 4
484 487 -1
484 488 -2
489 493 -2
489 494 -4
489 495 -4
489 496 2
490 493 -4
490 494 -2
490 495 2
490 496 1
491 493 -2
491 494 4
491 495 1
491 496 4
492 493 -4
492 494 -1
492 495 2
492 496 1
497 501 -1
497 502 -1
497 503 1
497 504 4
498 501 4
498 502 2
498 503 -1
498 504 -4
499 501 4
499 502 -2
499 503 4
499 504 -1
500 501 -2
500 502 4
500 503 -2
500 504 -1
505 509 1
505 510 -2
505 511 2
505 512 1
506 509 2
506 510 -4
506 511 -2
506 512 1
507 509 -1
507 510 1
507 511 -2
507 512 -2
508 509 -1
508 510 2
508 511 -2
508 512 4
5 13 4
6 14 2
7 15 2
8 16 2
13 21 4
14 22 -2
15 23 -4
16 24 4
21 29 -2
22 30 -2
23 31 2
24 32 -2
29 37 -1
30 38 -1
31 39 1
32 40 -2
37 45 2
38 46 -1
39 47 2
40 48 -1
45 53 -2
46 54 2
47 55 2
48 56 -2
53 61 2
54 62 -4
55 63 -1
56 64 4
69 77 -2
70 78 1
71 79 -1
72 80 -1
77 85 -2
78 86 2
79 87 4
80 88 4
85 93 1
86 94 1
87 95 -1
88 96 1
93 101 -4
94 102 -4
95 103 -4
96 104 -2
101 109 4
102 110 -1
103 111 1
104 112 2
109 117 -2
110 118 4
111 119 1
112 120 2
117 125 -1
118 126 4
119 127 -4
120 128 -1
133 141 -4
134 142 4
135 143 2
136 144 4
141 149 1
142 150 -2
143 151 1
144 152 1
149 157 -4
150 158 4
151 159 1
152 160 -1
157 165 1
158 166 2
159 167 -1
160 168 -1
165 173 -2
166 174 -4
167 175 4
168 176 4
173 181 4
174 182 -2
175 183 -2
176 184 1
181 189 -2
182 190 -1
183 191 -1
184 192 -2
197 205 2
198 206 1
199 207 -2
200 208 1
205 213 -2
206 214 -1
207 215 -1
208 216 -2
213 221 -2
214 222 4
215 223 1
216 224 -2
221 229 1
222 230 2
223 231 2
224 232 -4
229 237 -4
230 238 1
231 239 2
232 240 4
237 245 2
238 246 2
239 247 2
240 248 -2
245 253 -4
246 254 -4
247 255 4
248 256 4
261 269 2
262 270 1
263 271 2
264 272 4
269 277 -1
270 278 4
271 279 1
272 280 1
277 285 -2
278 286 -4
279 287 2
280 288 4
285 293 -1
286 294 -2
287 295 -1
288 296 -4
293 301 4
294 302 4
295 303 -1
296 304 -2
301 309 -4
302 310 -1
303 311 -1
304 312 4
309 317 -1
310 318 4
311 319 -4
312 320 -1
325 333 -4
326 334 4
327 335 -1
328 336 -1
333 341 -4
334 342 -2
335 343 2
336 344 1
341 349 -1
342 350 -1
343 351 1
344 352 -2
349 357 -4
350 358 -2
351 359 -4
352 360 2
357 365 -4
358 366 2
359 367 1
360 368 -1
365 373 -2
366 374 1
367 375 -2
368 376 -4
373 381 -2
374 382 4
375 383 2
376 384 1
389 397 2
390 398 2
391 399 2
392 400 -4
397 405 -1
398 406 1
399 407 -4
400 408 4
405 413 4
406 414 -1
407 415 -2
408 416 -2
413 421 -1
414 422 -1
415 423 2
416 424 2
421 429 -4
422 430 -4
423 431 -2
424 432 -1
429 437 -1
430 438 -2
431 439 -1
432 440 1
437 445 -2
438 446 2
439 447 -4
440 448 -2
453 461 -2
454 462 -1
455 463 2
456 464 -1
461 469 4
462 470 -1
463 471 -4
464 472 1
469 477 -1
470 478 -4
471 479 1
472 480 1
477 485 1
478 486 2
479 487 -2
480 488 4
485 493 -2
486 494 4
487 495 4
488 496 4
493 501 4
494 502 -1
495 503 -2
496 504 -4
501 509 2
502 510 4
503 511 -4
504 512 -1
1 65 -1
2 66 -1
3 67 -2
4 68 -2
65 129 2
66 130 -2
67 131 4
68 132 2
129 193 -1
130 194 -4
131 195 2
132 196 -4
193 257 1
194 258 -2
195 259 1
196 260 1
257 321 -1
258 322 -4
259 323 2
260 324 4
321 385 2
322 386 2
323 387 -2
324 388 1
385 449 -4
386 450 4
387 451 1
388 452 2
9 73 -1
10 74 -2
11 75 -1
12 76 1
73 137 -1
74 138 -2
75 139 4
76 140 1
137 201 4
138 202 -4
139 203 1
140 204 1
201 265 4
202 266 2
203 267 -4
204 268 -2
265 329 -1
266 330 2
267 331 1
268 332 -2
329 393 4
330 394 -4
331 395 2
332 396 -4
393 457 4
394 458 2
395 459 4
396 460 4
17 81 1
18 82 2
19 83 -2
20 84 2
81 145 -4
82 146 -4
83 147 2
84 148 -1
145 209 -4
146 210 1
147 211 -1
148 212 4
209 273 2
210 274 -1
211 275 2
212 276 -2
273 337 -1
274 338 -4
275 339 4
276 340 -2
337 401 -1
338 402 -2
339 403 4
340 404 4
401 465 -1
402 466 -2
403 467 -1
404 468 4
25 89 -1
26 90 -4
27 91 -2
28 92 -2
89 153 -2
90 154 -1
91 155 -1
92 156 -1
153 217 -1
154 218 -2
155 219 2
156 220 1
217 281 -1
218 282 2
219 283 4
220 284 -4
281 345 -4
282 346 -2
283 347 -2
284 348 -2
345 409 -2
346 410 1
347 411 1
348 412 -4
409 473 -4
410 474 1
411 475 4
412 476 2
33 97 1
34 98 -4
35 99 -4
36 100 2
97 161 2
98 162 1
99 163 2
100 164 -4
161 225 2
162 226 4
163 227 -1
164 228 -4
225 289 -1
226 290 -2
227 291 4
228 292 4
289 353 4
290 354 -2
291 355 2
292 356 -2
353 417 -2
354 418 -1
355 419 -1
356 420 -1
417 481 4
418 482 -4
419 483 2
420 484 -2
41 105 -2
42 106 -1
43 107 1
44 108 -4
105 169 -2
106 170 -1
107 171 -2
108 172 -2
169 233 -2
170 234 -1
171 235 1
172 236 2
233 297 1
234 298 -2
235 299 -1
236 300 1
297 361 4
298 362 -1
299 363 -1
300 364 -4
361 425 4
362 426 -1
363 427 -2
364 428 4
425 489 -1
426 490 2
427 491 -2
428 492 -1
49 113 -4
50 114 4
51 115 -2
52 116 4
113 177 -2
114 178 4
115 179 -4
116 180 2
177 241 -2
178 242 -1
179 243 -4
180 244 1
241 305 2
242 306 -1
243 307 1
244 308 -1
305 369 -2
306 370 2
307 371 1
308 372 1
369 433 -1
370 434 -4
371 435 4
372 436 2
433 497 4
434 498 -4
435 499 -1
436 500 -4
57 121 -4
58 122 -1
59 123 -4
60 124 4
121 185 1
122 186 -4
123 187 4
124 188 -1
185 249 4
186 250 -2
187 251 -2
188 252 1
249 313 -1
250 314 -1
251 315 -4
252 316 -1
313 377 4
314 378 4
315 379 -1
316 380 -2
377 441 1
378 442 -4
379 443 -4
380 444 -2
441 505 2
442 506 -1
443 507 1
444 508 -4
