#
1 5 -2
1 6 -4
1 7 -1
1 8 1
2 5 -4
2 6 -1
2 7 2
2 8 1
3 5 2
3 6 -4
3 7 -2
3 8 -4
4 5 -4
4 6 -4
4 7 -1
4 8 4
9 13 2
9 14 -4
9 15 -4
9 16 -1
10 13 2
10 14 4
10 15 -2
10 16 -4
11 13 1
11 14 -1
11 15 2
11 16 -4
12 13 1
12 14 4
12 15 4
12 16 1
17 21 -1
17 22 4
17 23 -1
17 24 4
18 21 -1
18 22 4
18 23 1
18 24 -1
19 21 4
19 22 1
19 23 -2
19 24 1
20 21 -2
20 22 -2
20 23 4
20 24 2
25 29 -4
25 30 -2
25 31 4
25 32 2
26 29 2
26 30 4
26 31 -2
26 32 -2
27 29 -4
27 30 4
27 31 -2
27 32 4
28 29 4
28 30 -2
28 31 -4
28 32 4
33 37 4
33 38 2
33 39 4
33 40 -1
34 37 -2
34 38 -1
34 39 4
34 40 4
35 37 -4
35 38 -4
35 39 4
35 40 -2
36 37 2
36 38 -2
36 39 1
36 40 -2
41 45 -1
41 46 2
41 47 -4
41 48 1
42 45 2
42 46 -1
42 47 -2
42 48 4
43 45 1
43 46 -4
43 47 4
43 48 4
44 45 2
44 46 -1
44 47 4
44 48 -2
49 53 -4
49 54 4
49 55 2
49 56 -1
50 53 1
50 54 4
50 55 -4
50 56 1
51 53 -2
51 54 1
51 55 -2
51 56 4
52 53 1
52 54 4
52 55 -2
52 56 1
57 61 4
57 62 -1
57 63 4
57 64 -2
58 61 1
58 62 -2
58 63 4
58 64 -2
59 61 4
59 62 1
59 63 2
59 64 1
60 61 2
60 62 -4
60 63 -4
60 64 4
65 69 -2
65 70 -2
65 71 4
65 72 2
66 69 -4
66 70 -4
66 71 -2
66 72 -2
67 69 -4
67 70 4
67 71 -4
67 72 -2
68 69 2
68 70 4
68 71 2
68 72 -2
73 77 -2
73 78 2
73 79 -1
73 80 -4
74 77 2
74 78 -1
74 79 1
74 80 4
75 77 -2
75 78 4
75 79 2
75 80 -2
76 77 1
76 78 2
76 79 1
76 80 -1
81 85 -1
81 86 2
81 87 2
81 88 -1
82 85 4
82 86 -4
82 87 1
82 88 -4
83 85 -1
83 86 -2
83 87 4
83 88 -4
84 85 4
84 86 -1
84 87 -1
84 88 -2
89 93 -1
89 94 4
89 95 4
89 96 4
90 93 2
90 94 4
90 95 -1
90 96 1
91 93 4
91 94 2
91 95 -2
91 96 -4
92 93 -4
92 94 2
92 95 1
92 96 2
97 101 2
97 102 2
97 103 2
97 104 -2
98 101 -2
98 102 -1
98 103 1
98 104 -4
99 101 -1
99 102 -4
99 103 2
99 104 -4
100 101 -2
100 102 4
100 103 4
100 104 1
105 109 -1
105 110 -2
105 111 -2
105 112 -1
106 109 -1
106 110 -1
106 111 4
106 112 4
107 109 2
107 110 2
107 111 -4
107 112 4
108 109 2
108 110 -1
108 111 -4
108 112 4
113 117 -1
113 118 2
113 119 -2
113 120 2
114 117 1
114 118 -2
114 119 -1
114 120 2
115 117 -1
115 118 -1
115 119 -2
115 120 -4
116 117 -2
116 118 -2
116 119 2
116 120 2
121 125 -4
121 126 2
121 127 2
121 128 -1
122 125 1
122 126 -2
122 127 1
122 128 -2
123 125 4
123 126 -2
123 127 -1
123 128 -2
124 125 -2
124 126 -2
124 127 -1
124 128 -4
129 133 1
129 134 2
129 135 4
129 136 -4
130 133 2
130 134 -1
130 135 2
130 136 2
131 133 -4
131 134 -2
131 135 4
131 136 2
132 133 1
132 134 -1
132 135 2
132 136 -4
137 141 -1
137 142 4
137 143 -4
137 144 2
138 141 -2
138 142 -2
138 143 4
138 144 -1
139 141 -2
139 142 -2
139 143 2
139 144 -2
140 141 2
140 142 -4
140 143 4
140 144 4
145 149 2
145 150 -1
145 151 4
145 152 -4
146 149 4
146 150 -4
146 151 4
146 152 4
147 149 1
147 150 4
147 151 2
147 152 4
148 149 4
148 150 1
148 151 -2
148 152 -1
153 157 -1
153 158 1
153 159 -4
153 160 1
154 157 2
154 158 -4
154 159 -1
154 160 4
155 157 -2
155 158 1
155 159 -4
155 160 2
156 157 2
156 158 4
156 159 -2
156 160 1
161 165 4
161 166 -2
161 167 1
161 168 -4
162 165 -1
162 166 -1
162 167 -2
162 168 -2
163 165 2
163 166 -4
163 167 1
163 168 1
164 165 4
164 166 1
164 167 -1
164 168 -1
169 173 4
169 174 4
169 175 4
169 176 2
170 173 2
170 174 -1
170 175 4
170 176 -2
171 173 4
171 174 2
171 175 -1
171 176 -4
172 173 -1
172 174 -2
172 175 -1
172 176 -4
177 181 4
177 182 2
177 183 -2
177 184 -4
178 181 4
178 182 -4
178 183 1
178 184 1
179 181 2
179 182 2
179 183 -4
179 184 -4
180 181 -1
180 182 2
180 183 1
180 184 -4
185 189 -1
185 190 -1
185 191 -4
185 192 -1
186 189 2
186 190 1
186 191 -4
186 192 2
187 189 1
187 190 -2
187 191 -4
187 192 4
188 189 4
188 190 4
188 191 1
188 192 1
193 197 -4
193 198 2
193 199 1
193 200 -1
194 197 -2
194 198 4
194 199 -4
194 200 1
195 197 -1
195 198 -1
195 199 -2
195 200 2
196 197 -1
196 198 -2
196 199 1
196 200 4
201 205 2
201 206 2
201 207 2
201 208 -1
202 205 -4
202 206 2
202 207 -4
202 208 2
203 205 2
203 206 4
203 207 2
203 208 4
204 205 2
204 206 4
204 207 -1
204 208 1
209 213 -2
209 214 -4
209 215 2
209 216 4
210 213 4
210 214 -2
210 215 -1
210 216 -2
211 213 -4
211 214 4
211 215 4
211 216 -2
212 213 -4
212 214 1
212 215 -1
212 216 2
217 221 -1
217 222 -1
217 223 -2
217 224 2
218 221 4
218 222 -1
218 223 -4
218 224 2
219 221 -4
219 222 4
219 223 2
219 224 -2
220 221 -1
220 222 -1
220 223 -4
220 224 -4
225 229 1
225 230 -4
225 231 2
225 232 -2
226 229 -2
226 230 4
226 231 4
226 232 1
227 229 2
227 230 4
227 231 2
227 232 1
228 229 4
228 230 -4
228 231 -4
228 232 -1
233 237 -1
233 238 2
233 239 -1
233 240 4
234 237 4
234 238 1
234 239 -2
234 240 -4
235 237 1
235 238 4
235 239 -2
235 240 -2
236 237 -1
236 238 2
236 239 2
236 240 1
241 245 -2
241 246 -2
241 247 -2
241 248 2
242 245 -4
242 246 -2
242 247 1
242 248 1
243 245 4
243 246 1
243 247 -2
243 248 2
244 245 -2
244 246 2
244 247 1
244 248 -1
249 253 -1
249 254 2
249 255 -4
249 256 1
250 253 1
250 254 -4
250 255 4
250 256 2
251 253 4
251 254 1
251 255 4
251 256 1
252 253 4
252 254 -1
252 255 1
252 256 4
257 261 -4
257 262 -4
257 263 2
257 264 2
258 261 -4
258 262 1
258 263 -2
258 264 1
259 261 -4
259 262 4
259 263 -1
259 264 2
260 261 -1
260 262 2
260 263 4
260 264 -1
265 269 1
265 270 4
265 271 1
265 272 -2
266 269 2
266 270 -2
266 271 -1
266 272 2
267 269 1
267 270 -1
267 271 -1
267 272 1
268 269 4
268 270 -1
268 271 -4
268 272 -2
273 277 -4
273 278 2
273 279 2
273 280 4
274 277 -1
274 278 -1
274 279 4
274 280 4
275 277 -1
275 278 -4
275 279 -4
275 280 -1
276 277 -2
276 278 4
276 279 -4
276 280 1
281 285 2
281 286 4
281 287 -4
281 288 1
282 285 4
282 286 1
282 287 -1
282 288 2
283 285 -4
283 286 -1
283 287 2
283 288 4
284 285 -2
284 286 1
284 287 -4
284 288 1
289 293 -1
289 294 2
289 295 -2
289 296 2
290 293 4
290 294 2
290 295 -1
290 296 2
291 293 -1
291 294 -2
291 295 -2
291 296 -4
292 293 1
292 294 4
292 295 1
292 296 4
297 301 4
297 302 4
297 303 -1
297 304 -2
298 301 1
298 302 -1
298 303 -2
298 304 -1
299 301 2
299 302 4
299 303 1
299 304 -1
300 301 4
300 302 1
300 303 -1
300 304 2
305 309 2
305 310 2
305 311 1
305 312 -2
306 309 -1
306 310 -1
306 311 4
306 312 -2
307 309 -2
307 310 1
307 311 -2
307 312 -2
308 309 -2
308 310 -1
308 311 -4
308 312 -1
313 317 2
313 318 -2
313 319 2
313 320 -4
314 317 -2
314 318 -2
314 319 1
314 320 1
315 317 -1
315 318 -1
315 319 -2
315 320 4
316 317 -2
316 318 2
316 319 1
316 320 2
321 325 -4
321 326 1
321 327 1
321 328 1
322 325 1
322 326 2
322 327 4
322 328 -4
323 325 -1
323 326 4
323 327 4
323 328 2
324 325 -1
324 326 -1
324 327 1
324 328 4
329 333 -2
329 334 -1
329 335 -4
329 336 -1
330 333 2
330 334 4
330 335 -1
330 336 -1
331 333 2
331 334 2
331 335 4
331 336 4
332 333 -2
332 334 4
332 335 4
332 336 -2
337 341 4
337 342 -1
337 343 1
337 344 1
338 341 -2
338 342 2
338 343 -2
338 344 2
339 341 2
339 342 4
339 343 -2
339 344 -1
340 341 -1
340 342 -4
340 343 -2
340 344 4
345 349 -4
345 350 -2
345 351 4
345 352 -2
346 349 -1
346 350 -2
346 351 2
346 352 2
347 349 -4
347 350 -4
347 351 -4
347 352 -1
348 349 2
348 350 4
348 351 4
348 352 4
353 357 -1
353 358 2
353 359 1
353 360 -1
354 357 -1
354 358 2
354 359 2
354 360 2
355 357 -1
355 358 4
355 359 -4
355 360 1
356 357 -2
356 358 4
356 359 -4
356 360 4
361 365 4
361 366 -4
361 367 -2
361 368 1
362 365 -2
362 366 -2
362 367 4
362 368 2
363 365 2
363 366 2
363 367 -2
363 368 1
364 365 -1
364 366 1
364 367 -2
364 368 -2
369 373 4
369 374 -4
369 375 -1
369 376 4
370 373 4
370 374 4
370 375 -2
370 376 2
371 373 4
371 374 -2
371 375 1
371 376 4
372 373 -1
372 374 1
372 375 -4
372 376 -2
377 381 4
377 382 4
377 383 2
377 384 -4
378 381 -4
378 382 -4
378 383 -4
378 384 4
379 381 -1
379 382 4
379 383 -2
379 384 1
380 381 -2
380 382 2
380 383 2
380 384 1
385 389 -4
385 390 -1
385 391 -1
385 392 -4
386 389 2
386 390 -1
386 391 2
386 392 2
387 389 -1
387 390 2
387 391 4
387 392 -1
388 389 4
388 390 1
388 391 2
388 392 -1
393 397 -4
393 398 1
393 399 -2
393 400 1
394 397 2
394 398 -1
394 399 2
394 400 2
395 397 -2
395 398 4
395 399 2
395 400 2
396 397 4
396 398 -1
396 399 2
396 400 4
401 405 -1
401 406 -2
401 407 -1
401 408 -4
402 405 4
402 406 4
402 407 -1
402 408 -4
403 405 -4
403 406 4
403 407 -2
403 408 -4
404 405 4
404 406 4
404 407 -4
404 408 2
409 413 1
409 414 -2
409 415 -2
409 416 -4
410 413 -4
410 414 -2
410 415 -2
410 416 -1
411 413 -4
411 414 2
411 415 2
411 416 2
412 413 2
412 414 -4
412 415 1
412 416 -4
417 421 -1
417 422 4
417 423 -1
417 424 -4
418 421 1
418 422 -2
418 423 -2
418 424 1
419 421 -2
419 422 -1
419 423 -1
419 424 -4
420 421 1
420 422 -4
420 423 -2
420 424 4
425 429 -4
425 430 4
425 431 -2
425 432 4
426 429 -2
426 430 1
426 431 -2
426 432 4
427 429 -1
427 430 -4
427 431 -4
427 432 1
428 429 2
428 430 1
428 431 2
428 432 -2
433 437 4
433 438 -2
433 439 2
433 440 -4
434 437 4
434 438 -4
434 439 -4
434 440 -2
435 437 1
435 438 -4
435 439 1
435 440 -2
436 437 -4
436 438 2
436 439 4
436 440 -2
441 445 -2
441 446 2
441 447 4
441 448 2
442 445 1
442 446 -2
442 447 -2
442 448 -4
443 445 2
443 446 1
443 447 4
443 448 -2
444 445 -2
444 446 -1
444 447 -2
444 448 -1
449 453 -1
449 454 -1
449 455 4
449 456 -4
450 453 -1
450 454 -2
450 455 2
450 456 -1
451 453 1
451 454 1
451 455 -4
451 456 2
452 453 1
452 454 -4
452 455 -2
452 456 4
457 461 1
457 462 2
457 463 2
457 464 -4
458 461 2
458 462 1
458 463 -1
458 464 1
459 461 -4
459 462 1
459 463 -4
459 464 -2
460 461 -2
460 462 1
460 463 4
460 464 4
465 469 1
465 470 -1
465 471 -4
465 472 -2
466 469 1
466 470 4
466 471 -2
466 472 4
467 469 2
467 470 -2
467 471 -4
467 472 -1
468 469 -2
468 470 4
468 471 4
468 472 -2
473 477 -2
473 478 2
473 479 -4
473 480 1
474 477 -4
474 478 -2
474 479 -2
474 480 -1
475 477 4
475 478 -1
475 479 1
475 480 2
476 477 -4
476 478 1
476 479 -2
476 480 -1
481 485 2
481 486 4
481 487 1
481 488 1
482 485 -2
482 486 -2
482 487 -1
482 488 2
483 485 -2
483 486 -2
483 487 4
483 488 -1
484 485 -4
484 486 -4
484 487 -4
484 488 1
489 493 2
489 494 -1
489 495 -1
489 496 -2
490 493 -4
490 494 2
490 495 -4
490 496 -1
491 493 1
491 494 -2
491 495 2
491 496 -4
492 493 -1
492 494 -2
492 495 -4
492 496 -4
497 501 1
497 502 -4
497 503 1
497 504 -1
498 501 1
498 502 1
498 503 4
498 504 4
499 501 -1
499 502 2
499 503 -2
499 504 -1
500 501 -1
500 502 -2
500 503 1
500 504 -2
505 509 4
505 510 2
505 511 4
505 512 4
506 509 -4
506 510 -2
506 511 -2
506 512 2
507 509 2
507 510 -1
507 511 1
507 512 4
508 509 -4
508 510 -2
508 511 4
508 512 2
5 13 1
6 14 -4
7 15 4
8 16 1
13 21 1
14 22 2
15 23 -1
16 24 2
21 29 -2
22 30 1
23 31 -1
24 32 4
29 37 -1
30 38 -2
31 39 -1
32 40 -4
37 45 -1
38 46 -2
39 47 4
40 48 4
45 53 -1
46 54 -4
47 55 -2
48 56 2
53 61 1
54 62 -1
55 63 -2
56 64 4
69 77 -2
70 78 -4
71 79 -2
72 80 2
77 85 2
78 86 4
79 87 4
80 88 1
85 93 2
86 94 -2
87 95 1
88 96 -2
93 101 2
94 102 -2
95 103 1
96 104 1
101 109 1
102 110 -2
103 111 4
104 112 1
109 117 -4
110 118 -2
111 119 2
112 120 -2
117 125 2
118 126 -2
119 127 1
120 128 -4
133 141 -1
134 142 4
135 143 1
136 144 -2
141 149 -2
142 150 2
143 151 -2
144 152 1
149 157 -2
150 158 2
151 159 4
152 160 4
157 165 1
158 166 -1
159 167 1
160 168 -4
165 173 -2
166 174 4
167 175 -4
168 176 -2
173 181 4
174 182 -1
175 183 -2
176 184 -4
181 189 -2
182 190 -2
183 191 4
184 192 4
197 205 -4
198 206 -2
199 207 -4
200 208 -4
205 213 -2
206 214 2
207 215 -1
208 216 -4
213 221 1
214 222 -1
215 223 -2
216 224 -2
221 229 -1
222 230 -4
223 231 1
224 232 -2
229 237 1
230 238 -4
231 239 -1
232 240 2
237 245 1
238 246 -1
239 247 4
240 248 -2
245 253 2
246 254 1
247 255 -2
248 256 -2
261 269 -1
262 270 -1
263 271 -2
264 272 4
269 277 -4
270 278 4
271 279 -4
272 280 4
277 285 -4
278 286 1
279 287 -2
280 288 -1
285 293 -1
286 294 4
287 295 -1
288 296 -4
293 301 -2
294 302 2
295 303 -2
296 304 2
301 309 2
302 310 4
303 311 4
304 312 -4
309 317 4
310 318 1
311 319 -4
312 320 -2
325 333 -4
326 334 4
327 335 -4
328 336 -2
333 341 1
334 342 -4
335 343 4
336 344 -4
341 349 1
342 350 1
343 351 -4
344 352 -2
349 357 2
350 358 -1
351 359 1
352 360 -4
357 365 -4
358 366 2
359 367 -4
360 368 -1
365 373 -1
366 374 -1
367 375 -1
368 376 4
373 381 4
374 382 4
375 383 -4
376 384 1
389 397 -1
390 398 2
391 399 1
392 400 -2
397 405 -2
398 406 1
399 407 -4
400 408 1
405 413 -2
406 414 2
407 415 4
408 416 -4
413 421 -1
414 422 -2
415 423 1
416 424 1
421 429 4
422 430 -4
423 431 2
424 432 2
429 437 -4
430 438 -1
431 439 4
432 440 -1
437 445 -4
438 446 2
439 447 -1
440 448 2
453 461 -1
454 462 2
455 463 2
456 464 1
461 469 2
462 470 -1
463 471 -2
464 472 -2
469 477 -2
470 478 -2
471 479 2
472 480 4
477 485 -4
478 486 1
479 487 -4
480 488 4
485 493 -4
486 494 -1
487 495 2
488 496 1
493 501 -4
494 502 -2
495 503 1
496 504 2
501 509 1
502 510 -2
503 511 -1
504 512 -2
1 65 4
2 66 2
3 67 -1
4 68 4
65 129 -2
66 130 -1
67 131 1
68 132 4
129 193 -4
130 194 -2
131 195 1
132 196 2
193 257 1
194 258 4
195 259 1
196 260 2
257 321 -4
258 322 -2
259 323 4
260 324 -4
321 385 -4
322 386 -1
323 387 2
324 388 4
385 449 2
386 450 2
387 451 -2
388 452 2
9 73 -1
10 74 -1
11 75 -1
12 76 -1
73 137 -4
74 138 1
75 139 -1
76 140 -1
137 201 -1
138 202 -2
139 203 -4
140 204 1
201 265 -2
202 266 -2
203 267 4
204 268 1
265 329 -4
266 330 4
267 331 4
268 332 4
329 393 1
330 394 -4
331 395 1
332 396 2
393 457 -4
394 458 -4
395 459 4
396 460 4
17 81 4
18 82 -1
19 83 -4
20 84 -1
81 145 2
82 146 1
83 147 4
84 148 2
145 209 2
146 210 -2
147 211 -1
148 212 4
209 273 -1
210 274 -1
211 275 1
212 276 -4
273 337 -4
274 338 2
275 339 2
276 340 2
337 401 -4
338 402 -1
339 403 -2
340 404 -2
401 465 2
402 466 -1
403 467 -4
404 468 -2
25 89 1
26 90 1
27 91 -2
28 92 4
89 153 2
90 154 1
91 155 1
92 156 -1
153 217 -2
154 218 2
155 219 1
156 220 1
217 281 2
218 282 -2
219 283 -2
220 284 4
281 345 1
282 346 -4
283 347 -2
284 348 -4
345 409 4
346 410 -1
347 411 -4
348 412 1
409 473 -2
410 474 2
411 475 -4
412 476 -1
33 97 -4
34 98 2
35 99 -1
36 100 -1
97 161 1
98 162 1
99 163 -4
100 164 -4
161 225 2
162 226 -1
163 227 -2
164 228 2
225 289 1
226 290 1
227 291 1
228 292 -4
289 353 -1
290 354 1
291 355 -4
292 356 -4
353 417 2
354 418 2
355 419 4
356 420 1
417 481 -1
418 482 -2
419 483 1
420 484 4
41 105 2
42 106 4
43 107 4
44 108 2
105 169 -2
106 170 2
107 171 -4
108 172 -4
169 233 -2
170 234 -4
171 235 2
172 236 4
233 297 1
234 298 1
235 299 4
236 300 1
297 361 4
298 362 -4
299 363 2
300 364 2
361 425 4
362 426 2
363 427 1
364 428 -4
425 489 -4
426 490 -2
427 491 -2
428 492 -2
49 113 -1
50 114 2
51 115 -2
52 116 -1
113 177 2
114 178 2
115 179 -2
116 180 -2
177 241 -1
178 242 1
179 243 -1
180 244 1
241 305 1
242 306 4
243 307 -4
244 308 -2
305 369 -1
306 370 -2
307 371 -1
308 372 -4
369 433 4
370 434 2
371 435 -4
372 436 2
433 497 -1
434 498 -2
435 499 2
436 500 -4
57 121 1
58 122 2
59 123 -4
60 124 1
121 185 -1
122 186 2
123 187 2
124 188 1
185 249 2
186 250 2
187 251 4
188 252 -4
249 313 1
250 314 4
251 315 2
252 316 -1
313 377 -2
314 378 -4
315 379 4
316 380 -1
377 441 -2
378 442 -1
379 443 -2
380 444 -2
441 505 -2
442 506 4
443 507 4
444 508 2
