#
1 5 4
1 6 -2
1 7 4
1 8 -2
2 5 -1
2 6 2
2 7 -4
2 8 4
3 5 1
3 6 1
3 7 -4
3 8 -1
4 5 -4
4 6 -2
4 7 4
4 8 -4
9 13 -1
9 14 2
9 15 1
9 16 -1
10 13 1
10 14 1
10 15 -2
10 16 2
11 13 -4
11 14 -4
11 15 4
11 16 2
12 13 2
12 14 -4
12 15 -4
12 16 -1
17 21 1
17 22 -1
17 23 1
17 24 -2
18 21 2
18 22 2
18 23 1
18 24 -4
19 21 -1
19 22 -2
19 23 2
19 24 -2
20 21 -2
20 22 2
20 23 2
20 24 4
25 29 -4
25 30 1
25 31 -4
25 32 2
26 29 2
26 30 -1
26 31 -1
26 32 4
27 29 1
27 30 1
27 31 -4
27 32 -4
28 29 -4
28 30 1
28 31 -2
28 32 -2
33 37 -2
33 38 -4
33 39 4
33 40 -4
34 37 1
34 38 -4
34 39 -2
34 40 4
35 37 -1
35 38 4
35 39 1
35 40 -1
36 37 -1
36 38 -1
36 39 -1
36 40 2
41 45 -4
41 46 -1
41 47 4
41 48 -1
42 45 -2
42 46 4
42 47 4
42 48 -1
43 45 -4
43 46 4
43 47 2
43 48 -1
44 45 4
44 46 2
44 47 -2
44 48 4
49 53 4
49 54 1
49 55 4
49 56 -4
50 53 -2
50 54 4
50 55 4
50 56 -4
51 53 4
51 54 -1
51 55 4
51 56 1
52 53 -4
52 54 -4
52 55 -4
52 56 1
57 61 1
57 62 2
57 63 2
57 64 -1
58 61 -1
58 62 1
58 63 -1
58 64 -1
59 61 -1
59 62 4
59 63 2
59 64 4
60 61 -1
60 62 4
60 63 2
60 64 -4
65 69 -1
65 70 4
65 71 4
65 72 4
66 69 4
66 70 1
66 71 -4
66 72 1
67 69 2
67 70 4
67 71 1
67 72 -1
68 69 1
68 70 -2
68 71 1
68 72 -2
73 77 -4
73 78 1
73 79 4
73 80 -2
74 77 2
74 78 -1
74 79 -4
74 80 1
75 77 -1
75 78 1
75 79 -1
75 80 1
76 77 1
76 78 1
76 79 1
76 80 -2
81 85 4
81 86 -1
81 87 4
81 88 -4
82 85 -2
82 86 4
82 87 -4
82 88 -2
83 85 2
83 86 2
83 87 4
83 88 2
84 85 -4
84 86 1
84 87 -4
84 88 -1
89 93 1
89 94 4
89 95 2
89 96 4
90 93 1
90 94 4
90 95 -1
90 96 -4
91 93 1
91 94 1
91 95 4
91 96 -4
92 93 -2
92 94 2
92 95 -2
92 96 2
97 101 -4
97 102 -2
97 103 4
97 104 2
98 101 -2
98 102 -1
98 103 -4
98 104 -2
99 101 4
99 102 -1
99 103 4
99 104 4
100 101 4
100 102 4
100 103 4
100 104 -1
105 109 -2
105 110 1
105 111 -2
105 112 -4
106 109 2
106 110 -4
106 111 1
106 112 4
107 109 -1
107 110 4
107 111 -2
107 112 -1
108 109 -1
108 110 -2
108 111 2
108 112 -4
113 117 2
113 118 4
113 119 1
113 120 -1
114 117 -4
114 118 -1
114 119 -4
114 120 2
115 117 4
115 118 -2
115 119 4
115 120 2
116 117 1
116 118 4
116 119 1
116 120 4
121 125 -1
121 126 1
121 127 2
121 128 2
122 125 4
122 126 -1
122 127 -2
122 128 -2
123 125 1
123 126 -2
123 127 -1
123 128 2
124 125 -4
124 126 2
124 127 -4
124 128 1
129 133 -4
129 134 1
129 135 -4
129 136 2
130 133 -2
130 134 1
130 135 -2
130 136 -1
131 133 -2
131 134 -2
131 135 1
131 136 -1
132 133 4
132 134 -1
132 135 -4
132 136 1
137 141 -4
137 142 2
137 143 4
137 144 4
138 141 -4
138 142 -1
138 143 4
138 144 2
139 141 -1
139 142 -1
139 143 4
139 144 4
140 141 1
140 142 1
140 143 1
140 144 -2
145 149 -4
145 150 4
145 151 1
145 152 -2
146 149 -2
146 150 4
146 151 4
146 152 -2
147 149 -4
147 150 -2
147 151 2
147 152 4
148 149 2
148 150 -4
148 151 1
148 152 1
153 157 -4
153 158 2
153 159 4
153 160 4
154 157 -2
154 158 4
154 159 1
154 160 -4
155 157 2
155 158 -1
155 159 -1
155 160 4
156 157 1
156 158 -4
156 159 -1
156 160 -4
161 165 4
161 166 -2
161 167 -1
161 168 -2
162 165 -1
162 166 1
162 167 -4
162 168 -1
163 165 4
163 166 -4
163 167 -4
163 168 -1
164 165 2
164 166 4
164 167 -4
164 168 1
169 173 1
169 174 4
169 175 1
169 176 4
170 173 -2
170 174 2
170 175 4
170 176 -4
171 173 2
171 174 -1
171 175 -4
171 176 -1
172 173 -1
172 174 -1
172 175 -2
172 176 -1
177 181 1
177 182 -1
177 183 1
177 184 -1
178 181 -2
178 182 -2
178 183 1
178 184 4
179 181 2
179 182 -1
179 183 1
179 184 1
180 181 -1
180 182 -2
180 183 1
180 184 -4
185 189 -2
185 190 1
185 191 -1
185 192 4
186 189 -1
186 190 4
186 191 -1
186 192 2
187 189 1
187 190 -2
187 191 4
187 192 1
188 189 2
188 190 -4
188 191 -2
188 192 4
193 197 -4
193 198 4
193 199 1
193 200 2
194 197 4
194 198 -2
194 199 4
194 200 2
195 197 -2
195 198 1
195 199 -1
195 200 2
196 197 4
196 198 -2
196 199 -2
196 200 -1
201 205 -1
201 206 1
201 207 1
201 208 -4
202 205 1
202 206 4
202 207 1
202 208 -2
203 205 1
203 206 4
203 207 -2
203 208 2
204 205 2
204 206 1
204 207 -2
204 208 -4
209 213 -1
209 214 -4
209 215 4
209 216 -2
210 213 2
210 214 -4
210 215 -4
210 216 4
211 213 -2
211 214 4
211 215 -1
211 216 -4
212 213 -2
212 214 1
212 215 -4
212 216 4
217 221 -4
217 222 2
217 223 2
217 224 -4
218 221 -4
218 222 -4
218 223 1
218 224 -1
219 221 1
219 222 -1
219 223 2
219 224 1
220 221 -2
220 222 -1
220 223 -4
220 224 -2
225 229 2
225 230 2
225 231 -1
225 232 1
226 229 -1
226 230 -1
226 231 -1
226 232 4
227 229 -2
227 230 -1
227 231 1
227 232 4
228 229 -2
228 230 -1
228 231 -2
228 232 2
233 237 -1
233 238 -4
233 239 2
233 240 4
234 237 4
234 238 -2
234 239 1
234 240 1
235 237 4
235 238 2
235 239 1
235 240 4
236 237 1
236 238 4
236 239 -4
236 240 4
241 245 1
241 246 -2
241 247 1
241 248 2
242 245 2
242 246 4
242 247 -1
242 248 -1
243 245 4
243 246 -4
243 247 -4
243 248 1
244 245 -4
244 246 -2
244 247 -1
244 248 -2
249 253 2
249 254 -1
249 255 -2
249 256 -2
250 253 -1
250 254 2
250 255 1
250 256 -1
251 253 -4
251 254 -1
251 255 4
251 256 -2
252 253 -1
252 254 -1
252 255 2
252 256 -4
257 261 -1
257 262 4
257 263 4
257 264 2
258 261 -2
258 262 1
258 263 4
258 264 4
259 261 1
259 262 -4
259 263 1
259 264 -2
260 261 2
260 262 -4
260 263 -2
260 264 -1
265 269 -2
265 270 -4
265 271 -1
265 272 4
266 269 4
266 270 -1
266 271 -4
266 272 2
267 269 4
267 270 4
267 271 -2
267 272 -2
268 269 -1
268 270 -2
268 271 -2
268 272 -4
273 277 -2
273 278 1
273 279 1
273 280 1
274 277 2
274 278 2
274 279 -4
274 280 -1
275 277 2
275 278 -1
275 279 2
275 280 -2
276 277 4
276 278 1
276 279 1
276 280 -4
281 285 2
281 286 -4
281 287 -4
281 288 -1
282 285 2
282 286 -4
282 287 1
282 288 4
283 285 2
283 286 -1
283 287 -2
283 288 2
284 285 -2
284 286 -2
284 287 -2
284 288 -2
289 293 4
289 294 -2
289 295 -4
289 296 -1
290 293 -4
290 294 2
290 295 -4
290 296 4
291 293 4
291 294 4
291 295 4
291 296 -1
292 293 1
292 294 -4
292 295 -2
292 296 2
297 301 2
297 302 1
297 303 2
297 304 2
298 301 -1
298 302 2
298 303 1
298 304 -1
299 301 1
299 302 -1
299 303 2
299 304 -4
300 301 2
300 302 -2
300 303 -4
300 304 2
305 309 1
305 310 1
305 311 -1
305 312 1
306 309 -4
306 310 4
306 311 2
306 312 -1
307 309 -2
307 310 1
307 311 4
307 312 2
308 309 -1
308 310 -1
308 311 -4
308 312 2
313 317 -4
313 318 -1
313 319 4
313 320 4
314 317 1
314 318 1
314 319 4
314 320 -2
315 317 1
315 318 2
315 319 -2
315 320 -1
316 317 4
316 318 2
316 319 2
316 320 -2
321 325 4
321 326 -2
321 327 4
321 328 -1
322 325 -1
322 326 -4
322 327 2
322 328 -4
323 325 2
323 326 4
323 327 2
323 328 -4
324 325 -4
324 326 -2
324 327 -4
324 328 1
329 333 1
329 334 -1
329 335 1
329 336 4
330 333 -1
330 334 4
330 335 -4
330 336 -1
331 333 1
331 334 2
331 335 2
331 336 -2
332 333 2
332 334 4
332 335 4
332 336 1
337 341 -2
337 342 -1
337 343 4
337 344 1
338 341 -1
338 342 4
338 343 -4
338 344 1
339 341 -1
339 342 2
339 343 -4
339 344 -1
340 341 -4
340 342 1
340 343 2
340 344 1
345 349 4
345 350 -2
345 351 1
345 352 -2
346 349 -1
346 350 2
346 351 2
346 352 1
347 349 2
347 350 -1
347 351 -1
347 352 1
348 349 -2
348 350 1
348 351 -2
348 352 1
353 357 -2
353 358 -1
353 359 -4
353 360 -1
354 357 -2
354 358 -4
354 359 -4
354 360 -4
355 357 -1
355 358 4
355 359 2
355 360 -1
356 357 1
356 358 -4
356 359 -2
356 360 4
361 365 -2
361 366 2
361 367 -2
361 368 2
362 365 -4
362 366 -2
362 367 -4
362 368 -1
363 365 4
363 366 -4
363 367 4
363 368 2
364 365 2
364 366 -2
364 367 1
364 368 1
369 373 -4
369 374 -4
369 375 -2
369 376 -2
370 373 2
370 374 -4
370 375 4
370 376 2
371 373 2
371 374 1
371 375 -4
371 376 -1
372 373 -2
372 374 -4
372 375 1
372 376 1
377 381 4
377 382 -2
377 383 -4
377 384 -1
378 381 4
378 382 4
378 383 4
378 384 1
379 381 1
379 382 1
379 383 -4
379 384 -2
380 381 2
380 382 1
380 383 -4
380 384 1
385 389 -4
385 390 -1
385 391 2
385 392 1
386 389 4
386 390 -1
386 391 1
386 392 -4
387 389 2
387 390 2
387 391 -4
387 392 2
388 389 -2
388 390 -2
388 391 1
388 392 4
393 397 4
393 398 -1
393 399 -2
393 400 2
394 397 -1
394 398 1
394 399 2
394 400 4
395 397 4
395 398 -2
395 399 -1
395 400 1
396 397 4
396 398 -4
396 399 2
396 400 -2
401 405 2
401 406 -1
401 407 2
401 408 4
402 405 1
402 406 -1
402 407 -2
402 408 -1
403 405 1
403 406 -2
403 407 -4
403 408 -1
404 405 4
404 406 1
404 407 2
404 408 2
409 413 -1
409 414 2
409 415 1
409 416 -1
410 413 -2
410 414 -2
410 415 1
410 416 -2
411 413 -2
411 414 2
411 415 -4
411 416 -2
412 413 -2
412 414 1
412 415 -4
412 416 -1
417 421 4
417 422 4
417 423 1
417 424 -4
418 421 -2
418 422 1
418 423 1
418 424 -2
419 421 -1
419 422 -4
419 423 -4
419 424 2
420 421 1
420 422 -4
420 423 2
420 424 -4
425 429 -1
425 430 1
425 431 4
425 432 2
426 429 -2
426 430 -2
426 431 -2
426 432 4
427 429 -4
427 430 1
427 431 1
427 432 4
428 429 2
428 430 -2
428 431 -2
428 432 4
433 437 2
433 438 4
433 439 -4
433 440 2
434 437 -4
434 438 -4
434 439 4
434 440 2
435 437 4
435 438 2
435 439 4
435 440 -4
436 437 -2
436 438 1
436 439 -4
436 440 -1
441 445 -1
441 446 2
441 447 1
441 448 -2
442 445 -4
442 446 -4
442 447 -2
442 448 -4
443 445 -4
443 446 -1
443 447 -2
443 448 2
444 445 -2
444 446 -2
444 447 1
444 448 -1
449 453 -2
449 454 1
449 455 4
449 456 -1
450 453 4
450 454 -2
450 455 -4
450 456 -1
451 453 -1
451 454 -4
451 455 -1
451 456 4
452 453 2
452 454 1
452 455 -2
452 456 2
457 461 -4
457 462 2
457 463 -2
457 464 4
458 461 1
458 462 2
458 463 -1
458 464 -2
459 461 4
459 462 -2
459 463 -4
459 464 1
460 461 -4
460 462 1
460 463 -2
460 464 1
465 469 1
465 470 -1
465 471 -1
465 472 -4
466 469 1
466 470 4
466 471 -4
466 472 -4
467 469 -2
467 470 2
467 471 2
467 472 2
468 469 1
468 470 -1
468 471 2
468 472 2
473 477 1
473 478 -4
473 479 -2
473 480 -4
474 477 4
474 478 -2
474 479 -4
474 480 4
475 477 2
475 478 -2
475 479 2
475 480 1
476 477 -4
476 478 2
476 479 2
476 480 -1
481 485 4
481 486 1
481 487 4
481 488 -2
482 485 -1
482 486 4
482 487 1
482 488 2
483 485 2
483 486 1
483 487 2
483 488 1
484 485 1
484 486 -4
484 487 1
484 488 4
489 493 4
489 494 -1
489 495 -4
489 496 4
490 493 2
490 494 -2
490 495 1
490 496 4
491 493 -2
491 494 2
491 495 -1
491 496 -1
492 493 2
492 494 2
492 495 4
492 496 -1
497 501 4
497 502 1
497 503 -2
497 504 4
498 501 -2
498 502 -2
498 503 -4
498 504 -2
499 501 4
499 502 -2
499 503 1
499 504 2
500 501 -1
500 502 -2
500 503 -1
500 504 4
505 509 -1
505 510 -2
505 511 4
505 512 -2
506 509 -4
506 510 4
506 511 -4
506 512 1
507 509 -2
507 510 -1
507 511 -4
507 512 1
508 509 1
508 510 4
508 511 4
508 512 1
5 13 2
6 14 2
7 15 1
8 16 2
13 21 -2
14 22 1
15 23 4
16 24 1
21 29 1
22 30 2
23 31 2
24 32 -2
29 37 -2
30 38 -2
31 39 -1
32 40 -1
37 45 -4
38 46 4
39 47 4
40 48 -1
45 53 -2
46 54 4
47 55 2
48 56 -2
53 61 1
54 62 -1
55 63 1
56 64 4
69 77 2
70 78 1
71 79 2
72 80 1
77 85 1
78 86 1
79 87 1
80 88 -1
85 93 4
86 94 4
87 95 -4
88 96 -1
93 101 -4
94 102 -2
95 103 2
96 104 1
101 109 -4
102 110 2
103 111 -2
104 112 4
109 117 -2
110 118 -4
111 119 -1
112 120 -4
117 125 -1
118 126 -1
119 127 -1
120 128 4
133 141 4
134 142 4
135 143 -2
136 144 4
141 149 2
142 150 2
143 151 4
144 152 1
149 157 2
150 158 -2
151 159 2
152 160 4
157 165 4
158 166 2
159 167 2
160 168 1
165 173 4
166 174 4
167 175 1
168 176 2
173 181 -1
174 182 -4
175 183 -4
176 184 4
181 189 2
182 190 4
183 191 -4
184 192 -2
197 205 4
198 206 4
199 207 -1
200 208 4
205 213 1
206 214 4
207 215 -1
208 216 -4
213 221 1
214 222 -4
215 223 2
216 224 -4
221 229 4
222 230 1
223 231 1
224 232 -4
229 237 2
230 238 -1
231 239 4
232 240 -2
237 245 -4
238 246 -1
239 247 -2
240 248 1
245 253 -1
246 254 -2
247 255 -4
248 256 -1
261 269 -1
262 270 1
263 271 1
264 272 -1
269 277 2
270 278 -4
271 279 -2
272 280 -4
277 285 -1
278 286 4
279 287 1
280 288 1
285 293 2
286 294 1
287 295 -1
288 296 1
293 301 -2
294 302 -2
295 303 4
296 304 1
301 309 -1
302 310 -2
303 311 -2
304 312 4
309 317 -1
310 318 1
311 319 1
312 320 2
325 333 -4
326 334 -2
327 335 -1
328 336 -4
333 341 4
334 342 4
335 343 4
336 344 -1
341 349 -1
342 350 1
343 351 1
344 352 1
349 357 -2
350 358 1
351 359 -1
352 360 -2
357 365 2
358 366 -1
359 367 -4
360 368 -1
365 373 -4
366 374 2
367 375 4
368 376 -2
373 381 4
374 382 4
375 383 2
376 384 -2
389 397 -4
390 398 -1
391 399 -2
392 400 -2
397 405 2
398 406 4
399 407 2
400 408 2
405 413 2
406 414 -1
407 415 -1
408 416 -4
413 421 1
414 422 4
415 423 -4
416 424 4
421 429 -1
422 430 -2
423 431 -4
424 432 -1
429 437 -4
430 438 -2
431 439 4
432 440 -1
437 445 2
438 446 -2
439 447 1
440 448 -2
453 461 -2
454 462 4
455 463 1
456 464 1
461 469 -1
462 470 -2
463 471 2
464 472 2
469 477 -2
470 478 1
471 479 1
472 480 1
477 485 4
478 486 2
479 487 4
480 488 -1
485 493 -4
486 494 1
487 495 -1
488 496 -4
493 501 1
494 502 1
495 503 2
496 504 -4
501 509 -1
502 510 -1
503 511 2
504 512 -4
1 65 -1
2 66 -4
3 67 4
4 68 1
65 129 1
66 130 -4
67 131 -4
68 132 2
129 193 -1
130 194 -2
131 195 1
132 196 -4
193 257 4
194 258 4
195 259 -1
196 260 4
257 321 -4
258 322 -1
259 323 -1
260 324 -1
321 385 2
322 386 -4
323 387 -4
324 388 -1
385 449 -1
386 450 -4
387 451 -2
388 452 -4
9 73 2
10 74 -4
11 75 2
12 76 -1
73 137 -1
74 138 1
75 139 -1
76 140 2
137 201 4
138 202 -2
139 203 1
140 204 -1
201 265 2
202 266 4
203 267 -2
204 268 -2
265 329 -4
266 330 -1
267 331 1
268 332 -1
329 393 2
330 394 -4
331 395 4
332 396 1
393 457 -2
394 458 -2
395 459 1
396 460 1
17 81 1
18 82 2
19 83 1
20 84 2
81 145 2
82 146 4
83 147 1
84 148 4
145 209 1
146 210 -1
147 211 -1
148 212 4
209 273 1
210 274 -4
211 275 -4
212 276 4
273 337 -2
274 338 -2
275 339 1
276 340 -4
337 401 1
338 402 4
339 403 -4
340 404 4
401 465 -2
402 466 -2
403 467 -4
404 468 2
25 89 4
26 90 -2
27 91 4
28 92 -4
89 153 -4
90 154 -2
91 155 -4
92 156 -1
153 217 -1
154 218 1
155 219 -1
156 220 -1
217 281 -4
218 282 -4
219 283 2
220 284 2
281 345 -1
282 346 -4
283 347 -4
284 348 -2
345 409 -2
346 410 4
347 411 4
348 412 4
409 473 1
410 474 -4
411 475 1
412 476 -2
33 97 2
34 98 -4
35 99 1
36 100 2
97 161 -1
98 162 1
99 163 -2
100 164 -1
161 225 2
162 226 -1
163 227 -1
164 228 4
225 289 -4
226 290 2
227 291 -2
228 292 -2
289 353 1
290 354 -1
291 355 -2
292 356 4
353 417 -4
354 418 -1
355 419 -2
356 420 4
417 481 4
418 482 2
419 483 -4
420 484 1
41 105 2
42 106 1
43 107 -2
44 108 4
105 169 4
106 170 -2
107 171 -1
108 172 1
169 233 1
170 234 -4
171 235 -1
172 236 2
233 297 4
234 298 2
235 299 -2
236 300 -1
297 361 -4
298 362 2
299 363 2
300 364 1
361 425 -1
362 426 1
363 427 -4
364 428 -1
425 489 -2
426 490 -1
427 491 -4
428 492 4
49 113 2
50 114 -4
51 115 4
52 116 -4
113 177 2
114 178 2
115 179 -2
116 180 4
177 241 2
178 242 -1
179 243 2
180 244 -1
241 305 1
242 306 4
243 307 1
244 308 1
305 369 -1
306 370 1
307 371 -1
308 372 -2
369 433 -4
370 434 4
371 435 2
372 436 -2
433 497 -1
434 498 -2
435 499 1
436 500 4
57 121 1
58 122 2
59 123 -4
60 124 1
121 185 1
122 186 -2
123 187 -4
124 188 -1
185 249 4
186 250 -1
187 251 1
188 252 4
249 313 1
250 314 1
251 315 1
252 316 4
313 377 -4
314 378 4
315 379 4
316 380 2
377 441 2
378 442 -1
379 443 -2
380 444 -1
441 505 1
442 506 -4
443 507 2
444 508 4
