#
1 5 -4
1 6 2
1 7 -2
1 8 -4
2 5 1
2 6 -4
2 7 4
2 8 -1
3 5 -2
3 6 1
3 7 -4
3 8 1
4 5 2
4 6 -4
4 7 -4
4 8 -1
9 13 -4
9 14 1
9 15 -2
9 16 2
10 13 -1
10 14 1
10 15 -2
10 16 4
11 13 -2
11 14 1
11 15 4
11 16 -1
12 13 -4
12 14 -4
12 15 -4
12 16 -2
17 21 4
17 22 4
17 23 1
17 24 2
18 21 2
18 22 -4
18 23 -2
18 24 -2
19 21 2
19 22 4
19 23 1
19 24 2
20 21 -4
20 22 -1
20 23 4
20 24 -1
25 29 -2
25 30 1
25 31 4
25 32 -1
26 29 -4
26 30 1
26 31 2
26 32 1
27 29 -4
27 30 -4
27 31 1
27 32 4
28 29 2
28 30 -2
28 31 2
28 32 -4
33 37 -1
33 38 -2
33 39 -4
33 40 -4
34 37 -4
34 38 1
34 39 4
34 40 4
35 37 4
35 38 -4
35 39 1
35 40 1
36 37 4
36 38 -2
36 39 1
36 40 -2
41 45 -2
41 46 -1
41 47 1
41 48 -1
42 45 -2
42 46 -4
42 47 1
42 48 1
43 45 1
43 46 -4
43 47 -2
43 48 1
44 45 -4
44 46 -4
44 47 4
44 48 -2
49 53 1
49 54 -4
49 55 -4
49 56 4
50 53 -2
50 54 1
50 55 4
50 56 4
51 53 2
51 54 -4
51 55 -1
51 56 1
52 53 1
52 54 -2
52 55 4
52 56 4
57 61 -4
57 62 -1
57 63 -1
57 64 1
58 61 4
58 62 -2
58 63 -1
58 64 4
59 61 4
59 62 2
59 63 -4
59 64 1
60 61 -4
60 62 1
60 63 -4
60 64 -4
65 69 -4
65 70 -4
65 71 4
65 72 1
66 69 4
66 70 -2
66 71 2
66 72 1
67 69 2
67 70 2
67 71 -4
67 72 1
68 69 1
68 70 2
68 71 -4
68 72 1
73 77 2
73 78 -4
73 79 2
73 80 -4
74 77 -1
74 78 -4
74 79 4
74 80 1
75 77 1
75 78 -4
75 79 2
75 80 2
76 77 1
76 78 -4
76 79 -2
76 80 -4
81 85 -1
81 86 4
81 87 -2
81 88 -2
82 85 2
82 86 4
82 87 1
82 88 -4
83 85 1
83 86 1
83 87 -2
83 88 -1
84 85 -4
84 86 -4
84 87 -2
84 88 -1
89 93 1
89 94 -1
89 95 4
89 96 2
90 93 -2
90 94 2
90 95 2
90 96 -2
91 93 -2
91 94 -1
91 95 4
91 96 4
92 93 -2
92 94 -4
92 95 1
92 96 1
97 101 -2
97 102 -1
97 103 -4
97 104 2
98 101 1
98 102 4
98 103 -4
98 104 2
99 101 1
99 102 -2
99 103 -4
99 104 2
100 101 1
100 102 2
100 103 -2
100 104 -1
105 109 -1
105 110 -1
105 111 1
105 112 1
106 109 1
106 110 1
106 111 -4
106 112 1
107 109 1
107 110 -1
107 111 1
107 112 -1
108 109 -1
108 110 -1
108 111 -2
108 112 4
113 117 -1
113 118 -4
113 119 -2
113 120 -1
114 117 4
114 118 -4
114 119 4
114 120 1
115 117 4
115 118 2
115 119 2
115 120 1
116 117 -2
116 118 -4
116 119 -2
116 120 -1
121 125 4
121 126 -2
121 127 -4
121 128 2
122 125 2
122 126 2
122 127 4
122 128 1
123 125 4
123 126 1
123 127 -4
123 128 4
124 125 -2
124 126 -2
124 127 2
124 128 -4
129 133 2
129 134 -1
129 135 -1
129 136 -2
130 133 -2
130 134 -1
130 135 -4
130 136 2
131 133 -1
131 134 -2
131 135 2
131 136 -2
132 133 -4
132 134 -4
132 135 -2
132 136 -1
137 141 -2
137 142 1
137 143 -1
137 144 -2
138 141 -2
138 142 1
138 143 2
138 144 4
139 141 -4
139 142 4
139 143 -2
139 144 -1
140 141 4
140 142 -2
140 143 -4
140 144 2
145 149 2
145 150 -4
145 151 -1
145 152 -2
146 149 -1
146 150 2
146 151 -4
146 152 -1
147 149 2
147 150 -1
147 151 2
147 152 4
148 149 1
148 150 2
148 151 -1
148 152 -4
153 157 -1
153 158 1
153 159 1
153 160 1
154 157 -2
154 158 1
154 159 -2
154 160 4
155 157 1
155 158 -4
155 159 -2
155 160 4
156 157 -2
156 158 4
156 159 -4
156 160 -4
161 165 -1
161 166 2
161 167 2
161 168 1
162 165 -1
162 166 -4
162 167 4
162 168 1
163 165 -2
163 166 1
163 167 2
163 168 1
164 165 -1
164 166 4
164 167 -1
164 168 -4
169 173 2
169 174 -4
169 175 1
169 176 1
170 173 4
170 174 4
170 175 1
170 176 -1
171 173 2
171 174 4
171 175 1
171 176 1
172 173 -2
172 174 2
172 175 -1
172 176 1
177 181 4
177 182 4
177 183 -1
177 184 1
178 181 -2
178 182 -4
178 183 -1
178 184 -1
179 181 -1
179 182 -2
179 183 -1
179 184 2
180 181 2
180 182 -2
180 183 -2
180 184 4
185 189 -4
185 190 2
185 191 -1
185 192 1
186 189 -4
186 190 1
186 191 -4
186 192 -1
187 189 4
187 190 -4
187 191 4
187 192 1
188 189 -2
188 190 -4
188 191 1
188 192 2
193 197 2
193 198 -1
193 199 2
193 200 -1
194 197 -2
194 198 -2
194 199 -1
194 200 4
195 197 1
195 198 4
195 199 2
195 200 1
196 197 -2
196 198 -2
196 199 4
196 200 -4
201 205 -4
201 206 2
201 207 1
201 208 1
202 205 -2
202 206 4
202 207 1
202 208 -4
203 205 2
203 206 -1
203 207 -4
203 208 4
204 205 4
204 206 4
204 207 -2
204 208 1
209 213 -1
209 214 -4
209 215 4
209 216 4
210 213 4
210 214 4
210 215 1
210 216 -4
211 213 -1
211 214 1
211 215 2
211 216 2
212 213 -1
212 214 2
212 215 -2
212 216 1
217 221 4
217 222 -2
217 223 -4
217 224 2
218 221 -4
218 222 -4
218 223 -1
218 224 1
219 221 -1
219 222 -2
219 223 -1
219 224 -4
220 221 -1
220 222 4
220 223 2
220 224 -1
225 229 -2
225 230 -2
225 231 1
225 232 -2
226 229 1
226 230 4
226 231 1
226 232 4
227 229 -4
227 230 -1
227 231 4
227 232 -2
228 229 4
228 230 -1
228 231 -2
228 232 -1
233 237 2
233 238 2
233 239 1
233 240 1
234 237 -2
234 238 -4
234 239 -4
234 240 -1
235 237 2
235 238 2
235 239 1
235 240 -2
236 237 -2
236 238 1
236 239 4
236 240 -2
241 245 -1
241 246 1
241 247 -2
241 248 -2
242 245 -2
242 246 -2
242 247 1
242 248 1
243 245 -2
243 246 2
243 247 4
243 248 -4
244 245 -2
244 246 -4
244 247 4
244 248 -1
249 253 4
249 254 1
249 255 -4
249 256 -2
250 253 1
250 254 2
250 255 2
250 256 2
251 253 4
251 254 2
251 255 2
251 256 1
252 253 -4
252 254 4
252 255 -1
252 256 4
257 261 2
257 262 -1
257 263 1
257 264 2
258 261 -4
258 262 1
258 263 2
258 264 -2
259 261 1
259 262 -4
259 263 -2
259 264 1
260 261 2
260 262 2
260 263 -1
260 264 4
265 269 1
265 270 1
265 271 -1
265 272 1
266 269 4
266 270 -2
266 271 2
266 272 2
267 269 -2
267 270 2
267 271 -1
267 272 1
268 269 4
268 270 1
268 271 4
268 272 -4
273 277 -1
273 278 4
273 279 4
273 280 -2
274 277 2
274 278 1
274 279 -1
274 280 1
275 277 -4
275 278 -2
275 279 -2
275 280 -1
276 277 -4
276 278 -1
276 279 -4
276 280 -1
281 285 -1
281 286 4
281 287 1
281 288 -4
282 285 4
282 286 -2
282 287 -1
282 288 -1
283 285 2
283 286 2
283 287 2
283 288 2
284 285 4
284 286 -2
284 287 -1
284 288 1
289 293 4
289 294 -2
289 295 -2
289 296 -4
290 293 2
290 294 1
290 295 -2
290 296 -1
291 293 1
291 294 -2
291 295 4
291 296 2
292 293 -1
292 294 4
292 295 1
292 296 4
297 301 -2
297 302 -2
297 303 4
297 304 -4
298 301 -2
298 302 -4
298 303 -1
298 304 1
299 301 -4
299 302 2
299 303 2
299 304 1
300 301 -1
300 302 -4
300 303 -4
300 304 -4
305 309 1
305 310 1
305 311 -4
305 312 1
306 309 4
306 310 -4
306 311 4
306 312 1
307 309 4
307 310 -4
307 311 4
307 312 -1
308 309 -2
308 310 -4
308 311 2
308 312 -4
313 317 2
313 318 1
313 319 -2
313 320 -4
314 317 -1
314 318 1
314 319 -1
314 320 2
315 317 -1
315 318 -4
315 319 -4
315 320 1
316 317 -1
316 318 4
316 319 1
316 320 2
321 325 2
321 326 1
321 327 1
321 328 4
322 325 2
322 326 -2
322 327 -1
322 328 -1
323 325 -2
323 326 -1
323 327 2
323 328 -4
324 325 -2
324 326 -2
324 327 2
324 328 -4
329 333 -4
329 334 -2
329 335 2
329 336 1
330 333 -2
330 334 -1
330 335 -4
330 336 -1
331 333 -4
331 334 -2
331 335 4
331 336 -4
332 333 -4
332 334 2
332 335 -2
332 336 -2
337 341 -4
337 342 -2
337 343 1
337 344 1
338 341 -4
338 342 2
338 343 -4
338 344 2
339 341 -4
339 342 1
339 343 2
339 344 -4
340 341 -1
340 342 1
340 343 2
340 344 1
345 349 4
345 350 1
345 351 -4
345 352 4
346 349 -2
346 350 4
346 351 -2
346 352 -4
347 349 4
347 350 2
347 351 1
347 352 -2
348 349 -4
348 350 -4
348 351 -2
348 352 -4
353 357 1
353 358 1
353 359 -4
353 360 4
354 357 -4
354 358 4
354 359 1
354 360 -2
355 357 -1
355 358 1
355 359 -2
355 360 4
356 357 4
356 358 4
356 359 -4
356 360 -1
361 365 -4
361 366 -4
361 367 -1
361 368 4
362 365 2
362 366 -4
362 367 -4
362 368 -1
363 365 -2
363 366 -2
363 367 4
363 368 -2
364 365 -2
364 366 1
364 367 -2
364 368 1
369 373 -1
369 374 -2
369 375 2
369 376 1
370 373 -4
370 374 -2
370 375 -1
370 376 2
371 373 -4
371 374 1
371 375 -4
371 376 -2
372 373 -1
372 374 4
372 375 -4
372 376 -2
377 381 2
377 382 1
377 383 1
377 384 2
378 381 1
378 382 4
378 383 4
378 384 -4
379 381 2
379 382 2
379 383 -1
379 384 -2
380 381 2
380 382 1
380 383 2
380 384 2
385 389 4
385 390 -1
385 391 1
385 392 -2
386 389 -4
386 390 1
386 391 1
386 392 -2
387 389 4
387 390 2
387 391 2
387 392 2
388 389 1
388 390 -4
388 391 1
388 392 -2
393 397 -4
393 398 4
393 399 1
393 400 2
394 397 -4
394 398 4
394 399 4
394 400 -1
395 397 4
395 398 -1
395 399 -2
395 400 2
396 397 -2
396 398 4
396 399 -4
396 400 -4
401 405 -1
401 406 -1
401 407 -4
401 408 1
402 405 -1
402 406 2
402 407 2
402 408 4
403 405 -2
403 406 2
403 407 4
403 408 -1
404 405 -1
404 406 1
404 407 -2
404 408 -2
409 413 1
409 414 4
409 415 4
409 416 4
410 413 -1
410 414 -1
410 415 4
410 416 -1
411 413 1
411 414 4
411 415 2
411 416 1
412 413 1
412 414 -2
412 415 -1
412 416 -2
417 421 -1
417 422 2
417 423 -4
417 424 -1
418 421 2
418 422 -4
418 423 -4
418 424 4
419 421 -4
419 422 1
419 423 2
419 424 -4
420 421 4
420 422 2
420 423 4
420 424 -1
425 429 -2
425 430 4
425 431 2
425 432 1
426 429 -4
426 430 -4
426 431 2
426 432 4
427 429 -1
427 430 -4
427 431 2
427 432 1
428 429 -4
428 430 4
428 431 -2
428 432 4
433 437 -1
433 438 -4
433 439 -4
433 440 1
434 437 2
434 438 2
434 439 2
434 440 4
435 437 2
435 438 -4
435 439 -1
435 440 1
436 437 1
436 438 -2
436 439 -2
436 440 -4
441 445 -1
441 446 2
441 447 -1
441 448 2
442 445 -1
442 446 -1
442 447 4
442 448 -4
443 445 -2
443 446 -4
443 447 -1
443 448 1
444 445 -2
444 446 2
444 447 4
444 448 2
449 453 -1
449 454 2
449 455 1
449 456 -2
450 453 -4
450 454 2
450 455 2
450 456 -1
451 453 4
451 454 1
451 455 2
451 456 1
452 453 -4
452 454 2
452 455 2
452 456 -1
457 461 1
457 462 2
457 463 4
457 464 -4
458 461 -2
458 462 -1
458 463 1
458 464 2
459 461 1
459 462 2
459 463 4
459 464 -2
460 461 4
460 462 4
460 463 -4
460 464 -2
465 469 2
465 470 4
465 471 1
465 472 -4
466 469 -4
466 470 -2
466 471 -1
466 472 1
467 469 2
467 470 -2
467 471 -4
467 472 -2
468 469 -2
468 470 4
468 471 1
468 472 -4
473 477 -2
473 478 -1
473 479 -4
473 480 -2
474 477 1
474 478 2
474 479 -1
474 480 2
475 477 -4
475 478 -2
475 479 -2
475 480 -2
476 477 1
476 478 -1
476 479 2
476 480 -4
481 485 -4
481 486 2
481 487 -2
481 488 -2
482 485 -4
482 486 -1
482 487 -4
482 488 -4
483 485 1
483 486 -4
483 487 1
483 488 -1
484 485 2
484 486 -1
484 487 -1
484 488 2
489 493 -2
489 494 2
489 495 -2
489 496 -1
490 493 -1
490 494 1
490 495 -2
490 496 -4
491 493 1
491 494 -2
491 495 2
491 496 4
492 493 1
492 494 4
492 495 -2
492 496 1
497 501 4
497 502 4
497 503 2
497 504 -4
498 501 -1
498 502 4
498 503 4
498 504 -1
499 501 1
499 502 2
499 503 1
499 504 4
500 501 -1
500 502 2
500 503 -1
500 504 2
505 509 1
505 510 1
505 511 1
505 512 4
506 509 2
506 510 -1
506 511 -4
506 512 -2
507 509 2
507 510 -4
507 511 1
507 512 1
508 509 -1
508 510 -2
508 511 -2
508 512 1
5 13 -4
6 14 4
7 15 -2
8 16 -4
13 21 -2
14 22 4
15 23 -1
16 24 -4
21 29 -2
22 30 -4
23 31 -2
24 32 4
29 37 -4
30 38 1
31 39 2
32 40 1
37 45 1
38 46 4
39 47 4
40 48 1
45 53 4
46 54 2
47 55 -1
48 56 2
53 61 2
54 62 -1
55 63 -4
56 64 2
69 77 1
70 78 4
71 79 2
72 80 -2
77 85 1
78 86 2
79 87 1
80 88 1
85 93 -2
86 94 -1
87 95 -2
88 96 2
93 101 4
94 102 4
95 103 1
96 104 -4
101 109 2
102 110 4
103 111 -1
104 112 4
109 117 -1
110 118 1
111 119 -1
112 120 1
117 125 2
118 126 2
119 127 -1
120 128 2
133 141 -1
134 142 -1
135 143 -4
136 144 -1
141 149 -4
142 150 -4
143 151 2
144 152 -1
149 157 -4
150 158 4
151 159 1
152 160 4
157 165 -2
158 166 -1
159 167 4
160 168 -4
165 173 4
166 174 -4
167 175 -2
168 176 4
173 181 2
174 182 1
175 183 -2
176 184 1
181 189 2
182 190 -2
183 191 1
184 192 -2
197 205 -4
198 206 2
199 207 2
200 208 4
205 213 4
206 214 2
207 215 -2
208 216 -2
213 221 -2
214 222 -2
215 223 -4
216 224 2
221 229 1
222 230 -2
223 231 4
224 232 -4
229 237 -1
230 238 2
231 239 1
232 240 1
237 245 1
238 246 -1
239 247 4
240 248 -4
245 253 4
246 254 -1
247 255 -2
248 256 4
261 269 1
262 270 -4
263 271 -2
264 272 -1
269 277 -4
270 278 -1
271 279 1
272 280 -2
277 285 -2
278 286 4
279 287 1
280 288 4
285 293 -1
286 294 -2
287 295 2
288 296 1
293 301 -4
294 302 -1
295 303 -1
296 304 -2
301 309 -2
302 310 -4
303 311 4
304 312 4
309 317 2
310 318 2
311 319 -4
312 320 1
325 333 -1
326 334 -2
327 335 -2
328 336 1
333 341 4
334 342 2
335 343 1
336 344 1
341 349 -4
342 350 4
343 351 4
344 352 -2
349 357 1
350 358 4
351 359 -2
352 360 -1
357 365 -2
358 366 -2
359 367 -2
360 368 -2
365 373 4
366 374 1
367 375 2
368 376 2
373 381 4
374 382 2
375 383 1
376 384 4
389 397 -1
390 398 1
391 399 -4
392 400 -2
397 405 4
398 406 -4
399 407 4
400 408 1
405 413 -1
406 414 2
407 415 2
408 416 2
413 421 1
414 422 2
415 423 -2
416 424 -4
421 429 4
422 430 -2
423 431 1
424 432 2
429 437 1
430 438 -4
431 439 -1
432 440 1
437 445 4
438 446 -4
439 447 -4
440 448 -1
453 461 -2
454 462 4
455 463 -4
456 464 4
461 469 -1
462 470 -4
463 471 2
464 472 -4
469 477 4
470 478 -2
471 479 4
472 480 -2
477 485 4
478 486 -4
479 487 -4
480 488 -4
485 493 1
486 494 -1
487 495 -4
488 496 -2
493 501 4
494 502 -2
495 503 2
496 504 -1
501 509 1
502 510 -4
503 511 4
504 512 4
1 65 2
2 66 -2
3 67 1
4 68 -1
65 129 -4
66 130 2
67 131 -4
68 132 2
129 193 -4
130 194 4
131 195 4
132 196 -2
193 257 -2
194 258 1
195 259 -1
196 260 -2
257 321 2
258 322 -2
259 323 1
260 324 1
321 385 -2
322 386 -1
323 387 2
324 388 -4
385 449 1
386 450 1
387 451 1
388 452 -4
9 73 4
10 74 4
11 75 -4
12 76 4
73 137 -4
74 138 -2
75 139 4
76 140 -2
137 201 2
138 202 -1
139 203 -1
140 204 4
201 265 2
202 266 -2
203 267 2
204 268 4
265 329 1
266 330 2
267 331 2
268 332 -4
329 393 -4
330 394 2
331 395 -1
332 396 -1
393 457 -2
394 458 4
395 459 4
396 460 1
17 81 2
18 82 2
19 83 2
20 84 4
81 145 2
82 146 -4
83 147 2
84 148 1
145 209 1
146 210 2
147 211 -4
148 212 4
209 273 4
210 274 1
211 275 -1
212 276 -2
273 337 4
274 338 2
275 339 -4
276 340 2
337 401 4
338 402 -1
339 403 4
340 404 -4
401 465 -4
402 466 -1
403 467 -4
404 468 -1
25 89 -2
26 90 2
27 91 2
28 92 4
89 153 2
90 154 -1
91 155 -4
92 156 -2
153 217 4
154 218 1
155 219 -2
156 220 2
217 281 1
218 282 -1
219 283 -1
220 284 2
281 345 -2
282 346 -1
283 347 1
284 348 2
345 409 2
346 410 -2
347 411 1
348 412 -1
409 473 4
410 474 4
411 475 1
412 476 -2
33 97 -2
34 98 -2
35 99 4
36 100 -1
97 161 -4
98 162 4
99 163 1
100 164 -1
161 225 -1
162 226 -2
163 227 4
164 228 4
225 289 -2
226 290 4
227 291 4
228 292 -4
289 353 2
290 354 -4
291 355 1
292 356 -4
353 417 1
354 418 2
355 419 -4
356 420 -4
417 481 2
418 482 -4
419 483 -1
420 484 -1
41 105 -2
42 106 2
43 107 4
44 108 2
105 169 2
106 170 -4
107 171 2
108 172 -4
169 233 4
170 234 -2
171 235 -4
172 236 4
233 297 4
234 298 -2
235 299 -2
236 300 -1
297 361 1
298 362 2
299 363 -1
300 364 2
361 425 2
362 426 -1
363 427 4
364 428 4
425 489 -1
426 490 4
427 491 2
428 492 -2
49 113 4
50 114 2
51 115 -2
52 116 4
113 177 4
114 178 -4
115 179 -4
116 180 -4
177 241 -1
178 242 2
179 243 -1
180 244 -4
241 305 4
242 306 4
243 307 -4
244 308 4
305 369 1
306 370 1
307 371 1
308 372 -4
369 433 4
370 434 4
371 435 2
372 436 -1
433 497 2
434 498 4
435 499 1
436 500 -1
57 121 -2
58 122 2
59 123 -4
60 124 -2
121 185 -4
122 186 -1
123 187 -1
124 188 1
185 249 -1
186 250 -1
187 251 1
188 252 1
249 313 -4
250 314 -4
251 315 4
252 316 2
313 377 -4
314 378 -1
315 379 1
316 380 4
377 441 4
378 442 -4
379 443 -1
380 444 2
441 505 2
442 506 -1
443 507 1
444 508 4
