#
1 5 4
1 6 2
1 7 -1
1 8 2
2 5 1
2 6 -2
2 7 -4
2 8 -4
3 5 2
3 6 -4
3 7 -1
3 8 -2
4 5 -1
4 6 2
4 7 -1
4 8 -2
9 13 -1
9 14 1
9 15 4
9 16 4
10 13 4
10 14 2
10 15 -1
10 16 1
11 13 2
11 14 1
11 15 2
11 16 -4
12 13 2
12 14 4
12 15 2
12 16 -2
17 21 -1
17 22 2
17 23 4
17 24 -2
18 21 4
18 22 -4
18 23 4
18 24 4
19 21 -2
19 22 1
19 23 1
19 24 2
20 21 1
20 22 2
20 23 -2
20 24 -1
25 29 -1
25 30 2
25 31 -2
25 32 -4
26 29 -1
26 30 -1
26 31 -4
26 32 -2
27 29 2
27 30 1
27 31 -1
27 32 -2
28 29 4
28 30 1
28 31 -4
28 32 4
33 37 -2
33 38 1
33 39 -2
33 40 4
34 37 2
34 38 -4
34 39 -2
34 40 -2
35 37 4
35 38 -4
35 39 1
35 40 2
36 37 -1
36 38 2
36 39 1
36 40 2
41 45 4
41 46 -4
41 47 4
41 48 -1
42 45 4
42 46 2
42 47 2
42 48 -1
43 45 -2
43 46 -4
43 47 -1
43 48 1
44 45 1
44 46 4
44 47 -4
44 48 4
49 53 4
49 54 -1
49 55 2
49 56 2
50 53 -2
50 54 4
50 55 -2
50 56 -2
51 53 -1
51 54 4
51 55 2
51 56 2
52 53 2
52 54 4
52 55 -1
52 56 -1
57 61 1
57 62 4
57 63 -2
57 64 -1
58 61 -4
58 62 1
58 63 1
58 64 -1
59 61 1
59 62 4
59 63 -2
59 64 -2
60 61 -1
60 62 2
60 63 1
60 64 1
65 69 -4
65 70 -1
65 71 1
65 72 -4
66 69 -1
66 70 4
66 71 1
66 72 -2
67 69 2
67 70 4
67 71 1
67 72 -1
68 69 -2
68 70 -2
68 71 1
68 72 1
73 77 4
73 78 2
73 79 2
73 80 2
74 77 -4
74 78 -2
74 79 -1
74 80 -2
75 77 1
75 78 -1
75 79 2
75 80 2
76 77 -4
76 78 1
76 79 4
76 80 -4
81 85 2
81 86 -4
81 87 -4
81 88 1
82 85 4
82 86 -2
82 87 -1
82 88 -1
83 85 2
83 86 2
83 87 -1
83 88 1
84 85 1
84 86 -1
84 87 -4
84 88 -4
89 93 1
89 94 -4
89 95 -2
89 96 1
90 93 -4
90 94 -2
90 95 4
90 96 4
91 93 2
91 94 -4
91 95 1
91 96 -1
92 93 -1
92 94 1
92 95 -1
92 96 -1
97 101 2
97 102 -2
97 103 -2
97 104 -4
98 101 -4
98 102 2
98 103 -4
98 104 4
99 101 -4
99 102 2
99 103 -4
99 104 4
100 101 -1
100 102 -4
100 103 -2
100 104 -2
105 109 -2
105 110 -1
105 111 -2
105 112 1
106 109 -4
106 110 -1
106 111 -1
106 112 2
107 109 1
107 110 2
107 111 -2
107 112 4
108 109 2
108 110 1
108 111 -4
108 112 2
113 117 1
113 118 2
113 119 -2
113 120 1
114 117 -4
114 118 4
114 119 2
114 120 1
115 117 2
115 118 4
115 119 -4
115 120 2
116 117 -2
116 118 -1
116 119 -1
116 120 -1
121 125 -4
121 126 -1
121 127 4
121 128 2
122 125 1
122 126 -2
122 127 -4
122 128 -4
123 125 -4
123 126 4
123 127 1
123 128 -4
124 125 4
124 126 -2
124 127 -4
124 128 4
129 133 1
129 134 -4
129 135 2
129 136 -4
130 133 4
130 134 1
130 135 2
130 136 1
131 133 4
131 134 4
131 135 -1
131 136 -4
132 133 -2
132 134 4
132 135 -4
132 136 -4
137 141 2
137 142 -1
137 143 1
137 144 2
138 141 1
138 142 1
138 143 2
138 144 -2
139 141 1
139 142 -4
139 143 -4
139 144 1
140 141 2
140 142 -2
140 143 -1
140 144 -1
145 149 4
145 150 -4
145 151 -4
145 152 -2
146 149 -4
146 150 4
146 151 -2
146 152 -1
147 149 -2
147 150 -2
147 151 4
147 152 2
148 149 2
148 150 2
148 151 2
148 152 4
153 157 4
153 158 -4
153 159 1
153 160 2
154 157 -1
154 158 -1
154 159 1
154 160 -4
155 157 2
155 158 -4
155 159 1
155 160 -2
156 157 -4
156 158 2
156 159 -1
156 160 -1
161 165 2
161 166 -1
161 167 -4
161 168 -2
162 165 1
162 166 -2
162 167 -4
162 168 4
163 165 -4
163 166 4
163 167 4
163 168 2
164 165 1
164 166 -2
164 167 -4
164 168 -1
169 173 2
169 174 1
169 175 -2
169 176 -4
170 173 1
170 174 -2
170 175 -1
170 176 2
171 173 4
171 174 1
171 175 4
171 176 -1
172 173 2
172 174 2
172 175 -2
172 176 2
177 181 4
177 182 -4
177 183 1
177 184 -4
178 181 2
178 182 -4
178 183 -1
178 184 -4
179 181 -1
179 182 4
179 183 1
179 184 -4
180 181 1
180 182 -2
180 183 -2
180 184 2
185 189 -1
185 190 4
185 191 -4
185 192 4
186 189 -2
186 190 -2
186 191 1
186 192 -4
187 189 -4
187 190 -1
187 191 2
187 192 2
188 189 4
188 190 -1
188 191 1
188 192 -4
193 197 -1
193 198 2
193 199 4
193 200 -4
194 197 1
194 198 -2
194 199 -4
194 200 1
195 197 -1
195 198 -1
195 199 2
195 200 4
196 197 4
196 198 1
196 199 -4
196 200 -4
201 205 2
201 206 1
201 207 -1
201 208 -4
202 205 -2
202 206 -4
202 207 -1
202 208 4
203 205 -1
203 206 -4
203 207 -2
203 208 -1
204 205 -2
204 206 -2
204 207 2
204 208 4
209 213 -2
209 214 1
209 215 -2
209 216 4
210 213 -1
210 214 -2
210 215 1
210 216 2
211 213 2
211 214 -1
211 215 2
211 216 -1
212 213 2
212 214 4
212 215 2
212 216 -2
217 221 -4
217 222 -2
217 223 -2
217 224 2
218 221 2
218 222 -4
218 223 -4
218 224 2
219 221 2
219 222 -1
219 223 1
219 224 -4
220 221 4
220 222 -1
220 223 -2
220 224 2
225 229 4
225 230 -2
225 231 -2
225 232 2
226 229 -1
226 230 -4
226 231 -1
226 232 1
227 229 2
227 230 -2
227 231 -1
227 232 -1
228 229 4
228 230 2
228 231 2
228 232 1
233 237 -2
233 238 -2
233 239 -4
233 240 4
234 237 2
234 238 -4
234 239 4
234 240 2
235 237 4
235 238 -1
235 239 -4
235 240 2
236 237 4
236 238 4
236 239 -2
236 240 1
241 245 -2
241 246 4
241 247 -2
241 248 -4
242 245 1
242 246 2
242 247 4
242 248 4
243 245 -2
243 246 2
243 247 -2
243 248 1
244 245 1
244 246 1
244 247 4
244 248 -1
249 253 2
249 254 -2
249 255 2
249 256 -2
250 253 2
250 254 4
250 255 -2
250 256 -4
251 253 -1
251 254 4
251 255 2
251 256 -2
252 253 1
252 254 2
252 255 -1
252 256 1
257 261 -4
257 262 4
257 263 -4
257 264 2
258 261 -1
258 262 -4
258 263 1
258 264 2
259 261 -4
259 262 -2
259 263 2
259 264 -2
260 261 -4
260 262 -1
260 263 1
260 264 1
265 269 -2
265 270 1
265 271 -4
265 272 -4
266 269 -4
266 270 1
266 271 -2
266 272 -2
267 269 4
267 270 4
267 271 1
267 272 -2
268 269 1
268 270 -2
268 271 -2
268 272 1
273 277 1
273 278 4
273 279 1
273 280 4
274 277 -4
274 278 4
274 279 2
274 280 -2
275 277 -2
275 278 -4
275 279 1
275 280 2
276 277 -2
276 278 1
276 279 2
276 280 2
281 285 4
281 286 -1
281 287 2
281 288 2
282 285 1
282 286 -4
282 287 -4
282 288 4
283 285 2
283 286 4
283 287 -2
283 288 2
284 285 2
284 286 -2
284 287 -4
284 288 -4
289 293 -1
289 294 4
289 295 -4
289 296 2
290 293 -1
290 294 2
290 295 2
290 296 4
291 293 -4
291 294 -2
291 295 -1
291 296 2
292 293 -2
292 294 -2
292 295 -1
292 296 4
297 301 -1
297 302 2
297 303 4
297 304 4
298 301 2
298 302 2
298 303 -1
298 304 -4
299 301 1
299 302 4
299 303 -2
299 304 -1
300 301 -4
300 302 1
300 303 2
300 304 2
305 309 4
305 310 -4
305 311 2
305 312 -1
306 309 -1
306 310 -4
306 311 -2
306 312 -2
307 309 4
307 310 -4
307 311 -1
307 312 1
308 309 -1
308 310 2
308 311 -1
308 312 -1
313 317 -4
313 318 -4
313 319 1
313 320 -2
314 317 -2
314 318 -4
314 319 -2
314 320 -1
315 317 -1
315 318 -2
315 319 -4
315 320 -1
316 317 2
316 318 1
316 319 2
316 320 2
321 325 -4
321 326 -2
321 327 -1
321 328 4
322 325 -2
322 326 -4
322 327 2
322 328 2
323 325 -1
323 326 -4
323 327 -2
323 328 1
324 325 -2
324 326 1
324 327 2
324 328 -2
329 333 2
329 334 1
329 335 -2
329 336 -1
330 333 -2
330 334 1
330 335 -1
330 336 -4
331 333 4
331 334 -4
331 335 -2
331 336 2
332 333 -1
332 334 -1
332 335 -4
332 336 4
337 341 -2
337 342 2
337 343 -2
337 344 -1
338 341 -1
338 342 4
338 343 -1
338 344 2
339 341 1
339 342 -1
339 343 4
339 344 2
340 341 2
340 342 2
340 343 -1
340 344 -1
345 349 -1
345 350 -4
345 351 -2
345 352 -1
346 349 1
346 350 1
346 351 -4
346 352 1
347 349 4
347 350 1
347 351 2
347 352 4
348 349 -4
348 350 1
348 351 2
348 352 -2
353 357 2
353 358 2
353 359 -1
353 360 1
354 357 1
354 358 1
354 359 -2
354 360 -2
355 357 -4
355 358 2
355 359 -1
355 360 1
356 357 1
356 358 1
356 359 -1
356 360 4
361 365 -1
361 366 2
361 367 4
361 368 2
362 365 1
362 366 1
362 367 1
362 368 1
363 365 -4
363 366 -1
363 367 4
363 368 -2
364 365 -1
364 366 2
364 367 2
364 368 1
369 373 -4
369 374 4
369 375 -2
369 376 1
370 373 -4
370 374 -4
370 375 4
370 376 -2
371 373 -4
371 374 4
371 375 2
371 376 -1
372 373 1
372 374 4
372 375 2
372 376 -2
377 381 2
377 382 -2
377 383 4
377 384 -4
378 381 2
378 382 -1
378 383 -4
378 384 -1
379 381 -1
379 382 -4
379 383 1
379 384 2
380 381 1
380 382 -4
380 383 2
380 384 -2
385 389 2
385 390 -4
385 391 4
385 392 -2
386 389 2
386 390 4
386 391 -4
386 392 -2
387 389 1
387 390 1
387 391 1
387 392 1
388 389 -2
388 390 4
388 391 1
388 392 -4
393 397 -4
393 398 1
393 399 -1
393 400 -4
394 397 -2
394 398 1
394 399 -4
394 400 -4
395 397 4
395 398 -4
395 399 2
395 400 1
396 397 1
396 398 -2
396 399 4
396 400 -4
401 405 -1
401 406 1
401 407 -4
401 408 -2
402 405 4
402 406 2
402 407 -2
402 408 -2
403 405 1
403 406 -1
403 407 -2
403 408 1
404 405 -1
404 406 -2
404 407 1
404 408 1
409 413 -4
409 414 2
409 415 2
409 416 1
410 413 4
410 414 -2
410 415 -4
410 416 2
411 413 2
411 414 4
411 415 -2
411 416 -2
412 413 2
412 414 2
412 415 -4
412 416 2
417 421 4
417 422 4
417 423 -2
417 424 -2
418 421 -2
418 422 1
418 423 1
418 424 -1
419 421 -1
419 422 -1
419 423 -2
419 424 -2
420 421 -1
420 422 -4
420 423 4
420 424 4
425 429 1
425 430 -4
425 431 1
425 432 -2
426 429 2
426 430 4
426 431 -2
426 432 -2
427 429 -2
427 430 2
427 431 2
427 432 -4
428 429 -1
428 430 -2
428 431 2
428 432 1
433 437 1
433 438 -2
433 439 4
433 440 4
434 437 4
434 438 2
434 439 -1
434 440 -4
435 437 -4
435 438 -1
435 439 1
435 440 4
436 437 4
436 438 1
436 439 4
436 440 -1
441 445 -4
441 446 -4
441 447 2
441 448 4
442 445 -2
442 446 -2
442 447 1
442 448 2
443 445 1
443 446 -2
443 447 -4
443 448 -2
444 445 1
444 446 -2
444 447 1
444 448 -1
449 453 -1
449 454 -2
449 455 -2
449 456 -1
450 453 -1
450 454 1
450 455 4
450 456 1
451 453 4
451 454 4
451 455 1
451 456 1
452 453 1
452 454 -2
452 455 -1
452 456 -2
457 461 -2
457 462 1
457 463 -1
457 464 4
458 461 -1
458 462 4
458 463 4
458 464 -2
459 461 -4
459 462 -2
459 463 1
459 464 4
460 461 4
460 462 1
460 463 -4
460 464 -4
465 469 4
465 470 -1
465 471 -1
465 472 4
466 469 2
466 470 4
466 471 -2
466 472 -2
467 469 4
467 470 4
467 471 -1
467 472 -1
468 469 -1
468 470 -2
468 471 4
468 472 1
473 477 -2
473 478 -2
473 479 -4
473 480 -4
474 477 2
474 478 4
474 479 2
474 480 2
475 477 1
475 478 2
475 479 4
475 480 -2
476 477 2
476 478 2
476 479 1
476 480 1
481 485 -2
481 486 4
481 487 1
481 488 -4
482 485 2
482 486 -1
482 487 2
482 488 2
483 485 2
483 486 -2
483 487 4
483 488 2
484 485 4
484 486 4
484 487 -1
484 488 2
489 493 -2
489 494 -4
489 495 1
489 496 2
490 493 1
490 494 -4
490 495 -1
490 496 -2
491 493 1
491 494 -1
491 495 -1
491 496 1
492 493 2
492 494 4
492 495 1
492 496 -4
497 501 -4
497 502 1
497 503 4
497 504 -1
498 501 -2
498 502 2
498 503 2
498 504 -2
499 501 1
499 502 4
499 503 2
499 504 4
500 501 2
500 502 4
500 503 -4
500 504 -2
505 509 -4
505 510 1
505 511 -1
505 512 4
506 509 -4
506 510 1
506 511 -1
506 512 1
507 509 2
507 510 -2
507 511 1
507 512 2
508 509 2
508 510 4
508 511 -1
508 512 -2
5 13 -4
6 14 2
7 15 4
8 16 4
13 21 1
14 22 -4
15 23 -1
16 24 -2
21 29 -2
22 30 -2
23 31 1
24 32 1
29 37 -2
30 38 -4
31 39 4
32 40 -2
37 45 1
38 46 1
39 47 1
40 48 -2
45 53 -2
46 54 -4
47 55 2
48 56 1
53 61 4
54 62 -2
55 63 -1
56 64 4
69 77 1
70 78 1
71 79 2
72 80 -2
77 85 2
78 86 1
79 87 -2
80 88 -2
85 93 -4
86 94 2
87 95 2
88 96 2
93 101 -4
94 102 -1
95 103 1
96 104 4
101 109 -1
102 110 1
103 111 4
104 112 -4
109 117 -1
110 118 -1
111 119 -1
112 120 2
117 125 2
118 126 4
119 127 -2
120 128 1
133 141 -4
134 142 1
135 143 -2
136 144 -1
141 149 -1
142 150 4
143 151 -4
144 152 -4
149 157 -2
150 158 -4
151 159 4
152 160 -2
157 165 1
158 166 2
159 167 1
160 168 -2
165 173 4
166 174 -4
167 175 1
168 176 -2
173 181 1
174 182 -1
175 183 2
176 184 -1
181 189 -2
182 190 -1
183 191 4
184 192 4
197 205 -4
198 206 -4
199 207 -4
200 208 -2
205 213 -2
206 214 1
207 215 -1
208 216 1
213 221 2
214 222 -4
215 223 2
216 224 2
221 229 -4
222 230 -2
223 231 -4
224 232 -4
229 237 1
230 238 -2
231 239 -2
232 240 -4
237 245 -1
238 246 -2
239 247 -2
240 248 4
245 253 1
246 254 2
247 255 2
248 256 1
261 269 -4
262 270 -2
263 271 -4
264 272 2
269 277 -4
270 278 4
271 279 2
272 280 1
277 285 -1
278 286 -1
279 287 -1
280 288 -4
285 293 1
286 294 1
287 295 1
288 296 2
293 301 -4
294 302 2
295 303 2
296 304 4
301 309 -1
302 310 -1
303 311 -1
304 312 2
309 317 1
310 318 1
311 319 1
312 320 1
325 333 -4
326 334 -4
327 335 2
328 336 -1
333 341 -4
334 342 4
335 343 4
336 344 4
341 349 1
342 350 -1
343 351 -1
344 352 1
349 357 2
350 358 -1
351 359 -1
352 360 -2
357 365 2
358 366 -2
359 367 4
360 368 -1
365 373 -1
366 374 -1
367 375 2
368 376 -4
373 381 -4
374 382 -1
375 383 1
376 384 -2
389 397 -4
390 398 -4
391 399 -1
392 400 4
397 405 1
398 406 1
399 407 -2
400 408 -4
405 413 1
406 414 -4
407 415 1
408 416 -1
413 421 -2
414 422 -2
415 423 1
416 424 -1
421 429 -4
422 430 4
423 431 -2
424 432 -4
429 437 1
430 438 -2
431 439 -1
432 440 2
437 445 -4
438 446 2
439 447 -1
440 448 1
453 461 -2
454 462 1
455 463 -1
456 464 -1
461 469 -1
462 470 4
463 471 1
464 472 1
469 477 -2
470 478 -4
471 479 2
472 480 2
477 485 -4
478 486 1
479 487 4
480 488 4
485 493 4
486 494 -1
487 495 2
488 496 -2
493 501 4
494 502 4
495 503 -2
496 504 -1
501 509 -1
502 510 1
503 511 4
504 512 4
1 65 -2
2 66 -4
3 67 4
4 68 -1
65 129 1
66 130 -1
67 131 -4
68 132 -2
129 193 1
130 194 -4
131 195 -4
132 196 -2
193 257 -1
194 258 -4
195 259 4
196 260 1
257 321 -4
258 322 -1
259 323 -4
260 324 -4
321 385 -2
322 386 4
323 387 1
324 388 2
385 449 -4
386 450 -1
387 451 -1
388 452 -2
9 73 -2
10 74 1
11 75 1
12 76 -2
73 137 -2
74 138 -4
75 139 -4
76 140 2
137 201 -1
138 202 -4
139 203 4
140 204 -2
201 265 -2
202 266 -4
203 267 -2
204 268 2
265 329 -2
266 330 4
267 331 -1
268 332 -4
329 393 -4
330 394 4
331 395 -2
332 396 -1
393 457 -4
394 458 1
395 459 -1
396 460 1
17 81 -4
18 82 4
19 83 -1
20 84 2
81 145 -1
82 146 -1
83 147 4
84 148 -2
145 209 -4
146 210 -2
147 211 4
148 212 -2
209 273 2
210 274 1
211 275 2
212 276 -4
273 337 2
274 338 -4
275 339 -1
276 340 -2
337 401 4
338 402 -4
339 403 4
340 404 4
401 465 1
402 466 -1
403 467 1
404 468 -2
25 89 -1
26 90 2
27 91 -4
28 92 -2
89 153 -1
90 154 2
91 155 -2
92 156 2
153 217 -1
154 218 -1
155 219 1
156 220 -2
217 281 -1
218 282 -1
219 283 -1
220 284 -4
281 345 1
282 346 1
283 347 -2
284 348 2
345 409 -2
346 410 4
347 411 4
348 412 -4
409 473 2
410 474 -4
411 475 -4
412 476 4
33 97 -1
34 98 1
35 99 1
36 100 4
97 161 -2
98 162 -2
99 163 2
100 164 -2
161 225 -4
162 226 2
163 227 2
164 228 -1
225 289 -4
226 290 4
227 291 -2
228 292 -4
289 353 4
290 354 -1
291 355 1
292 356 4
353 417 -4
354 418 2
355 419 4
356 420 1
417 481 2
418 482 1
419 483 1
420 484 -2
41 105 2
42 106 -1
43 107 -4
44 108 -1
105 169 -1
106 170 4
107 171 -1
108 172 1
169 233 1
170 234 -1
171 235 -1
172 236 -1
233 297 4
234 298 -2
235 299 4
236 300 4
297 361 -1
298 362 -1
299 363 -2
300 364 2
361 425 -4
362 426 1
363 427 -4
364 428 -4
425 489 4
426 490 4
427 491 1
428 492 -1
49 113 -4
50 114 1
51 115 -2
52 116 -4
113 177 4
114 178 -4
115 179 2
116 180 -2
177 241 -1
178 242 -4
179 243 -4
180 244 -2
241 305 4
242 306 -1
243 307 2
244 308 2
305 369 -4
306 370 -2
307 371 1
308 372 1
369 433 -1
370 434 1
371 435 4
372 436 1
433 497 2
434 498 2
435 499 2
436 500 2
57 121 -2
58 122 -1
59 123 -1
60 124 2
121 185 -2
122 186 -4
123 187 -1
124 188 -2
185 249 4
186 250 1
187 251 4
188 252 -4
249 313 -1
250 314 4
251 315 -1
252 316 1
313 377 -2
314 378 -2
315 379 -2
316 380 -1
377 441 -2
378 442 -2
379 443 -2
380 444 2
441 505 2
442 506 -1
443 507 -4
444 508 -2
