#
1 5 -1
1 6 4
1 7 -2
1 8 2
2 5 2
2 6 -4
2 7 4
2 8 -1
3 5 1
3 6 -1
3 7 -1
3 8 -4
4 5 1
4 6 2
4 7 4
4 8 2
9 13 -2
9 14 2
9 15 -2
9 16 4
10 13 -2
10 14 -4
10 15 -2
10 16 -2
11 13 -4
11 14 -4
11 15 1
11 16 -2
12 13 4
12 14 -1
12 15 -4
12 16 4
17 21 -2
17 22 4
17 23 -2
17 24 -4
18 21 2
18 22 -4
18 23 -2
18 24 2
19 21 -4
19 22 1
19 23 1
19 24 -2
20 21 -2
20 22 -4
20 23 -4
20 24 4
25 29 -4
25 30 -1
25 31 2
25 32 2
26 29 2
26 30 -1
26 31 -2
26 32 -1
27 29 -4
27 30 -4
27 31 -1
27 32 1
28 29 -2
28 30 1
28 31 -1
28 32 1
33 37 -4
33 38 4
33 39 4
33 40 -1
34 37 -1
34 38 2
34 39 1
34 40 -2
35 37 1
35 38 -1
35 39 1
35 40 -2
36 37 1
36 38 -1
36 39 1
36 40 -1
41 45 -4
41 46 4
41 47 2
41 48 1
42 45 -4
42 46 4
42 47 1
42 48 2
43 45 2
43 46 -4
43 47 1
43 48 -2
44 45 -2
44 46 -2
44 47 2
44 48 -1
49 53 -2
49 54 1
49 55 2
49 56 2
50 53 -1
50 54 -2
50 55 4
50 56 2
51 53 2
51 54 -4
51 55 -1
51 56 -4
52 53 -4
52 54 -2
52 55 2
52 56 -4
57 61 -1
57 62 -2
57 63 2
57 64 1
58 61 -2
58 62 2
58 63 4
58 64 -2
59 61 -2
59 62 2
59 63 -1
59 64 -1
60 61 -4
60 62 2
60 63 2
60 64 -4
65 69 -4
65 70 4
65 71 -4
65 72 2
66 69 -2
66 70 4
66 71 -2
66 72 2
67 69 1
67 70 1
67 71 2
67 72 -4
68 69 -4
68 70 2
68 71 -2
68 72 -4
73 77 2
73 78 2
73 79 2
73 80 -1
74 77 -1
74 78 2
74 79 1
74 80 -1
75 77 -2
75 78 1
75 79 -2
75 80 4
76 77 -1
76 78 -2
76 79 2
76 80 2
81 85 4
81 86 -2
81 87 -4
81 88 -4
82 85 4
82 86 -1
82 87 2
82 88 1
83 85 2
83 86 -1
83 87 2
83 88 4
84 85 -4
84 86 -1
84 87 -2
84 88 -4
89 93 1
89 94 -2
89 95 1
89 96 -1
90 93 -2
90 94 -4
90 95 -4
90 96 -2
91 93 -2
91 94 1
91 95 4
91 96 -2
92 93 2
92 94 -4
92 95 2
92 96 -2
97 101 -2
97 102 1
97 103 1
97 104 1
98 101 -1
98 102 4
98 103 1
98 104 -1
99 101 -4
99 102 -2
99 103 -4
99 104 -2
100 101 4
100 102 -2
100 103 -1
100 104 -4
105 109 -4
105 110 2
105 111 1
105 112 -2
106 109 4
106 110 2
106 111 1
106 112 4
107 109 2
107 110 -4
107 111 -2
107 112 -2
108 109 2
108 110 1
108 111 1
108 112 1
113 117 -1
113 118 1
113 119 1
113 120 -4
114 117 -1
114 118 -4
114 119 2
114 120 -4
115 117 -4
115 118 2
115 119 2
115 120 -2
116 117 -2
116 118 1
116 119 -2
116 120 -1
121 125 1
121 126 -1
121 127 -2
121 128 -4
122 125 -4
122 126 -2
122 127 1
122 128 -4
123 125 1
123 126 -1
123 127 -1
123 128 -2
124 125 1
124 126 2
124 127 -1
124 128 4
129 133 4
129 134 -2
129 135 -4
129 136 1
130 133 -2
130 134 -2
130 135 4
130 136 1
131 133 4
131 134 1
131 135 2
131 136 -4
132 133 2
132 134 1
132 135 2
132 136 2
137 141 -4
137 142 -4
137 143 2
137 144 1
138 141 4
138 142 -4
138 143 -1
138 144 -2
139 141 -4
139 142 2
139 143 1
139 144 1
140 141 -2
140 142 -2
140 143 -1
140 144 2
145 149 -1
145 150 -4
145 151 -1
145 152 -4
146 149 -2
146 150 -2
146 151 -1
146 152 -1
147 149 1
147 150 1
147 151 -1
147 152 -1
148 149 -2
148 150 2
148 151 -4
148 152 1
153 157 -4
153 158 -4
153 159 2
153 160 4
154 157 2
154 158 -2
154 159 4
154 160 -1
155 157 4
155 158 4
155 159 -2
155 160 2
156 157 -1
156 158 2
156 159 4
156 160 -4
161 165 -2
161 166 1
161 167 -1
161 168 -1
162 165 -1
162 166 -2
162 167 1
162 168 2
163 165 -4
163 166 2
163 167 -2
163 168 1
164 165 1
164 166 4
164 167 -4
164 168 -4
169 173 4
169 174 4
169 175 2
169 176 1
170 173 4
170 174 -1
170 175 1
170 176 1
171 173 -4
171 174 -2
171 175 2
171 176 -4
172 173 -4
172 174 4
172 175 2
172 176 1
177 181 -2
177 182 -2
177 183 4
177 184 -1
178 181 1
178 182 -4
178 183 4
178 184 2
179 181 4
179 182 1
179 183 -2
179 184 -2
180 181 4
180 182 1
180 183 4
180 184 -4
185 189 -4
185 190 4
185 191 -1
185 192 -1
186 189 -1
186 190 -4
186 191 4
186 192 -1
187 189 -2
187 190 4
187 191 4
187 192 4
188 189 -1
188 190 -1
188 191 1
188 192 -2
193 197 -4
193 198 4
193 199 1
193 200 -4
194 197 4
194 198 -1
194 199 -1
194 200 -4
195 197 1
195 198 -1
195 199 4
195 200 1
196 197 4
196 198 -4
196 199 -4
196 200 -2
201 205 1
201 206 4
201 207 -1
201 208 -4
202 205 -2
202 206 -4
202 207 2
202 208 -1
203 205 1
203 206 1
203 207 2
203 208 2
204 205 -1
204 206 -1
204 207 -1
204 208 -4
209 213 2
209 214 -2
209 215 2
209 216 -1
210 213 -1
210 214 1
210 215 -4
210 216 -1
211 213 2
211 214 -4
211 215 -4
211 216 4
212 213 4
212 214 2
212 215 -2
212 216 4
217 221 1
217 222 4
217 223 -1
217 224 4
218 221 4
218 222 2
218 223 1
218 224 2
219 221 2
219 222 1
219 223 -2
219 224 -1
220 221 -4
220 222 -4
220 223 -2
220 224 -1
225 229 -1
225 230 4
225 231 -1
225 232 -1
226 229 4
226 230 -2
226 231 -4
226 232 2
227 229 4
227 230 -1
227 231 -2
227 232 4
228 229 -4
228 230 4
228 231 4
228 232 2
233 237 1
233 238 1
233 239 4
233 240 -1
234 237 1
234 238 -2
234 239 -4
234 240 -2
235 237 -1
235 238 -1
235 239 1
235 240 -4
236 237 -1
236 238 4
236 239 -2
236 240 4
241 245 1
241 246 1
241 247 -4
241 248 1
242 245 2
242 246 -4
242 247 -2
242 248 1
243 245 1
243 246 2
243 247 2
243 248 -1
244 245 -1
244 246 -1
244 247 2
244 248 -1
249 253 1
249 254 -4
249 255 4
249 256 4
250 253 2
250 254 2
250 255 4
250 256 1
251 253 4
251 254 4
251 255 1
251 256 1
252 253 4
252 254 2
252 255 -2
252 256 1
257 261 -1
257 262 -2
257 263 -2
257 264 -1
258 261 2
258 262 1
258 263 1
258 264 1
259 261 -4
259 262 1
259 263 -2
259 264 -1
260 261 -4
260 262 -1
260 263 -2
260 264 -4
265 269 1
265 270 4
265 271 -4
265 272 2
266 269 -1
266 270 4
266 271 4
266 272 -2
267 269 1
267 270 -4
267 271 2
267 272 -1
268 269 2
268 270 -1
268 271 -4
268 272 1
273 277 -4
273 278 2
273 279 4
273 280 1
274 277 -1
274 278 -4
274 279 -2
274 280 1
275 277 1
275 278 4
275 279 2
275 280 1
276 277 4
276 278 -1
276 279 2
276 280 4
281 285 -4
281 286 1
281 287 -1
281 288 -1
282 285 -2
282 286 -2
282 287 -2
282 288 -4
283 285 2
283 286 -4
283 287 -4
283 288 -1
284 285 4
284 286 4
284 287 1
284 288 2
289 293 2
289 294 -1
289 295 -1
289 296 1
290 293 4
290 294 -4
290 295 -1
290 296 1
291 293 4
291 294 2
291 295 1
291 296 2
292 293 2
292 294 4
292 295 2
292 296 4
297 301 -4
297 302 -4
297 303 -2
297 304 -1
298 301 -2
298 302 4
298 303 -4
298 304 1
299 301 2
299 302 2
299 303 4
299 304 2
300 301 -1
300 302 -2
300 303 -4
300 304 1
305 309 1
305 310 4
305 311 2
305 312 -2
306 309 -2
306 310 2
306 311 -1
306 312 -2
307 309 1
307 310 2
307 311 4
307 312 -2
308 309 -1
308 310 2
308 311 -4
308 312 4
313 317 4
313 318 4
313 319 4
313 320 4
314 317 -2
314 318 -1
314 319 -1
314 320 4
315 317 -2
315 318 2
315 319 -2
315 320 1
316 317 2
316 318 1
316 319 -4
316 320 2
321 325 2
321 326 -1
321 327 4
321 328 1
322 325 2
322 326 2
322 327 -2
322 328 -4
323 325 -1
323 326 2
323 327 1
323 328 -2
324 325 4
324 326 -4
324 327 1
324 328 -2
329 333 -2
329 334 -4
329 335 2
329 336 1
330 333 -4
330 334 -2
330 335 -2
330 336 -4
331 333 -4
331 334 -1
331 335 1
331 336 2
332 333 -1
332 334 -2
332 335 2
332 336 -2
337 341 4
337 342 2
337 343 -4
337 344 1
338 341 -4
338 342 4
338 343 -2
338 344 2
339 341 2
339 342 -4
339 343 -4
339 344 1
340 341 1
340 342 -4
340 343 1
340 344 -1
345 349 4
345 350 4
345 351 2
345 352 -1
346 349 4
346 350 1
346 351 -1
346 352 -2
347 349 2
347 350 2
347 351 1
347 352 -4
348 349 -4
348 350 4
348 351 2
348 352 2
353 357 2
353 358 2
353 359 -4
353 360 -1
354 357 -2
354 358 4
354 359 -4
354 360 4
355 357 1
355 358 4
355 359 -1
355 360 1
356 357 -2
356 358 4
356 359 1
356 360 -2
361 365 -4
361 366 -4
361 367 4
361 368 -4
362 365 -4
362 366 4
362 367 -1
362 368 -1
363 365 1
363 366 -1
363 367 -4
363 368 4
364 365 4
364 366 2
364 367 -2
364 368 -4
369 373 -2
369 374 -1
369 375 1
369 376 4
370 373 2
370 374 -2
370 375 2
370 376 1
371 373 -2
371 374 -1
371 375 -4
371 376 -4
372 373 -2
372 374 2
372 375 -4
372 376 -2
377 381 -2
377 382 2
377 383 -1
377 384 -1
378 381 1
378 382 -2
378 383 -2
378 384 1
379 381 -4
379 382 -2
379 383 -4
379 384 1
380 381 -2
380 382 2
380 383 -1
380 384 -2
385 389 2
385 390 1
385 391 -2
385 392 2
386 389 1
386 390 -2
386 391 4
386 392 -4
387 389 2
387 390 4
387 391 -1
387 392 -2
388 389 -4
388 390 -1
388 391 4
388 392 4
393 397 4
393 398 -1
393 399 -4
393 400 -1
394 397 4
394 398 -4
394 399 -4
394 400 1
395 397 4
395 398 -1
395 399 4
395 400 2
396 397 4
396 398 1
396 399 1
396 400 2
401 405 -1
401 406 -1
401 407 4
401 408 -1
402 405 1
402 406 2
402 407 2
402 408 1
403 405 2
403 406 1
403 407 -4
403 408 2
404 405 2
404 406 -2
404 407 2
404 408 -4
409 413 1
409 414 4
409 415 -1
409 416 2
410 413 2
410 414 1
410 415 -1
410 416 -2
411 413 2
411 414 2
411 415 2
411 416 -2
412 413 -2
412 414 4
412 415 -4
412 416 4
417 421 -1
417 422 4
417 423 4
417 424 -2
418 421 -2
418 422 -2
418 423 -1
418 424 2
419 421 -1
419 422 1
419 423 1
419 424 4
420 421 1
420 422 2
420 423 -2
420 424 4
425 429 -2
425 430 -1
425 431 1
425 432 -2
426 429 4
426 430 -1
426 431 -4
426 432 -4
427 429 1
427 430 -1
427 431 -4
427 432 -2
428 429 1
428 430 4
428 431 4
428 432 -1
433 437 -1
433 438 1
433 439 1
433 440 2
434 437 -2
434 438 -2
434 439 1
434 440 -2
435 437 2
435 438 1
435 439 -2
435 440 -1
436 437 2
436 438 4
436 439 -4
436 440 1
441 445 2
441 446 -4
441 447 -2
441 448 4
442 445 2
442 446 -1
442 447 2
442 448 -4
443 445 4
443 446 1
443 447 -2
443 448 -4
444 445 -1
444 446 2
444 447 1
444 448 -4
449 453 -2
449 454 -2
449 455 1
449 456 2
450 453 1
450 454 2
450 455 -1
450 456 -4
451 453 -1
451 454 -2
451 455 -1
451 456 4
452 453 4
452 454 4
452 455 -2
452 456 -1
457 461 4
457 462 2
457 463 1
457 464 4
458 461 -1
458 462 -2
458 463 4
458 464 2
459 461 -4
459 462 -1
459 463 -2
459 464 2
460 461 1
460 462 4
460 463 4
460 464 1
465 469 1
465 470 1
465 471 4
465 472 4
466 469 4
466 470 4
466 471 4
466 472 2
467 469 -1
467 470 1
467 471 -4
467 472 -4
468 469 -1
468 470 -1
468 471 -1
468 472 -2
473 477 -4
473 478 -4
473 479 2
473 480 -1
474 477 4
474 478 2
474 479 -4
474 480 4
475 477 4
475 478 -2
475 479 4
475 480 1
476 477 2
476 478 -4
476 479 -1
476 480 1
481 485 -1
481 486 2
481 487 2
481 488 4
482 485 2
482 486 1
482 487 -2
482 488 4
483 485 1
483 486 -4
483 487 4
483 488 4
484 485 1
484 486 -2
484 487 1
484 488 -2
489 493 4
489 494 -1
489 495 4
489 496 -1
490 493 -2
490 494 -4
490 495 -4
490 496 -1
491 493 2
491 494 4
491 495 4
491 496 4
492 493 1
492 494 2
492 495 4
492 496 1
497 501 4
497 502 2
497 503 2
497 504 1
498 501 -4
498 502 -2
498 503 4
498 504 -1
499 501 4
499 502 2
499 503 -2
499 504 1
500 501 -2
500 502 -2
500 503 -4
500 504 -4
505 509 1
505 510 1
505 511 4
505 512 2
506 509 -4
506 510 -4
506 511 -2
506 512 -4
507 509 -1
507 510 4
507 511 -1
507 512 -2
508 509 1
508 510 1
508 511 -1
508 512 2
5 13 -4
6 14 1
7 15 -2
8 16 2
13 21 -1
14 22 1
15 23 -2
16 24 4
21 29 4
22 30 4
23 31 -2
24 32 2
29 37 2
30 38 -1
31 39 -2
32 40 -1
37 45 2
38 46 1
39 47 2
40 48 -1
45 53 -2
46 54 -4
47 55 4
48 56 -2
53 61 -2
54 62 -4
55 63 1
56 64 -4
69 77 -2
70 78 -1
71 79 -2
72 80 -4
77 85 -2
78 86 -1
79 87 -1
80 88 -4
85 93 4
86 94 4
87 95 -4
88 96 -4
93 101 1
94 102 -2
95 103 1
96 104 -4
101 109 2
102 110 -1
103 111 -1
104 112 4
109 117 -2
110 118 4
111 119 -2
112 120 2
117 125 -1
118 126 2
119 127 -4
120 128 -2
133 141 2
134 142 4
135 143 -2
136 144 -2
141 149 -1
142 150 -1
143 151 -2
144 152 -1
149 157 -1
150 158 2
151 159 4
152 160 1
157 165 4
158 166 -4
159 167 -4
160 168 -2
165 173 1
166 174 -2
167 175 4
168 176 -2
173 181 4
174 182 1
175 183 -2
176 184 -2
181 189 2
182 190 -2
183 191 -4
184 192 -2
197 205 2
198 206 2
199 207 -4
200 208 -4
205 213 2
206 214 4
207 215 2
208 216 -4
213 221 4
214 222 -1
215 223 -4
216 224 -4
221 229 -2
222 230 2
223 231 -1
224 232 -4
229 237 -1
230 238 4
231 239 1
232 240 -4
237 245 4
238 246 -2
239 247 1
240 248 -4
245 253 -2
246 254 1
247 255 -4
248 256 -4
261 269 -1
262 270 2
263 271 4
264 272 -2
269 277 4
270 278 -2
271 279 -4
272 280 -4
277 285 -2
278 286 -4
279 287 1
280 288 -4
285 293 2
286 294 -1
287 295 1
288 296 2
293 301 2
294 302 2
295 303 -2
296 304 -4
301 309 -1
302 310 -1
303 311 -2
304 312 -1
309 317 -4
310 318 2
311 319 -4
312 320 2
325 333 -4
326 334 -2
327 335 -2
328 336 1
333 341 -2
334 342 4
335 343 2
336 344 -4
341 349 -1
342 350 -1
343 351 4
344 352 -4
349 357 -1
350 358 2
351 359 -2
352 360 4
357 365 -2
358 366 2
359 367 -4
360 368 -2
365 373 -1
366 374 -4
367 375 4
368 376 -2
373 381 2
374 382 -2
375 383 4
376 384 1
389 397 2
390 398 1
391 399 -1
392 400 4
397 405 4
398 406 -1
399 407 1
400 408 -2
405 413 -1
406 414 -1
407 415 2
408 416 -4
413 421 1
414 422 4
415 423 -1
416 424 -4
421 429 1
422 430 -2
423 431 -4
424 432 1
429 437 -1
430 438 -2
431 439 4
432 440 1
437 445 -1
438 446 1
439 447 4
440 448 2
453 461 -2
454 462 1
455 463 4
456 464 -1
461 469 -1
462 470 2
463 471 -2
464 472 1
469 477 1
470 478 2
471 479 -4
472 480 -2
477 485 -4
478 486 -4
479 487 -4
480 488 1
485 493 4
486 494 1
487 495 1
488 496 -4
493 501 -1
494 502 1
495 503 4
496 504 1
501 509 -2
502 510 2
503 511 2
504 512 4
1 65 -4
2 66 2
3 67 -4
4 68 4
65 129 4
66 130 1
67 131 4
68 132 -1
129 193 2
130 194 -2
131 195 1
132 196 2
193 257 -4
194 258 2
195 259 4
196 260 4
257 321 2
258 322 1
259 323 -1
260 324 1
321 385 -2
322 386 -1
323 387 -2
324 388 4
385 449 -2
386 450 4
387 451 -2
388 452 2
9 73 2
10 74 -4
11 75 -2
12 76 -2
73 137 -4
74 138 -1
75 139 1
76 140 1
137 201 4
138 202 -1
139 203 -2
140 204 1
201 265 -1
202 266 2
203 267 2
204 268 2
265 329 1
266 330 1
267 331 4
268 332 2
329 393 2
330 394 4
331 395 -2
332 396 -4
393 457 -4
394 458 -1
395 459 1
396 460 1
17 81 2
18 82 -2
19 83 -1
20 84 -4
81 145 -4
82 146 -1
83 147 2
84 148 4
145 209 -2
146 210 -4
147 211 4
148 212 4
209 273 -4
210 274 -4
211 275 -4
212 276 1
273 337 -4
274 338 2
275 339 4
276 340 4
337 401 1
338 402 4
339 403 4
340 404 1
401 465 4
402 466 1
403 467 4
404 468 1
25 89 4
26 90 4
27 91 4
28 92 -2
89 153 1
90 154 -1
91 155 -2
92 156 -2
153 217 -1
154 218 1
155 219 4
156 220 2
217 281 -1
218 282 4
219 283 -2
220 284 2
281 345 -4
282 346 2
283 347 -1
284 348 -1
345 409 1
346 410 -4
347 411 -4
348 412 -1
409 473 4
410 474 -4
411 475 -4
412 476 4
33 97 -2
34 98 -2
35 99 2
36 100 4
97 161 2
98 162 4
99 163 2
100 164 4
161 225 4
162 226 2
163 227 2
164 228 4
225 289 2
226 290 1
227 291 -1
228 292 -2
289 353 2
290 354 4
291 355 4
292 356 2
353 417 4
354 418 2
355 419 -4
356 420 4
417 481 2
418 482 -4
419 483 -2
420 484 2
41 105 -2
42 106 2
43 107 4
44 108 2
105 169 -4
106 170 1
107 171 -4
108 172 2
169 233 1
170 234 -4
171 235 -1
172 236 2
233 297 1
234 298 4
235 299 2
236 300 1
297 361 -4
298 362 -2
299 363 -1
300 364 4
361 425 2
362 426 -2
363 427 4
364 428 4
425 489 1
426 490 2
427 491 -1
428 492 4
49 113 4
50 114 1
51 115 -1
52 116 1
113 177 -1
114 178 1
115 179 -4
116 180 -2
177 241 1
178 242 1
179 243 -4
180 244 -2
241 305 1
242 306 4
243 307 -1
244 308 1
305 369 -4
306 370 2
307 371 1
308 372 4
369 433 -2
370 434 4
371 435 -1
372 436 -4
433 497 -2
434 498 -1
435 499 -1
436 500 2
57 121 -4
58 122 2
59 123 -4
60 124 -2
121 185 2
122 186 2
123 187 -1
124 188 -2
185 249 -1
186 250 -4
187 251 1
188 252 -1
249 313 -1
250 314 4
251 315 4
252 316 -4
313 377 4
314 378 4
315 379 4
316 380 1
377 441 4
378 442 -1
379 443 1
380 444 4
441 505 -2
442 506 -2
443 507 1
444 508 4
