#
1 5 -4
1 6 4
1 7 -2
1 8 2
2 5 2
2 6 -1
2 7 2
2 8 4
3 5 2
3 6 1
3 7 -4
3 8 -1
4 5 -2
4 6 -2
4 7 4
4 8 -2
9 13 -1
9 14 -4
9 15 4
9 16 1
10 13 -1
10 14 -4
10 15 4
10 16 1
11 13 -4
11 14 -1
11 15 2
11 16 -4
12 13 1
12 14 4
12 15 -1
12 16 2
17 21 1
17 22 2
17 23 2
17 24 4
18 21 -4
18 22 -1
18 23 -1
18 24 2
19 21 -4
19 22 1
19 23 4
19 24 2
20 21 4
20 22 4
20 23 -2
20 24 2
25 29 -4
25 30 -2
25 31 -1
25 32 -1
26 29 2
26 30 -4
26 31 -4
26 32 -2
27 29 1
27 30 -2
27 31 -2
27 32 4
28 29 -1
28 30 -1
28 31 4
28 32 -1
33 37 2
33 38 4
33 39 2
33 40 -1
34 37 -2
34 38 -1
34 39 -4
34 40 1
35 37 -1
35 38 -4
35 39 -2
35 40 -1
36 37 -2
36 38 2
36 39 4
36 40 -2
41 45 -1
41 46 -2
41 47 2
41 48 -2
42 45 4
42 46 2
42 47 1
42 48 -4
43 45 -1
43 46 2
43 47 1
43 48 2
44 45 4
44 46 -2
44 47 -1
44 48 4
49 53 4
49 54 4
49 55 1
49 56 -4
50 53 -4
50 54 4
50 55 -1
50 56 -1
51 53 -4
51 54 2
51 55 -2
51 56 -4
52 53 1
52 54 -1
52 55 -2
52 56 1
57 61 4
57 62 -2
57 63 1
57 64 -4
58 61 -2
58 62 -1
58 63 2
58 64 -1
59 61 -2
59 62 4
59 63 -4
59 64 2
60 61 1
60 62 -1
60 63 1
60 64 -1
65 69 4
65 70 4
65 71 -2
65 72 1
66 69 -1
66 70 2
66 71 1
66 72 -4
67 69 -4
67 70 1
67 71 4
67 72 4
68 69 -1
68 70 2
68 71 4
68 72 -1
73 77 1
73 78 -1
73 79 -1
73 80 4
74 77 4
74 78 -1
74 79 -1
74 80 -4
75 77 4
75 78 2
75 79 4
75 80 2
76 77 -1
76 78 4
76 79 -4
76 80 -4
81 85 4
81 86 2
81 87 2
81 88 -1
82 85 -1
82 86 -2
82 87 -1
82 88 -4
83 85 -2
83 86 -4
83 87 1
83 88 4
84 85 -1
84 86 -2
84 87 -2
84 88 4
89 93 -1
89 94 4
89 95 1
89 96 -2
90 93 -1
90 94 2
90 95 -4
90 96 1
91 93 4
91 94 4
91 95 4
91 96 -1
92 93 2
92 94 4
92 95 -2
92 96 -2
97 101 -4
97 102 -1
97 103 -4
97 104 -2
98 101 2
98 102 2
98 103 -2
98 104 -4
99 101 -1
99 102 2
99 103 -2
99 104 2
100 101 -1
100 102 4
100 103 -4
100 104 4
105 109 2
105 110 -1
105 111 -2
105 112 -2
106 109 -1
106 110 4
106 111 -4
106 112 -4
107 109 4
107 110 -1
107 111 4
107 112 1
108 109 2
108 110 -4
108 111 -1
108 112 -1
113 117 -4
113 118 2
113 119 -1
113 120 -2
114 117 -1
114 118 4
114 119 -1
114 120 -2
115 117 2
115 118 -4
115 119 1
115 120 -4
116 117 4
116 118 -2
116 119 -2
116 120 1
121 125 -4
121 126 2
121 127 -4
121 128 2
122 125 -4
122 126 4
122 127 4
122 128 -1
123 125 2
123 126 -1
123 127 -2
123 128 -1
124 125 -1
124 126 -2
124 127 1
124 128 -2
129 133 -1
129 134 1
129 135 -1
129 136 2
130 133 -2
130 134 -2
130 135 4
130 136 -1
131 133 1
131 134 -1
131 135 1
131 136 -4
132 133 1
132 134 -4
132 135 -4
132 136 4
137 141 1
137 142 -1
137 143 2
137 144 -2
138 141 -4
138 142 -1
138 143 1
138 144 1
139 141 1
139 142 2
139 143 -4
139 144 -4
140 141 2
140 142 1
140 143 -2
140 144 2
145 149 -4
145 150 -1
145 151 -1
145 152 -1
146 149 1
146 150 -4
146 151 4
146 152 1
147 149 4
147 150 -1
147 151 -1
147 152 -4
148 149 -4
148 150 -1
148 151 -2
148 152 4
153 157 1
153 158 -1
153 159 2
153 160 2
154 157 2
154 158 1
154 159 2
154 160 -1
155 157 1
155 158 4
155 159 4
155 160 -2
156 157 -2
156 158 2
156 159 -1
156 160 2
161 165 1
161 166 1
161 167 -2
161 168 4
162 165 -2
162 166 -1
162 167 1
162 168 1
163 165 -4
163 166 -4
163 167 -1
163 168 -4
164 165 4
164 166 1
164 167 1
164 168 2
169 173 -1
169 174 1
169 175 -2
169 176 -4
170 173 4
170 174 -1
170 175 -4
170 176 4
171 173 -4
171 174 -1
171 175 -4
171 176 4
172 173 4
172 174 2
172 175 -1
172 176 4
177 181 1
177 182 2
177 183 1
177 184 -4
178 181 -1
178 182 -2
178 183 -4
178 184 4
179 181 -1
179 182 1
179 183 -2
179 184 4
180 181 2
180 182 -2
180 183 4
180 184 4
185 189 -4
185 190 4
185 191 -4
185 192 -2
186 189 4
186 190 -1
186 191 -1
186 192 1
187 189 4
187 190 1
187 191 4
187 192 -1
188 189 1
188 190 1
188 191 -4
188 192 -1
193 197 4
193 198 1
193 199 -4
193 200 -1
194 197 -2
194 198 4
194 199 -2
194 200 -4
195 197 2
195 198 4
195 199 1
195 200 -1
196 197 -4
196 198 -1
196 199 -2
196 200 1
201 205 -2
201 206 4
201 207 -1
201 208 2
202 205 -2
202 206 4
202 207 1
202 208 2
203 205 4
203 206 -4
203 207 2
203 208 1
204 205 1
204 206 -2
204 207 -4
204 208 -4
209 213 2
209 214 1
209 215 -2
209 216 -1
210 213 1
210 214 -2
210 215 -2
210 216 -2
211 213 4
211 214 -2
211 215 -4
211 216 2
212 213 -4
212 214 -1
212 215 1
212 216 -2
217 221 -1
217 222 4
217 223 -1
217 224 1
218 221 -2
218 222 1
218 223 -4
218 224 2
219 221 -1
219 222 1
219 223 -1
219 224 -2
220 221 -4
220 222 -1
220 223 1
220 224 1
225 229 -2
225 230 4
225 231 -4
225 232 2
226 229 -2
226 230 -4
226 231 -1
226 232 2
227 229 -4
227 230 -2
227 231 4
227 232 1
228 229 1
228 230 -4
228 231 4
228 232 1
233 237 -4
233 238 4
233 239 -1
233 240 4
234 237 -2
234 238 -2
234 239 -4
234 240 1
235 237 -4
235 238 1
235 239 4
235 240 1
236 237 1
236 238 -2
236 239 2
236 240 4
241 245 1
241 246 -2
241 247 1
241 248 4
242 245 -4
242 246 -1
242 247 4
242 248 4
243 245 -1
243 246 -2
243 247 2
243 248 -1
244 245 -4
244 246 4
244 247 2
244 248 4
249 253 -2
249 254 2
249 255 -4
249 256 -4
250 253 1
250 254 2
250 255 2
250 256 2
251 253 2
251 254 -1
251 255 -1
251 256 1
252 253 1
252 254 1
252 255 -1
252 256 -1
257 261 -2
257 262 4
257 263 -1
257 264 2
258 261 4
258 262 -4
258 263 4
258 264 -4
259 261 1
259 262 -2
259 263 -2
259 264 -2
260 261 -1
260 262 1
260 263 2
260 264 -2
265 269 2
265 270 2
265 271 -1
265 272 -2
266 269 4
266 270 1
266 271 -4
266 272 4
267 269 -1
267 270 2
267 271 -4
267 272 -2
268 269 1
268 270 4
268 271 -1
268 272 4
273 277 4
273 278 -2
273 279 -2
273 280 4
274 277 -2
274 278 -2
274 279 -1
274 280 4
275 277 1
275 278 4
275 279 2
275 280 -2
276 277 4
276 278 4
276 279 1
276 280 -2
281 285 1
281 286 2
281 287 -2
281 288 -2
282 285 2
282 286 1
282 287 -2
282 288 -2
283 285 4
283 286 -2
283 287 -1
283 288 -2
284 285 1
284 286 -1
284 287 2
284 288 -1
289 293 -1
289 294 -4
289 295 -2
289 296 -4
290 293 2
290 294 -4
290 295 2
290 296 -2
291 293 2
291 294 -4
291 295 -4
291 296 -1
292 293 2
292 294 1
292 295 -1
292 296 2
297 301 2
297 302 -1
297 303 -4
297 304 1
298 301 2
298 302 2
298 303 2
298 304 -1
299 301 -2
299 302 -2
299 303 2
299 304 1
300 301 1
300 302 4
300 303 1
300 304 1
305 309 4
305 310 -1
305 311 1
305 312 2
306 309 4
306 310 1
306 311 -2
306 312 1
307 309 1
307 310 -2
307 311 -2
307 312 -2
308 309 4
308 310 4
308 311 -1
308 312 4
313 317 -4
313 318 4
313 319 4
313 320 1
314 317 1
314 318 1
314 319 -4
314 320 -4
315 317 2
315 318 -4
315 319 -2
315 320 -4
316 317 -4
316 318 -2
316 319 2
316 320 -2
321 325 4
321 326 2
321 327 -1
321 328 -1
322 325 2
322 326 4
322 327 -4
322 328 4
323 325 -2
323 326 4
323 327 1
323 328 2
324 325 2
324 326 -2
324 327 -4
324 328 4
329 333 2
329 334 1
329 335 1
329 336 -2
330 333 -2
330 334 2
330 335 -4
330 336 -1
331 333 4
331 334 -2
331 335 2
331 336 2
332 333 1
332 334 2
332 335 -4
332 336 4
337 341 4
337 342 2
337 343 4
337 344 2
338 341 -4
338 342 -2
338 343 -2
338 344 -1
339 341 2
339 342 -1
339 343 4
339 344 2
340 341 1
340 342 -1
340 343 -4
340 344 -4
345 349 -4
345 350 -1
345 351 -4
345 352 -4
346 349 4
346 350 4
346 351 2
346 352 1
347 349 -1
347 350 2
347 351 4
347 352 -1
348 349 1
348 350 2
348 351 2
348 352 2
353 357 1
353 358 2
353 359 1
353 360 2
354 357 -1
354 358 4
354 359 2
354 360 1
355 357 -4
355 358 4
355 359 -1
355 360 -4
356 357 -2
356 358 4
356 359 4
356 360 4
361 365 4
361 366 -4
361 367 4
361 368 -2
362 365 4
362 366 -4
362 367 1
362 368 -1
363 365 -1
363 366 4
363 367 1
363 368 1
364 365 -4
364 366 -2
364 367 4
364 368 4
369 373 4
369 374 -2
369 375 -2
369 376 1
370 373 2
370 374 -2
370 375 1
370 376 2
371 373 -2
371 374 -2
371 375 2
371 376 4
372 373 -4
372 374 -4
372 375 2
372 376 -1
377 381 2
377 382 -1
377 383 -4
377 384 -4
378 381 1
378 382 -2
378 383 1
378 384 1
379 381 -1
379 382 -2
379 383 -2
379 384 2
380 381 1
380 382 -1
380 383 -1
380 384 -1
385 389 -2
385 390 4
385 391 2
385 392 1
386 389 -1
386 390 1
386 391 -4
386 392 -2
387 389 1
387 390 2
387 391 -1
387 392 4
388 389 1
388 390 -2
388 391 -1
388 392 -1
393 397 2
393 398 -4
393 399 -4
393 400 -4
394 397 -1
394 398 2
394 399 2
394 400 2
395 397 1
395 398 4
395 399 2
395 400 -1
396 397 2
396 398 2
396 399 -1
396 400 4
401 405 -1
401 406 2
401 407 -1
401 408 -2
402 405 4
402 406 -1
402 407 -4
402 408 4
403 405 -2
403 406 -1
403 407 4
403 408 1
404 405 4
404 406 -4
404 407 1
404 408 4
409 413 2
409 414 1
409 415 -4
409 416 1
410 413 -1
410 414 2
410 415 4
410 416 4
411 413 4
411 414 2
411 415 -2
411 416 -2
412 413 4
412 414 -2
412 415 -2
412 416 4
417 421 -2
417 422 2
417 423 1
417 424 -4
418 421 -2
418 422 2
418 423 -1
418 424 -4
419 421 4
419 422 -2
419 423 -4
419 424 -4
420 421 4
420 422 4
420 423 -1
420 424 1
425 429 1
425 430 1
425 431 -1
425 432 -2
426 429 1
426 430 2
426 431 2
426 432 -4
427 429 1
427 430 -1
427 431 -4
427 432 -2
428 429 -2
428 430 -2
428 431 2
428 432 -2
433 437 -1
433 438 2
433 439 1
433 440 -2
434 437 -4
434 438 2
434 439 -2
434 440 1
435 437 -1
435 438 -1
435 439 2
435 440 2
436 437 2
436 438 4
436 439 2
436 440 4
441 445 1
441 446 -4
441 447 2
441 448 1
442 445 -2
442 446 -4
442 447 -2
442 448 4
443 445 -1
443 446 1
443 447 4
443 448 2
444 445 -4
444 446 -2
444 447 -1
444 448 2
449 453 -2
449 454 1
449 455 1
449 456 -2
450 453 -2
450 454 -2
450 455 -1
450 456 -2
451 453 -1
451 454 -4
451 455 -4
451 456 4
452 453 4
452 454 1
452 455 -1
452 456 1
457 461 -1
457 462 -1
457 463 -4
457 464 2
458 461 -1
458 462 -2
458 463 -1
458 464 -4
459 461 2
459 462 -2
459 463 -1
459 464 1
460 461 1
460 462 4
460 463 2
460 464 -1
465 469 -2
465 470 1
465 471 -1
465 472 2
466 469 2
466 470 2
466 471 4
466 472 2
467 469 2
467 470 -1
467 471 -1
467 472 4
468 469 -2
468 470 -1
468 471 1
468 472 4
473 477 4
473 478 -4
473 479 4
473 480 2
474 477 -2
474 478 2
474 479 -2
474 480 2
475 477 -2
475 478 2
475 479 4
475 480 -2
476 477 -2
476 478 2
476 479 -1
476 480 4
481 485 -2
481 486 -2
481 487 -1
481 488 -4
482 485 4
482 486 -1
482 487 1
482 488 -1
483 485 4
483 486 1
483 487 -1
483 488 -2
484 485 1
484 486 2
484 487 2
484 488 -2
489 493 1
489 494 4
489 495 -4
489 496 2
490 493 -4
490 494 -2
490 495 -4
490 496 4
491 493 2
491 494 2
491 495 -2
491 496 -1
492 493 4
492 494 -1
492 495 2
492 496 -2
497 501 -4
497 502 -1
497 503 -2
497 504 2
498 501 1
498 502 2
498 503 -1
498 504 -4
499 501 2
499 502 -4
499 503 2
499 504 1
500 501 -1
500 502 2
500 503 2
500 504 -2
505 509 -1
505 510 1
505 511 -1
505 512 4
506 509 -1
506 510 2
506 511 2
506 512 4
507 509 -1
507 510 2
507 511 4
507 512 -2
508 509 -2
508 510 1
508 511 1
508 512 -1
5 13 -4
6 14 -4
7 15 1
8 16 -1
13 21 2
14 22 -4
15 23 4
16 24 -4
21 29 4
22 30 1
23 31 -4
24 32 -1
29 37 4
30 38 2
31 39 -4
32 40 1
37 45 -4
38 46 -1
39 47 4
40 48 -4
45 53 4
46 54 -4
47 55 -2
48 56 -4
53 61 1
54 62 -4
55 63 -4
56 64 4
69 77 -2
70 78 2
71 79 -2
72 80 -1
77 85 2
78 86 -4
79 87 -2
80 88 4
85 93 -4
86 94 4
87 95 -2
88 96 -2
93 101 4
94 102 -1
95 103 -4
96 104 1
101 109 -2
102 110 -4
103 111 -2
104 112 -1
109 117 -4
110 118 4
111 119 -2
112 120 -2
117 125 -1
118 126 -2
119 127 -2
120 128 1
133 141 1
134 142 -2
135 143 4
136 144 2
141 149 1
142 150 -2
143 151 -2
144 152 -1
149 157 2
150 158 -2
151 159 4
152 160 2
157 165 -1
158 166 4
159 167 -4
160 168 1
165 173 -4
166 174 4
167 175 1
168 176 2
173 181 4
174 182 -4
175 183 2
176 184 2
181 189 4
182 190 4
183 191 2
184 192 -2
197 205 4
198 206 -2
199 207 -1
200 208 -2
205 213 2
206 214 1
207 215 2
208 216 -2
213 221 1
214 222 -2
215 223 2
216 224 -4
221 229 1
222 230 2
223 231 -1
224 232 2
229 237 4
230 238 4
231 239 1
232 240 4
237 245 4
238 246 2
239 247 4
240 248 -1
245 253 1
246 254 -4
247 255 4
248 256 -1
261 269 -1
262 270 -4
263 271 -4
264 272 -4
269 277 2
270 278 4
271 279 1
272 280 -1
277 285 -1
278 286 1
279 287 -1
280 288 2
285 293 -1
286 294 -1
287 295 2
288 296 -4
293 301 -2
294 302 -1
295 303 2
296 304 2
301 309 -4
302 310 -2
303 311 -2
304 312 4
309 317 4
310 318 1
311 319 -2
312 320 -1
325 333 4
326 334 -1
327 335 1
328 336 2
333 341 -4
334 342 -4
335 343 -1
336 344 2
341 349 1
342 350 -1
343 351 -2
344 352 -1
349 357 4
350 358 -4
351 359 -2
352 360 -4
357 365 1
358 366 2
359 367 -1
360 368 1
365 373 2
366 374 -2
367 375 -4
368 376 1
373 381 -4
374 382 4
375 383 2
376 384 1
389 397 -2
390 398 -4
391 399 1
392 400 -1
397 405 -2
398 406 1
399 407 -1
400 408 2
405 413 -2
406 414 4
407 415 -4
408 416 1
413 421 -4
414 422 1
415 423 1
416 424 -4
421 429 -1
422 430 1
423 431 4
424 432 1
429 437 4
430 438 -4
431 439 4
432 440 -2
437 445 4
438 446 1
439 447 -4
440 448 -2
453 461 1
454 462 -1
455 463 -2
456 464 -1
461 469 1
462 470 -2
463 471 -1
464 472 -4
469 477 4
470 478 2
471 479 -4
472 480 -1
477 485 2
478 486 -4
479 487 2
480 488 -4
485 493 1
486 494 4
487 495 -4
488 496 1
493 501 -1
494 502 -4
495 503 -2
496 504 -2
501 509 -1
502 510 1
503 511 2
504 512 4
1 65 -2
2 66 -2
3 67 2
4 68 4
65 129 2
66 130 -2
67 131 1
68 132 -4
129 193 2
130 194 -2
131 195 4
132 196 4
193 257 1
194 258 1
195 259 4
196 260 1
257 321 -2
258 322 -2
259 323 2
260 324 -1
321 385 2
322 386 -2
323 387 -1
324 388 -2
385 449 -4
386 450 -4
387 451 4
388 452 -2
9 73 4
10 74 2
11 75 -2
12 76 4
73 137 2
74 138 4
75 139 4
76 140 -4
137 201 2
138 202 -2
139 203 -1
140 204 1
201 265 -4
202 266 -2
203 267 -4
204 268 1
265 329 -1
266 330 -2
267 331 -2
268 332 2
329 393 -1
330 394 1
331 395 -4
332 396 -1
393 457 2
394 458 -1
395 459 4
396 460 4
17 81 2
18 82 2
19 83 4
20 84 2
81 145 2
82 146 1
83 147 1
84 148 -4
145 209 -4
146 210 1
147 211 -4
148 212 2
209 273 4
210 274 2
211 275 -2
212 276 -1
273 337 2
274 338 1
275 339 4
276 340 2
337 401 1
338 402 4
339 403 2
340 404 -1
401 465 -4
402 466 2
403 467 2
404 468 2
25 89 2
26 90 -2
27 91 -4
28 92 -1
89 153 2
90 154 -2
91 155 1
92 156 4
153 217 -1
154 218 2
155 219 4
156 220 2
217 281 -4
218 282 -1
219 283 2
220 284 -2
281 345 1
282 346 -1
283 347 -2
284 348 2
345 409 -2
346 410 -4
347 411 -1
348 412 -1
409 473 -4
410 474 1
411 475 2
412 476 2
33 97 2
34 98 -1
35 99 4
36 100 2
97 161 4
98 162 -1
99 163 1
100 164 2
161 225 2
162 226 4
163 227 -2
164 228 -1
225 289 -2
226 290 2
227 291 -4
228 292 2
289 353 -1
290 354 -4
291 355 -2
292 356 2
353 417 1
354 418 -1
355 419 1
356 420 2
417 481 -1
418 482 -1
419 483 2
420 484 -2
41 105 -2
42 106 -4
43 107 1
44 108 -2
105 169 2
106 170 2
107 171 1
108 172 -1
169 233 -2
170 234 -4
171 235 2
172 236 -4
233 297 4
234 298 4
235 299 2
236 300 4
297 361 1
298 362 4
299 363 2
300 364 2
361 425 1
362 426 1
363 427 1
364 428 2
425 489 4
426 490 4
427 491 4
428 492 4
49 113 4
50 114 -1
51 115 -2
52 116 -1
113 177 2
114 178 -1
115 179 -2
116 180 -1
177 241 -4
178 242 1
179 243 1
180 244 2
241 305 2
242 306 4
243 307 -4
244 308 -4
305 369 1
306 370 4
307 371 2
308 372 1
369 433 4
370 434 -2
371 435 1
372 436 -2
433 497 -4
434 498 1
435 499 4
436 500 2
57 121 -4
58 122 -2
59 123 -4
60 124 2
121 185 2
122 186 1
123 187 -1
124 188 1
185 249 -2
186 250 -2
187 251 4
188 252 -1
249 313 -2
250 314 4
251 315 -1
252 316 -1
313 377 2
314 378 -2
315 379 1
316 380 -4
377 441 4
378 442 -4
379 443 -1
380 444 4
441 505 -1
442 506 1
443 507 -1
444 508 -4
