#
1 5 2
1 6 4
1 7 -4
1 8 4
2 5 -1
2 6 -4
2 7 4
2 8 1
3 5 -4
3 6 4
3 7 4
3 8 -4
4 5 -4
4 6 1
4 7 1
4 8 -1
9 13 1
9 14 -4
9 15 1
9 16 2
10 13 2
10 14 -1
10 15 2
10 16 -1
11 13 -2
11 14 4
11 15 4
11 16 4
12 13 1
12 14 -4
12 15 -1
12 16 2
17 21 4
17 22 -4
17 23 2
17 24 1
18 21 -4
18 22 4
18 23 -2
18 24 4
19 21 -1
19 22 -1
19 23 -4
19 24 -4
20 21 -1
20 22 1
20 23 -1
20 24 -4
25 29 -4
25 30 -4
25 31 -1
25 32 2
26 29 -1
26 30 2
26 31 1
26 32 -2
27 29 4
27 30 4
27 31 -1
27 32 2
28 29 2
28 30 -2
28 31 -2
28 32 -4
33 37 4
33 38 -2
33 39 -2
33 40 -1
34 37 -2
34 38 1
34 39 -4
34 40 1
35 37 4
35 38 4
35 39 -1
35 40 -4
36 37 -4
36 38 -2
36 39 1
36 40 -1
41 45 2
41 46 2
41 47 -4
41 48 -4
42 45 1
42 46 -1
42 47 2
42 48 -2
43 45 -4
43 46 -2
43 47 2
43 48 2
44 45 4
44 46 2
44 47 -1
44 48 -4
49 53 -2
49 54 -1
49 55 -2
49 56 1
50 53 -1
50 54 1
50 55 -2
50 56 -1
51 53 -1
51 54 -1
51 55 -1
51 56 -4
52 53 -2
52 54 -4
52 55 -4
52 56 1
57 61 4
57 62 4
57 63 4
57 64 -1
58 61 -4
58 62 4
58 63 2
58 64 -1
59 61 2
59 62 4
59 63 -2
59 64 1
60 61 2
60 62 2
60 63 1
60 64 -2
65 69 -4
65 70 2
65 71 -2
65 72 2
66 69 1
66 70 4
66 71 2
66 72 4
67 69 -1
67 70 -4
67 71 4
67 72 -2
68 69 -2
68 70 4
68 71 -4
68 72 4
73 77 1
73 78 -4
73 79 1
73 80 4
74 77 2
74 78 1
74 79 1
74 80 -1
75 77 1
75 78 -2
75 79 4
75 80 -4
76 77 -1
76 78 2
76 79 -4
76 80 -4
81 85 -4
81 86 1
81 87 4
81 88 1
82 85 4
82 86 -4
82 87 -4
82 88 -2
83 85 1
83 86 -2
83 87 -4
83 88 4
84 85 4
84 86 -2
84 87 -2
84 88 1
89 93 -2
89 94 4
89 95 -2
89 96 2
90 93 -1
90 94 4
90 95 1
90 96 2
91 93 4
91 94 4
91 95 -1
91 96 -1
92 93 -2
92 94 1
92 95 -1
92 96 4
97 101 1
97 102 -2
97 103 2
97 104 -1
98 101 -2
98 102 -1
98 103 -1
98 104 -4
99 101 -1
99 102 1
99 103 -4
99 104 -2
100 101 1
100 102 -4
100 103 -4
100 104 1
105 109 2
105 110 1
105 111 -4
105 112 1
106 109 1
106 110 -2
106 111 -2
106 112 4
107 109 -1
107 110 -4
107 111 1
107 112 2
108 109 -2
108 110 -2
108 111 1
108 112 4
113 117 -4
113 118 1
113 119 -4
113 120 4
114 117 -1
114 118 4
114 119 -2
114 120 2
115 117 2
115 118 1
115 119 1
115 120 -2
116 117 4
116 118 -1
116 119 2
116 120 2
121 125 -4
121 126 1
121 127 -2
121 128 -4
122 125 4
122 126 -1
122 127 1
122 128 -2
123 125 -2
123 126 -4
123 127 4
123 128 -1
124 125 2
124 126 -4
124 127 -2
124 128 -1
129 133 -1
129 134 -4
129 135 1
129 136 1
130 133 -2
130 134 -4
130 135 -2
130 136 -4
131 133 -4
131 134 -2
131 135 2
131 136 1
132 133 -4
132 134 -4
132 135 2
132 136 -4
137 141 2
137 142 -2
137 143 4
137 144 2
138 141 2
138 142 -1
138 143 -1
138 144 1
139 141 -4
139 142 -4
139 143 -2
139 144 -1
140 141 -1
140 142 1
140 143 -4
140 144 -2
145 149 2
145 150 4
145 151 1
145 152 -1
146 149 2
146 150 2
146 151 -1
146 152 2
147 149 2
147 150 -4
147 151 -1
147 152 1
148 149 -2
148 150 -1
148 151 -1
148 152 2
153 157 4
153 158 1
153 159 -2
153 160 -1
154 157 -1
154 158 -4
154 159 4
154 160 2
155 157 -1
155 158 4
155 159 2
155 160 -4
156 157 4
156 158 1
156 159 1
156 160 2
161 165 1
161 166 -2
161 167 -2
161 168 -4
162 165 -1
162 166 -1
162 167 2
162 168 4
163 165 4
163 166 -4
163 167 4
163 168 -2
164 165 -1
164 166 2
164 167 -2
164 168 -2
169 173 4
169 174 1
169 175 -4
169 176 1
170 173 -4
170 174 -4
170 175 2
170 176 1
171 173 -2
171 174 -4
171 175 -2
171 176 2
172 173 4
172 174 2
172 175 -4
172 176 1
177 181 -2
177 182 -4
177 183 -1
177 184 4
178 181 4
178 182 2
178 183 -2
178 184 1
179 181 -4
179 182 1
179 183 -1
179 184 -1
180 181 -1
180 182 -4
180 183 -1
180 184 -2
185 189 -4
185 190 2
185 191 4
185 192 -2
186 189 1
186 190 4
186 191 -2
186 192 1
187 189 -1
187 190 -4
187 191 2
187 192 4
188 189 2
188 190 -2
188 191 -4
188 192 4
193 197 -4
193 198 2
193 199 -2
193 200 2
194 197 4
194 198 -1
194 199 1
194 200 -1
195 197 -4
195 198 1
195 199 2
195 200 -4
196 197 -4
196 198 -1
196 199 2
196 200 -2
201 205 1
201 206 2
201 207 4
201 208 4
202 205 1
202 206 -4
202 207 4
202 208 -2
203 205 2
203 206 4
203 207 4
203 208 1
204 205 -1
204 206 2
204 207 -4
204 208 -1
209 213 -2
209 214 1
209 215 2
209 216 4
210 213 2
210 214 -2
210 215 4
210 216 2
211 213 1
211 214 2
211 215 -4
211 216 -2
212 213 2
212 214 4
212 215 1
212 216 1
217 221 4
217 222 4
217 223 1
217 224 -2
218 221 4
218 222 1
218 223 -1
218 224 -1
219 221 2
219 222 -4
219 223 1
219 224 -4
220 221 4
220 222 -2
220 223 -4
220 224 -1
225 229 -2
225 230 1
225 231 -4
225 232 -4
226 229 1
226 230 1
226 231 1
226 232 -2
227 229 -1
227 230 -1
227 231 -4
227 232 2
228 229 2
228 230 -2
228 231 -1
228 232 4
233 237 4
233 238 -2
233 239 -2
233 240 -1
234 237 4
234 238 2
234 239 -2
234 240 -4
235 237 -2
235 238 -1
235 239 -1
235 240 2
236 237 -1
236 238 -4
236 239 2
236 240 -2
241 245 2
241 246 -2
241 247 -4
241 248 1
242 245 2
242 246 -1
242 247 -2
242 248 1
243 245 -2
243 246 4
243 247 1
243 248 2
244 245 4
244 246 1
244 247 1
244 248 2
249 253 4
249 254 -4
249 255 4
249 256 2
250 253 -2
250 254 -1
250 255 4
250 256 -2
251 253 1
251 254 -1
251 255 -2
251 256 -4
252 253 -4
252 254 -2
252 255 2
252 256 4
257 261 -4
257 262 2
257 263 4
257 264 -4
258 261 -4
258 262 -4
258 263 -4
258 264 -2
259 261 2
259 262 -4
259 263 1
259 264 1
260 261 -2
260 262 -1
260 263 -4
260 264 -1
265 269 4
265 270 2
265 271 -2
265 272 2
266 269 -4
266 270 1
266 271 1
266 272 -1
267 269 -2
267 270 1
267 271 2
267 272 2
268 269 -4
268 270 4
268 271 4
268 272 4
273 277 -4
273 278 4
273 279 -2
273 280 1
274 277 -1
274 278 2
274 279 4
274 280 4
275 277 -1
275 278 4
275 279 -4
275 280 -4
276 277 4
276 278 -4
276 279 -2
276 280 -2
281 285 4
281 286 4
281 287 -4
281 288 2
282 285 -2
282 286 -2
282 287 -2
282 288 4
283 285 -1
283 286 1
283 287 1
283 288 4
284 285 2
284 286 2
284 287 -1
284 288 2
289 293 -2
289 294 -2
289 295 1
289 296 4
290 293 1
290 294 -4
290 295 4
290 296 -1
291 293 -1
291 294 -1
291 295 -4
291 296 4
292 293 -1
292 294 1
292 295 -2
292 296 2
297 301 -2
297 302 1
297 303 1
297 304 1
298 301 -4
298 302 2
298 303 4
298 304 -1
299 301 2
299 302 -2
299 303 2
299 304 1
300 301 4
300 302 4
300 303 1
300 304 1
305 309 -4
305 310 4
305 311 -2
305 312 1
306 309 4
306 310 -2
306 311 -2
306 312 2
307 309 -4
307 310 2
307 311 1
307 312 -4
308 309 2
308 310 -1
308 311 4
308 312 1
313 317 4
313 318 -1
313 319 2
313 320 4
314 317 1
314 318 -4
314 319 -4
314 320 -4
315 317 -2
315 318 2
315 319 -2
315 320 -2
316 317 4
316 318 -2
316 319 4
316 320 -2
321 325 -4
321 326 4
321 327 -1
321 328 -1
322 325 -2
322 326 2
322 327 4
322 328 2
323 325 1
323 326 -4
323 327 2
323 328 -2
324 325 2
324 326 -1
324 327 -2
324 328 -2
329 333 -2
329 334 -2
329 335 4
329 336 -2
330 333 4
330 334 2
330 335 4
330 336 -2
331 333 -1
331 334 -1
331 335 -1
331 336 -4
332 333 -2
332 334 2
332 335 2
332 336 -4
337 341 4
337 342 -1
337 343 -2
337 344 -4
338 341 4
338 342 -1
338 343 -1
338 344 -2
339 341 -2
339 342 -2
339 343 -2
339 344 -1
340 341 -4
340 342 1
340 343 2
340 344 4
345 349 -2
345 350 -1
345 351 1
345 352 2
346 349 2
346 350 -2
346 351 -2
346 352 -1
347 349 -1
347 350 -2
347 351 -2
347 352 1
348 349 4
348 350 4
348 351 -1
348 352 1
353 357 4
353 358 4
353 359 1
353 360 -2
354 357 -4
354 358 1
354 359 -1
354 360 4
355 357 4
355 358 4
355 359 4
355 360 -1
356 357 -4
356 358 1
356 359 -4
356 360 -2
361 365 -4
361 366 2
361 367 2
361 368 -4
362 365 4
362 366 -4
362 367 1
362 368 4
363 365 2
363 366 1
363 367 2
363 368 1
364 365 -4
364 366 -1
364 367 1
364 368 1
369 373 1
369 374 4
369 375 -4
369 376 -2
370 373 -2
370 374 2
370 375 -4
370 376 -4
371 373 -2
371 374 -1
371 375 -2
371 376 -2
372 373 -1
372 374 -2
372 375 4
372 376 4
377 381 -4
377 382 4
377 383 -4
377 384 -1
378 381 -2
378 382 4
378 383 4
378 384 -1
379 381 4
379 382 -1
379 383 -1
379 384 -2
380 381 4
380 382 4
380 383 -4
380 384 1
385 389 -1
385 390 -1
385 391 4
385 392 -2
386 389 -2
386 390 1
386 391 -4
386 392 -4
387 389 2
387 390 -1
387 391 -4
387 392 4
388 389 -2
388 390 -2
388 391 1
388 392 -4
393 397 4
393 398 -4
393 399 2
393 400 4
394 397 -1
394 398 -4
394 399 -4
394 400 -2
395 397 2
395 398 -2
395 399 2
395 400 2
396 397 2
396 398 -1
396 399 1
396 400 -1
401 405 -1
401 406 1
401 407 4
401 408 -4
402 405 4
402 406 4
402 407 2
402 408 -1
403 405 -4
403 406 2
403 407 2
403 408 -4
404 405 1
404 406 -4
404 407 1
404 408 -1
409 413 1
409 414 1
409 415 -4
409 416 1
410 413 1
410 414 -1
410 415 -2
410 416 1
411 413 1
411 414 1
411 415 -4
411 416 -2
412 413 1
412 414 -4
412 415 -2
412 416 -1
417 421 -2
417 422 4
417 423 -4
417 424 -4
418 421 -1
418 422 4
418 423 1
418 424 2
419 421 -1
419 422 4
419 423 -2
419 424 -4
420 421 -2
420 422 2
420 423 4
420 424 2
425 429 2
425 430 2
425 431 1
425 432 4
426 429 2
426 430 1
426 431 -1
426 432 -4
427 429 -2
427 430 -4
427 431 1
427 432 -2
428 429 2
428 430 4
428 431 2
428 432 4
433 437 1
433 438 2
433 439 1
433 440 -1
434 437 2
434 438 2
434 439 -4
434 440 -4
435 437 2
435 438 1
435 439 1
435 440 -4
436 437 -1
436 438 -2
436 439 1
436 440 4
441 445 -1
441 446 -4
441 447 4
441 448 1
442 445 -4
442 446 -2
442 447 2
442 448 -2
443 445 -4
443 446 -4
443 447 -4
443 448 1
444 445 -1
444 446 -4
444 447 2
444 448 -1
449 453 2
449 454 -2
449 455 -2
449 456 2
450 453 1
450 454 2
450 455 -4
450 456 -4
451 453 -2
451 454 4
451 455 -1
451 456 2
452 453 -1
452 454 1
452 455 -1
452 456 1
457 461 -2
457 462 2
457 463 2
457 464 -2
458 461 4
458 462 2
458 463 -4
458 464 4
459 461 4
459 462 -4
459 463 -2
459 464 -2
460 461 1
460 462 1
460 463 2
460 464 -4
465 469 -1
465 470 -2
465 471 1
465 472 -1
466 469 4
466 470 2
466 471 -1
466 472 4
467 469 2
467 470 1
467 471 -4
467 472 1
468 469 -4
468 470 2
468 471 1
468 472 -4
473 477 -1
473 478 2
473 479 2
473 480 -1
474 477 1
474 478 -4
474 479 2
474 480 2
475 477 1
475 478 2
475 479 -2
475 480 -1
476 477 4
476 478 4
476 479 4
476 480 -2
481 485 1
481 486 -2
481 487 2
481 488 4
482 485 4
482 486 2
482 487 -2
482 488 -1
483 485 -2
483 486 2
483 487 -1
483 488 -2
484 485 -2
484 486 2
484 487 -2
484 488 2
489 493 1
489 494 -1
489 495 2
489 496 2
490 493 -2
490 494 2
490 495 2
490 496 -2
491 493 -2
491 494 2
491 495 -1
491 496 -4
492 493 1
492 494 1
492 495 -2
492 496 2
497 501 2
497 502 1
497 503 -2
497 504 4
498 501 -1
498 502 1
498 503 1
498 504 -2
499 501 2
499 502 -1
499 503 -1
499 504 1
500 501 1
500 502 -4
500 503 -2
500 504 4
505 509 -1
505 510 -1
505 511 -4
505 512 2
506 509 1
506 510 1
506 511 -1
506 512 -2
507 509 -1
507 510 2
507 511 4
507 512 -2
508 509 -2
508 510 4
508 511 -2
508 512 4
5 13 -1
6 14 -4
7 15 -2
8 16 4
13 21 1
14 22 -4
15 23 -2
16 24 -2
21 29 -2
22 30 2
23 31 2
24 32 -2
29 37 2
30 38 -1
31 39 1
32 40 4
37 45 2
38 46 1
39 47 -1
40 48 -1
45 53 -1
46 54 -2
47 55 2
48 56 -2
53 61 -1
54 62 -4
55 63 -1
56 64 1
69 77 -2
70 78 -4
71 79 1
72 80 -4
77 85 4
78 86 -1
79 87 2
80 88 4
85 93 4
86 94 -4
87 95 -2
88 96 -2
93 101 2
94 102 1
95 103 2
96 104 -2
101 109 2
102 110 2
103 111 -2
104 112 4
109 117 -2
110 118 1
111 119 -1
112 120 4
117 125 2
118 126 1
119 127 4
120 128 -4
133 141 -4
134 142 -2
135 143 -1
136 144 -2
141 149 -4
142 150 4
143 151 -2
144 152 -4
149 157 2
150 158 -2
151 159 2
152 160 -4
157 165 4
158 166 4
159 167 -1
160 168 -2
165 173 2
166 174 -4
167 175 2
168 176 2
173 181 -4
174 182 2
175 183 -1
176 184 4
181 189 1
182 190 4
183 191 -2
184 192 1
197 205 1
198 206 -1
199 207 -2
200 208 -2
205 213 1
206 214 4
207 215 4
208 216 -4
213 221 -1
214 222 -4
215 223 -2
216 224 -1
221 229 1
222 230 -4
223 231 4
224 232 4
229 237 4
230 238 -2
231 239 1
232 240 -2
237 245 1
238 246 2
239 247 4
240 248 -1
245 253 1
246 254 1
247 255 4
248 256 -1
261 269 1
262 270 4
263 271 2
264 272 -1
269 277 1
270 278 1
271 279 4
272 280 1
277 285 -1
278 286 -4
279 287 1
280 288 -4
285 293 -2
286 294 -1
287 295 -4
288 296 2
293 301 2
294 302 -2
295 303 -1
296 304 -2
301 309 -1
302 310 -2
303 311 -1
304 312 2
309 317 4
310 318 4
311 319 1
312 320 -4
325 333 1
326 334 2
327 335 -1
328 336 2
333 341 -4
334 342 4
335 343 -2
336 344 2
341 349 -2
342 350 -2
343 351 -2
344 352 2
349 357 4
350 358 -4
351 359 -1
352 360 2
357 365 -1
358 366 1
359 367 4
360 368 4
365 373 -2
366 374 4
367 375 -1
368 376 1
373 381 -2
374 382 1
375 383 -4
376 384 2
389 397 4
390 398 2
391 399 -2
392 400 1
397 405 -4
398 406 1
399 407 1
400 408 2
405 413 -2
406 414 4
407 415 -1
408 416 -4
413 421 4
414 422 -2
415 423 -1
416 424 -4
421 429 -4
422 430 -1
423 431 4
424 432 4
429 437 2
430 438 -2
431 439 2
432 440 4
437 445 1
438 446 4
439 447 2
440 448 4
453 461 -1
454 462 1
455 463 2
456 464 -1
461 469 -2
462 470 -1
463 471 4
464 472 -4
469 477 4
470 478 -4
471 479 -2
472 480 -4
477 485 -2
478 486 1
479 487 -2
480 488 -2
485 493 -4
486 494 4
487 495 1
488 496 -1
493 501 4
494 502 -4
495 503 4
496 504 2
501 509 2
502 510 1
503 511 -4
504 512 -4
1 65 -4
2 66 4
3 67 1
4 68 2
65 129 4
66 130 -2
67 131 -2
68 132 -1
129 193 4
130 194 -1
131 195 -4
132 196 1
193 257 4
194 258 1
195 259 4
196 260 -2
257 321 2
258 322 -4
259 323 1
260 324 -4
321 385 1
322 386 4
323 387 -1
324 388 1
385 449 4
386 450 2
387 451 -4
388 452 -1
9 73 1
10 74 -2
11 75 1
12 76 4
73 137 -1
74 138 -2
75 139 -2
76 140 -4
137 201 -4
138 202 4
139 203 -2
140 204 2
201 265 -1
202 266 -2
203 267 -2
204 268 -2
265 329 -2
266 330 1
267 331 2
268 332 -1
329 393 2
330 394 -4
331 395 -1
332 396 -2
393 457 4
394 458 1
395 459 -1
396 460 4
17 81 4
18 82 1
19 83 2
20 84 1
81 145 -2
82 146 2
83 147 1
84 148 -1
145 209 -2
146 210 2
147 211 1
148 212 -4
209 273 1
210 274 -2
211 275 -1
212 276 -1
273 337 1
274 338 4
275 339 2
276 340 -4
337 401 -4
338 402 1
339 403 4
340 404 -4
401 465 1
402 466 4
403 467 1
404 468 4
25 89 -1
26 90 1
27 91 -2
28 92 -4
89 153 -2
90 154 -2
91 155 -1
92 156 1
153 217 1
154 218 -1
155 219 4
156 220 2
217 281 -2
218 282 -2
219 283 -1
220 284 -2
281 345 1
282 346 4
283 347 -4
284 348 -2
345 409 -4
346 410 2
347 411 -4
348 412 4
409 473 -2
410 474 -4
411 475 -1
412 476 2
33 97 4
34 98 -1
35 99 -2
36 100 -1
97 161 1
98 162 1
99 163 2
100 164 -4
161 225 2
162 226 -4
163 227 1
164 228 -2
225 289 -4
226 290 2
227 291 4
228 292 1
289 353 -2
290 354 -1
291 355 -4
292 356 1
353 417 4
354 418 1
355 419 2
356 420 4
417 481 -1
418 482 -4
419 483 2
420 484 -2
41 105 1
42 106 2
43 107 1
44 108 4
105 169 -2
106 170 -4
107 171 -2
108 172 4
169 233 -4
170 234 1
171 235 -4
172 236 1
233 297 -1
234 298 -4
235 299 2
236 300 -2
297 361 -2
298 362 2
299 363 -2
300 364 -2
361 425 -2
362 426 1
363 427 4
364 428 4
425 489 -2
426 490 -4
427 491 1
428 492 2
49 113 -1
50 114 4
51 115 4
52 116 -1
113 177 -4
114 178 4
115 179 -1
116 180 -2
177 241 4
178 242 1
179 243 2
180 244 2
241 305 -4
242 306 -4
243 307 4
244 308 -1
305 369 4
306 370 4
307 371 -2
308 372 1
369 433 1
370 434 4
371 435 -4
372 436 -2
433 497 -2
434 498 1
435 499 -4
436 500 -2
57 121 -4
58 122 4
59 123 2
60 124 -2
121 185 -2
122 186 1
123 187 -2
124 188 -2
185 249 2
186 250 1
187 251 -2
188 252 -1
249 313 -2
250 314 1
251 315 -4
252 316 1
313 377 2
314 378 -4
315 379 2
316 380 1
377 441 -1
378 442 -4
379 443 4
380 444 -4
441 505 2
442 506 2
443 507 -2
444 508 2
