#
1 5 -4
1 6 4
1 7 -4
1 8 4
2 5 4
2 6 1
2 7 4
2 8 4
3 5 4
3 6 4
3 7 -4
3 8 -1
4 5 2
4 6 4
4 7 1
4 8 2
9 13 4
9 14 4
9 15 4
9 16 1
10 13 -1
10 14 -4
10 15 -4
10 16 -2
11 13 2
11 14 -1
11 15 2
11 16 -4
12 13 4
12 14 -2
12 15 4
12 16 2
17 21 2
17 22 -1
17 23 4
17 24 -2
18 21 -4
18 22 1
18 23 -4
18 24 4
19 21 1
19 22 2
19 23 1
19 24 1
20 21 4
20 22 -2
20 23 1
20 24 4
25 29 -4
25 30 -1
25 31 4
25 32 2
26 29 4
26 30 4
26 31 2
26 32 4
27 29 2
27 30 1
27 31 2
27 32 4
28 29 -2
28 30 -2
28 31 -4
28 32 -4
33 37 -2
33 38 -2
33 39 -1
33 40 -2
34 37 -2
34 38 4
34 39 4
34 40 -4
35 37 1
35 38 -4
35 39 2
35 40 4
36 37 -2
36 38 -1
36 39 -4
36 40 2
41 45 -1
41 46 1
41 47 -2
41 48 -1
42 45 -4
42 46 -1
42 47 -2
42 48 -4
43 45 4
43 46 -4
43 47 4
43 48 -2
44 45 -1
44 46 -4
44 47 4
44 48 1
49 53 -4
49 54 -2
49 55 -1
49 56 2
50 53 -1
50 54 -2
50 55 -4
50 56 4
51 53 -2
51 54 1
51 55 1
51 56 -2
52 53 -2
52 54 -4
52 55 1
52 56 2
57 61 1
57 62 2
57 63 -2
57 64 -4
58 61 1
58 62 4
58 63 4
58 64 4
59 61 -4
59 62 2
59 63 -1
59 64 4
60 61 -2
60 62 4
60 63 -2
60 64 4
65 69 1
65 70 2
65 71 -1
65 72 2
66 69 2
66 70 -4
66 71 -4
66 72 -2
67 69 2
67 70 1
67 71 -2
67 72 -2
68 69 1
68 70 4
68 71 4
68 72 4
73 77 1
73 78 -4
73 79 -1
73 80 4
74 77 1
74 78 1
74 79 1
74 80 1
75 77 1
75 78 2
75 79 1
75 80 -1
76 77 1
76 78 -2
76 79 -4
76 80 -4
81 85 -1
81 86 1
81 87 4
81 88 4
82 85 -4
82 86 1
82 87 4
82 88 -4
83 85 -1
83 86 4
83 87 4
83 88 1
84 85 -2
84 86 1
84 87 -4
84 88 -4
89 93 -2
89 94 -4
89 95 -1
89 96 -2
90 93 -2
90 94 -2
90 95 4
90 96 -1
91 93 1
91 94 -1
91 95 -4
91 96 -2
92 93 -2
92 94 2
92 95 -1
92 96 1
97 101 -2
97 102 4
97 103 -2
97 104 -1
98 101 -4
98 102 -1
98 103 -1
98 104 -2
99 101 -4
99 102 -2
99 103 2
99 104 -1
100 101 2
100 102 -2
100 103 -2
100 104 -1
105 109 -2
105 110 4
105 111 2
105 112 -2
106 109 4
106 110 2
106 111 -2
106 112 4
107 109 -4
107 110 -4
107 111 2
107 112 -1
108 109 -1
108 110 -4
108 111 2
108 112 1
113 117 -2
113 118 -1
113 119 -2
113 120 -4
114 117 -2
114 118 -4
114 119 -4
114 120 2
115 117 2
115 118 -1
115 119 4
115 120 -2
116 117 -4
116 118 1
116 119 2
116 120 -4
121 125 1
121 126 1
121 127 4
121 128 -1
122 125 1
122 126 1
122 127 -4
122 128 4
123 125 -1
123 126 -1
123 127 -4
123 128 4
124 125 4
124 126 -4
124 127 -4
124 128 -2
129 133 -4
129 134 4
129 135 1
129 136 4
130 133 -1
130 134 -4
130 135 -2
130 136 1
131 133 -4
131 134 1
131 135 -4
131 136 -4
132 133 -1
132 134 4
132 135 -1
132 136 4
137 141 -1
137 142 -2
137 143 4
137 144 4
138 141 -1
138 142 -1
138 143 2
138 144 -1
139 141 -1
139 142 -1
139 143 2
139 144 -1
140 141 4
140 142 1
140 143 -2
140 144 -2
145 149 -1
145 150 -1
145 151 4
145 152 4
146 149 1
146 150 -4
146 151 1
146 152 2
147 149 4
147 150 -4
147 151 -1
147 152 -4
148 149 -2
148 150 4
148 151 2
148 152 -2
153 157 2
153 158 2
153 159 -4
153 160 -2
154 157 2
154 158 1
154 159 2
154 160 1
155 157 4
155 158 -4
155 159 -1
155 160 -4
156 157 1
156 158 4
156 159 1
156 160 -1
161 165 -2
161 166 4
161 167 2
161 168 -1
162 165 4
162 166 -1
162 167 4
162 168 -1
163 165 -4
163 166 4
163 167 -4
163 168 4
164 165 -1
164 166 4
164 167 4
164 168 -4
169 173 -1
169 174 2
169 175 -1
169 176 -2
170 173 1
170 174 -2
170 175 4
170 176 -2
171 173 2
171 174 2
171 175 4
171 176 1
172 173 -2
172 174 1
172 175 4
172 176 1
177 181 -2
177 182 1
177 183 -1
177 184 1
178 181 -2
178 182 -2
178 183 -1
178 184 -2
179 181 -1
179 182 -2
179 183 -2
179 184 2
180 181 -1
180 182 -4
180 183 1
180 184 1
185 189 1
185 190 1
185 191 -2
185 192 -1
186 189 1
186 190 -2
186 191 -1
186 192 -2
187 189 2
187 190 -1
187 191 -1
187 192 2
188 189 2
188 190 4
188 191 -4
188 192 -1
193 197 -2
193 198 4
193 199 -1
193 200 -4
194 197 -1
194 198 -4
194 199 1
194 200 4
195 197 1
195 198 -2
195 199 4
195 200 4
196 197 -1
196 198 -2
196 199 2
196 200 -4
201 205 4
201 206 -1
201 207 1
201 208 -1
202 205 -2
202 206 4
202 207 -2
202 208 -4
203 205 -4
203 206 -2
203 207 -4
203 208 -2
204 205 -4
204 206 2
204 207 -1
204 208 -1
209 213 4
209 214 -2
209 215 -4
209 216 4
210 213 2
210 214 1
210 215 2
210 216 4
211 213 -4
211 214 -4
211 215 -4
211 216 2
212 213 -4
212 214 -4
212 215 -4
212 216 4
217 221 -1
217 222 -2
217 223 1
217 224 -4
218 221 -1
218 222 -2
218 223 1
218 224 4
219 221 -2
219 222 -4
219 223 4
219 224 -4
220 221 2
220 222 1
220 223 -4
220 224 4
225 229 4
225 230 -1
225 231 1
225 232 4
226 229 -2
226 230 1
226 231 1
226 232 -4
227 229 -4
227 230 -1
227 231 -2
227 232 1
228 229 2
228 230 -2
228 231 -4
228 232 -1
233 237 -1
233 238 -1
233 239 2
233 240 1
234 237 -1
234 238 4
234 239 -4
234 240 2
235 237 -2
235 238 1
235 239 4
235 240 1
236 237 -4
236 238 -2
236 239 -2
236 240 1
241 245 2
241 246 -1
241 247 2
241 248 -2
242 245 4
242 246 4
242 247 2
242 248 4
243 245 -1
243 246 4
243 247 -4
243 248 4
244 245 -1
244 246 1
244 247 -2
244 248 1
249 253 -4
249 254 -2
249 255 2
249 256 4
250 253 4
250 254 1
250 255 1
250 256 -2
251 253 4
251 254 2
251 255 1
251 256 -2
252 253 -2
252 254 1
252 255 -1
252 256 -2
257 261 -1
257 262 -4
257 263 -2
257 264 2
258 261 4
258 262 -1
258 263 -1
258 264 2
259 261 2
259 262 -2
259 263 -2
259 264 2
260 261 4
260 262 2
260 263 -4
260 264 1
265 269 -2
265 270 -2
265 271 -2
265 272 -1
266 269 -1
266 270 2
266 271 1
266 272 -1
267 269 -2
267 270 1
267 271 2
267 272 -2
268 269 -4
268 270 -4
268 271 -1
268 272 1
273 277 1
273 278 -4
273 279 4
273 280 4
274 277 1
274 278 4
274 279 1
274 280 -1
275 277 1
275 278 -1
275 279 1
275 280 1
276 277 -1
276 278 1
276 279 -1
276 280 -2
281 285 1
281 286 2
281 287 -2
281 288 4
282 285 -4
282 286 2
282 287 -2
282 288 4
283 285 2
283 286 -4
283 287 1
283 288 2
284 285 -4
284 286 2
284 287 2
284 288 -1
289 293 1
289 294 4
289 295 -1
289 296 2
290 293 4
290 294 1
290 295 1
290 296 -4
291 293 4
291 294 -4
291 295 4
291 296 2
292 293 -1
292 294 2
292 295 -4
292 296 1
297 301 -4
297 302 1
297 303 2
297 304 1
298 301 2
298 302 2
298 303 -4
298 304 4
299 301 1
299 302 -4
299 303 4
299 304 -2
300 301 1
300 302 -1
300 303 1
300 304 4
305 309 2
305 310 -1
305 311 -4
305 312 -2
306 309 1
306 310 -2
306 311 1
306 312 4
307 309 4
307 310 -1
307 311 2
307 312 2
308 309 2
308 310 -4
308 311 -4
308 312 -2
313 317 -2
313 318 1
313 319 -1
313 320 -4
314 317 -1
314 318 -2
314 319 -2
314 320 2
315 317 2
315 318 2
315 319 1
315 320 -4
316 317 1
316 318 -1
316 319 1
316 320 -4
321 325 1
321 326 1
321 327 -4
321 328 2
322 325 -1
322 326 -2
322 327 4
322 328 2
323 325 1
323 326 4
323 327 1
323 328 -1
324 325 4
324 326 4
324 327 1
324 328 2
329 333 1
329 334 1
329 335 -2
329 336 -4
330 333 1
330 334 -1
330 335 -4
330 336 1
331 333 4
331 334 1
331 335 -2
331 336 -2
332 333 -1
332 334 2
332 335 1
332 336 -2
337 341 -2
337 342 4
337 343 1
337 344 1
338 341 -1
338 342 1
338 343 -2
338 344 1
339 341 4
339 342 -4
339 343 1
339 344 -4
340 341 -4
340 342 1
340 343 -4
340 344 4
345 349 4
345 350 1
345 351 4
345 352 2
346 349 1
346 350 2
346 351 1
346 352 -1
347 349 1
347 350 -4
347 351 2
347 352 -1
348 349 -4
348 350 4
348 351 -4
348 352 -4
353 357 -2
353 358 2
353 359 2
353 360 -4
354 357 2
354 358 -1
354 359 -2
354 360 -2
355 357 -2
355 358 1
355 359 2
355 360 -2
356 357 -4
356 358 1
356 359 4
356 360 -1
361 365 2
361 366 -4
361 367 -1
361 368 2
362 365 -4
362 366 2
362 367 -1
362 368 -1
363 365 2
363 366 2
363 367 2
363 368 4
364 365 2
364 366 2
364 367 -2
364 368 -2
369 373 -4
369 374 2
369 375 -4
369 376 -1
370 373 4
370 374 1
370 375 -2
370 376 4
371 373 -4
371 374 2
371 375 -2
371 376 1
372 373 -2
372 374 4
372 375 -2
372 376 4
377 381 2
377 382 1
377 383 -2
377 384 -2
378 381 -4
378 382 -4
378 383 -2
378 384 2
379 381 -1
379 382 -1
379 383 -4
379 384 -1
380 381 -2
380 382 2
380 383 -1
380 384 -1
385 389 2
385 390 -4
385 391 1
385 392 2
386 389 -4
386 390 4
386 391 -4
386 392 4
387 389 4
387 390 2
387 391 -2
387 392 -4
388 389 4
388 390 -2
388 391 -4
388 392 4
393 397 4
393 398 -1
393 399 -2
393 400 -1
394 397 1
394 398 -2
394 399 -4
394 400 4
395 397 4
395 398 -2
395 399 4
395 400 2
396 397 4
396 398 -1
396 399 1
396 400 -1
401 405 -1
401 406 -1
401 407 4
401 408 -4
402 405 1
402 406 1
402 407 2
402 408 4
403 405 2
403 406 1
403 407 -4
403 408 -2
404 405 4
404 406 -4
404 407 -4
404 408 2
409 413 -4
409 414 4
409 415 1
409 416 -1
410 413 2
410 414 -4
410 415 1
410 416 1
411 413 -2
411 414 4
411 415 -1
411 416 2
412 413 -2
412 414 1
412 415 -4
412 416 -1
417 421 -4
417 422 -1
417 423 1
417 424 -4
418 421 4
418 422 1
418 423 1
418 424 -4
419 421 2
419 422 4
419 423 4
419 424 2
420 421 -4
420 422 4
420 423 1
420 424 -1
425 429 1
425 430 -1
425 431 2
425 432 -2
426 429 -4
426 430 -2
426 431 -2
426 432 4
427 429 2
427 430 -1
427 431 2
427 432 1
428 429 4
428 430 -4
428 431 -1
428 432 2
433 437 4
433 438 -1
433 439 -4
433 440 2
434 437 -4
434 438 -4
434 439 -1
434 440 -1
435 437 2
435 438 -2
435 439 -4
435 440 -1
436 437 -2
436 438 2
436 439 -4
436 440 1
441 445 -4
441 446 2
441 447 -2
441 448 4
442 445 4
442 446 1
442 447 4
442 448 -4
443 445 -4
443 446 -1
443 447 4
443 448 -1
444 445 2
444 446 4
444 447 1
444 448 -2
449 453 1
449 454 1
449 455 -1
449 456 -2
450 453 2
450 454 -2
450 455 4
450 456 4
451 453 4
451 454 1
451 455 4
451 456 2
452 453 -4
452 454 -1
452 455 4
452 456 2
457 461 1
457 462 -4
457 463 1
457 464 -1
458 461 -2
458 462 -4
458 463 4
458 464 -2
459 461 1
459 462 -2
459 463 2
459 464 1
460 461 -2
460 462 1
460 463 4
460 464 2
465 469 -4
465 470 4
465 471 -2
465 472 1
466 469 4
466 470 4
466 471 4
466 472 -1
467 469 -1
467 470 -2
467 471 -4
467 472 -1
468 469 1
468 470 -4
468 471 2
468 472 -2
473 477 -2
473 478 4
473 479 4
473 480 -2
474 477 -1
474 478 1
474 479 4
474 480 -2
475 477 -4
475 478 4
475 479 -4
475 480 -1
476 477 1
476 478 2
476 479 -2
476 480 4
481 485 2
481 486 -1
481 487 2
481 488 -1
482 485 2
482 486 -1
482 487 -4
482 488 -4
483 485 -1
483 486 -2
483 487 -2
483 488 -1
484 485 1
484 486 1
484 487 4
484 488 2
489 493 1
489 494 -4
489 495 -1
489 496 1
490 493 1
490 494 -4
490 495 -2
490 496 1
491 493 4
491 494 2
491 495 -1
491 496 -1
492 493 -4
492 494 -2
492 495 1
492 496 1
497 501 -4
497 502 2
497 503 2
497 504 2
498 501 2
498 502 -4
498 503 2
498 504 -1
499 501 -2
499 502 4
499 503 -1
499 504 2
500 501 1
500 502 -4
500 503 -4
500 504 1
505 509 1
505 510 1
505 511 1
505 512 2
506 509 4
506 510 2
506 511 4
506 512 1
507 509 -2
507 510 2
507 511 2
507 512 -4
508 509 -2
508 510 -1
508 511 -2
508 512 1
5 13 -2
6 14 -2
7 15 2
8 16 2
13 21 -1
14 22 -4
15 23 2
16 24 -4
21 29 -4
22 30 -2
23 31 -1
24 32 4
29 37 1
30 38 1
31 39 -1
32 40 -2
37 45 2
38 46 4
39 47 1
40 48 -2
45 53 -1
46 54 4
47 55 -2
48 56 -4
53 61 -4
54 62 -2
55 63 4
56 64 2
69 77 -1
70 78 2
71 79 4
72 80 4
77 85 4
78 86 2
79 87 4
80 88 4
85 93 1
86 94 -1
87 95 -1
88 96 -1
93 101 2
94 102 -2
95 103 -4
96 104 2
101 109 2
102 110 -2
103 111 -2
104 112 -1
109 117 1
110 118 1
111 119 4
112 120 -4
117 125 -4
118 126 1
119 127 -2
120 128 2
133 141 -1
134 142 -4
135 143 2
136 144 -2
141 149 4
142 150 1
143 151 -4
144 152 -4
149 157 -2
150 158 4
151 159 2
152 160 -2
157 165 4
158 166 2
159 167 -4
160 168 4
165 173 -2
166 174 1
167 175 -4
168 176 -4
173 181 1
174 182 2
175 183 -1
176 184 -1
181 189 2
182 190 -2
183 191 1
184 192 1
197 205 -2
198 206 4
199 207 -4
200 208 -2
205 213 -2
206 214 1
207 215 -1
208 216 1
213 221 2
214 222 -4
215 223 -4
216 224 4
221 229 -2
222 230 -2
223 231 1
224 232 4
229 237 -1
230 238 -1
231 239 1
232 240 1
237 245 -4
238 246 -1
239 247 -4
240 248 4
245 253 -4
246 254 -4
247 255 -2
248 256 -2
261 269 2
262 270 -2
263 271 -4
264 272 -1
269 277 4
270 278 -4
271 279 -2
272 280 1
277 285 2
278 286 -2
279 287 -2
280 288 -1
285 293 4
286 294 2
287 295 -1
288 296 1
293 301 -2
294 302 2
295 303 -2
296 304 1
301 309 -2
302 310 -2
303 311 -2
304 312 -4
309 317 -2
310 318 2
311 319 1
312 320 4
325 333 -1
326 334 1
327 335 2
328 336 -1
333 341 1
334 342 1
335 343 -2
336 344 -2
341 349 -2
342 350 -1
343 351 -2
344 352 -4
349 357 -4
350 358 -2
351 359 4
352 360 1
357 365 -1
358 366 -4
359 367 2
360 368 1
365 373 2
366 374 -1
367 375 -4
368 376 -1
373 381 -1
374 382 2
375 383 -2
376 384 -2
389 397 -4
390 398 -2
391 399 -1
392 400 1
397 405 4
398 406 -4
399 407 2
400 408 2
405 413 1
406 414 -4
407 415 -2
408 416 -1
413 421 -2
414 422 2
415 423 -4
416 424 1
421 429 -2
422 430 4
423 431 4
424 432 -4
429 437 -1
430 438 1
431 439 4
432 440 4
437 445 1
438 446 -1
439 447 -4
440 448 -4
453 461 4
454 462 1
455 463 -1
456 464 -4
461 469 2
462 470 -2
463 471 -4
464 472 -4
469 477 4
470 478 -1
471 479 4
472 480 -1
477 485 4
478 486 -2
479 487 -2
480 488 -4
485 493 -4
486 494 -1
487 495 -4
488 496 4
493 501 4
494 502 -4
495 503 -1
496 504 2
501 509 -1
502 510 4
503 511 -1
504 512 1
1 65 -2
2 66 -2
3 67 2
4 68 -4
65 129 4
66 130 2
67 131 -1
68 132 -4
129 193 -1
130 194 4
131 195 -4
132 196 -2
193 257 -4
194 258 1
195 259 1
196 260 -2
257 321 4
258 322 -4
259 323 -1
260 324 -2
321 385 1
322 386 4
323 387 -4
324 388 1
385 449 -1
386 450 -4
387 451 -1
388 452 4
9 73 2
10 74 -1
11 75 2
12 76 4
73 137 -4
74 138 1
75 139 -4
76 140 4
137 201 -1
138 202 -2
139 203 1
140 204 -4
201 265 -4
202 266 -4
203 267 1
204 268 -2
265 329 -1
266 330 -4
267 331 -4
268 332 -2
329 393 -2
330 394 4
331 395 -2
332 396 -1
393 457 1
394 458 -1
395 459 1
396 460 2
17 81 2
18 82 1
19 83 1
20 84 1
81 145 4
82 146 4
83 147 4
84 148 4
145 209 2
146 210 -1
147 211 2
148 212 -1
209 273 1
210 274 -2
211 275 -4
212 276 4
273 337 1
274 338 -1
275 339 1
276 340 2
337 401 -4
338 402 1
339 403 -4
340 404 1
401 465 -2
402 466 -2
403 467 1
404 468 1
25 89 -4
26 90 4
27 91 -2
28 92 -1
89 153 -4
90 154 4
91 155 -1
92 156 -4
153 217 4
154 218 -4
155 219 -4
156 220 2
217 281 -2
218 282 4
219 283 1
220 284 1
281 345 -1
282 346 1
283 347 -2
284 348 1
345 409 2
346 410 -2
347 411 -4
348 412 2
409 473 -1
410 474 -4
411 475 -2
412 476 1
33 97 -2
34 98 -4
35 99 -2
36 100 1
97 161 2
98 162 2
99 163 -4
100 164 -4
161 225 -4
162 226 1
163 227 -2
164 228 1
225 289 1
226 290 -4
227 291 4
228 292 -4
289 353 2
290 354 2
291 355 2
292 356 -4
353 417 2
354 418 4
355 419 -4
356 420 4
417 481 2
418 482 2
419 483 2
420 484 2
41 105 -2
42 106 -4
43 107 -2
44 108 -4
105 169 2
106 170 -2
107 171 -4
108 172 -4
169 233 4
170 234 -1
171 235 2
172 236 -1
233 297 2
234 298 4
235 299 -1
236 300 2
297 361 4
298 362 -4
299 363 -4
300 364 1
361 425 -1
362 426 -4
363 427 -2
364 428 -4
425 489 2
426 490 -1
427 491 -1
428 492 4
49 113 1
50 114 2
51 115 -1
52 116 4
113 177 1
114 178 -1
115 179 -4
116 180 -1
177 241 1
178 242 1
179 243 -4
180 244 2
241 305 2
242 306 -4
243 307 -2
244 308 -1
305 369 2
306 370 -2
307 371 1
308 372 2
369 433 2
370 434 1
371 435 2
372 436 -4
433 497 -1
434 498 2
435 499 1
436 500 -2
57 121 -2
58 122 1
59 123 -1
60 124 4
121 185 1
122 186 1
123 187 4
124 188 -4
185 249 1
186 250 -1
187 251 2
188 252 -4
249 313 -2
250 314 4
251 315 -1
252 316 4
313 377 2
314 378 1
315 379 4
316 380 2
377 441 1
378 442 -1
379 443 -4
380 444 -1
441 505 -4
442 506 1
443 507 2
444 508 4
