#
1 5 -1
1 6 -2
1 7 -1
1 8 4
2 5 -1
2 6 4
2 7 2
2 8 -2
3 5 -2
3 6 -1
3 7 2
3 8 -4
4 5 4
4 6 2
4 7 -4
4 8 -2
9 13 -4
9 14 -1
9 15 2
9 16 -4
10 13 -1
10 14 2
10 15 -1
10 16 1
11 13 2
11 14 -1
11 15 2
11 16 -1
12 13 1
12 14 -4
12 15 2
12 16 4
17 21 -4
17 22 4
17 23 4
17 24 1
18 21 2
18 22 -2
18 23 -1
18 24 2
19 21 4
19 22 -1
19 23 -2
19 24 -1
20 21 1
20 22 4
20 23 -4
20 24 -2
25 29 -2
25 30 1
25 31 -4
25 32 1
26 29 4
26 30 1
26 31 2
26 32 -2
27 29 -1
27 30 -4
27 31 -2
27 32 -2
28 29 1
28 30 -4
28 31 4
28 32 -2
33 37 1
33 38 4
33 39 -4
33 40 -2
34 37 4
34 38 4
34 39 2
34 40 2
35 37 -1
35 38 2
35 39 -2
35 40 4
36 37 -2
36 38 1
36 39 -2
36 40 -4
41 45 4
41 46 -2
41 47 -1
41 48 -1
42 45 -2
42 46 2
42 47 1
42 48 1
43 45 1
43 46 -1
43 47 2
43 48 -4
44 45 -1
44 46 -2
44 47 -2
44 48 -2
49 53 -2
49 54 1
49 55 -4
49 56 -1
50 53 -2
50 54 -4
50 55 -4
50 56 4
51 53 2
51 54 -1
51 55 4
51 56 1
52 53 -4
52 54 -1
52 55 2
52 56 -2
57 61 -2
57 62 4
57 63 -1
57 64 -4
58 61 2
58 62 -1
58 63 4
58 64 2
59 61 2
59 62 2
59 63 1
59 64 4
60 61 -4
60 62 4
60 63 -1
60 64 -4
65 69 -4
65 70 4
65 71 -2
65 72 1
66 69 4
66 70 2
66 71 -2
66 72 2
67 69 2
67 70 -4
67 71 4
67 72 4
68 69 1
68 70 -1
68 71 -1
68 72 2
73 77 4
73 78 -1
73 79 1
73 80 -4
74 77 1
74 78 -4
74 79 1
74 80 4
75 77 -4
75 78 -1
75 79 -2
75 80 -1
76 77 2
76 78 -1
76 79 2
76 80 -1
81 85 -2
81 86 1
81 87 -2
81 88 1
82 85 -4
82 86 4
82 87 -1
82 88 -2
83 85 -4
83 86 2
83 87 -2
83 88 -2
84 85 2
84 86 -2
84 87 -2
84 88 -4
89 93 -1
89 94 1
89 95 -4
89 96 2
90 93 4
90 94 -1
90 95 2
90 96 1
91 93 -1
91 94 -4
91 95 2
91 96 -1
92 93 -4
92 94 2
92 95 -4
92 96 2
97 101 -4
97 102 1
97 103 2
97 104 -1
98 101 -4
98 102 -2
98 103 -4
98 104 1
99 101 1
99 102 -1
99 103 2
99 104 -1
100 101 2
100 102 1
100 103 -1
100 104 -4
105 109 -4
105 110 -2
105 111 1
105 112 1
106 109 -4
106 110 1
106 111 2
106 112 4
107 109 4
107 110 1
107 111 4
107 112 -1
108 109 4
108 110 4
108 111 -1
108 112 2
113 117 -2
113 118 -4
113 119 -4
113 120 1
114 117 -1
114 118 1
114 119 -2
114 120 4
115 117 -1
115 118 4
115 119 -2
115 120 4
116 117 2
116 118 1
116 119 -4
116 120 4
121 125 1
121 126 -2
121 127 -1
121 128 -2
122 125 -2
122 126 1
122 127 -2
122 128 -2
123 125 2
123 126 2
123 127 1
123 128 2
124 125 2
124 126 2
124 127 -1
124 128 -2
129 133 -1
129 134 2
129 135 -4
129 136 -2
130 133 2
130 134 4
130 135 2
130 136 1
131 133 -4
131 134 4
131 135 1
131 136 4
132 133 -2
132 134 -2
132 135 1
132 136 1
137 141 -4
137 142 4
137 143 2
137 144 -2
138 141 1
138 142 4
138 143 -1
138 144 -2
139 141 2
139 142 -4
139 143 -2
139 144 -4
140 141 4
140 142 4
140 143 1
140 144 -2
145 149 -1
145 150 -4
145 151 -2
145 152 4
146 149 -4
146 150 2
146 151 4
146 152 -1
147 149 -2
147 150 1
147 151 -4
147 152 4
148 149 -2
148 150 2
148 151 -1
148 152 2
153 157 2
153 158 -4
153 159 1
153 160 1
154 157 4
154 158 -1
154 159 2
154 160 4
155 157 2
155 158 -1
155 159 -4
155 160 -1
156 157 -4
156 158 2
156 159 -4
156 160 4
161 165 1
161 166 1
161 167 4
161 168 -2
162 165 2
162 166 -1
162 167 4
162 168 2
163 165 -1
163 166 1
163 167 4
163 168 2
164 165 2
164 166 1
164 167 -2
164 168 4
169 173 -4
169 174 -4
169 175 1
169 176 -4
170 173 -2
170 174 4
170 175 4
170 176 -2
171 173 -1
171 174 2
171 175 -1
171 176 1
172 173 2
172 174 -2
172 175 -4
172 176 -1
177 181 4
177 182 -4
177 183 -4
177 184 1
178 181 4
178 182 -4
178 183 4
178 184 4
179 181 -1
179 182 -4
179 183 -4
179 184 -1
180 181 -1
180 182 2
180 183 -2
180 184 -2
185 189 -4
185 190 -1
185 191 1
185 192 2
186 189 1
186 190 -4
186 191 2
186 192 -1
187 189 -1
187 190 1
187 191 -4
187 192 -4
188 189 1
188 190 -1
188 191 -1
188 192 -4
193 197 -1
193 198 -2
193 199 4
193 200 2
194 197 2
194 198 4
194 199 4
194 200 -2
195 197 -1
195 198 -1
195 199 -4
195 200 2
196 197 1
196 198 4
196 199 4
196 200 -4
201 205 2
201 206 -1
201 207 2
201 208 2
202 205 -4
202 206 -4
202 207 -1
202 208 -2
203 205 -1
203 206 -4
203 207 2
203 208 -1
204 205 1
204 206 4
204 207 4
204 208 4
209 213 -2
209 214 -1
209 215 2
209 216 -1
210 213 -2
210 214 1
210 215 4
210 216 2
211 213 4
211 214 -2
211 215 2
211 216 4
212 213 1
212 214 -4
212 215 4
212 216 2
217 221 -2
217 222 4
217 223 -1
217 224 -2
218 221 2
218 222 -1
218 223 2
218 224 2
219 221 -1
219 222 -2
219 223 -2
219 224 4
220 221 -1
220 222 -2
220 223 4
220 224 4
225 229 -1
225 230 4
225 231 -1
225 232 -1
226 229 4
226 230 2
226 231 -4
226 232 2
227 229 -1
227 230 -2
227 231 2
227 232 -1
228 229 -2
228 230 1
228 231 -1
228 232 -4
233 237 -1
233 238 4
233 239 -1
233 240 -2
234 237 -2
234 238 -1
234 239 -1
234 240 -4
235 237 2
235 238 4
235 239 -1
235 240 2
236 237 -1
236 238 1
236 239 2
236 240 1
241 245 2
241 246 -2
241 247 2
241 248 -2
242 245 1
242 246 2
242 247 -1
242 248 -1
243 245 2
243 246 4
243 247 2
243 248 -2
244 245 4
244 246 2
244 247 2
244 248 1
249 253 -4
249 254 -1
249 255 2
249 256 -2
250 253 -2
250 254 2
250 255 -2
250 256 2
251 253 -2
251 254 2
251 255 2
251 256 4
252 253 -4
252 254 1
252 255 -4
252 256 -4
257 261 -1
257 262 -4
257 263 1
257 264 1
258 261 4
258 262 -2
258 263 -2
258 264 1
259 261 -2
259 262 4
259 263 2
259 264 -4
260 261 -2
260 262 1
260 263 -2
260 264 -1
265 269 1
265 270 1
265 271 4
265 272 -4
266 269 1
266 270 2
266 271 4
266 272 -1
267 269 4
267 270 -4
267 271 -4
267 272 4
268 269 4
268 270 4
268 271 2
268 272 4
273 277 -1
273 278 2
273 279 1
273 280 2
274 277 -2
274 278 2
274 279 -4
274 280 2
275 277 -2
275 278 1
275 279 1
275 280 1
276 277 1
276 278 4
276 279 2
276 280 -2
281 285 -1
281 286 -1
281 287 2
281 288 1
282 285 4
282 286 -4
282 287 -4
282 288 4
283 285 -2
283 286 2
283 287 2
283 288 1
284 285 -4
284 286 -1
284 287 -4
284 288 -2
289 293 4
289 294 -4
289 295 -2
289 296 2
290 293 4
290 294 2
290 295 -2
290 296 4
291 293 2
291 294 2
291 295 1
291 296 2
292 293 -1
292 294 2
292 295 -4
292 296 -4
297 301 -1
297 302 4
297 303 -1
297 304 2
298 301 4
298 302 -2
298 303 4
298 304 2
299 301 2
299 302 1
299 303 -4
299 304 -1
300 301 4
300 302 -4
300 303 2
300 304 -2
305 309 1
305 310 1
305 311 -2
305 312 -2
306 309 2
306 310 1
306 311 -1
306 312 4
307 309 -4
307 310 4
307 311 -1
307 312 -4
308 309 -4
308 310 -2
308 311 -1
308 312 -4
313 317 2
313 318 -1
313 319 2
313 320 -4
314 317 1
314 318 -4
314 319 -2
314 320 4
315 317 -4
315 318 1
315 319 2
315 320 1
316 317 -4
316 318 4
316 319 -2
316 320 -1
321 325 4
321 326 1
321 327 -4
321 328 -4
322 325 1
322 326 -1
322 327 2
322 328 -1
323 325 1
323 326 2
323 327 4
323 328 -1
324 325 -2
324 326 -4
324 327 -1
324 328 -1
329 333 -2
329 334 1
329 335 -4
329 336 -4
330 333 4
330 334 -1
330 335 2
330 336 1
331 333 2
331 334 -2
331 335 -2
331 336 4
332 333 -2
332 334 -4
332 335 -2
332 336 2
337 341 1
337 342 2
337 343 -1
337 344 1
338 341 -4
338 342 4
338 343 -2
338 344 -2
339 341 2
339 342 4
339 343 -4
339 344 -2
340 341 2
340 342 -2
340 343 2
340 344 4
345 349 -2
345 350 2
345 351 1
345 352 -2
346 349 -1
346 350 1
346 351 4
346 352 -1
347 349 -2
347 350 1
347 351 -2
347 352 -2
348 349 4
348 350 4
348 351 1
348 352 -1
353 357 -1
353 358 2
353 359 4
353 360 -2
354 357 4
354 358 2
354 359 2
354 360 -1
355 357 -2
355 358 -2
355 359 -1
355 360 -2
356 357 4
356 358 -4
356 359 4
356 360 4
361 365 -1
361 366 4
361 367 -1
361 368 -1
362 365 2
362 366 1
362 367 -4
362 368 4
363 365 4
363 366 -2
363 367 1
363 368 -4
364 365 -2
364 366 2
364 367 -1
364 368 -4
369 373 -1
369 374 2
369 375 1
369 376 4
370 373 2
370 374 1
370 375 4
370 376 -1
371 373 -1
371 374 2
371 375 2
371 376 1
372 373 -1
372 374 -1
372 375 2
372 376 4
377 381 1
377 382 -2
377 383 -4
377 384 -4
378 381 -2
378 382 4
378 383 -1
378 384 2
379 381 4
379 382 -1
379 383 1
379 384 1
380 381 -4
380 382 1
380 383 1
380 384 2
385 389 1
385 390 -1
385 391 2
385 392 2
386 389 -2
386 390 -1
386 391 1
386 392 -2
387 389 -1
387 390 -1
387 391 1
387 392 4
388 389 -1
388 390 -1
388 391 -4
388 392 -4
393 397 1
393 398 -4
393 399 -2
393 400 -4
394 397 1
394 398 2
394 399 -1
394 400 4
395 397 -2
395 398 -4
395 399 1
395 400 1
396 397 -2
396 398 -2
396 399 4
396 400 1
401 405 2
401 406 -4
401 407 2
401 408 -1
402 405 -1
402 406 2
402 407 4
402 408 -4
403 405 4
403 406 1
403 407 1
403 408 2
404 405 4
404 406 -4
404 407 1
404 408 -1
409 413 1
409 414 -1
409 415 4
409 416 4
410 413 4
410 414 2
410 415 -1
410 416 2
411 413 -4
411 414 -4
411 415 -2
411 416 2
412 413 1
412 414 -4
412 415 4
412 416 2
417 421 -4
417 422 -4
417 423 -4
417 424 -1
418 421 4
418 422 -4
418 423 -1
418 424 4
419 421 4
419 422 -1
419 423 -2
419 424 4
420 421 1
420 422 1
420 423 -2
420 424 -4
425 429 -2
425 430 1
425 431 4
425 432 -1
426 429 -2
426 430 -1
426 431 -2
426 432 2
427 429 -1
427 430 -2
427 431 -4
427 432 -1
428 429 4
428 430 -2
428 431 2
428 432 -4
433 437 -2
433 438 -1
433 439 -2
433 440 -2
434 437 1
434 438 1
434 439 2
434 440 -4
435 437 -4
435 438 -2
435 439 1
435 440 4
436 437 1
436 438 4
436 439 -1
436 440 1
441 445 1
441 446 2
441 447 4
441 448 -4
442 445 -4
442 446 -4
442 447 4
442 448 4
443 445 -2
443 446 2
443 447 2
443 448 -4
444 445 -4
444 446 2
444 447 -1
444 448 -1
449 453 -1
449 454 -4
449 455 -2
449 456 -4
450 453 -1
450 454 1
450 455 4
450 456 -1
451 453 -2
451 454 4
451 455 4
451 456 -1
452 453 -4
452 454 -4
452 455 4
452 456 -2
457 461 4
457 462 2
457 463 1
457 464 1
458 461 -1
458 462 -4
458 463 4
458 464 -1
459 461 1
459 462 2
459 463 -4
459 464 2
460 461 2
460 462 1
460 463 2
460 464 2
465 469 -2
465 470 -2
465 471 1
465 472 -1
466 469 -2
466 470 -4
466 471 -2
466 472 1
467 469 2
467 470 1
467 471 -4
467 472 1
468 469 1
468 470 -1
468 471 1
468 472 -2
473 477 1
473 478 2
473 479 1
473 480 2
474 477 -1
474 478 -2
474 479 -2
474 480 -4
475 477 -2
475 478 -1
475 479 -1
475 480 -2
476 477 -4
476 478 4
476 479 -4
476 480 4
481 485 2
481 486 -4
481 487 4
481 488 4
482 485 1
482 486 -1
482 487 -4
482 488 -2
483 485 -1
483 486 4
483 487 1
483 488 -4
484 485 -2
484 486 -4
484 487 -1
484 488 4
489 493 1
489 494 4
489 495 4
489 496 -1
490 493 4
490 494 4
490 495 1
490 496 4
491 493 2
491 494 -1
491 495 -1
491 496 2
492 493 -2
492 494 4
492 495 -2
492 496 -1
497 501 2
497 502 2
497 503 1
497 504 -4
498 501 2
498 502 -4
498 503 -2
498 504 2
499 501 -4
499 502 1
499 503 1
499 504 1
500 501 -4
500 502 1
500 503 1
500 504 2
505 509 2
505 510 1
505 511 4
505 512 2
506 509 -2
506 510 1
506 511 -2
506 512 -1
507 509 -2
507 510 4
507 511 -1
507 512 2
508 509 2
508 510 -2
508 511 4
508 512 4
5 13 -1
6 14 1
7 15 -1
8 16 4
13 21 -2
14 22 1
15 23 1
16 24 4
21 29 4
22 30 -4
23 31 4
24 32 -2
29 37 2
30 38 -1
31 39 -4
32 40 -4
37 45 2
38 46 -2
39 47 -4
40 48 -4
45 53 1
46 54 2
47 55 2
48 56 4
53 61 -4
54 62 -2
55 63 -4
56 64 -2
69 77 2
70 78 -2
71 79 -1
72 80 2
77 85 -4
78 86 -1
79 87 -2
80 88 2
85 93 2
86 94 4
87 95 -4
88 96 -2
93 101 4
94 102 -2
95 103 -4
96 104 -4
101 109 -2
102 110 -2
103 111 -2
104 112 1
109 117 -4
110 118 -2
111 119 2
112 120 -2
117 125 1
118 126 -4
119 127 2
120 128 -4
133 141 -2
134 142 -4
135 143 2
136 144 2
141 149 2
142 150 -4
143 151 -1
144 152 -4
149 157 -2
150 158 4
151 159 -1
152 160 -1
157 165 1
158 166 -4
159 167 -1
160 168 4
165 173 -1
166 174 -1
167 175 -1
168 176 -4
173 181 1
174 182 -1
175 183 2
176 184 -4
181 189 -2
182 190 1
183 191 2
184 192 2
197 205 4
198 206 -4
199 207 -2
200 208 -4
205 213 -1
206 214 -1
207 215 1
208 216 -2
213 221 -2
214 222 -2
215 223 -4
216 224 -1
221 229 2
222 230 -2
223 231 1
224 232 4
229 237 1
230 238 2
231 239 -1
232 240 1
237 245 4
238 246 -4
239 247 -2
240 248 -1
245 253 -1
246 254 -2
247 255 1
248 256 -2
261 269 -1
262 270 4
263 271 -2
264 272 -1
269 277 -2
270 278 -2
271 279 4
272 280 -2
277 285 1
278 286 -4
279 287 4
280 288 -1
285 293 4
286 294 -4
287 295 -2
288 296 -4
293 301 -4
294 302 -1
295 303 -2
296 304 1
301 309 -1
302 310 1
303 311 -4
304 312 -4
309 317 -2
310 318 -1
311 319 -4
312 320 1
325 333 -4
326 334 4
327 335 2
328 336 -2
333 341 1
334 342 1
335 343 -4
336 344 4
341 349 2
342 350 1
343 351 -1
344 352 -4
349 357 4
350 358 1
351 359 -2
352 360 -4
357 365 2
358 366 4
359 367 4
360 368 4
365 373 1
366 374 1
367 375 -2
368 376 1
373 381 1
374 382 -4
375 383 -2
376 384 -1
389 397 -4
390 398 2
391 399 -1
392 400 2
397 405 2
398 406 2
399 407 -4
400 408 -2
405 413 1
406 414 -4
407 415 -1
408 416 1
413 421 1
414 422 -2
415 423 4
416 424 2
421 429 4
422 430 -1
423 431 -4
424 432 1
429 437 -1
430 438 -4
431 439 2
432 440 1
437 445 2
438 446 -2
439 447 1
440 448 -4
453 461 2
454 462 2
455 463 2
456 464 1
461 469 4
462 470 -4
463 471 2
464 472 -4
469 477 -1
470 478 -1
471 479 -2
472 480 -2
477 485 -2
478 486 -1
479 487 -4
480 488 2
485 493 1
486 494 2
487 495 1
488 496 -2
493 501 1
494 502 -2
495 503 -4
496 504 2
501 509 1
502 510 -4
503 511 4
504 512 1
1 65 -2
2 66 -1
3 67 -2
4 68 2
65 129 4
66 130 -2
67 131 -2
68 132 -2
129 193 2
130 194 -4
131 195 1
132 196 -1
193 257 -4
194 258 4
195 259 2
196 260 4
257 321 1
258 322 1
259 323 -1
260 324 2
321 385 4
322 386 1
323 387 1
324 388 1
385 449 -4
386 450 1
387 451 -1
388 452 -2
9 73 2
10 74 -2
11 75 -1
12 76 -1
73 137 -4
74 138 -4
75 139 -4
76 140 1
137 201 1
138 202 2
139 203 1
140 204 2
201 265 4
202 266 4
203 267 1
204 268 -2
265 329 4
266 330 -4
267 331 -1
268 332 1
329 393 -1
330 394 2
331 395 1
332 396 -4
393 457 -1
394 458 -2
395 459 -2
396 460 4
17 81 4
18 82 4
19 83 -1
20 84 4
81 145 -4
82 146 -1
83 147 4
84 148 2
145 209 4
146 210 4
147 211 4
148 212 -1
209 273 -2
210 274 4
211 275 4
212 276 -1
273 337 1
274 338 -2
275 339 -4
276 340 4
337 401 -2
338 402 2
339 403 2
340 404 1
401 465 2
402 466 -1
403 467 -1
404 468 -4
25 89 -1
26 90 -1
27 91 -1
28 92 2
89 153 2
90 154 1
91 155 2
92 156 -4
153 217 4
154 218 2
155 219 4
156 220 4
217 281 -1
218 282 1
219 283 1
220 284 -1
281 345 -1
282 346 -4
283 347 -4
284 348 -2
345 409 -1
346 410 -2
347 411 -1
348 412 1
409 473 2
410 474 -4
411 475 2
412 476 -2
33 97 2
34 98 1
35 99 1
36 100 1
97 161 -4
98 162 2
99 163 4
100 164 -4
161 225 2
162 226 1
163 227 1
164 228 2
225 289 -1
226 290 2
227 291 2
228 292 1
289 353 2
290 354 -4
291 355 -1
292 356 -1
353 417 -4
354 418 1
355 419 1
356 420 1
417 481 -2
418 482 4
419 483 1
420 484 -4
41 105 1
42 106 -4
43 107 -1
44 108 2
105 169 4
106 170 2
107 171 -4
108 172 -2
169 233 4
170 234 1
171 235 1
172 236 -2
233 297 -1
234 298 -2
235 299 2
236 300 1
297 361 -4
298 362 -1
299 363 -1
300 364 1
361 425 1
362 426 4
363 427 -4
364 428 -1
425 489 -4
426 490 -1
427 491 -4
428 492 1
49 113 2
50 114 2
51 115 1
52 116 4
113 177 2
114 178 2
115 179 2
116 180 -4
177 241 -2
178 242 2
179 243 -2
180 244 2
241 305 2
242 306 2
243 307 -1
244 308 -4
305 369 1
306 370 -2
307 371 -1
308 372 -4
369 433 1
370 434 -1
371 435 4
372 436 -1
433 497 4
434 498 2
435 499 1
436 500 1
57 121 4
58 122 -4
59 123 4
60 124 -2
121 185 -1
122 186 -1
123 187 4
124 188 2
185 249 -2
186 250 -4
187 251 2
188 252 4
249 313 4
250 314 1
251 315 -1
252 316 -2
313 377 -2
314 378 1
315 379 -2
316 380 2
377 441 4
378 442 -1
379 443 2
380 444 -2
441 505 1
442 506 4
443 507 -4
444 508 -2
