#
1 5 -1
1 6 -4
1 7 4
1 8 -1
2 5 1
2 6 -1
2 7 1
2 8 -4
3 5 -2
3 6 2
3 7 -1
3 8 4
4 5 -2
4 6 -4
4 7 4
4 8 -2
9 13 1
9 14 1
9 15 2
9 16 2
10 13 -4
10 14 2
10 15 2
10 16 -4
11 13 2
11 14 1
11 15 -1
11 16 4
12 13 -4
12 14 -2
12 15 4
12 16 -1
17 21 1
17 22 -1
17 23 -1
17 24 -1
18 21 -4
18 22 4
18 23 -1
18 24 4
19 21 -2
19 22 4
19 23 -2
19 24 1
20 21 1
20 22 -4
20 23 -4
20 24 -2
25 29 -2
25 30 4
25 31 2
25 32 -4
26 29 2
26 30 2
26 31 -2
26 32 1
27 29 2
27 30 1
27 31 -2
27 32 -2
28 29 2
28 30 -4
28 31 1
28 32 -2
33 37 -2
33 38 -1
33 39 4
33 40 4
34 37 -2
34 38 -2
34 39 4
34 40 -2
35 37 1
35 38 2
35 39 -1
35 40 -2
36 37 4
36 38 1
36 39 1
36 40 -2
41 45 -1
41 46 1
41 47 -1
41 48 2
42 45 -1
42 46 -1
42 47 -4
42 48 -4
43 45 4
43 46 2
43 47 -4
43 48 2
44 45 1
44 46 2
44 47 -2
44 48 2
49 53 -2
49 54 -1
49 55 -2
49 56 -4
50 53 -1
50 54 1
50 55 -1
50 56 -2
51 53 -2
51 54 -4
51 55 1
51 56 -4
52 53 -4
52 54 2
52 55 4
52 56 4
57 61 4
57 62 -1
57 63 1
57 64 -2
58 61 4
58 62 -4
58 63 4
58 64 -2
59 61 -4
59 62 1
59 63 4
59 64 -2
60 61 -2
60 62 4
60 63 1
60 64 -1
65 69 4
65 70 -2
65 71 -2
65 72 1
66 69 -1
66 70 2
66 71 1
66 72 -4
67 69 -2
67 70 -1
67 71 2
67 72 4
68 69 2
68 70 -1
68 71 4
68 72 4
73 77 -1
73 78 -4
73 79 -4
73 80 2
74 77 2
74 78 2
74 79 1
74 80 -2
75 77 -1
75 78 4
75 79 -2
75 80 1
76 77 1
76 78 -4
76 79 -4
76 80 -2
81 85 2
81 86 -4
81 87 1
81 88 1
82 85 -4
82 86 2
82 87 2
82 88 1
83 85 -1
83 86 -4
83 87 -1
83 88 -4
84 85 2
84 86 4
84 87 -1
84 88 -4
89 93 2
89 94 1
89 95 -2
89 96 2
90 93 -2
90 94 2
90 95 4
90 96 -4
91 93 -2
91 94 -1
91 95 1
91 96 1
92 93 1
92 94 2
92 95 -4
92 96 2
97 101 2
97 102 -2
97 103 4
97 104 -2
98 101 2
98 102 2
98 103 2
98 104 -1
99 101 -2
99 102 1
99 103 2
99 104 2
100 101 -4
100 102 -2
100 103 1
100 104 -2
105 109 2
105 110 1
105 111 1
105 112 4
106 109 -4
106 110 -2
106 111 -1
106 112 1
107 109 4
107 110 -4
107 111 -1
107 112 1
108 109 2
108 110 1
108 111 1
108 112 4
113 117 -1
113 118 -2
113 119 -2
113 120 1
114 117 -2
114 118 -2
114 119 -2
114 120 -1
115 117 -1
115 118 2
115 119 4
115 120 -4
116 117 -1
116 118 2
116 119 1
116 120 1
121 125 -2
121 126 1
121 127 4
121 128 4
122 125 1
122 126 1
122 127 4
122 128 1
123 125 4
123 126 -1
123 127 2
123 128 2
124 125 2
124 126 -2
124 127 2
124 128 2
129 133 -4
129 134 -4
129 135 4
129 136 -4
130 133 -2
130 134 4
130 135 -4
130 136 4
131 133 2
131 134 1
131 135 4
131 136 1
132 133 -2
132 134 -1
132 135 4
132 136 4
137 141 4
137 142 -1
137 143 2
137 144 -2
138 141 1
138 142 1
138 143 1
138 144 4
139 141 1
139 142 4
139 143 1
139 144 1
140 141 4
140 142 -2
140 143 -4
140 144 -4
145 149 2
145 150 1
145 151 1
145 152 4
146 149 -4
146 150 -4
146 151 -4
146 152 -2
147 149 -2
147 150 1
147 151 2
147 152 4
148 149 -4
148 150 1
148 151 4
148 152 2
153 157 4
153 158 2
153 159 -1
153 160 -4
154 157 -4
154 158 4
154 159 -4
154 160 -2
155 157 -1
155 158 -1
155 159 -1
155 160 -2
156 157 4
156 158 -4
156 159 4
156 160 -2
161 165 -4
161 166 -2
161 167 -1
161 168 -1
162 165 4
162 166 4
162 167 -2
162 168 2
163 165 -4
163 166 -2
163 167 -2
163 168 -4
164 165 -2
164 166 4
164 167 -4
164 168 -2
169 173 4
169 174 4
169 175 -1
169 176 -2
170 173 -2
170 174 4
170 175 -2
170 176 2
171 173 2
171 174 -4
171 175 1
171 176 4
172 173 2
172 174 -1
172 175 4
172 176 -2
177 181 2
177 182 -2
177 183 -4
177 184 -4
178 181 -1
178 182 1
178 183 1
178 184 -1
179 181 1
179 182 -4
179 183 2
179 184 4
180 181 2
180 182 -4
180 183 -1
180 184 1
185 189 -2
185 190 4
185 191 -2
185 192 -2
186 189 -2
186 190 -2
186 191 1
186 192 -2
187 189 2
187 190 -2
187 191 -2
187 192 -1
188 189 2
188 190 -4
188 191 1
188 192 -1
193 197 -4
193 198 2
193 199 -1
193 200 -2
194 197 -4
194 198 -2
194 199 4
194 200 4
195 197 4
195 198 2
195 199 1
195 200 1
196 197 2
196 198 -2
196 199 -2
196 200 4
201 205 -1
201 206 2
201 207 2
201 208 2
202 205 2
202 206 -1
202 207 2
202 208 2
203 205 -4
203 206 -2
203 207 -4
203 208 -1
204 205 4
204 206 -1
204 207 1
204 208 1
209 213 -4
209 214 4
209 215 2
209 216 2
210 213 1
210 214 2
210 215 1
210 216 -4
211 213 4
211 214 -4
211 215 -4
211 216 4
212 213 4
212 214 -1
212 215 -2
212 216 1
217 221 1
217 222 -1
217 223 4
217 224 2
218 221 -2
218 222 -1
218 223 -2
218 224 -4
219 221 -1
219 222 -2
219 223 -2
219 224 1
220 221 2
220 222 4
220 223 1
220 224 -4
225 229 -4
225 230 2
225 231 1
225 232 -1
226 229 -2
226 230 1
226 231 -4
226 232 4
227 229 2
227 230 -1
227 231 -2
227 232 -2
228 229 -2
228 230 -1
228 231 -2
228 232 1
233 237 2
233 238 4
233 239 1
233 240 -1
234 237 1
234 238 2
234 239 -2
234 240 4
235 237 1
235 238 -1
235 239 -1
235 240 1
236 237 -4
236 238 -1
236 239 -4
236 240 -1
241 245 -2
241 246 -4
241 247 1
241 248 4
242 245 -1
242 246 -1
242 247 1
242 248 -2
243 245 1
243 246 2
243 247 -4
243 248 1
244 245 -4
244 246 -1
244 247 -4
244 248 -4
249 253 1
249 254 2
249 255 -4
249 256 -4
250 253 4
250 254 -1
250 255 -4
250 256 -4
251 253 4
251 254 -2
251 255 -1
251 256 -1
252 253 4
252 254 -1
252 255 2
252 256 -2
257 261 1
257 262 4
257 263 2
257 264 -1
258 261 -1
258 262 1
258 263 -2
258 264 -2
259 261 1
259 262 4
259 263 4
259 264 2
260 261 2
260 262 1
260 263 -4
260 264 1
265 269 1
265 270 -4
265 271 -2
265 272 -2
266 269 1
266 270 -2
266 271 1
266 272 -2
267 269 2
267 270 -1
267 271 1
267 272 -1
268 269 4
268 270 -2
268 271 -2
268 272 -4
273 277 -4
273 278 -1
273 279 -4
273 280 -2
274 277 -4
274 278 2
274 279 -2
274 280 1
275 277 2
275 278 4
275 279 -2
275 280 -1
276 277 4
276 278 -1
276 279 -4
276 280 2
281 285 2
281 286 4
281 287 -4
281 288 -2
282 285 -2
282 286 -4
282 287 4
282 288 -1
283 285 4
283 286 -2
283 287 2
283 288 4
284 285 1
284 286 -1
284 287 1
284 288 -1
289 293 -1
289 294 -1
289 295 2
289 296 -4
290 293 2
290 294 1
290 295 1
290 296 2
291 293 1
291 294 1
291 295 -4
291 296 2
292 293 1
292 294 -4
292 295 1
292 296 -2
297 301 4
297 302 4
297 303 -1
297 304 4
298 301 -4
298 302 -4
298 303 4
298 304 1
299 301 1
299 302 -2
299 303 2
299 304 -4
300 301 -1
300 302 -1
300 303 2
300 304 4
305 309 -1
305 310 -1
305 311 -2
305 312 -2
306 309 2
306 310 2
306 311 -1
306 312 -2
307 309 2
307 310 -4
307 311 1
307 312 -2
308 309 4
308 310 2
308 311 2
308 312 -2
313 317 4
313 318 1
313 319 4
313 320 -4
314 317 4
314 318 4
314 319 -4
314 320 4
315 317 1
315 318 -1
315 319 -1
315 320 1
316 317 2
316 318 -1
316 319 -2
316 320 1
321 325 2
321 326 4
321 327 1
321 328 2
322 325 4
322 326 -2
322 327 -4
322 328 -1
323 325 4
323 326 4
323 327 -2
323 328 -1
324 325 4
324 326 2
324 327 1
324 328 -1
329 333 1
329 334 -1
329 335 -1
329 336 1
330 333 1
330 334 4
330 335 -4
330 336 2
331 333 2
331 334 -4
331 335 -2
331 336 1
332 333 1
332 334 -1
332 335 -4
332 336 -1
337 341 2
337 342 4
337 343 1
337 344 -4
338 341 -4
338 342 4
338 343 -1
338 344 2
339 341 -1
339 342 4
339 343 1
339 344 2
340 341 -4
340 342 2
340 343 -1
340 344 -2
345 349 1
345 350 1
345 351 -2
345 352 2
346 349 2
346 350 4
346 351 2
346 352 4
347 349 -2
347 350 -2
347 351 -4
347 352 1
348 349 2
348 350 1
348 351 1
348 352 -2
353 357 -2
353 358 -4
353 359 -2
353 360 -1
354 357 1
354 358 -1
354 359 -2
354 360 -4
355 357 -4
355 358 1
355 359 2
355 360 4
356 357 4
356 358 -1
356 359 4
356 360 -4
361 365 4
361 366 4
361 367 -4
361 368 -4
362 365 -2
362 366 -2
362 367 1
362 368 1
363 365 2
363 366 2
363 367 -2
363 368 4
364 365 -1
364 366 -4
364 367 2
364 368 -4
369 373 -4
369 374 4
369 375 2
369 376 -2
370 373 2
370 374 -1
370 375 -1
370 376 -2
371 373 -1
371 374 4
371 375 -4
371 376 2
372 373 4
372 374 2
372 375 1
372 376 1
377 381 -1
377 382 -1
377 383 -2
377 384 -2
378 381 -1
378 382 1
378 383 1
378 384 -4
379 381 1
379 382 1
379 383 -1
379 384 4
380 381 2
380 382 4
380 383 -1
380 384 2
385 389 1
385 390 -1
385 391 -1
385 392 4
386 389 -4
386 390 -2
386 391 -4
386 392 -2
387 389 -2
387 390 4
387 391 1
387 392 -1
388 389 2
388 390 4
388 391 1
388 392 2
393 397 2
393 398 -2
393 399 4
393 400 -2
394 397 1
394 398 -2
394 399 1
394 400 4
395 397 -4
395 398 1
395 399 4
395 400 2
396 397 4
396 398 -1
396 399 4
396 400 2
401 405 -2
401 406 -1
401 407 2
401 408 -1
402 405 4
402 406 -1
402 407 -2
402 408 -2
403 405 -1
403 406 2
403 407 -1
403 408 -2
404 405 -1
404 406 2
404 407 4
404 408 -1
409 413 4
409 414 4
409 415 -4
409 416 2
410 413 1
410 414 -2
410 415 -1
410 416 -1
411 413 2
411 414 2
411 415 1
411 416 -4
412 413 2
412 414 2
412 415 -4
412 416 2
417 421 1
417 422 -4
417 423 -4
417 424 -2
418 421 2
418 422 -4
418 423 -4
418 424 -2
419 421 4
419 422 1
419 423 -1
419 424 -2
420 421 -4
420 422 -4
420 423 2
420 424 -2
425 429 2
425 430 2
425 431 -2
425 432 -4
426 429 -1
426 430 -4
426 431 -1
426 432 1
427 429 2
427 430 -4
427 431 -1
427 432 -2
428 429 -2
428 430 1
428 431 -4
428 432 2
433 437 -4
433 438 -4
433 439 1
433 440 1
434 437 -4
434 438 -2
434 439 -1
434 440 -4
435 437 -2
435 438 1
435 439 1
435 440 -2
436 437 2
436 438 -4
436 439 4
436 440 2
441 445 2
441 446 4
441 447 1
441 448 2
442 445 -2
442 446 -1
442 447 1
442 448 -2
443 445 1
443 446 -1
443 447 2
443 448 2
444 445 4
444 446 -2
444 447 -4
444 448 4
449 453 4
449 454 -4
449 455 2
449 456 4
450 453 -2
450 454 1
450 455 1
450 456 4
451 453 2
451 454 1
451 455 2
451 456 -2
452 453 1
452 454 2
452 455 -2
452 456 2
457 461 2
457 462 -1
457 463 2
457 464 -4
458 461 2
458 462 4
458 463 -4
458 464 -1
459 461 1
459 462 2
459 463 4
459 464 1
460 461 4
460 462 4
460 463 1
460 464 -4
465 469 4
465 470 4
465 471 1
465 472 -2
466 469 -2
466 470 -1
466 471 1
466 472 -4
467 469 -4
467 470 -4
467 471 -2
467 472 1
468 469 4
468 470 2
468 471 -2
468 472 2
473 477 2
473 478 2
473 479 -1
473 480 -4
474 477 4
474 478 -4
474 479 -1
474 480 1
475 477 4
475 478 -1
475 479 1
475 480 -4
476 477 -1
476 478 4
476 479 -4
476 480 4
481 485 2
481 486 -1
481 487 -1
481 488 2
482 485 -4
482 486 -1
482 487 -2
482 488 -1
483 485 -1
483 486 1
483 487 4
483 488 4
484 485 -4
484 486 -1
484 487 -1
484 488 -1
489 493 2
489 494 -2
489 495 -2
489 496 -4
490 493 4
490 494 -1
490 495 2
490 496 -1
491 493 2
491 494 1
491 495 -4
491 496 1
492 493 1
492 494 1
492 495 -2
492 496 4
497 501 2
497 502 2
497 503 -4
497 504 1
498 501 2
498 502 -4
498 503 4
498 504 2
499 501 1
499 502 -4
499 503 -2
499 504 4
500 501 2
500 502 -4
500 503 4
500 504 -4
505 509 4
505 510 2
505 511 4
505 512 2
506 509 4
506 510 2
506 511 -2
506 512 4
507 509 2
507 510 -4
507 511 -1
507 512 2
508 509 2
508 510 2
508 511 -2
508 512 -4
5 13 1
6 14 -4
7 15 2
8 16 -1
13 21 -2
14 22 -2
15 23 -4
16 24 -2
21 29 1
22 30 1
23 31 -1
24 32 -2
29 37 4
30 38 1
31 39 4
32 40 4
37 45 4
38 46 -2
39 47 -2
40 48 1
45 53 -1
46 54 -1
47 55 1
48 56 -2
53 61 4
54 62 -2
55 63 2
56 64 1
69 77 -1
70 78 -4
71 79 -4
72 80 2
77 85 4
78 86 -1
79 87 1
80 88 2
85 93 -4
86 94 4
87 95 -1
88 96 2
93 101 1
94 102 -4
95 103 -4
96 104 -4
101 109 2
102 110 4
103 111 2
104 112 -2
109 117 -2
110 118 1
111 119 -1
112 120 1
117 125 4
118 126 4
119 127 -2
120 128 -4
133 141 1
134 142 2
135 143 -4
136 144 -2
141 149 2
142 150 4
143 151 -1
144 152 -4
149 157 -4
150 158 2
151 159 2
152 160 4
157 165 -4
158 166 -2
159 167 -2
160 168 -1
165 173 2
166 174 2
167 175 2
168 176 1
173 181 -2
174 182 4
175 183 4
176 184 2
181 189 2
182 190 1
183 191 -1
184 192 1
197 205 -4
198 206 2
199 207 2
200 208 1
205 213 2
206 214 -1
207 215 -2
208 216 -1
213 221 1
214 222 -1
215 223 -2
216 224 -1
221 229 -1
222 230 -4
223 231 2
224 232 1
229 237 4
230 238 -1
231 239 1
232 240 4
237 245 1
238 246 -4
239 247 2
240 248 2
245 253 2
246 254 -2
247 255 -2
248 256 -4
261 269 -2
262 270 -2
263 271 -2
264 272 4
269 277 2
270 278 4
271 279 2
272 280 -1
277 285 2
278 286 4
279 287 2
280 288 2
285 293 -2
286 294 4
287 295 -2
288 296 -1
293 301 4
294 302 -4
295 303 1
296 304 1
301 309 4
302 310 1
303 311 2
304 312 -1
309 317 2
310 318 -4
311 319 -4
312 320 -2
325 333 -4
326 334 4
327 335 2
328 336 4
333 341 -1
334 342 -4
335 343 -2
336 344 -2
341 349 2
342 350 2
343 351 1
344 352 1
349 357 2
350 358 1
351 359 -4
352 360 2
357 365 -4
358 366 -4
359 367 2
360 368 -4
365 373 -1
366 374 -2
367 375 -1
368 376 -2
373 381 -2
374 382 4
375 383 1
376 384 -2
389 397 -1
390 398 1
391 399 -4
392 400 4
397 405 -4
398 406 -1
399 407 -2
400 408 1
405 413 -2
406 414 1
407 415 1
408 416 1
413 421 -4
414 422 4
415 423 -2
416 424 -1
421 429 1
422 430 2
423 431 -1
424 432 -2
429 437 4
430 438 1
431 439 -1
432 440 -2
437 445 4
438 446 -2
439 447 -1
440 448 -2
453 461 2
454 462 4
455 463 -2
456 464 2
461 469 2
462 470 -2
463 471 -2
464 472 -2
469 477 -1
470 478 -2
471 479 4
472 480 1
477 485 -2
478 486 2
479 487 -2
480 488 -2
485 493 -4
486 494 2
487 495 1
488 496 2
493 501 -1
494 502 1
495 503 -2
496 504 -2
501 509 -4
502 510 -4
503 511 1
504 512 -2
1 65 1
2 66 -2
3 67 4
4 68 -1
65 129 -2
66 130 -1
67 131 -2
68 132 1
129 193 -2
130 194 -4
131 195 1
132 196 2
193 257 -4
194 258 1
195 259 -2
196 260 1
257 321 4
258 322 2
259 323 4
260 324 -4
321 385 -2
322 386 4
323 387 1
324 388 4
385 449 -4
386 450 -2
387 451 -1
388 452 -2
9 73 2
10 74 4
11 75 4
12 76 1
73 137 -4
74 138 2
75 139 -4
76 140 -1
137 201 -1
138 202 -1
139 203 -1
140 204 4
201 265 4
202 266 1
203 267 4
204 268 -2
265 329 1
266 330 -2
267 331 2
268 332 -4
329 393 4
330 394 1
331 395 4
332 396 -2
393 457 -2
394 458 2
395 459 -4
396 460 -1
17 81 1
18 82 -2
19 83 4
20 84 -4
81 145 1
82 146 1
83 147 4
84 148 -2
145 209 4
146 210 4
147 211 -1
148 212 4
209 273 -1
210 274 1
211 275 -1
212 276 -4
273 337 -2
274 338 -1
275 339 -2
276 340 1
337 401 1
338 402 1
339 403 2
340 404 -1
401 465 -4
402 466 -2
403 467 2
404 468 4
25 89 4
26 90 1
27 91 2
28 92 4
89 153 2
90 154 -2
91 155 -4
92 156 -1
153 217 -1
154 218 -2
155 219 -2
156 220 2
217 281 4
218 282 -4
219 283 4
220 284 -4
281 345 -4
282 346 1
283 347 -2
284 348 1
345 409 -2
346 410 -1
347 411 4
348 412 4
409 473 -4
410 474 -4
411 475 4
412 476 -1
33 97 2
34 98 -4
35 99 -4
36 100 2
97 161 1
98 162 1
99 163 2
100 164 -2
161 225 -1
162 226 -2
163 227 -1
164 228 -2
225 289 1
226 290 4
227 291 4
228 292 -4
289 353 -1
290 354 -2
291 355 -1
292 356 2
353 417 -2
354 418 2
355 419 -4
356 420 2
417 481 -1
418 482 -4
419 483 -4
420 484 -2
41 105 1
42 106 2
43 107 -1
44 108 -4
105 169 -1
106 170 4
107 171 -2
108 172 2
169 233 1
170 234 1
171 235 1
172 236 1
233 297 2
234 298 -1
235 299 2
236 300 -2
297 361 -2
298 362 -4
299 363 -2
300 364 2
361 425 4
362 426 4
363 427 -1
364 428 2
425 489 -1
426 490 -4
427 491 1
428 492 -1
49 113 1
50 114 -4
51 115 -1
52 116 1
113 177 -2
114 178 -1
115 179 -1
116 180 4
177 241 -4
178 242 4
179 243 4
180 244 4
241 305 -1
242 306 1
243 307 -2
244 308 -2
305 369 4
306 370 -2
307 371 1
308 372 1
369 433 -2
370 434 4
371 435 -1
372 436 1
433 497 2
434 498 1
435 499 -2
436 500 -1
57 121 -2
58 122 -1
59 123 4
60 124 -4
121 185 -2
122 186 4
123 187 -1
124 188 2
185 249 4
186 250 4
187 251 4
188 252 2
249 313 -2
250 314 -2
251 315 -4
252 316 4
313 377 4
314 378 -4
315 379 -4
316 380 -4
377 441 -4
378 442 2
379 443 -4
380 444 -4
441 505 2
442 506 -2
443 507 4
444 508 4
