#
1 5 2
1 6 2
1 7 -4
1 8 -4
2 5 2
2 6 2
2 7 1
2 8 -4
3 5 -2
3 6 2
3 7 1
3 8 1
4 5 2
4 6 -1
4 7 1
4 8 4
9 13 4
9 14 4
9 15 -4
9 16 -1
10 13 -2
10 14 4
10 15 1
10 16 2
11 13 -4
11 14 -1
11 15 2
11 16 2
12 13 4
12 14 4
12 15 -2
12 16 4
17 21 -2
17 22 2
17 23 1
17 24 1
18 21 2
18 22 1
18 23 1
18 24 1
19 21 2
19 22 4
19 23 -2
19 24 -4
20 21 -2
20 22 -1
20 23 1
20 24 1
25 29 -4
25 30 -4
25 31 -2
25 32 1
26 29 4
26 30 1
26 31 -4
26 32 -2
27 29 2
27 30 -2
27 31 -4
27 32 -2
28 29 -4
28 30 -2
28 31 -1
28 32 -2
33 37 -4
33 38 2
33 39 2
33 40 -4
34 37 -1
34 38 -1
34 39 -1
34 40 -2
35 37 1
35 38 -4
35 39 2
35 40 1
36 37 4
36 38 1
36 39 1
36 40 2
41 45 4
41 46 2
41 47 2
41 48 2
42 45 1
42 46 1
42 47 1
42 48 1
43 45 -2
43 46 2
43 47 -2
43 48 -2
44 45 2
44 46 2
44 47 -4
44 48 4
49 53 2
49 54 2
49 55 1
49 56 4
50 53 -2
50 54 -1
50 55 -2
50 56 1
51 53 -1
51 54 4
51 55 -4
51 56 1
52 53 -1
52 54 -4
52 55 2
52 56 1
57 61 2
57 62 2
57 63 -2
57 64 -2
58 61 2
58 62 -2
58 63 -1
58 64 -1
59 61 -2
59 62 -1
59 63 4
59 64 -2
60 61 -4
60 62 4
60 63 -1
60 64 -1
65 69 2
65 70 4
65 71 4
65 72 -1
66 69 -2
66 70 -4
66 71 -2
66 72 2
67 69 -2
67 70 1
67 71 -1
67 72 4
68 69 -4
68 70 4
68 71 4
68 72 4
73 77 -4
73 78 2
73 79 2
73 80 -2
74 77 -2
74 78 -1
74 79 1
74 80 2
75 77 1
75 78 1
75 79 -1
75 80 1
76 77 -4
76 78 4
76 79 4
76 80 -2
81 85 -4
81 86 -1
81 87 -1
81 88 4
82 85 2
82 86 1
82 87 1
82 88 -1
83 85 1
83 86 2
83 87 1
83 88 2
84 85 -1
84 86 -2
84 87 -2
84 88 2
89 93 -2
89 94 4
89 95 4
89 96 -2
90 93 -2
90 94 -1
90 95 -1
90 96 -4
91 93 1
91 94 1
91 95 -2
91 96 -1
92 93 -4
92 94 -4
92 95 4
92 96 1
97 101 -4
97 102 -4
97 103 4
97 104 1
98 101 -1
98 102 4
98 103 2
98 104 4
99 101 -1
99 102 2
99 103 4
99 104 -1
100 101 4
100 102 1
100 103 4
100 104 2
105 109 1
105 110 1
105 111 1
105 112 -4
106 109 1
106 110 -2
106 111 2
106 112 4
107 109 -2
107 110 -1
107 111 2
107 112 -4
108 109 4
108 110 -1
108 111 1
108 112 -2
113 117 -1
113 118 1
113 119 -2
113 120 -2
114 117 2
114 118 -4
114 119 -2
114 120 -4
115 117 -4
115 118 -4
115 119 2
115 120 2
116 117 4
116 118 -1
116 119 2
116 120 -2
121 125 1
121 126 -4
121 127 1
121 128 4
122 125 2
122 126 1
122 127 -2
122 128 -1
123 125 -1
123 126 -2
123 127 1
123 128 2
124 125 2
124 126 1
124 127 -1
124 128 -2
129 133 -2
129 134 -2
129 135 2
129 136 -2
130 133 -4
130 134 2
130 135 4
130 136 1
131 133 -2
131 134 -1
131 135 4
131 136 -1
132 133 4
132 134 -4
132 135 1
132 136 2
137 141 1
137 142 2
137 143 1
137 144 2
138 141 2
138 142 2
138 143 -1
138 144 -1
139 141 1
139 142 -2
139 143 -4
139 144 -1
140 141 -2
140 142 2
140 143 2
140 144 -1
145 149 -2
145 150 1
145 151 4
145 152 -2
146 149 4
146 150 -1
146 151 1
146 152 -4
147 149 -4
147 150 2
147 151 2
147 152 1
148 149 2
148 150 1
148 151 1
148 152 -1
153 157 1
153 158 -4
153 159 1
153 160 -2
154 157 -2
154 158 -4
154 159 4
154 160 1
155 157 -1
155 158 2
155 159 1
155 160 -4
156 157 4
156 158 -2
156 159 1
156 160 2
161 165 -2
161 166 -4
161 167 -4
161 168 4
162 165 2
162 166 -1
162 167 1
162 168 -4
163 165 4
163 166 4
163 167 2
163 168 2
164 165 1
164 166 1
164 167 -4
164 168 2
169 173 -2
169 174 -2
169 175 -2
169 176 -4
170 173 2
170 174 -4
170 175 2
170 176 -2
171 173 1
171 174 1
171 175 4
171 176 -4
172 173 -4
172 174 -1
172 175 -1
172 176 -2
177 181 2
177 182 1
177 183 2
177 184 -4
178 181 2
178 182 2
178 183 -2
178 184 1
179 181 -2
179 182 4
179 183 -2
179 184 4
180 181 2
180 182 -4
180 183 4
180 184 -1
185 189 -2
185 190 -1
185 191 2
185 192 -4
186 189 -1
186 190 2
186 191 1
186 192 -1
187 189 1
187 190 4
187 191 1
187 192 -2
188 189 -4
188 190 1
188 191 1
188 192 -4
193 197 2
193 198 1
193 199 -4
193 200 -2
194 197 -1
194 198 -1
194 199 1
194 200 1
195 197 -1
195 198 -4
195 199 -2
195 200 -2
196 197 2
196 198 -1
196 199 -1
196 200 2
201 205 -4
201 206 -4
201 207 -1
201 208 4
202 205 2
202 206 -1
202 207 1
202 208 1
203 205 -2
203 206 1
203 207 -4
203 208 -4
204 205 -1
204 206 -2
204 207 2
204 208 2
209 213 1
209 214 2
209 215 1
209 216 -1
210 213 2
210 214 -2
210 215 2
210 216 1
211 213 -4
211 214 2
211 215 -1
211 216 -1
212 213 -1
212 214 -2
212 215 2
212 216 1
217 221 -1
217 222 2
217 223 4
217 224 -2
218 221 -1
218 222 -1
218 223 2
218 224 -1
219 221 -1
219 222 -1
219 223 -4
219 224 2
220 221 1
220 222 -2
220 223 -2
220 224 -2
225 229 -4
225 230 -4
225 231 1
225 232 4
226 229 -2
226 230 4
226 231 4
226 232 -4
227 229 4
227 230 -1
227 231 1
227 232 2
228 229 2
228 230 -4
228 231 2
228 232 4
233 237 -1
233 238 2
233 239 -2
233 240 1
234 237 -1
234 238 4
234 239 1
234 240 -2
235 237 -2
235 238 4
235 239 -2
235 240 -4
236 237 2
236 238 2
236 239 -4
236 240 4
241 245 -2
241 246 4
241 247 -2
241 248 4
242 245 -4
242 246 -1
242 247 -4
242 248 -1
243 245 -4
243 246 -2
243 247 1
243 248 -2
244 245 4
244 246 4
244 247 1
244 248 1
249 253 4
249 254 -4
249 255 -2
249 256 -1
250 253 -2
250 254 2
250 255 4
250 256 -1
251 253 1
251 254 -2
251 255 2
251 256 -2
252 253 2
252 254 2
252 255 4
252 256 1
257 261 -2
257 262 -1
257 263 2
257 264 4
258 261 1
258 262 2
258 263 -4
258 264 4
259 261 4
259 262 -4
259 263 1
259 264 -4
260 261 -4
260 262 -4
260 263 -4
260 264 2
265 269 4
265 270 1
265 271 4
265 272 -2
266 269 -4
266 270 1
266 271 -2
266 272 -4
267 269 -1
267 270 -2
267 271 4
267 272 1
268 269 2
268 270 -4
268 271 2
268 272 -1
273 277 -2
273 278 4
273 279 4
273 280 -1
274 277 -4
274 278 -4
274 279 -2
274 280 -1
275 277 -4
275 278 2
275 279 -1
275 280 2
276 277 -4
276 278 1
276 279 -4
276 280 2
281 285 -1
281 286 4
281 287 -1
281 288 1
282 285 4
282 286 -2
282 287 2
282 288 1
283 285 -2
283 286 -4
283 287 -1
283 288 2
284 285 -4
284 286 -1
284 287 -1
284 288 -1
289 293 2
289 294 1
289 295 -2
289 296 -1
290 293 4
290 294 2
290 295 -4
290 296 2
291 293 -4
291 294 1
291 295 1
291 296 2
292 293 -4
292 294 -2
292 295 -2
292 296 1
297 301 -1
297 302 -1
297 303 -4
297 304 2
298 301 -2
298 302 -4
298 303 -4
298 304 -4
299 301 -4
299 302 4
299 303 -4
299 304 2
300 301 -4
300 302 -2
300 303 -2
300 304 4
305 309 4
305 310 -2
305 311 -4
305 312 -1
306 309 1
306 310 -4
306 311 -4
306 312 2
307 309 -1
307 310 -4
307 311 1
307 312 2
308 309 4
308 310 -2
308 311 1
308 312 1
313 317 -4
313 318 1
313 319 1
313 320 2
314 317 -2
314 318 -4
314 319 -4
314 320 2
315 317 -1
315 318 -4
315 319 2
315 320 1
316 317 -4
316 318 -1
316 319 -4
316 320 1
321 325 -1
321 326 2
321 327 1
321 328 -4
322 325 2
322 326 2
322 327 2
322 328 -1
323 325 4
323 326 2
323 327 1
323 328 -2
324 325 4
324 326 4
324 327 -2
324 328 4
329 333 4
329 334 -1
329 335 4
329 336 -1
330 333 -1
330 334 -1
330 335 4
330 336 1
331 333 2
331 334 1
331 335 2
331 336 -1
332 333 1
332 334 -1
332 335 4
332 336 4
337 341 -2
337 342 -2
337 343 -2
337 344 4
338 341 4
338 342 -1
338 343 4
338 344 1
339 341 -4
339 342 1
339 343 1
339 344 2
340 341 4
340 342 2
340 343 2
340 344 -1
345 349 2
345 350 -4
345 351 1
345 352 -1
346 349 4
346 350 2
346 351 -1
346 352 -1
347 349 1
347 350 1
347 351 -4
347 352 2
348 349 2
348 350 4
348 351 -4
348 352 -4
353 357 2
353 358 2
353 359 1
353 360 4
354 357 -2
354 358 -1
354 359 -1
354 360 -2
355 357 -4
355 358 -4
355 359 -4
355 360 4
356 357 2
356 358 -1
356 359 -2
356 360 -4
361 365 -4
361 366 -1
361 367 -1
361 368 -4
362 365 -2
362 366 2
362 367 -4
362 368 -4
363 365 -1
363 366 4
363 367 1
363 368 2
364 365 -2
364 366 4
364 367 1
364 368 -4
369 373 -1
369 374 4
369 375 -2
369 376 -4
370 373 2
370 374 2
370 375 -2
370 376 4
371 373 2
371 374 2
371 375 4
371 376 -2
372 373 -2
372 374 -4
372 375 4
372 376 -2
377 381 2
377 382 -1
377 383 4
377 384 -2
378 381 -4
378 382 -1
378 383 -2
378 384 1
379 381 -1
379 382 -1
379 383 1
379 384 -4
380 381 -1
380 382 -1
380 383 -1
380 384 -1
385 389 -2
385 390 -2
385 391 -4
385 392 2
386 389 -4
386 390 -4
386 391 4
386 392 -2
387 389 1
387 390 -2
387 391 -2
387 392 1
388 389 1
388 390 -2
388 391 4
388 392 -1
393 397 -1
393 398 -2
393 399 -1
393 400 4
394 397 4
394 398 -4
394 399 1
394 400 4
395 397 -2
395 398 -4
395 399 -2
395 400 -4
396 397 -2
396 398 1
396 399 -4
396 400 1
401 405 -2
401 406 4
401 407 4
401 408 4
402 405 -4
402 406 4
402 407 2
402 408 2
403 405 2
403 406 2
403 407 2
403 408 1
404 405 2
404 406 4
404 407 -4
404 408 -1
409 413 -2
409 414 -1
409 415 -1
409 416 4
410 413 -4
410 414 2
410 415 1
410 416 4
411 413 4
411 414 -4
411 415 2
411 416 1
412 413 1
412 414 4
412 415 4
412 416 1
417 421 2
417 422 -1
417 423 4
417 424 -2
418 421 4
418 422 -1
418 423 1
418 424 -4
419 421 1
419 422 2
419 423 2
419 424 -4
420 421 4
420 422 2
420 423 4
420 424 4
425 429 2
425 430 -1
425 431 1
425 432 -2
426 429 -1
426 430 -2
426 431 -2
426 432 1
427 429 1
427 430 2
427 431 4
427 432 2
428 429 -1
428 430 2
428 431 2
428 432 1
433 437 2
433 438 -2
433 439 4
433 440 4
434 437 1
434 438 -2
434 439 -4
434 440 4
435 437 1
435 438 2
435 439 4
435 440 1
436 437 -1
436 438 2
436 439 1
436 440 -4
441 445 4
441 446 4
441 447 1
441 448 -1
442 445 -1
442 446 -2
442 447 1
442 448 -1
443 445 2
443 446 -2
443 447 -4
443 448 -1
444 445 -4
444 446 1
444 447 2
444 448 -1
449 453 1
449 454 2
449 455 -2
449 456 -4
450 453 4
450 454 2
450 455 -4
450 456 -4
451 453 1
451 454 -4
451 455 4
451 456 -1
452 453 2
452 454 -1
452 455 1
452 456 1
457 461 -1
457 462 -1
457 463 -4
457 464 1
458 461 1
458 462 1
458 463 -1
458 464 2
459 461 1
459 462 1
459 463 -2
459 464 4
460 461 -2
460 462 -1
460 463 2
460 464 1
465 469 4
465 470 2
465 471 -4
465 472 1
466 469 2
466 470 -2
466 471 -1
466 472 -4
467 469 2
467 470 -1
467 471 2
467 472 -4
468 469 2
468 470 2
468 471 -1
468 472 2
473 477 -4
473 478 2
473 479 1
473 480 2
474 477 -2
474 478 -2
474 479 4
474 480 2
475 477 2
475 478 -4
475 479 2
475 480 2
476 477 4
476 478 -1
476 479 -4
476 480 -1
481 485 1
481 486 2
481 487 -1
481 488 4
482 485 -4
482 486 -4
482 487 4
482 488 -1
483 485 1
483 486 -1
483 487 -1
483 488 2
484 485 1
484 486 -4
484 487 -2
484 488 2
489 493 2
489 494 1
489 495 -2
489 496 2
490 493 4
490 494 1
490 495 1
490 496 2
491 493 2
491 494 -4
491 495 -1
491 496 1
492 493 4
492 494 4
492 495 -4
492 496 -1
497 501 2
497 502 -4
497 503 2
497 504 -4
498 501 4
498 502 2
498 503 2
498 504 1
499 501 1
499 502 2
499 503 -2
499 504 -1
500 501 -4
500 502 -1
500 503 4
500 504 1
505 509 -2
505 510 -2
505 511 -2
505 512 1
506 509 1
506 510 2
506 511 -1
506 512 4
507 509 2
507 510 4
507 511 -1
507 512 -1
508 509 -4
508 510 -4
508 511 -4
508 512 1
5 13 4
6 14 -2
7 15 -1
8 16 4
13 21 -2
14 22 2
15 23 -2
16 24 -4
21 29 1
22 30 1
23 31 -4
24 32 4
29 37 2
30 38 4
31 39 -4
32 40 -2
37 45 -1
38 46 -2
39 47 1
40 48 -1
45 53 -2
46 54 4
47 55 -1
48 56 2
53 61 -2
54 62 -1
55 63 4
56 64 -1
69 77 1
70 78 4
71 79 -4
72 80 1
77 85 -2
78 86 -2
79 87 4
80 88 -2
85 93 4
86 94 4
87 95 -1
88 96 -1
93 101 2
94 102 -2
95 103 1
96 104 2
101 109 -4
102 110 -1
103 111 -4
104 112 4
109 117 2
110 118 1
111 119 -4
112 120 2
117 125 -4
118 126 -1
119 127 -1
120 128 -1
133 141 4
134 142 1
135 143 -4
136 144 -1
141 149 -4
142 150 -2
143 151 4
144 152 2
149 157 2
150 158 2
151 159 -4
152 160 -2
157 165 4
158 166 -2
159 167 -4
160 168 -1
165 173 -2
166 174 -1
167 175 1
168 176 -4
173 181 4
174 182 -1
175 183 -2
176 184 -4
181 189 -2
182 190 4
183 191 -1
184 192 2
197 205 -2
198 206 -4
199 207 -1
200 208 2
205 213 -2
206 214 -4
207 215 2
208 216 -2
213 221 -1
214 222 -1
215 223 -4
216 224 1
221 229 2
222 230 4
223 231 2
224 232 -4
229 237 4
230 238 -2
231 239 -2
232 240 4
237 245 4
238 246 1
239 247 4
240 248 1
245 253 2
246 254 -2
247 255 -1
248 256 -1
261 269 1
262 270 2
263 271 -1
264 272 -1
269 277 2
270 278 -4
271 279 2
272 280 -2
277 285 4
278 286 -4
279 287 1
280 288 -4
285 293 2
286 294 -2
287 295 -1
288 296 -4
293 301 4
294 302 -4
295 303 1
296 304 2
301 309 2
302 310 4
303 311 -1
304 312 1
309 317 -2
310 318 4
311 319 1
312 320 -2
325 333 -4
326 334 -1
327 335 -1
328 336 -2
333 341 -2
334 342 4
335 343 4
336 344 -1
341 349 -1
342 350 -2
343 351 4
344 352 -4
349 357 4
350 358 4
351 359 -4
352 360 1
357 365 1
358 366 4
359 367 4
360 368 1
365 373 -4
366 374 1
367 375 -2
368 376 -4
373 381 2
374 382 -4
375 383 -4
376 384 4
389 397 2
390 398 4
391 399 -4
392 400 2
397 405 -2
398 406 -2
399 407 1
400 408 4
405 413 -4
406 414 -4
407 415 -1
408 416 2
413 421 -2
414 422 1
415 423 -2
416 424 -4
421 429 -1
422 430 2
423 431 2
424 432 2
429 437 -4
430 438 -1
431 439 -4
432 440 -2
437 445 4
438 446 -2
439 447 -2
440 448 -4
453 461 -4
454 462 -2
455 463 4
456 464 2
461 469 -2
462 470 -2
463 471 1
464 472 1
469 477 -2
470 478 4
471 479 2
472 480 -4
477 485 -1
478 486 4
479 487 2
480 488 -1
485 493 -4
486 494 2
487 495 -4
488 496 -1
493 501 1
494 502 1
495 503 2
496 504 2
501 509 -4
502 510 -4
503 511 4
504 512 2
1 65 1
2 66 -1
3 67 2
4 68 -4
65 129 -4
66 130 4
67 131 -2
68 132 -1
129 193 -4
130 194 -2
131 195 1
132 196 2
193 257 -1
194 258 4
195 259 4
196 260 1
257 321 4
258 322 2
259 323 2
260 324 -2
321 385 -1
322 386 -2
323 387 -4
324 388 2
385 449 4
386 450 -1
387 451 1
388 452 -4
9 73 -2
10 74 -1
11 75 -2
12 76 1
73 137 2
74 138 -2
75 139 -2
76 140 2
137 201 -2
138 202 2
139 203 2
140 204 -2
201 265 -1
202 266 -1
203 267 -1
204 268 -1
265 329 1
266 330 4
267 331 -1
268 332 -1
329 393 -1
330 394 1
331 395 -4
332 396 -2
393 457 2
394 458 1
395 459 1
396 460 2
17 81 -1
18 82 -4
19 83 -1
20 84 -1
81 145 -2
82 146 -1
83 147 4
84 148 4
145 209 2
146 210 -1
147 211 -4
148 212 -1
209 273 -2
210 274 4
211 275 2
212 276 2
273 337 -1
274 338 -4
275 339 -1
276 340 -2
337 401 1
338 402 -2
339 403 2
340 404 -2
401 465 4
402 466 1
403 467 1
404 468 1
25 89 2
26 90 -4
27 91 1
28 92 1
89 153 -4
90 154 2
91 155 1
92 156 -1
153 217 -1
154 218 1
155 219 4
156 220 2
217 281 -1
218 282 -1
219 283 4
220 284 -2
281 345 2
282 346 2
283 347 -1
284 348 2
345 409 -2
346 410 -4
347 411 1
348 412 -1
409 473 -4
410 474 -1
411 475 2
412 476 4
33 97 -2
34 98 4
35 99 1
36 100 -1
97 161 -2
98 162 -1
99 163 2
100 164 -1
161 225 -4
162 226 -1
163 227 1
164 228 4
225 289 1
226 290 -2
227 291 -2
228 292 4
289 353 2
290 354 2
291 355 2
292 356 1
353 417 -1
354 418 1
355 419 2
356 420 -2
417 481 -2
418 482 -1
419 483 1
420 484 -1
41 105 1
42 106 2
43 107 2
44 108 -1
105 169 2
106 170 1
107 171 4
108 172 1
169 233 1
170 234 -2
171 235 1
172 236 2
233 297 1
234 298 -1
235 299 2
236 300 -2
297 361 -2
298 362 1
299 363 1
300 364 -2
361 425 -1
362 426 4
363 427 -4
364 428 -1
425 489 -1
426 490 4
427 491 4
428 492 4
49 113 -4
50 114 4
51 115 -4
52 116 4
113 177 2
114 178 -2
115 179 1
116 180 -2
177 241 -1
178 242 2
179 243 -1
180 244 1
241 305 2
242 306 -4
243 307 -1
244 308 -2
305 369 4
306 370 1
307 371 2
308 372 -4
369 433 4
370 434 1
371 435 -4
372 436 -4
433 497 -1
434 498 1
435 499 -2
436 500 2
57 121 -2
58 122 1
59 123 -1
60 124 -1
121 185 -4
122 186 1
123 187 4
124 188 1
185 249 -4
186 250 2
187 251 -1
188 252 -4
249 313 2
250 314 -4
251 315 4
252 316 -1
313 377 4
314 378 -2
315 379 4
316 380 -2
377 441 -4
378 442 2
379 443 -2
380 444 -4
441 505 -1
442 506 2
443 507 -2
444 508 2
