#
1 5 -2
1 6 4
1 7 4
1 8 -4
2 5 -1
2 6 -1
2 7 -1
2 8 -4
3 5 1
3 6 -1
3 7 2
3 8 -4
4 5 -1
4 6 -4
4 7 -1
4 8 4
9 13 1
9 14 1
9 15 1
9 16 1
10 13 -1
10 14 -4
10 15 2
10 16 1
11 13 4
11 14 -1
11 15 1
11 16 -1
12 13 4
12 14 1
12 15 -4
12 16 4
17 21 4
17 22 4
17 23 -1
17 24 2
18 21 -4
18 22 -2
18 23 -4
18 24 4
19 21 4
19 22 2
19 23 -1
19 24 -4
20 21 1
20 22 -1
20 23 2
20 24 -4
25 29 -2
25 30 1
25 31 1
25 32 -2
26 29 4
26 30 2
26 31 2
26 32 1
27 29 -1
27 30 -1
27 31 -4
27 32 4
28 29 -4
28 30 -1
28 31 -1
28 32 1
33 37 -4
33 38 -2
33 39 -2
33 40 1
34 37 -4
34 38 1
34 39 -4
34 40 2
35 37 -1
35 38 4
35 39 1
35 40 -1
36 37 4
36 38 -1
36 39 -4
36 40 -4
41 45 1
41 46 1
41 47 -1
41 48 2
42 45 -1
42 46 1
42 47 -1
42 48 -2
43 45 1
43 46 -1
43 47 -2
43 48 -1
44 45 2
44 46 1
44 47 1
44 48 -1
49 53 1
49 54 4
49 55 2
49 56 -1
50 53 -2
50 54 2
50 55 -1
50 56 -4
51 53 -1
51 54 -2
51 55 -1
51 56 -4
52 53 1
52 54 4
52 55 2
52 56 -4
57 61 -1
57 62 -1
57 63 -4
57 64 -2
58 61 -4
58 62 1
58 63 2
58 64 -1
59 61 1
59 62 -2
59 63 2
59 64 1
60 61 -1
60 62 -1
60 63 2
60 64 4
65 69 4
65 70 -2
65 71 1
65 72 1
66 69 -1
66 70 4
66 71 -4
66 72 -1
67 69 -2
67 70 -1
67 71 -1
67 72 2
68 69 4
68 70 2
68 71 1
68 72 4
73 77 -4
73 78 4
73 79 -2
73 80 -4
74 77 -2
74 78 1
74 79 -2
74 80 -4
75 77 -2
75 78 -2
75 79 4
75 80 1
76 77 1
76 78 4
76 79 4
76 80 2
81 85 -2
81 86 -1
81 87 2
81 88 -2
82 85 -4
82 86 -2
82 87 -1
82 88 1
83 85 -4
83 86 4
83 87 -4
83 88 4
84 85 -1
84 86 1
84 87 1
84 88 1
89 93 4
89 94 -1
89 95 4
89 96 2
90 93 1
90 94 -1
90 95 -4
90 96 -4
91 93 -1
91 94 -4
91 95 4
91 96 -4
92 93 1
92 94 -4
92 95 -4
92 96 2
97 101 1
97 102 1
97 103 2
97 104 -4
98 101 -2
98 102 -2
98 103 4
98 104 4
99 101 -4
99 102 4
99 103 -2
99 104 1
100 101 -4
100 102 4
100 103 -4
100 104 2
105 109 4
105 110 4
105 111 -4
105 112 -2
106 109 -4
106 110 1
106 111 -4
106 112 -4
107 109 4
107 110 2
107 111 -4
107 112 4
108 109 4
108 110 1
108 111 -2
108 112 4
113 117 -2
113 118 -1
113 119 -1
113 120 2
114 117 -1
114 118 -2
114 119 2
114 120 -2
115 117 4
115 118 -1
115 119 -4
115 120 -4
116 117 4
116 118 4
116 119 -4
116 120 -2
121 125 4
121 126 1
121 127 -1
121 128 -4
122 125 1
122 126 -1
122 127 -4
122 128 -4
123 125 1
123 126 4
123 127 2
123 128 4
124 125 -1
124 126 2
124 127 -1
124 128 1
129 133 1
129 134 2
129 135 -4
129 136 2
130 133 -1
130 134 4
130 135 -4
130 136 -1
131 133 4
131 134 2
131 135 4
131 136 -4
132 133 1
132 134 -1
132 135 -2
132 136 -4
137 141 -1
137 142 4
137 143 4
137 144 -2
138 141 -1
138 142 -2
138 143 -2
138 144 1
139 141 -1
139 142 -1
139 143 -2
139 144 4
140 141 2
140 142 -1
140 143 -1
140 144 1
145 149 2
145 150 -4
145 151 -2
145 152 2
146 149 2
146 150 4
146 151 1
146 152 -4
147 149 -1
147 150 1
147 151 -4
147 152 -2
148 149 -2
148 150 -4
148 151 -2
148 152 4
153 157 -1
153 158 2
153 159 1
153 160 1
154 157 -2
154 158 4
154 159 -2
154 160 1
155 157 -1
155 158 4
155 159 1
155 160 1
156 157 1
156 158 -1
156 159 1
156 160 -4
161 165 -2
161 166 4
161 167 1
161 168 -2
162 165 1
162 166 2
162 167 2
162 168 -2
163 165 4
163 166 1
163 167 4
163 168 -4
164 165 1
164 166 1
164 167 1
164 168 1
169 173 -1
169 174 1
169 175 4
169 176 -1
170 173 4
170 174 1
170 175 2
170 176 -2
171 173 1
171 174 2
171 175 -1
171 176 2
172 173 4
172 174 -2
172 175 2
172 176 2
177 181 -2
177 182 -2
177 183 2
177 184 2
178 181 4
178 182 2
178 183 -4
178 184 1
179 181 4
179 182 -2
179 183 -1
179 184 1
180 181 1
180 182 2
180 183 2
180 184 -4
185 189 1
185 190 -4
185 191 1
185 192 4
186 189 -2
186 190 -1
186 191 2
186 192 4
187 189 1
187 190 1
187 191 -4
187 192 1
188 189 4
188 190 2
188 191 -4
188 192 -4
193 197 2
193 198 -4
193 199 -4
193 200 2
194 197 2
194 198 -2
194 199 -4
194 200 4
195 197 1
195 198 4
195 199 4
195 200 -2
196 197 -4
196 198 2
196 199 -4
196 200 -4
201 205 -4
201 206 1
201 207 2
201 208 2
202 205 -2
202 206 4
202 207 2
202 208 4
203 205 -2
203 206 2
203 207 4
203 208 1
204 205 -2
204 206 2
204 207 4
204 208 -4
209 213 2
209 214 -2
209 215 -4
209 216 -4
210 213 4
210 214 2
210 215 -4
210 216 2
211 213 -4
211 214 -4
211 215 1
211 216 4
212 213 -2
212 214 4
212 215 -2
212 216 -1
217 221 -2
217 222 -2
217 223 1
217 224 2
218 221 1
218 222 -2
218 223 4
218 224 -1
219 221 -1
219 222 2
219 223 4
219 224 4
220 221 -2
220 222 -1
220 223 -4
220 224 -2
225 229 1
225 230 -1
225 231 4
225 232 1
226 229 -1
226 230 1
226 231 -2
226 232 -1
227 229 1
227 230 2
227 231 -4
227 232 1
228 229 4
228 230 -2
228 231 -2
228 232 -1
233 237 2
233 238 -2
233 239 4
233 240 -1
234 237 1
234 238 4
234 239 4
234 240 -4
235 237 -1
235 238 2
235 239 -4
235 240 1
236 237 4
236 238 -2
236 239 -2
236 240 4
241 245 -4
241 246 -1
241 247 -4
241 248 1
242 245 1
242 246 2
242 247 -2
242 248 -2
243 245 -4
243 246 2
243 247 -2
243 248 -1
244 245 -4
244 246 -4
244 247 1
244 248 -1
249 253 4
249 254 4
249 255 2
249 256 1
250 253 2
250 254 -4
250 255 -1
250 256 1
251 253 4
251 254 -2
251 255 -1
251 256 4
252 253 -4
252 254 2
252 255 4
252 256 4
257 261 -2
257 262 -4
257 263 1
257 264 -1
258 261 2
258 262 2
258 263 2
258 264 -4
259 261 2
259 262 -2
259 263 -2
259 264 -1
260 261 4
260 262 1
260 263 1
260 264 -1
265 269 2
265 270 -2
265 271 -4
265 272 -1
266 269 -4
266 270 -1
266 271 1
266 272 4
267 269 -1
267 270 4
267 271 -2
267 272 2
268 269 1
268 270 1
268 271 4
268 272 -1
273 277 1
273 278 1
273 279 4
273 280 -2
274 277 1
274 278 -2
274 279 2
274 280 -1
275 277 2
275 278 2
275 279 -1
275 280 -4
276 277 1
276 278 -1
276 279 2
276 280 -4
281 285 2
281 286 2
281 287 -4
281 288 1
282 285 -2
282 286 -4
282 287 -4
282 288 4
283 285 -2
283 286 2
283 287 1
283 288 2
284 285 -2
284 286 -2
284 287 4
284 288 1
289 293 -4
289 294 -4
289 295 -4
289 296 -4
290 293 -4
290 294 -4
290 295 -1
290 296 -1
291 293 -4
291 294 1
291 295 -2
291 296 -4
292 293 4
292 294 -1
292 295 2
292 296 2
297 301 -4
297 302 4
297 303 -4
297 304 4
298 301 2
298 302 -2
298 303 -1
298 304 -2
299 301 4
299 302 -1
299 303 4
299 304 -1
300 301 -4
300 302 -1
300 303 -2
300 304 -4
305 309 4
305 310 2
305 311 -2
305 312 1
306 309 -2
306 310 4
306 311 1
306 312 2
307 309 1
307 310 -1
307 311 -2
307 312 4
308 309 1
308 310 -1
308 311 -1
308 312 1
313 317 -4
313 318 4
313 319 4
313 320 -2
314 317 -4
314 318 2
314 319 -2
314 320 -2
315 317 2
315 318 2
315 319 1
315 320 2
316 317 -2
316 318 4
316 319 -4
316 320 -4
321 325 -4
321 326 -2
321 327 -2
321 328 2
322 325 1
322 326 -2
322 327 2
322 328 4
323 325 -4
323 326 1
323 327 2
323 328 -1
324 325 -4
324 326 2
324 327 -1
324 328 1
329 333 -2
329 334 -2
329 335 -2
329 336 -4
330 333 -2
330 334 1
330 335 4
330 336 1
331 333 -2
331 334 1
331 335 2
331 336 -4
332 333 -4
332 334 -1
332 335 1
332 336 4
337 341 2
337 342 2
337 343 4
337 344 4
338 341 -1
338 342 4
338 343 4
338 344 -2
339 341 1
339 342 -1
339 343 4
339 344 2
340 341 -2
340 342 2
340 343 4
340 344 -1
345 349 -2
345 350 -4
345 351 -2
345 352 4
346 349 -2
346 350 -1
346 351 2
346 352 -4
347 349 1
347 350 1
347 351 -1
347 352 1
348 349 4
348 350 -1
348 351 4
348 352 -1
353 357 -4
353 358 -1
353 359 2
353 360 -4
354 357 -2
354 358 1
354 359 4
354 360 -4
355 357 -2
355 358 1
355 359 4
355 360 -1
356 357 -4
356 358 2
356 359 2
356 360 2
361 365 -2
361 366 -4
361 367 1
361 368 1
362 365 -1
362 366 -4
362 367 1
362 368 4
363 365 -1
363 366 4
363 367 4
363 368 2
364 365 2
364 366 4
364 367 2
364 368 1
369 373 1
369 374 1
369 375 -4
369 376 -2
370 373 -2
370 374 -1
370 375 -2
370 376 4
371 373 -2
371 374 4
371 375 2
371 376 1
372 373 -4
372 374 -1
372 375 2
372 376 -4
377 381 2
377 382 4
377 383 -1
377 384 1
378 381 -1
378 382 -4
378 383 -1
378 384 -1
379 381 -4
379 382 4
379 383 1
379 384 -4
380 381 -2
380 382 -4
380 383 4
380 384 -1
385 389 -4
385 390 -4
385 391 -4
385 392 2
386 389 2
386 390 -1
386 391 -4
386 392 1
387 389 1
387 390 -1
387 391 -2
387 392 2
388 389 4
388 390 4
388 391 -4
388 392 -1
393 397 4
393 398 -4
393 399 -4
393 400 4
394 397 -4
394 398 -2
394 399 2
394 400 1
395 397 -2
395 398 1
395 399 2
395 400 4
396 397 -2
396 398 -2
396 399 -1
396 400 4
401 405 1
401 406 -1
401 407 -4
401 408 -4
402 405 2
402 406 -1
402 407 -2
402 408 -2
403 405 -4
403 406 4
403 407 1
403 408 4
404 405 -1
404 406 2
404 407 -2
404 408 1
409 413 2
409 414 1
409 415 1
409 416 2
410 413 -1
410 414 1
410 415 -4
410 416 -4
411 413 -2
411 414 -2
411 415 -2
411 416 -4
412 413 1
412 414 -1
412 415 -1
412 416 4
417 421 -2
417 422 4
417 423 4
417 424 -2
418 421 -2
418 422 -4
418 423 -2
418 424 2
419 421 -2
419 422 -2
419 423 1
419 424 -1
420 421 -1
420 422 -4
420 423 -1
420 424 -1
425 429 2
425 430 1
425 431 -4
425 432 4
426 429 -4
426 430 4
426 431 -1
426 432 1
427 429 2
427 430 1
427 431 -2
427 432 -4
428 429 2
428 430 1
428 431 2
428 432 -2
433 437 4
433 438 1
433 439 -2
433 440 4
434 437 4
434 438 4
434 439 -1
434 440 4
435 437 2
435 438 2
435 439 1
435 440 4
436 437 -2
436 438 -2
436 439 1
436 440 1
441 445 -2
441 446 1
441 447 2
441 448 -4
442 445 -1
442 446 2
442 447 4
442 448 2
443 445 1
443 446 -2
443 447 4
443 448 1
444 445 2
444 446 1
444 447 -1
444 448 4
449 453 2
449 454 -1
449 455 1
449 456 1
450 453 1
450 454 4
450 455 1
450 456 -4
451 453 -2
451 454 4
451 455 -2
451 456 -1
452 453 4
452 454 4
452 455 2
452 456 -4
457 461 -1
457 462 2
457 463 -4
457 464 2
458 461 2
458 462 -4
458 463 4
458 464 2
459 461 4
459 462 -4
459 463 -2
459 464 1
460 461 2
460 462 1
460 463 1
460 464 -1
465 469 -1
465 470 -4
465 471 -1
465 472 2
466 469 -4
466 470 1
466 471 4
466 472 4
467 469 -1
467 470 1
467 471 2
467 472 4
468 469 1
468 470 1
468 471 -1
468 472 -4
473 477 4
473 478 1
473 479 -4
473 480 -4
474 477 1
474 478 -4
474 479 4
474 480 4
475 477 4
475 478 4
475 479 -1
475 480 2
476 477 -2
476 478 -1
476 479 -4
476 480 4
481 485 -1
481 486 1
481 487 -4
481 488 -4
482 485 -2
482 486 -2
482 487 2
482 488 2
483 485 -4
483 486 2
483 487 -1
483 488 -2
484 485 2
484 486 -1
484 487 -2
484 488 -2
489 493 4
489 494 4
489 495 -2
489 496 -2
490 493 -4
490 494 -2
490 495 -4
490 496 1
491 493 1
491 494 4
491 495 2
491 496 1
492 493 4
492 494 4
492 495 -2
492 496 1
497 501 1
497 502 -1
497 503 -2
497 504 4
498 501 -1
498 502 2
498 503 -2
498 504 4
499 501 -4
499 502 -4
499 503 -4
499 504 -4
500 501 -4
500 502 1
500 503 4
500 504 -1
505 509 -2
505 510 -4
505 511 -2
505 512 4
506 509 -2
506 510 1
506 511 -4
506 512 2
507 509 4
507 510 -1
507 511 1
507 512 1
508 509 4
508 510 -4
508 511 1
508 512 2
5 13 4
6 14 4
7 15 -1
8 16 4
13 21 -4
14 22 4
15 23 2
16 24 -2
21 29 4
22 30 2
23 31 1
24 32 -1
29 37 -4
30 38 -4
31 39 -1
32 40 4
37 45 2
38 46 2
39 47 2
40 48 -2
45 53 1
46 54 4
47 55 2
48 56 -4
53 61 1
54 62 4
55 63 -4
56 64 1
69 77 1
70 78 -4
71 79 1
72 80 4
77 85 -2
78 86 2
79 87 -4
80 88 2
85 93 4
86 94 -4
87 95 2
88 96 -1
93 101 1
94 102 -4
95 103 -4
96 104 4
101 109 1
102 110 1
103 111 2
104 112 -2
109 117 1
110 118 -4
111 119 -4
112 120 2
117 125 -1
118 126 4
119 127 1
120 128 2
133 141 2
134 142 1
135 143 -4
136 144 -2
141 149 4
142 150 2
143 151 -2
144 152 -2
149 157 -1
150 158 2
151 159 4
152 160 2
157 165 4
158 166 4
159 167 2
160 168 -1
165 173 -2
166 174 -4
167 175 2
168 176 -2
173 181 -2
174 182 1
175 183 2
176 184 4
181 189 -4
182 190 4
183 191 4
184 192 1
197 205 -4
198 206 -4
199 207 2
200 208 1
205 213 2
206 214 1
207 215 4
208 216 1
213 221 2
214 222 1
215 223 2
216 224 1
221 229 -4
222 230 1
223 231 2
224 232 4
229 237 -1
230 238 -1
231 239 1
232 240 -4
237 245 2
238 246 1
239 247 -2
240 248 -1
245 253 -4
246 254 -4
247 255 2
248 256 -1
261 269 -1
262 270 -4
263 271 1
264 272 -2
269 277 -1
270 278 -4
271 279 1
272 280 -4
277 285 -4
278 286 -1
279 287 -4
280 288 4
285 293 4
286 294 1
287 295 2
288 296 4
293 301 4
294 302 -1
295 303 -4
296 304 2
301 309 2
302 310 4
303 311 -2
304 312 -4
309 317 -4
310 318 2
311 319 -2
312 320 -2
325 333 -2
326 334 4
327 335 1
328 336 -4
333 341 -4
334 342 1
335 343 -4
336 344 4
341 349 2
342 350 -1
343 351 -1
344 352 2
349 357 -4
350 358 1
351 359 2
352 360 -1
357 365 1
358 366 -2
359 367 4
360 368 -4
365 373 -1
366 374 4
367 375 -2
368 376 4
373 381 -4
374 382 -1
375 383 4
376 384 -1
389 397 -2
390 398 1
391 399 2
392 400 -4
397 405 -1
398 406 4
399 407 4
400 408 2
405 413 1
406 414 2
407 415 4
408 416 2
413 421 -2
414 422 1
415 423 1
416 424 4
421 429 1
422 430 4
423 431 -1
424 432 4
429 437 -1
430 438 2
431 439 4
432 440 -4
437 445 -2
438 446 1
439 447 -1
440 448 4
453 461 -2
454 462 -2
455 463 -1
456 464 -4
461 469 2
462 470 1
463 471 2
464 472 2
469 477 4
470 478 1
471 479 1
472 480 1
477 485 -2
478 486 -2
479 487 -1
480 488 4
485 493 -1
486 494 1
487 495 2
488 496 -2
493 501 4
494 502 -2
495 503 1
496 504 -2
501 509 4
502 510 -2
503 511 1
504 512 4
1 65 4
2 66 -1
3 67 4
4 68 -2
65 129 -2
66 130 2
67 131 1
68 132 1
129 193 -2
130 194 -2
131 195 2
132 196 -4
193 257 2
194 258 1
195 259 1
196 260 -1
257 321 4
258 322 -4
259 323 -4
260 324 -2
321 385 -2
322 386 -2
323 387 -2
324 388 -4
385 449 -2
386 450 1
387 451 1
388 452 2
9 73 1
10 74 -4
11 75 1
12 76 -2
73 137 -1
74 138 4
75 139 -4
76 140 -4
137 201 -4
138 202 1
139 203 -4
140 204 2
201 265 -4
202 266 2
203 267 4
204 268 4
265 329 -2
266 330 1
267 331 -4
268 332 4
329 393 4
330 394 -1
331 395 -2
332 396 4
393 457 -1
394 458 4
395 459 1
396 460 -2
17 81 -1
18 82 4
19 83 -4
20 84 4
81 145 -4
82 146 1
83 147 -4
84 148 -4
145 209 -4
146 210 1
147 211 -4
148 212 2
209 273 -4
210 274 2
211 275 2
212 276 -2
273 337 2
274 338 -2
275 339 4
276 340 -1
337 401 2
338 402 -2
339 403 -2
340 404 4
401 465 4
402 466 1
403 467 -4
404 468 2
25 89 1
26 90 4
27 91 4
28 92 -2
89 153 2
90 154 4
91 155 1
92 156 1
153 217 -2
154 218 -2
155 219 -4
156 220 -4
217 281 4
218 282 4
219 283 2
220 284 -1
281 345 4
282 346 -1
283 347 -1
284 348 -1
345 409 4
346 410 -1
347 411 -2
348 412 -2
409 473 -2
410 474 -1
411 475 -1
412 476 4
33 97 2
34 98 -2
35 99 -4
36 100 4
97 161 2
98 162 -2
99 163 -4
100 164 -1
161 225 4
162 226 -2
163 227 -2
164 228 1
225 289 -2
226 290 2
227 291 -2
228 292 -4
289 353 -2
290 354 -4
291 355 1
292 356 2
353 417 -4
354 418 -4
355 419 -2
356 420 -1
417 481 4
418 482 -4
419 483 -2
420 484 -4
41 105 4
42 106 1
43 107 -1
44 108 -2
105 169 4
106 170 -1
107 171 -1
108 172 2
169 233 4
170 234 2
171 235 -2
172 236 4
233 297 2
234 298 4
235 299 -1
236 300 -1
297 361 1
298 362 -4
299 363 2
300 364 -1
361 425 -2
362 426 -2
363 427 2
364 428 -2
425 489 -4
426 490 1
427 491 1
428 492 1
49 113 1
50 114 -4
51 115 4
52 116 2
113 177 -1
114 178 2
115 179 -1
116 180 -1
177 241 4
178 242 2
179 243 4
180 244 4
241 305 -2
242 306 2
243 307 4
244 308 1
305 369 -4
306 370 1
307 371 2
308 372 2
369 433 -2
370 434 -4
371 435 -1
372 436 1
433 497 4
434 498 -2
435 499 1
436 500 4
57 121 2
58 122 1
59 123 -2
60 124 -4
121 185 -2
122 186 -2
123 187 1
124 188 -2
185 249 -2
186 250 -2
187 251 4
188 252 -1
249 313 2
250 314 4
251 315 -4
252 316 -4
313 377 -4
314 378 -1
315 379 -1
316 380 2
377 441 -2
378 442 -2
379 443 -2
380 444 4
441 505 -2
442 506 -4
443 507 4
444 508 4
