#
1 5 -4
1 6 1
1 7 1
1 8 4
2 5 -4
2 6 -4
2 7 -1
2 8 1
3 5 2
3 6 -4
3 7 4
3 8 -2
4 5 2
4 6 -1
4 7 4
4 8 -4
9 13 1
9 14 2
9 15 4
9 16 -2
10 13 -4
10 14 -1
10 15 -2
10 16 4
11 13 -2
11 14 4
11 15 4
11 16 -2
12 13 -1
12 14 1
12 15 -1
12 16 -1
17 21 -2
17 22 -4
17 23 2
17 24 -4
18 21 2
18 22 4
18 23 -1
18 24 -4
19 21 -4
19 22 -4
19 23 -1
19 24 -1
20 21 4
20 22 1
20 23 1
20 24 4
25 29 -4
25 30 -2
25 31 -2
25 32 -1
26 29 4
26 30 4
26 31 -2
26 32 -4
27 29 -2
27 30 4
27 31 -4
27 32 -2
28 29 -2
28 30 1
28 31 4
28 32 1
33 37 1
33 38 -2
33 39 4
33 40 1
34 37 4
34 38 2
34 39 4
34 40 1
35 37 -4
35 38 2
35 39 1
35 40 -1
36 37 2
36 38 4
36 39 -2
36 40 -4
41 45 -4
41 46 -4
41 47 -4
41 48 4
42 45 4
42 46 -4
42 47 1
42 48 -1
43 45 -1
43 46 4
43 47 -4
43 48 -2
44 45 4
44 46 1
44 47 4
44 48 2
49 53 2
49 54 -1
49 55 1
49 56 2
50 53 -2
50 54 -1
50 55 -1
50 56 2
51 53 -1
51 54 -2
51 55 -1
51 56 2
52 53 -2
52 54 -4
52 55 -1
52 56 4
57 61 -1
57 62 2
57 63 4
57 64 2
58 61 -4
58 62 2
58 63 2
58 64 -2
59 61 2
59 62 -2
59 63 -2
59 64 -2
60 61 4
60 62 4
60 63 -4
60 64 4
65 69 -2
65 70 -2
65 71 1
65 72 1
66 69 -4
66 70 -4
66 71 4
66 72 -2
67 69 -1
67 70 4
67 71 2
67 72 1
68 69 -4
68 70 -4
68 71 -1
68 72 -1
73 77 2
73 78 4
73 79 4
73 80 4
74 77 2
74 78 -2
74 79 1
74 80 1
75 77 -1
75 78 -4
75 79 -1
75 80 1
76 77 -4
76 78 -4
76 79 -2
76 80 -1
81 85 4
81 86 -1
81 87 -4
81 88 4
82 85 1
82 86 -2
82 87 -1
82 88 1
83 85 2
83 86 4
83 87 -4
83 88 1
84 85 -4
84 86 -1
84 87 -4
84 88 -2
89 93 -2
89 94 -1
89 95 2
89 96 -1
90 93 -2
90 94 2
90 95 -2
90 96 -4
91 93 4
91 94 4
91 95 -1
91 96 1
92 93 1
92 94 -1
92 95 1
92 96 -4
97 101 2
97 102 -2
97 103 2
97 104 1
98 101 -4
98 102 -4
98 103 -2
98 104 -1
99 101 1
99 102 -2
99 103 -1
99 104 1
100 101 4
100 102 -4
100 103 -2
100 104 -4
105 109 -2
105 110 1
105 111 -2
105 112 -4
106 109 -4
106 110 -4
106 111 2
106 112 -2
107 109 -1
107 110 -4
107 111 2
107 112 -1
108 109 1
108 110 -4
108 111 -1
108 112 -4
113 117 1
113 118 1
113 119 1
113 120 -4
114 117 4
114 118 -4
114 119 4
114 120 -4
115 117 1
115 118 -2
115 119 -1
115 120 -1
116 117 -4
116 118 1
116 119 -1
116 120 -2
121 125 -4
121 126 -2
121 127 2
121 128 1
122 125 -2
122 126 -1
122 127 1
122 128 2
123 125 4
123 126 1
123 127 1
123 128 1
124 125 -4
124 126 -4
124 127 2
124 128 -1
129 133 4
129 134 -2
129 135 4
129 136 4
130 133 4
130 134 4
130 135 2
130 136 4
131 133 -1
131 134 4
131 135 4
131 136 -1
132 133 -2
132 134 -4
132 135 -2
132 136 -4
137 141 -4
137 142 -4
137 143 -1
137 144 -1
138 141 4
138 142 4
138 143 -4
138 144 -2
139 141 2
139 142 4
139 143 1
139 144 2
140 141 -4
140 142 2
140 143 2
140 144 -4
145 149 -2
145 150 1
145 151 4
145 152 1
146 149 -4
146 150 2
146 151 4
146 152 2
147 149 4
147 150 4
147 151 4
147 152 1
148 149 -4
148 150 1
148 151 1
148 152 4
153 157 4
153 158 -2
153 159 1
153 160 -1
154 157 -2
154 158 2
154 159 -4
154 160 -4
155 157 -4
155 158 -4
155 159 1
155 160 -4
156 157 2
156 158 2
156 159 4
156 160 4
161 165 -1
161 166 -4
161 167 -4
161 168 2
162 165 -4
162 166 4
162 167 -1
162 168 -4
163 165 -4
163 166 -4
163 167 4
163 168 -1
164 165 4
164 166 2
164 167 1
164 168 4
169 173 2
169 174 -1
169 175 2
169 176 -1
170 173 1
170 174 1
170 175 4
170 176 -1
171 173 -1
171 174 -2
171 175 2
171 176 -4
172 173 4
172 174 -2
172 175 -2
172 176 -1
177 181 -1
177 182 -1
177 183 1
177 184 -4
178 181 2
178 182 2
178 183 -4
178 184 -1
179 181 -1
179 182 4
179 183 2
179 184 1
180 181 4
180 182 1
180 183 -2
180 184 -4
185 189 -2
185 190 1
185 191 2
185 192 -1
186 189 -2
186 190 2
186 191 -2
186 192 1
187 189 -2
187 190 -4
187 191 -2
187 192 -4
188 189 -2
188 190 4
188 191 -1
188 192 -4
193 197 -1
193 198 4
193 199 4
193 200 2
194 197 2
194 198 -1
194 199 -1
194 200 -1
195 197 2
195 198 4
195 199 -2
195 200 4
196 197 4
196 198 2
196 199 -4
196 200 -2
201 205 -1
201 206 -4
201 207 -2
201 208 2
202 205 1
202 206 4
202 207 -2
202 208 4
203 205 -4
203 206 2
203 207 -2
203 208 -4
204 205 2
204 206 2
204 207 2
204 208 2
209 213 1
209 214 -1
209 215 -1
209 216 4
210 213 -2
210 214 -1
210 215 2
210 216 4
211 213 -4
211 214 -1
211 215 -1
211 216 4
212 213 2
212 214 -4
212 215 4
212 216 4
217 221 -4
217 222 4
217 223 4
217 224 1
218 221 1
218 222 -2
218 223 1
218 224 4
219 221 2
219 222 4
219 223 2
219 224 -2
220 221 -1
220 222 -4
220 223 -2
220 224 -1
225 229 -1
225 230 -2
225 231 2
225 232 1
226 229 -4
226 230 -2
226 231 2
226 232 -4
227 229 -4
227 230 1
227 231 -4
227 232 1
228 229 -2
228 230 -2
228 231 -1
228 232 -1
233 237 4
233 238 -1
233 239 -1
233 240 2
234 237 -2
234 238 4
234 239 -4
234 240 4
235 237 -1
235 238 -2
235 239 1
235 240 -1
236 237 -4
236 238 -4
236 239 -1
236 240 2
241 245 1
241 246 2
241 247 -1
241 248 2
242 245 -1
242 246 -1
242 247 -1
242 248 -4
243 245 4
243 246 -2
243 247 -2
243 248 -2
244 245 -1
244 246 2
244 247 1
244 248 1
249 253 1
249 254 2
249 255 -4
249 256 4
250 253 2
250 254 -4
250 255 1
250 256 -1
251 253 -2
251 254 2
251 255 -2
251 256 -2
252 253 2
252 254 1
252 255 4
252 256 4
257 261 1
257 262 4
257 263 2
257 264 2
258 261 -4
258 262 -2
258 263 4
258 264 -4
259 261 -1
259 262 -2
259 263 -1
259 264 2
260 261 2
260 262 -1
260 263 -1
260 264 -2
265 269 -1
265 270 -1
265 271 1
265 272 -4
266 269 -2
266 270 -1
266 271 4
266 272 -1
267 269 1
267 270 -1
267 271 -4
267 272 4
268 269 -2
268 270 1
268 271 -4
268 272 -4
273 277 -1
273 278 4
273 279 -4
273 280 -2
274 277 -4
274 278 -2
274 279 1
274 280 -2
275 277 -2
275 278 -2
275 279 -4
275 280 -2
276 277 -1
276 278 -4
276 279 -1
276 280 2
281 285 -1
281 286 -4
281 287 1
281 288 2
282 285 4
282 286 -1
282 287 1
282 288 -2
283 285 -4
283 286 4
283 287 -4
283 288 1
284 285 2
284 286 -4
284 287 -4
284 288 1
289 293 -4
289 294 -4
289 295 1
289 296 -2
290 293 -1
290 294 -4
290 295 1
290 296 4
291 293 2
291 294 -2
291 295 2
291 296 -2
292 293 -4
292 294 4
292 295 1
292 296 -4
297 301 -4
297 302 1
297 303 2
297 304 4
298 301 -4
298 302 1
298 303 2
298 304 2
299 301 -4
299 302 4
299 303 4
299 304 -4
300 301 -1
300 302 1
300 303 1
300 304 -2
305 309 -4
305 310 -2
305 311 -4
305 312 -2
306 309 4
306 310 4
306 311 1
306 312 4
307 309 1
307 310 2
307 311 2
307 312 -2
308 309 1
308 310 -1
308 311 4
308 312 -1
313 317 2
313 318 4
313 319 4
313 320 2
314 317 4
314 318 1
314 319 4
314 320 -4
315 317 -4
315 318 2
315 319 4
315 320 1
316 317 -2
316 318 2
316 319 1
316 320 1
321 325 4
321 326 -2
321 327 -1
321 328 -1
322 325 4
322 326 -2
322 327 -1
322 328 -2
323 325 4
323 326 4
323 327 -4
323 328 4
324 325 -1
324 326 4
324 327 2
324 328 -4
329 333 -2
329 334 -4
329 335 -4
329 336 -1
330 333 1
330 334 -2
330 335 2
330 336 2
331 333 -4
331 334 -4
331 335 -2
331 336 4
332 333 -2
332 334 -4
332 335 2
332 336 -4
337 341 2
337 342 2
337 343 -4
337 344 -4
338 341 1
338 342 2
338 343 -4
338 344 1
339 341 -1
339 342 -4
339 343 -4
339 344 -2
340 341 2
340 342 2
340 343 -1
340 344 -2
345 349 -1
345 350 1
345 351 -2
345 352 4
346 349 4
346 350 -4
346 351 -2
346 352 1
347 349 -1
347 350 -1
347 351 -1
347 352 1
348 349 -2
348 350 -2
348 351 2
348 352 -4
353 357 1
353 358 2
353 359 2
353 360 -4
354 357 -1
354 358 4
354 359 -4
354 360 1
355 357 -1
355 358 -2
355 359 2
355 360 -1
356 357 -1
356 358 -1
356 359 -4
356 360 -1
361 365 1
361 366 -1
361 367 -4
361 368 -2
362 365 1
362 366 -2
362 367 -1
362 368 4
363 365 1
363 366 1
363 367 -4
363 368 -1
364 365 -4
364 366 4
364 367 -1
364 368 2
369 373 -1
369 374 -1
369 375 -2
369 376 -2
370 373 -2
370 374 -4
370 375 2
370 376 -2
371 373 -2
371 374 4
371 375 1
371 376 4
372 373 1
372 374 2
372 375 -4
372 376 -1
377 381 2
377 382 4
377 383 -4
377 384 2
378 381 -1
378 382 2
378 383 2
378 384 -4
379 381 -1
379 382 -4
379 383 4
379 384 4
380 381 4
380 382 -2
380 383 -1
380 384 4
385 389 4
385 390 1
385 391 4
385 392 -1
386 389 1
386 390 2
386 391 -4
386 392 -1
387 389 4
387 390 2
387 391 4
387 392 2
388 389 -2
388 390 -1
388 391 2
388 392 2
393 397 -1
393 398 -2
393 399 -4
393 400 1
394 397 2
394 398 4
394 399 -1
394 400 -4
395 397 -1
395 398 -4
395 399 -2
395 400 1
396 397 -4
396 398 -2
396 399 -1
396 400 -4
401 405 1
401 406 1
401 407 2
401 408 2
402 405 1
402 406 -4
402 407 1
402 408 -4
403 405 4
403 406 -2
403 407 4
403 408 1
404 405 4
404 406 1
404 407 -4
404 408 -4
409 413 2
409 414 -4
409 415 -2
409 416 -2
410 413 -2
410 414 -1
410 415 2
410 416 -4
411 413 2
411 414 2
411 415 4
411 416 1
412 413 1
412 414 4
412 415 -4
412 416 -1
417 421 2
417 422 -1
417 423 1
417 424 -4
418 421 4
418 422 -4
418 423 -1
418 424 -1
419 421 -2
419 422 -2
419 423 -1
419 424 -4
420 421 1
420 422 1
420 423 -1
420 424 -1
425 429 1
425 430 1
425 431 2
425 432 -2
426 429 1
426 430 2
426 431 -2
426 432 4
427 429 4
427 430 -4
427 431 4
427 432 -2
428 429 -1
428 430 2
428 431 2
428 432 -1
433 437 4
433 438 1
433 439 1
433 440 2
434 437 1
434 438 4
434 439 4
434 440 -1
435 437 -2
435 438 -1
435 439 2
435 440 -4
436 437 2
436 438 4
436 439 -2
436 440 -4
441 445 2
441 446 4
441 447 -1
441 448 1
442 445 -4
442 446 2
442 447 -2
442 448 2
443 445 -2
443 446 1
443 447 -1
443 448 -4
444 445 -4
444 446 4
444 447 1
444 448 2
449 453 -2
449 454 -2
449 455 -2
449 456 1
450 453 -2
450 454 1
450 455 4
450 456 4
451 453 -4
451 454 -1
451 455 1
451 456 -2
452 453 -2
452 454 1
452 455 -2
452 456 1
457 461 2
457 462 4
457 463 -4
457 464 -1
458 461 -2
458 462 -4
458 463 -1
458 464 -2
459 461 -1
459 462 -2
459 463 -2
459 464 4
460 461 2
460 462 1
460 463 -1
460 464 -2
465 469 4
465 470 -2
465 471 1
465 472 4
466 469 -2
466 470 -2
466 471 -2
466 472 -1
467 469 -2
467 470 4
467 471 -4
467 472 2
468 469 1
468 470 4
468 471 -1
468 472 -2
473 477 -1
473 478 -1
473 479 1
473 480 -1
474 477 -4
474 478 1
474 479 1
474 480 -4
475 477 2
475 478 -1
475 479 -4
475 480 2
476 477 1
476 478 2
476 479 -4
476 480 2
481 485 -4
481 486 1
481 487 -2
481 488 1
482 485 2
482 486 1
482 487 4
482 488 2
483 485 2
483 486 -1
483 487 2
483 488 -2
484 485 4
484 486 2
484 487 2
484 488 -4
489 493 4
489 494 2
489 495 1
489 496 -1
490 493 4
490 494 1
490 495 -4
490 496 -2
491 493 -1
491 494 -2
491 495 4
491 496 2
492 493 -2
492 494 -1
492 495 -2
492 496 -1
497 501 1
497 502 -2
497 503 -1
497 504 -2
498 501 -1
498 502 1
498 503 1
498 504 -4
499 501 -4
499 502 2
499 503 2
499 504 4
500 501 -2
500 502 -2
500 503 -1
500 504 1
505 509 4
505 510 -2
505 511 1
505 512 4
506 509 -4
506 510 -4
506 511 -1
506 512 1
507 509 1
507 510 -2
507 511 1
507 512 4
508 509 -4
508 510 -1
508 511 -1
508 512 -2
5 13 -2
6 14 2
7 15 -2
8 16 -2
13 21 -1
14 22 -2
15 23 4
16 24 -2
21 29 -1
22 30 -4
23 31 -4
24 32 -1
29 37 2
30 38 2
31 39 4
32 40 -1
37 45 4
38 46 -4
39 47 -1
40 48 2
45 53 -1
46 54 -2
47 55 4
48 56 1
53 61 1
54 62 -1
55 63 -4
56 64 4
69 77 -4
70 78 4
71 79 4
72 80 -4
77 85 -1
78 86 4
79 87 1
80 88 -2
85 93 4
86 94 -2
87 95 4
88 96 -2
93 101 -1
94 102 -4
95 103 2
96 104 1
101 109 -1
102 110 -1
103 111 -1
104 112 1
109 117 -4
110 118 4
111 119 -1
112 120 4
117 125 1
118 126 2
119 127 1
120 128 -2
133 141 4
134 142 -1
135 143 2
136 144 -4
141 149 -4
142 150 1
143 151 2
144 152 -2
149 157 4
150 158 -2
151 159 -2
152 160 -4
157 165 -2
158 166 2
159 167 2
160 168 4
165 173 -4
166 174 -2
167 175 -4
168 176 1
173 181 1
174 182 1
175 183 4
176 184 -1
181 189 -2
182 190 1
183 191 -1
184 192 -4
197 205 -1
198 206 -4
199 207 -4
200 208 1
205 213 1
206 214 1
207 215 -4
208 216 -1
213 221 -2
214 222 4
215 223 4
216 224 4
221 229 -2
222 230 -1
223 231 -2
224 232 -2
229 237 1
230 238 -4
231 239 -4
232 240 -1
237 245 1
238 246 -2
239 247 -4
240 248 -1
245 253 -1
246 254 -2
247 255 -4
248 256 -1
261 269 -4
262 270 -1
263 271 -2
264 272 -2
269 277 1
270 278 4
271 279 2
272 280 -1
277 285 -1
278 286 -1
279 287 4
280 288 -2
285 293 2
286 294 2
287 295 -1
288 296 -2
293 301 -2
294 302 -1
295 303 -1
296 304 1
301 309 4
302 310 1
303 311 -1
304 312 -1
309 317 -4
310 318 -4
311 319 4
312 320 -2
325 333 -4
326 334 1
327 335 -2
328 336 -1
333 341 -4
334 342 4
335 343 4
336 344 4
341 349 -1
342 350 -1
343 351 1
344 352 2
349 357 4
350 358 -1
351 359 -4
352 360 -1
357 365 1
358 366 -2
359 367 2
360 368 1
365 373 -1
366 374 4
367 375 -4
368 376 4
373 381 4
374 382 -4
375 383 1
376 384 -4
389 397 2
390 398 4
391 399 2
392 400 2
397 405 -2
398 406 -4
399 407 -1
400 408 2
405 413 4
406 414 2
407 415 -1
408 416 -2
413 421 4
414 422 1
415 423 -4
416 424 -4
421 429 -2
422 430 4
423 431 -1
424 432 4
429 437 4
430 438 4
431 439 -2
432 440 -4
437 445 2
438 446 -1
439 447 4
440 448 -2
453 461 4
454 462 1
455 463 4
456 464 1
461 469 -4
462 470 -2
463 471 -4
464 472 -4
469 477 -2
470 478 -2
471 479 4
472 480 2
477 485 2
478 486 1
479 487 2
480 488 -1
485 493 -1
486 494 2
487 495 -1
488 496 -2
493 501 4
494 502 -2
495 503 2
496 504 4
501 509 2
502 510 2
503 511 -1
504 512 -1
1 65 -4
2 66 -2
3 67 -1
4 68 1
65 129 -1
66 130 -1
67 131 1
68 132 -4
129 193 4
130 194 -1
131 195 1
132 196 -2
193 257 -4
194 258 4
195 259 -1
196 260 2
257 321 -1
258 322 -1
259 323 -4
260 324 -2
321 385 -1
322 386 -1
323 387 -4
324 388 1
385 449 2
386 450 1
387 451 -1
388 452 2
9 73 2
10 74 -4
11 75 -1
12 76 4
73 137 -2
74 138 1
75 139 -1
76 140 -4
137 201 2
138 202 -2
139 203 -2
140 204 -1
201 265 -2
202 266 2
203 267 -1
204 268 -2
265 329 -1
266 330 4
267 331 -1
268 332 -4
329 393 2
330 394 -2
331 395 -4
332 396 -2
393 457 2
394 458 1
395 459 2
396 460 -4
17 81 -1
18 82 -4
19 83 4
20 84 4
81 145 -1
82 146 2
83 147 2
84 148 2
145 209 2
146 210 -2
147 211 2
148 212 -2
209 273 -4
210 274 1
211 275 4
212 276 2
273 337 1
274 338 -1
275 339 -4
276 340 2
337 401 2
338 402 -2
339 403 -2
340 404 -2
401 465 -4
402 466 4
403 467 4
404 468 -1
25 89 1
26 90 -4
27 91 1
28 92 -2
89 153 -2
90 154 2
91 155 4
92 156 4
153 217 4
154 218 4
155 219 4
156 220 1
217 281 2
218 282 -2
219 283 1
220 284 -1
281 345 -1
282 346 -4
283 347 2
284 348 -1
345 409 -2
346 410 -2
347 411 -1
348 412 4
409 473 1
410 474 1
411 475 -1
412 476 -2
33 97 -4
34 98 -4
35 99 2
36 100 -4
97 161 2
98 162 4
99 163 2
100 164 -1
161 225 -4
162 226 4
163 227 2
164 228 2
225 289 2
226 290 2
227 291 -2
228 292 1
289 353 2
290 354 -1
291 355 -2
292 356 -1
353 417 -4
354 418 -1
355 419 -4
356 420 2
417 481 -2
418 482 -1
419 483 -4
420 484 2
41 105 1
42 106 -1
43 107 4
44 108 -2
105 169 -2
106 170 -2
107 171 2
108 172 -4
169 233 -1
170 234 -2
171 235 -1
172 236 -2
233 297 4
234 298 -4
235 299 -4
236 300 -4
297 361 1
298 362 -4
299 363 1
300 364 1
361 425 -4
362 426 -1
363 427 2
364 428 4
425 489 2
426 490 -2
427 491 1
428 492 -1
49 113 4
50 114 4
51 115 -4
52 116 -4
113 177 2
114 178 -4
115 179 2
116 180 -4
177 241 -2
178 242 1
179 243 -1
180 244 2
241 305 -1
242 306 -4
243 307 -4
244 308 -4
305 369 1
306 370 2
307 371 -4
308 372 -4
369 433 2
370 434 1
371 435 4
372 436 -1
433 497 -1
434 498 -1
435 499 -4
436 500 -1
57 121 2
58 122 2
59 123 1
60 124 -2
121 185 1
122 186 4
123 187 2
124 188 -2
185 249 -2
186 250 4
187 251 -1
188 252 -1
249 313 -1
250 314 -4
251 315 2
252 316 1
313 377 2
314 378 2
315 379 -2
316 380 2
377 441 -1
378 442 -1
379 443 2
380 444 -1
441 505 -4
442 506 -2
443 507 4
444 508 2
