#
1 5 -1
1 6 4
1 7 4
1 8 -2
2 5 2
2 6 -1
2 7 1
2 8 -4
3 5 1
3 6 2
3 7 1
3 8 4
4 5 1
4 6 2
4 7 4
4 8 -1
9 13 -2
9 14 -1
9 15 -1
9 16 4
10 13 4
10 14 2
10 15 -2
10 16 2
11 13 1
11 14 -4
11 15 2
11 16 4
12 13 -4
12 14 -1
12 15 -1
12 16 4
17 21 2
17 22 2
17 23 1
17 24 -2
18 21 4
18 22 -4
18 23 4
18 24 2
19 21 -4
19 22 -2
19 23 2
19 24 4
20 21 4
20 22 -2
20 23 -4
20 24 -4
25 29 -4
25 30 1
25 31 4
25 32 4
26 29 -4
26 30 -2
26 31 1
26 32 -2
27 29 -4
27 30 -2
27 31 4
27 32 -2
28 29 -1
28 30 -2
28 31 -1
28 32 1
33 37 4
33 38 -1
33 39 2
33 40 4
34 37 -2
34 38 2
34 39 -2
34 40 4
35 37 4
35 38 2
35 39 -4
35 40 1
36 37 2
36 38 -2
36 39 -4
36 40 4
41 45 -1
41 46 -4
41 47 2
41 48 -4
42 45 1
42 46 2
42 47 4
42 48 4
43 45 2
43 46 -1
43 47 -2
43 48 2
44 45 -2
44 46 -1
44 47 -4
44 48 -1
49 53 4
49 54 -2
49 55 4
49 56 2
50 53 -1
50 54 1
50 55 4
50 56 2
51 53 -1
51 54 4
51 55 -2
51 56 -4
52 53 -1
52 54 -4
52 55 -1
52 56 4
57 61 4
57 62 1
57 63 -4
57 64 -4
58 61 -4
58 62 -4
58 63 -4
58 64 1
59 61 -4
59 62 -2
59 63 -2
59 64 1
60 61 1
60 62 -1
60 63 -1
60 64 1
65 69 -2
65 70 -1
65 71 -2
65 72 -2
66 69 -4
66 70 -1
66 71 4
66 72 4
67 69 4
67 70 -4
67 71 -1
67 72 -2
68 69 -2
68 70 4
68 71 2
68 72 4
73 77 -4
73 78 1
73 79 2
73 80 -1
74 77 -1
74 78 4
74 79 4
74 80 -4
75 77 4
75 78 -2
75 79 -1
75 80 -4
76 77 1
76 78 -4
76 79 2
76 80 4
81 85 -4
81 86 -4
81 87 -4
81 88 -4
82 85 2
82 86 2
82 87 -2
82 88 -4
83 85 2
83 86 4
83 87 -1
83 88 2
84 85 1
84 86 -4
84 87 2
84 88 -1
89 93 4
89 94 1
89 95 4
89 96 1
90 93 -4
90 94 2
90 95 -2
90 96 -4
91 93 1
91 94 1
91 95 4
91 96 4
92 93 -4
92 94 1
92 95 -4
92 96 -1
97 101 -2
97 102 4
97 103 -2
97 104 1
98 101 4
98 102 4
98 103 1
98 104 -4
99 101 2
99 102 2
99 103 4
99 104 -2
100 101 2
100 102 4
100 103 -4
100 104 2
105 109 -4
105 110 4
105 111 -1
105 112 -1
106 109 -2
106 110 1
106 111 -2
106 112 4
107 109 4
107 110 -1
107 111 -4
107 112 -4
108 109 -2
108 110 4
108 111 -2
108 112 2
113 117 -1
113 118 1
113 119 4
113 120 2
114 117 2
114 118 4
114 119 2
114 120 1
115 117 4
115 118 2
115 119 -2
115 120 -1
116 117 2
116 118 -1
116 119 -1
116 120 -1
121 125 1
121 126 -4
121 127 4
121 128 -2
122 125 4
122 126 -1
122 127 -2
122 128 -2
123 125 2
123 126 2
123 127 2
123 128 -2
124 125 1
124 126 4
124 127 -1
124 128 -2
129 133 -1
129 134 4
129 135 -1
129 136 -2
130 133 4
130 134 2
130 135 1
130 136 1
131 133 -1
131 134 -4
131 135 -4
131 136 1
132 133 2
132 134 2
132 135 -1
132 136 -4
137 141 4
137 142 2
137 143 1
137 144 -2
138 141 1
138 142 -2
138 143 4
138 144 4
139 141 -2
139 142 -1
139 143 1
139 144 -2
140 141 -2
140 142 -4
140 143 4
140 144 -1
145 149 -4
145 150 2
145 151 -2
145 152 -4
146 149 -4
146 150 -1
146 151 -1
146 152 1
147 149 -4
147 150 -1
147 151 -4
147 152 -2
148 149 2
148 150 -1
148 151 -4
148 152 2
153 157 -2
153 158 2
153 159 1
153 160 4
154 157 4
154 158 -1
154 159 1
154 160 1
155 157 2
155 158 1
155 159 -2
155 160 4
156 157 -2
156 158 -2
156 159 -4
156 160 2
161 165 2
161 166 -1
161 167 -4
161 168 1
162 165 4
162 166 1
162 167 4
162 168 1
163 165 1
163 166 1
163 167 2
163 168 -4
164 165 4
164 166 4
164 167 2
164 168 1
169 173 2
169 174 -1
169 175 4
169 176 -4
170 173 -1
170 174 2
170 175 2
170 176 -2
171 173 4
171 174 4
171 175 -1
171 176 1
172 173 1
172 174 -1
172 175 1
172 176 -1
177 181 4
177 182 -4
177 183 4
177 184 -4
178 181 -1
178 182 2
178 183 -2
178 184 4
179 181 -2
179 182 -4
179 183 -4
179 184 -2
180 181 1
180 182 2
180 183 -1
180 184 -1
185 189 -1
185 190 -2
185 191 -1
185 192 -1
186 189 -1
186 190 2
186 191 1
186 192 -4
187 189 4
187 190 1
187 191 2
187 192 1
188 189 -1
188 190 4
188 191 -4
188 192 4
193 197 4
193 198 1
193 199 4
193 200 1
194 197 -1
194 198 2
194 199 -4
194 200 -2
195 197 4
195 198 2
195 199 1
195 200 -4
196 197 2
196 198 -4
196 199 -2
196 200 -2
201 205 1
201 206 -2
201 207 2
201 208 -2
202 205 4
202 206 -2
202 207 -4
202 208 -2
203 205 -2
203 206 -1
203 207 2
203 208 -1
204 205 -2
204 206 -4
204 207 -4
204 208 -2
209 213 4
209 214 -2
209 215 -1
209 216 -4
210 213 -4
210 214 -2
210 215 4
210 216 -2
211 213 2
211 214 2
211 215 1
211 216 1
212 213 -4
212 214 2
212 215 -4
212 216 2
217 221 -1
217 222 -4
217 223 -2
217 224 4
218 221 4
218 222 -2
218 223 -4
218 224 4
219 221 1
219 222 2
219 223 1
219 224 4
220 221 1
220 222 2
220 223 -2
220 224 -2
225 229 2
225 230 -2
225 231 2
225 232 -4
226 229 -2
226 230 -1
226 231 -1
226 232 -4
227 229 -4
227 230 -1
227 231 -4
227 232 -4
228 229 -4
228 230 -2
228 231 -4
228 232 -2
233 237 -1
233 238 -1
233 239 -2
233 240 -4
234 237 -1
234 238 -4
234 239 -2
234 240 1
235 237 2
235 238 -2
235 239 2
235 240 -2
236 237 4
236 238 -4
236 239 -2
236 240 -4
241 245 -4
241 246 2
241 247 1
241 248 -2
242 245 1
242 246 4
242 247 1
242 248 1
243 245 -4
243 246 -4
243 247 4
243 248 -4
244 245 -4
244 246 -2
244 247 1
244 248 -2
249 253 4
249 254 4
249 255 -2
249 256 1
250 253 1
250 254 4
250 255 2
250 256 4
251 253 -1
251 254 2
251 255 -1
251 256 -2
252 253 1
252 254 -2
252 255 2
252 256 -4
257 261 1
257 262 4
257 263 1
257 264 1
258 261 1
258 262 1
258 263 4
258 264 -1
259 261 1
259 262 2
259 263 2
259 264 1
260 261 -2
260 262 1
260 263 1
260 264 4
265 269 -1
265 270 -4
265 271 4
265 272 -4
266 269 1
266 270 2
266 271 4
266 272 -1
267 269 -4
267 270 1
267 271 2
267 272 -1
268 269 -4
268 270 -2
268 271 -4
268 272 1
273 277 1
273 278 1
273 279 -2
273 280 -4
274 277 4
274 278 4
274 279 -4
274 280 1
275 277 2
275 278 -4
275 279 2
275 280 2
276 277 1
276 278 1
276 279 -2
276 280 2
281 285 1
281 286 -2
281 287 -2
281 288 1
282 285 -2
282 286 -1
282 287 -4
282 288 -4
283 285 1
283 286 -4
283 287 1
283 288 4
284 285 -1
284 286 1
284 287 4
284 288 4
289 293 1
289 294 4
289 295 2
289 296 4
290 293 -2
290 294 2
290 295 1
290 296 4
291 293 -4
291 294 -4
291 295 2
291 296 -1
292 293 2
292 294 -1
292 295 -2
292 296 -4
297 301 -2
297 302 4
297 303 -2
297 304 -2
298 301 -2
298 302 2
298 303 2
298 304 -2
299 301 2
299 302 2
299 303 -2
299 304 1
300 301 -4
300 302 4
300 303 4
300 304 4
305 309 4
305 310 4
305 311 1
305 312 -1
306 309 -1
306 310 -2
306 311 4
306 312 4
307 309 4
307 310 -4
307 311 -4
307 312 -1
308 309 -2
308 310 2
308 311 -1
308 312 -1
313 317 -4
313 318 2
313 319 1
313 320 -4
314 317 -2
314 318 -4
314 319 -2
314 320 1
315 317 4
315 318 4
315 319 1
315 320 -2
316 317 1
316 318 -1
316 319 1
316 320 4
321 325 4
321 326 2
321 327 -2
321 328 4
322 325 2
322 326 -2
322 327 -4
322 328 -4
323 325 -4
323 326 -2
323 327 -4
323 328 -1
324 325 -2
324 326 -2
324 327 4
324 328 -4
329 333 -2
329 334 -2
329 335 -4
329 336 -2
330 333 2
330 334 -2
330 335 1
330 336 4
331 333 -1
331 334 4
331 335 2
331 336 4
332 333 2
332 334 1
332 335 -1
332 336 4
337 341 2
337 342 -4
337 343 1
337 344 4
338 341 -2
338 342 -2
338 343 -4
338 344 2
339 341 -1
339 342 2
339 343 1
339 344 4
340 341 -2
340 342 1
340 343 -2
340 344 4
345 349 -1
345 350 -2
345 351 4
345 352 1
346 349 -1
346 350 -1
346 351 -1
346 352 -1
347 349 1
347 350 -1
347 351 4
347 352 -1
348 349 -2
348 350 -4
348 351 2
348 352 4
353 357 -4
353 358 -2
353 359 2
353 360 -1
354 357 -4
354 358 2
354 359 2
354 360 2
355 357 1
355 358 -4
355 359 4
355 360 -2
356 357 -1
356 358 -2
356 359 2
356 360 -4
361 365 4
361 366 -1
361 367 -1
361 368 4
362 365 2
362 366 2
362 367 1
362 368 1
363 365 -2
363 366 2
363 367 -4
363 368 4
364 365 4
364 366 1
364 367 4
364 368 -1
369 373 2
369 374 1
369 375 -2
369 376 1
370 373 1
370 374 -2
370 375 -2
370 376 -1
371 373 -4
371 374 -4
371 375 2
371 376 -4
372 373 -2
372 374 2
372 375 -2
372 376 -1
377 381 -2
377 382 2
377 383 -1
377 384 4
378 381 1
378 382 -1
378 383 -1
378 384 -1
379 381 2
379 382 -4
379 383 4
379 384 4
380 381 1
380 382 -4
380 383 2
380 384 4
385 389 1
385 390 4
385 391 2
385 392 -1
386 389 1
386 390 -2
386 391 1
386 392 1
387 389 2
387 390 4
387 391 -2
387 392 2
388 389 -1
388 390 -1
388 391 2
388 392 1
393 397 -2
393 398 -1
393 399 4
393 400 1
394 397 2
394 398 2
394 399 4
394 400 -1
395 397 4
395 398 -4
395 399 2
395 400 -2
396 397 -4
396 398 -2
396 399 1
396 400 -2
401 405 4
401 406 -4
401 407 -4
401 408 4
402 405 2
402 406 -4
402 407 4
402 408 -4
403 405 4
403 406 -4
403 407 2
403 408 -2
404 405 -2
404 406 -2
404 407 4
404 408 -4
409 413 2
409 414 2
409 415 -1
409 416 2
410 413 -1
410 414 2
410 415 -2
410 416 -1
411 413 1
411 414 -2
411 415 -4
411 416 -1
412 413 2
412 414 -1
412 415 2
412 416 -2
417 421 -4
417 422 2
417 423 -4
417 424 -4
418 421 -2
418 422 1
418 423 4
418 424 2
419 421 -2
419 422 4
419 423 2
419 424 -2
420 421 1
420 422 -4
420 423 4
420 424 -4
425 429 -1
425 430 2
425 431 1
425 432 2
426 429 -1
426 430 -1
426 431 2
426 432 -2
427 429 -4
427 430 -1
427 431 4
427 432 -1
428 429 -1
428 430 1
428 431 2
428 432 1
433 437 -4
433 438 2
433 439 1
433 440 -4
434 437 2
434 438 1
434 439 2
434 440 4
435 437 4
435 438 2
435 439 2
435 440 -2
436 437 2
436 438 -1
436 439 -2
436 440 2
441 445 -2
441 446 -2
441 447 4
441 448 -2
442 445 -1
442 446 2
442 447 -2
442 448 -2
443 445 -4
443 446 -1
443 447 4
443 448 -2
444 445 4
444 446 1
444 447 2
444 448 2
449 453 -4
449 454 -1
449 455 1
449 456 1
450 453 1
450 454 -2
450 455 1
450 456 1
451 453 -4
451 454 1
451 455 -2
451 456 -1
452 453 2
452 454 -4
452 455 2
452 456 -4
457 461 -1
457 462 4
457 463 -2
457 464 4
458 461 2
458 462 -4
458 463 -1
458 464 2
459 461 -2
459 462 2
459 463 4
459 464 4
460 461 1
460 462 1
460 463 -1
460 464 1
465 469 -4
465 470 -2
465 471 -4
465 472 1
466 469 1
466 470 2
466 471 -4
466 472 2
467 469 4
467 470 2
467 471 -2
467 472 -2
468 469 1
468 470 2
468 471 -2
468 472 2
473 477 2
473 478 4
473 479 -1
473 480 -4
474 477 1
474 478 4
474 479 2
474 480 2
475 477 -4
475 478 -2
475 479 4
475 480 1
476 477 2
476 478 2
476 479 1
476 480 -2
481 485 -2
481 486 1
481 487 -1
481 488 -4
482 485 2
482 486 -4
482 487 1
482 488 2
483 485 -1
483 486 1
483 487 -2
483 488 -2
484 485 2
484 486 2
484 487 -4
484 488 2
489 493 -1
489 494 2
489 495 2
489 496 1
490 493 -2
490 494 4
490 495 4
490 496 -1
491 493 4
491 494 -2
491 495 -1
491 496 4
492 493 -4
492 494 4
492 495 1
492 496 -1
497 501 -2
497 502 2
497 503 -1
497 504 1
498 501 -1
498 502 -2
498 503 2
498 504 -2
499 501 4
499 502 1
499 503 1
499 504 -4
500 501 -2
500 502 2
500 503 4
500 504 4
505 509 1
505 510 -2
505 511 1
505 512 2
506 509 1
506 510 -4
506 511 2
506 512 1
507 509 2
507 510 -1
507 511 2
507 512 1
508 509 -4
508 510 1
508 511 -1
508 512 -1
5 13 4
6 14 -4
7 15 -2
8 16 -1
13 21 -1
14 22 2
15 23 -4
16 24 2
21 29 1
22 30 4
23 31 2
24 32 -1
29 37 -1
30 38 4
31 39 2
32 40 4
37 45 2
38 46 4
39 47 1
40 48 -1
45 53 4
46 54 1
47 55 -4
48 56 1
53 61 -2
54 62 -1
55 63 1
56 64 4
69 77 -4
70 78 1
71 79 -1
72 80 -4
77 85 4
78 86 -2
79 87 -2
80 88 -2
85 93 2
86 94 -1
87 95 -2
88 96 -2
93 101 -2
94 102 4
95 103 4
96 104 -1
101 109 -2
102 110 4
103 111 -2
104 112 4
109 117 -4
110 118 2
111 119 1
112 120 1
117 125 -2
118 126 1
119 127 1
120 128 -2
133 141 1
134 142 -4
135 143 1
136 144 -2
141 149 4
142 150 2
143 151 1
144 152 -1
149 157 1
150 158 -4
151 159 -4
152 160 -4
157 165 2
158 166 -4
159 167 -1
160 168 -1
165 173 -2
166 174 -2
167 175 4
168 176 -1
173 181 -1
174 182 -4
175 183 4
176 184 2
181 189 1
182 190 -2
183 191 1
184 192 1
197 205 2
198 206 4
199 207 1
200 208 -2
205 213 -1
206 214 1
207 215 1
208 216 1
213 221 -2
214 222 4
215 223 1
216 224 -1
221 229 2
222 230 1
223 231 -1
224 232 -1
229 237 1
230 238 -2
231 239 2
232 240 -4
237 245 2
238 246 1
239 247 4
240 248 2
245 253 -1
246 254 -2
247 255 -1
248 256 2
261 269 -1
262 270 4
263 271 -4
264 272 1
269 277 1
270 278 1
271 279 4
272 280 -4
277 285 1
278 286 1
279 287 4
280 288 -2
285 293 -2
286 294 4
287 295 -4
288 296 -4
293 301 -1
294 302 -1
295 303 1
296 304 -4
301 309 2
302 310 -2
303 311 1
304 312 1
309 317 4
310 318 2
311 319 -1
312 320 1
325 333 4
326 334 -4
327 335 1
328 336 2
333 341 -4
334 342 1
335 343 1
336 344 -4
341 349 1
342 350 -2
343 351 -4
344 352 -1
349 357 -2
350 358 -1
351 359 -4
352 360 1
357 365 1
358 366 -1
359 367 4
360 368 2
365 373 2
366 374 2
367 375 -2
368 376 4
373 381 -1
374 382 4
375 383 2
376 384 -1
389 397 4
390 398 -2
391 399 2
392 400 -2
397 405 4
398 406 -1
399 407 -1
400 408 -4
405 413 -1
406 414 4
407 415 -4
408 416 -4
413 421 -1
414 422 -4
415 423 2
416 424 -1
421 429 -1
422 430 2
423 431 1
424 432 -1
429 437 -2
430 438 -1
431 439 -4
432 440 -4
437 445 1
438 446 4
439 447 -4
440 448 -2
453 461 2
454 462 -4
455 463 2
456 464 1
461 469 -2
462 470 2
463 471 2
464 472 -1
469 477 -2
470 478 -1
471 479 -1
472 480 2
477 485 -2
478 486 4
479 487 4
480 488 -2
485 493 4
486 494 2
487 495 2
488 496 2
493 501 -4
494 502 1
495 503 2
496 504 4
501 509 1
502 510 -1
503 511 2
504 512 4
1 65 -2
2 66 -1
3 67 2
4 68 -2
65 129 -4
66 130 -4
67 131 -2
68 132 1
129 193 2
130 194 -4
131 195 -4
132 196 2
193 257 -4
194 258 -2
195 259 2
196 260 -1
257 321 -2
258 322 4
259 323 2
260 324 -4
321 385 -2
322 386 2
323 387 -2
324 388 -4
385 449 2
386 450 4
387 451 1
388 452 1
9 73 -4
10 74 1
11 75 -2
12 76 1
73 137 -1
74 138 4
75 139 4
76 140 -2
137 201 -1
138 202 4
139 203 -1
140 204 2
201 265 1
202 266 4
203 267 2
204 268 4
265 329 2
266 330 -1
267 331 1
268 332 4
329 393 1
330 394 1
331 395 -2
332 396 2
393 457 -4
394 458 -4
395 459 2
396 460 -1
17 81 -4
18 82 2
19 83 4
20 84 -2
81 145 4
82 146 -4
83 147 2
84 148 4
145 209 1
146 210 2
147 211 1
148 212 1
209 273 2
210 274 4
211 275 -2
212 276 4
273 337 -1
274 338 2
275 339 1
276 340 4
337 401 1
338 402 1
339 403 1
340 404 2
401 465 4
402 466 4
403 467 2
404 468 1
25 89 -2
26 90 -1
27 91 2
28 92 -1
89 153 -4
90 154 -4
91 155 2
92 156 2
153 217 2
154 218 -1
155 219 -4
156 220 1
217 281 4
218 282 -1
219 283 -1
220 284 1
281 345 2
282 346 1
283 347 2
284 348 1
345 409 -4
346 410 4
347 411 4
348 412 4
409 473 -2
410 474 -4
411 475 1
412 476 -4
33 97 -2
34 98 -4
35 99 2
36 100 -1
97 161 -4
98 162 1
99 163 -4
100 164 4
161 225 -1
162 226 2
163 227 4
164 228 2
225 289 -1
226 290 1
227 291 -1
228 292 -2
289 353 -1
290 354 -2
291 355 -4
292 356 1
353 417 -1
354 418 2
355 419 4
356 420 -4
417 481 4
418 482 1
419 483 4
420 484 4
41 105 4
42 106 -2
43 107 -2
44 108 1
105 169 1
106 170 -1
107 171 -4
108 172 -2
169 233 2
170 234 -2
171 235 -1
172 236 2
233 297 2
234 298 1
235 299 -1
236 300 -1
297 361 -1
298 362 -4
299 363 1
300 364 -2
361 425 -1
362 426 1
363 427 1
364 428 4
425 489 4
426 490 -4
427 491 2
428 492 -2
49 113 -4
50 114 -1
51 115 -4
52 116 4
113 177 -2
114 178 4
115 179 2
116 180 -1
177 241 -1
178 242 -4
179 243 -1
180 244 2
241 305 -2
242 306 -4
243 307 4
244 308 1
305 369 2
306 370 -4
307 371 2
308 372 2
369 433 -1
370 434 2
371 435 -1
372 436 2
433 497 -2
434 498 2
435 499 -2
436 500 2
57 121 -2
58 122 2
59 123 -2
60 124 2
121 185 -1
122 186 2
123 187 -4
124 188 2
185 249 -1
186 250 -4
187 251 -4
188 252 -2
249 313 -4
250 314 -4
251 315 -2
252 316 1
313 377 -1
314 378 -4
315 379 2
316 380 4
377 441 2
378 442 -2
379 443 -1
380 444 -1
441 505 4
442 506 -4
443 507 4
444 508 -1
