#
1 5 -2
1 6 -1
1 7 4
1 8 2
2 5 1
2 6 2
2 7 4
2 8 4
3 5 -4
3 6 2
3 7 -1
3 8 -2
4 5 -2
4 6 -4
4 7 2
4 8 2
9 13 -2
9 14 4
9 15 -4
9 16 2
10 13 -4
10 14 1
10 15 -4
10 16 -4
11 13 -4
11 14 1
11 15 1
11 16 -4
12 13 1
12 14 1
12 15 2
12 16 4
17 21 2
17 22 2
17 23 2
17 24 2
18 21 4
18 22 -1
18 23 -1
18 24 -4
19 21 4
19 22 1
19 23 4
19 24 -4
20 21 2
20 22 -2
20 23 -2
20 24 -2
25 29 2
25 30 -4
25 31 2
25 32 4
26 29 -2
26 30 4
26 31 -1
26 32 1
27 29 -1
27 30 -2
27 31 -4
27 32 4
28 29 1
28 30 1
28 31 -1
28 32 4
33 37 4
33 38 4
33 39 1
33 40 4
34 37 -1
34 38 -4
34 39 -1
34 40 -1
35 37 -1
35 38 -2
35 39 2
35 40 -4
36 37 -1
36 38 -1
36 39 -1
36 40 -2
41 45 4
41 46 -1
41 47 -1
41 48 -4
42 45 -1
42 46 -1
42 47 -4
42 48 1
43 45 -1
43 46 -2
43 47 2
43 48 -4
44 45 2
44 46 1
44 47 -4
44 48 -2
49 53 1
49 54 -2
49 55 -2
49 56 1
50 53 1
50 54 4
50 55 1
50 56 1
51 53 -1
51 54 -4
51 55 -1
51 56 4
52 53 4
52 54 4
52 55 -4
52 56 4
57 61 1
57 62 -4
57 63 1
57 64 -1
58 61 4
58 62 -4
58 63 1
58 64 -4
59 61 1
59 62 -2
59 63 -2
59 64 2
60 61 -2
60 62 2
60 63 4
60 64 -2
65 69 1
65 70 2
65 71 -2
65 72 4
66 69 -2
66 70 -1
66 71 -4
66 72 -1
67 69 -2
67 70 -4
67 71 -1
67 72 2
68 69 -2
68 70 -2
68 71 1
68 72 -2
73 77 -4
73 78 -1
73 79 -4
73 80 -1
74 77 -2
74 78 1
74 79 -2
74 80 -4
75 77 -4
75 78 1
75 79 4
75 80 -2
76 77 -2
76 78 2
76 79 -1
76 80 -2
81 85 2
81 86 4
81 87 4
81 88 2
82 85 1
82 86 -1
82 87 -1
82 88 1
83 85 2
83 86 -2
83 87 2
83 88 -2
84 85 1
84 86 1
84 87 1
84 88 -2
89 93 -1
89 94 -4
89 95 2
89 96 2
90 93 -4
90 94 1
90 95 4
90 96 -4
91 93 -2
91 94 -4
91 95 -4
91 96 -4
92 93 1
92 94 2
92 95 2
92 96 -1
97 101 2
97 102 -4
97 103 -2
97 104 4
98 101 4
98 102 -1
98 103 1
98 104 -4
99 101 -4
99 102 -1
99 103 -1
99 104 -4
100 101 -2
100 102 -4
100 103 2
100 104 -1
105 109 2
105 110 -2
105 111 -2
105 112 2
106 109 4
106 110 1
106 111 2
106 112 1
107 109 1
107 110 -1
107 111 2
107 112 -2
108 109 1
108 110 -4
108 111 -4
108 112 2
113 117 1
113 118 -4
113 119 2
113 120 1
114 117 -2
114 118 4
114 119 -1
114 120 -1
115 117 -4
115 118 2
115 119 -4
115 120 -2
116 117 1
116 118 2
116 119 -4
116 120 1
121 125 -1
121 126 4
121 127 -4
121 128 4
122 125 2
122 126 -1
122 127 -1
122 128 -1
123 125 2
123 126 -1
123 127 -1
123 128 -2
124 125 1
124 126 2
124 127 2
124 128 4
129 133 4
129 134 -2
129 135 -1
129 136 -1
130 133 4
130 134 -4
130 135 -2
130 136 4
131 133 -4
131 134 2
131 135 2
131 136 -1
132 133 -1
132 134 -1
132 135 4
132 136 -2
137 141 -1
137 142 -4
137 143 1
137 144 4
138 141 4
138 142 -2
138 143 -4
138 144 -1
139 141 -4
139 142 1
139 143 2
139 144 -4
140 141 2
140 142 2
140 143 2
140 144 1
145 149 1
145 150 -1
145 151 -2
145 152 4
146 149 -4
146 150 2
146 151 1
146 152 4
147 149 -2
147 150 1
147 151 -4
147 152 -4
148 149 -4
148 150 -4
148 151 1
148 152 1
153 157 -1
153 158 2
153 159 -2
153 160 2
154 157 2
154 158 -2
154 159 1
154 160 -1
155 157 -1
155 158 4
155 159 -1
155 160 2
156 157 -2
156 158 -1
156 159 -1
156 160 2
161 165 2
161 166 -2
161 167 4
161 168 4
162 165 -4
162 166 2
162 167 -2
162 168 -2
163 165 -1
163 166 -4
163 167 -2
163 168 -4
164 165 -4
164 166 -4
164 167 -4
164 168 2
169 173 2
169 174 -2
169 175 1
169 176 4
170 173 -1
170 174 -2
170 175 -2
170 176 -1
171 173 -1
171 174 1
171 175 2
171 176 4
172 173 4
172 174 1
172 175 4
172 176 -4
177 181 -2
177 182 -2
177 183 -2
177 184 4
178 181 2
178 182 2
178 183 1
178 184 4
179 181 2
179 182 2
179 183 1
179 184 -1
180 181 -1
180 182 -1
180 183 1
180 184 -4
185 189 1
185 190 1
185 191 4
185 192 -1
186 189 -4
186 190 2
186 191 4
186 192 -1
187 189 4
187 190 -1
187 191 4
187 192 -2
188 189 -1
188 190 -2
188 191 -4
188 192 -4
193 197 -1
193 198 4
193 199 4
193 200 -1
194 197 4
194 198 4
194 199 1
194 200 -4
195 197 -1
195 198 -2
195 199 4
195 200 -2
196 197 4
196 198 4
196 199 2
196 200 -1
201 205 2
201 206 1
201 207 1
201 208 1
202 205 -1
202 206 1
202 207 -4
202 208 -4
203 205 -2
203 206 2
203 207 4
203 208 -4
204 205 2
204 206 -4
204 207 -4
204 208 -4
209 213 -1
209 214 2
209 215 1
209 216 -1
210 213 -4
210 214 1
210 215 2
210 216 4
211 213 -1
211 214 -2
211 215 -4
211 216 4
212 213 -2
212 214 -1
212 215 -1
212 216 -2
217 221 1
217 222 2
217 223 -2
217 224 -4
218 221 -1
218 222 4
218 223 2
218 224 -1
219 221 1
219 222 4
219 223 -1
219 224 2
220 221 4
220 222 -2
220 223 4
220 224 -1
225 229 -2
225 230 2
225 231 -2
225 232 -1
226 229 -4
226 230 4
226 231 -2
226 232 -4
227 229 -2
227 230 -1
227 231 -4
227 232 -1
228 229 4
228 230 -4
228 231 -1
228 232 -2
233 237 -2
233 238 -4
233 239 2
233 240 -2
234 237 -4
234 238 -2
234 239 4
234 240 4
235 237 -2
235 238 2
235 239 4
235 240 4
236 237 -4
236 238 2
236 239 -2
236 240 2
241 245 -4
241 246 -2
241 247 -4
241 248 1
242 245 -4
242 246 4
242 247 2
242 248 4
243 245 4
243 246 -4
243 247 4
243 248 2
244 245 -1
244 246 -1
244 247 1
244 248 -2
249 253 -2
249 254 -2
249 255 2
249 256 4
250 253 -4
250 254 -2
250 255 -2
250 256 -2
251 253 -4
251 254 -4
251 255 -4
251 256 -1
252 253 2
252 254 -2
252 255 1
252 256 1
257 261 1
257 262 -1
257 263 1
257 264 -2
258 261 -4
258 262 1
258 263 1
258 264 -1
259 261 -1
259 262 2
259 263 -4
259 264 2
260 261 4
260 262 -1
260 263 2
260 264 -1
265 269 -1
265 270 4
265 271 -2
265 272 1
266 269 1
266 270 4
266 271 -4
266 272 2
267 269 -2
267 270 -4
267 271 4
267 272 2
268 269 -1
268 270 -4
268 271 4
268 272 1
273 277 1
273 278 4
273 279 4
273 280 1
274 277 -1
274 278 -1
274 279 -2
274 280 -1
275 277 -4
275 278 -4
275 279 -4
275 280 2
276 277 -4
276 278 1
276 279 -2
276 280 4
281 285 -2
281 286 -1
281 287 -2
281 288 1
282 285 -4
282 286 1
282 287 1
282 288 -4
283 285 -1
283 286 -1
283 287 4
283 288 -1
284 285 2
284 286 -1
284 287 -2
284 288 2
289 293 -1
289 294 1
289 295 1
289 296 -1
290 293 4
290 294 -4
290 295 -1
290 296 -4
291 293 4
291 294 -4
291 295 -4
291 296 -1
292 293 -2
292 294 -4
292 295 4
292 296 1
297 301 -1
297 302 2
297 303 -2
297 304 -2
298 301 -4
298 302 -1
298 303 -4
298 304 -4
299 301 4
299 302 -1
299 303 2
299 304 2
300 301 4
300 302 2
300 303 1
300 304 4
305 309 -4
305 310 2
305 311 2
305 312 2
306 309 1
306 310 -2
306 311 2
306 312 1
307 309 2
307 310 2
307 311 1
307 312 4
308 309 -2
308 310 1
308 311 -2
308 312 4
313 317 2
313 318 4
313 319 -2
313 320 -2
314 317 -2
314 318 -2
314 319 -1
314 320 2
315 317 -2
315 318 -2
315 319 2
315 320 4
316 317 -1
316 318 2
316 319 4
316 320 -4
321 325 1
321 326 -1
321 327 -2
321 328 -4
322 325 2
322 326 -2
322 327 2
322 328 -2
323 325 -2
323 326 -4
323 327 -2
323 328 -2
324 325 1
324 326 -4
324 327 -1
324 328 -1
329 333 4
329 334 -2
329 335 4
329 336 -1
330 333 -4
330 334 4
330 335 -4
330 336 -1
331 333 2
331 334 -1
331 335 -4
331 336 4
332 333 2
332 334 -2
332 335 -1
332 336 -2
337 341 -4
337 342 -4
337 343 1
337 344 1
338 341 -1
338 342 -1
338 343 2
338 344 4
339 341 2
339 342 1
339 343 -1
339 344 -4
340 341 -1
340 342 -1
340 343 4
340 344 4
345 349 4
345 350 4
345 351 -2
345 352 -4
346 349 -1
346 350 1
346 351 2
346 352 -1
347 349 2
347 350 -4
347 351 4
347 352 1
348 349 1
348 350 1
348 351 4
348 352 2
353 357 -4
353 358 -1
353 359 -1
353 360 -2
354 357 2
354 358 -4
354 359 -4
354 360 4
355 357 4
355 358 4
355 359 -1
355 360 -1
356 357 -4
356 358 -1
356 359 -4
356 360 -2
361 365 4
361 366 -2
361 367 1
361 368 -1
362 365 -1
362 366 1
362 367 -4
362 368 -2
363 365 1
363 366 2
363 367 1
363 368 -4
364 365 1
364 366 1
364 367 -1
364 368 -4
369 373 -1
369 374 -1
369 375 -4
369 376 -4
370 373 -2
370 374 -2
370 375 2
370 376 1
371 373 -1
371 374 -2
371 375 -1
371 376 -4
372 373 1
372 374 -1
372 375 -4
372 376 -2
377 381 2
377 382 1
377 383 2
377 384 4
378 381 -2
378 382 1
378 383 -1
378 384 1
379 381 4
379 382 -1
379 383 1
379 384 1
380 381 4
380 382 2
380 383 -1
380 384 2
385 389 -1
385 390 -2
385 391 -2
385 392 -4
386 389 2
386 390 -1
386 391 -2
386 392 4
387 389 4
387 390 -4
387 391 2
387 392 -2
388 389 1
388 390 -4
388 391 -1
388 392 2
393 397 -4
393 398 -4
393 399 2
393 400 4
394 397 -1
394 398 1
394 399 -2
394 400 2
395 397 -4
395 398 -1
395 399 -1
395 400 4
396 397 -4
396 398 -2
396 399 4
396 400 -4
401 405 2
401 406 2
401 407 -2
401 408 -2
402 405 -4
402 406 4
402 407 -1
402 408 2
403 405 -1
403 406 4
403 407 2
403 408 -1
404 405 1
404 406 4
404 407 -1
404 408 4
409 413 -4
409 414 2
409 415 -1
409 416 4
410 413 -1
410 414 1
410 415 -4
410 416 1
411 413 1
411 414 2
411 415 2
411 416 2
412 413 -2
412 414 4
412 415 2
412 416 4
417 421 1
417 422 2
417 423 1
417 424 -2
418 421 2
418 422 2
418 423 -2
418 424 -1
419 421 1
419 422 -1
419 423 -1
419 424 2
420 421 -1
420 422 2
420 423 -4
420 424 -2
425 429 1
425 430 -2
425 431 -4
425 432 -1
426 429 1
426 430 4
426 431 -2
426 432 -4
427 429 1
427 430 1
427 431 4
427 432 1
428 429 -2
428 430 2
428 431 1
428 432 -4
433 437 -2
433 438 1
433 439 4
433 440 -4
434 437 -2
434 438 4
434 439 1
434 440 1
435 437 -4
435 438 -4
435 439 2
435 440 1
436 437 -4
436 438 -2
436 439 2
436 440 1
441 445 -1
441 446 -4
441 447 4
441 448 -1
442 445 -2
442 446 1
442 447 4
442 448 -4
443 445 -2
443 446 1
443 447 -1
443 448 -4
444 445 -4
444 446 4
444 447 4
444 448 1
449 453 2
449 454 1
449 455 -2
449 456 -2
450 453 -4
450 454 -2
450 455 -2
450 456 4
451 453 1
451 454 2
451 455 1
451 456 -4
452 453 2
452 454 -1
452 455 -4
452 456 -4
457 461 -4
457 462 -4
457 463 -1
457 464 -4
458 461 -1
458 462 4
458 463 -1
458 464 1
459 461 -4
459 462 4
459 463 -2
459 464 2
460 461 -4
460 462 2
460 463 2
460 464 -4
465 469 -1
465 470 2
465 471 2
465 472 -2
466 469 -1
466 470 -4
466 471 -2
466 472 1
467 469 2
467 470 1
467 471 2
467 472 -4
468 469 2
468 470 4
468 471 -2
468 472 1
473 477 2
473 478 2
473 479 -4
473 480 -1
474 477 -4
474 478 1
474 479 2
474 480 4
475 477 -4
475 478 1
475 479 -2
475 480 2
476 477 4
476 478 4
476 479 -2
476 480 -1
481 485 1
481 486 -4
481 487 -4
481 488 -4
482 485 1
482 486 -1
482 487 -2
482 488 -2
483 485 2
483 486 -1
483 487 -4
483 488 -4
484 485 -2
484 486 -4
484 487 -4
484 488 1
489 493 -1
489 494 1
489 495 -4
489 496 1
490 493 -4
490 494 2
490 495 4
490 496 -2
491 493 1
491 494 -2
491 495 -2
491 496 2
492 493 -1
492 494 -1
492 495 1
492 496 1
497 501 2
497 502 1
497 503 -1
497 504 -2
498 501 -1
498 502 2
498 503 -2
498 504 -2
499 501 4
499 502 4
499 503 -2
499 504 1
500 501 -2
500 502 -1
500 503 -4
500 504 -4
505 509 -2
505 510 1
505 511 -4
505 512 -4
506 509 -2
506 510 -2
506 511 -4
506 512 -2
507 509 -2
507 510 -4
507 511 -4
507 512 -2
508 509 2
508 510 -4
508 511 -2
508 512 4
5 13 2
6 14 1
7 15 -2
8 16 -2
13 21 4
14 22 1
15 23 4
16 24 -1
21 29 2
22 30 1
23 31 -1
24 32 -4
29 37 2
30 38 -1
31 39 -2
32 40 2
37 45 -4
38 46 1
39 47 1
40 48 2
45 53 4
46 54 4
47 55 2
48 56 -4
53 61 -2
54 62 -1
55 63 -2
56 64 4
69 77 4
70 78 -4
71 79 4
72 80 -4
77 85 -2
78 86 2
79 87 1
80 88 -2
85 93 1
86 94 4
87 95 4
88 96 -1
93 101 -4
94 102 -1
95 103 4
96 104 -4
101 109 1
102 110 -2
103 111 -2
104 112 4
109 117 -4
110 118 -4
111 119 -2
112 120 -4
117 125 -1
118 126 2
119 127 2
120 128 -2
133 141 -4
134 142 2
135 143 2
136 144 2
141 149 1
142 150 -2
143 151 -1
144 152 2
149 157 -2
150 158 1
151 159 4
152 160 -4
157 165 1
158 166 -4
159 167 4
160 168 -2
165 173 2
166 174 4
167 175 -1
168 176 4
173 181 -2
174 182 -2
175 183 -4
176 184 -2
181 189 -2
182 190 -1
183 191 -2
184 192 -2
197 205 -4
198 206 4
199 207 -2
200 208 4
205 213 1
206 214 -1
207 215 -2
208 216 2
213 221 -1
214 222 4
215 223 -1
216 224 1
221 229 -2
222 230 4
223 231 1
224 232 4
229 237 2
230 238 1
231 239 -1
232 240 2
237 245 -4
238 246 -1
239 247 2
240 248 2
245 253 -2
246 254 -4
247 255 4
248 256 1
261 269 1
262 270 -4
263 271 -4
264 272 4
269 277 -4
270 278 -2
271 279 1
272 280 -2
277 285 -4
278 286 -1
279 287 -1
280 288 -2
285 293 1
286 294 -4
287 295 4
288 296 -1
293 301 -2
294 302 -2
295 303 4
296 304 -2
301 309 2
302 310 4
303 311 -2
304 312 -4
309 317 -1
310 318 4
311 319 2
312 320 -2
325 333 -1
326 334 -1
327 335 -2
328 336 -1
333 341 -4
334 342 2
335 343 4
336 344 4
341 349 1
342 350 -1
343 351 -4
344 352 4
349 357 1
350 358 1
351 359 1
352 360 4
357 365 -4
358 366 -2
359 367 -4
360 368 -4
365 373 -1
366 374 1
367 375 4
368 376 1
373 381 -4
374 382 2
375 383 4
376 384 4
389 397 -2
390 398 1
391 399 2
392 400 1
397 405 1
398 406 2
399 407 4
400 408 -1
405 413 2
406 414 2
407 415 4
408 416 1
413 421 1
414 422 4
415 423 2
416 424 -4
421 429 -4
422 430 1
423 431 2
424 432 1
429 437 1
430 438 -1
431 439 -2
432 440 1
437 445 -4
438 446 4
439 447 1
440 448 2
453 461 -2
454 462 -2
455 463 -1
456 464 -1
461 469 1
462 470 4
463 471 4
464 472 -4
469 477 -4
470 478 -1
471 479 1
472 480 -2
477 485 -2
478 486 2
479 487 -1
480 488 4
485 493 2
486 494 2
487 495 -4
488 496 4
493 501 -4
494 502 -2
495 503 4
496 504 -1
501 509 -4
502 510 -4
503 511 2
504 512 -4
1 65 -1
2 66 -1
3 67 1
4 68 -4
65 129 -1
66 130 -4
67 131 -1
68 132 -1
129 193 1
130 194 -4
131 195 -1
132 196 4
193 257 1
194 258 2
195 259 -4
196 260 1
257 321 -4
258 322 2
259 323 1
260 324 1
321 385 1
322 386 4
323 387 2
324 388 1
385 449 4
386 450 4
387 451 -1
388 452 4
9 73 2
10 74 1
11 75 -2
12 76 -2
73 137 1
74 138 -4
75 139 -2
76 140 4
137 201 -2
138 202 -4
139 203 1
140 204 4
201 265 2
202 266 -1
203 267 -1
204 268 -1
265 329 -2
266 330 2
267 331 1
268 332 -1
329 393 2
330 394 1
331 395 -4
332 396 2
393 457 1
394 458 1
395 459 -2
396 460 -2
17 81 -2
18 82 1
19 83 -2
20 84 -2
81 145 -1
82 146 -1
83 147 4
84 148 2
145 209 -4
146 210 -4
147 211 -1
148 212 -4
209 273 1
210 274 2
211 275 -4
212 276 -2
273 337 2
274 338 4
275 339 4
276 340 -4
337 401 1
338 402 -4
339 403 -4
340 404 -2
401 465 -2
402 466 -1
403 467 4
404 468 -2
25 89 1
26 90 -4
27 91 2
28 92 -2
89 153 4
90 154 -1
91 155 -4
92 156 -2
153 217 4
154 218 1
155 219 -2
156 220 -1
217 281 -4
218 282 -2
219 283 4
220 284 1
281 345 2
282 346 -4
283 347 -1
284 348 -4
345 409 1
346 410 -1
347 411 1
348 412 -2
409 473 -1
410 474 4
411 475 -4
412 476 4
33 97 -2
34 98 4
35 99 -2
36 100 4
97 161 2
98 162 4
99 163 -1
100 164 -1
161 225 -2
162 226 4
163 227 -1
164 228 -2
225 289 4
226 290 -4
227 291 -2
228 292 4
289 353 -1
290 354 2
291 355 4
292 356 -1
353 417 -4
354 418 -2
355 419 4
356 420 -2
417 481 1
418 482 -1
419 483 1
420 484 -1
41 105 -4
42 106 -2
43 107 1
44 108 -2
105 169 1
106 170 4
107 171 2
108 172 1
169 233 1
170 234 1
171 235 2
172 236 1
233 297 1
234 298 -1
235 299 -1
236 300 -2
297 361 2
298 362 2
299 363 -4
300 364 4
361 425 -1
362 426 -4
363 427 -2
364 428 1
425 489 2
426 490 2
427 491 -1
428 492 1
49 113 -1
50 114 2
51 115 2
52 116 4
113 177 4
114 178 -4
115 179 1
116 180 -2
177 241 -1
178 242 -1
179 243 -2
180 244 -2
241 305 -1
242 306 -4
243 307 1
244 308 -2
305 369 1
306 370 -4
307 371 1
308 372 -1
369 433 -4
370 434 2
371 435 1
372 436 -2
433 497 -4
434 498 1
435 499 1
436 500 2
57 121 -4
58 122 -4
59 123 1
60 124 -1
121 185 -4
122 186 1
123 187 -2
124 188 -4
185 249 -4
186 250 2
187 251 -2
188 252 -1
249 313 1
250 314 2
251 315 -1
252 316 -2
313 377 4
314 378 1
315 379 1
316 380 -1
377 441 -1
378 442 -1
379 443 -1
380 444 2
441 505 1
442 506 2
443 507 4
444 508 1
