#
1 5 2
1 6 -1
1 7 -4
1 8 -4
2 5 4
2 6 -4
2 7 -2
2 8 -4
3 5 1
3 6 -4
3 7 2
3 8 -2
4 5 1
4 6 -4
4 7 -1
4 8 -2
9 13 -2
9 14 2
9 15 2
9 16 1
10 13 -4
10 14 2
10 15 -4
10 16 -2
11 13 4
11 14 2
11 15 1
11 16 2
12 13 1
12 14 -2
12 15 -1
12 16 2
17 21 4
17 22 1
17 23 4
17 24 1
18 21 4
18 22 2
18 23 -2
18 24 1
19 21 2
19 22 -2
19 23 2
19 24 4
20 21 -2
20 22 4
20 23 -2
20 24 -1
25 29 4
25 30 2
25 31 -4
25 32 -2
26 29 1
26 30 2
26 31 2
26 32 -2
27 29 -4
27 30 -4
27 31 2
27 32 -4
28 29 1
28 30 -4
28 31 -2
28 32 4
33 37 2
33 38 -4
33 39 -1
33 40 -4
34 37 4
34 38 -2
34 39 2
34 40 2
35 37 4
35 38 -1
35 39 1
35 40 -4
36 37 4
36 38 -4
36 39 1
36 40 4
41 45 1
41 46 1
41 47 1
41 48 1
42 45 -4
42 46 4
42 47 -1
42 48 -1
43 45 4
43 46 4
43 47 -2
43 48 -4
44 45 1
44 46 4
44 47 -2
44 48 4
49 53 -1
49 54 4
49 55 2
49 56 -2
50 53 -4
50 54 4
50 55 -2
50 56 2
51 53 -4
51 54 1
51 55 4
51 56 2
52 53 -1
52 54 -1
52 55 1
52 56 4
57 61 -1
57 62 4
57 63 -2
57 64 -4
58 61 2
58 62 -1
58 63 -1
58 64 -4
59 61 -1
59 62 4
59 63 -2
59 64 -1
60 61 -1
60 62 1
60 63 2
60 64 2
65 69 1
65 70 -4
65 71 1
65 72 -1
66 69 4
66 70 1
66 71 2
66 72 -4
67 69 -1
67 70 -4
67 71 -2
67 72 -2
68 69 4
68 70 4
68 71 1
68 72 1
73 77 -1
73 78 4
73 79 2
73 80 -1
74 77 4
74 78 -4
74 79 -1
74 80 -2
75 77 1
75 78 1
75 79 1
75 80 -2
76 77 -2
76 78 -2
76 79 2
76 80 -1
81 85 -4
81 86 -1
81 87 2
81 88 -4
82 85 -1
82 86 -2
82 87 -2
82 88 -1
83 85 -1
83 86 1
83 87 1
83 88 -2
84 85 1
84 86 -1
84 87 4
84 88 -4
89 93 2
89 94 4
89 95 1
89 96 4
90 93 1
90 94 -4
90 95 2
90 96 -2
91 93 -1
91 94 -2
91 95 -4
91 96 4
92 93 -4
92 94 -2
92 95 -4
92 96 -4
97 101 -4
97 102 1
97 103 4
97 104 -4
98 101 -1
98 102 1
98 103 4
98 104 1
99 101 -4
99 102 -2
99 103 4
99 104 -2
100 101 1
100 102 1
100 103 1
100 104 2
105 109 -4
105 110 -2
105 111 -2
105 112 -2
106 109 -1
106 110 -2
106 111 4
106 112 -4
107 109 2
107 110 -2
107 111 -1
107 112 -1
108 109 2
108 110 4
108 111 4
108 112 -1
113 117 -2
113 118 -2
113 119 -4
113 120 2
114 117 -1
114 118 2
114 119 -2
114 120 -2
115 117 4
115 118 1
115 119 -4
115 120 -1
116 117 1
116 118 -2
116 119 -1
116 120 -2
121 125 -4
121 126 2
121 127 -4
121 128 2
122 125 1
122 126 -4
122 127 1
122 128 -2
123 125 -4
123 126 -2
123 127 1
123 128 -1
124 125 2
124 126 -1
124 127 4
124 128 1
129 133 4
129 134 -1
129 135 -1
129 136 -4
130 133 2
130 134 1
130 135 1
130 136 1
131 133 -4
131 134 -1
131 135 2
131 136 -1
132 133 2
132 134 -2
132 135 -4
132 136 2
137 141 -4
137 142 -1
137 143 -4
137 144 -1
138 141 -1
138 142 -4
138 143 -2
138 144 -2
139 141 1
139 142 -1
139 143 4
139 144 4
140 141 2
140 142 -2
140 143 1
140 144 4
145 149 4
145 150 -4
145 151 2
145 152 -2
146 149 -1
146 150 4
146 151 -1
146 152 -1
147 149 -4
147 150 2
147 151 4
147 152 -1
148 149 2
148 150 2
148 151 4
148 152 1
153 157 -1
153 158 4
153 159 -1
153 160 4
154 157 -1
154 158 4
154 159 4
154 160 -4
155 157 -4
155 158 -1
155 159 4
155 160 -1
156 157 -4
156 158 2
156 159 1
156 160 -1
161 165 -4
161 166 4
161 167 -2
161 168 -4
162 165 2
162 166 -2
162 167 1
162 168 2
163 165 -1
163 166 4
163 167 -1
163 168 -2
164 165 -1
164 166 2
164 167 1
164 168 -2
169 173 -2
169 174 1
169 175 4
169 176 4
170 173 -4
170 174 -1
170 175 -4
170 176 2
171 173 2
171 174 -4
171 175 2
171 176 -2
172 173 4
172 174 -2
172 175 -2
172 176 1
177 181 -1
177 182 -1
177 183 1
177 184 2
178 181 2
178 182 2
178 183 -1
178 184 2
179 181 4
179 182 1
179 183 -2
179 184 -4
180 181 4
180 182 -2
180 183 4
180 184 -2
185 189 1
185 190 2
185 191 -4
185 192 4
186 189 2
186 190 -2
186 191 1
186 192 -4
187 189 1
187 190 1
187 191 -2
187 192 -2
188 189 4
188 190 -4
188 191 4
188 192 -2
193 197 1
193 198 -1
193 199 -4
193 200 -1
194 197 4
194 198 -1
194 199 4
194 200 4
195 197 -1
195 198 1
195 199 1
195 200 4
196 197 4
196 198 -4
196 199 -1
196 200 -1
201 205 1
201 206 -2
201 207 -4
201 208 -4
202 205 1
202 206 -4
202 207 1
202 208 -2
203 205 -1
203 206 -4
203 207 2
203 208 2
204 205 2
204 206 4
204 207 -4
204 208 -1
209 213 1
209 214 -2
209 215 -1
209 216 1
210 213 -2
210 214 2
210 215 -2
210 216 4
211 213 1
211 214 4
211 215 -2
211 216 -1
212 213 2
212 214 1
212 215 4
212 216 -1
217 221 4
217 222 -4
217 223 1
217 224 4
218 221 2
218 222 4
218 223 -4
218 224 2
219 221 -1
219 222 -1
219 223 -1
219 224 2
220 221 -4
220 222 -1
220 223 1
220 224 -4
225 229 -2
225 230 -2
225 231 2
225 232 -4
226 229 -2
226 230 -2
226 231 -4
226 232 -4
227 229 -1
227 230 -4
227 231 2
227 232 -2
228 229 4
228 230 4
228 231 -4
228 232 4
233 237 4
233 238 4
233 239 -4
233 240 2
234 237 1
234 238 1
234 239 -4
234 240 1
235 237 2
235 238 -2
235 239 -1
235 240 -2
236 237 2
236 238 -4
236 239 -1
236 240 -2
241 245 -2
241 246 4
241 247 4
241 248 -4
242 245 4
242 246 -1
242 247 4
242 248 4
243 245 1
243 246 4
243 247 -1
243 248 2
244 245 -4
244 246 -4
244 247 4
244 248 1
249 253 4
249 254 -1
249 255 2
249 256 1
250 253 2
250 254 4
250 255 1
250 256 -2
251 253 -1
251 254 1
251 255 -4
251 256 -4
252 253 4
252 254 -4
252 255 -2
252 256 2
257 261 2
257 262 -2
257 263 -2
257 264 4
258 261 4
258 262 1
258 263 -2
258 264 2
259 261 -1
259 262 -1
259 263 -2
259 264 -4
260 261 -2
260 262 2
260 263 -4
260 264 2
265 269 4
265 270 1
265 271 4
265 272 1
266 269 1
266 270 1
266 271 -2
266 272 -1
267 269 -1
267 270 4
267 271 -2
267 272 -4
268 269 -1
268 270 4
268 271 1
268 272 2
273 277 1
273 278 -1
273 279 1
273 280 2
274 277 -1
274 278 -2
274 279 -4
274 280 -4
275 277 1
275 278 2
275 279 -1
275 280 -1
276 277 -1
276 278 1
276 279 -1
276 280 1
281 285 1
281 286 -2
281 287 -2
281 288 2
282 285 -2
282 286 1
282 287 2
282 288 4
283 285 4
283 286 1
283 287 1
283 288 4
284 285 4
284 286 2
284 287 -2
284 288 -2
289 293 4
289 294 1
289 295 4
289 296 -1
290 293 -2
290 294 1
290 295 -4
290 296 -1
291 293 -4
291 294 -4
291 295 1
291 296 -2
292 293 2
292 294 -4
292 295 1
292 296 -4
297 301 -1
297 302 -1
297 303 -1
297 304 -2
298 301 -4
298 302 1
298 303 -4
298 304 -4
299 301 -2
299 302 2
299 303 -1
299 304 -4
300 301 -2
300 302 -2
300 303 1
300 304 -4
305 309 -4
305 310 -2
305 311 -4
305 312 -1
306 309 -2
306 310 -1
306 311 -2
306 312 1
307 309 1
307 310 1
307 311 4
307 312 -2
308 309 1
308 310 1
308 311 -4
308 312 -1
313 317 -4
313 318 -2
313 319 1
313 320 2
314 317 2
314 318 -2
314 319 4
314 320 -2
315 317 -2
315 318 1
315 319 -1
315 320 -1
316 317 1
316 318 1
316 319 -4
316 320 2
321 325 -1
321 326 -2
321 327 -2
321 328 -1
322 325 1
322 326 -1
322 327 -4
322 328 1
323 325 1
323 326 1
323 327 -2
323 328 4
324 325 -4
324 326 -1
324 327 -4
324 328 4
329 333 -2
329 334 4
329 335 -1
329 336 -2
330 333 -1
330 334 -1
330 335 1
330 336 2
331 333 4
331 334 4
331 335 1
331 336 4
332 333 -4
332 334 -1
332 335 2
332 336 -4
337 341 1
337 342 4
337 343 -1
337 344 -4
338 341 -4
338 342 -2
338 343 1
338 344 2
339 341 -1
339 342 1
339 343 -2
339 344 1
340 341 1
340 342 1
340 343 -4
340 344 -1
345 349 1
345 350 2
345 351 -4
345 352 -1
346 349 1
346 350 4
346 351 -2
346 352 2
347 349 -1
347 350 -4
347 351 2
347 352 2
348 349 4
348 350 2
348 351 -1
348 352 1
353 357 -1
353 358 4
353 359 2
353 360 4
354 357 4
354 358 -1
354 359 -4
354 360 -2
355 357 -1
355 358 -1
355 359 -1
355 360 -1
356 357 4
356 358 -1
356 359 -4
356 360 -1
361 365 4
361 366 4
361 367 2
361 368 -4
362 365 4
362 366 1
362 367 -1
362 368 -1
363 365 -2
363 366 4
363 367 -2
363 368 2
364 365 4
364 366 1
364 367 2
364 368 4
369 373 2
369 374 2
369 375 4
369 376 -4
370 373 4
370 374 -1
370 375 -4
370 376 4
371 373 -2
371 374 1
371 375 1
371 376 1
372 373 -4
372 374 -1
372 375 -1
372 376 -1
377 381 2
377 382 4
377 383 4
377 384 2
378 381 -1
378 382 4
378 383 2
378 384 -2
379 381 2
379 382 -2
379 383 -1
379 384 -4
380 381 -2
380 382 -2
380 383 4
380 384 -4
385 389 -1
385 390 4
385 391 2
385 392 -2
386 389 1
386 390 -2
386 391 -4
386 392 -1
387 389 1
387 390 4
387 391 -2
387 392 2
388 389 1
388 390 -4
388 391 2
388 392 2
393 397 -4
393 398 -2
393 399 2
393 400 4
394 397 -1
394 398 2
394 399 -1
394 400 1
395 397 -2
395 398 -1
395 399 1
395 400 -1
396 397 -1
396 398 -2
396 399 1
396 400 1
401 405 1
401 406 -4
401 407 4
401 408 -4
402 405 1
402 406 2
402 407 1
402 408 4
403 405 2
403 406 -2
403 407 -2
403 408 2
404 405 2
404 406 -2
404 407 -1
404 408 -2
409 413 -4
409 414 -4
409 415 4
409 416 -4
410 413 -4
410 414 1
410 415 -1
410 416 -4
411 413 2
411 414 1
411 415 2
411 416 4
412 413 1
412 414 -2
412 415 -1
412 416 2
417 421 4
417 422 -4
417 423 -2
417 424 -4
418 421 4
418 422 2
418 423 1
418 424 1
419 421 1
419 422 -2
419 423 2
419 424 2
420 421 1
420 422 2
420 423 2
420 424 -4
425 429 -4
425 430 1
425 431 4
425 432 -1
426 429 4
426 430 -1
426 431 4
426 432 2
427 429 1
427 430 4
427 431 4
427 432 -1
428 429 2
428 430 1
428 431 -4
428 432 -4
433 437 4
433 438 2
433 439 2
433 440 4
434 437 4
434 438 -4
434 439 -2
434 440 4
435 437 2
435 438 1
435 439 -2
435 440 2
436 437 -4
436 438 1
436 439 4
436 440 4
441 445 -2
441 446 1
441 447 2
441 448 -4
442 445 -4
442 446 1
442 447 -2
442 448 1
443 445 -1
443 446 2
443 447 -1
443 448 -4
444 445 -4
444 446 -2
444 447 -2
444 448 4
449 453 2
449 454 -1
449 455 -1
449 456 1
450 453 4
450 454 -2
450 455 2
450 456 2
451 453 -1
451 454 -2
451 455 -2
451 456 -2
452 453 -2
452 454 -2
452 455 1
452 456 1
457 461 -2
457 462 4
457 463 1
457 464 -1
458 461 4
458 462 -4
458 463 4
458 464 -4
459 461 -2
459 462 1
459 463 4
459 464 -2
460 461 2
460 462 -1
460 463 1
460 464 -2
465 469 2
465 470 4
465 471 2
465 472 -2
466 469 -1
466 470 4
466 471 -2
466 472 2
467 469 1
467 470 2
467 471 1
467 472 2
468 469 -2
468 470 1
468 471 -1
468 472 -4
473 477 4
473 478 4
473 479 -1
473 480 1
474 477 2
474 478 -1
474 479 -2
474 480 -1
475 477 1
475 478 2
475 479 2
475 480 2
476 477 -2
476 478 -4
476 479 1
476 480 2
481 485 -1
481 486 -4
481 487 4
481 488 -1
482 485 2
482 486 1
482 487 -1
482 488 4
483 485 1
483 486 -4
483 487 1
483 488 2
484 485 1
484 486 -4
484 487 2
484 488 -2
489 493 4
489 494 4
489 495 4
489 496 2
490 493 -2
490 494 -1
490 495 -4
490 496 2
491 493 -1
491 494 -1
491 495 4
491 496 -1
492 493 -4
492 494 -2
492 495 -2
492 496 1
497 501 -1
497 502 -2
497 503 -2
497 504 2
498 501 2
498 502 -4
498 503 -4
498 504 -1
499 501 4
499 502 -1
499 503 -1
499 504 2
500 501 2
500 502 2
500 503 1
500 504 2
505 509 4
505 510 4
505 511 4
505 512 1
506 509 4
506 510 4
506 511 -2
506 512 1
507 509 -2
507 510 -2
507 511 -2
507 512 -1
508 509 1
508 510 2
508 511 2
508 512 1
5 13 -2
6 14 4
7 15 4
8 16 2
13 21 -4
14 22 1
15 23 -1
16 24 -4
21 29 -2
22 30 -4
23 31 -1
24 32 4
29 37 -2
30 38 2
31 39 -1
32 40 2
37 45 -4
38 46 -2
39 47 -1
40 48 -1
45 53 -1
46 54 -4
47 55 -1
48 56 2
53 61 4
54 62 1
55 63 -4
56 64 1
69 77 1
70 78 -1
71 79 2
72 80 -1
77 85 1
78 86 1
79 87 4
80 88 -4
85 93 -1
86 94 -4
87 95 -2
88 96 -2
93 101 4
94 102 -4
95 103 -1
96 104 -2
101 109 1
102 110 -2
103 111 1
104 112 -2
109 117 -1
110 118 -4
111 119 4
112 120 -2
117 125 2
118 126 -2
119 127 -2
120 128 -2
133 141 -4
134 142 -4
135 143 4
136 144 -2
141 149 4
142 150 -1
143 151 2
144 152 -1
149 157 -1
150 158 1
151 159 -1
152 160 4
157 165 -2
158 166 4
159 167 4
160 168 1
165 173 2
166 174 4
167 175 1
168 176 -2
173 181 1
174 182 4
175 183 -1
176 184 -1
181 189 4
182 190 -4
183 191 4
184 192 4
197 205 -1
198 206 -2
199 207 1
200 208 -1
205 213 -1
206 214 4
207 215 -2
208 216 1
213 221 -1
214 222 1
215 223 -1
216 224 2
221 229 4
222 230 -4
223 231 1
224 232 2
229 237 -1
230 238 -2
231 239 -2
232 240 4
237 245 2
238 246 1
239 247 1
240 248 1
245 253 2
246 254 4
247 255 -1
248 256 4
261 269 1
262 270 4
263 271 -4
264 272 -1
269 277 1
270 278 4
271 279 -4
272 280 2
277 285 -4
278 286 1
279 287 -4
280 288 2
285 293 2
286 294 1
287 295 4
288 296 -4
293 301 4
294 302 -1
295 303 -2
296 304 -2
301 309 1
302 310 -1
303 311 1
304 312 -1
309 317 2
310 318 -2
311 319 -4
312 320 2
325 333 4
326 334 2
327 335 1
328 336 -1
333 341 -2
334 342 4
335 343 2
336 344 1
341 349 1
342 350 2
343 351 2
344 352 -4
349 357 -2
350 358 -4
351 359 2
352 360 -4
357 365 1
358 366 1
359 367 1
360 368 -4
365 373 -4
366 374 1
367 375 1
368 376 2
373 381 -2
374 382 -4
375 383 1
376 384 -2
389 397 2
390 398 -2
391 399 1
392 400 1
397 405 4
398 406 4
399 407 -4
400 408 -1
405 413 1
406 414 2
407 415 1
408 416 4
413 421 1
414 422 4
415 423 4
416 424 1
421 429 2
422 430 -2
423 431 -2
424 432 2
429 437 4
430 438 -2
431 439 -2
432 440 -4
437 445 -2
438 446 -2
439 447 1
440 448 1
453 461 4
454 462 4
455 463 -1
456 464 2
461 469 -4
462 470 -4
463 471 2
464 472 -4
469 477 -4
470 478 2
471 479 -4
472 480 4
477 485 4
478 486 -2
479 487 1
480 488 -2
485 493 2
486 494 -1
487 495 -2
488 496 4
493 501 -2
494 502 -4
495 503 1
496 504 -4
501 509 4
502 510 1
503 511 -2
504 512 -4
1 65 1
2 66 2
3 67 -2
4 68 -1
65 129 4
66 130 2
67 131 2
68 132 -1
129 193 -4
130 194 2
131 195 -1
132 196 -2
193 257 4
194 258 1
195 259 -4
196 260 4
257 321 2
258 322 -2
259 323 4
260 324 -1
321 385 4
322 386 -1
323 387 2
324 388 -2
385 449 -2
386 450 -4
387 451 -1
388 452 2
9 73 -1
10 74 -4
11 75 -1
12 76 1
73 137 -1
74 138 -2
75 139 -2
76 140 4
137 201 1
138 202 -1
139 203 4
140 204 2
201 265 1
202 266 -4
203 267 -1
204 268 -2
265 329 1
266 330 -4
267 331 -2
268 332 2
329 393 4
330 394 -2
331 395 -4
332 396 -1
393 457 -4
394 458 1
395 459 -4
396 460 1
17 81 -4
18 82 -4
19 83 -2
20 84 2
81 145 -4
82 146 -1
83 147 -4
84 148 1
145 209 4
146 210 -1
147 211 1
148 212 4
209 273 -1
210 274 -1
211 275 1
212 276 1
273 337 2
274 338 -2
275 339 -4
276 340 1
337 401 4
338 402 4
339 403 4
340 404 -1
401 465 -1
402 466 -4
403 467 -4
404 468 -2
25 89 4
26 90 2
27 91 1
28 92 -4
89 153 2
90 154 -1
91 155 2
92 156 2
153 217 -2
154 218 -1
155 219 4
156 220 4
217 281 2
218 282 -4
219 283 1
220 284 1
281 345 -2
282 346 2
283 347 -4
284 348 -4
345 409 2
346 410 -1
347 411 4
348 412 4
409 473 4
410 474 4
411 475 1
412 476 -1
33 97 -1
34 98 4
35 99 2
36 100 -4
97 161 -4
98 162 1
99 163 1
100 164 -4
161 225 4
162 226 -2
163 227 4
164 228 1
225 289 -1
226 290 -4
227 291 -1
228 292 -2
289 353 -1
290 354 -2
291 355 4
292 356 -1
353 417 2
354 418 -1
355 419 -4
356 420 -1
417 481 -1
418 482 -2
419 483 4
420 484 4
41 105 -2
42 106 -1
43 107 2
44 108 2
105 169 1
106 170 1
107 171 -2
108 172 -1
169 233 -4
170 234 -2
171 235 2
172 236 2
233 297 -2
234 298 -4
235 299 2
236 300 2
297 361 -2
298 362 -4
299 363 2
300 364 -2
361 425 -4
362 426 -4
363 427 -2
364 428 -1
425 489 4
426 490 -1
427 491 -2
428 492 1
49 113 -1
50 114 4
51 115 1
52 116 4
113 177 -1
114 178 2
115 179 -4
116 180 -1
177 241 4
178 242 2
179 243 -2
180 244 -4
241 305 -2
242 306 -1
243 307 -2
244 308 -4
305 369 4
306 370 -4
307 371 -1
308 372 2
369 433 -1
370 434 -2
371 435 2
372 436 -2
433 497 -1
434 498 1
435 499 -2
436 500 4
57 121 1
58 122 -4
59 123 4
60 124 -2
121 185 1
122 186 4
123 187 2
124 188 2
185 249 2
186 250 -1
187 251 4
188 252 -4
249 313 4
250 314 -4
251 315 -4
252 316 -4
313 377 -1
314 378 -1
315 379 4
316 380 -2
377 441 2
378 442 -1
379 443 2
380 444 1
441 505 4
442 506 -1
443 507 -1
444 508 2
