#
1 5 -2
1 6 2
1 7 2
1 8 -1
2 5 -1
2 6 4
2 7 -2
2 8 1
3 5 -4
3 6 2
3 7 4
3 8 -4
4 5 2
4 6 2
4 7 4
4 8 4
9 13 2
9 14 -1
9 15 -2
9 16 2
10 13 2
10 14 4
10 15 4
10 16 -2
11 13 2
11 14 -1
11 15 4
11 16 -1
12 13 4
12 14 4
12 15 -1
12 16 -2
17 21 1
17 22 1
17 23 -4
17 24 -4
18 21 2
18 22 -4
18 23 1
18 24 -2
19 21 -2
19 22 4
19 23 2
19 24 1
20 21 2
20 22 1
20 23 -4
20 24 -2
25 29 -4
25 30 4
25 31 2
25 32 4
26 29 2
26 30 2
26 31 1
26 32 -1
27 29 4
27 30 4
27 31 -1
27 32 -1
28 29 1
28 30 4
28 31 -4
28 32 -4
33 37 1
33 38 -1
33 39 -1
33 40 -4
34 37 -2
34 38 -2
34 39 1
34 40 1
35 37 4
35 38 2
35 39 -1
35 40 -1
36 37 4
36 38 -4
36 39 1
36 40 4
41 45 2
41 46 2
41 47 4
41 48 4
42 45 4
42 46 -2
42 47 4
42 48 4
43 45 -2
43 46 -1
43 47 2
43 48 -1
44 45 4
44 46 2
44 47 1
44 48 -4
49 53 1
49 54 2
49 55 -4
49 56 1
50 53 2
50 54 1
50 55 -2
50 56 1
51 53 1
51 54 -2
51 55 1
51 56 4
52 53 -4
52 54 -4
52 55 -4
52 56 4
57 61 -2
57 62 -4
57 63 -1
57 64 -2
58 61 2
58 62 2
58 63 4
58 64 1
59 61 -2
59 62 1
59 63 -1
59 64 -1
60 61 4
60 62 2
60 63 1
60 64 -4
65 69 1
65 70 1
65 71 -4
65 72 -1
66 69 1
66 70 1
66 71 -1
66 72 4
67 69 1
67 70 -4
67 71 -2
67 72 2
68 69 -2
68 70 2
68 71 1
68 72 -2
73 77 -1
73 78 4
73 79 4
73 80 1
74 77 -1
74 78 2
74 79 4
74 80 -1
75 77 1
75 78 2
75 79 -1
75 80 1
76 77 2
76 78 -2
76 79 -4
76 80 2
81 85 1
81 86 1
81 87 2
81 88 1
82 85 1
82 86 -1
82 87 1
82 88 -2
83 85 -4
83 86 -4
83 87 -1
83 88 -1
84 85 -4
84 86 1
84 87 -2
84 88 2
89 93 -1
89 94 -2
89 95 4
89 96 -1
90 93 4
90 94 -2
90 95 -2
90 96 1
91 93 -1
91 94 -4
91 95 -4
91 96 -4
92 93 2
92 94 1
92 95 -2
92 96 -2
97 101 -4
97 102 2
97 103 1
97 104 -4
98 101 -1
98 102 -2
98 103 -4
98 104 4
99 101 2
99 102 -4
99 103 -4
99 104 -2
100 101 2
100 102 1
100 103 4
100 104 1
105 109 1
105 110 2
105 111 -1
105 112 -4
106 109 4
106 110 -4
106 111 -2
106 112 -1
107 109 -4
107 110 -2
107 111 -2
107 112 -2
108 109 2
108 110 2
108 111 2
108 112 2
113 117 -1
113 118 1
113 119 1
113 120 1
114 117 2
114 118 4
114 119 2
114 120 -2
115 117 -2
115 118 -4
115 119 1
115 120 4
116 117 1
116 118 -4
116 119 -4
116 120 -4
121 125 -1
121 126 -2
121 127 4
121 128 -4
122 125 1
122 126 4
122 127 -1
122 128 2
123 125 -2
123 126 2
123 127 -1
123 128 4
124 125 -2
124 126 -2
124 127 4
124 128 4
129 133 2
129 134 1
129 135 -4
129 136 -4
130 133 2
130 134 -1
130 135 -4
130 136 1
131 133 1
131 134 1
131 135 2
131 136 4
132 133 1
132 134 1
132 135 -4
132 136 -4
137 141 -1
137 142 4
137 143 1
137 144 -2
138 141 -2
138 142 2
138 143 4
138 144 2
139 141 2
139 142 4
139 143 -1
139 144 2
140 141 2
140 142 -4
140 143 -2
140 144 1
145 149 2
145 150 -2
145 151 -4
145 152 2
146 149 -1
146 150 -4
146 151 -4
146 152 4
147 149 -2
147 150 -1
147 151 1
147 152 -4
148 149 1
148 150 2
148 151 4
148 152 -4
153 157 1
153 158 4
153 159 -2
153 160 -2
154 157 1
154 158 1
154 159 4
154 160 4
155 157 -2
155 158 -4
155 159 -4
155 160 4
156 157 4
156 158 -1
156 159 -1
156 160 1
161 165 -2
161 166 1
161 167 4
161 168 -2
162 165 -1
162 166 4
162 167 -1
162 168 4
163 165 -4
163 166 -1
163 167 2
163 168 -4
164 165 -4
164 166 -2
164 167 2
164 168 1
169 173 4
169 174 -4
169 175 4
169 176 1
170 173 1
170 174 1
170 175 -2
170 176 -1
171 173 4
171 174 2
171 175 -2
171 176 1
172 173 4
172 174 -4
172 175 1
172 176 -2
177 181 -2
177 182 2
177 183 -4
177 184 -2
178 181 2
178 182 2
178 183 2
178 184 -2
179 181 4
179 182 -4
179 183 -2
179 184 -2
180 181 2
180 182 1
180 183 2
180 184 2
185 189 -1
185 190 4
185 191 2
185 192 -4
186 189 2
186 190 -2
186 191 -2
186 192 2
187 189 4
187 190 1
187 191 4
187 192 2
188 189 2
188 190 4
188 191 4
188 192 2
193 197 -4
193 198 -2
193 199 4
193 200 2
194 197 1
194 198 2
194 199 1
194 200 -1
195 197 -1
195 198 1
195 199 -4
195 200 2
196 197 -1
196 198 -1
196 199 -1
196 200 -2
201 205 2
201 206 -2
201 207 4
201 208 4
202 205 4
202 206 2
202 207 2
202 208 1
203 205 -2
203 206 4
203 207 -4
203 208 -2
204 205 2
204 206 -4
204 207 -1
204 208 -4
209 213 -4
209 214 4
209 215 4
209 216 1
210 213 -2
210 214 4
210 215 -1
210 216 4
211 213 -1
211 214 1
211 215 -1
211 216 2
212 213 -4
212 214 1
212 215 4
212 216 -2
217 221 1
217 222 4
217 223 -2
217 224 1
218 221 2
218 222 2
218 223 1
218 224 -4
219 221 1
219 222 -1
219 223 -2
219 224 -4
220 221 4
220 222 -4
220 223 -1
220 224 1
225 229 -1
225 230 -2
225 231 4
225 232 -4
226 229 4
226 230 1
226 231 -1
226 232 2
227 229 -2
227 230 -2
227 231 1
227 232 -1
228 229 4
228 230 1
228 231 -4
228 232 -4
233 237 -4
233 238 4
233 239 4
233 240 2
234 237 -2
234 238 -2
234 239 -1
234 240 4
235 237 -2
235 238 -4
235 239 -2
235 240 -4
236 237 1
236 238 -2
236 239 1
236 240 -4
241 245 -2
241 246 -1
241 247 2
241 248 -2
242 245 4
242 246 1
242 247 -1
242 248 -2
243 245 2
243 246 1
243 247 -1
243 248 -1
244 245 1
244 246 -4
244 247 -2
244 248 4
249 253 1
249 254 -1
249 255 -4
249 256 4
250 253 -1
250 254 2
250 255 4
250 256 1
251 253 -4
251 254 -2
251 255 -4
251 256 -2
252 253 -4
252 254 1
252 255 1
252 256 1
257 261 2
257 262 -1
257 263 2
257 264 1
258 261 1
258 262 2
258 263 4
258 264 1
259 261 -4
259 262 -1
259 263 -4
259 264 4
260 261 -1
260 262 2
260 263 -1
260 264 -4
265 269 1
265 270 2
265 271 -1
265 272 -4
266 269 -2
266 270 -1
266 271 2
266 272 -2
267 269 -4
267 270 4
267 271 4
267 272 2
268 269 -1
268 270 -2
268 271 -1
268 272 -4
273 277 -4
273 278 -2
273 279 -2
273 280 1
274 277 -1
274 278 1
274 279 4
274 280 2
275 277 4
275 278 2
275 279 1
275 280 -4
276 277 -4
276 278 2
276 279 -1
276 280 -2
281 285 4
281 286 -2
281 287 4
281 288 -1
282 285 -4
282 286 -2
282 287 -4
282 288 2
283 285 1
283 286 2
283 287 -4
283 288 -2
284 285 -2
284 286 -4
284 287 4
284 288 -4
289 293 -4
289 294 2
289 295 -2
289 296 -1
290 293 2
290 294 2
290 295 4
290 296 -2
291 293 -2
291 294 -4
291 295 1
291 296 2
292 293 1
292 294 -1
292 295 2
292 296 1
297 301 2
297 302 1
297 303 -4
297 304 -1
298 301 4
298 302 -4
298 303 2
298 304 -2
299 301 -1
299 302 -4
299 303 2
299 304 -1
300 301 -1
300 302 1
300 303 -2
300 304 -1
305 309 2
305 310 -2
305 311 -2
305 312 -4
306 309 4
306 310 4
306 311 -2
306 312 2
307 309 1
307 310 -1
307 311 4
307 312 -2
308 309 -4
308 310 -2
308 311 1
308 312 -2
313 317 2
313 318 1
313 319 -4
313 320 1
314 317 -4
314 318 -2
314 319 -2
314 320 1
315 317 4
315 318 1
315 319 2
315 320 2
316 317 1
316 318 -2
316 319 2
316 320 -4
321 325 -2
321 326 1
321 327 4
321 328 -2
322 325 4
322 326 -4
322 327 -2
322 328 2
323 325 -4
323 326 1
323 327 1
323 328 -2
324 325 -4
324 326 -1
324 327 1
324 328 1
329 333 4
329 334 -1
329 335 4
329 336 -1
330 333 -4
330 334 4
330 335 1
330 336 4
331 333 -4
331 334 -4
331 335 2
331 336 4
332 333 -2
332 334 1
332 335 -1
332 336 1
337 341 4
337 342 2
337 343 -2
337 344 2
338 341 2
338 342 -1
338 343 2
338 344 2
339 341 -1
339 342 -1
339 343 -2
339 344 -2
340 341 2
340 342 -2
340 343 -2
340 344 1
345 349 -4
345 350 -1
345 351 2
345 352 -1
346 349 -1
346 350 -1
346 351 2
346 352 -2
347 349 -2
347 350 -4
347 351 2
347 352 -1
348 349 4
348 350 -1
348 351 2
348 352 1
353 357 2
353 358 -4
353 359 4
353 360 -1
354 357 4
354 358 -4
354 359 -4
354 360 -1
355 357 -4
355 358 2
355 359 2
355 360 2
356 357 2
356 358 -1
356 359 1
356 360 -1
361 365 -1
361 366 1
361 367 1
361 368 -1
362 365 1
362 366 -2
362 367 -1
362 368 -4
363 365 -4
363 366 1
363 367 -1
363 368 -2
364 365 4
364 366 -1
364 367 -4
364 368 -2
369 373 4
369 374 2
369 375 -2
369 376 1
370 373 4
370 374 -4
370 375 4
370 376 -1
371 373 -2
371 374 -2
371 375 2
371 376 -1
372 373 4
372 374 2
372 375 2
372 376 1
377 381 -2
377 382 4
377 383 -1
377 384 4
378 381 -2
378 382 1
378 383 -1
378 384 -4
379 381 4
379 382 -2
379 383 -2
379 384 -2
380 381 1
380 382 -2
380 383 -2
380 384 -2
385 389 2
385 390 2
385 391 1
385 392 1
386 389 -1
386 390 -4
386 391 -2
386 392 2
387 389 1
387 390 -1
387 391 -4
387 392 1
388 389 1
388 390 1
388 391 -4
388 392 1
393 397 -1
393 398 -1
393 399 -4
393 400 -2
394 397 -2
394 398 2
394 399 -1
394 400 4
395 397 -1
395 398 -1
395 399 -2
395 400 1
396 397 -2
396 398 1
396 399 -4
396 400 -2
401 405 1
401 406 2
401 407 -1
401 408 1
402 405 4
402 406 -4
402 407 4
402 408 -1
403 405 2
403 406 4
403 407 2
403 408 2
404 405 -2
404 406 1
404 407 4
404 408 2
409 413 -1
409 414 1
409 415 4
409 416 1
410 413 4
410 414 -2
410 415 2
410 416 2
411 413 4
411 414 1
411 415 -4
411 416 -4
412 413 4
412 414 1
412 415 1
412 416 -4
417 421 -1
417 422 4
417 423 1
417 424 -4
418 421 -4
418 422 4
418 423 -2
418 424 2
419 421 -1
419 422 4
419 423 -2
419 424 4
420 421 4
420 422 1
420 423 4
420 424 -4
425 429 -4
425 430 1
425 431 -1
425 432 -1
426 429 -2
426 430 -1
426 431 -2
426 432 -4
427 429 1
427 430 2
427 431 4
427 432 1
428 429 -1
428 430 2
428 431 2
428 432 4
433 437 -1
433 438 1
433 439 1
433 440 2
434 437 -2
434 438 4
434 439 -1
434 440 1
435 437 1
435 438 1
435 439 4
435 440 1
436 437 4
436 438 -2
436 439 -2
436 440 4
441 445 -1
441 446 -4
441 447 -4
441 448 -2
442 445 -1
442 446 -4
442 447 4
442 448 1
443 445 4
443 446 4
443 447 -2
443 448 -4
444 445 -2
444 446 -1
444 447 -1
444 448 -1
449 453 -2
449 454 1
449 455 1
449 456 -4
450 453 1
450 454 -4
450 455 4
450 456 1
451 453 -4
451 454 -2
451 455 4
451 456 -2
452 453 1
452 454 -4
452 455 -1
452 456 -4
457 461 -2
457 462 -1
457 463 1
457 464 -2
458 461 1
458 462 -1
458 463 2
458 464 2
459 461 -4
459 462 4
459 463 2
459 464 -2
460 461 4
460 462 -2
460 463 -2
460 464 -4
465 469 4
465 470 -4
465 471 1
465 472 -1
466 469 -2
466 470 1
466 471 2
466 472 -2
467 469 -2
467 470 4
467 471 2
467 472 4
468 469 1
468 470 2
468 471 1
468 472 1
473 477 -4
473 478 1
473 479 -1
473 480 -1
474 477 -1
474 478 -4
474 479 -1
474 480 2
475 477 1
475 478 -1
475 479 -1
475 480 4
476 477 -2
476 478 4
476 479 4
476 480 -2
481 485 2
481 486 2
481 487 2
481 488 1
482 485 1
482 486 4
482 487 4
482 488 2
483 485 4
483 486 4
483 487 -2
483 488 -1
484 485 4
484 486 -2
484 487 -2
484 488 2
489 493 4
489 494 2
489 495 4
489 496 -1
490 493 -1
490 494 -2
490 495 2
490 496 -1
491 493 -4
491 494 1
491 495 -1
491 496 2
492 493 -2
492 494 -2
492 495 -1
492 496 -2
497 501 1
497 502 -1
497 503 1
497 504 4
498 501 -2
498 502 -2
498 503 -1
498 504 -1
499 501 1
499 502 2
499 503 4
499 504 2
500 501 -1
500 502 4
500 503 2
500 504 2
505 509 1
505 510 -4
505 511 1
505 512 4
506 509 -1
506 510 4
506 511 1
506 512 4
507 509 4
507 510 -2
507 511 2
507 512 1
508 509 1
508 510 -2
508 511 -2
508 512 -2
5 13 -2
6 14 2
7 15 4
8 16 2
13 21 1
14 22 -2
15 23 -1
16 24 -1
21 29 -4
22 30 2
23 31 -2
24 32 1
29 37 -2
30 38 2
31 39 -4
32 40 4
37 45 4
38 46 -1
39 47 -1
40 48 -1
45 53 -4
46 54 -2
47 55 -2
48 56 -2
53 61 -1
54 62 4
55 63 -2
56 64 1
69 77 4
70 78 -4
71 79 1
72 80 4
77 85 -4
78 86 -1
79 87 4
80 88 2
85 93 2
86 94 -4
87 95 -1
88 96 -1
93 101 1
94 102 -4
95 103 2
96 104 4
101 109 2
102 110 -1
103 111 4
104 112 -2
109 117 -1
110 118 2
111 119 -4
112 120 1
117 125 -1
118 126 1
119 127 -2
120 128 2
133 141 1
134 142 -2
135 143 -1
136 144 -2
141 149 1
142 150 1
143 151 2
144 152 -2
149 157 -2
150 158 2
151 159 -2
152 160 1
157 165 -2
158 166 -1
159 167 -1
160 168 -2
165 173 -1
166 174 -4
167 175 -1
168 176 -1
173 181 -1
174 182 1
175 183 -4
176 184 -1
181 189 1
182 190 -2
183 191 2
184 192 -1
197 205 4
198 206 1
199 207 4
200 208 4
205 213 4
206 214 4
207 215 2
208 216 -2
213 221 -4
214 222 -4
215 223 2
216 224 -4
221 229 4
222 230 4
223 231 1
224 232 -2
229 237 2
230 238 -2
231 239 -4
232 240 2
237 245 -4
238 246 -4
239 247 -2
240 248 4
245 253 2
246 254 -1
247 255 1
248 256 -2
261 269 1
262 270 -2
263 271 -1
264 272 1
269 277 -2
270 278 -2
271 279 4
272 280 -1
277 285 2
278 286 1
279 287 2
280 288 1
285 293 2
286 294 -4
287 295 1
288 296 -2
293 301 -1
294 302 2
295 303 1
296 304 2
301 309 -2
302 310 -2
303 311 -2
304 312 1
309 317 -4
310 318 -4
311 319 1
312 320 -1
325 333 2
326 334 1
327 335 4
328 336 -2
333 341 -2
334 342 -1
335 343 1
336 344 -4
341 349 4
342 350 -1
343 351 -4
344 352 1
349 357 -1
350 358 -1
351 359 -1
352 360 -2
357 365 -2
358 366 1
359 367 -1
360 368 -1
365 373 -4
366 374 -2
367 375 2
368 376 -2
373 381 -4
374 382 4
375 383 1
376 384 -1
389 397 2
390 398 1
391 399 -2
392 400 -2
397 405 2
398 406 1
399 407 4
400 408 2
405 413 4
406 414 -1
407 415 4
408 416 4
413 421 -2
414 422 1
415 423 2
416 424 1
421 429 1
422 430 4
423 431 -1
424 432 2
429 437 -1
430 438 4
431 439 2
432 440 -4
437 445 2
438 446 -4
439 447 -2
440 448 -2
453 461 -2
454 462 -4
455 463 2
456 464 2
461 469 1
462 470 4
463 471 1
464 472 -4
469 477 1
470 478 2
471 479 -1
472 480 1
477 485 4
478 486 2
479 487 -4
480 488 -2
485 493 4
486 494 -1
487 495 -4
488 496 4
493 501 -2
494 502 -1
495 503 1
496 504 -2
501 509 1
502 510 -4
503 511 -4
504 512 -1
1 65 -1
2 66 4
3 67 1
4 68 -2
65 129 1
66 130 1
67 131 2
68 132 4
129 193 -4
130 194 -1
131 195 -1
132 196 2
193 257 1
194 258 -2
195 259 2
196 260 -1
257 321 -1
258 322 4
259 323 -4
260 324 4
321 385 1
322 386 4
323 387 4
324 388 2
385 449 -2
386 450 -4
387 451 1
388 452 4
9 73 1
10 74 2
11 75 -4
12 76 -4
73 137 1
74 138 1
75 139 2
76 140 -1
137 201 1
138 202 1
139 203 -1
140 204 -2
201 265 4
202 266 2
203 267 4
204 268 2
265 329 -2
266 330 2
267 331 -1
268 332 1
329 393 -4
330 394 1
331 395 1
332 396 -4
393 457 1
394 458 -1
395 459 4
396 460 -4
17 81 2
18 82 -2
19 83 -1
20 84 4
81 145 1
82 146 -2
83 147 1
84 148 4
145 209 -4
146 210 -1
147 211 2
148 212 -4
209 273 -2
210 274 4
211 275 1
212 276 -2
273 337 -4
274 338 2
275 339 -2
276 340 2
337 401 4
338 402 -2
339 403 -4
340 404 4
401 465 2
402 466 -1
403 467 -1
404 468 -2
25 89 2
26 90 1
27 91 -4
28 92 2
89 153 1
90 154 -4
91 155 -2
92 156 1
153 217 -1
154 218 2
155 219 -1
156 220 -1
217 281 -1
218 282 2
219 283 2
220 284 2
281 345 4
282 346 1
283 347 2
284 348 -1
345 409 4
346 410 -2
347 411 -4
348 412 2
409 473 -2
410 474 -4
411 475 -4
412 476 -1
33 97 2
34 98 -1
35 99 -2
36 100 2
97 161 1
98 162 1
99 163 1
100 164 -1
161 225 -1
162 226 -2
163 227 4
164 228 4
225 289 -1
226 290 1
227 291 2
228 292 4
289 353 -2
290 354 -4
291 355 2
292 356 -4
353 417 -1
354 418 -2
355 419 2
356 420 -2
417 481 -2
418 482 1
419 483 2
420 484 4
41 105 -1
42 106 -4
43 107 -4
44 108 4
105 169 -1
106 170 -2
107 171 -1
108 172 1
169 233 -1
170 234 2
171 235 -4
172 236 -1
233 297 1
234 298 2
235 299 -4
236 300 2
297 361 4
298 362 -2
299 363 2
300 364 2
361 425 1
362 426 4
363 427 4
364 428 2
425 489 1
426 490 -1
427 491 -2
428 492 4
49 113 -2
50 114 -1
51 115 1
52 116 4
113 177 4
114 178 2
115 179 1
116 180 -2
177 241 2
178 242 -1
179 243 -4
180 244 -1
241 305 -2
242 306 -4
243 307 -4
244 308 -2
305 369 -4
306 370 -1
307 371 -2
308 372 4
369 433 -2
370 434 -1
371 435 4
372 436 -4
433 497 -1
434 498 -1
435 499 -4
436 500 2
57 121 -1
58 122 4
59 123 2
60 124 -2
121 185 1
122 186 2
123 187 -1
124 188 -4
185 249 -2
186 250 -4
187 251 2
188 252 -4
249 313 -2
250 314 -1
251 315 -4
252 316 4
313 377 2
314 378 4
315 379 4
316 380 4
377 441 -1
378 442 4
379 443 1
380 444 1
441 505 -4
442 506 1
443 507 1
444 508 2
