#
1 5 -2
1 6 4
1 7 1
1 8 -2
2 5 1
2 6 1
2 7 4
2 8 1
3 5 2
3 6 -4
3 7 -2
3 8 4
4 5 -4
4 6 -2
4 7 2
4 8 2
9 13 1
9 14 -4
9 15 1
9 16 4
10 13 -1
10 14 -4
10 15 2
10 16 2
11 13 -4
11 14 2
11 15 4
11 16 2
12 13 2
12 14 -2
12 15 -1
12 16 -2
17 21 2
17 22 2
17 23 4
17 24 1
18 21 1
18 22 2
18 23 -4
18 24 2
19 21 2
19 22 2
19 23 -1
19 24 4
20 21 -2
20 22 2
20 23 -2
20 24 -2
25 29 1
25 30 4
25 31 2
25 32 -2
26 29 1
26 30 -1
26 31 -4
26 32 -4
27 29 4
27 30 -1
27 31 1
27 32 4
28 29 -1
28 30 4
28 31 -4
28 32 -4
33 37 -1
33 38 -1
33 39 2
33 40 -2
34 37 1
34 38 4
34 39 4
34 40 1
35 37 4
35 38 2
35 39 4
35 40 4
36 37 -2
36 38 4
36 39 1
36 40 -1
41 45 4
41 46 4
41 47 4
41 48 1
42 45 -4
42 46 4
42 47 -4
42 48 -4
43 45 2
43 46 2
43 47 -1
43 48 -2
44 45 2
44 46 1
44 47 4
44 48 4
49 53 -1
49 54 2
49 55 1
49 56 -4
50 53 4
50 54 1
50 55 -1
50 56 -1
51 53 2
51 54 -4
51 55 -1
51 56 4
52 53 4
52 54 -1
52 55 -1
52 56 2
57 61 2
57 62 -1
57 63 4
57 64 -4
58 61 -1
58 62 -2
58 63 4
58 64 2
59 61 -4
59 62 -2
59 63 -2
59 64 -1
60 61 4
60 62 4
60 63 4
60 64 2
65 69 -2
65 70 4
65 71 4
65 72 1
66 69 -2
66 70 2
66 71 1
66 72 -1
67 69 1
67 70 -2
67 71 -4
67 72 2
68 69 1
68 70 -1
68 71 -2
68 72 -4
73 77 4
73 78 -1
73 79 4
73 80 -2
74 77 -1
74 78 1
74 79 -2
74 80 -1
75 77 -2
75 78 -2
75 79 -4
75 80 4
76 77 -1
76 78 4
76 79 -1
76 80 -4
81 85 -1
81 86 1
81 87 -1
81 88 1
82 85 4
82 86 4
82 87 -1
82 88 -4
83 85 4
83 86 -2
83 87 2
83 88 -4
84 85 2
84 86 1
84 87 4
84 88 4
89 93 4
89 94 1
89 95 -4
89 96 4
90 93 4
90 94 -1
90 95 1
90 96 -4
91 93 1
91 94 2
91 95 4
91 96 1
92 93 -1
92 94 -2
92 95 2
92 96 -4
97 101 -4
97 102 -2
97 103 -2
97 104 4
98 101 2
98 102 -2
98 103 1
98 104 4
99 101 -4
99 102 1
99 103 1
99 104 1
100 101 2
100 102 -2
100 103 1
100 104 -2
105 109 -1
105 110 4
105 111 -1
105 112 4
106 109 1
106 110 -2
106 111 -2
106 112 1
107 109 1
107 110 -4
107 111 4
107 112 -1
108 109 1
108 110 2
108 111 2
108 112 -4
113 117 -1
113 118 -1
113 119 -4
113 120 4
114 117 -1
114 118 -4
114 119 -2
114 120 1
115 117 1
115 118 -1
115 119 1
115 120 4
116 117 -1
116 118 -4
116 119 4
116 120 -2
121 125 -1
121 126 -1
121 127 -2
121 128 2
122 125 2
122 126 1
122 127 2
122 128 -2
123 125 -1
123 126 -2
123 127 4
123 128 4
124 125 -1
124 126 2
124 127 1
124 128 -4
129 133 -2
129 134 -1
129 135 -2
129 136 1
130 133 1
130 134 1
130 135 4
130 136 -4
131 133 -1
131 134 4
131 135 -2
131 136 -4
132 133 2
132 134 1
132 135 -4
132 136 -4
137 141 4
137 142 -1
137 143 -2
137 144 -2
138 141 -4
138 142 1
138 143 -2
138 144 1
139 141 -4
139 142 -4
139 143 -1
139 144 4
140 141 2
140 142 2
140 143 -1
140 144 4
145 149 1
145 150 4
145 151 -1
145 152 2
146 149 -1
146 150 -2
146 151 2
146 152 -1
147 149 -2
147 150 -4
147 151 -4
147 152 -4
148 149 2
148 150 2
148 151 -4
148 152 -2
153 157 1
153 158 -1
153 159 -1
153 160 2
154 157 -4
154 158 2
154 159 2
154 160 2
155 157 -4
155 158 -4
155 159 -4
155 160 2
156 157 -2
156 158 2
156 159 1
156 160 4
161 165 -1
161 166 2
161 167 1
161 168 -4
162 165 -2
162 166 -1
162 167 -2
162 168 1
163 165 -1
163 166 2
163 167 -1
163 168 -2
164 165 1
164 166 -4
164 167 1
164 168 2
169 173 -1
169 174 -1
169 175 -1
169 176 4
170 173 1
170 174 1
170 175 -2
170 176 4
171 173 -4
171 174 4
171 175 -2
171 176 4
172 173 -4
172 174 -4
172 175 -2
172 176 -4
177 181 -2
177 182 -2
177 183 -4
177 184 2
178 181 2
178 182 2
178 183 -2
178 184 -2
179 181 -2
179 182 2
179 183 1
179 184 2
180 181 -4
180 182 1
180 183 2
180 184 -2
185 189 2
185 190 2
185 191 4
185 192 4
186 189 1
186 190 -4
186 191 2
186 192 -4
187 189 4
187 190 2
187 191 -1
187 192 4
188 189 -4
188 190 -1
188 191 1
188 192 -4
193 197 4
193 198 -4
193 199 2
193 200 -4
194 197 4
194 198 -2
194 199 2
194 200 2
195 197 1
195 198 -1
195 199 -2
195 200 1
196 197 -2
196 198 -4
196 199 1
196 200 -1
201 205 1
201 206 1
201 207 1
201 208 -2
202 205 -1
202 206 -2
202 207 -1
202 208 1
203 205 4
203 206 2
203 207 -1
203 208 2
204 205 -4
204 206 2
204 207 -4
204 208 -4
209 213 -2
209 214 -2
209 215 -1
209 216 -1
210 213 -4
210 214 -1
210 215 -2
210 216 -4
211 213 -4
211 214 -1
211 215 -4
211 216 1
212 213 -2
212 214 4
212 215 4
212 216 2
217 221 -4
217 222 1
217 223 1
217 224 -4
218 221 -4
218 222 2
218 223 -4
218 224 -2
219 221 1
219 222 2
219 223 1
219 224 -2
220 221 -1
220 222 -4
220 223 -1
220 224 1
225 229 -1
225 230 4
225 231 -4
225 232 2
226 229 -2
226 230 4
226 231 -4
226 232 -4
227 229 -1
227 230 4
227 231 1
227 232 -2
228 229 -4
228 230 4
228 231 4
228 232 1
233 237 1
233 238 -1
233 239 -2
233 240 -1
234 237 -2
234 238 1
234 239 -1
234 240 -1
235 237 -2
235 238 -1
235 239 -4
235 240 -2
236 237 2
236 238 4
236 239 2
236 240 4
241 245 1
241 246 1
241 247 -1
241 248 4
242 245 4
242 246 -2
242 247 2
242 248 4
243 245 -4
243 246 -4
243 247 -4
243 248 4
244 245 2
244 246 1
244 247 -4
244 248 2
249 253 1
249 254 1
249 255 -2
249 256 -4
250 253 -4
250 254 -2
250 255 1
250 256 2
251 253 2
251 254 1
251 255 -1
251 256 4
252 253 -2
252 254 4
252 255 4
252 256 -4
257 261 -1
257 262 -2
257 263 2
257 264 2
258 261 4
258 262 -2
258 263 -2
258 264 -4
259 261 4
259 262 -2
259 263 -1
259 264 -1
260 261 -2
260 262 -2
260 263 -2
260 264 -4
265 269 -1
265 270 -4
265 271 1
265 272 4
266 269 -2
266 270 -4
266 271 2
266 272 2
267 269 -2
267 270 -4
267 271 4
267 272 -1
268 269 1
268 270 2
268 271 -4
268 272 -2
273 277 -1
273 278 -4
273 279 -4
273 280 -1
274 277 -1
274 278 4
274 279 -4
274 280 1
275 277 4
275 278 -1
275 279 -2
275 280 4
276 277 2
276 278 -2
276 279 1
276 280 -4
281 285 4
281 286 1
281 287 1
281 288 1
282 285 1
282 286 -4
282 287 2
282 288 2
283 285 -4
283 286 -1
283 287 -2
283 288 2
284 285 1
284 286 4
284 287 4
284 288 4
289 293 -2
289 294 1
289 295 -4
289 296 1
290 293 -2
290 294 2
290 295 1
290 296 4
291 293 4
291 294 -4
291 295 -1
291 296 -1
292 293 -2
292 294 4
292 295 1
292 296 -2
297 301 1
297 302 4
297 303 1
297 304 1
298 301 1
298 302 2
298 303 -2
298 304 -2
299 301 -4
299 302 -1
299 303 -1
299 304 4
300 301 -2
300 302 -4
300 303 -2
300 304 2
305 309 -4
305 310 -2
305 311 -2
305 312 -1
306 309 -1
306 310 -1
306 311 4
306 312 4
307 309 -2
307 310 2
307 311 2
307 312 1
308 309 1
308 310 4
308 311 2
308 312 -4
313 317 -1
313 318 2
313 319 -1
313 320 1
314 317 -4
314 318 1
314 319 -2
314 320 4
315 317 -4
315 318 -1
315 319 -4
315 320 2
316 317 2
316 318 -1
316 319 4
316 320 -1
321 325 -2
321 326 -2
321 327 2
321 328 2
322 325 2
322 326 4
322 327 1
322 328 1
323 325 -2
323 326 2
323 327 2
323 328 1
324 325 1
324 326 -2
324 327 -2
324 328 4
329 333 1
329 334 2
329 335 2
329 336 4
330 333 1
330 334 -1
330 335 -2
330 336 -1
331 333 -2
331 334 2
331 335 -1
331 336 4
332 333 4
332 334 2
332 335 4
332 336 1
337 341 -2
337 342 -1
337 343 1
337 344 -2
338 341 1
338 342 1
338 343 1
338 344 -2
339 341 -4
339 342 -4
339 343 1
339 344 -1
340 341 4
340 342 -1
340 343 2
340 344 2
345 349 4
345 350 -2
345 351 2
345 352 -1
346 349 -4
346 350 2
346 351 -4
346 352 2
347 349 -4
347 350 -2
347 351 1
347 352 -1
348 349 4
348 350 -1
348 351 2
348 352 2
353 357 1
353 358 4
353 359 4
353 360 4
354 357 -4
354 358 1
354 359 -1
354 360 1
355 357 4
355 358 4
355 359 -1
355 360 -1
356 357 -2
356 358 -1
356 359 -2
356 360 2
361 365 1
361 366 -2
361 367 4
361 368 4
362 365 4
362 366 4
362 367 -4
362 368 2
363 365 1
363 366 4
363 367 2
363 368 -1
364 365 -2
364 366 1
364 367 4
364 368 -1
369 373 1
369 374 -4
369 375 -2
369 376 1
370 373 -4
370 374 1
370 375 1
370 376 1
371 373 -2
371 374 -1
371 375 -2
371 376 -2
372 373 2
372 374 -1
372 375 4
372 376 -4
377 381 -1
377 382 -4
377 383 -1
377 384 -4
378 381 -4
378 382 1
378 383 4
378 384 2
379 381 2
379 382 1
379 383 4
379 384 2
380 381 2
380 382 -2
380 383 4
380 384 -2
385 389 4
385 390 -1
385 391 1
385 392 4
386 389 1
386 390 -4
386 391 4
386 392 -2
387 389 4
387 390 1
387 391 -2
387 392 4
388 389 -1
388 390 4
388 391 4
388 392 -2
393 397 4
393 398 4
393 399 1
393 400 -4
394 397 2
394 398 2
394 399 4
394 400 -2
395 397 -1
395 398 2
395 399 -1
395 400 4
396 397 -2
396 398 -2
396 399 1
396 400 1
401 405 1
401 406 4
401 407 1
401 408 4
402 405 1
402 406 -4
402 407 1
402 408 2
403 405 2
403 406 4
403 407 1
403 408 4
404 405 4
404 406 2
404 407 -4
404 408 -4
409 413 -4
409 414 -2
409 415 2
409 416 4
410 413 -4
410 414 -4
410 415 4
410 416 -2
411 413 4
411 414 -2
411 415 -4
411 416 1
412 413 -1
412 414 4
412 415 -2
412 416 -1
417 421 4
417 422 4
417 423 -1
417 424 2
418 421 4
418 422 -4
418 423 -2
418 424 1
419 421 -4
419 422 4
419 423 -2
419 424 -1
420 421 -1
420 422 1
420 423 -2
420 424 4
425 429 1
425 430 2
425 431 -4
425 432 -4
426 429 1
426 430 -2
426 431 4
426 432 1
427 429 1
427 430 -4
427 431 1
427 432 4
428 429 -2
428 430 1
428 431 -1
428 432 -4
433 437 2
433 438 1
433 439 -2
433 440 -1
434 437 -1
434 438 -2
434 439 1
434 440 2
435 437 -4
435 438 -2
435 439 2
435 440 2
436 437 -4
436 438 -1
436 439 -1
436 440 2
441 445 4
441 446 1
441 447 -4
441 448 1
442 445 -2
442 446 4
442 447 -2
442 448 4
443 445 -2
443 446 -2
443 447 4
443 448 -4
444 445 -1
444 446 -4
444 447 -4
444 448 -1
449 453 1
449 454 1
449 455 2
449 456 2
450 453 1
450 454 -1
450 455 4
450 456 4
451 453 -1
451 454 1
451 455 -4
451 456 -2
452 453 -2
452 454 -2
452 455 -1
452 456 -1
457 461 -2
457 462 4
457 463 2
457 464 -2
458 461 -2
458 462 -1
458 463 4
458 464 -4
459 461 1
459 462 -4
459 463 -4
459 464 1
460 461 4
460 462 4
460 463 -4
460 464 -4
465 469 1
465 470 -2
465 471 2
465 472 4
466 469 -2
466 470 -1
466 471 1
466 472 4
467 469 1
467 470 4
467 471 -4
467 472 1
468 469 -2
468 470 -1
468 471 4
468 472 -2
473 477 -1
473 478 -1
473 479 -1
473 480 -4
474 477 4
474 478 -2
474 479 -1
474 480 -1
475 477 4
475 478 -2
475 479 4
475 480 4
476 477 -1
476 478 1
476 479 -4
476 480 1
481 485 -2
481 486 -2
481 487 1
481 488 2
482 485 -1
482 486 2
482 487 1
482 488 -4
483 485 2
483 486 4
483 487 2
483 488 -2
484 485 4
484 486 1
484 487 -4
484 488 -4
489 493 1
489 494 -1
489 495 -1
489 496 2
490 493 4
490 494 -1
490 495 -4
490 496 4
491 493 4
491 494 1
491 495 2
491 496 -4
492 493 4
492 494 2
492 495 4
492 496 4
497 501 -1
497 502 -1
497 503 1
497 504 4
498 501 4
498 502 -1
498 503 -1
498 504 1
499 501 -2
499 502 4
499 503 -2
499 504 -1
500 501 4
500 502 -2
500 503 4
500 504 -4
505 509 -1
505 510 -2
505 511 -1
505 512 -2
506 509 -2
506 510 -4
506 511 -2
506 512 4
507 509 -2
507 510 -4
507 511 -4
507 512 -4
508 509 1
508 510 1
508 511 2
508 512 -2
5 13 -1
6 14 4
7 15 -2
8 16 -1
13 21 2
14 22 1
15 23 2
16 24 -1
21 29 -1
22 30 4
23 31 -1
24 32 1
29 37 -4
30 38 2
31 39 -1
32 40 -2
37 45 -4
38 46 4
39 47 1
40 48 -2
45 53 -4
46 54 -2
47 55 -4
48 56 -2
53 61 -1
54 62 4
55 63 -1
56 64 -4
69 77 2
70 78 -1
71 79 -1
72 80 4
77 85 4
78 86 -1
79 87 -2
80 88 1
85 93 -1
86 94 4
87 95 -2
88 96 2
93 101 -1
94 102 1
95 103 -4
96 104 -1
101 109 4
102 110 1
103 111 -4
104 112 2
109 117 -1
110 118 -2
111 119 2
112 120 4
117 125 1
118 126 -4
119 127 -2
120 128 1
133 141 1
134 142 4
135 143 4
136 144 -4
141 149 2
142 150 -4
143 151 -4
144 152 -1
149 157 2
150 158 2
151 159 4
152 160 -1
157 165 -1
158 166 -4
159 167 -1
160 168 2
165 173 2
166 174 2
167 175 -2
168 176 2
173 181 1
174 182 -2
175 183 -4
176 184 2
181 189 4
182 190 4
183 191 4
184 192 1
197 205 -4
198 206 -1
199 207 1
200 208 4
205 213 -2
206 214 2
207 215 -2
208 216 4
213 221 -1
214 222 1
215 223 -1
216 224 -1
221 229 1
222 230 -1
223 231 1
224 232 -1
229 237 1
230 238 -4
231 239 1
232 240 4
237 245 4
238 246 -4
239 247 1
240 248 4
245 253 2
246 254 4
247 255 -1
248 256 2
261 269 1
262 270 4
263 271 -4
264 272 2
269 277 4
270 278 -4
271 279 4
272 280 1
277 285 1
278 286 -1
279 287 1
280 288 -1
285 293 1
286 294 2
287 295 2
288 296 4
293 301 1
294 302 -4
295 303 -1
296 304 -4
301 309 -4
302 310 -1
303 311 1
304 312 4
309 317 -4
310 318 -2
311 319 1
312 320 -2
325 333 2
326 334 -2
327 335 -1
328 336 -4
333 341 -1
334 342 2
335 343 -2
336 344 1
341 349 -2
342 350 -1
343 351 -4
344 352 -1
349 357 -1
350 358 4
351 359 -2
352 360 2
357 365 -2
358 366 1
359 367 1
360 368 1
365 373 4
366 374 -4
367 375 2
368 376 -2
373 381 4
374 382 -4
375 383 4
376 384 1
389 397 4
390 398 1
391 399 -1
392 400 4
397 405 -4
398 406 -1
399 407 2
400 408 -1
405 413 4
406 414 1
407 415 1
408 416 -1
413 421 4
414 422 2
415 423 1
416 424 -1
421 429 1
422 430 4
423 431 -2
424 432 -2
429 437 1
430 438 1
431 439 -1
432 440 1
437 445 2
438 446 -2
439 447 1
440 448 4
453 461 -2
454 462 -1
455 463 2
456 464 1
461 469 -4
462 470 4
463 471 1
464 472 2
469 477 4
470 478 -2
471 479 -1
472 480 -2
477 485 -2
478 486 -2
479 487 -2
480 488 1
485 493 -4
486 494 -1
487 495 4
488 496 4
493 501 4
494 502 -2
495 503 1
496 504 -1
501 509 1
502 510 -2
503 511 -4
504 512 -2
1 65 2
2 66 2
3 67 2
4 68 -4
65 129 -4
66 130 -2
67 131 -4
68 132 -1
129 193 2
130 194 -1
131 195 -1
132 196 4
193 257 2
194 258 2
195 259 4
196 260 4
257 321 -2
258 322 4
259 323 -1
260 324 1
321 385 -4
322 386 4
323 387 2
324 388 -4
385 449 -4
386 450 4
387 451 -1
388 452 2
9 73 -1
10 74 2
11 75 -1
12 76 4
73 137 -4
74 138 4
75 139 2
76 140 -4
137 201 1
138 202 -2
139 203 -1
140 204 -2
201 265 -1
202 266 -2
203 267 2
204 268 2
265 329 -1
266 330 1
267 331 4
268 332 1
329 393 2
330 394 -2
331 395 4
332 396 4
393 457 -4
394 458 4
395 459 1
396 460 2
17 81 -1
18 82 -4
19 83 -4
20 84 4
81 145 -1
82 146 -4
83 147 -2
84 148 2
145 209 -1
146 210 2
147 211 2
148 212 -2
209 273 4
210 274 -1
211 275 4
212 276 -4
273 337 1
274 338 -1
275 339 -4
276 340 4
337 401 -2
338 402 -1
339 403 -2
340 404 1
401 465 1
402 466 -2
403 467 -4
404 468 -2
25 89 4
26 90 2
27 91 2
28 92 -4
89 153 1
90 154 -4
91 155 -2
92 156 1
153 217 -4
154 218 4
155 219 -4
156 220 -2
217 281 4
218 282 4
219 283 -4
220 284 1
281 345 1
282 346 1
283 347 4
284 348 -2
345 409 -1
346 410 -2
347 411 -2
348 412 2
409 473 2
410 474 2
411 475 -2
412 476 1
33 97 4
34 98 4
35 99 2
36 100 1
97 161 -2
98 162 -2
99 163 2
100 164 2
161 225 -4
162 226 -2
163 227 4
164 228 1
225 289 2
226 290 2
227 291 4
228 292 1
289 353 -4
290 354 1
291 355 -2
292 356 2
353 417 -4
354 418 -1
355 419 -2
356 420 4
417 481 4
418 482 2
419 483 -1
420 484 2
41 105 4
42 106 -1
43 107 2
44 108 2
105 169 -2
106 170 4
107 171 4
108 172 1
169 233 1
170 234 -2
171 235 -2
172 236 -4
233 297 -1
234 298 -1
235 299 2
236 300 1
297 361 4
298 362 2
299 363 -2
300 364 -2
361 425 1
362 426 -4
363 427 2
364 428 -4
425 489 -2
426 490 2
427 491 -4
428 492 -4
49 113 -1
50 114 1
51 115 -4
52 116 1
113 177 4
114 178 -1
115 179 -2
116 180 2
177 241 -2
178 242 1
179 243 -2
180 244 -2
241 305 -2
242 306 1
243 307 -1
244 308 4
305 369 2
306 370 2
307 371 4
308 372 -2
369 433 1
370 434 -2
371 435 -1
372 436 -4
433 497 -4
434 498 2
435 499 2
436 500 2
57 121 -2
58 122 -1
59 123 1
60 124 -1
121 185 -1
122 186 1
123 187 1
124 188 -4
185 249 -2
186 250 1
187 251 1
188 252 2
249 313 -4
250 314 2
251 315 -4
252 316 -1
313 377 -2
314 378 4
315 379 4
316 380 1
377 441 -4
378 442 2
379 443 1
380 444 -4
441 505 4
442 506 1
443 507 -1
444 508 -4
