#
1 5 -4
1 6 4
1 7 2
1 8 4
2 5 -4
2 6 1
2 7 -4
2 8 -2
3 5 -2
3 6 -4
3 7 2
3 8 -4
4 5 -1
4 6 -1
4 7 1
4 8 4
9 13 -4
9 14 -4
9 15 2
9 16 1
10 13 -4
10 14 4
10 15 -1
10 16 2
11 13 1
11 14 2
11 15 -2
11 16 4
12 13 -1
12 14 2
12 15 4
12 16 1
17 21 1
17 22 4
17 23 -4
17 24 -4
18 21 2
18 22 -1
18 23 -2
18 24 -4
19 21 -4
19 22 4
19 23 4
19 24 -4
20 21 1
20 22 -4
20 23 4
20 24 -2
25 29 2
25 30 2
25 31 1
25 32 1
26 29 -4
26 30 2
26 31 4
26 32 -4
27 29 -4
27 30 1
27 31 -4
27 32 -1
28 29 -2
28 30 -1
28 31 1
28 32 -2
33 37 4
33 38 1
33 39 1
33 40 2
34 37 -2
34 38 -2
34 39 1
34 40 -2
35 37 -1
35 38 -2
35 39 -2
35 40 -4
36 37 2
36 38 -4
36 39 -4
36 40 4
41 45 4
41 46 -2
41 47 4
41 48 -4
42 45 4
42 46 4
42 47 4
42 48 -1
43 45 -1
43 46 -2
43 47 -4
43 48 -4
44 45 4
44 46 4
44 47 -1
44 48 4
49 53 -4
49 54 -1
49 55 2
49 56 -2
50 53 4
50 54 -1
50 55 2
50 56 -4
51 53 1
51 54 4
51 55 -2
51 56 2
52 53 4
52 54 4
52 55 -2
52 56 4
57 61 -2
57 62 -2
57 63 2
57 64 -1
58 61 -2
58 62 -4
58 63 -4
58 64 2
59 61 -2
59 62 1
59 63 -4
59 64 -4
60 61 2
60 62 -2
60 63 1
60 64 -4
65 69 -1
65 70 2
65 71 4
65 72 4
66 69 2
66 70 4
66 71 -4
66 72 4
67 69 4
67 70 1
67 71 -2
67 72 1
68 69 -4
68 70 1
68 71 2
68 72 -4
73 77 1
73 78 1
73 79 2
73 80 4
74 77 2
74 78 4
74 79 -1
74 80 -4
75 77 -1
75 78 4
75 79 2
75 80 2
76 77 2
76 78 4
76 79 2
76 80 -2
81 85 4
81 86 1
81 87 4
81 88 -2
82 85 -2
82 86 2
82 87 4
82 88 1
83 85 2
83 86 -4
83 87 -4
83 88 -2
84 85 2
84 86 2
84 87 -1
84 88 4
89 93 -4
89 94 2
89 95 -4
89 96 1
90 93 -1
90 94 -1
90 95 -1
90 96 2
91 93 -1
91 94 -2
91 95 -2
91 96 -4
92 93 1
92 94 1
92 95 -1
92 96 2
97 101 4
97 102 -4
97 103 4
97 104 1
98 101 -2
98 102 -2
98 103 1
98 104 -2
99 101 -4
99 102 2
99 103 2
99 104 1
100 101 1
100 102 -1
100 103 -1
100 104 -1
105 109 2
105 110 -2
105 111 2
105 112 2
106 109 2
106 110 4
106 111 2
106 112 4
107 109 4
107 110 -4
107 111 1
107 112 1
108 109 -1
108 110 2
108 111 -4
108 112 4
113 117 4
113 118 2
113 119 -4
113 120 -2
114 117 1
114 118 -1
114 119 -2
114 120 -4
115 117 -4
115 118 -2
115 119 4
115 120 -1
116 117 -1
116 118 -2
116 119 -1
116 120 2
121 125 -4
121 126 -1
121 127 -1
121 128 -4
122 125 -4
122 126 2
122 127 1
122 128 -1
123 125 1
123 126 -4
123 127 4
123 128 2
124 125 4
124 126 -4
124 127 2
124 128 4
129 133 1
129 134 -4
129 135 1
129 136 1
130 133 2
130 134 1
130 135 -2
130 136 4
131 133 -2
131 134 -1
131 135 -1
131 136 1
132 133 1
132 134 -4
132 135 -2
132 136 1
137 141 -2
137 142 1
137 143 -4
137 144 -1
138 141 4
138 142 4
138 143 1
138 144 4
139 141 -2
139 142 4
139 143 -1
139 144 4
140 141 2
140 142 -4
140 143 1
140 144 -2
145 149 4
145 150 -1
145 151 4
145 152 1
146 149 2
146 150 -1
146 151 -1
146 152 -1
147 149 -1
147 150 -1
147 151 4
147 152 -2
148 149 1
148 150 -2
148 151 -2
148 152 2
153 157 -2
153 158 -2
153 159 1
153 160 -4
154 157 -2
154 158 -1
154 159 4
154 160 -4
155 157 2
155 158 -4
155 159 -4
155 160 -2
156 157 2
156 158 2
156 159 2
156 160 -1
161 165 1
161 166 -1
161 167 2
161 168 4
162 165 -4
162 166 -2
162 167 1
162 168 -2
163 165 4
163 166 -4
163 167 -4
163 168 -2
164 165 4
164 166 2
164 167 4
164 168 1
169 173 4
169 174 4
169 175 4
169 176 4
170 173 2
170 174 2
170 175 -1
170 176 4
171 173 4
171 174 1
171 175 -1
171 176 2
172 173 2
172 174 -2
172 175 1
172 176 -2
177 181 -2
177 182 -2
177 183 1
177 184 -4
178 181 1
178 182 1
178 183 2
178 184 -4
179 181 2
179 182 4
179 183 -1
179 184 1
180 181 -4
180 182 4
180 183 1
180 184 2
185 189 1
185 190 2
185 191 1
185 192 1
186 189 -1
186 190 1
186 191 2
186 192 -4
187 189 -4
187 190 2
187 191 4
187 192 1
188 189 -2
188 190 -2
188 191 -4
188 192 4
193 197 2
193 198 -2
193 199 1
193 200 -4
194 197 -2
194 198 2
194 199 -1
194 200 -1
195 197 2
195 198 -2
195 199 -1
195 200 -4
196 197 -1
196 198 2
196 199 2
196 200 -2
201 205 -1
201 206 -1
201 207 2
201 208 1
202 205 -2
202 206 -4
202 207 4
202 208 -2
203 205 -1
203 206 -2
203 207 1
203 208 -2
204 205 -1
204 206 4
204 207 4
204 208 1
209 213 -2
209 214 1
209 215 1
209 216 4
210 213 -4
210 214 1
210 215 -2
210 216 -4
211 213 4
211 214 1
211 215 -2
211 216 1
212 213 -2
212 214 -2
212 215 -4
212 216 -1
217 221 -1
217 222 -1
217 223 2
217 224 1
218 221 4
218 222 -2
218 223 -2
218 224 1
219 221 -2
219 222 -2
219 223 2
219 224 4
220 221 4
220 222 2
220 223 2
220 224 -2
225 229 -2
225 230 1
225 231 4
225 232 -2
226 229 4
226 230 1
226 231 2
226 232 4
227 229 1
227 230 4
227 231 -2
227 232 -1
228 229 -2
228 230 -1
228 231 4
228 232 1
233 237 -4
233 238 1
233 239 -4
233 240 1
234 237 -1
234 238 -1
234 239 2
234 240 -2
235 237 -1
235 238 -2
235 239 1
235 240 -4
236 237 1
236 238 -2
236 239 -4
236 240 -4
241 245 1
241 246 2
241 247 -1
241 248 1
242 245 1
242 246 -1
242 247 4
242 248 -4
243 245 1
243 246 -2
243 247 -2
243 248 1
244 245 -4
244 246 -2
244 247 4
244 248 -1
249 253 -1
249 254 -1
249 255 1
249 256 -4
250 253 -4
250 254 1
250 255 -2
250 256 2
251 253 4
251 254 2
251 255 4
251 256 -1
252 253 -4
252 254 4
252 255 -4
252 256 -2
257 261 -4
257 262 -2
257 263 4
257 264 -4
258 261 2
258 262 -4
258 263 -2
258 264 1
259 261 -4
259 262 -2
259 263 1
259 264 2
260 261 2
260 262 -4
260 263 -1
260 264 -1
265 269 -4
265 270 -4
265 271 2
265 272 -1
266 269 2
266 270 2
266 271 1
266 272 1
267 269 4
267 270 -4
267 271 4
267 272 -1
268 269 -1
268 270 -1
268 271 1
268 272 4
273 277 1
273 278 -1
273 279 4
273 280 1
274 277 -4
274 278 4
274 279 -2
274 280 -1
275 277 -1
275 278 -1
275 279 -4
275 280 1
276 277 -1
276 278 -1
276 279 -4
276 280 2
281 285 1
281 286 -4
281 287 -2
281 288 4
282 285 -4
282 286 4
282 287 1
282 288 1
283 285 1
283 286 -4
283 287 1
283 288 2
284 285 2
284 286 2
284 287 -2
284 288 -2
289 293 -2
289 294 -1
289 295 1
289 296 4
290 293 1
290 294 -2
290 295 1
290 296 1
291 293 -4
291 294 2
291 295 4
291 296 -2
292 293 -4
292 294 -4
292 295 4
292 296 -2
297 301 -2
297 302 2
297 303 2
297 304 -1
298 301 4
298 302 -1
298 303 -4
298 304 -1
299 301 -2
299 302 -4
299 303 2
299 304 -2
300 301 -4
300 302 4
300 303 -1
300 304 -1
305 309 -4
305 310 2
305 311 -2
305 312 2
306 309 4
306 310 -1
306 311 -2
306 312 -1
307 309 4
307 310 -2
307 311 1
307 312 -2
308 309 -2
308 310 4
308 311 -1
308 312 4
313 317 -4
313 318 -2
313 319 -2
313 320 -1
314 317 4
314 318 -2
314 319 2
314 320 -2
315 317 4
315 318 4
315 319 -1
315 320 -1
316 317 -4
316 318 -2
316 319 2
316 320 -1
321 325 -2
321 326 -4
321 327 2
321 328 -4
322 325 -4
322 326 -4
322 327 4
322 328 -2
323 325 -2
323 326 4
323 327 1
323 328 -2
324 325 -1
324 326 -1
324 327 -1
324 328 -2
329 333 -2
329 334 2
329 335 -4
329 336 -2
330 333 -1
330 334 1
330 335 -2
330 336 2
331 333 2
331 334 -2
331 335 2
331 336 2
332 333 -2
332 334 4
332 335 2
332 336 -1
337 341 4
337 342 4
337 343 -2
337 344 2
338 341 -2
338 342 4
338 343 2
338 344 2
339 341 -4
339 342 4
339 343 1
339 344 2
340 341 -4
340 342 -2
340 343 -1
340 344 -2
345 349 2
345 350 -1
345 351 2
345 352 -2
346 349 4
346 350 -4
346 351 1
346 352 1
347 349 2
347 350 -1
347 351 2
347 352 4
348 349 -4
348 350 1
348 351 -1
348 352 2
353 357 -1
353 358 -1
353 359 4
353 360 -1
354 357 -4
354 358 -1
354 359 -2
354 360 -1
355 357 -1
355 358 2
355 359 -1
355 360 -4
356 357 -1
356 358 -2
356 359 -2
356 360 -2
361 365 -4
361 366 4
361 367 4
361 368 1
362 365 -1
362 366 2
362 367 1
362 368 4
363 365 -4
363 366 -2
363 367 1
363 368 -1
364 365 -4
364 366 2
364 367 -1
364 368 4
369 373 4
369 374 -2
369 375 2
369 376 4
370 373 -1
370 374 -2
370 375 -1
370 376 -4
371 373 2
371 374 1
371 375 -4
371 376 -1
372 373 2
372 374 4
372 375 2
372 376 -1
377 381 -2
377 382 -2
377 383 4
377 384 -4
378 381 -2
378 382 -4
378 383 -1
378 384 4
379 381 -4
379 382 2
379 383 -4
379 384 4
380 381 -1
380 382 -4
380 383 4
380 384 4
385 389 -2
385 390 2
385 391 -1
385 392 4
386 389 -2
386 390 2
386 391 2
386 392 -1
387 389 2
387 390 -4
387 391 -1
387 392 -1
388 389 -1
388 390 4
388 391 -4
388 392 1
393 397 1
393 398 -4
393 399 -1
393 400 4
394 397 2
394 398 -4
394 399 4
394 400 -2
395 397 -4
395 398 2
395 399 4
395 400 1
396 397 2
396 398 1
396 399 2
396 400 -1
401 405 1
401 406 -1
401 407 -2
401 408 1
402 405 -1
402 406 -1
402 407 -4
402 408 -1
403 405 -2
403 406 -2
403 407 2
403 408 -2
404 405 1
404 406 2
404 407 1
404 408 -2
409 413 -4
409 414 1
409 415 2
409 416 -2
410 413 4
410 414 -1
410 415 2
410 416 2
411 413 2
411 414 -2
411 415 -1
411 416 1
412 413 -2
412 414 -4
412 415 4
412 416 -4
417 421 1
417 422 -1
417 423 2
417 424 -4
418 421 1
418 422 -1
418 423 1
418 424 4
419 421 1
419 422 -2
419 423 2
419 424 -2
420 421 4
420 422 4
420 423 -2
420 424 -2
425 429 -1
425 430 1
425 431 4
425 432 1
426 429 4
426 430 -4
426 431 4
426 432 -2
427 429 1
427 430 1
427 431 -2
427 432 -1
428 429 2
428 430 2
428 431 2
428 432 4
433 437 -2
433 438 4
433 439 2
433 440 2
434 437 4
434 438 2
434 439 2
434 440 4
435 437 -2
435 438 -2
435 439 2
435 440 2
436 437 2
436 438 -4
436 439 -1
436 440 4
441 445 4
441 446 2
441 447 2
441 448 2
442 445 -4
442 446 -1
442 447 2
442 448 -2
443 445 1
443 446 -2
443 447 -1
443 448 1
444 445 -2
444 446 -1
444 447 -2
444 448 1
449 453 -2
449 454 2
449 455 2
449 456 -2
450 453 4
450 454 2
450 455 1
450 456 4
451 453 -4
451 454 -1
451 455 4
451 456 -4
452 453 -4
452 454 -1
452 455 -1
452 456 2
457 461 2
457 462 1
457 463 -1
457 464 -1
458 461 2
458 462 1
458 463 -2
458 464 1
459 461 1
459 462 -1
459 463 4
459 464 -2
460 461 1
460 462 4
460 463 -1
460 464 -2
465 469 4
465 470 2
465 471 1
465 472 2
466 469 -4
466 470 4
466 471 1
466 472 1
467 469 -1
467 470 4
467 471 2
467 472 1
468 469 -2
468 470 2
468 471 2
468 472 -1
473 477 2
473 478 -2
473 479 4
473 480 1
474 477 4
474 478 -4
474 479 -4
474 480 4
475 477 -4
475 478 4
475 479 2
475 480 -2
476 477 1
476 478 1
476 479 -1
476 480 1
481 485 4
481 486 -2
481 487 -4
481 488 -2
482 485 -1
482 486 -1
482 487 -4
482 488 4
483 485 -4
483 486 4
483 487 1
483 488 4
484 485 -1
484 486 2
484 487 -2
484 488 2
489 493 -1
489 494 4
489 495 -2
489 496 2
490 493 1
490 494 4
490 495 1
490 496 -2
491 493 2
491 494 2
491 495 2
491 496 1
492 493 2
492 494 -4
492 495 -2
492 496 -2
497 501 4
497 502 -4
497 503 1
497 504 -4
498 501 -4
498 502 -4
498 503 -2
498 504 1
499 501 -1
499 502 -4
499 503 -1
499 504 -4
500 501 -4
500 502 -1
500 503 1
500 504 1
505 509 -2
505 510 2
505 511 -4
505 512 2
506 509 1
506 510 -4
506 511 -4
506 512 1
507 509 -1
507 510 2
507 511 2
507 512 -1
508 509 1
508 510 -1
508 511 2
508 512 1
5 13 -4
6 14 -4
7 15 -2
8 16 -1
13 21 -1
14 22 4
15 23 1
16 24 -2
21 29 -1
22 30 -1
23 31 -4
24 32 -1
29 37 -4
30 38 2
31 39 -2
32 40 -4
37 45 -1
38 46 -2
39 47 1
40 48 -4
45 53 -1
46 54 -1
47 55 -2
48 56 1
53 61 -4
54 62 -1
55 63 1
56 64 -1
69 77 1
70 78 4
71 79 -1
72 80 -2
77 85 4
78 86 -2
79 87 -4
80 88 -2
85 93 4
86 94 -4
87 95 -1
88 96 4
93 101 -2
94 102 -4
95 103 -1
96 104 -4
101 109 -2
102 110 -4
103 111 -4
104 112 -2
109 117 4
110 118 -1
111 119 1
112 120 -2
117 125 2
118 126 4
119 127 2
120 128 1
133 141 -4
134 142 -2
135 143 -2
136 144 -1
141 149 -1
142 150 2
143 151 -1
144 152 -4
149 157 -1
150 158 2
151 159 -2
152 160 4
157 165 -4
158 166 4
159 167 2
160 168 2
165 173 -2
166 174 4
167 175 -4
168 176 -2
173 181 1
174 182 -1
175 183 -4
176 184 -2
181 189 -2
182 190 -2
183 191 4
184 192 -4
197 205 -4
198 206 -2
199 207 4
200 208 -4
205 213 1
206 214 -2
207 215 -2
208 216 1
213 221 -2
214 222 -4
215 223 -1
216 224 4
221 229 -4
222 230 -1
223 231 2
224 232 -2
229 237 4
230 238 4
231 239 -4
232 240 -2
237 245 1
238 246 -1
239 247 -1
240 248 -4
245 253 1
246 254 -4
247 255 -1
248 256 1
261 269 -2
262 270 2
263 271 -1
264 272 2
269 277 -4
270 278 4
271 279 2
272 280 1
277 285 2
278 286 1
279 287 2
280 288 -4
285 293 1
286 294 4
287 295 -4
288 296 -1
293 301 4
294 302 -2
295 303 4
296 304 4
301 309 -2
302 310 -2
303 311 2
304 312 2
309 317 4
310 318 1
311 319 1
312 320 1
325 333 1
326 334 -2
327 335 -4
328 336 -2
333 341 -4
334 342 2
335 343 2
336 344 -4
341 349 -4
342 350 4
343 351 -1
344 352 1
349 357 -1
350 358 2
351 359 -1
352 360 -1
357 365 -4
358 366 -2
359 367 2
360 368 2
365 373 2
366 374 4
367 375 -1
368 376 2
373 381 -1
374 382 2
375 383 -4
376 384 -1
389 397 -2
390 398 -1
391 399 -4
392 400 -2
397 405 2
398 406 -4
399 407 -4
400 408 -2
405 413 2
406 414 -4
407 415 1
408 416 2
413 421 2
414 422 4
415 423 4
416 424 -2
421 429 2
422 430 -1
423 431 4
424 432 -4
429 437 -1
430 438 -1
431 439 2
432 440 4
437 445 -4
438 446 4
439 447 -1
440 448 -2
453 461 -2
454 462 2
455 463 1
456 464 2
461 469 4
462 470 -1
463 471 -4
464 472 -1
469 477 -1
470 478 -4
471 479 -1
472 480 -1
477 485 1
478 486 2
479 487 4
480 488 1
485 493 2
486 494 2
487 495 -4
488 496 -2
493 501 -2
494 502 2
495 503 -1
496 504 1
501 509 -1
502 510 1
503 511 -4
504 512 -1
1 65 4
2 66 -1
3 67 -4
4 68 4
65 129 -4
66 130 -4
67 131 -1
68 132 -1
129 193 2
130 194 -4
131 195 2
132 196 4
193 257 1
194 258 4
195 259 -2
196 260 -2
257 321 -4
258 322 -4
259 323 4
260 324 -2
321 385 -1
322 386 4
323 387 4
324 388 -2
385 449 4
386 450 -2
387 451 -4
388 452 2
9 73 -1
10 74 -4
11 75 -1
12 76 -2
73 137 -1
74 138 -2
75 139 -4
76 140 1
137 201 -4
138 202 -4
139 203 4
140 204 -1
201 265 4
202 266 4
203 267 4
204 268 -1
265 329 -4
266 330 -1
267 331 -4
268 332 4
329 393 4
330 394 1
331 395 -1
332 396 1
393 457 1
394 458 4
395 459 2
396 460 4
17 81 -4
18 82 4
19 83 -1
20 84 -1
81 145 -1
82 146 1
83 147 2
84 148 2
145 209 -1
146 210 1
147 211 -4
148 212 -2
209 273 4
210 274 4
211 275 4
212 276 -2
273 337 1
274 338 2
275 339 -2
276 340 2
337 401 4
338 402 1
339 403 -1
340 404 -2
401 465 -1
402 466 4
403 467 -1
404 468 4
25 89 -4
26 90 1
27 91 4
28 92 -2
89 153 2
90 154 4
91 155 2
92 156 2
153 217 4
154 218 -4
155 219 -4
156 220 -1
217 281 2
218 282 1
219 283 1
220 284 -1
281 345 -1
282 346 2
283 347 -2
284 348 4
345 409 1
346 410 4
347 411 4
348 412 -1
409 473 1
410 474 1
411 475 4
412 476 -4
33 97 2
34 98 1
35 99 2
36 100 1
97 161 4
98 162 -2
99 163 4
100 164 4
161 225 4
162 226 4
163 227 4
164 228 4
225 289 -4
226 290 -2
227 291 -2
228 292 2
289 353 2
290 354 1
291 355 4
292 356 4
353 417 -4
354 418 2
355 419 -1
356 420 -4
417 481 -2
418 482 4
419 483 -4
420 484 1
41 105 2
42 106 2
43 107 1
44 108 -2
105 169 -1
106 170 1
107 171 2
108 172 -1
169 233 1
170 234 -1
171 235 1
172 236 2
233 297 -4
234 298 2
235 299 -1
236 300 1
297 361 -2
298 362 1
299 363 4
300 364 -2
361 425 -4
362 426 1
363 427 -2
364 428 4
425 489 -2
426 490 2
427 491 4
428 492 -2
49 113 -4
50 114 2
51 115 -1
52 116 2
113 177 -4
114 178 -2
115 179 4
116 180 1
177 241 1
178 242 1
179 243 4
180 244 2
241 305 -4
242 306 -2
243 307 2
244 308 -2
305 369 2
306 370 -2
307 371 -4
308 372 -4
369 433 4
370 434 -4
371 435 -4
372 436 -4
433 497 1
434 498 -4
435 499 -1
436 500 2
57 121 1
58 122 4
59 123 -2
60 124 -2
121 185 -1
122 186 4
123 187 2
124 188 -2
185 249 1
186 250 -1
187 251 -1
188 252 4
249 313 -1
250 314 -1
251 315 1
252 316 -2
313 377 -1
314 378 2
315 379 -2
316 380 -2
377 441 1
378 442 4
379 443 1
380 444 -4
441 505 1
442 506 -2
443 507 -2
444 508 -4
