#
1 5 1
1 6 -4
1 7 2
1 8 2
2 5 4
2 6 4
2 7 -1
2 8 -2
3 5 1
3 6 4
3 7 1
3 8 -4
4 5 -4
4 6 -1
4 7 4
4 8 -1
9 13 1
9 14 -4
9 15 -1
9 16 4
10 13 1
10 14 -1
10 15 -4
10 16 1
11 13 4
11 14 2
11 15 2
11 16 4
12 13 -4
12 14 1
12 15 2
12 16 -2
17 21 -2
17 22 -2
17 23 -2
17 24 2
18 21 2
18 22 4
18 23 -4
18 24 4
19 21 2
19 22 -2
19 23 4
19 24 -4
20 21 -4
20 22 -2
20 23 4
20 24 -4
25 29 -1
25 30 1
25 31 2
25 32 -1
26 29 -4
26 30 2
26 31 1
26 32 4
27 29 2
27 30 4
27 31 2
27 32 2
28 29 -4
28 30 -2
28 31 -4
28 32 4
33 37 2
33 38 2
33 39 4
33 40 -4
34 37 1
34 38 4
34 39 -4
34 40 -2
35 37 -2
35 38 4
35 39 -4
35 40 -1
36 37 -1
36 38 4
36 39 -2
36 40 2
41 45 4
41 46 -2
41 47 1
41 48 4
42 45 1
42 46 -1
42 47 2
42 48 4
43 45 1
43 46 -4
43 47 4
43 48 -2
44 45 -1
44 46 -2
44 47 -1
44 48 2
49 53 -2
49 54 2
49 55 4
49 56 4
50 53 -4
50 54 4
50 55 -4
50 56 -4
51 53 -4
51 54 -4
51 55 -2
51 56 4
52 53 -4
52 54 -4
52 55 4
52 56 -2
57 61 -1
57 62 2
57 63 -4
57 64 -2
58 61 2
58 62 -4
58 63 -2
58 64 -1
59 61 -1
59 62 -4
59 63 -1
59 64 2
60 61 1
60 62 -2
60 63 2
60 64 4
65 69 -1
65 70 2
65 71 2
65 72 4
66 69 -1
66 70 -4
66 71 -1
66 72 2
67 69 1
67 70 -4
67 71 -4
67 72 -2
68 69 2
68 70 -1
68 71 1
68 72 2
73 77 2
73 78 -1
73 79 -4
73 80 4
74 77 1
74 78 -4
74 79 4
74 80 4
75 77 -2
75 78 -1
75 79 -2
75 80 1
76 77 -4
76 78 -4
76 79 4
76 80 2
81 85 -2
81 86 2
81 87 -2
81 88 1
82 85 -2
82 86 -2
82 87 1
82 88 4
83 85 2
83 86 4
83 87 -2
83 88 -4
84 85 1
84 86 2
84 87 1
84 88 -2
89 93 -1
89 94 -1
89 95 2
89 96 -2
90 93 4
90 94 -4
90 95 -4
90 96 -2
91 93 -4
91 94 4
91 95 2
91 96 -1
92 93 -4
92 94 -2
92 95 2
92 96 1
97 101 1
97 102 1
97 103 -2
97 104 4
98 101 2
98 102 -4
98 103 4
98 104 -2
99 101 -1
99 102 1
99 103 -2
99 104 -1
100 101 -1
100 102 1
100 103 1
100 104 -4
105 109 -1
105 110 4
105 111 -2
105 112 -4
106 109 -4
106 110 -1
106 111 1
106 112 -1
107 109 4
107 110 4
107 111 -1
107 112 -4
108 109 4
108 110 1
108 111 1
108 112 4
113 117 -2
113 118 -4
113 119 2
113 120 -1
114 117 1
114 118 2
114 119 -4
114 120 -4
115 117 -2
115 118 -2
115 119 -1
115 120 -4
116 117 -1
116 118 -2
116 119 -1
116 120 4
121 125 1
121 126 1
121 127 -1
121 128 -1
122 125 4
122 126 2
122 127 1
122 128 4
123 125 2
123 126 -1
123 127 -1
123 128 4
124 125 2
124 126 2
124 127 -2
124 128 -4
129 133 1
129 134 1
129 135 4
129 136 -4
130 133 -4
130 134 4
130 135 2
130 136 -4
131 133 -2
131 134 2
131 135 -4
131 136 -1
132 133 -1
132 134 -1
132 135 -2
132 136 4
137 141 -2
137 142 -2
137 143 1
137 144 -2
138 141 2
138 142 4
138 143 -1
138 144 1
139 141 1
139 142 -4
139 143 -1
139 144 4
140 141 -2
140 142 1
140 143 -2
140 144 2
145 149 4
145 150 -2
145 151 -1
145 152 4
146 149 4
146 150 -4
146 151 -1
146 152 4
147 149 2
147 150 1
147 151 2
147 152 -1
148 149 4
148 150 1
148 151 2
148 152 1
153 157 4
153 158 1
153 159 -4
153 160 -2
154 157 -1
154 158 1
154 159 1
154 160 2
155 157 2
155 158 1
155 159 -4
155 160 -4
156 157 -2
156 158 -1
156 159 -4
156 160 2
161 165 -2
161 166 4
161 167 -4
161 168 4
162 165 -4
162 166 -2
162 167 -4
162 168 1
163 165 1
163 166 2
163 167 4
163 168 4
164 165 2
164 166 -2
164 167 -2
164 168 4
169 173 -2
169 174 1
169 175 -4
169 176 1
170 173 4
170 174 1
170 175 -2
170 176 -1
171 173 -1
171 174 -4
171 175 -2
171 176 1
172 173 1
172 174 -4
172 175 4
172 176 2
177 181 2
177 182 1
177 183 4
177 184 -2
178 181 -4
178 182 1
178 183 4
178 184 -4
179 181 -1
179 182 -1
179 183 -2
179 184 1
180 181 -4
180 182 -2
180 183 1
180 184 -1
185 189 -4
185 190 1
185 191 -2
185 192 -1
186 189 -1
186 190 2
186 191 4
186 192 -4
187 189 4
187 190 1
187 191 2
187 192 2
188 189 -2
188 190 4
188 191 -4
188 192 2
193 197 -4
193 198 -2
193 199 1
193 200 4
194 197 1
194 198 -2
194 199 4
194 200 -1
195 197 -1
195 198 -2
195 199 -2
195 200 -1
196 197 2
196 198 -4
196 199 -1
196 200 1
201 205 -1
201 206 2
201 207 -2
201 208 -1
202 205 -2
202 206 2
202 207 -2
202 208 -2
203 205 4
203 206 -1
203 207 4
203 208 -1
204 205 4
204 206 -2
204 207 2
204 208 2
209 213 4
209 214 -2
209 215 4
209 216 2
210 213 1
210 214 4
210 215 4
210 216 1
211 213 -1
211 214 -1
211 215 -2
211 216 1
212 213 2
212 214 2
212 215 -2
212 216 -2
217 221 -2
217 222 -1
217 223 4
217 224 4
218 221 4
218 222 -4
218 223 2
218 224 4
219 221 -1
219 222 1
219 223 -4
219 224 4
220 221 -4
220 222 -4
220 223 -1
220 224 1
225 229 2
225 230 -2
225 231 -2
225 232 -2
226 229 -1
226 230 2
226 231 -4
226 232 2
227 229 1
227 230 -2
227 231 -4
227 232 2
228 229 -4
228 230 -2
228 231 1
228 232 -2
233 237 4
233 238 -2
233 239 4
233 240 2
234 237 -2
234 238 2
234 239 -2
234 240 -4
235 237 2
235 238 -1
235 239 -2
235 240 -1
236 237 -2
236 238 4
236 239 -4
236 240 1
241 245 -4
241 246 -2
241 247 1
241 248 -4
242 245 -4
242 246 1
242 247 1
242 248 -1
243 245 -4
243 246 4
243 247 -4
243 248 -2
244 245 2
244 246 -2
244 247 1
244 248 -2
249 253 4
249 254 1
249 255 -2
249 256 -4
250 253 -4
250 254 -4
250 255 -2
250 256 1
251 253 2
251 254 -4
251 255 -2
251 256 2
252 253 2
252 254 1
252 255 -1
252 256 -1
257 261 -1
257 262 -4
257 263 2
257 264 4
258 261 -1
258 262 -4
258 263 4
258 264 4
259 261 -4
259 262 2
259 263 4
259 264 -4
260 261 1
260 262 -4
260 263 2
260 264 2
265 269 1
265 270 -1
265 271 4
265 272 4
266 269 1
266 270 -1
266 271 -2
266 272 -1
267 269 4
267 270 2
267 271 -2
267 272 -4
268 269 4
268 270 4
268 271 1
268 272 2
273 277 -2
273 278 1
273 279 1
273 280 -2
274 277 2
274 278 -2
274 279 1
274 280 -1
275 277 -1
275 278 2
275 279 -4
275 280 2
276 277 1
276 278 -2
276 279 -2
276 280 -1
281 285 4
281 286 -2
281 287 2
281 288 4
282 285 -4
282 286 2
282 287 -2
282 288 -2
283 285 2
283 286 -2
283 287 -1
283 288 1
284 285 -1
284 286 -2
284 287 -4
284 288 4
289 293 -2
289 294 2
289 295 -2
289 296 -4
290 293 2
290 294 1
290 295 2
290 296 -4
291 293 4
291 294 2
291 295 1
291 296 -2
292 293 -4
292 294 2
292 295 1
292 296 2
297 301 2
297 302 4
297 303 -2
297 304 1
298 301 1
298 302 -2
298 303 -4
298 304 -2
299 301 1
299 302 -2
299 303 -2
299 304 1
300 301 4
300 302 -1
300 303 2
300 304 1
305 309 1
305 310 2
305 311 -2
305 312 -2
306 309 -4
306 310 -1
306 311 4
306 312 4
307 309 -4
307 310 4
307 311 4
307 312 2
308 309 -1
308 310 2
308 311 4
308 312 -4
313 317 1
313 318 1
313 319 4
313 320 4
314 317 1
314 318 2
314 319 2
314 320 1
315 317 -2
315 318 -4
315 319 -4
315 320 -1
316 317 2
316 318 2
316 319 -4
316 320 2
321 325 4
321 326 4
321 327 -4
321 328 1
322 325 1
322 326 -1
322 327 -2
322 328 2
323 325 4
323 326 4
323 327 4
323 328 4
324 325 2
324 326 -2
324 327 -1
324 328 -4
329 333 4
329 334 2
329 335 4
329 336 2
330 333 -1
330 334 2
330 335 -1
330 336 -4
331 333 1
331 334 -2
331 335 2
331 336 2
332 333 -2
332 334 1
332 335 -1
332 336 -1
337 341 -1
337 342 -4
337 343 4
337 344 -4
338 341 2
338 342 2
338 343 4
338 344 4
339 341 -4
339 342 -4
339 343 1
339 344 -4
340 341 1
340 342 1
340 343 1
340 344 -4
345 349 -2
345 350 -1
345 351 4
345 352 4
346 349 -4
346 350 1
346 351 2
346 352 4
347 349 -4
347 350 -1
347 351 -4
347 352 -2
348 349 4
348 350 -1
348 351 1
348 352 4
353 357 4
353 358 -1
353 359 1
353 360 -4
354 357 -4
354 358 2
354 359 4
354 360 -1
355 357 4
355 358 -4
355 359 4
355 360 1
356 357 -1
356 358 -4
356 359 2
356 360 -2
361 365 1
361 366 -4
361 367 1
361 368 4
362 365 -2
362 366 4
362 367 -1
362 368 2
363 365 4
363 366 -1
363 367 1
363 368 -4
364 365 4
364 366 4
364 367 1
364 368 4
369 373 1
369 374 4
369 375 -4
369 376 4
370 373 4
370 374 -4
370 375 1
370 376 -1
371 373 -4
371 374 -4
371 375 1
371 376 1
372 373 -2
372 374 -1
372 375 1
372 376 2
377 381 -2
377 382 -2
377 383 1
377 384 -1
378 381 -4
378 382 1
378 383 -1
378 384 -4
379 381 2
379 382 -1
379 383 -4
379 384 4
380 381 -2
380 382 1
380 383 1
380 384 2
385 389 -4
385 390 4
385 391 -2
385 392 -2
386 389 -2
386 390 -1
386 391 -2
386 392 -2
387 389 4
387 390 4
387 391 -4
387 392 4
388 389 -1
388 390 -2
388 391 2
388 392 2
393 397 -2
393 398 -1
393 399 -1
393 400 2
394 397 -4
394 398 4
394 399 1
394 400 1
395 397 1
395 398 -2
395 399 4
395 400 2
396 397 -1
396 398 1
396 399 1
396 400 4
401 405 -1
401 406 -1
401 407 4
401 408 2
402 405 2
402 406 -2
402 407 -4
402 408 -1
403 405 4
403 406 4
403 407 2
403 408 2
404 405 -4
404 406 1
404 407 -1
404 408 -4
409 413 4
409 414 -1
409 415 -2
409 416 -2
410 413 -2
410 414 2
410 415 1
410 416 1
411 413 1
411 414 2
411 415 4
411 416 -1
412 413 2
412 414 4
412 415 2
412 416 1
417 421 -1
417 422 2
417 423 4
417 424 -4
418 421 -2
418 422 1
418 423 -2
418 424 4
419 421 1
419 422 4
419 423 -2
419 424 4
420 421 -4
420 422 -4
420 423 1
420 424 4
425 429 4
425 430 -2
425 431 4
425 432 2
426 429 -1
426 430 -4
426 431 -1
426 432 1
427 429 1
427 430 2
427 431 -2
427 432 1
428 429 -2
428 430 -4
428 431 -2
428 432 -4
433 437 -4
433 438 -4
433 439 1
433 440 4
434 437 2
434 438 -1
434 439 4
434 440 4
435 437 -2
435 438 -1
435 439 -4
435 440 4
436 437 2
436 438 -1
436 439 1
436 440 4
441 445 -4
441 446 -4
441 447 2
441 448 2
442 445 -4
442 446 -4
442 447 -1
442 448 4
443 445 -4
443 446 -1
443 447 -2
443 448 4
444 445 -4
444 446 1
444 447 -1
444 448 4
449 453 -2
449 454 2
449 455 1
449 456 -2
450 453 1
450 454 -2
450 455 1
450 456 1
451 453 -2
451 454 1
451 455 2
451 456 -4
452 453 1
452 454 -2
452 455 -2
452 456 -4
457 461 -1
457 462 -2
457 463 -4
457 464 -1
458 461 -4
458 462 4
458 463 -4
458 464 4
459 461 -1
459 462 1
459 463 -2
459 464 -2
460 461 2
460 462 -2
460 463 -4
460 464 4
465 469 2
465 470 -1
465 471 -4
465 472 1
466 469 4
466 470 2
466 471 -1
466 472 -1
467 469 -4
467 470 4
467 471 -1
467 472 -2
468 469 4
468 470 1
468 471 1
468 472 1
473 477 4
473 478 2
473 479 4
473 480 4
474 477 1
474 478 -4
474 479 -2
474 480 -2
475 477 -2
475 478 2
475 479 -4
475 480 2
476 477 -2
476 478 -1
476 479 -2
476 480 -1
481 485 -4
481 486 -4
481 487 -4
481 488 -1
482 485 2
482 486 -2
482 487 -2
482 488 -4
483 485 -2
483 486 -4
483 487 -4
483 488 -2
484 485 -4
484 486 -4
484 487 -1
484 488 1
489 493 -4
489 494 -1
489 495 -2
489 496 -1
490 493 -1
490 494 -2
490 495 2
490 496 -2
491 493 -2
491 494 -1
491 495 2
491 496 -2
492 493 2
492 494 1
492 495 1
492 496 2
497 501 -1
497 502 -1
497 503 -4
497 504 1
498 501 1
498 502 -4
498 503 4
498 504 1
499 501 -2
499 502 1
499 503 -2
499 504 2
500 501 -4
500 502 -1
500 503 -4
500 504 -1
505 509 -4
505 510 4
505 511 4
505 512 4
506 509 1
506 510 4
506 511 2
506 512 -4
507 509 4
507 510 -2
507 511 2
507 512 2
508 509 -4
508 510 -2
508 511 1
508 512 -2
5 13 1
6 14 2
7 15 1
8 16 4
13 21 2
14 22 2
15 23 2
16 24 4
21 29 -4
22 30 -4
23 31 -4
24 32 -4
29 37 1
30 38 -4
31 39 -4
32 40 1
37 45 -1
38 46 -4
39 47 -1
40 48 2
45 53 4
46 54 -4
47 55 1
48 56 -1
53 61 1
54 62 -4
55 63 -1
56 64 -2
69 77 -1
70 78 -1
71 79 2
72 80 4
77 85 2
78 86 2
79 87 4
80 88 4
85 93 -1
86 94 -1
87 95 1
88 96 4
93 101 2
94 102 4
95 103 2
96 104 -2
101 109 4
102 110 2
103 111 -1
104 112 -4
109 117 1
110 118 -4
111 119 -2
112 120 1
117 125 4
118 126 2
119 127 -2
120 128 -1
133 141 4
134 142 2
135 143 4
136 144 -2
141 149 -4
142 150 1
143 151 2
144 152 -2
149 157 -2
150 158 -1
151 159 4
152 160 4
157 165 -4
158 166 -2
159 167 -4
160 168 2
165 173 -4
166 174 4
167 175 -2
168 176 -1
173 181 -1
174 182 1
175 183 -2
176 184 -4
181 189 -2
182 190 1
183 191 -2
184 192 -2
197 205 4
198 206 -2
199 207 1
200 208 2
205 213 4
206 214 4
207 215 -2
208 216 2
213 221 -2
214 222 -4
215 223 -4
216 224 2
221 229 1
222 230 1
223 231 2
224 232 4
229 237 1
230 238 -4
231 239 4
232 240 -1
237 245 1
238 246 2
239 247 -2
240 248 1
245 253 2
246 254 1
247 255 -1
248 256 -1
261 269 1
262 270 -1
263 271 4
264 272 2
269 277 4
270 278 -1
271 279 2
272 280 -2
277 285 -1
278 286 -4
279 287 -2
280 288 4
285 293 -4
286 294 -1
287 295 -1
288 296 2
293 301 -2
294 302 -1
295 303 1
296 304 -4
301 309 4
302 310 -1
303 311 -1
304 312 -2
309 317 4
310 318 -1
311 319 -1
312 320 1
325 333 1
326 334 -2
327 335 1
328 336 4
333 341 1
334 342 1
335 343 -4
336 344 2
341 349 1
342 350 1
343 351 4
344 352 1
349 357 -1
350 358 4
351 359 4
352 360 2
357 365 -2
358 366 1
359 367 -1
360 368 4
365 373 -1
366 374 4
367 375 1
368 376 -2
373 381 -1
374 382 2
375 383 -4
376 384 2
389 397 4
390 398 1
391 399 -1
392 400 -1
397 405 1
398 406 2
399 407 4
400 408 -1
405 413 -1
406 414 -1
407 415 4
408 416 1
413 421 -4
414 422 4
415 423 -2
416 424 -2
421 429 2
422 430 -2
423 431 -1
424 432 -2
429 437 -1
430 438 1
431 439 2
432 440 -2
437 445 -1
438 446 2
439 447 -4
440 448 4
453 461 2
454 462 4
455 463 1
456 464 -1
461 469 1
462 470 -1
463 471 2
464 472 -4
469 477 1
470 478 -2
471 479 2
472 480 1
477 485 4
478 486 -2
479 487 1
480 488 -2
485 493 -2
486 494 -4
487 495 -1
488 496 -1
493 501 2
494 502 1
495 503 4
496 504 -4
501 509 -2
502 510 -4
503 511 1
504 512 1
1 65 -2
2 66 1
3 67 4
4 68 -4
65 129 -4
66 130 2
67 131 2
68 132 -1
129 193 -2
130 194 4
131 195 -4
132 196 1
193 257 1
194 258 4
195 259 -2
196 260 -1
257 321 2
258 322 -1
259 323 -1
260 324 -1
321 385 -1
322 386 -4
323 387 1
324 388 -1
385 449 1
386 450 2
387 451 -1
388 452 -4
9 73 -1
10 74 -4
11 75 4
12 76 -4
73 137 -2
74 138 -1
75 139 2
76 140 1
137 201 -1
138 202 2
139 203 4
140 204 2
201 265 -4
202 266 2
203 267 -2
204 268 -4
265 329 -4
266 330 1
267 331 -1
268 332 4
329 393 4
330 394 -4
331 395 -2
332 396 4
393 457 -1
394 458 -1
395 459 4
396 460 4
17 81 2
18 82 2
19 83 4
20 84 -1
81 145 -1
82 146 -2
83 147 -2
84 148 2
145 209 -4
146 210 -4
147 211 -4
148 212 1
209 273 1
210 274 1
211 275 4
212 276 -1
273 337 4
274 338 1
275 339 1
276 340 -2
337 401 4
338 402 2
339 403 -2
340 404 -1
401 465 -4
402 466 1
403 467 1
404 468 1
25 89 -4
26 90 1
27 91 2
28 92 2
89 153 -2
90 154 2
91 155 1
92 156 -2
153 217 4
154 218 4
155 219 -2
156 220 4
217 281 -4
218 282 2
219 283 4
220 284 2
281 345 4
282 346 2
283 347 2
284 348 2
345 409 -2
346 410 -1
347 411 4
348 412 -4
409 473 4
410 474 -1
411 475 2
412 476 -4
33 97 -2
34 98 2
35 99 -1
36 100 2
97 161 -4
98 162 -4
99 163 -1
100 164 -4
161 225 -1
162 226 -1
163 227 4
164 228 -4
225 289 2
226 290 -2
227 291 4
228 292 4
289 353 -1
290 354 4
291 355 1
292 356 1
353 417 2
354 418 -4
355 419 4
356 420 -4
417 481 4
418 482 1
419 483 1
420 484 2
41 105 1
42 106 -1
43 107 -4
44 108 -4
105 169 2
106 170 -4
107 171 2
108 172 1
169 233 2
170 234 -1
171 235 2
172 236 -2
233 297 4
234 298 -4
235 299 4
236 300 4
297 361 -4
298 362 -4
299 363 4
300 364 -1
361 425 -1
362 426 -2
363 427 -1
364 428 -2
425 489 1
426 490 -2
427 491 -4
428 492 -4
49 113 2
50 114 2
51 115 -4
52 116 1
113 177 -1
114 178 -1
115 179 -1
116 180 1
177 241 -1
178 242 -1
179 243 -4
180 244 4
241 305 -4
242 306 -1
243 307 -2
244 308 1
305 369 -1
306 370 2
307 371 -2
308 372 4
369 433 4
370 434 2
371 435 -4
372 436 2
433 497 -4
434 498 4
435 499 1
436 500 -1
57 121 2
58 122 -2
59 123 2
60 124 1
121 185 -4
122 186 -2
123 187 -4
124 188 -4
185 249 4
186 250 -2
187 251 -1
188 252 4
249 313 4
250 314 -1
251 315 -1
252 316 -4
313 377 -2
314 378 4
315 379 -2
316 380 -2
377 441 -1
378 442 4
379 443 1
380 444 -4
441 505 2
442 506 4
443 507 1
444 508 -1
