#
1 5 -4
1 6 1
1 7 2
1 8 2
2 5 1
2 6 -2
2 7 -2
2 8 4
3 5 -1
3 6 2
3 7 -1
3 8 -4
4 5 4
4 6 2
4 7 4
4 8 4
9 13 1
9 14 4
9 15 2
9 16 -4
10 13 -2
10 14 -1
10 15 -2
10 16 -4
11 13 2
11 14 1
11 15 -4
11 16 -4
12 13 -4
12 14 -1
12 15 2
12 16 -1
17 21 -1
17 22 -2
17 23 -2
17 24 2
18 21 -2
18 22 -4
18 23 2
18 24 2
19 21 -2
19 22 -2
19 23 4
19 24 1
20 21 1
20 22 -1
20 23 -4
20 24 -2
25 29 -4
25 30 1
25 31 4
25 32 2
26 29 -4
26 30 -1
26 31 4
26 32 -1
27 29 -2
27 30 -2
27 31 -1
27 32 4
28 29 2
28 30 -4
28 31 1
28 32 2
33 37 -4
33 38 1
33 39 4
33 40 -4
34 37 -1
34 38 -2
34 39 2
34 40 1
35 37 4
35 38 -1
35 39 1
35 40 1
36 37 -2
36 38 -4
36 39 4
36 40 -2
41 45 4
41 46 -2
41 47 1
41 48 -4
42 45 2
42 46 -2
42 47 2
42 48 4
43 45 2
43 46 -4
43 47 4
43 48 -2
44 45 1
44 46 1
44 47 -4
44 48 2
49 53 -1
49 54 2
49 55 4
49 56 4
50 53 -1
50 54 1
50 55 1
50 56 -4
51 53 4
51 54 -2
51 55 -4
51 56 4
52 53 2
52 54 2
52 55 -4
52 56 -1
57 61 -1
57 62 -1
57 63 1
57 64 -2
58 61 -2
58 62 -4
58 63 4
58 64 2
59 61 1
59 62 4
59 63 1
59 64 -1
60 61 -1
60 62 4
60 63 1
60 64 -2
65 69 -4
65 70 -4
65 71 -1
65 72 -1
66 69 -2
66 70 2
66 71 1
66 72 -1
67 69 -4
67 70 -1
67 71 2
67 72 2
68 69 1
68 70 4
68 71 -1
68 72 -4
73 77 -1
73 78 1
73 79 4
73 80 1
74 77 -2
74 78 -2
74 79 4
74 80 -2
75 77 -1
75 78 -4
75 79 4
75 80 -1
76 77 -1
76 78 -1
76 79 4
76 80 -4
81 85 4
81 86 -2
81 87 2
81 88 4
82 85 -1
82 86 -4
82 87 -4
82 88 4
83 85 2
83 86 1
83 87 4
83 88 -4
84 85 -4
84 86 4
84 87 -1
84 88 2
89 93 4
89 94 -1
89 95 -2
89 96 4
90 93 1
90 94 2
90 95 -2
90 96 -4
91 93 4
91 94 4
91 95 1
91 96 -2
92 93 1
92 94 -4
92 95 -1
92 96 -2
97 101 4
97 102 -4
97 103 4
97 104 1
98 101 -1
98 102 -4
98 103 -1
98 104 2
99 101 -2
99 102 2
99 103 2
99 104 4
100 101 2
100 102 2
100 103 4
100 104 -1
105 109 -1
105 110 4
105 111 -1
105 112 -2
106 109 -2
106 110 1
106 111 -4
106 112 1
107 109 -1
107 110 -4
107 111 1
107 112 -1
108 109 -4
108 110 -1
108 111 -1
108 112 4
113 117 2
113 118 2
113 119 2
113 120 -4
114 117 -4
114 118 2
114 119 1
114 120 -1
115 117 -1
115 118 2
115 119 1
115 120 -1
116 117 -4
116 118 2
116 119 -1
116 120 4
121 125 -4
121 126 -2
121 127 1
121 128 2
122 125 1
122 126 -4
122 127 4
122 128 -1
123 125 -4
123 126 -2
123 127 -4
123 128 2
124 125 -1
124 126 4
124 127 2
124 128 -4
129 133 -2
129 134 1
129 135 1
129 136 2
130 133 -2
130 134 2
130 135 -1
130 136 1
131 133 -1
131 134 -2
131 135 4
131 136 4
132 133 -2
132 134 -1
132 135 1
132 136 4
137 141 1
137 142 -1
137 143 4
137 144 -1
138 141 4
138 142 2
138 143 1
138 144 1
139 141 4
139 142 1
139 143 -1
139 144 -2
140 141 -1
140 142 1
140 143 -2
140 144 2
145 149 4
145 150 4
145 151 -2
145 152 -1
146 149 4
146 150 -4
146 151 2
146 152 -4
147 149 1
147 150 -2
147 151 1
147 152 -1
148 149 -1
148 150 -2
148 151 4
148 152 -4
153 157 4
153 158 -1
153 159 1
153 160 -2
154 157 1
154 158 2
154 159 1
154 160 -2
155 157 2
155 158 -2
155 159 -1
155 160 -2
156 157 2
156 158 -4
156 159 4
156 160 1
161 165 2
161 166 4
161 167 -4
161 168 -4
162 165 -4
162 166 2
162 167 1
162 168 1
163 165 1
163 166 2
163 167 -2
163 168 2
164 165 -4
164 166 -4
164 167 4
164 168 -2
169 173 4
169 174 4
169 175 2
169 176 4
170 173 1
170 174 1
170 175 2
170 176 2
171 173 2
171 174 1
171 175 4
171 176 -2
172 173 -4
172 174 2
172 175 2
172 176 -2
177 181 -2
177 182 -1
177 183 4
177 184 1
178 181 -4
178 182 4
178 183 2
178 184 4
179 181 4
179 182 -1
179 183 -2
179 184 -2
180 181 -4
180 182 4
180 183 -2
180 184 4
185 189 1
185 190 2
185 191 -2
185 192 2
186 189 4
186 190 4
186 191 1
186 192 -1
187 189 -1
187 190 1
187 191 -2
187 192 2
188 189 -2
188 190 -2
188 191 2
188 192 -2
193 197 2
193 198 4
193 199 4
193 200 -1
194 197 2
194 198 2
194 199 -4
194 200 1
195 197 -2
195 198 1
195 199 -4
195 200 4
196 197 -2
196 198 -2
196 199 1
196 200 4
201 205 -4
201 206 4
201 207 1
201 208 -2
202 205 1
202 206 2
202 207 -2
202 208 -1
203 205 1
203 206 1
203 207 1
203 208 -4
204 205 1
204 206 -4
204 207 -2
204 208 -4
209 213 1
209 214 -1
209 215 1
209 216 -4
210 213 -1
210 214 2
210 215 -4
210 216 4
211 213 -2
211 214 1
211 215 2
211 216 -1
212 213 -2
212 214 2
212 215 2
212 216 2
217 221 4
217 222 2
217 223 4
217 224 -2
218 221 -4
218 222 4
218 223 -4
218 224 -2
219 221 4
219 222 -2
219 223 -1
219 224 2
220 221 2
220 222 4
220 223 4
220 224 -1
225 229 -4
225 230 2
225 231 4
225 232 1
226 229 -2
226 230 2
226 231 -4
226 232 -4
227 229 1
227 230 1
227 231 -1
227 232 -1
228 229 -1
228 230 -1
228 231 -4
228 232 -4
233 237 -2
233 238 -1
233 239 -1
233 240 -1
234 237 4
234 238 -4
234 239 1
234 240 -1
235 237 -4
235 238 -1
235 239 -4
235 240 -4
236 237 -4
236 238 2
236 239 -2
236 240 2
241 245 -4
241 246 -1
241 247 -4
241 248 2
242 245 -1
242 246 4
242 247 -1
242 248 1
243 245 2
243 246 2
243 247 -4
243 248 1
244 245 -2
244 246 -2
244 247 -2
244 248 -4
249 253 -4
249 254 2
249 255 2
249 256 -2
250 253 4
250 254 -4
250 255 -1
250 256 -2
251 253 -2
251 254 1
251 255 -2
251 256 -4
252 253 2
252 254 -2
252 255 -2
252 256 2
257 261 4
257 262 -1
257 263 4
257 264 2
258 261 -4
258 262 2
258 263 -4
258 264 2
259 261 -2
259 262 2
259 263 -1
259 264 4
260 261 4
260 262 -2
260 263 1
260 264 -1
265 269 2
265 270 -2
265 271 -1
265 272 1
266 269 2
266 270 2
266 271 4
266 272 1
267 269 2
267 270 1
267 271 -4
267 272 2
268 269 -1
268 270 4
268 271 2
268 272 -1
273 277 4
273 278 -2
273 279 -1
273 280 -1
274 277 -2
274 278 -1
274 279 2
274 280 2
275 277 2
275 278 2
275 279 2
275 280 4
276 277 -1
276 278 -1
276 279 4
276 280 -4
281 285 -1
281 286 2
281 287 -1
281 288 -4
282 285 -2
282 286 4
282 287 -2
282 288 2
283 285 2
283 286 -2
283 287 2
283 288 4
284 285 -1
284 286 2
284 287 2
284 288 -1
289 293 1
289 294 -2
289 295 2
289 296 1
290 293 -1
290 294 -2
290 295 1
290 296 -4
291 293 -1
291 294 -2
291 295 2
291 296 2
292 293 -4
292 294 2
292 295 1
292 296 4
297 301 -4
297 302 -4
297 303 -4
297 304 -1
298 301 -4
298 302 4
298 303 2
298 304 1
299 301 4
299 302 4
299 303 4
299 304 -2
300 301 4
300 302 1
300 303 1
300 304 -2
305 309 -4
305 310 -1
305 311 1
305 312 1
306 309 4
306 310 4
306 311 -2
306 312 -4
307 309 1
307 310 1
307 311 2
307 312 1
308 309 -4
308 310 -4
308 311 -4
308 312 1
313 317 -2
313 318 1
313 319 -1
313 320 4
314 317 -2
314 318 1
314 319 -1
314 320 2
315 317 -1
315 318 -4
315 319 -1
315 320 1
316 317 -1
316 318 1
316 319 1
316 320 -2
321 325 1
321 326 1
321 327 -4
321 328 -2
322 325 -4
322 326 -2
322 327 4
322 328 2
323 325 1
323 326 1
323 327 -4
323 328 2
324 325 -1
324 326 -4
324 327 1
324 328 -1
329 333 1
329 334 -1
329 335 4
329 336 -1
330 333 -2
330 334 4
330 335 -1
330 336 1
331 333 -1
331 334 4
331 335 -4
331 336 -2
332 333 -1
332 334 1
332 335 -4
332 336 1
337 341 -1
337 342 -2
337 343 1
337 344 2
338 341 2
338 342 -4
338 343 4
338 344 -2
339 341 -4
339 342 1
339 343 -1
339 344 2
340 341 2
340 342 -4
340 343 2
340 344 -4
345 349 4
345 350 -2
345 351 -4
345 352 -2
346 349 -2
346 350 1
346 351 -1
346 352 -2
347 349 1
347 350 4
347 351 -4
347 352 1
348 349 4
348 350 -4
348 351 4
348 352 -1
353 357 -4
353 358 -1
353 359 -1
353 360 4
354 357 2
354 358 -2
354 359 4
354 360 -1
355 357 -2
355 358 -2
355 359 -1
355 360 -4
356 357 -4
356 358 2
356 359 -2
356 360 1
361 365 1
361 366 -4
361 367 2
361 368 4
362 365 4
362 366 4
362 367 -2
362 368 -2
363 365 2
363 366 -1
363 367 -1
363 368 -2
364 365 1
364 366 2
364 367 -4
364 368 2
369 373 1
369 374 2
369 375 1
369 376 4
370 373 -4
370 374 4
370 375 -1
370 376 -1
371 373 -1
371 374 2
371 375 1
371 376 1
372 373 2
372 374 2
372 375 4
372 376 1
377 381 -2
377 382 1
377 383 -4
377 384 -1
378 381 2
378 382 -2
378 383 -1
378 384 -4
379 381 -1
379 382 -4
379 383 -1
379 384 1
380 381 -2
380 382 2
380 383 1
380 384 -4
385 389 -1
385 390 4
385 391 -2
385 392 -4
386 389 -1
386 390 2
386 391 4
386 392 -4
387 389 -1
387 390 2
387 391 -1
387 392 -2
388 389 -2
388 390 2
388 391 -2
388 392 2
393 397 1
393 398 2
393 399 -4
393 400 4
394 397 4
394 398 -4
394 399 -2
394 400 -1
395 397 1
395 398 2
395 399 -2
395 400 1
396 397 4
396 398 1
396 399 -4
396 400 2
401 405 -2
401 406 -2
401 407 1
401 408 -4
402 405 -1
402 406 -2
402 407 -1
402 408 -1
403 405 4
403 406 -1
403 407 -4
403 408 -2
404 405 4
404 406 1
404 407 -2
404 408 4
409 413 -1
409 414 -1
409 415 4
409 416 2
410 413 1
410 414 -4
410 415 -1
410 416 2
411 413 -4
411 414 4
411 415 -1
411 416 4
412 413 -4
412 414 -1
412 415 -1
412 416 1
417 421 2
417 422 -4
417 423 1
417 424 -2
418 421 -2
418 422 -4
418 423 2
418 424 -4
419 421 -1
419 422 4
419 423 2
419 424 2
420 421 4
420 422 -1
420 423 -1
420 424 -4
425 429 4
425 430 -4
425 431 2
425 432 1
426 429 -1
426 430 -1
426 431 -2
426 432 1
427 429 4
427 430 -4
427 431 -1
427 432 2
428 429 -4
428 430 -1
428 431 4
428 432 -4
433 437 4
433 438 1
433 439 -4
433 440 4
434 437 -2
434 438 -4
434 439 -4
434 440 -4
435 437 2
435 438 1
435 439 1
435 440 4
436 437 1
436 438 -2
436 439 -4
436 440 1
441 445 4
441 446 1
441 447 1
441 448 -1
442 445 -4
442 446 4
442 447 -1
442 448 -1
443 445 2
443 446 2
443 447 -2
443 448 -1
444 445 4
444 446 1
444 447 -2
444 448 -4
449 453 -1
449 454 1
449 455 -1
449 456 -2
450 453 2
450 454 -4
450 455 -4
450 456 1
451 453 2
451 454 2
451 455 2
451 456 2
452 453 -4
452 454 -1
452 455 -2
452 456 2
457 461 -1
457 462 -2
457 463 4
457 464 2
458 461 4
458 462 -4
458 463 -4
458 464 -4
459 461 -1
459 462 4
459 463 2
459 464 -1
460 461 -1
460 462 -4
460 463 -2
460 464 1
465 469 1
465 470 1
465 471 4
465 472 -4
466 469 4
466 470 -4
466 471 4
466 472 4
467 469 -4
467 470 -4
467 471 -2
467 472 -1
468 469 4
468 470 1
468 471 -2
468 472 2
473 477 2
473 478 -1
473 479 4
473 480 1
474 477 -2
474 478 4
474 479 -2
474 480 1
475 477 4
475 478 -1
475 479 2
475 480 -1
476 477 -2
476 478 -4
476 479 2
476 480 -1
481 485 4
481 486 2
481 487 -4
481 488 1
482 485 -2
482 486 2
482 487 -1
482 488 2
483 485 -4
483 486 2
483 487 1
483 488 2
484 485 -4
484 486 4
484 487 2
484 488 1
489 493 4
489 494 -1
489 495 1
489 496 2
490 493 4
490 494 1
490 495 -4
490 496 1
491 493 -4
491 494 4
491 495 -1
491 496 2
492 493 -4
492 494 4
492 495 4
492 496 -1
497 501 -4
497 502 -4
497 503 -2
497 504 1
498 501 4
498 502 -2
498 503 -1
498 504 -2
499 501 2
499 502 -2
499 503 2
499 504 4
500 501 -4
500 502 -4
500 503 -1
500 504 -2
505 509 2
505 510 2
505 511 -2
505 512 4
506 509 1
506 510 1
506 511 -2
506 512 -1
507 509 -1
507 510 4
507 511 4
507 512 -1
508 509 4
508 510 -4
508 511 -4
508 512 4
5 13 -1
6 14 2
7 15 4
8 16 4
13 21 2
14 22 -1
15 23 -1
16 24 4
21 29 -2
22 30 -4
23 31 -1
24 32 2
29 37 2
30 38 -2
31 39 -1
32 40 1
37 45 -1
38 46 4
39 47 4
40 48 1
45 53 -1
46 54 2
47 55 2
48 56 4
53 61 4
54 62 2
55 63 -4
56 64 -4
69 77 -4
70 78 -4
71 79 2
72 80 2
77 85 -4
78 86 -1
79 87 -4
80 88 -4
85 93 -1
86 94 -2
87 95 -4
88 96 2
93 101 -1
94 102 -4
95 103 1
96 104 -4
101 109 2
102 110 -2
103 111 -1
104 112 2
109 117 -4
110 118 1
111 119 -4
112 120 -4
117 125 4
118 126 2
119 127 -2
120 128 4
133 141 1
134 142 -1
135 143 1
136 144 -2
141 149 -4
142 150 -1
143 151 4
144 152 -2
149 157 2
150 158 -1
151 159 -4
152 160 -1
157 165 1
158 166 -1
159 167 -4
160 168 4
165 173 4
166 174 4
167 175 -4
168 176 -2
173 181 2
174 182 -1
175 183 1
176 184 4
181 189 -1
182 190 1
183 191 -4
184 192 4
197 205 -1
198 206 2
199 207 1
200 208 2
205 213 4
206 214 1
207 215 -4
208 216 2
213 221 -1
214 222 4
215 223 -4
216 224 2
221 229 -4
222 230 1
223 231 -4
224 232 1
229 237 -2
230 238 1
231 239 1
232 240 -1
237 245 1
238 246 2
239 247 -4
240 248 -2
245 253 -4
246 254 -1
247 255 2
248 256 4
261 269 1
262 270 -1
263 271 1
264 272 -4
269 277 4
270 278 4
271 279 2
272 280 -1
277 285 1
278 286 -1
279 287 -1
280 288 -4
285 293 -4
286 294 -1
287 295 1
288 296 2
293 301 2
294 302 4
295 303 2
296 304 -1
301 309 2
302 310 -2
303 311 4
304 312 2
309 317 4
310 318 1
311 319 4
312 320 -4
325 333 -4
326 334 1
327 335 -2
328 336 -1
333 341 4
334 342 -4
335 343 1
336 344 2
341 349 2
342 350 1
343 351 -1
344 352 4
349 357 4
350 358 -1
351 359 4
352 360 -2
357 365 4
358 366 4
359 367 1
360 368 -1
365 373 2
366 374 -2
367 375 4
368 376 -2
373 381 4
374 382 -1
375 383 -1
376 384 2
389 397 1
390 398 -4
391 399 4
392 400 2
397 405 2
398 406 -4
399 407 2
400 408 2
405 413 -1
406 414 4
407 415 4
408 416 1
413 421 -1
414 422 1
415 423 -4
416 424 -1
421 429 4
422 430 4
423 431 -4
424 432 1
429 437 -4
430 438 2
431 439 -4
432 440 -4
437 445 -1
438 446 4
439 447 -4
440 448 2
453 461 -2
454 462 -1
455 463 4
456 464 -4
461 469 -1
462 470 -4
463 471 4
464 472 4
469 477 -1
470 478 -1
471 479 1
472 480 -2
477 485 2
478 486 4
479 487 4
480 488 1
485 493 2
486 494 4
487 495 -1
488 496 -2
493 501 2
494 502 -4
495 503 -2
496 504 1
501 509 1
502 510 -2
503 511 -1
504 512 -1
1 65 2
2 66 2
3 67 4
4 68 -4
65 129 1
66 130 -1
67 131 1
68 132 -1
129 193 4
130 194 1
131 195 1
132 196 -1
193 257 2
194 258 4
195 259 -4
196 260 -4
257 321 1
258 322 4
259 323 -4
260 324 -2
321 385 2
322 386 2
323 387 -2
324 388 -1
385 449 2
386 450 2
387 451 4
388 452 -4
9 73 2
10 74 -1
11 75 -2
12 76 4
73 137 -1
74 138 2
75 139 -1
76 140 -1
137 201 4
138 202 2
139 203 -2
140 204 4
201 265 1
202 266 -2
203 267 1
204 268 2
265 329 1
266 330 2
267 331 -2
268 332 -1
329 393 4
330 394 2
331 395 -4
332 396 4
393 457 1
394 458 -1
395 459 -2
396 460 2
17 81 1
18 82 -1
19 83 1
20 84 1
81 145 4
82 146 -1
83 147 2
84 148 1
145 209 4
146 210 4
147 211 1
148 212 1
209 273 1
210 274 2
211 275 -4
212 276 -1
273 337 4
274 338 2
275 339 1
276 340 -4
337 401 -1
338 402 -4
339 403 4
340 404 -2
401 465 -4
402 466 2
403 467 -2
404 468 1
25 89 2
26 90 -2
27 91 2
28 92 -1
89 153 2
90 154 2
91 155 -4
92 156 2
153 217 -1
154 218 -2
155 219 4
156 220 1
217 281 -2
218 282 1
219 283 -1
220 284 1
281 345 2
282 346 -2
283 347 1
284 348 -4
345 409 2
346 410 4
347 411 2
348 412 -1
409 473 1
410 474 2
411 475 -4
412 476 -1
33 97 2
34 98 -2
35 99 -1
36 100 -2
97 161 -2
98 162 -1
99 163 -4
100 164 -1
161 225 -4
162 226 1
163 227 -4
164 228 -1
225 289 1
226 290 4
227 291 -2
228 292 2
289 353 -4
290 354 1
291 355 -4
292 356 2
353 417 -4
354 418 -2
355 419 2
356 420 -1
417 481 1
418 482 -4
419 483 -1
420 484 2
41 105 2
42 106 1
43 107 4
44 108 -2
105 169 -2
106 170 -2
107 171 -1
108 172 4
169 233 -1
170 234 -4
171 235 -2
172 236 1
233 297 -4
234 298 4
235 299 4
236 300 -2
297 361 -4
298 362 -1
299 363 4
300 364 1
361 425 4
362 426 -2
363 427 -4
364 428 2
425 489 -4
426 490 -4
427 491 -1
428 492 -4
49 113 1
50 114 1
51 115 -1
52 116 4
113 177 -2
114 178 4
115 179 2
116 180 1
177 241 4
178 242 1
179 243 -4
180 244 -2
241 305 -2
242 306 -4
243 307 4
244 308 2
305 369 2
306 370 4
307 371 -1
308 372 -2
369 433 -4
370 434 1
371 435 4
372 436 -2
433 497 2
434 498 4
435 499 -4
436 500 4
57 121 -2
58 122 -1
59 123 -4
60 124 1
121 185 4
122 186 1
123 187 1
124 188 2
185 249 1
186 250 -1
187 251 -1
188 252 2
249 313 -2
250 314 -2
251 315 -2
252 316 1
313 377 1
314 378 -4
315 379 -1
316 380 -4
377 441 -1
378 442 1
379 443 1
380 444 1
441 505 -2
442 506 2
443 507 2
444 508 4
