#
1 5 -2
1 6 -1
1 7 2
1 8 1
2 5 2
2 6 -2
2 7 -4
2 8 4
3 5 1
3 6 -1
3 7 -2
3 8 -1
4 5 -1
4 6 1
4 7 -4
4 8 -1
9 13 1
9 14 2
9 15 -4
9 16 2
10 13 2
10 14 2
10 15 -1
10 16 -4
11 13 2
11 14 -2
11 15 -4
11 16 4
12 13 2
12 14 -4
12 15 2
12 16 -1
17 21 -1
17 22 -4
17 23 1
17 24 -2
18 21 -2
18 22 4
18 23 2
18 24 -4
19 21 -4
19 22 -2
19 23 -2
19 24 -1
20 21 -2
20 22 -4
20 23 4
20 24 1
25 29 -2
25 30 -1
25 31 4
25 32 -4
26 29 -1
26 30 2
26 31 -4
26 32 1
27 29 2
27 30 -2
27 31 -4
27 32 -4
28 29 4
28 30 1
28 31 4
28 32 4
33 37 4
33 38 -1
33 39 -2
33 40 4
34 37 -4
34 38 -4
34 39 4
34 40 1
35 37 -2
35 38 -1
35 39 1
35 40 -1
36 37 2
36 38 1
36 39 1
36 40 4
41 45 2
41 46 -2
41 47 -4
41 48 -2
42 45 -2
42 46 -2
42 47 -2
42 48 4
43 45 1
43 46 4
43 47 -2
43 48 4
44 45 -2
44 46 4
44 47 -4
44 48 -2
49 53 -2
49 54 -1
49 55 -1
49 56 -4
50 53 2
50 54 4
50 55 -2
50 56 -4
51 53 -4
51 54 2
51 55 1
51 56 -4
52 53 1
52 54 4
52 55 4
52 56 1
57 61 -1
57 62 1
57 63 -2
57 64 -1
58 61 -1
58 62 4
58 63 -1
58 64 -4
59 61 4
59 62 -4
59 63 1
59 64 4
60 61 -1
60 62 -2
60 63 1
60 64 1
65 69 -2
65 70 2
65 71 2
65 72 -4
66 69 -2
66 70 -4
66 71 -1
66 72 -4
67 69 1
67 70 4
67 71 2
67 72 -4
68 69 1
68 70 1
68 71 -4
68 72 -1
73 77 -2
73 78 2
73 79 -1
73 80 1
74 77 1
74 78 -4
74 79 -4
74 80 1
75 77 -2
75 78 2
75 79 1
75 80 -4
76 77 4
76 78 -2
76 79 -2
76 80 4
81 85 4
81 86 4
81 87 2
81 88 -4
82 85 -2
82 86 -2
82 87 1
82 88 1
83 85 4
83 86 2
83 87 1
83 88 4
84 85 2
84 86 2
84 87 -4
84 88 2
89 93 4
89 94 -1
89 95 1
89 96 -4
90 93 2
90 94 -2
90 95 1
90 96 -2
91 93 1
91 94 4
91 95 4
91 96 2
92 93 4
92 94 4
92 95 -2
92 96 2
97 101 4
97 102 2
97 103 -2
97 104 -2
98 101 2
98 102 4
98 103 -4
98 104 -1
99 101 -1
99 102 4
99 103 -2
99 104 1
100 101 1
100 102 4
100 103 1
100 104 2
105 109 -2
105 110 -1
105 111 -4
105 112 -2
106 109 2
106 110 -4
106 111 -1
106 112 -1
107 109 4
107 110 -4
107 111 4
107 112 -1
108 109 -2
108 110 -1
108 111 -1
108 112 2
113 117 1
113 118 4
113 119 4
113 120 -2
114 117 -2
114 118 -2
114 119 -1
114 120 -4
115 117 1
115 118 2
115 119 4
115 120 -4
116 117 -2
116 118 -4
116 119 4
116 120 4
121 125 -1
121 126 1
121 127 -2
121 128 -4
122 125 -4
122 126 -1
122 127 4
122 128 4
123 125 2
123 126 1
123 127 -2
123 128 -1
124 125 -1
124 126 -1
124 127 1
124 128 -4
129 133 2
129 134 -4
129 135 1
129 136 -2
130 133 -1
130 134 -4
130 135 -1
130 136 -1
131 133 -2
131 134 -2
131 135 4
131 136 2
132 133 -1
132 134 1
132 135 2
132 136 1
137 141 2
137 142 -1
137 143 -4
137 144 -4
138 141 2
138 142 4
138 143 4
138 144 4
139 141 4
139 142 -2
139 143 -1
139 144 2
140 141 -4
140 142 4
140 143 -2
140 144 2
145 149 -4
145 150 2
145 151 -2
145 152 2
146 149 4
146 150 -4
146 151 -4
146 152 4
147 149 -1
147 150 1
147 151 -1
147 152 -4
148 149 -2
148 150 -4
148 151 2
148 152 -2
153 157 -1
153 158 4
153 159 -4
153 160 2
154 157 -2
154 158 4
154 159 2
154 160 1
155 157 -2
155 158 1
155 159 1
155 160 -4
156 157 -4
156 158 -4
156 159 1
156 160 1
161 165 4
161 166 -2
161 167 2
161 168 -2
162 165 -4
162 166 2
162 167 4
162 168 2
163 165 2
163 166 -1
163 167 -4
163 168 -2
164 165 2
164 166 -2
164 167 2
164 168 -4
169 173 2
169 174 -4
169 175 -2
169 176 1
170 173 -1
170 174 1
170 175 1
170 176 -4
171 173 1
171 174 1
171 175 -1
171 176 -4
172 173 1
172 174 1
172 175 4
172 176 -1
177 181 4
177 182 2
177 183 -4
177 184 -2
178 181 -2
178 182 -4
178 183 -4
178 184 1
179 181 2
179 182 -2
179 183 2
179 184 -1
180 181 -2
180 182 4
180 183 4
180 184 4
185 189 -1
185 190 -2
185 191 2
185 192 4
186 189 1
186 190 -2
186 191 1
186 192 2
187 189 -2
187 190 -4
187 191 -2
187 192 1
188 189 1
188 190 -2
188 191 4
188 192 1
193 197 1
193 198 4
193 199 2
193 200 2
194 197 -4
194 198 4
194 199 -2
194 200 -1
195 197 2
195 198 2
195 199 -2
195 200 -2
196 197 -1
196 198 -1
196 199 4
196 200 -2
201 205 2
201 206 1
201 207 -4
201 208 4
202 205 1
202 206 1
202 207 -1
202 208 4
203 205 1
203 206 2
203 207 -2
203 208 1
204 205 -4
204 206 -4
204 207 1
204 208 -4
209 213 -1
209 214 2
209 215 1
209 216 2
210 213 -1
210 214 1
210 215 4
210 216 4
211 213 2
211 214 4
211 215 -2
211 216 -1
212 213 4
212 214 4
212 215 -1
212 216 1
217 221 -1
217 222 2
217 223 -4
217 224 -2
218 221 4
218 222 4
218 223 -1
218 224 -2
219 221 2
219 222 -2
219 223 -1
219 224 -4
220 221 -2
220 222 2
220 223 2
220 224 4
225 229 -1
225 230 4
225 231 -2
225 232 2
226 229 -4
226 230 1
226 231 1
226 232 1
227 229 -1
227 230 -4
227 231 -4
227 232 4
228 229 4
228 230 -4
228 231 2
228 232 4
233 237 -4
233 238 2
233 239 4
233 240 -2
234 237 -4
234 238 -1
234 239 -4
234 240 2
235 237 1
235 238 -2
235 239 4
235 240 -4
236 237 4
236 238 -4
236 239 4
236 240 4
241 245 1
241 246 -4
241 247 -1
241 248 -2
242 245 1
242 246 -4
242 247 -4
242 248 1
243 245 -4
243 246 4
243 247 -4
243 248 4
244 245 -1
244 246 -1
244 247 1
244 248 1
249 253 1
249 254 -4
249 255 2
249 256 -2
250 253 -1
250 254 -2
250 255 -2
250 256 1
251 253 -2
251 254 2
251 255 4
251 256 -1
252 253 -1
252 254 -1
252 255 4
252 256 1
257 261 2
257 262 -1
257 263 1
257 264 4
258 261 -2
258 262 2
258 263 1
258 264 -2
259 261 -1
259 262 1
259 263 -2
259 264 2
260 261 -1
260 262 1
260 263 1
260 264 -4
265 269 -2
265 270 1
265 271 2
265 272 1
266 269 1
266 270 -1
266 271 4
266 272 4
267 269 -1
267 270 -1
267 271 4
267 272 -4
268 269 1
268 270 4
268 271 1
268 272 1
273 277 4
273 278 4
273 279 -1
273 280 -1
274 277 -1
274 278 2
274 279 -1
274 280 -4
275 277 4
275 278 -2
275 279 1
275 280 -2
276 277 -2
276 278 -4
276 279 -1
276 280 1
281 285 1
281 286 -2
281 287 -4
281 288 -2
282 285 4
282 286 1
282 287 2
282 288 -2
283 285 4
283 286 -4
283 287 -4
283 288 -4
284 285 2
284 286 -1
284 287 1
284 288 2
289 293 -2
289 294 2
289 295 1
289 296 2
290 293 4
290 294 -4
290 295 1
290 296 2
291 293 2
291 294 4
291 295 2
291 296 2
292 293 1
292 294 4
292 295 4
292 296 -4
297 301 1
297 302 2
297 303 1
297 304 -2
298 301 -2
298 302 4
298 303 -2
298 304 -2
299 301 -1
299 302 -4
299 303 -1
299 304 -2
300 301 -2
300 302 4
300 303 -1
300 304 -2
305 309 -2
305 310 1
305 311 -2
305 312 4
306 309 4
306 310 -2
306 311 -2
306 312 -2
307 309 -4
307 310 -2
307 311 -4
307 312 2
308 309 -1
308 310 1
308 311 4
308 312 2
313 317 1
313 318 -2
313 319 -2
313 320 -2
314 317 4
314 318 -4
314 319 4
314 320 2
315 317 1
315 318 -2
315 319 2
315 320 -2
316 317 -1
316 318 -1
316 319 2
316 320 -4
321 325 -2
321 326 4
321 327 4
321 328 -1
322 325 2
322 326 -4
322 327 1
322 328 -2
323 325 1
323 326 -1
323 327 -1
323 328 -2
324 325 2
324 326 4
324 327 -1
324 328 -4
329 333 -2
329 334 -4
329 335 4
329 336 -4
330 333 1
330 334 -2
330 335 2
330 336 -2
331 333 -2
331 334 -4
331 335 4
331 336 -4
332 333 2
332 334 -2
332 335 -2
332 336 1
337 341 -1
337 342 2
337 343 -4
337 344 1
338 341 2
338 342 2
338 343 2
338 344 4
339 341 -4
339 342 4
339 343 2
339 344 1
340 341 1
340 342 4
340 343 -1
340 344 -2
345 349 -4
345 350 2
345 351 -1
345 352 2
346 349 1
346 350 -1
346 351 1
346 352 4
347 349 -2
347 350 -4
347 351 -1
347 352 4
348 349 -4
348 350 -2
348 351 -2
348 352 1
353 357 -1
353 358 -1
353 359 -1
353 360 -2
354 357 -1
354 358 -4
354 359 -1
354 360 -4
355 357 4
355 358 -4
355 359 4
355 360 -4
356 357 2
356 358 -4
356 359 2
356 360 1
361 365 -1
361 366 -4
361 367 -1
361 368 -2
362 365 4
362 366 2
362 367 4
362 368 -4
363 365 4
363 366 1
363 367 4
363 368 2
364 365 -4
364 366 -1
364 367 1
364 368 2
369 373 4
369 374 2
369 375 4
369 376 -1
370 373 2
370 374 4
370 375 -2
370 376 2
371 373 2
371 374 2
371 375 2
371 376 2
372 373 1
372 374 1
372 375 -2
372 376 2
377 381 1
377 382 -4
377 383 1
377 384 4
378 381 -2
378 382 2
378 383 2
378 384 4
379 381 -2
379 382 -4
379 383 -2
379 384 -4
380 381 1
380 382 2
380 383 -4
380 384 4
385 389 1
385 390 -4
385 391 -1
385 392 4
386 389 -2
386 390 1
386 391 1
386 392 -4
387 389 -2
387 390 -2
387 391 4
387 392 2
388 389 1
388 390 2
388 391 -2
388 392 2
393 397 4
393 398 -4
393 399 -2
393 400 4
394 397 -4
394 398 -1
394 399 -2
394 400 4
395 397 1
395 398 -2
395 399 4
395 400 -2
396 397 1
396 398 1
396 399 2
396 400 -1
401 405 -4
401 406 4
401 407 -2
401 408 -4
402 405 2
402 406 2
402 407 1
402 408 -1
403 405 -4
403 406 4
403 407 -1
403 408 1
404 405 2
404 406 -1
404 407 -1
404 408 -1
409 413 2
409 414 2
409 415 -1
409 416 -1
410 413 -4
410 414 -4
410 415 4
410 416 2
411 413 1
411 414 4
411 415 -4
411 416 -4
412 413 -4
412 414 4
412 415 -2
412 416 -4
417 421 -2
417 422 -1
417 423 1
417 424 1
418 421 2
418 422 -2
418 423 -2
418 424 1
419 421 -2
419 422 -4
419 423 1
419 424 -4
420 421 -4
420 422 -2
420 423 2
420 424 -2
425 429 4
425 430 4
425 431 1
425 432 -4
426 429 -1
426 430 2
426 431 4
426 432 1
427 429 -4
427 430 -2
427 431 -2
427 432 1
428 429 1
428 430 1
428 431 4
428 432 -1
433 437 2
433 438 4
433 439 1
433 440 -2
434 437 2
434 438 2
434 439 2
434 440 -4
435 437 2
435 438 -4
435 439 -4
435 440 -4
436 437 4
436 438 -1
436 439 2
436 440 -2
441 445 4
441 446 1
441 447 1
441 448 4
442 445 4
442 446 -2
442 447 -2
442 448 -1
443 445 2
443 446 -1
443 447 1
443 448 -2
444 445 -4
444 446 2
444 447 -2
444 448 2
449 453 -1
449 454 2
449 455 2
449 456 2
450 453 -2
450 454 -1
450 455 2
450 456 4
451 453 4
451 454 -1
451 455 1
451 456 -4
452 453 2
452 454 -2
452 455 4
452 456 4
457 461 -2
457 462 -1
457 463 -2
457 464 1
458 461 -2
458 462 4
458 463 -2
458 464 -1
459 461 2
459 462 4
459 463 1
459 464 1
460 461 -2
460 462 2
460 463 2
460 464 -4
465 469 -1
465 470 2
465 471 1
465 472 -1
466 469 -4
466 470 -4
466 471 1
466 472 2
467 469 -4
467 470 1
467 471 -4
467 472 1
468 469 -4
468 470 2
468 471 4
468 472 4
473 477 4
473 478 4
473 479 -4
473 480 4
474 477 -2
474 478 -4
474 479 -1
474 480 -4
475 477 -1
475 478 -4
475 479 -1
475 480 1
476 477 -4
476 478 -2
476 479 1
476 480 -4
481 485 1
481 486 -1
481 487 -1
481 488 -4
482 485 -2
482 486 2
482 487 1
482 488 1
483 485 1
483 486 -1
483 487 1
483 488 2
484 485 2
484 486 -2
484 487 4
484 488 4
489 493 2
489 494 -2
489 495 2
489 496 4
490 493 -2
490 494 -1
490 495 -2
490 496 -4
491 493 -2
491 494 2
491 495 -2
491 496 -1
492 493 1
492 494 -1
492 495 2
492 496 -2
497 501 -1
497 502 -1
497 503 -2
497 504 1
498 501 4
498 502 4
498 503 -4
498 504 2
499 501 4
499 502 1
499 503 -1
499 504 4
500 501 4
500 502 -1
500 503 -4
500 504 2
505 509 -4
505 510 2
505 511 1
505 512 -4
506 509 2
506 510 1
506 511 -1
506 512 -1
507 509 -2
507 510 -1
507 511 -1
507 512 1
508 509 -1
508 510 4
508 511 -2
508 512 2
5 13 2
6 14 -2
7 15 -2
8 16 -2
13 21 -4
14 22 -4
15 23 -1
16 24 -4
21 29 4
22 30 -4
23 31 1
24 32 -1
29 37 -4
30 38 -1
31 39 4
32 40 -2
37 45 -4
38 46 1
39 47 -1
40 48 -2
45 53 -1
46 54 -4
47 55 4
48 56 4
53 61 4
54 62 1
55 63 -1
56 64 1
69 77 -4
70 78 4
71 79 -1
72 80 4
77 85 4
78 86 -4
79 87 -2
80 88 -4
85 93 4
86 94 -1
87 95 4
88 96 1
93 101 -4
94 102 -4
95 103 1
96 104 1
101 109 -4
102 110 -4
103 111 -4
104 112 -2
109 117 4
110 118 -4
111 119 1
112 120 -2
117 125 2
118 126 4
119 127 -1
120 128 4
133 141 4
134 142 4
135 143 1
136 144 -4
141 149 -2
142 150 4
143 151 -2
144 152 -1
149 157 -4
150 158 1
151 159 -1
152 160 -4
157 165 4
158 166 -2
159 167 -2
160 168 4
165 173 -1
166 174 2
167 175 4
168 176 1
173 181 -2
174 182 -2
175 183 2
176 184 -2
181 189 -2
182 190 2
183 191 4
184 192 2
197 205 2
198 206 4
199 207 4
200 208 -1
205 213 -1
206 214 4
207 215 1
208 216 -1
213 221 2
214 222 -2
215 223 4
216 224 -1
221 229 -4
222 230 1
223 231 -1
224 232 4
229 237 -4
230 238 -4
231 239 1
232 240 2
237 245 2
238 246 2
239 247 -2
240 248 2
245 253 2
246 254 -1
247 255 1
248 256 -2
261 269 4
262 270 -1
263 271 2
264 272 -2
269 277 1
270 278 -1
271 279 4
272 280 -1
277 285 -4
278 286 -1
279 287 -4
280 288 -4
285 293 -2
286 294 -1
287 295 4
288 296 -2
293 301 4
294 302 -2
295 303 -2
296 304 -1
301 309 -2
302 310 -1
303 311 -4
304 312 -1
309 317 2
310 318 1
311 319 1
312 320 1
325 333 2
326 334 4
327 335 -2
328 336 1
333 341 -4
334 342 -1
335 343 -2
336 344 -2
341 349 1
342 350 -1
343 351 -2
344 352 1
349 357 2
350 358 2
351 359 2
352 360 -2
357 365 -4
358 366 -4
359 367 4
360 368 2
365 373 1
366 374 -4
367 375 1
368 376 1
373 381 -1
374 382 -4
375 383 4
376 384 1
389 397 -4
390 398 4
391 399 -4
392 400 -4
397 405 1
398 406 2
399 407 -1
400 408 4
405 413 2
406 414 -4
407 415 -4
408 416 -4
413 421 -4
414 422 -4
415 423 -2
416 424 -1
421 429 1
422 430 4
423 431 -4
424 432 1
429 437 -1
430 438 4
431 439 -1
432 440 -1
437 445 -4
438 446 1
439 447 1
440 448 2
453 461 -4
454 462 -2
455 463 -1
456 464 1
461 469 2
462 470 4
463 471 -4
464 472 1
469 477 4
470 478 2
471 479 4
472 480 2
477 485 1
478 486 -4
479 487 4
480 488 2
485 493 -1
486 494 -1
487 495 -2
488 496 -2
493 501 -2
494 502 -4
495 503 -2
496 504 4
501 509 -4
502 510 -2
503 511 2
504 512 1
1 65 1
2 66 1
3 67 -2
4 68 2
65 129 4
66 130 1
67 131 4
68 132 1
129 193 1
130 194 2
131 195 1
132 196 4
193 257 -1
194 258 -2
195 259 -2
196 260 -1
257 321 1
258 322 -1
259 323 1
260 324 1
321 385 2
322 386 4
323 387 2
324 388 1
385 449 -4
386 450 2
387 451 2
388 452 -4
9 73 -1
10 74 -1
11 75 2
12 76 2
73 137 -4
74 138 -1
75 139 4
76 140 2
137 201 -4
138 202 -4
139 203 -2
140 204 2
201 265 -1
202 266 -4
203 267 -2
204 268 -1
265 329 1
266 330 1
267 331 -4
268 332 2
329 393 -1
330 394 2
331 395 1
332 396 -4
393 457 4
394 458 -2
395 459 2
396 460 -1
17 81 2
18 82 -2
19 83 4
20 84 2
81 145 -2
82 146 1
83 147 -4
84 148 -4
145 209 -4
146 210 -4
147 211 4
148 212 4
209 273 -4
210 274 -1
211 275 -1
212 276 4
273 337 4
274 338 1
275 339 2
276 340 -2
337 401 1
338 402 -4
339 403 -4
340 404 -4
401 465 -1
402 466 2
403 467 2
404 468 -4
25 89 -2
26 90 2
27 91 2
28 92 2
89 153 4
90 154 -1
91 155 -1
92 156 -2
153 217 -4
154 218 -1
155 219 1
156 220 -4
217 281 -2
218 282 4
219 283 1
220 284 4
281 345 -2
282 346 4
283 347 -2
284 348 2
345 409 2
346 410 -4
347 411 1
348 412 1
409 473 -1
410 474 2
411 475 4
412 476 1
33 97 -4
34 98 -2
35 99 1
36 100 -4
97 161 -2
98 162 -2
99 163 -4
100 164 -2
161 225 -4
162 226 -4
163 227 -2
164 228 -4
225 289 2
226 290 -1
227 291 -4
228 292 -2
289 353 4
290 354 1
291 355 -4
292 356 -1
353 417 4
354 418 2
355 419 -2
356 420 4
417 481 -2
418 482 4
419 483 1
420 484 -2
41 105 -2
42 106 -1
43 107 -2
44 108 4
105 169 4
106 170 -4
107 171 2
108 172 -2
169 233 -4
170 234 -4
171 235 -4
172 236 -1
233 297 2
234 298 1
235 299 -4
236 300 -4
297 361 2
298 362 -1
299 363 4
300 364 -4
361 425 -2
362 426 -1
363 427 1
364 428 -1
425 489 2
426 490 -1
427 491 4
428 492 1
49 113 -1
50 114 -1
51 115 2
52 116 -4
113 177 2
114 178 -1
115 179 -2
116 180 1
177 241 -2
178 242 1
179 243 2
180 244 -2
241 305 2
242 306 -2
243 307 -2
244 308 -2
305 369 -4
306 370 -1
307 371 2
308 372 -4
369 433 4
370 434 2
371 435 1
372 436 -1
433 497 -1
434 498 2
435 499 -1
436 500 2
57 121 2
58 122 4
59 123 -2
60 124 -1
121 185 1
122 186 -4
123 187 2
124 188 -1
185 249 2
186 250 1
187 251 1
188 252 -4
249 313 2
250 314 1
251 315 -2
252 316 1
313 377 -4
314 378 4
315 379 -4
316 380 -4
377 441 4
378 442 -1
379 443 -1
380 444 -4
441 505 -2
442 506 -1
443 507 -2
444 508 -1
