#
1 5 -1
1 6 1
1 7 4
1 8 4
2 5 -4
2 6 2
2 7 -1
2 8 -4
3 5 1
3 6 -1
3 7 -1
3 8 -1
4 5 2
4 6 2
4 7 -2
4 8 4
9 13 4
9 14 1
9 15 -4
9 16 1
10 13 2
10 14 -1
10 15 -4
10 16 -4
11 13 -4
11 14 4
11 15 -1
11 16 4
12 13 -4
12 14 4
12 15 -4
12 16 1
17 21 1
17 22 -1
17 23 -1
17 24 2
18 21 1
18 22 -1
18 23 1
18 24 -4
19 21 -2
19 22 -1
19 23 -4
19 24 1
20 21 -4
20 22 1
20 23 4
20 24 2
25 29 -4
25 30 -2
25 31 -2
25 32 -1
26 29 -1
26 30 4
26 31 -1
26 32 -2
27 29 4
27 30 -1
27 31 -2
27 32 1
28 29 2
28 30 4
28 31 4
28 32 -4
33 37 4
33 38 -1
33 39 -2
33 40 4
34 37 -1
34 38 -2
34 39 -4
34 40 2
35 37 -4
35 38 -1
35 39 1
35 40 4
36 37 -1
36 38 2
36 39 4
36 40 -4
41 45 -4
41 46 4
41 47 4
41 48 1
42 45 2
42 46 -2
42 47 -1
42 48 -1
43 45 4
43 46 -4
43 47 -2
43 48 -2
44 45 2
44 46 -2
44 47 -2
44 48 -4
49 53 4
49 54 1
49 55 4
49 56 -2
50 53 -4
50 54 -2
50 55 -2
50 56 2
51 53 -1
51 54 2
51 55 -1
51 56 -2
52 53 -2
52 54 4
52 55 2
52 56 2
57 61 1
57 62 -1
57 63 -1
57 64 -2
58 61 1
58 62 -2
58 63 -4
58 64 2
59 61 -4
59 62 -4
59 63 -4
59 64 4
60 61 -2
60 62 2
60 63 -1
60 64 2
65 69 4
65 70 -4
65 71 -1
65 72 -1
66 69 2
66 70 -2
66 71 -1
66 72 -2
67 69 4
67 70 2
67 71 -4
67 72 4
68 69 -2
68 70 -4
68 71 2
68 72 -1
73 77 -2
73 78 -2
73 79 -1
73 80 -1
74 77 4
74 78 2
74 79 -4
74 80 2
75 77 -1
75 78 -1
75 79 2
75 80 4
76 77 1
76 78 2
76 79 -2
76 80 -4
81 85 -1
81 86 -2
81 87 -1
81 88 -1
82 85 -4
82 86 -2
82 87 -2
82 88 -1
83 85 4
83 86 -2
83 87 1
83 88 -1
84 85 -4
84 86 1
84 87 -4
84 88 4
89 93 -2
89 94 1
89 95 -1
89 96 -4
90 93 2
90 94 -2
90 95 -4
90 96 -4
91 93 2
91 94 -4
91 95 1
91 96 4
92 93 -4
92 94 -2
92 95 -2
92 96 4
97 101 -2
97 102 -1
97 103 1
97 104 4
98 101 -1
98 102 1
98 103 -2
98 104 2
99 101 -4
99 102 -2
99 103 4
99 104 -1
100 101 1
100 102 4
100 103 -2
100 104 -2
105 109 -2
105 110 2
105 111 4
105 112 4
106 109 2
106 110 4
106 111 1
106 112 -4
107 109 1
107 110 4
107 111 1
107 112 -4
108 109 1
108 110 1
108 111 2
108 112 -1
113 117 2
113 118 -2
113 119 4
113 120 4
114 117 -1
114 118 -2
114 119 -4
114 120 2
115 117 4
115 118 1
115 119 -1
115 120 -4
116 117 -2
116 118 1
116 119 1
116 120 -2
121 125 2
121 126 4
121 127 1
121 128 2
122 125 -2
122 126 2
122 127 2
122 128 2
123 125 -2
123 126 4
123 127 -2
123 128 -4
124 125 -1
124 126 -2
124 127 -4
124 128 2
129 133 4
129 134 -4
129 135 1
129 136 4
130 133 -2
130 134 -2
130 135 1
130 136 4
131 133 -2
131 134 2
131 135 -2
131 136 -4
132 133 1
132 134 -4
132 135 1
132 136 1
137 141 1
137 142 2
137 143 4
137 144 -2
138 141 2
138 142 -4
138 143 1
138 144 -2
139 141 -1
139 142 2
139 143 4
139 144 -4
140 141 4
140 142 -2
140 143 2
140 144 -1
145 149 1
145 150 -2
145 151 -1
145 152 4
146 149 2
146 150 -1
146 151 -1
146 152 -2
147 149 4
147 150 2
147 151 2
147 152 -1
148 149 -1
148 150 2
148 151 4
148 152 -2
153 157 4
153 158 1
153 159 4
153 160 1
154 157 -2
154 158 4
154 159 2
154 160 -1
155 157 -1
155 158 -1
155 159 -4
155 160 -1
156 157 -1
156 158 -2
156 159 -4
156 160 4
161 165 -1
161 166 -4
161 167 1
161 168 1
162 165 -2
162 166 4
162 167 4
162 168 1
163 165 2
163 166 -2
163 167 4
163 168 2
164 165 1
164 166 -4
164 167 -4
164 168 2
169 173 1
169 174 -2
169 175 -4
169 176 -2
170 173 -2
170 174 4
170 175 -4
170 176 -2
171 173 4
171 174 -2
171 175 2
171 176 2
172 173 4
172 174 1
172 175 -2
172 176 -1
177 181 1
177 182 1
177 183 -4
177 184 -1
178 181 4
178 182 1
178 183 4
178 184 2
179 181 2
179 182 1
179 183 2
179 184 4
180 181 -4
180 182 -2
180 183 -4
180 184 1
185 189 -4
185 190 -2
185 191 -4
185 192 1
186 189 2
186 190 -1
186 191 -4
186 192 -4
187 189 -2
187 190 1
187 191 -1
187 192 4
188 189 -4
188 190 4
188 191 -4
188 192 4
193 197 4
193 198 -4
193 199 4
193 200 4
194 197 -2
194 198 -1
194 199 -4
194 200 2
195 197 4
195 198 -4
195 199 -2
195 200 -4
196 197 -2
196 198 4
196 199 -4
196 200 1
201 205 1
201 206 -2
201 207 1
201 208 -4
202 205 -1
202 206 -2
202 207 -2
202 208 2
203 205 1
203 206 -4
203 207 4
203 208 1
204 205 2
204 206 4
204 207 2
204 208 -4
209 213 -4
209 214 4
209 215 2
209 216 2
210 213 -2
210 214 -1
210 215 2
210 216 4
211 213 -4
211 214 -1
211 215 -4
211 216 4
212 213 2
212 214 -4
212 215 -2
212 216 4
217 221 -2
217 222 -4
217 223 4
217 224 -2
218 221 1
218 222 2
218 223 2
218 224 -4
219 221 -1
219 222 1
219 223 2
219 224 -2
220 221 -1
220 222 -4
220 223 1
220 224 4
225 229 2
225 230 -2
225 231 -2
225 232 2
226 229 4
226 230 2
226 231 2
226 232 -2
227 229 -1
227 230 -1
227 231 4
227 232 4
228 229 -4
228 230 2
228 231 2
228 232 2
233 237 -1
233 238 -1
233 239 -1
233 240 -1
234 237 2
234 238 1
234 239 -2
234 240 4
235 237 -2
235 238 1
235 239 -1
235 240 1
236 237 -1
236 238 2
236 239 -4
236 240 -1
241 245 -1
241 246 -4
241 247 -4
241 248 2
242 245 1
242 246 -1
242 247 4
242 248 -4
243 245 4
243 246 4
243 247 -2
243 248 -2
244 245 -1
244 246 -2
244 247 -4
244 248 -2
249 253 -1
249 254 -4
249 255 -2
249 256 -4
250 253 2
250 254 -1
250 255 -1
250 256 1
251 253 -2
251 254 1
251 255 -2
251 256 -4
252 253 1
252 254 -4
252 255 -1
252 256 -4
257 261 1
257 262 2
257 263 2
257 264 -2
258 261 4
258 262 -4
258 263 2
258 264 1
259 261 -1
259 262 -1
259 263 -1
259 264 -1
260 261 -1
260 262 -2
260 263 -4
260 264 1
265 269 4
265 270 -2
265 271 -1
265 272 -1
266 269 -1
266 270 2
266 271 2
266 272 -4
267 269 2
267 270 -1
267 271 4
267 272 -1
268 269 -1
268 270 2
268 271 2
268 272 -2
273 277 -1
273 278 -2
273 279 -4
273 280 -4
274 277 4
274 278 1
274 279 -2
274 280 -2
275 277 -4
275 278 -1
275 279 -1
275 280 -2
276 277 4
276 278 -2
276 279 4
276 280 -2
281 285 4
281 286 -4
281 287 -4
281 288 -4
282 285 4
282 286 -2
282 287 -1
282 288 4
283 285 -1
283 286 -2
283 287 -4
283 288 2
284 285 1
284 286 2
284 287 4
284 288 4
289 293 -4
289 294 -1
289 295 1
289 296 2
290 293 -4
290 294 1
290 295 4
290 296 -1
291 293 2
291 294 1
291 295 -4
291 296 4
292 293 1
292 294 1
292 295 -2
292 296 -1
297 301 2
297 302 -1
297 303 -4
297 304 -1
298 301 -4
298 302 -2
298 303 4
298 304 4
299 301 -2
299 302 -4
299 303 -1
299 304 1
300 301 2
300 302 -4
300 303 1
300 304 2
305 309 -4
305 310 -4
305 311 -4
305 312 1
306 309 -4
306 310 -4
306 311 4
306 312 4
307 309 -1
307 310 1
307 311 4
307 312 4
308 309 4
308 310 4
308 311 -1
308 312 -4
313 317 2
313 318 -4
313 319 1
313 320 4
314 317 -1
314 318 -1
314 319 -1
314 320 2
315 317 -4
315 318 -4
315 319 -1
315 320 1
316 317 2
316 318 4
316 319 1
316 320 2
321 325 -1
321 326 -4
321 327 1
321 328 4
322 325 -4
322 326 -1
322 327 -1
322 328 2
323 325 2
323 326 -4
323 327 1
323 328 -2
324 325 -1
324 326 1
324 327 -1
324 328 2
329 333 1
329 334 1
329 335 -4
329 336 2
330 333 -1
330 334 1
330 335 2
330 336 -2
331 333 -2
331 334 -2
331 335 4
331 336 1
332 333 1
332 334 2
332 335 -1
332 336 2
337 341 4
337 342 2
337 343 -1
337 344 -1
338 341 1
338 342 1
338 343 -4
338 344 1
339 341 4
339 342 4
339 343 2
339 344 4
340 341 4
340 342 -1
340 343 2
340 344 -1
345 349 -4
345 350 -4
345 351 -1
345 352 -2
346 349 -4
346 350 2
346 351 -4
346 352 4
347 349 -4
347 350 4
347 351 4
347 352 4
348 349 4
348 350 2
348 351 4
348 352 2
353 357 4
353 358 -1
353 359 4
353 360 -2
354 357 -1
354 358 -1
354 359 -2
354 360 2
355 357 1
355 358 4
355 359 1
355 360 2
356 357 2
356 358 -4
356 359 -1
356 360 2
361 365 -1
361 366 1
361 367 -4
361 368 1
362 365 -1
362 366 -4
362 367 -1
362 368 -1
363 365 -2
363 366 4
363 367 2
363 368 1
364 365 -4
364 366 1
364 367 -4
364 368 1
369 373 -1
369 374 4
369 375 2
369 376 -4
370 373 -4
370 374 1
370 375 -2
370 376 2
371 373 1
371 374 4
371 375 -4
371 376 -1
372 373 2
372 374 4
372 375 2
372 376 -4
377 381 1
377 382 2
377 383 -2
377 384 2
378 381 -2
378 382 -2
378 383 -4
378 384 -1
379 381 4
379 382 4
379 383 1
379 384 -1
380 381 -2
380 382 2
380 383 -1
380 384 4
385 389 -4
385 390 -1
385 391 -4
385 392 -2
386 389 2
386 390 4
386 391 -2
386 392 -2
387 389 4
387 390 1
387 391 2
387 392 -2
388 389 -1
388 390 2
388 391 1
388 392 2
393 397 1
393 398 1
393 399 -4
393 400 1
394 397 1
394 398 1
394 399 -4
394 400 -2
395 397 -4
395 398 1
395 399 4
395 400 2
396 397 4
396 398 -2
396 399 -4
396 400 1
401 405 -1
401 406 -4
401 407 -2
401 408 2
402 405 4
402 406 -4
402 407 -2
402 408 2
403 405 2
403 406 -2
403 407 -2
403 408 -2
404 405 -2
404 406 -1
404 407 1
404 408 -1
409 413 4
409 414 -1
409 415 -1
409 416 -1
410 413 -1
410 414 -1
410 415 -4
410 416 1
411 413 4
411 414 -4
411 415 -4
411 416 2
412 413 4
412 414 -4
412 415 -4
412 416 -4
417 421 1
417 422 -4
417 423 4
417 424 2
418 421 1
418 422 -2
418 423 -4
418 424 -2
419 421 1
419 422 -2
419 423 -2
419 424 -4
420 421 1
420 422 4
420 423 4
420 424 2
425 429 4
425 430 -2
425 431 2
425 432 -4
426 429 4
426 430 -1
426 431 4
426 432 4
427 429 4
427 430 -1
427 431 1
427 432 2
428 429 -1
428 430 -4
428 431 2
428 432 4
433 437 4
433 438 4
433 439 -2
433 440 -2
434 437 -2
434 438 -2
434 439 -2
434 440 4
435 437 4
435 438 4
435 439 -2
435 440 2
436 437 -2
436 438 2
436 439 4
436 440 -4
441 445 1
441 446 -1
441 447 2
441 448 4
442 445 2
442 446 -1
442 447 1
442 448 -1
443 445 -1
443 446 -4
443 447 -1
443 448 -2
444 445 -2
444 446 -2
444 447 4
444 448 -2
449 453 1
449 454 2
449 455 1
449 456 1
450 453 1
450 454 1
450 455 4
450 456 -2
451 453 -4
451 454 -2
451 455 -4
451 456 -4
452 453 -1
452 454 -1
452 455 4
452 456 -1
457 461 1
457 462 -2
457 463 -4
457 464 4
458 461 4
458 462 -2
458 463 -2
458 464 2
459 461 -4
459 462 2
459 463 4
459 464 -1
460 461 2
460 462 -1
460 463 -4
460 464 1
465 469 4
465 470 4
465 471 -4
465 472 -2
466 469 2
466 470 -2
466 471 -2
466 472 -1
467 469 4
467 470 1
467 471 -4
467 472 4
468 469 4
468 470 1
468 471 -1
468 472 4
473 477 1
473 478 1
473 479 2
473 480 2
474 477 1
474 478 2
474 479 -2
474 480 -4
475 477 -1
475 478 4
475 479 -4
475 480 -2
476 477 2
476 478 -2
476 479 1
476 480 4
481 485 -1
481 486 2
481 487 -1
481 488 1
482 485 -4
482 486 -1
482 487 -4
482 488 -4
483 485 1
483 486 1
483 487 -2
483 488 4
484 485 2
484 486 2
484 487 4
484 488 -1
489 493 2
489 494 2
489 495 -2
489 496 -4
490 493 -1
490 494 2
490 495 2
490 496 2
491 493 -1
491 494 -1
491 495 -2
491 496 -2
492 493 2
492 494 2
492 495 4
492 496 4
497 501 -1
497 502 4
497 503 4
497 504 2
498 501 -1
498 502 -2
498 503 2
498 504 2
499 501 4
499 502 1
499 503 4
499 504 4
500 501 4
500 502 1
500 503 4
500 504 4
505 509 -1
505 510 -2
505 511 1
505 512 4
506 509 4
506 510 -2
506 511 2
506 512 2
507 509 -4
507 510 -4
507 511 -1
507 512 -1
508 509 -1
508 510 -4
508 511 1
508 512 -2
5 13 -1
6 14 4
7 15 4
8 16 4
13 21 4
14 22 -2
15 23 -1
16 24 4
21 29 4
22 30 -4
23 31 1
24 32 4
29 37 2
30 38 4
31 39 -2
32 40 -1
37 45 -2
38 46 -2
39 47 -2
40 48 -4
45 53 -2
46 54 4
47 55 -4
48 56 -4
53 61 1
54 62 -1
55 63 1
56 64 -1
69 77 2
70 78 1
71 79 4
72 80 -1
77 85 1
78 86 -4
79 87 -2
80 88 -2
85 93 -1
86 94 -2
87 95 -4
88 96 1
93 101 -2
94 102 1
95 103 2
96 104 -2
101 109 -1
102 110 -4
103 111 2
104 112 1
109 117 -1
110 118 -4
111 119 -4
112 120 -2
117 125 -4
118 126 -1
119 127 -2
120 128 -1
133 141 -1
134 142 4
135 143 2
136 144 1
141 149 -1
142 150 -4
143 151 4
144 152 -4
149 157 1
150 158 -2
151 159 -2
152 160 -4
157 165 -1
158 166 -2
159 167 2
160 168 2
165 173 4
166 174 4
167 175 1
168 176 -2
173 181 2
174 182 1
175 183 -2
176 184 1
181 189 -4
182 190 1
183 191 -2
184 192 2
197 205 -4
198 206 -4
199 207 -4
200 208 -2
205 213 4
206 214 -1
207 215 -2
208 216 4
213 221 2
214 222 2
215 223 -1
216 224 -4
221 229 -4
222 230 -1
223 231 -2
224 232 2
229 237 -4
230 238 -2
231 239 1
232 240 4
237 245 -1
238 246 1
239 247 2
240 248 2
245 253 -4
246 254 1
247 255 -1
248 256 -1
261 269 4
262 270 -2
263 271 4
264 272 -2
269 277 -4
270 278 -4
271 279 1
272 280 -1
277 285 1
278 286 1
279 287 2
280 288 -2
285 293 1
286 294 1
287 295 -1
288 296 -2
293 301 -2
294 302 -1
295 303 -2
296 304 2
301 309 -4
302 310 4
303 311 1
304 312 -4
309 317 -4
310 318 -1
311 319 2
312 320 -1
325 333 -4
326 334 2
327 335 -1
328 336 -1
333 341 -1
334 342 1
335 343 4
336 344 1
341 349 -4
342 350 -2
343 351 -4
344 352 -2
349 357 -2
350 358 2
351 359 -1
352 360 4
357 365 4
358 366 -2
359 367 1
360 368 -1
365 373 2
366 374 4
367 375 -4
368 376 4
373 381 4
374 382 -2
375 383 -1
376 384 1
389 397 2
390 398 -4
391 399 2
392 400 1
397 405 1
398 406 -2
399 407 -4
400 408 4
405 413 4
406 414 4
407 415 -4
408 416 1
413 421 -1
414 422 4
415 423 -1
416 424 1
421 429 -2
422 430 1
423 431 -4
424 432 -1
429 437 -2
430 438 1
431 439 2
432 440 -1
437 445 -1
438 446 4
439 447 -4
440 448 -4
453 461 -4
454 462 -4
455 463 4
456 464 1
461 469 -4
462 470 2
463 471 -1
464 472 2
469 477 4
470 478 2
471 479 -1
472 480 -4
477 485 4
478 486 -1
479 487 1
480 488 -2
485 493 1
486 494 4
487 495 -4
488 496 4
493 501 4
494 502 4
495 503 4
496 504 -4
501 509 1
502 510 -4
503 511 4
504 512 -4
1 65 -2
2 66 -2
3 67 -4
4 68 -2
65 129 2
66 130 -4
67 131 -4
68 132 1
129 193 4
130 194 1
131 195 4
132 196 -1
193 257 2
194 258 -1
195 259 4
196 260 4
257 321 -1
258 322 -1
259 323 2
260 324 4
321 385 -1
322 386 -2
323 387 -1
324 388 -1
385 449 4
386 450 -2
387 451 -2
388 452 4
9 73 -2
10 74 -2
11 75 -2
12 76 2
73 137 -1
74 138 -4
75 139 -4
76 140 4
137 201 -2
138 202 -4
139 203 2
140 204 -4
201 265 1
202 266 -4
203 267 1
204 268 4
265 329 -4
266 330 -2
267 331 1
268 332 -2
329 393 2
330 394 -1
331 395 4
332 396 -4
393 457 2
394 458 -4
395 459 -4
396 460 -4
17 81 2
18 82 4
19 83 -2
20 84 2
81 145 4
82 146 2
83 147 1
84 148 -2
145 209 -2
146 210 4
147 211 1
148 212 -1
209 273 -4
210 274 2
211 275 2
212 276 -4
273 337 -4
274 338 -1
275 339 -2
276 340 -2
337 401 1
338 402 -4
339 403 1
340 404 4
401 465 -4
402 466 1
403 467 -4
404 468 4
25 89 1
26 90 -1
27 91 1
28 92 -2
89 153 4
90 154 -1
91 155 -1
92 156 4
153 217 -1
154 218 1
155 219 -2
156 220 1
217 281 -2
218 282 -2
219 283 2
220 284 4
281 345 -2
282 346 2
283 347 2
284 348 -4
345 409 -2
346 410 -4
347 411 1
348 412 -4
409 473 2
410 474 2
411 475 -1
412 476 4
33 97 -1
34 98 2
35 99 -4
36 100 2
97 161 1
98 162 -4
99 163 1
100 164 -1
161 225 -4
162 226 2
163 227 4
164 228 -1
225 289 1
226 290 4
227 291 -1
228 292 1
289 353 -1
290 354 -4
291 355 -2
292 356 2
353 417 -4
354 418 -1
355 419 -4
356 420 -4
417 481 -2
418 482 -4
419 483 -2
420 484 4
41 105 4
42 106 4
43 107 2
44 108 4
105 169 2
106 170 -2
107 171 1
108 172 -4
169 233 2
170 234 4
171 235 -4
172 236 -4
233 297 4
234 298 1
235 299 -1
236 300 -2
297 361 -4
298 362 -1
299 363 1
300 364 4
361 425 -2
362 426 -4
363 427 2
364 428 -1
425 489 4
426 490 2
427 491 -2
428 492 -2
49 113 -4
50 114 -2
51 115 -1
52 116 -2
113 177 -1
114 178 2
115 179 -4
116 180 -1
177 241 4
178 242 -2
179 243 -4
180 244 -1
241 305 4
242 306 4
243 307 2
244 308 -4
305 369 -4
306 370 -4
307 371 2
308 372 4
369 433 -1
370 434 -2
371 435 -1
372 436 -1
433 497 1
434 498 2
435 499 2
436 500 4
57 121 -1
58 122 -4
59 123 2
60 124 -2
121 185 1
122 186 -2
123 187 2
124 188 2
185 249 2
186 250 -4
187 251 -4
188 252 -2
249 313 -4
250 314 4
251 315 2
252 316 4
313 377 -4
314 378 -2
315 379 -1
316 380 1
377 441 -1
378 442 1
379 443 1
380 444 -2
441 505 -1
442 506 1
443 507 4
444 508 -4
