#
1 5 -1
1 6 -1
1 7 2
1 8 -2
2 5 4
2 6 -2
2 7 -4
2 8 -2
3 5 -2
3 6 2
3 7 -1
3 8 2
4 5 -1
4 6 -4
4 7 2
4 8 1
9 13 -4
9 14 -4
9 15 4
9 16 2
10 13 -4
10 14 4
10 15 -1
10 16 4
11 13 -1
11 14 1
11 15 -2
11 16 2
12 13 2
12 14 -2
12 15 2
12 16 4
17 21 -1
17 22 4
17 23 2
17 24 -1
18 21 -4
18 22 1
18 23 1
18 24 1
19 21 -1
19 22 -2
19 23 4
19 24 2
20 21 -4
20 22 -2
20 23 -4
20 24 1
25 29 -4
25 30 2
25 31 -2
25 32 2
26 29 1
26 30 2
26 31 -4
26 32 1
27 29 2
27 30 -2
27 31 4
27 32 1
28 29 -1
28 30 -1
28 31 -4
28 32 -1
33 37 2
33 38 1
33 39 -1
33 40 2
34 37 4
34 38 2
34 39 -2
34 40 2
35 37 2
35 38 -1
35 39 2
35 40 4
36 37 1
36 38 -4
36 39 2
36 40 1
41 45 2
41 46 -1
41 47 4
41 48 2
42 45 1
42 46 1
42 47 -2
42 48 1
43 45 4
43 46 -2
43 47 1
43 48 -4
44 45 1
44 46 -2
44 47 -1
44 48 4
49 53 -2
49 54 4
49 55 -4
49 56 2
50 53 -1
50 54 -4
50 55 -4
50 56 2
51 53 1
51 54 2
51 55 2
51 56 2
52 53 4
52 54 4
52 55 1
52 56 -1
57 61 -2
57 62 -2
57 63 -2
57 64 4
58 61 -1
58 62 1
58 63 -2
58 64 -4
59 61 1
59 62 1
59 63 -1
59 64 -2
60 61 1
60 62 2
60 63 -1
60 64 1
65 69 2
65 70 1
65 71 2
65 72 1
66 69 -1
66 70 -1
66 71 1
66 72 -1
67 69 4
67 70 -1
67 71 4
67 72 -2
68 69 -2
68 70 1
68 71 2
68 72 4
73 77 -2
73 78 -2
73 79 4
73 80 4
74 77 4
74 78 1
74 79 1
74 80 -4
75 77 -2
75 78 -1
75 79 4
75 80 -1
76 77 1
76 78 -1
76 79 1
76 80 -2
81 85 1
81 86 4
81 87 1
81 88 1
82 85 2
82 86 -2
82 87 1
82 88 4
83 85 -1
83 86 2
83 87 1
83 88 4
84 85 1
84 86 4
84 87 -2
84 88 -1
89 93 -4
89 94 -4
89 95 1
89 96 -2
90 93 2
90 94 1
90 95 -2
90 96 -2
91 93 -1
91 94 -2
91 95 1
91 96 -1
92 93 -4
92 94 1
92 95 1
92 96 4
97 101 -4
97 102 1
97 103 -4
97 104 -1
98 101 -4
98 102 4
98 103 4
98 104 1
99 101 4
99 102 -2
99 103 -2
99 104 -1
100 101 -2
100 102 -1
100 103 4
100 104 4
105 109 4
105 110 -1
105 111 2
105 112 2
106 109 1
106 110 2
106 111 -4
106 112 1
107 109 -1
107 110 -2
107 111 -2
107 112 -4
108 109 -1
108 110 4
108 111 -4
108 112 -4
113 117 1
113 118 -1
113 119 4
113 120 1
114 117 -4
114 118 2
114 119 -1
114 120 4
115 117 4
115 118 -2
115 119 -4
115 120 2
116 117 -2
116 118 1
116 119 1
116 120 -2
121 125 1
121 126 -2
121 127 -2
121 128 2
122 125 2
122 126 4
122 127 2
122 128 -2
123 125 1
123 126 -1
123 127 -1
123 128 -2
124 125 1
124 126 2
124 127 2
124 128 4
129 133 2
129 134 4
129 135 4
129 136 2
130 133 4
130 134 -4
130 135 4
130 136 1
131 133 2
131 134 4
131 135 -4
131 136 -4
132 133 -4
132 134 2
132 135 4
132 136 1
137 141 1
137 142 -4
137 143 -4
137 144 -1
138 141 -1
138 142 -2
138 143 -2
138 144 4
139 141 -1
139 142 -4
139 143 -4
139 144 4
140 141 -4
140 142 4
140 143 -2
140 144 1
145 149 1
145 150 -4
145 151 4
145 152 -2
146 149 4
146 150 1
146 151 2
146 152 1
147 149 2
147 150 -1
147 151 4
147 152 2
148 149 4
148 150 -2
148 151 1
148 152 -2
153 157 -1
153 158 2
153 159 -1
153 160 -2
154 157 -1
154 158 4
154 159 -1
154 160 1
155 157 -2
155 158 -4
155 159 4
155 160 -1
156 157 -4
156 158 -1
156 159 4
156 160 4
161 165 4
161 166 -1
161 167 -2
161 168 1
162 165 -2
162 166 -4
162 167 2
162 168 -4
163 165 -1
163 166 2
163 167 -4
163 168 4
164 165 1
164 166 -4
164 167 -2
164 168 -1
169 173 4
169 174 -4
169 175 -4
169 176 -4
170 173 -2
170 174 4
170 175 -4
170 176 -1
171 173 1
171 174 2
171 175 -4
171 176 -1
172 173 -1
172 174 4
172 175 -2
172 176 -1
177 181 -4
177 182 -4
177 183 -4
177 184 -1
178 181 -2
178 182 2
178 183 -1
178 184 2
179 181 -1
179 182 1
179 183 -4
179 184 -2
180 181 2
180 182 1
180 183 -2
180 184 1
185 189 -4
185 190 -4
185 191 1
185 192 -4
186 189 -1
186 190 -2
186 191 2
186 192 4
187 189 -1
187 190 -4
187 191 4
187 192 -1
188 189 4
188 190 2
188 191 -1
188 192 -2
193 197 -1
193 198 -4
193 199 -2
193 200 -4
194 197 1
194 198 2
194 199 -1
194 200 -1
195 197 -2
195 198 -2
195 199 2
195 200 -2
196 197 2
196 198 2
196 199 -2
196 200 2
201 205 4
201 206 -2
201 207 -1
201 208 -1
202 205 1
202 206 -4
202 207 4
202 208 4
203 205 -2
203 206 -4
203 207 2
203 208 -4
204 205 -4
204 206 -2
204 207 -4
204 208 2
209 213 4
209 214 4
209 215 4
209 216 2
210 213 -4
210 214 -4
210 215 2
210 216 4
211 213 -4
211 214 4
211 215 -1
211 216 2
212 213 1
212 214 -2
212 215 -2
212 216 -1
217 221 4
217 222 -2
217 223 -1
217 224 -1
218 221 -2
218 222 -2
218 223 -4
218 224 -4
219 221 -4
219 222 2
219 223 1
219 224 -4
220 221 4
220 222 4
220 223 -1
220 224 -1
225 229 -4
225 230 2
225 231 4
225 232 2
226 229 1
226 230 -1
226 231 4
226 232 -4
227 229 2
227 230 2
227 231 -2
227 232 4
228 229 -2
228 230 4
228 231 1
228 232 4
233 237 4
233 238 1
233 239 -4
233 240 -2
234 237 -1
234 238 -4
234 239 -4
234 240 1
235 237 -2
235 238 1
235 239 1
235 240 -4
236 237 -1
236 238 -1
236 239 -1
236 240 4
241 245 -4
241 246 4
241 247 1
241 248 -2
242 245 -2
242 246 2
242 247 -1
242 248 -2
243 245 4
243 246 1
243 247 2
243 248 4
244 245 2
244 246 -4
244 247 1
244 248 -4
249 253 4
249 254 4
249 255 -1
249 256 -1
250 253 2
250 254 -2
250 255 2
250 256 1
251 253 -2
251 254 2
251 255 -2
251 256 -2
252 253 -1
252 254 1
252 255 1
252 256 1
257 261 2
257 262 -2
257 263 4
257 264 -1
258 261 1
258 262 -1
258 263 -2
258 264 -2
259 261 -1
259 262 2
259 263 2
259 264 -2
260 261 4
260 262 2
260 263 -1
260 264 4
265 269 -4
265 270 -2
265 271 -2
265 272 1
266 269 -4
266 270 -2
266 271 -4
266 272 1
267 269 1
267 270 -4
267 271 -2
267 272 -4
268 269 1
268 270 -4
268 271 2
268 272 1
273 277 1
273 278 -2
273 279 1
273 280 -4
274 277 -2
274 278 2
274 279 4
274 280 -1
275 277 2
275 278 -4
275 279 4
275 280 -4
276 277 2
276 278 4
276 279 -1
276 280 -4
281 285 4
281 286 2
281 287 4
281 288 -1
282 285 -2
282 286 4
282 287 -1
282 288 -1
283 285 2
283 286 -2
283 287 -4
283 288 1
284 285 2
284 286 -2
284 287 1
284 288 4
289 293 -4
289 294 4
289 295 -1
289 296 -4
290 293 -4
290 294 -4
290 295 1
290 296 -1
291 293 -1
291 294 2
291 295 1
291 296 -4
292 293 -4
292 294 -2
292 295 4
292 296 1
297 301 4
297 302 -1
297 303 -2
297 304 1
298 301 -1
298 302 -2
298 303 -1
298 304 2
299 301 2
299 302 -2
299 303 -2
299 304 2
300 301 2
300 302 -4
300 303 4
300 304 2
305 309 2
305 310 2
305 311 -2
305 312 1
306 309 1
306 310 -1
306 311 1
306 312 -4
307 309 1
307 310 -1
307 311 -1
307 312 -4
308 309 -2
308 310 4
308 311 -1
308 312 -1
313 317 -1
313 318 1
313 319 4
313 320 -1
314 317 -2
314 318 2
314 319 -2
314 320 2
315 317 4
315 318 1
315 319 -1
315 320 -4
316 317 2
316 318 -2
316 319 -2
316 320 -1
321 325 2
321 326 2
321 327 -1
321 328 2
322 325 -1
322 326 -4
322 327 -1
322 328 4
323 325 -2
323 326 1
323 327 1
323 328 4
324 325 1
324 326 2
324 327 -2
324 328 2
329 333 -4
329 334 4
329 335 -2
329 336 2
330 333 4
330 334 4
330 335 -4
330 336 1
331 333 -4
331 334 1
331 335 2
331 336 -4
332 333 4
332 334 -4
332 335 1
332 336 2
337 341 4
337 342 -1
337 343 -2
337 344 4
338 341 -4
338 342 -4
338 343 -2
338 344 -1
339 341 -4
339 342 4
339 343 -1
339 344 -1
340 341 2
340 342 -1
340 343 -1
340 344 -4
345 349 -2
345 350 -4
345 351 4
345 352 2
346 349 -2
346 350 -2
346 351 2
346 352 4
347 349 1
347 350 -2
347 351 -1
347 352 -2
348 349 4
348 350 -1
348 351 1
348 352 -4
353 357 1
353 358 1
353 359 2
353 360 -1
354 357 -4
354 358 -4
354 359 4
354 360 4
355 357 4
355 358 2
355 359 4
355 360 4
356 357 -4
356 358 -4
356 359 -4
356 360 4
361 365 1
361 366 -4
361 367 -1
361 368 1
362 365 1
362 366 -4
362 367 1
362 368 1
363 365 -1
363 366 4
363 367 -2
363 368 4
364 365 -1
364 366 2
364 367 -2
364 368 2
369 373 -2
369 374 4
369 375 1
369 376 -4
370 373 -4
370 374 -2
370 375 1
370 376 4
371 373 -4
371 374 2
371 375 4
371 376 4
372 373 4
372 374 2
372 375 -1
372 376 -2
377 381 4
377 382 4
377 383 2
377 384 -1
378 381 -2
378 382 1
378 383 -1
378 384 1
379 381 4
379 382 2
379 383 -1
379 384 -2
380 381 -2
380 382 -1
380 383 -4
380 384 -4
385 389 4
385 390 1
385 391 1
385 392 2
386 389 -1
386 390 4
386 391 4
386 392 4
387 389 1
387 390 -1
387 391 1
387 392 4
388 389 -4
388 390 -1
388 391 2
388 392 -1
393 397 1
393 398 2
393 399 -2
393 400 4
394 397 4
394 398 -4
394 399 1
394 400 1
395 397 4
395 398 2
395 399 1
395 400 2
396 397 4
396 398 2
396 399 -4
396 400 -1
401 405 -4
401 406 -2
401 407 4
401 408 -2
402 405 4
402 406 -1
402 407 -1
402 408 -2
403 405 -4
403 406 -2
403 407 2
403 408 -4
404 405 -2
404 406 -4
404 407 -1
404 408 1
409 413 4
409 414 -1
409 415 -2
409 416 1
410 413 2
410 414 -1
410 415 -4
410 416 2
411 413 -4
411 414 -2
411 415 -4
411 416 -1
412 413 1
412 414 -1
412 415 2
412 416 4
417 421 -1
417 422 -4
417 423 2
417 424 1
418 421 4
418 422 1
418 423 4
418 424 4
419 421 -4
419 422 -2
419 423 1
419 424 -2
420 421 -4
420 422 1
420 423 -1
420 424 1
425 429 -4
425 430 -1
425 431 -2
425 432 -2
426 429 1
426 430 4
426 431 -4
426 432 -4
427 429 1
427 430 2
427 431 -1
427 432 2
428 429 -4
428 430 -2
428 431 4
428 432 -4
433 437 1
433 438 -2
433 439 -1
433 440 -1
434 437 -2
434 438 -4
434 439 2
434 440 4
435 437 -4
435 438 -1
435 439 4
435 440 -1
436 437 1
436 438 4
436 439 4
436 440 4
441 445 2
441 446 4
441 447 -1
441 448 4
442 445 4
442 446 4
442 447 -4
442 448 1
443 445 -2
443 446 -1
443 447 4
443 448 4
444 445 2
444 446 -2
444 447 2
444 448 -1
449 453 2
449 454 -4
449 455 2
449 456 2
450 453 -1
450 454 -2
450 455 2
450 456 4
451 453 1
451 454 -1
451 455 -2
451 456 4
452 453 -1
452 454 -1
452 455 2
452 456 -2
457 461 4
457 462 1
457 463 4
457 464 -2
458 461 -4
458 462 2
458 463 -1
458 464 -4
459 461 2
459 462 4
459 463 -2
459 464 1
460 461 -4
460 462 -1
460 463 -4
460 464 1
465 469 -4
465 470 4
465 471 -1
465 472 -4
466 469 4
466 470 1
466 471 -2
466 472 -4
467 469 -1
467 470 -1
467 471 1
467 472 1
468 469 2
468 470 1
468 471 -1
468 472 4
473 477 -4
473 478 2
473 479 4
473 480 -1
474 477 -1
474 478 4
474 479 -2
474 480 -4
475 477 1
475 478 -4
475 479 -4
475 480 -4
476 477 2
476 478 -4
476 479 -4
476 480 1
481 485 4
481 486 4
481 487 -1
481 488 -4
482 485 2
482 486 1
482 487 -4
482 488 1
483 485 -1
483 486 -4
483 487 2
483 488 4
484 485 -2
484 486 4
484 487 4
484 488 -4
489 493 -4
489 494 -4
489 495 1
489 496 -4
490 493 -4
490 494 2
490 495 -2
490 496 2
491 493 2
491 494 4
491 495 -4
491 496 2
492 493 2
492 494 1
492 495 -2
492 496 4
497 501 -1
497 502 2
497 503 -2
497 504 4
498 501 4
498 502 2
498 503 1
498 504 -2
499 501 2
499 502 1
499 503 -2
499 504 -2
500 501 -2
500 502 4
500 503 1
500 504 4
505 509 4
505 510 -2
505 511 -2
505 512 4
506 509 2
506 510 1
506 511 1
506 512 -1
507 509 -2
507 510 4
507 511 -1
507 512 4
508 509 2
508 510 -2
508 511 2
508 512 -2
5 13 -2
6 14 -4
7 15 -2
8 16 4
13 21 -1
14 22 1
15 23 -4
16 24 2
21 29 -4
22 30 2
23 31 -4
24 32 -2
29 37 -2
30 38 1
31 39 4
32 40 4
37 45 1
38 46 -1
39 47 -4
40 48 -4
45 53 1
46 54 -2
47 55 4
48 56 4
53 61 -1
54 62 -4
55 63 -4
56 64 1
69 77 4
70 78 -4
71 79 -1
72 80 1
77 85 1
78 86 -1
79 87 -1
80 88 1
85 93 -4
86 94 2
87 95 2
88 96 4
93 101 -1
94 102 4
95 103 4
96 104 1
101 109 -1
102 110 -1
103 111 -1
104 112 1
109 117 -1
110 118 4
111 119 -1
112 120 4
117 125 -4
118 126 -2
119 127 -4
120 128 4
133 141 2
134 142 1
135 143 2
136 144 -1
141 149 -1
142 150 4
143 151 2
144 152 1
149 157 2
150 158 -4
151 159 -4
152 160 4
157 165 -4
158 166 -2
159 167 4
160 168 1
165 173 -2
166 174 -2
167 175 -2
168 176 -2
173 181 -2
174 182 -2
175 183 1
176 184 4
181 189 2
182 190 -2
183 191 2
184 192 -4
197 205 -4
198 206 -2
199 207 -1
200 208 2
205 213 2
206 214 1
207 215 1
208 216 -1
213 221 4
214 222 2
215 223 2
216 224 -2
221 229 -1
222 230 -1
223 231 4
224 232 -2
229 237 -2
230 238 -4
231 239 -2
232 240 2
237 245 4
238 246 2
239 247 4
240 248 4
245 253 4
246 254 -2
247 255 -2
248 256 -4
261 269 -2
262 270 1
263 271 -4
264 272 -2
269 277 4
270 278 -4
271 279 -1
272 280 -1
277 285 4
278 286 -2
279 287 4
280 288 2
285 293 4
286 294 1
287 295 -2
288 296 4
293 301 4
294 302 -4
295 303 2
296 304 4
301 309 4
302 310 -4
303 311 4
304 312 -2
309 317 -1
310 318 -4
311 319 -2
312 320 2
325 333 -2
326 334 -2
327 335 1
328 336 -2
333 341 2
334 342 2
335 343 -4
336 344 -2
341 349 -4
342 350 1
343 351 -1
344 352 -1
349 357 -2
350 358 -2
351 359 -4
352 360 2
357 365 -4
358 366 -2
359 367 -4
360 368 2
365 373 4
366 374 -4
367 375 -2
368 376 -2
373 381 -2
374 382 2
375 383 -4
376 384 2
389 397 -4
390 398 -1
391 399 -1
392 400 1
397 405 1
398 406 -2
399 407 1
400 408 -4
405 413 1
406 414 -1
407 415 2
408 416 -1
413 421 -1
414 422 -4
415 423 -4
416 424 1
421 429 -2
422 430 4
423 431 -4
424 432 -1
429 437 1
430 438 -2
431 439 -2
432 440 1
437 445 -4
438 446 4
439 447 -1
440 448 1
453 461 1
454 462 -1
455 463 2
456 464 1
461 469 -4
462 470 -1
463 471 1
464 472 2
469 477 -2
470 478 1
471 479 4
472 480 1
477 485 -4
478 486 2
479 487 -4
480 488 2
485 493 -2
486 494 2
487 495 1
488 496 2
493 501 4
494 502 2
495 503 2
496 504 -1
501 509 -4
502 510 2
503 511 2
504 512 1
1 65 -4
2 66 -4
3 67 -4
4 68 -4
65 129 -2
66 130 2
67 131 4
68 132 -4
129 193 -2
130 194 4
131 195 1
132 196 2
193 257 4
194 258 4
195 259 2
196 260 2
257 321 -2
258 322 4
259 323 -2
260 324 -2
321 385 -1
322 386 -1
323 387 -2
324 388 -4
385 449 1
386 450 -1
387 451 -1
388 452 2
9 73 -4
10 74 -4
11 75 4
12 76 1
73 137 -1
74 138 -2
75 139 -4
76 140 4
137 201 -2
138 202 -4
139 203 -1
140 204 -4
201 265 1
202 266 1
203 267 -4
204 268 -4
265 329 -1
266 330 2
267 331 1
268 332 2
329 393 -1
330 394 1
331 395 1
332 396 1
393 457 2
394 458 -4
395 459 -4
396 460 -1
17 81 1
18 82 -2
19 83 -2
20 84 4
81 145 -4
82 146 2
83 147 -4
84 148 -4
145 209 -4
146 210 1
147 211 -2
148 212 -4
209 273 2
210 274 1
211 275 4
212 276 -4
273 337 -1
274 338 4
275 339 4
276 340 1
337 401 -4
338 402 -2
339 403 -2
340 404 -2
401 465 1
402 466 1
403 467 -4
404 468 4
25 89 -1
26 90 -4
27 91 4
28 92 1
89 153 2
90 154 4
91 155 1
92 156 2
153 217 1
154 218 -4
155 219 -2
156 220 4
217 281 -2
218 282 2
219 283 4
220 284 -4
281 345 1
282 346 2
283 347 2
284 348 4
345 409 -2
346 410 -4
347 411 -4
348 412 -4
409 473 -2
410 474 -1
411 475 2
412 476 4
33 97 4
34 98 -4
35 99 -2
36 100 -1
97 161 -4
98 162 4
99 163 -2
100 164 1
161 225 -2
162 226 2
163 227 2
164 228 -1
225 289 2
226 290 -1
227 291 2
228 292 4
289 353 -1
290 354 -4
291 355 2
292 356 -4
353 417 4
354 418 2
355 419 2
356 420 2
417 481 -4
418 482 -1
419 483 4
420 484 2
41 105 2
42 106 2
43 107 -1
44 108 4
105 169 2
106 170 2
107 171 -1
108 172 2
169 233 1
170 234 1
171 235 -2
172 236 -1
233 297 -2
234 298 -2
235 299 -2
236 300 -2
297 361 -4
298 362 -2
299 363 2
300 364 1
361 425 1
362 426 4
363 427 2
364 428 -2
425 489 -2
426 490 1
427 491 -4
428 492 1
49 113 -1
50 114 -4
51 115 -4
52 116 1
113 177 -1
114 178 -1
115 179 2
116 180 -1
177 241 1
178 242 -1
179 243 -2
180 244 2
241 305 -2
242 306 2
243 307 2
244 308 -4
305 369 2
306 370 1
307 371 -1
308 372 -1
369 433 -4
370 434 -4
371 435 -2
372 436 -2
433 497 2
434 498 2
435 499 4
436 500 4
57 121 -2
58 122 1
59 123 -1
60 124 2
121 185 -1
122 186 -2
123 187 -1
124 188 4
185 249 1
186 250 -1
187 251 4
188 252 -4
249 313 2
250 314 -1
251 315 -2
252 316 4
313 377 -2
314 378 2
315 379 -1
316 380 -4
377 441 4
378 442 -4
379 443 -1
380 444 1
441 505 4
442 506 2
443 507 1
444 508 -4
