#
1 5 1
1 6 1
1 7 -2
1 8 -4
2 5 2
2 6 2
2 7 -2
2 8 1
3 5 2
3 6 -2
3 7 -4
3 8 2
4 5 -1
4 6 2
4 7 2
4 8 -2
9 13 -4
9 14 -1
9 15 -2
9 16 4
10 13 -2
10 14 -4
10 15 -2
10 16 1
11 13 -4
11 14 1
11 15 -2
11 16 -2
12 13 1
12 14 -1
12 15 -1
12 16 1
17 21 4
17 22 1
17 23 2
17 24 2
18 21 -2
18 22 -1
18 23 -4
18 24 -1
19 21 -4
19 22 -4
19 23 -1
19 24 1
20 21 1
20 22 2
20 23 4
20 24 -1
25 29 2
25 30 2
25 31 -1
25 32 2
26 29 4
26 30 4
26 31 -4
26 32 1
27 29 -2
27 30 -4
27 31 4
27 32 1
28 29 2
28 30 1
28 31 4
28 32 -1
33 37 -1
33 38 2
33 39 2
33 40 1
34 37 4
34 38 1
34 39 4
34 40 2
35 37 1
35 38 4
35 39 2
35 40 1
36 37 -4
36 38 2
36 39 4
36 40 1
41 45 1
41 46 -4
41 47 2
41 48 -2
42 45 2
42 46 -1
42 47 -4
42 48 4
43 45 -2
43 46 2
43 47 -2
43 48 -1
44 45 -2
44 46 2
44 47 -4
44 48 4
49 53 1
49 54 2
49 55 4
49 56 2
50 53 4
50 54 1
50 55 4
50 56 -1
51 53 -2
51 54 2
51 55 -4
51 56 1
52 53 2
52 54 2
52 55 4
52 56 -4
57 61 -1
57 62 -4
57 63 -2
57 64 1
58 61 4
58 62 2
58 63 -2
58 64 2
59 61 1
59 62 1
59 63 4
59 64 2
60 61 -2
60 62 -2
60 63 4
60 64 2
65 69 -1
65 70 1
65 71 1
65 72 -2
66 69 -2
66 70 -1
66 71 2
66 72 -4
67 69 1
67 70 2
67 71 2
67 72 -4
68 69 4
68 70 -4
68 71 2
68 72 -2
73 77 4
73 78 -4
73 79 -1
73 80 -4
74 77 -2
74 78 -4
74 79 2
74 80 1
75 77 4
75 78 1
75 79 -2
75 80 1
76 77 -2
76 78 -2
76 79 2
76 80 1
81 85 2
81 86 -4
81 87 2
81 88 -2
82 85 4
82 86 2
82 87 -2
82 88 4
83 85 4
83 86 1
83 87 1
83 88 -2
84 85 -4
84 86 -2
84 87 2
84 88 4
89 93 2
89 94 4
89 95 1
89 96 -1
90 93 -1
90 94 1
90 95 -1
90 96 4
91 93 -1
91 94 -1
91 95 4
91 96 2
92 93 -4
92 94 1
92 95 -4
92 96 4
97 101 2
97 102 -4
97 103 -4
97 104 1
98 101 2
98 102 4
98 103 -2
98 104 2
99 101 4
99 102 -1
99 103 4
99 104 2
100 101 4
100 102 -2
100 103 -2
100 104 1
105 109 1
105 110 1
105 111 -4
105 112 1
106 109 4
106 110 -1
106 111 2
106 112 -1
107 109 -1
107 110 -1
107 111 -2
107 112 2
108 109 -1
108 110 1
108 111 2
108 112 4
113 117 1
113 118 -1
113 119 4
113 120 -2
114 117 1
114 118 -4
114 119 -1
114 120 -2
115 117 -4
115 118 -2
115 119 -2
115 120 -1
116 117 1
116 118 -2
116 119 4
116 120 2
121 125 4
121 126 2
121 127 1
121 128 1
122 125 -2
122 126 -2
122 127 2
122 128 1
123 125 1
123 126 -4
123 127 -2
123 128 -4
124 125 2
124 126 -4
124 127 4
124 128 -2
129 133 -2
129 134 -4
129 135 2
129 136 1
130 133 4
130 134 4
130 135 -2
130 136 1
131 133 4
131 134 -2
131 135 -4
131 136 1
132 133 4
132 134 4
132 135 -2
132 136 2
137 141 -2
137 142 4
137 143 -2
137 144 -4
138 141 -1
138 142 2
138 143 -1
138 144 1
139 141 -4
139 142 4
139 143 4
139 144 -1
140 141 2
140 142 1
140 143 2
140 144 4
145 149 2
145 150 1
145 151 -4
145 152 1
146 149 2
146 150 1
146 151 -1
146 152 4
147 149 1
147 150 4
147 151 4
147 152 1
148 149 -4
148 150 -2
148 151 4
148 152 2
153 157 -2
153 158 1
153 159 1
153 160 1
154 157 -4
154 158 1
154 159 -4
154 160 4
155 157 -1
155 158 -4
155 159 -4
155 160 -2
156 157 -1
156 158 -2
156 159 -4
156 160 4
161 165 4
161 166 1
161 167 -2
161 168 -4
162 165 1
162 166 -4
162 167 -4
162 168 -1
163 165 -4
163 166 1
163 167 -2
163 168 1
164 165 -4
164 166 -4
164 167 -2
164 168 -1
169 173 1
169 174 1
169 175 2
169 176 1
170 173 4
170 174 -4
170 175 -4
170 176 4
171 173 4
171 174 -1
171 175 2
171 176 -1
172 173 -2
172 174 1
172 175 -2
172 176 -4
177 181 -2
177 182 2
177 183 -4
177 184 2
178 181 -4
178 182 1
178 183 1
178 184 1
179 181 -4
179 182 -4
179 183 -1
179 184 1
180 181 1
180 182 2
180 183 -1
180 184 4
185 189 1
185 190 2
185 191 -4
185 192 -1
186 189 2
186 190 -1
186 191 1
186 192 -2
187 189 4
187 190 -2
187 191 -4
187 192 1
188 189 2
188 190 2
188 191 2
188 192 -2
193 197 4
193 198 -2
193 199 -4
193 200 1
194 197 -1
194 198 4
194 199 -4
194 200 -2
195 197 -2
195 198 -1
195 199 -2
195 200 2
196 197 2
196 198 -2
196 199 -1
196 200 1
201 205 -2
201 206 -1
201 207 -1
201 208 -2
202 205 -4
202 206 -1
202 207 2
202 208 -4
203 205 1
203 206 -2
203 207 -1
203 208 -2
204 205 2
204 206 -2
204 207 -2
204 208 1
209 213 -1
209 214 2
209 215 1
209 216 -1
210 213 2
210 214 -4
210 215 -2
210 216 4
211 213 -4
211 214 2
211 215 4
211 216 -2
212 213 1
212 214 2
212 215 -1
212 216 4
217 221 1
217 222 -4
217 223 -1
217 224 -1
218 221 -1
218 222 4
218 223 -1
218 224 -2
219 221 1
219 222 4
219 223 -4
219 224 4
220 221 1
220 222 -1
220 223 -4
220 224 -2
225 229 -2
225 230 1
225 231 -4
225 232 1
226 229 1
226 230 -1
226 231 -4
226 232 -1
227 229 2
227 230 -4
227 231 -1
227 232 4
228 229 -2
228 230 -4
228 231 4
228 232 -2
233 237 -2
233 238 2
233 239 2
233 240 4
234 237 -1
234 238 -1
234 239 1
234 240 -2
235 237 2
235 238 4
235 239 4
235 240 4
236 237 1
236 238 2
236 239 4
236 240 -1
241 245 4
241 246 -2
241 247 -4
241 248 2
242 245 -2
242 246 -4
242 247 1
242 248 -4
243 245 -2
243 246 4
243 247 2
243 248 4
244 245 2
244 246 -1
244 247 -2
244 248 -1
249 253 2
249 254 2
249 255 -2
249 256 1
250 253 -1
250 254 1
250 255 -2
250 256 -2
251 253 4
251 254 -2
251 255 2
251 256 1
252 253 4
252 254 2
252 255 -2
252 256 -2
257 261 -1
257 262 1
257 263 -4
257 264 -4
258 261 2
258 262 -4
258 263 4
258 264 -1
259 261 4
259 262 2
259 263 -4
259 264 2
260 261 4
260 262 -4
260 263 4
260 264 4
265 269 -2
265 270 -1
265 271 2
265 272 -2
266 269 -1
266 270 -2
266 271 -1
266 272 4
267 269 -4
267 270 -1
267 271 -4
267 272 -2
268 269 4
268 270 -2
268 271 -2
268 272 -4
273 277 2
273 278 4
273 279 1
273 280 -4
274 277 2
274 278 -2
274 279 1
274 280 -4
275 277 -4
275 278 4
275 279 -2
275 280 -1
276 277 -1
276 278 -4
276 279 2
276 280 -1
281 285 -1
281 286 -2
281 287 2
281 288 1
282 285 2
282 286 -1
282 287 -4
282 288 -4
283 285 -4
283 286 -1
283 287 -1
283 288 -4
284 285 -1
284 286 4
284 287 -1
284 288 4
289 293 1
289 294 2
289 295 -1
289 296 -4
290 293 -4
290 294 -2
290 295 -2
290 296 -4
291 293 -1
291 294 1
291 295 2
291 296 1
292 293 2
292 294 4
292 295 -2
292 296 4
297 301 4
297 302 -1
297 303 2
297 304 1
298 301 2
298 302 -1
298 303 -1
298 304 1
299 301 -2
299 302 2
299 303 4
299 304 -4
300 301 -4
300 302 1
300 303 -2
300 304 2
305 309 4
305 310 -4
305 311 4
305 312 2
306 309 -2
306 310 -4
306 311 2
306 312 -4
307 309 4
307 310 1
307 311 -1
307 312 -1
308 309 4
308 310 -2
308 311 -4
308 312 2
313 317 -2
313 318 4
313 319 -1
313 320 -4
314 317 -4
314 318 -2
314 319 1
314 320 -1
315 317 -1
315 318 2
315 319 1
315 320 4
316 317 4
316 318 -4
316 319 -1
316 320 4
321 325 4
321 326 -2
321 327 2
321 328 1
322 325 4
322 326 2
322 327 4
322 328 -1
323 325 1
323 326 -4
323 327 -2
323 328 -1
324 325 -1
324 326 2
324 327 -1
324 328 -4
329 333 1
329 334 -2
329 335 -4
329 336 -4
330 333 -1
330 334 2
330 335 -2
330 336 2
331 333 2
331 334 -1
331 335 -4
331 336 -4
332 333 -4
332 334 1
332 335 1
332 336 1
337 341 -1
337 342 1
337 343 2
337 344 4
338 341 1
338 342 -2
338 343 4
338 344 4
339 341 -2
339 342 -1
339 343 -2
339 344 -1
340 341 -4
340 342 -2
340 343 -4
340 344 4
345 349 -1
345 350 -1
345 351 -1
345 352 4
346 349 2
346 350 1
346 351 -2
346 352 2
347 349 -1
347 350 4
347 351 -1
347 352 1
348 349 2
348 350 -4
348 351 4
348 352 1
353 357 -1
353 358 2
353 359 4
353 360 2
354 357 4
354 358 1
354 359 1
354 360 1
355 357 -2
355 358 -2
355 359 2
355 360 -1
356 357 1
356 358 -1
356 359 -4
356 360 -1
361 365 4
361 366 -2
361 367 1
361 368 -2
362 365 2
362 366 4
362 367 -2
362 368 -4
363 365 1
363 366 1
363 367 -4
363 368 4
364 365 2
364 366 -2
364 367 -1
364 368 -2
369 373 -4
369 374 2
369 375 -4
369 376 -2
370 373 -4
370 374 2
370 375 -1
370 376 4
371 373 -1
371 374 2
371 375 -1
371 376 -4
372 373 -1
372 374 -4
372 375 2
372 376 1
377 381 -1
377 382 -1
377 383 1
377 384 4
378 381 -1
378 382 4
378 383 -4
378 384 2
379 381 4
379 382 2
379 383 1
379 384 -1
380 381 4
380 382 2
380 383 -2
380 384 -1
385 389 1
385 390 -4
385 391 -4
385 392 -2
386 389 2
386 390 2
386 391 4
386 392 -1
387 389 4
387 390 -1
387 391 -2
387 392 4
388 389 1
388 390 4
388 391 2
388 392 2
393 397 1
393 398 -1
393 399 1
393 400 -1
394 397 -1
394 398 4
394 399 -2
394 400 -2
395 397 -1
395 398 2
395 399 1
395 400 -1
396 397 1
396 398 2
396 399 1
396 400 -4
401 405 -2
401 406 -4
401 407 4
401 408 -2
402 405 1
402 406 4
402 407 -2
402 408 1
403 405 -4
403 406 -2
403 407 -2
403 408 -2
404 405 -2
404 406 2
404 407 2
404 408 -4
409 413 -4
409 414 4
409 415 -4
409 416 1
410 413 -1
410 414 -4
410 415 -2
410 416 4
411 413 1
411 414 -4
411 415 4
411 416 -1
412 413 4
412 414 1
412 415 -1
412 416 2
417 421 -4
417 422 -1
417 423 1
417 424 4
418 421 2
418 422 -4
418 423 1
418 424 1
419 421 2
419 422 -2
419 423 4
419 424 2
420 421 -4
420 422 4
420 423 -4
420 424 1
425 429 -2
425 430 -4
425 431 2
425 432 4
426 429 1
426 430 -2
426 431 -1
426 432 2
427 429 -4
427 430 -2
427 431 2
427 432 -2
428 429 2
428 430 4
428 431 4
428 432 1
433 437 -1
433 438 -4
433 439 4
433 440 2
434 437 1
434 438 -1
434 439 4
434 440 -1
435 437 1
435 438 -4
435 439 4
435 440 -1
436 437 4
436 438 -1
436 439 -4
436 440 -1
441 445 -4
441 446 -4
441 447 -2
441 448 -4
442 445 4
442 446 1
442 447 -1
442 448 -4
443 445 -1
443 446 -2
443 447 4
443 448 -4
444 445 1
444 446 -1
444 447 1
444 448 4
449 453 4
449 454 4
449 455 2
449 456 4
450 453 -2
450 454 1
450 455 2
450 456 4
451 453 1
451 454 4
451 455 2
451 456 -4
452 453 -4
452 454 -1
452 455 1
452 456 -1
457 461 -1
457 462 4
457 463 -4
457 464 -2
458 461 4
458 462 4
458 463 2
458 464 -4
459 461 1
459 462 -4
459 463 4
459 464 -1
460 461 4
460 462 -1
460 463 1
460 464 -1
465 469 -1
465 470 -2
465 471 4
465 472 4
466 469 4
466 470 -2
466 471 -4
466 472 1
467 469 1
467 470 -4
467 471 4
467 472 -2
468 469 4
468 470 -4
468 471 -1
468 472 -2
473 477 -4
473 478 -4
473 479 1
473 480 -1
474 477 1
474 478 -1
474 479 -2
474 480 1
475 477 1
475 478 -4
475 479 -4
475 480 1
476 477 -2
476 478 -4
476 479 -2
476 480 -1
481 485 2
481 486 -4
481 487 -4
481 488 4
482 485 4
482 486 1
482 487 -2
482 488 -4
483 485 -4
483 486 -1
483 487 1
483 488 -4
484 485 -2
484 486 -2
484 487 -2
484 488 -1
489 493 -4
489 494 -2
489 495 -2
489 496 2
490 493 2
490 494 -2
490 495 -2
490 496 1
491 493 -4
491 494 4
491 495 2
491 496 -1
492 493 -1
492 494 1
492 495 4
492 496 1
497 501 1
497 502 2
497 503 -4
497 504 -1
498 501 -1
498 502 -2
498 503 2
498 504 -2
499 501 -1
499 502 4
499 503 -2
499 504 -2
500 501 2
500 502 -1
500 503 -4
500 504 -4
505 509 -4
505 510 2
505 511 -1
505 512 4
506 509 -1
506 510 2
506 511 4
506 512 -2
507 509 4
507 510 2
507 511 1
507 512 2
508 509 2
508 510 -1
508 511 -4
508 512 -1
5 13 1
6 14 4
7 15 1
8 16 1
13 21 4
14 22 4
15 23 -4
16 24 1
21 29 -2
22 30 4
23 31 -4
24 32 1
29 37 -4
30 38 1
31 39 -1
32 40 4
37 45 2
38 46 1
39 47 -2
40 48 2
45 53 -2
46 54 1
47 55 -2
48 56 1
53 61 2
54 62 -4
55 63 1
56 64 -4
69 77 1
70 78 -4
71 79 -1
72 80 -4
77 85 -1
78 86 -1
79 87 1
80 88 1
85 93 -1
86 94 -2
87 95 4
88 96 -1
93 101 4
94 102 2
95 103 1
96 104 -2
101 109 1
102 110 -1
103 111 -4
104 112 4
109 117 1
110 118 -1
111 119 4
112 120 -2
117 125 -2
118 126 4
119 127 -4
120 128 -1
133 141 1
134 142 2
135 143 4
136 144 1
141 149 4
142 150 -1
143 151 4
144 152 -4
149 157 1
150 158 2
151 159 4
152 160 -2
157 165 4
158 166 -1
159 167 4
160 168 -4
165 173 -4
166 174 -2
167 175 2
168 176 2
173 181 4
174 182 -2
175 183 1
176 184 2
181 189 1
182 190 -1
183 191 4
184 192 -2
197 205 -1
198 206 -2
199 207 -4
200 208 -2
205 213 4
206 214 4
207 215 -4
208 216 -2
213 221 -1
214 222 2
215 223 -2
216 224 -4
221 229 1
222 230 2
223 231 -1
224 232 -4
229 237 1
230 238 -2
231 239 -4
232 240 4
237 245 -2
238 246 -4
239 247 -1
240 248 -2
245 253 2
246 254 -1
247 255 4
248 256 -2
261 269 1
262 270 -4
263 271 -1
264 272 -2
269 277 -4
270 278 -4
271 279 4
272 280 -2
277 285 -4
278 286 4
279 287 4
280 288 1
285 293 4
286 294 1
287 295 1
288 296 -4
293 301 -1
294 302 -4
295 303 2
296 304 -1
301 309 2
302 310 2
303 311 -2
304 312 -2
309 317 -1
310 318 4
311 319 -1
312 320 -1
325 333 1
326 334 1
327 335 -2
328 336 4
333 341 2
334 342 2
335 343 4
336 344 -1
341 349 -1
342 350 -4
343 351 -4
344 352 -4
349 357 -2
350 358 -2
351 359 -4
352 360 2
357 365 -4
358 366 2
359 367 2
360 368 -2
365 373 1
366 374 4
367 375 1
368 376 -4
373 381 -2
374 382 1
375 383 -2
376 384 -1
389 397 -1
390 398 2
391 399 -2
392 400 4
397 405 1
398 406 4
399 407 2
400 408 -2
405 413 -4
406 414 -4
407 415 4
408 416 4
413 421 2
414 422 1
415 423 -2
416 424 1
421 429 4
422 430 -2
423 431 -4
424 432 -2
429 437 2
430 438 1
431 439 -2
432 440 -2
437 445 -2
438 446 1
439 447 1
440 448 -2
453 461 -4
454 462 -2
455 463 -4
456 464 -1
461 469 1
462 470 4
463 471 1
464 472 -1
469 477 1
470 478 1
471 479 -1
472 480 2
477 485 1
478 486 -4
479 487 1
480 488 -4
485 493 4
486 494 -2
487 495 -2
488 496 -1
493 501 2
494 502 4
495 503 -4
496 504 -4
501 509 -2
502 510 -1
503 511 -1
504 512 4
1 65 -1
2 66 2
3 67 4
4 68 -4
65 129 4
66 130 -1
67 131 4
68 132 2
129 193 1
130 194 2
131 195 -2
132 196 -2
193 257 -1
194 258 -1
195 259 1
196 260 2
257 321 -4
258 322 2
259 323 1
260 324 -2
321 385 1
322 386 4
323 387 1
324 388 -1
385 449 1
386 450 -4
387 451 -4
388 452 -4
9 73 -2
10 74 -4
11 75 4
12 76 1
73 137 1
74 138 -1
75 139 -2
76 140 2
137 201 2
138 202 -2
139 203 1
140 204 -1
201 265 -4
202 266 -2
203 267 -2
204 268 -2
265 329 -1
266 330 2
267 331 4
268 332 4
329 393 4
330 394 2
331 395 4
332 396 4
393 457 -4
394 458 -2
395 459 1
396 460 -1
17 81 -4
18 82 -2
19 83 -2
20 84 -1
81 145 1
82 146 -2
83 147 -4
84 148 -2
145 209 4
146 210 4
147 211 4
148 212 -2
209 273 2
210 274 2
211 275 2
212 276 -4
273 337 -2
274 338 1
275 339 -1
276 340 2
337 401 -1
338 402 1
339 403 4
340 404 1
401 465 1
402 466 -2
403 467 4
404 468 -2
25 89 4
26 90 1
27 91 1
28 92 1
89 153 2
90 154 1
91 155 -4
92 156 1
153 217 -2
154 218 1
155 219 -2
156 220 2
217 281 4
218 282 -1
219 283 4
220 284 -4
281 345 1
282 346 4
283 347 -4
284 348 4
345 409 2
346 410 4
347 411 -4
348 412 -1
409 473 4
410 474 -1
411 475 -4
412 476 -1
33 97 4
34 98 4
35 99 -1
36 100 -1
97 161 -4
98 162 4
99 163 1
100 164 2
161 225 2
162 226 2
163 227 -1
164 228 2
225 289 -4
226 290 -1
227 291 1
228 292 -1
289 353 -4
290 354 2
291 355 -1
292 356 4
353 417 -1
354 418 -2
355 419 1
356 420 1
417 481 -4
418 482 1
419 483 -1
420 484 -1
41 105 1
42 106 -1
43 107 1
44 108 4
105 169 -1
106 170 2
107 171 -1
108 172 1
169 233 -1
170 234 -2
171 235 -2
172 236 -1
233 297 2
234 298 -1
235 299 -4
236 300 -1
297 361 4
298 362 -2
299 363 1
300 364 4
361 425 -1
362 426 -2
363 427 4
364 428 -1
425 489 4
426 490 2
427 491 -4
428 492 -2
49 113 1
50 114 -2
51 115 1
52 116 -1
113 177 -4
114 178 -4
115 179 2
116 180 4
177 241 1
178 242 -4
179 243 1
180 244 -2
241 305 1
242 306 -1
243 307 -1
244 308 1
305 369 -4
306 370 -1
307 371 1
308 372 -2
369 433 2
370 434 -2
371 435 -1
372 436 -1
433 497 -4
434 498 -2
435 499 -1
436 500 -4
57 121 4
58 122 4
59 123 -4
60 124 1
121 185 4
122 186 -2
123 187 2
124 188 -1
185 249 2
186 250 1
187 251 4
188 252 -1
249 313 -4
250 314 -4
251 315 4
252 316 4
313 377 4
314 378 4
315 379 -2
316 380 -4
377 441 -1
378 442 4
379 443 -1
380 444 1
441 505 -2
442 506 4
443 507 2
444 508 -1
