#
1 5 2
1 6 4
1 7 1
1 8 4
2 5 -4
2 6 2
2 7 -2
2 8 2
3 5 4
3 6 -4
3 7 4
3 8 -1
4 5 1
4 6 1
4 7 2
4 8 -2
9 13 -4
9 14 1
9 15 -2
9 16 -1
10 13 1
10 14 -1
10 15 -4
10 16 4
11 13 -1
11 14 2
11 15 1
11 16 -1
12 13 1
12 14 -1
12 15 -1
12 16 2
17 21 2
17 22 -4
17 23 1
17 24 2
18 21 -4
18 22 2
18 23 -4
18 24 4
19 21 1
19 22 2
19 23 2
19 24 -2
20 21 -4
20 22 4
20 23 2
20 24 -1
25 29 -4
25 30 2
25 31 -1
25 32 2
26 29 -2
26 30 2
26 31 2
26 32 1
27 29 2
27 30 -1
27 31 4
27 32 2
28 29 -2
28 30 -2
28 31 1
28 32 2
33 37 -2
33 38 1
33 39 -4
33 40 1
34 37 1
34 38 -4
34 39 -1
34 40 4
35 37 4
35 38 1
35 39 4
35 40 -4
36 37 -2
36 38 -1
36 39 -4
36 40 -4
41 45 -1
41 46 -1
41 47 -1
41 48 4
42 45 -4
42 46 -1
42 47 1
42 48 -4
43 45 4
43 46 -1
43 47 2
43 48 -4
44 45 -1
44 46 -4
44 47 2
44 48 2
49 53 -4
49 54 4
49 55 2
49 56 -4
50 53 2
50 54 4
50 55 1
50 56 2
51 53 1
51 54 -4
51 55 -4
51 56 4
52 53 2
52 54 -2
52 55 1
52 56 -2
57 61 -1
57 62 2
57 63 -1
57 64 -2
58 61 -4
58 62 1
58 63 -2
58 64 -4
59 61 -2
59 62 -2
59 63 1
59 64 1
60 61 1
60 62 1
60 63 -2
60 64 -4
65 69 -2
65 70 -2
65 71 1
65 72 -4
66 69 4
66 70 2
66 71 1
66 72 1
67 69 2
67 70 1
67 71 4
67 72 2
68 69 -4
68 70 1
68 71 -1
68 72 -1
73 77 2
73 78 -4
73 79 -1
73 80 2
74 77 -4
74 78 -2
74 79 -4
74 80 1
75 77 -2
75 78 -1
75 79 1
75 80 4
76 77 2
76 78 -1
76 79 -4
76 80 -4
81 85 4
81 86 -4
81 87 1
81 88 -2
82 85 2
82 86 -1
82 87 -1
82 88 -1
83 85 -2
83 86 2
83 87 4
83 88 -2
84 85 2
84 86 -1
84 87 2
84 88 4
89 93 -2
89 94 4
89 95 -4
89 96 4
90 93 2
90 94 -2
90 95 -4
90 96 4
91 93 -2
91 94 -4
91 95 -2
91 96 -2
92 93 -2
92 94 2
92 95 -4
92 96 4
97 101 -1
97 102 -2
97 103 2
97 104 -1
98 101 -4
98 102 -1
98 103 2
98 104 -4
99 101 -1
99 102 -2
99 103 4
99 104 -4
100 101 -2
100 102 1
100 103 -4
100 104 -2
105 109 -2
105 110 2
105 111 -2
105 112 4
106 109 -1
106 110 -4
106 111 4
106 112 1
107 109 4
107 110 4
107 111 -4
107 112 4
108 109 -2
108 110 2
108 111 2
108 112 -2
113 117 -4
113 118 -1
113 119 2
113 120 -2
114 117 -1
114 118 -4
114 119 -1
114 120 -2
115 117 -1
115 118 -1
115 119 1
115 120 1
116 117 1
116 118 -4
116 119 4
116 120 4
121 125 1
121 126 2
121 127 2
121 128 1
122 125 -1
122 126 -4
122 127 1
122 128 -2
123 125 -4
123 126 2
123 127 4
123 128 -2
124 125 4
124 126 -2
124 127 -1
124 128 4
129 133 -2
129 134 -2
129 135 1
129 136 4
130 133 1
130 134 -2
130 135 -2
130 136 1
131 133 4
131 134 -4
131 135 1
131 136 2
132 133 -4
132 134 -4
132 135 2
132 136 4
137 141 2
137 142 -4
137 143 -1
137 144 -4
138 141 4
138 142 2
138 143 -1
138 144 -1
139 141 4
139 142 2
139 143 -1
139 144 1
140 141 -2
140 142 -4
140 143 -2
140 144 2
145 149 -2
145 150 1
145 151 -1
145 152 2
146 149 2
146 150 1
146 151 -2
146 152 1
147 149 1
147 150 -1
147 151 -1
147 152 1
148 149 2
148 150 -2
148 151 2
148 152 -2
153 157 -1
153 158 -1
153 159 2
153 160 -2
154 157 1
154 158 4
154 159 4
154 160 -4
155 157 -2
155 158 1
155 159 1
155 160 -4
156 157 4
156 158 1
156 159 2
156 160 1
161 165 2
161 166 4
161 167 1
161 168 1
162 165 -4
162 166 2
162 167 -4
162 168 -2
163 165 -1
163 166 4
163 167 2
163 168 2
164 165 -4
164 166 2
164 167 1
164 168 -1
169 173 4
169 174 2
169 175 2
169 176 2
170 173 4
170 174 2
170 175 -1
170 176 -1
171 173 -2
171 174 1
171 175 2
171 176 1
172 173 1
172 174 2
172 175 1
172 176 2
177 181 1
177 182 -2
177 183 1
177 184 -1
178 181 1
178 182 -4
178 183 -2
178 184 -4
179 181 -1
179 182 2
179 183 -4
179 184 1
180 181 -4
180 182 -1
180 183 2
180 184 -1
185 189 2
185 190 1
185 191 -2
185 192 -4
186 189 -4
186 190 2
186 191 -4
186 192 -4
187 189 1
187 190 2
187 191 2
187 192 -2
188 189 -2
188 190 4
188 191 -4
188 192 4
193 197 1
193 198 -1
193 199 2
193 200 -4
194 197 2
194 198 1
194 199 4
194 200 -1
195 197 -2
195 198 1
195 199 -1
195 200 1
196 197 -2
196 198 1
196 199 1
196 200 -1
201 205 2
201 206 -4
201 207 -1
201 208 -4
202 205 -2
202 206 1
202 207 -4
202 208 -4
203 205 4
203 206 4
203 207 4
203 208 4
204 205 -2
204 206 2
204 207 4
204 208 -1
209 213 -1
209 214 -4
209 215 -4
209 216 1
210 213 4
210 214 2
210 215 4
210 216 2
211 213 -2
211 214 -4
211 215 -1
211 216 2
212 213 -4
212 214 -1
212 215 -1
212 216 1
217 221 2
217 222 -2
217 223 2
217 224 -4
218 221 4
218 222 -4
218 223 -4
218 224 -2
219 221 2
219 222 -2
219 223 2
219 224 1
220 221 -2
220 222 -1
220 223 4
220 224 -4
225 229 2
225 230 -2
225 231 -4
225 232 1
226 229 -1
226 230 2
226 231 1
226 232 2
227 229 -4
227 230 -1
227 231 1
227 232 2
228 229 4
228 230 1
228 231 1
228 232 1
233 237 -2
233 238 -2
233 239 1
233 240 -1
234 237 -2
234 238 -2
234 239 -4
234 240 -4
235 237 1
235 238 -1
235 239 4
235 240 1
236 237 -1
236 238 1
236 239 -1
236 240 4
241 245 1
241 246 4
241 247 4
241 248 -2
242 245 2
242 246 -4
242 247 4
242 248 -2
243 245 4
243 246 1
243 247 2
243 248 1
244 245 -2
244 246 2
244 247 1
244 248 -4
249 253 -4
249 254 -1
249 255 -1
249 256 2
250 253 4
250 254 -2
250 255 4
250 256 1
251 253 -1
251 254 2
251 255 2
251 256 1
252 253 2
252 254 1
252 255 -1
252 256 1
257 261 1
257 262 2
257 263 -2
257 264 -2
258 261 -2
258 262 -1
258 263 -4
258 264 -2
259 261 -1
259 262 -4
259 263 1
259 264 2
260 261 2
260 262 -2
260 263 -4
260 264 -4
265 269 -2
265 270 -2
265 271 -1
265 272 -4
266 269 1
266 270 4
266 271 -4
266 272 2
267 269 -4
267 270 -2
267 271 2
267 272 -4
268 269 -4
268 270 4
268 271 -4
268 272 2
273 277 4
273 278 -4
273 279 -4
273 280 1
274 277 1
274 278 2
274 279 -1
274 280 2
275 277 1
275 278 1
275 279 -1
275 280 -4
276 277 1
276 278 2
276 279 -1
276 280 -2
281 285 1
281 286 4
281 287 1
281 288 -2
282 285 4
282 286 4
282 287 2
282 288 1
283 285 2
283 286 -1
283 287 4
283 288 -2
284 285 -2
284 286 -2
284 287 4
284 288 -2
289 293 -4
289 294 1
289 295 -4
289 296 -4
290 293 1
290 294 -2
290 295 -2
290 296 4
291 293 -2
291 294 -2
291 295 4
291 296 4
292 293 -4
292 294 4
292 295 1
292 296 1
297 301 4
297 302 2
297 303 1
297 304 2
298 301 -2
298 302 4
298 303 -1
298 304 4
299 301 4
299 302 2
299 303 -2
299 304 2
300 301 -1
300 302 -4
300 303 2
300 304 -1
305 309 2
305 310 1
305 311 -4
305 312 1
306 309 1
306 310 4
306 311 -2
306 312 -2
307 309 4
307 310 2
307 311 2
307 312 2
308 309 4
308 310 1
308 311 2
308 312 1
313 317 1
313 318 2
313 319 -2
313 320 2
314 317 -4
314 318 4
314 319 -2
314 320 -4
315 317 1
315 318 4
315 319 1
315 320 -2
316 317 -4
316 318 -4
316 319 4
316 320 1
321 325 -4
321 326 -1
321 327 4
321 328 -2
322 325 2
322 326 4
322 327 4
322 328 -4
323 325 -2
323 326 -1
323 327 1
323 328 2
324 325 -2
324 326 -4
324 327 -4
324 328 -2
329 333 -4
329 334 4
329 335 -4
329 336 2
330 333 4
330 334 -4
330 335 -1
330 336 1
331 333 2
331 334 -4
331 335 1
331 336 4
332 333 1
332 334 1
332 335 -1
332 336 4
337 341 -2
337 342 -4
337 343 4
337 344 -1
338 341 -2
338 342 2
338 343 -2
338 344 -4
339 341 1
339 342 4
339 343 -4
339 344 1
340 341 -4
340 342 -4
340 343 -1
340 344 4
345 349 -4
345 350 2
345 351 -2
345 352 -1
346 349 -1
346 350 -1
346 351 -4
346 352 2
347 349 1
347 350 -4
347 351 2
347 352 -2
348 349 1
348 350 4
348 351 1
348 352 -4
353 357 -4
353 358 -4
353 359 -4
353 360 1
354 357 1
354 358 -4
354 359 -2
354 360 1
355 357 -1
355 358 -4
355 359 1
355 360 -4
356 357 1
356 358 -1
356 359 1
356 360 2
361 365 -2
361 366 1
361 367 2
361 368 4
362 365 1
362 366 2
362 367 -2
362 368 2
363 365 4
363 366 -1
363 367 -1
363 368 -2
364 365 -4
364 366 2
364 367 1
364 368 2
369 373 2
369 374 -4
369 375 1
369 376 -1
370 373 -1
370 374 4
370 375 1
370 376 2
371 373 4
371 374 1
371 375 -4
371 376 1
372 373 2
372 374 -4
372 375 1
372 376 -1
377 381 1
377 382 2
377 383 4
377 384 -1
378 381 1
378 382 -4
378 383 -4
378 384 -4
379 381 -2
379 382 1
379 383 4
379 384 4
380 381 -1
380 382 -4
380 383 2
380 384 -4
385 389 4
385 390 1
385 391 -1
385 392 -1
386 389 -2
386 390 4
386 391 4
386 392 2
387 389 4
387 390 4
387 391 4
387 392 -1
388 389 2
388 390 -4
388 391 -4
388 392 4
393 397 -1
393 398 -4
393 399 1
393 400 -4
394 397 -1
394 398 2
394 399 2
394 400 1
395 397 1
395 398 1
395 399 4
395 400 2
396 397 -4
396 398 4
396 399 2
396 400 -2
401 405 4
401 406 -2
401 407 2
401 408 -2
402 405 4
402 406 4
402 407 -1
402 408 1
403 405 -1
403 406 2
403 407 2
403 408 4
404 405 4
404 406 -2
404 407 -1
404 408 -1
409 413 2
409 414 -1
409 415 -1
409 416 4
410 413 -2
410 414 4
410 415 4
410 416 -1
411 413 1
411 414 -1
411 415 2
411 416 -2
412 413 2
412 414 2
412 415 -2
412 416 1
417 421 -4
417 422 4
417 423 2
417 424 1
418 421 -2
418 422 4
418 423 2
418 424 2
419 421 4
419 422 -4
419 423 4
419 424 -1
420 421 -2
420 422 4
420 423 4
420 424 -4
425 429 2
425 430 -2
425 431 1
425 432 2
426 429 4
426 430 -1
426 431 2
426 432 -2
427 429 1
427 430 -4
427 431 4
427 432 2
428 429 -1
428 430 -1
428 431 -2
428 432 1
433 437 2
433 438 -2
433 439 -2
433 440 -4
434 437 2
434 438 2
434 439 -4
434 440 2
435 437 -2
435 438 1
435 439 4
435 440 4
436 437 -1
436 438 4
436 439 4
436 440 -2
441 445 2
441 446 1
441 447 -4
441 448 -4
442 445 4
442 446 -4
442 447 2
442 448 4
443 445 2
443 446 1
443 447 -2
443 448 -4
444 445 1
444 446 1
444 447 -2
444 448 -2
449 453 -2
449 454 -4
449 455 1
449 456 1
450 453 -4
450 454 -2
450 455 2
450 456 4
451 453 -4
451 454 -1
451 455 1
451 456 -2
452 453 -2
452 454 -1
452 455 2
452 456 1
457 461 4
457 462 -2
457 463 4
457 464 1
458 461 -1
458 462 -1
458 463 2
458 464 1
459 461 -4
459 462 4
459 463 4
459 464 -2
460 461 1
460 462 -2
460 463 -4
460 464 -4
465 469 -4
465 470 1
465 471 -1
465 472 1
466 469 -1
466 470 -1
466 471 4
466 472 2
467 469 2
467 470 2
467 471 4
467 472 1
468 469 2
468 470 2
468 471 1
468 472 -1
473 477 1
473 478 -4
473 479 4
473 480 -2
474 477 -1
474 478 -1
474 479 4
474 480 -2
475 477 2
475 478 -1
475 479 2
475 480 1
476 477 -2
476 478 -1
476 479 -2
476 480 -4
481 485 -2
481 486 -2
481 487 -2
481 488 4
482 485 2
482 486 -1
482 487 -2
482 488 -4
483 485 2
483 486 -2
483 487 2
483 488 -2
484 485 -2
484 486 -1
484 487 1
484 488 -1
489 493 2
489 494 4
489 495 -1
489 496 -1
490 493 4
490 494 4
490 495 -4
490 496 1
491 493 2
491 494 -4
491 495 -1
491 496 4
492 493 4
492 494 1
492 495 4
492 496 2
497 501 -1
497 502 4
497 503 -4
497 504 -4
498 501 1
498 502 -2
498 503 -4
498 504 -1
499 501 2
499 502 2
499 503 2
499 504 -1
500 501 -4
500 502 -4
500 503 -1
500 504 2
505 509 -4
505 510 -1
505 511 4
505 512 -4
506 509 1
506 510 -1
506 511 -2
506 512 2
507 509 2
507 510 4
507 511 -4
507 512 2
508 509 -2
508 510 -1
508 511 -4
508 512 -4
5 13 -4
6 14 -4
7 15 -4
8 16 1
13 21 -4
14 22 -4
15 23 -2
16 24 -4
21 29 4
22 30 2
23 31 2
24 32 4
29 37 -4
30 38 -1
31 39 4
32 40 -4
37 45 1
38 46 -4
39 47 2
40 48 2
45 53 2
46 54 -2
47 55 -1
48 56 4
53 61 2
54 62 4
55 63 -4
56 64 2
69 77 1
70 78 1
71 79 -4
72 80 -4
77 85 -4
78 86 1
79 87 1
80 88 -1
85 93 4
86 94 -2
87 95 2
88 96 2
93 101 4
94 102 -4
95 103 -1
96 104 1
101 109 -2
102 110 -4
103 111 -1
104 112 -4
109 117 2
110 118 1
111 119 -1
112 120 2
117 125 4
118 126 4
119 127 4
120 128 -1
133 141 1
134 142 -1
135 143 -1
136 144 4
141 149 -1
142 150 1
143 151 1
144 152 -2
149 157 1
150 158 -4
151 159 -2
152 160 1
157 165 2
158 166 -4
159 167 4
160 168 -1
165 173 2
166 174 -1
167 175 -2
168 176 1
173 181 4
174 182 1
175 183 1
176 184 2
181 189 -4
182 190 -1
183 191 -1
184 192 -4
197 205 -4
198 206 -1
199 207 2
200 208 2
205 213 2
206 214 4
207 215 2
208 216 -1
213 221 -1
214 222 2
215 223 4
216 224 -1
221 229 -2
222 230 2
223 231 2
224 232 1
229 237 2
230 238 2
231 239 -2
232 240 -2
237 245 2
238 246 1
239 247 -4
240 248 -4
245 253 -1
246 254 -2
247 255 4
248 256 2
261 269 -1
262 270 1
263 271 -2
264 272 1
269 277 2
270 278 -4
271 279 1
272 280 -4
277 285 1
278 286 -4
279 287 4
280 288 2
285 293 -2
286 294 -2
287 295 -1
288 296 -1
293 301 -2
294 302 2
295 303 -4
296 304 -2
301 309 -4
302 310 2
303 311 4
304 312 2
309 317 2
310 318 -1
311 319 2
312 320 -1
325 333 4
326 334 1
327 335 -4
328 336 -4
333 341 -1
334 342 4
335 343 -4
336 344 4
341 349 -4
342 350 -1
343 351 2
344 352 -4
349 357 -2
350 358 -2
351 359 -2
352 360 -2
357 365 1
358 366 -1
359 367 -4
360 368 1
365 373 2
366 374 2
367 375 2
368 376 -1
373 381 -4
374 382 1
375 383 1
376 384 -2
389 397 -2
390 398 -2
391 399 1
392 400 4
397 405 -2
398 406 1
399 407 -4
400 408 -2
405 413 4
406 414 -4
407 415 1
408 416 4
413 421 -1
414 422 -4
415 423 -4
416 424 4
421 429 4
422 430 -4
423 431 2
424 432 -4
429 437 -2
430 438 -1
431 439 -2
432 440 -1
437 445 -1
438 446 -1
439 447 1
440 448 -4
453 461 -2
454 462 4
455 463 -4
456 464 -4
461 469 2
462 470 1
463 471 1
464 472 -4
469 477 4
470 478 -4
471 479 1
472 480 2
477 485 4
478 486 -2
479 487 -1
480 488 2
485 493 -2
486 494 -4
487 495 1
488 496 2
493 501 1
494 502 -4
495 503 -1
496 504 1
501 509 1
502 510 -4
503 511 -1
504 512 4
1 65 -2
2 66 -4
3 67 1
4 68 -4
65 129 1
66 130 -4
67 131 1
68 132 -2
129 193 4
130 194 4
131 195 -1
132 196 1
193 257 -2
194 258 4
195 259 -4
196 260 -4
257 321 2
258 322 4
259 323 -1
260 324 -1
321 385 -2
322 386 2
323 387 4
324 388 4
385 449 -2
386 450 1
387 451 -2
388 452 -1
9 73 -4
10 74 4
11 75 4
12 76 2
73 137 1
74 138 -1
75 139 -2
76 140 2
137 201 -4
138 202 4
139 203 -1
140 204 -1
201 265 1
202 266 1
203 267 2
204 268 -1
265 329 2
266 330 4
267 331 -1
268 332 -1
329 393 -1
330 394 1
331 395 4
332 396 -1
393 457 -4
394 458 4
395 459 1
396 460 -4
17 81 -1
18 82 4
19 83 -1
20 84 -4
81 145 -1
82 146 1
83 147 4
84 148 -1
145 209 4
146 210 2
147 211 -2
148 212 -1
209 273 4
210 274 -4
211 275 -2
212 276 1
273 337 2
274 338 -4
275 339 -2
276 340 1
337 401 -1
338 402 2
339 403 1
340 404 1
401 465 2
402 466 -1
403 467 -2
404 468 -2
25 89 -2
26 90 2
27 91 2
28 92 2
89 153 -4
90 154 -4
91 155 2
92 156 4
153 217 1
154 218 2
155 219 4
156 220 4
217 281 -4
218 282 -4
219 283 -1
220 284 4
281 345 1
282 346 4
283 347 -2
284 348 -2
345 409 4
346 410 4
347 411 1
348 412 2
409 473 -1
410 474 2
411 475 1
412 476 -1
33 97 -1
34 98 1
35 99 1
36 100 -2
97 161 -2
98 162 1
99 163 -1
100 164 -1
161 225 -2
162 226 -4
163 227 1
164 228 -4
225 289 -1
226 290 4
227 291 2
228 292 1
289 353 -1
290 354 -2
291 355 -2
292 356 -1
353 417 2
354 418 1
355 419 4
356 420 -4
417 481 -1
418 482 4
419 483 2
420 484 -1
41 105 -1
42 106 -2
43 107 1
44 108 -4
105 169 1
106 170 -4
107 171 -1
108 172 1
169 233 -2
170 234 -4
171 235 -1
172 236 -1
233 297 2
234 298 -1
235 299 1
236 300 -2
297 361 -1
298 362 2
299 363 -1
300 364 -2
361 425 -4
362 426 -4
363 427 4
364 428 2
425 489 -4
426 490 -2
427 491 -2
428 492 -4
49 113 -4
50 114 4
51 115 -4
52 116 2
113 177 4
114 178 4
115 179 4
116 180 -4
177 241 -1
178 242 1
179 243 1
180 244 -2
241 305 -1
242 306 2
243 307 -4
244 308 4
305 369 -4
306 370 -1
307 371 -4
308 372 -1
369 433 -4
370 434 -4
371 435 2
372 436 -4
433 497 -2
434 498 1
435 499 2
436 500 -2
57 121 4
58 122 -1
59 123 -1
60 124 -1
121 185 1
122 186 1
123 187 1
124 188 -2
185 249 2
186 250 2
187 251 4
188 252 2
249 313 -1
250 314 2
251 315 -1
252 316 1
313 377 -4
314 378 -1
315 379 2
316 380 -1
377 441 4
378 442 -2
379 443 2
380 444 1
441 505 -4
442 506 -4
443 507 4
444 508 4
