#
1 5 -4
1 6 -1
1 7 2
1 8 -4
2 5 -1
2 6 -4
2 7 -1
2 8 2
3 5 1
3 6 -2
3 7 -1
3 8 -4
4 5 4
4 6 4
4 7 -2
4 8 -4
9 13 1
9 14 4
9 15 4
9 16 4
10 13 4
10 14 -4
10 15 1
10 16 -2
11 13 -4
11 14 -4
11 15 1
11 16 2
12 13 1
12 14 -2
12 15 1
12 16 -1
17 21 1
17 22 2
17 23 -1
17 24 -4
18 21 1
18 22 -2
18 23 -2
18 24 -2
19 21 4
19 22 -4
19 23 -1
19 24 -2
20 21 -4
20 22 2
20 23 2
20 24 2
25 29 -4
25 30 1
25 31 1
25 32 -1
26 29 -1
26 30 -1
26 31 1
26 32 -4
27 29 2
27 30 2
27 31 -4
27 32 -4
28 29 2
28 30 4
28 31 -1
28 32 4
33 37 -2
33 38 -4
33 39 -4
33 40 1
34 37 -1
34 38 -1
34 39 -2
34 40 -1
35 37 -4
35 38 1
35 39 -1
35 40 -2
36 37 4
36 38 2
36 39 -1
36 40 4
41 45 -2
41 46 -4
41 47 4
41 48 2
42 45 -4
42 46 2
42 47 -1
42 48 2
43 45 -1
43 46 -1
43 47 -2
43 48 2
44 45 -1
44 46 -2
44 47 -1
44 48 2
49 53 -4
49 54 -2
49 55 -4
49 56 -4
50 53 -4
50 54 -4
50 55 2
50 56 4
51 53 1
51 54 -2
51 55 -2
51 56 4
52 53 -2
52 54 -1
52 55 4
52 56 -1
57 61 2
57 62 4
57 63 -4
57 64 4
58 61 -4
58 62 2
58 63 -1
58 64 -4
59 61 2
59 62 -2
59 63 4
59 64 1
60 61 4
60 62 2
60 63 -1
60 64 4
65 69 -4
65 70 4
65 71 2
65 72 -4
66 69 -2
66 70 -4
66 71 -1
66 72 2
67 69 4
67 70 -1
67 71 2
67 72 4
68 69 -1
68 70 4
68 71 -1
68 72 -2
73 77 4
73 78 -2
73 79 4
73 80 -4
74 77 -1
74 78 1
74 79 4
74 80 -2
75 77 -2
75 78 2
75 79 -4
75 80 -1
76 77 -1
76 78 2
76 79 2
76 80 2
81 85 -4
81 86 -2
81 87 -4
81 88 1
82 85 1
82 86 -4
82 87 2
82 88 -2
83 85 -4
83 86 -2
83 87 -1
83 88 -4
84 85 -2
84 86 1
84 87 4
84 88 -1
89 93 -2
89 94 -4
89 95 -2
89 96 -4
90 93 1
90 94 4
90 95 1
90 96 1
91 93 1
91 94 1
91 95 4
91 96 -4
92 93 -4
92 94 1
92 95 -2
92 96 4
97 101 -4
97 102 -2
97 103 -1
97 104 1
98 101 -4
98 102 -1
98 103 4
98 104 1
99 101 -1
99 102 -1
99 103 1
99 104 4
100 101 4
100 102 -1
100 103 1
100 104 2
105 109 -4
105 110 1
105 111 -2
105 112 -1
106 109 -1
106 110 1
106 111 -1
106 112 -2
107 109 4
107 110 4
107 111 -1
107 112 -1
108 109 -1
108 110 -1
108 111 2
108 112 -4
113 117 1
113 118 -2
113 119 -2
113 120 1
114 117 2
114 118 -2
114 119 2
114 120 -1
115 117 -2
115 118 -4
115 119 -1
115 120 2
116 117 -1
116 118 -1
116 119 -2
116 120 -4
121 125 4
121 126 2
121 127 -1
121 128 2
122 125 2
122 126 2
122 127 -4
122 128 -2
123 125 2
123 126 1
123 127 -2
123 128 4
124 125 2
124 126 2
124 127 -4
124 128 -2
129 133 1
129 134 -2
129 135 2
129 136 1
130 133 4
130 134 4
130 135 -2
130 136 -2
131 133 1
131 134 2
131 135 -1
131 136 4
132 133 -1
132 134 4
132 135 4
132 136 -1
137 141 4
137 142 2
137 143 1
137 144 -4
138 141 -4
138 142 2
138 143 -4
138 144 -4
139 141 -2
139 142 1
139 143 -2
139 144 2
140 141 -1
140 142 -2
140 143 1
140 144 2
145 149 -2
145 150 -4
145 151 -4
145 152 -4
146 149 4
146 150 4
146 151 -1
146 152 4
147 149 -2
147 150 -4
147 151 4
147 152 1
148 149 1
148 150 1
148 151 4
148 152 -4
153 157 4
153 158 4
153 159 -2
153 160 -4
154 157 2
154 158 4
154 159 1
154 160 1
155 157 2
155 158 -4
155 159 -2
155 160 -2
156 157 2
156 158 2
156 159 -1
156 160 2
161 165 4
161 166 -2
161 167 2
161 168 -2
162 165 -1
162 166 -1
162 167 -1
162 168 -2
163 165 1
163 166 2
163 167 4
163 168 2
164 165 2
164 166 2
164 167 -1
164 168 -1
169 173 -2
169 174 -1
169 175 1
169 176 4
170 173 4
170 174 1
170 175 -4
170 176 -2
171 173 1
171 174 1
171 175 -2
171 176 -4
172 173 -2
172 174 2
172 175 1
172 176 -1
177 181 -4
177 182 -2
177 183 -2
177 184 -2
178 181 1
178 182 2
178 183 2
178 184 4
179 181 -4
179 182 -1
179 183 -4
179 184 -1
180 181 2
180 182 1
180 183 -1
180 184 -2
185 189 -2
185 190 -1
185 191 -4
185 192 -4
186 189 1
186 190 -4
186 191 2
186 192 2
187 189 -1
187 190 -1
187 191 -2
187 192 1
188 189 2
188 190 -2
188 191 4
188 192 -4
193 197 -1
193 198 -2
193 199 -1
193 200 -4
194 197 2
194 198 -1
194 199 1
194 200 1
195 197 2
195 198 2
195 199 -1
195 200 -4
196 197 -2
196 198 -2
196 199 -4
196 200 1
201 205 -2
201 206 -4
201 207 -2
201 208 2
202 205 -2
202 206 -2
202 207 1
202 208 -4
203 205 1
203 206 4
203 207 -2
203 208 4
204 205 -1
204 206 -1
204 207 1
204 208 1
209 213 4
209 214 -2
209 215 1
209 216 -4
210 213 -4
210 214 -2
210 215 -1
210 216 1
211 213 -4
211 214 -2
211 215 1
211 216 -4
212 213 -1
212 214 -4
212 215 1
212 216 2
217 221 1
217 222 -1
217 223 4
217 224 4
218 221 -2
218 222 -1
218 223 1
218 224 -1
219 221 -1
219 222 4
219 223 2
219 224 -2
220 221 -4
220 222 1
220 223 2
220 224 -2
225 229 1
225 230 -4
225 231 2
225 232 4
226 229 -2
226 230 -1
226 231 -1
226 232 1
227 229 -1
227 230 -1
227 231 -4
227 232 -4
228 229 2
228 230 1
228 231 4
228 232 4
233 237 2
233 238 -1
233 239 -2
233 240 2
234 237 2
234 238 2
234 239 -2
234 240 -4
235 237 -4
235 238 1
235 239 -4
235 240 -4
236 237 -1
236 238 -2
236 239 1
236 240 4
241 245 2
241 246 4
241 247 2
241 248 -4
242 245 -1
242 246 4
242 247 -4
242 248 -4
243 245 -2
243 246 -1
243 247 -1
243 248 -1
244 245 2
244 246 4
244 247 -1
244 248 -2
249 253 4
249 254 4
249 255 2
249 256 2
250 253 1
250 254 4
250 255 -1
250 256 -1
251 253 -1
251 254 2
251 255 4
251 256 -1
252 253 4
252 254 -1
252 255 -2
252 256 -1
257 261 4
257 262 4
257 263 -1
257 264 2
258 261 1
258 262 4
258 263 1
258 264 2
259 261 -4
259 262 1
259 263 4
259 264 -4
260 261 4
260 262 -4
260 263 1
260 264 1
265 269 4
265 270 -4
265 271 1
265 272 1
266 269 -1
266 270 -4
266 271 -4
266 272 -4
267 269 2
267 270 -2
267 271 4
267 272 2
268 269 -1
268 270 4
268 271 2
268 272 -1
273 277 -1
273 278 1
273 279 -1
273 280 1
274 277 4
274 278 -2
274 279 -4
274 280 2
275 277 -2
275 278 2
275 279 4
275 280 -1
276 277 -1
276 278 -2
276 279 4
276 280 -2
281 285 -2
281 286 -1
281 287 1
281 288 1
282 285 2
282 286 -2
282 287 -1
282 288 1
283 285 4
283 286 4
283 287 1
283 288 -4
284 285 2
284 286 1
284 287 -4
284 288 1
289 293 -1
289 294 -1
289 295 -1
289 296 -4
290 293 -4
290 294 -4
290 295 -1
290 296 -4
291 293 1
291 294 2
291 295 -4
291 296 -1
292 293 1
292 294 -2
292 295 -4
292 296 -1
297 301 -4
297 302 2
297 303 -2
297 304 -2
298 301 -2
298 302 4
298 303 -2
298 304 -4
299 301 4
299 302 1
299 303 -2
299 304 -4
300 301 2
300 302 1
300 303 2
300 304 4
305 309 1
305 310 2
305 311 1
305 312 4
306 309 -1
306 310 1
306 311 1
306 312 4
307 309 1
307 310 -1
307 311 -2
307 312 -4
308 309 -4
308 310 -1
308 311 1
308 312 2
313 317 -4
313 318 1
313 319 -4
313 320 1
314 317 -4
314 318 4
314 319 -2
314 320 -2
315 317 1
315 318 1
315 319 4
315 320 2
316 317 -1
316 318 4
316 319 2
316 320 -2
321 325 1
321 326 4
321 327 -1
321 328 -4
322 325 -4
322 326 2
322 327 -1
322 328 2
323 325 1
323 326 -4
323 327 -2
323 328 4
324 325 4
324 326 2
324 327 2
324 328 -4
329 333 2
329 334 4
329 335 1
329 336 -1
330 333 -1
330 334 -2
330 335 -1
330 336 -2
331 333 4
331 334 4
331 335 -4
331 336 -2
332 333 -4
332 334 2
332 335 -4
332 336 -1
337 341 -1
337 342 2
337 343 -4
337 344 -1
338 341 -2
338 342 2
338 343 -4
338 344 1
339 341 2
339 342 -1
339 343 -2
339 344 1
340 341 -4
340 342 2
340 343 2
340 344 2
345 349 -1
345 350 2
345 351 1
345 352 4
346 349 2
346 350 4
346 351 -4
346 352 -2
347 349 2
347 350 -4
347 351 -4
347 352 -2
348 349 1
348 350 -1
348 351 2
348 352 -2
353 357 1
353 358 4
353 359 1
353 360 4
354 357 1
354 358 -1
354 359 -2
354 360 -1
355 357 -1
355 358 2
355 359 -4
355 360 4
356 357 -4
356 358 4
356 359 4
356 360 1
361 365 -2
361 366 1
361 367 2
361 368 1
362 365 -4
362 366 -1
362 367 -1
362 368 -4
363 365 2
363 366 1
363 367 -1
363 368 1
364 365 -2
364 366 2
364 367 -1
364 368 4
369 373 -2
369 374 1
369 375 1
369 376 1
370 373 4
370 374 -1
370 375 -4
370 376 -4
371 373 1
371 374 4
371 375 2
371 376 -1
372 373 -1
372 374 -1
372 375 -2
372 376 1
377 381 4
377 382 4
377 383 -4
377 384 2
378 381 -4
378 382 -4
378 383 -2
378 384 1
379 381 -2
379 382 2
379 383 -2
379 384 1
380 381 2
380 382 4
380 383 1
380 384 1
385 389 1
385 390 -1
385 391 4
385 392 -4
386 389 2
386 390 4
386 391 4
386 392 -1
387 389 4
387 390 -4
387 391 -1
387 392 -1
388 389 -2
388 390 2
388 391 2
388 392 -1
393 397 -1
393 398 -1
393 399 -4
393 400 4
394 397 -1
394 398 2
394 399 -1
394 400 4
395 397 1
395 398 -1
395 399 4
395 400 -4
396 397 2
396 398 2
396 399 1
396 400 -2
401 405 1
401 406 -1
401 407 4
401 408 1
402 405 -2
402 406 1
402 407 2
402 408 1
403 405 -1
403 406 1
403 407 -2
403 408 4
404 405 -1
404 406 1
404 407 -2
404 408 -4
409 413 -2
409 414 -2
409 415 -1
409 416 2
410 413 -2
410 414 1
410 415 -4
410 416 4
411 413 -1
411 414 -2
411 415 -1
411 416 -1
412 413 -2
412 414 -4
412 415 4
412 416 -1
417 421 -2
417 422 2
417 423 -4
417 424 -2
418 421 -4
418 422 4
418 423 1
418 424 1
419 421 -1
419 422 -1
419 423 -4
419 424 -1
420 421 2
420 422 2
420 423 4
420 424 -1
425 429 -2
425 430 -4
425 431 4
425 432 1
426 429 -1
426 430 1
426 431 -1
426 432 4
427 429 2
427 430 1
427 431 -4
427 432 4
428 429 4
428 430 1
428 431 -2
428 432 2
433 437 1
433 438 -1
433 439 -2
433 440 -4
434 437 -4
434 438 -2
434 439 1
434 440 -4
435 437 -1
435 438 1
435 439 -2
435 440 -4
436 437 1
436 438 -2
436 439 -1
436 440 -1
441 445 -4
441 446 2
441 447 -2
441 448 -1
442 445 1
442 446 -4
442 447 2
442 448 2
443 445 2
443 446 4
443 447 2
443 448 4
444 445 1
444 446 -4
444 447 -4
444 448 -2
449 453 -2
449 454 4
449 455 1
449 456 -2
450 453 -1
450 454 -4
450 455 2
450 456 -1
451 453 2
451 454 4
451 455 -4
451 456 -2
452 453 4
452 454 -4
452 455 1
452 456 -1
457 461 1
457 462 -2
457 463 4
457 464 2
458 461 2
458 462 -1
458 463 -1
458 464 -1
459 461 -1
459 462 1
459 463 -2
459 464 -1
460 461 -1
460 462 -4
460 463 2
460 464 2
465 469 4
465 470 2
465 471 -4
465 472 1
466 469 2
466 470 2
466 471 1
466 472 2
467 469 4
467 470 4
467 471 4
467 472 1
468 469 2
468 470 -1
468 471 -1
468 472 2
473 477 -1
473 478 2
473 479 2
473 480 -4
474 477 4
474 478 -4
474 479 -2
474 480 -1
475 477 1
475 478 4
475 479 -4
475 480 2
476 477 4
476 478 1
476 479 4
476 480 -4
481 485 1
481 486 2
481 487 -2
481 488 1
482 485 4
482 486 4
482 487 4
482 488 2
483 485 -2
483 486 4
483 487 -2
483 488 -1
484 485 -2
484 486 -4
484 487 2
484 488 2
489 493 1
489 494 -1
489 495 2
489 496 1
490 493 2
490 494 2
490 495 4
490 496 2
491 493 -4
491 494 -1
491 495 1
491 496 -4
492 493 -4
492 494 -1
492 495 -2
492 496 -2
497 501 1
497 502 4
497 503 2
497 504 -1
498 501 2
498 502 -2
498 503 4
498 504 2
499 501 -2
499 502 1
499 503 -4
499 504 2
500 501 -1
500 502 -4
500 503 -4
500 504 1
505 509 1
505 510 4
505 511 -1
505 512 4
506 509 -4
506 510 4
506 511 -2
506 512 4
507 509 2
507 510 1
507 511 4
507 512 -1
508 509 2
508 510 2
508 511 4
508 512 4
5 13 1
6 14 -2
7 15 -2
8 16 4
13 21 -2
14 22 1
15 23 4
16 24 2
21 29 -1
22 30 2
23 31 -1
24 32 4
29 37 -2
30 38 -4
31 39 2
32 40 1
37 45 4
38 46 2
39 47 1
40 48 -2
45 53 -4
46 54 -4
47 55 2
48 56 4
53 61 -1
54 62 -1
55 63 -4
56 64 1
69 77 2
70 78 -1
71 79 -1
72 80 1
77 85 4
78 86 4
79 87 4
80 88 2
85 93 -4
86 94 2
87 95 -1
88 96 -1
93 101 1
94 102 1
95 103 2
96 104 -1
101 109 -1
102 110 4
103 111 -4
104 112 4
109 117 -4
110 118 2
111 119 4
112 120 -1
117 125 -2
118 126 -4
119 127 -4
120 128 1
133 141 2
134 142 4
135 143 1
136 144 2
141 149 -2
142 150 1
143 151 -4
144 152 -1
149 157 -1
150 158 2
151 159 1
152 160 -1
157 165 -2
158 166 -4
159 167 2
160 168 2
165 173 1
166 174 1
167 175 -4
168 176 4
173 181 -4
174 182 -1
175 183 2
176 184 2
181 189 -1
182 190 -2
183 191 4
184 192 2
197 205 -4
198 206 -4
199 207 -1
200 208 2
205 213 4
206 214 -2
207 215 -4
208 216 4
213 221 4
214 222 1
215 223 -4
216 224 4
221 229 1
222 230 -4
223 231 1
224 232 -2
229 237 2
230 238 1
231 239 4
232 240 -1
237 245 -1
238 246 -4
239 247 2
240 248 4
245 253 -2
246 254 -2
247 255 -4
248 256 1
261 269 -2
262 270 -4
263 271 -1
264 272 1
269 277 -1
270 278 2
271 279 -2
272 280 -2
277 285 -2
278 286 2
279 287 -4
280 288 -1
285 293 4
286 294 -1
287 295 4
288 296 2
293 301 -1
294 302 -1
295 303 -4
296 304 4
301 309 2
302 310 -4
303 311 -1
304 312 4
309 317 1
310 318 1
311 319 1
312 320 -2
325 333 2
326 334 1
327 335 4
328 336 -2
333 341 2
334 342 -1
335 343 -4
336 344 -2
341 349 1
342 350 1
343 351 -2
344 352 4
349 357 4
350 358 -1
351 359 1
352 360 2
357 365 4
358 366 1
359 367 -2
360 368 -1
365 373 -4
366 374 -1
367 375 -1
368 376 1
373 381 -2
374 382 1
375 383 -2
376 384 1
389 397 -2
390 398 -4
391 399 2
392 400 -2
397 405 2
398 406 2
399 407 4
400 408 -1
405 413 1
406 414 -2
407 415 -2
408 416 -4
413 421 2
414 422 -4
415 423 -4
416 424 4
421 429 -1
422 430 -4
423 431 4
424 432 -2
429 437 -4
430 438 1
431 439 1
432 440 -2
437 445 2
438 446 1
439 447 -4
440 448 -2
453 461 -1
454 462 1
455 463 -2
456 464 -2
461 469 -4
462 470 -1
463 471 -4
464 472 4
469 477 -2
470 478 2
471 479 -2
472 480 -1
477 485 -2
478 486 -2
479 487 -4
480 488 -4
485 493 -2
486 494 1
487 495 -1
488 496 -1
493 501 4
494 502 -4
495 503 2
496 504 -4
501 509 4
502 510 -2
503 511 2
504 512 -4
1 65 -1
2 66 -4
3 67 -1
4 68 -4
65 129 4
66 130 -4
67 131 -1
68 132 1
129 193 2
130 194 -1
131 195 -2
132 196 -2
193 257 2
194 258 -1
195 259 -2
196 260 4
257 321 4
258 322 -2
259 323 4
260 324 -4
321 385 2
322 386 2
323 387 4
324 388 -1
385 449 1
386 450 1
387 451 -1
388 452 4
9 73 -2
10 74 2
11 75 4
12 76 1
73 137 4
74 138 -2
75 139 4
76 140 1
137 201 2
138 202 4
139 203 -1
140 204 1
201 265 -1
202 266 4
203 267 -1
204 268 4
265 329 -4
266 330 -2
267 331 -1
268 332 1
329 393 -2
330 394 2
331 395 -2
332 396 2
393 457 2
394 458 -4
395 459 4
396 460 4
17 81 -2
18 82 -4
19 83 2
20 84 2
81 145 -4
82 146 1
83 147 4
84 148 2
145 209 -1
146 210 -1
147 211 -1
148 212 -2
209 273 -1
210 274 4
211 275 4
212 276 -2
273 337 -1
274 338 -2
275 339 4
276 340 -4
337 401 -4
338 402 -2
339 403 -2
340 404 1
401 465 1
402 466 -4
403 467 4
404 468 4
25 89 -4
26 90 1
27 91 4
28 92 -4
89 153 -1
90 154 1
91 155 -1
92 156 1
153 217 -2
154 218 1
155 219 1
156 220 -2
217 281 1
218 282 2
219 283 -4
220 284 -4
281 345 2
282 346 4
283 347 1
284 348 1
345 409 1
346 410 -4
347 411 4
348 412 -4
409 473 2
410 474 -1
411 475 4
412 476 -4
33 97 2
34 98 4
35 99 -4
36 100 -1
97 161 -2
98 162 -2
99 163 -2
100 164 1
161 225 -1
162 226 4
163 227 4
164 228 -2
225 289 4
226 290 4
227 291 -1
228 292 -1
289 353 -4
290 354 1
291 355 1
292 356 2
353 417 2
354 418 -4
355 419 -1
356 420 -4
417 481 -4
418 482 -4
419 483 4
420 484 2
41 105 -2
42 106 2
43 107 4
44 108 1
105 169 -2
106 170 -1
107 171 -1
108 172 -1
169 233 4
170 234 -2
171 235 1
172 236 -4
233 297 2
234 298 2
235 299 2
236 300 1
297 361 -4
298 362 -1
299 363 -4
300 364 2
361 425 4
362 426 2
363 427 -2
364 428 -2
425 489 2
426 490 2
427 491 -4
428 492 -4
49 113 -4
50 114 1
51 115 -2
52 116 1
113 177 -1
114 178 -2
115 179 -4
116 180 -1
177 241 1
178 242 -1
179 243 -1
180 244 2
241 305 -4
242 306 -1
243 307 -2
244 308 -2
305 369 -4
306 370 -4
307 371 1
308 372 4
369 433 4
370 434 1
371 435 1
372 436 -1
433 497 -1
434 498 -4
435 499 2
436 500 -4
57 121 -4
58 122 4
59 123 4
60 124 -4
121 185 -1
122 186 -4
123 187 -2
124 188 -1
185 249 -1
186 250 4
187 251 2
188 252 -1
249 313 -4
250 314 4
251 315 -2
252 316 2
313 377 1
314 378 4
315 379 -1
316 380 -1
377 441 -2
378 442 2
379 443 -4
380 444 -2
441 505 -4
442 506 4
443 507 2
444 508 -1
