#
1 5 -2
1 6 1
1 7 1
1 8 -2
2 5 2
2 6 1
2 7 4
2 8 -4
3 5 -2
3 6 2
3 7 4
3 8 -4
4 5 2
4 6 -4
4 7 4
4 8 -4
9 13 2
9 14 2
9 15 1
9 16 -1
10 13 2
10 14 -2
10 15 1
10 16 2
11 13 -2
11 14 1
11 15 -2
11 16 -1
12 13 -2
12 14 -2
12 15 -2
12 16 -4
17 21 -2
17 22 1
17 23 2
17 24 -2
18 21 -4
18 22 4
18 23 2
18 24 -4
19 21 2
19 22 -4
19 23 -4
19 24 -4
20 21 4
20 22 1
20 23 -4
20 24 -4
25 29 -4
25 30 2
25 31 -2
25 32 -2
26 29 4
26 30 -1
26 31 -1
26 32 -1
27 29 -2
27 30 -4
27 31 1
27 32 1
28 29 -1
28 30 2
28 31 -1
28 32 4
33 37 -1
33 38 1
33 39 1
33 40 2
34 37 -2
34 38 -2
34 39 -2
34 40 2
35 37 -1
35 38 -1
35 39 -2
35 40 -2
36 37 -4
36 38 -1
36 39 1
36 40 -4
41 45 1
41 46 1
41 47 -4
41 48 4
42 45 4
42 46 1
42 47 -1
42 48 -2
43 45 -4
43 46 -1
43 47 -4
43 48 1
44 45 1
44 46 1
44 47 -4
44 48 -2
49 53 -4
49 54 -4
49 55 2
49 56 -4
50 53 2
50 54 -2
50 55 -1
50 56 4
51 53 2
51 54 -4
51 55 2
51 56 4
52 53 2
52 54 -4
52 55 -4
52 56 1
57 61 -4
57 62 -1
57 63 -4
57 64 -2
58 61 -1
58 62 -1
58 63 4
58 64 -2
59 61 1
59 62 -4
59 63 2
59 64 -4
60 61 2
60 62 1
60 63 -2
60 64 -2
65 69 -2
65 70 -1
65 71 -4
65 72 -2
66 69 -1
66 70 -2
66 71 1
66 72 -1
67 69 -1
67 70 -4
67 71 -4
67 72 -1
68 69 -2
68 70 -1
68 71 2
68 72 -1
73 77 4
73 78 2
73 79 -1
73 80 -1
74 77 1
74 78 1
74 79 -1
74 80 4
75 77 -4
75 78 -2
75 79 -1
75 80 -2
76 77 -1
76 78 -2
76 79 4
76 80 1
81 85 -1
81 86 -2
81 87 -1
81 88 2
82 85 -1
82 86 -1
82 87 2
82 88 -2
83 85 -4
83 86 -4
83 87 4
83 88 4
84 85 1
84 86 2
84 87 -4
84 88 1
89 93 1
89 94 1
89 95 2
89 96 -2
90 93 -2
90 94 -4
90 95 2
90 96 -2
91 93 -2
91 94 -2
91 95 4
91 96 -2
92 93 4
92 94 4
92 95 4
92 96 1
97 101 -1
97 102 1
97 103 -2
97 104 1
98 101 -1
98 102 1
98 103 -2
98 104 -4
99 101 1
99 102 2
99 103 -2
99 104 4
100 101 -1
100 102 1
100 103 4
100 104 -1
105 109 2
105 110 4
105 111 2
105 112 -1
106 109 4
106 110 1
106 111 -1
106 112 -4
107 109 1
107 110 4
107 111 -4
107 112 2
108 109 4
108 110 4
108 111 1
108 112 4
113 117 4
113 118 2
113 119 1
113 120 1
114 117 -4
114 118 -2
114 119 1
114 120 -2
115 117 1
115 118 -1
115 119 2
115 120 4
116 117 -1
116 118 -2
116 119 -4
116 120 1
121 125 2
121 126 4
121 127 -1
121 128 4
122 125 -2
122 126 4
122 127 -4
122 128 -4
123 125 1
123 126 -1
123 127 -2
123 128 1
124 125 1
124 126 2
124 127 -4
124 128 -4
129 133 1
129 134 -4
129 135 1
129 136 -4
130 133 -2
130 134 2
130 135 4
130 136 4
131 133 -2
131 134 1
131 135 -1
131 136 4
132 133 -4
132 134 -1
132 135 -1
132 136 -2
137 141 4
137 142 2
137 143 -4
137 144 4
138 141 -1
138 142 4
138 143 2
138 144 -2
139 141 -2
139 142 -2
139 143 -4
139 144 -1
140 141 -1
140 142 2
140 143 4
140 144 -1
145 149 1
145 150 1
145 151 1
145 152 -4
146 149 -2
146 150 -1
146 151 4
146 152 1
147 149 -4
147 150 -1
147 151 1
147 152 -2
148 149 -4
148 150 2
148 151 -4
148 152 -2
153 157 -2
153 158 4
153 159 2
153 160 4
154 157 -1
154 158 2
154 159 4
154 160 1
155 157 -2
155 158 1
155 159 2
155 160 -4
156 157 -1
156 158 -4
156 159 4
156 160 -2
161 165 4
161 166 2
161 167 -1
161 168 -1
162 165 -2
162 166 -1
162 167 2
162 168 -1
163 165 -4
163 166 -4
163 167 -2
163 168 -4
164 165 -1
164 166 -4
164 167 4
164 168 -4
169 173 -4
169 174 -4
169 175 -1
169 176 2
170 173 1
170 174 1
170 175 4
170 176 -4
171 173 4
171 174 -4
171 175 -2
171 176 4
172 173 -4
172 174 4
172 175 -2
172 176 -4
177 181 2
177 182 -4
177 183 -4
177 184 1
178 181 -2
178 182 -2
178 183 4
178 184 -4
179 181 -2
179 182 -2
179 183 4
179 184 1
180 181 4
180 182 4
180 183 -1
180 184 2
185 189 -1
185 190 1
185 191 -4
185 192 -1
186 189 2
186 190 4
186 191 1
186 192 -4
187 189 1
187 190 -1
187 191 -4
187 192 -2
188 189 -4
188 190 1
188 191 -2
188 192 -2
193 197 2
193 198 -4
193 199 1
193 200 -4
194 197 -1
194 198 -2
194 199 -4
194 200 -1
195 197 -1
195 198 1
195 199 1
195 200 2
196 197 2
196 198 -2
196 199 -1
196 200 -1
201 205 -4
201 206 -1
201 207 -4
201 208 -4
202 205 -1
202 206 -2
202 207 2
202 208 -2
203 205 2
203 206 2
203 207 4
203 208 1
204 205 -2
204 206 -1
204 207 2
204 208 4
209 213 4
209 214 -1
209 215 2
209 216 4
210 213 -2
210 214 -2
210 215 -4
210 216 1
211 213 -2
211 214 2
211 215 -4
211 216 -1
212 213 4
212 214 -2
212 215 -4
212 216 4
217 221 -1
217 222 -2
217 223 -1
217 224 4
218 221 4
218 222 -2
218 223 4
218 224 1
219 221 -2
219 222 -4
219 223 -2
219 224 -1
220 221 -1
220 222 4
220 223 -4
220 224 1
225 229 -4
225 230 2
225 231 -2
225 232 1
226 229 1
226 230 2
226 231 -1
226 232 -1
227 229 4
227 230 -1
227 231 1
227 232 -2
228 229 -4
228 230 1
228 231 1
228 232 2
233 237 -2
233 238 -2
233 239 -1
233 240 2
234 237 2
234 238 -4
234 239 2
234 240 1
235 237 4
235 238 4
235 239 -2
235 240 2
236 237 4
236 238 -2
236 239 2
236 240 1
241 245 -1
241 246 4
241 247 -2
241 248 2
242 245 -1
242 246 2
242 247 -2
242 248 -4
243 245 1
243 246 1
243 247 -2
243 248 -2
244 245 -4
244 246 -2
244 247 -1
244 248 -2
249 253 4
249 254 1
249 255 -4
249 256 -2
250 253 2
250 254 4
250 255 -1
250 256 2
251 253 -1
251 254 -1
251 255 -2
251 256 4
252 253 1
252 254 -1
252 255 2
252 256 1
257 261 -1
257 262 1
257 263 -2
257 264 2
258 261 -2
258 262 -4
258 263 4
258 264 4
259 261 -1
259 262 1
259 263 2
259 264 -1
260 261 1
260 262 -2
260 263 2
260 264 -1
265 269 4
265 270 2
265 271 -2
265 272 -2
266 269 2
266 270 1
266 271 -4
266 272 -2
267 269 2
267 270 1
267 271 2
267 272 -4
268 269 1
268 270 -2
268 271 -2
268 272 -1
273 277 1
273 278 -4
273 279 -2
273 280 -4
274 277 -1
274 278 -1
274 279 2
274 280 1
275 277 -4
275 278 -4
275 279 2
275 280 2
276 277 -1
276 278 4
276 279 -4
276 280 2
281 285 -4
281 286 1
281 287 -4
281 288 -1
282 285 1
282 286 -4
282 287 4
282 288 -1
283 285 1
283 286 -1
283 287 -1
283 288 1
284 285 -1
284 286 2
284 287 1
284 288 -1
289 293 4
289 294 -2
289 295 1
289 296 1
290 293 -4
290 294 4
290 295 -2
290 296 -1
291 293 4
291 294 -2
291 295 4
291 296 1
292 293 -1
292 294 -2
292 295 4
292 296 -2
297 301 1
297 302 1
297 303 -4
297 304 4
298 301 4
298 302 -4
298 303 2
298 304 -4
299 301 1
299 302 2
299 303 2
299 304 4
300 301 -1
300 302 1
300 303 -2
300 304 4
305 309 -1
305 310 -4
305 311 4
305 312 1
306 309 -4
306 310 -1
306 311 -2
306 312 -2
307 309 1
307 310 -4
307 311 2
307 312 4
308 309 4
308 310 -1
308 311 -1
308 312 2
313 317 2
313 318 1
313 319 2
313 320 -2
314 317 4
314 318 2
314 319 -4
314 320 -1
315 317 2
315 318 -4
315 319 4
315 320 2
316 317 1
316 318 -4
316 319 -4
316 320 -2
321 325 2
321 326 2
321 327 2
321 328 -4
322 325 1
322 326 -2
322 327 -4
322 328 4
323 325 1
323 326 -2
323 327 -2
323 328 -2
324 325 1
324 326 -1
324 327 -2
324 328 -1
329 333 2
329 334 2
329 335 4
329 336 -2
330 333 -4
330 334 4
330 335 -2
330 336 4
331 333 2
331 334 -4
331 335 4
331 336 -4
332 333 1
332 334 2
332 335 1
332 336 -1
337 341 2
337 342 1
337 343 -1
337 344 -2
338 341 -2
338 342 -1
338 343 -2
338 344 -4
339 341 4
339 342 -2
339 343 -4
339 344 2
340 341 -2
340 342 4
340 343 2
340 344 2
345 349 4
345 350 -1
345 351 2
345 352 4
346 349 -4
346 350 2
346 351 4
346 352 4
347 349 1
347 350 4
347 351 4
347 352 4
348 349 2
348 350 -1
348 351 2
348 352 -2
353 357 -4
353 358 -1
353 359 -4
353 360 4
354 357 -1
354 358 4
354 359 -4
354 360 4
355 357 -4
355 358 1
355 359 -4
355 360 -4
356 357 4
356 358 4
356 359 1
356 360 -1
361 365 1
361 366 -4
361 367 2
361 368 -4
362 365 -4
362 366 -4
362 367 -1
362 368 -4
363 365 4
363 366 4
363 367 -4
363 368 4
364 365 -1
364 366 2
364 367 2
364 368 4
369 373 1
369 374 -2
369 375 4
369 376 2
370 373 -1
370 374 -2
370 375 2
370 376 4
371 373 1
371 374 -1
371 375 2
371 376 -4
372 373 1
372 374 -1
372 375 -4
372 376 4
377 381 -2
377 382 -4
377 383 -1
377 384 -1
378 381 4
378 382 1
378 383 2
378 384 1
379 381 -2
379 382 4
379 383 1
379 384 4
380 381 4
380 382 -1
380 383 4
380 384 4
385 389 -4
385 390 -2
385 391 -2
385 392 -4
386 389 4
386 390 1
386 391 -2
386 392 -1
387 389 -4
387 390 2
387 391 -4
387 392 1
388 389 4
388 390 -1
388 391 4
388 392 2
393 397 1
393 398 -4
393 399 1
393 400 -4
394 397 4
394 398 -1
394 399 4
394 400 -4
395 397 4
395 398 1
395 399 -2
395 400 -2
396 397 -2
396 398 1
396 399 -1
396 400 -2
401 405 -1
401 406 4
401 407 -2
401 408 1
402 405 4
402 406 4
402 407 1
402 408 -1
403 405 4
403 406 4
403 407 4
403 408 -4
404 405 4
404 406 1
404 407 4
404 408 4
409 413 1
409 414 4
409 415 2
409 416 -2
410 413 2
410 414 4
410 415 1
410 416 2
411 413 4
411 414 2
411 415 -4
411 416 4
412 413 4
412 414 1
412 415 -4
412 416 -1
417 421 4
417 422 2
417 423 -1
417 424 1
418 421 2
418 422 1
418 423 -1
418 424 4
419 421 -4
419 422 -1
419 423 -4
419 424 -4
420 421 1
420 422 2
420 423 4
420 424 2
425 429 -2
425 430 -1
425 431 2
425 432 -2
426 429 -2
426 430 4
426 431 -1
426 432 2
427 429 4
427 430 -4
427 431 2
427 432 4
428 429 -1
428 430 -2
428 431 -1
428 432 -2
433 437 4
433 438 -2
433 439 1
433 440 -2
434 437 -4
434 438 -1
434 439 -2
434 440 -4
435 437 -1
435 438 2
435 439 -1
435 440 -2
436 437 2
436 438 -2
436 439 -4
436 440 4
441 445 -1
441 446 -1
441 447 4
441 448 4
442 445 -1
442 446 -4
442 447 4
442 448 1
443 445 4
443 446 4
443 447 1
443 448 -1
444 445 -1
444 446 1
444 447 2
444 448 4
449 453 1
449 454 1
449 455 2
449 456 -1
450 453 -2
450 454 1
450 455 4
450 456 1
451 453 1
451 454 1
451 455 -2
451 456 4
452 453 4
452 454 1
452 455 2
452 456 4
457 461 4
457 462 2
457 463 -1
457 464 -1
458 461 -4
458 462 1
458 463 -4
458 464 -1
459 461 4
459 462 1
459 463 -1
459 464 2
460 461 -1
460 462 -2
460 463 2
460 464 -2
465 469 -4
465 470 -1
465 471 2
465 472 -4
466 469 -1
466 470 -1
466 471 2
466 472 -2
467 469 4
467 470 -4
467 471 -2
467 472 -4
468 469 2
468 470 -4
468 471 1
468 472 -4
473 477 -1
473 478 1
473 479 4
473 480 2
474 477 1
474 478 -2
474 479 -1
474 480 -2
475 477 4
475 478 -2
475 479 2
475 480 -4
476 477 -2
476 478 2
476 479 4
476 480 2
481 485 -4
481 486 -4
481 487 2
481 488 4
482 485 2
482 486 -2
482 487 4
482 488 1
483 485 4
483 486 -1
483 487 4
483 488 2
484 485 4
484 486 1
484 487 4
484 488 -4
489 493 1
489 494 2
489 495 2
489 496 2
490 493 1
490 494 4
490 495 -2
490 496 4
491 493 2
491 494 1
491 495 1
491 496 -4
492 493 1
492 494 1
492 495 -2
492 496 -1
497 501 2
497 502 1
497 503 4
497 504 1
498 501 -1
498 502 2
498 503 2
498 504 -2
499 501 -2
499 502 -2
499 503 1
499 504 4
500 501 2
500 502 2
500 503 -4
500 504 -4
505 509 -4
505 510 2
505 511 4
505 512 -2
506 509 4
506 510 1
506 511 4
506 512 -2
507 509 -4
507 510 -2
507 511 -4
507 512 1
508 509 2
508 510 1
508 511 -2
508 512 1
5 13 -2
6 14 -4
7 15 4
8 16 -4
13 21 -4
14 22 -2
15 23 1
16 24 -4
21 29 -2
22 30 -1
23 31 -1
24 32 -1
29 37 -1
30 38 2
31 39 4
32 40 4
37 45 4
38 46 -1
39 47 -1
40 48 4
45 53 -4
46 54 -1
47 55 -4
48 56 4
53 61 1
54 62 -2
55 63 -4
56 64 1
69 77 -1
70 78 2
71 79 -1
72 80 -2
77 85 2
78 86 -2
79 87 -2
80 88 2
85 93 -2
86 94 2
87 95 1
88 96 -4
93 101 1
94 102 2
95 103 -4
96 104 -4
101 109 -1
102 110 -2
103 111 1
104 112 -4
109 117 1
110 118 -4
111 119 -2
112 120 -4
117 125 2
118 126 4
119 127 -4
120 128 -2
133 141 1
134 142 4
135 143 -2
136 144 1
141 149 -4
142 150 -2
143 151 4
144 152 2
149 157 -2
150 158 1
151 159 2
152 160 -1
157 165 2
158 166 -4
159 167 2
160 168 1
165 173 -1
166 174 -2
167 175 -2
168 176 1
173 181 2
174 182 -4
175 183 2
176 184 -1
181 189 4
182 190 4
183 191 1
184 192 -4
197 205 -2
198 206 -1
199 207 1
200 208 -1
205 213 2
206 214 -2
207 215 1
208 216 4
213 221 2
214 222 -2
215 223 2
216 224 -2
221 229 2
222 230 -2
223 231 -1
224 232 -2
229 237 2
230 238 -1
231 239 1
232 240 -1
237 245 1
238 246 2
239 247 -1
240 248 -1
245 253 1
246 254 -2
247 255 2
248 256 -4
261 269 1
262 270 -2
263 271 -1
264 272 1
269 277 -1
270 278 2
271 279 -1
272 280 -2
277 285 1
278 286 2
279 287 4
280 288 1
285 293 1
286 294 4
287 295 4
288 296 -2
293 301 -4
294 302 -1
295 303 2
296 304 1
301 309 -2
302 310 1
303 311 -2
304 312 4
309 317 4
310 318 -2
311 319 1
312 320 2
325 333 1
326 334 4
327 335 4
328 336 -4
333 341 -4
334 342 -1
335 343 1
336 344 -4
341 349 2
342 350 4
343 351 2
344 352 4
349 357 -1
350 358 2
351 359 -4
352 360 4
357 365 -4
358 366 4
359 367 -1
360 368 2
365 373 -1
366 374 1
367 375 -4
368 376 -4
373 381 2
374 382 -1
375 383 -4
376 384 -1
389 397 -4
390 398 2
391 399 -4
392 400 -2
397 405 -4
398 406 -2
399 407 -4
400 408 -1
405 413 1
406 414 -4
407 415 1
408 416 4
413 421 1
414 422 -1
415 423 4
416 424 -2
421 429 -2
422 430 -2
423 431 4
424 432 -1
429 437 -2
430 438 -1
431 439 1
432 440 -2
437 445 -1
438 446 2
439 447 1
440 448 -2
453 461 2
454 462 -2
455 463 -1
456 464 -4
461 469 1
462 470 -2
463 471 1
464 472 2
469 477 4
470 478 1
471 479 4
472 480 2
477 485 -4
478 486 1
479 487 -1
480 488 1
485 493 4
486 494 -1
487 495 -2
488 496 -4
493 501 -1
494 502 -4
495 503 -4
496 504 1
501 509 -2
502 510 -2
503 511 2
504 512 4
1 65 4
2 66 -1
3 67 2
4 68 -4
65 129 -1
66 130 -2
67 131 -2
68 132 1
129 193 2
130 194 2
131 195 4
132 196 -1
193 257 -4
194 258 -4
195 259 -1
196 260 1
257 321 -2
258 322 -1
259 323 -4
260 324 -1
321 385 1
322 386 2
323 387 -2
324 388 4
385 449 -1
386 450 2
387 451 -2
388 452 -1
9 73 -1
10 74 -2
11 75 1
12 76 -1
73 137 -2
74 138 4
75 139 -4
76 140 -1
137 201 4
138 202 1
139 203 -1
140 204 2
201 265 1
202 266 -1
203 267 -2
204 268 -2
265 329 -1
266 330 4
267 331 2
268 332 2
329 393 4
330 394 4
331 395 1
332 396 1
393 457 4
394 458 -1
395 459 -4
396 460 1
17 81 1
18 82 -1
19 83 2
20 84 4
81 145 2
82 146 -4
83 147 -4
84 148 4
145 209 2
146 210 -1
147 211 -2
148 212 2
209 273 1
210 274 -1
211 275 -1
212 276 -1
273 337 -1
274 338 2
275 339 -1
276 340 4
337 401 -4
338 402 -4
339 403 -4
340 404 4
401 465 1
402 466 -1
403 467 4
404 468 -4
25 89 2
26 90 4
27 91 -4
28 92 -4
89 153 -1
90 154 1
91 155 4
92 156 1
153 217 1
154 218 -2
155 219 4
156 220 2
217 281 4
218 282 1
219 283 -4
220 284 -4
281 345 1
282 346 4
283 347 1
284 348 4
345 409 4
346 410 -2
347 411 -1
348 412 -4
409 473 -1
410 474 -4
411 475 -1
412 476 -2
33 97 -1
34 98 2
35 99 -2
36 100 -2
97 161 1
98 162 -1
99 163 -4
100 164 2
161 225 2
162 226 2
163 227 2
164 228 2
225 289 -2
226 290 4
227 291 -4
228 292 2
289 353 1
290 354 2
291 355 2
292 356 -2
353 417 1
354 418 4
355 419 4
356 420 2
417 481 2
418 482 4
419 483 -4
420 484 -1
41 105 1
42 106 -2
43 107 -1
44 108 -1
105 169 4
106 170 -1
107 171 -4
108 172 2
169 233 1
170 234 -1
171 235 2
172 236 1
233 297 4
234 298 -2
235 299 -2
236 300 -4
297 361 1
298 362 4
299 363 1
300 364 -2
361 425 -4
362 426 4
363 427 -4
364 428 -1
425 489 -4
426 490 -1
427 491 -4
428 492 2
49 113 4
50 114 1
51 115 -2
52 116 2
113 177 1
114 178 -4
115 179 4
116 180 2
177 241 -1
178 242 -1
179 243 -1
180 244 -1
241 305 4
242 306 4
243 307 4
244 308 4
305 369 -2
306 370 -2
307 371 -4
308 372 -2
369 433 2
370 434 -2
371 435 2
372 436 -4
433 497 2
434 498 1
435 499 4
436 500 1
57 121 4
58 122 -4
59 123 1
60 124 -2
121 185 -1
122 186 1
123 187 1
124 188 2
185 249 -1
186 250 2
187 251 2
188 252 -1
249 313 2
250 314 1
251 315 2
252 316 2
313 377 -4
314 378 4
315 379 2
316 380 1
377 441 2
378 442 -1
379 443 -2
380 444 -1
441 505 -1
442 506 -2
443 507 -4
444 508 -2
