#
1 5 -4
1 6 2
1 7 -4
1 8 -2
2 5 -2
2 6 -4
2 7 -2
2 8 -4
3 5 -4
3 6 -1
3 7 2
3 8 -1
4 5 1
4 6 -1
4 7 -1
4 8 -1
9 13 4
9 14 4
9 15 -1
9 16 2
10 13 2
10 14 -4
10 15 -4
10 16 -1
11 13 -4
11 14 1
11 15 -1
11 16 -1
12 13 2
12 14 4
12 15 1
12 16 2
17 21 -1
17 22 4
17 23 4
17 24 -4
18 21 4
18 22 4
18 23 4
18 24 1
19 21 -2
19 22 2
19 23 4
19 24 -2
20 21 4
20 22 -4
20 23 -2
20 24 1
25 29 -4
25 30 2
25 31 -1
25 32 -1
26 29 4
26 30 -2
26 31 1
26 32 2
27 29 -1
27 30 -2
27 31 -1
27 32 -2
28 29 -2
28 30 -4
28 31 1
28 32 4
33 37 4
33 38 1
33 39 -2
33 40 4
34 37 -1
34 38 4
34 39 -4
34 40 -1
35 37 -2
35 38 1
35 39 2
35 40 -1
36 37 -1
36 38 -4
36 39 -1
36 40 4
41 45 -2
41 46 -4
41 47 4
41 48 -4
42 45 -4
42 46 4
42 47 1
42 48 -1
43 45 4
43 46 -1
43 47 4
43 48 4
44 45 1
44 46 -2
44 47 2
44 48 2
49 53 -4
49 54 2
49 55 4
49 56 -4
50 53 -2
50 54 4
50 55 -4
50 56 -2
51 53 -4
51 54 -2
51 55 4
51 56 4
52 53 -2
52 54 4
52 55 -2
52 56 1
57 61 4
57 62 1
57 63 1
57 64 4
58 61 -2
58 62 -4
58 63 -4
58 64 4
59 61 -4
59 62 4
59 63 -2
59 64 -1
60 61 2
60 62 2
60 63 -1
60 64 2
65 69 -4
65 70 -4
65 71 4
65 72 4
66 69 -4
66 70 2
66 71 -4
66 72 1
67 69 1
67 70 -1
67 71 2
67 72 1
68 69 -1
68 70 2
68 71 -4
68 72 -1
73 77 2
73 78 1
73 79 -4
73 80 4
74 77 -2
74 78 2
74 79 4
74 80 1
75 77 -2
75 78 -2
75 79 2
75 80 1
76 77 -4
76 78 -2
76 79 2
76 80 2
81 85 2
81 86 4
81 87 -2
81 88 -1
82 85 4
82 86 4
82 87 -1
82 88 1
83 85 -1
83 86 4
83 87 -2
83 88 1
84 85 -1
84 86 4
84 87 -1
84 88 1
89 93 2
89 94 4
89 95 4
89 96 -4
90 93 1
90 94 -4
90 95 -4
90 96 -4
91 93 -1
91 94 2
91 95 -4
91 96 -4
92 93 2
92 94 1
92 95 -1
92 96 4
97 101 2
97 102 4
97 103 4
97 104 4
98 101 1
98 102 4
98 103 4
98 104 -1
99 101 4
99 102 -4
99 103 -1
99 104 2
100 101 -2
100 102 -1
100 103 4
100 104 -2
105 109 2
105 110 2
105 111 4
105 112 4
106 109 1
106 110 4
106 111 2
106 112 2
107 109 2
107 110 2
107 111 1
107 112 -2
108 109 -2
108 110 -4
108 111 4
108 112 1
113 117 -2
113 118 4
113 119 -1
113 120 4
114 117 -1
114 118 4
114 119 1
114 120 1
115 117 4
115 118 1
115 119 1
115 120 -1
116 117 -1
116 118 -1
116 119 -4
116 120 4
121 125 -4
121 126 -1
121 127 2
121 128 -2
122 125 -4
122 126 -1
122 127 2
122 128 2
123 125 -2
123 126 2
123 127 2
123 128 4
124 125 -4
124 126 -1
124 127 1
124 128 -4
129 133 1
129 134 4
129 135 -2
129 136 4
130 133 2
130 134 1
130 135 -2
130 136 2
131 133 4
131 134 -4
131 135 -1
131 136 1
132 133 -4
132 134 -2
132 135 4
132 136 4
137 141 -2
137 142 -2
137 143 2
137 144 1
138 141 -1
138 142 -4
138 143 -2
138 144 -1
139 141 1
139 142 -1
139 143 1
139 144 -2
140 141 -2
140 142 1
140 143 -2
140 144 2
145 149 -2
145 150 -2
145 151 -4
145 152 -1
146 149 -1
146 150 -4
146 151 -4
146 152 1
147 149 -2
147 150 -4
147 151 1
147 152 1
148 149 2
148 150 -1
148 151 -1
148 152 -4
153 157 -2
153 158 -2
153 159 -1
153 160 4
154 157 2
154 158 2
154 159 -2
154 160 4
155 157 4
155 158 4
155 159 -2
155 160 1
156 157 1
156 158 1
156 159 4
156 160 -2
161 165 -1
161 166 1
161 167 1
161 168 4
162 165 1
162 166 2
162 167 2
162 168 4
163 165 -1
163 166 2
163 167 1
163 168 1
164 165 2
164 166 1
164 167 -4
164 168 -4
169 173 2
169 174 4
169 175 4
169 176 1
170 173 1
170 174 -2
170 175 2
170 176 -2
171 173 4
171 174 -1
171 175 -4
171 176 -2
172 173 -1
172 174 2
172 175 -1
172 176 4
177 181 -4
177 182 -1
177 183 1
177 184 -2
178 181 1
178 182 4
178 183 -2
178 184 -2
179 181 4
179 182 -1
179 183 -1
179 184 1
180 181 4
180 182 -2
180 183 2
180 184 1
185 189 2
185 190 -4
185 191 -4
185 192 1
186 189 2
186 190 -4
186 191 2
186 192 -2
187 189 4
187 190 -4
187 191 4
187 192 2
188 189 -4
188 190 -1
188 191 1
188 192 4
193 197 -2
193 198 1
193 199 -4
193 200 2
194 197 -2
194 198 2
194 199 4
194 200 1
195 197 -2
195 198 2
195 199 -2
195 200 1
196 197 -2
196 198 1
196 199 -4
196 200 2
201 205 -4
201 206 2
201 207 -1
201 208 1
202 205 2
202 206 1
202 207 2
202 208 1
203 205 -4
203 206 2
203 207 -4
203 208 -4
204 205 2
204 206 -2
204 207 1
204 208 1
209 213 4
209 214 -4
209 215 2
209 216 -2
210 213 4
210 214 -1
210 215 2
210 216 -2
211 213 1
211 214 1
211 215 -2
211 216 4
212 213 -1
212 214 1
212 215 -2
212 216 -2
217 221 1
217 222 1
217 223 -2
217 224 4
218 221 -4
218 222 -4
218 223 4
218 224 -1
219 221 1
219 222 -1
219 223 1
219 224 4
220 221 -4
220 222 1
220 223 -2
220 224 2
225 229 1
225 230 -2
225 231 -4
225 232 4
226 229 -1
226 230 1
226 231 4
226 232 -2
227 229 2
227 230 4
227 231 4
227 232 1
228 229 2
228 230 -4
228 231 2
228 232 -4
233 237 2
233 238 -4
233 239 1
233 240 -4
234 237 1
234 238 4
234 239 -4
234 240 -2
235 237 -1
235 238 -4
235 239 -2
235 240 2
236 237 4
236 238 4
236 239 -4
236 240 -1
241 245 -1
241 246 -1
241 247 -4
241 248 -4
242 245 2
242 246 -2
242 247 -1
242 248 -4
243 245 2
243 246 -1
243 247 2
243 248 1
244 245 -2
244 246 -4
244 247 1
244 248 1
249 253 -1
249 254 2
249 255 1
249 256 2
250 253 2
250 254 4
250 255 2
250 256 4
251 253 4
251 254 4
251 255 1
251 256 1
252 253 2
252 254 2
252 255 2
252 256 -4
257 261 -4
257 262 -4
257 263 -1
257 264 1
258 261 2
258 262 -4
258 263 1
258 264 -2
259 261 2
259 262 4
259 263 4
259 264 -1
260 261 2
260 262 1
260 263 -2
260 264 1
265 269 -4
265 270 -4
265 271 -1
265 272 -4
266 269 -2
266 270 2
266 271 -1
266 272 1
267 269 2
267 270 2
267 271 -1
267 272 -4
268 269 2
268 270 -4
268 271 4
268 272 -2
273 277 -2
273 278 -4
273 279 -1
273 280 4
274 277 -2
274 278 1
274 279 -2
274 280 -1
275 277 2
275 278 -1
275 279 2
275 280 -1
276 277 -2
276 278 2
276 279 2
276 280 -1
281 285 -2
281 286 1
281 287 -1
281 288 -4
282 285 4
282 286 1
282 287 -1
282 288 -1
283 285 -2
283 286 1
283 287 -2
283 288 2
284 285 1
284 286 -2
284 287 4
284 288 1
289 293 1
289 294 -2
289 295 2
289 296 -4
290 293 2
290 294 1
290 295 -4
290 296 1
291 293 -1
291 294 4
291 295 2
291 296 -4
292 293 2
292 294 -1
292 295 2
292 296 -2
297 301 1
297 302 -1
297 303 4
297 304 2
298 301 4
298 302 4
298 303 -1
298 304 1
299 301 -1
299 302 1
299 303 2
299 304 4
300 301 -4
300 302 4
300 303 -1
300 304 -4
305 309 -4
305 310 4
305 311 -1
305 312 -4
306 309 4
306 310 -4
306 311 1
306 312 4
307 309 -2
307 310 1
307 311 4
307 312 1
308 309 4
308 310 1
308 311 -2
308 312 -1
313 317 -1
313 318 -1
313 319 -4
313 320 1
314 317 4
314 318 -2
314 319 -4
314 320 1
315 317 -1
315 318 4
315 319 -2
315 320 1
316 317 1
316 318 -4
316 319 1
316 320 -4
321 325 -2
321 326 4
321 327 1
321 328 -1
322 325 2
322 326 -2
322 327 2
322 328 2
323 325 4
323 326 -2
323 327 -2
323 328 -1
324 325 -1
324 326 -4
324 327 -1
324 328 -2
329 333 -1
329 334 2
329 335 4
329 336 -1
330 333 2
330 334 -1
330 335 -4
330 336 -1
331 333 -4
331 334 -1
331 335 4
331 336 -4
332 333 1
332 334 4
332 335 1
332 336 4
337 341 -2
337 342 -2
337 343 2
337 344 4
338 341 -1
338 342 4
338 343 -4
338 344 -4
339 341 2
339 342 1
339 343 -2
339 344 2
340 341 -2
340 342 1
340 343 4
340 344 -2
345 349 4
345 350 -2
345 351 2
345 352 -2
346 349 -2
346 350 2
346 351 2
346 352 -4
347 349 2
347 350 -4
347 351 -1
347 352 -4
348 349 4
348 350 4
348 351 -1
348 352 -1
353 357 4
353 358 -4
353 359 1
353 360 4
354 357 -2
354 358 -1
354 359 4
354 360 2
355 357 -1
355 358 4
355 359 -1
355 360 2
356 357 -4
356 358 1
356 359 1
356 360 4
361 365 1
361 366 -1
361 367 -1
361 368 1
362 365 -1
362 366 2
362 367 -2
362 368 1
363 365 -1
363 366 -1
363 367 -4
363 368 -2
364 365 -2
364 366 -2
364 367 2
364 368 2
369 373 4
369 374 1
369 375 -4
369 376 2
370 373 -1
370 374 -4
370 375 -4
370 376 2
371 373 1
371 374 -2
371 375 -2
371 376 4
372 373 1
372 374 2
372 375 2
372 376 -2
377 381 -4
377 382 2
377 383 4
377 384 -4
378 381 -1
378 382 1
378 383 2
378 384 2
379 381 -4
379 382 -4
379 383 -4
379 384 2
380 381 -1
380 382 1
380 383 -1
380 384 4
385 389 2
385 390 1
385 391 2
385 392 -1
386 389 -1
386 390 2
386 391 4
386 392 1
387 389 4
387 390 -2
387 391 -2
387 392 2
388 389 2
388 390 -1
388 391 4
388 392 -2
393 397 2
393 398 -1
393 399 1
393 400 -2
394 397 2
394 398 -1
394 399 -1
394 400 -4
395 397 1
395 398 2
395 399 1
395 400 -1
396 397 -2
396 398 -2
396 399 -1
396 400 -4
401 405 1
401 406 -4
401 407 4
401 408 2
402 405 -4
402 406 -2
402 407 -4
402 408 2
403 405 -2
403 406 -4
403 407 -1
403 408 4
404 405 2
404 406 -2
404 407 2
404 408 4
409 413 4
409 414 -4
409 415 1
409 416 -1
410 413 -2
410 414 2
410 415 -2
410 416 4
411 413 -1
411 414 1
411 415 -1
411 416 -1
412 413 1
412 414 4
412 415 1
412 416 4
417 421 -1
417 422 2
417 423 4
417 424 -1
418 421 4
418 422 -1
418 423 1
418 424 4
419 421 -2
419 422 1
419 423 1
419 424 -4
420 421 -1
420 422 4
420 423 -4
420 424 1
425 429 1
425 430 -1
425 431 4
425 432 2
426 429 4
426 430 1
426 431 1
426 432 -4
427 429 -1
427 430 1
427 431 -2
427 432 -2
428 429 4
428 430 -2
428 431 1
428 432 -2
433 437 4
433 438 4
433 439 -4
433 440 -1
434 437 4
434 438 -2
434 439 4
434 440 -1
435 437 1
435 438 -4
435 439 4
435 440 -1
436 437 -4
436 438 -4
436 439 4
436 440 4
441 445 2
441 446 2
441 447 -4
441 448 4
442 445 -2
442 446 -1
442 447 -2
442 448 -1
443 445 -1
443 446 4
443 447 -1
443 448 -4
444 445 -4
444 446 4
444 447 -1
444 448 1
449 453 -1
449 454 -1
449 455 4
449 456 4
450 453 2
450 454 -4
450 455 1
450 456 2
451 453 -2
451 454 -4
451 455 -2
451 456 2
452 453 -2
452 454 2
452 455 2
452 456 -4
457 461 2
457 462 -1
457 463 -2
457 464 -1
458 461 1
458 462 1
458 463 -1
458 464 1
459 461 -4
459 462 1
459 463 1
459 464 -4
460 461 4
460 462 1
460 463 -4
460 464 1
465 469 2
465 470 -1
465 471 4
465 472 4
466 469 1
466 470 -2
466 471 -1
466 472 -2
467 469 2
467 470 4
467 471 -1
467 472 4
468 469 1
468 470 -4
468 471 4
468 472 -1
473 477 -1
473 478 -1
473 479 2
473 480 -4
474 477 -1
474 478 1
474 479 -1
474 480 -4
475 477 2
475 478 2
475 479 -1
475 480 1
476 477 1
476 478 1
476 479 1
476 480 -2
481 485 1
481 486 -4
481 487 1
481 488 -4
482 485 1
482 486 -1
482 487 -4
482 488 -2
483 485 4
483 486 -2
483 487 2
483 488 -2
484 485 4
484 486 -1
484 487 -1
484 488 -2
489 493 4
489 494 1
489 495 -4
489 496 -1
490 493 1
490 494 1
490 495 4
490 496 -2
491 493 -2
491 494 2
491 495 -1
491 496 1
492 493 -1
492 494 -1
492 495 -2
492 496 1
497 501 -2
497 502 1
497 503 -2
497 504 -1
498 501 -2
498 502 4
498 503 1
498 504 -4
499 501 -4
499 502 1
499 503 -1
499 504 -4
500 501 4
500 502 1
500 503 -2
500 504 1
505 509 -1
505 510 -2
505 511 4
505 512 4
506 509 2
506 510 4
506 511 4
506 512 -4
507 509 4
507 510 -2
507 511 -2
507 512 -2
508 509 -4
508 510 1
508 511 2
508 512 4
5 13 4
6 14 -1
7 15 -2
8 16 2
13 21 -1
14 22 2
15 23 -1
16 24 -2
21 29 -4
22 30 1
23 31 -4
24 32 -2
29 37 -4
30 38 2
31 39 4
32 40 1
37 45 1
38 46 2
39 47 -4
40 48 4
45 53 2
46 54 4
47 55 4
48 56 4
53 61 2
54 62 -2
55 63 -4
56 64 -2
69 77 2
70 78 2
71 79 1
72 80 -2
77 85 -1
78 86 -4
79 87 4
80 88 1
85 93 4
86 94 -2
87 95 -2
88 96 -4
93 101 -2
94 102 -4
95 103 -2
96 104 -4
101 109 -4
102 110 4
103 111 4
104 112 -2
109 117 -1
110 118 -1
111 119 -4
112 120 2
117 125 1
118 126 -4
119 127 -4
120 128 2
133 141 2
134 142 1
135 143 -4
136 144 2
141 149 -4
142 150 -1
143 151 -2
144 152 -2
149 157 2
150 158 -1
151 159 4
152 160 -2
157 165 1
158 166 4
159 167 1
160 168 -1
165 173 -1
166 174 -4
167 175 1
168 176 -2
173 181 -4
174 182 -1
175 183 2
176 184 -4
181 189 -1
182 190 2
183 191 4
184 192 4
197 205 4
198 206 -4
199 207 2
200 208 1
205 213 -2
206 214 -4
207 215 2
208 216 2
213 221 4
214 222 -4
215 223 4
216 224 2
221 229 4
222 230 -4
223 231 -2
224 232 -2
229 237 4
230 238 4
231 239 4
232 240 -2
237 245 -1
238 246 4
239 247 2
240 248 -4
245 253 -4
246 254 -2
247 255 4
248 256 -2
261 269 -4
262 270 -4
263 271 4
264 272 1
269 277 -4
270 278 2
271 279 -4
272 280 -4
277 285 1
278 286 -2
279 287 -4
280 288 -2
285 293 4
286 294 -1
287 295 -4
288 296 1
293 301 1
294 302 1
295 303 -1
296 304 -1
301 309 1
302 310 -1
303 311 -1
304 312 4
309 317 -2
310 318 -2
311 319 -4
312 320 4
325 333 4
326 334 -2
327 335 -2
328 336 -2
333 341 1
334 342 -2
335 343 -1
336 344 -4
341 349 -2
342 350 -4
343 351 1
344 352 1
349 357 -4
350 358 2
351 359 4
352 360 -1
357 365 -2
358 366 1
359 367 -1
360 368 -1
365 373 -1
366 374 -1
367 375 -1
368 376 1
373 381 -4
374 382 -2
375 383 -1
376 384 -1
389 397 4
390 398 1
391 399 2
392 400 -1
397 405 -4
398 406 2
399 407 2
400 408 2
405 413 -4
406 414 2
407 415 2
408 416 1
413 421 -1
414 422 4
415 423 -2
416 424 1
421 429 2
422 430 4
423 431 -4
424 432 4
429 437 4
430 438 -4
431 439 -4
432 440 1
437 445 -1
438 446 -2
439 447 -1
440 448 -1
453 461 2
454 462 -1
455 463 1
456 464 -2
461 469 -2
462 470 -2
463 471 -1
464 472 2
469 477 2
470 478 4
471 479 2
472 480 1
477 485 1
478 486 -4
479 487 -2
480 488 4
485 493 2
486 494 -1
487 495 1
488 496 1
493 501 -2
494 502 1
495 503 2
496 504 2
501 509 2
502 510 1
503 511 -1
504 512 -4
1 65 1
2 66 1
3 67 -1
4 68 -4
65 129 4
66 130 -1
67 131 1
68 132 1
129 193 2
130 194 -1
131 195 -1
132 196 1
193 257 2
194 258 -4
195 259 -1
196 260 -4
257 321 1
258 322 -2
259 323 -1
260 324 -1
321 385 -1
322 386 2
323 387 -2
324 388 2
385 449 2
386 450 1
387 451 -1
388 452 -2
9 73 -4
10 74 4
11 75 -1
12 76 4
73 137 -1
74 138 4
75 139 -1
76 140 -4
137 201 2
138 202 4
139 203 -1
140 204 1
201 265 1
202 266 2
203 267 1
204 268 -4
265 329 -2
266 330 2
267 331 2
268 332 1
329 393 -2
330 394 1
331 395 -4
332 396 -2
393 457 1
394 458 -1
395 459 4
396 460 1
17 81 -1
18 82 4
19 83 -2
20 84 -4
81 145 -2
82 146 2
83 147 2
84 148 -4
145 209 2
146 210 -4
147 211 -1
148 212 -1
209 273 -4
210 274 -1
211 275 -2
212 276 -2
273 337 -4
274 338 1
275 339 4
276 340 -1
337 401 -1
338 402 4
339 403 -1
340 404 4
401 465 -4
402 466 -2
403 467 2
404 468 -2
25 89 4
26 90 -2
27 91 -1
28 92 -2
89 153 -4
90 154 4
91 155 -2
92 156 -1
153 217 4
154 218 -4
155 219 -1
156 220 -1
217 281 -2
218 282 1
219 283 -2
220 284 2
281 345 1
282 346 -1
283 347 -2
284 348 -2
345 409 2
346 410 -2
347 411 -2
348 412 2
409 473 4
410 474 -4
411 475 -1
412 476 4
33 97 1
34 98 -2
35 99 -2
36 100 -4
97 161 -2
98 162 4
99 163 2
100 164 -4
161 225 4
162 226 -1
163 227 -1
164 228 -4
225 289 1
226 290 4
227 291 -1
228 292 4
289 353 -4
290 354 4
291 355 1
292 356 1
353 417 -2
354 418 -1
355 419 -4
356 420 -4
417 481 -1
418 482 -1
419 483 -1
420 484 -1
41 105 -1
42 106 -2
43 107 1
44 108 -4
105 169 4
106 170 4
107 171 -4
108 172 -2
169 233 -4
170 234 1
171 235 -4
172 236 -1
233 297 1
234 298 4
235 299 4
236 300 1
297 361 4
298 362 -1
299 363 2
300 364 2
361 425 -1
362 426 2
363 427 4
364 428 2
425 489 -1
426 490 1
427 491 1
428 492 -2
49 113 2
50 114 -1
51 115 -1
52 116 -4
113 177 -2
114 178 1
115 179 -2
116 180 2
177 241 -1
178 242 2
179 243 1
180 244 -2
241 305 -2
242 306 -4
243 307 -1
244 308 4
305 369 -1
306 370 -1
307 371 -1
308 372 -4
369 433 -4
370 434 1
371 435 -1
372 436 -4
433 497 -2
434 498 -4
435 499 4
436 500 4
57 121 2
58 122 4
59 123 4
60 124 1
121 185 -1
122 186 -2
123 187 4
124 188 2
185 249 -1
186 250 4
187 251 -1
188 252 1
249 313 4
250 314 1
251 315 -2
252 316 1
313 377 4
314 378 -4
315 379 4
316 380 2
377 441 4
378 442 -2
379 443 -2
380 444 2
441 505 2
442 506 4
443 507 1
444 508 2
