#
1 5 4
1 6 -1
1 7 2
1 8 -1
2 5 4
2 6 1
2 7 -4
2 8 4
3 5 -2
3 6 1
3 7 -4
3 8 1
4 5 2
4 6 -4
4 7 -2
4 8 -2
9 13 -1
9 14 -1
9 15 1
9 16 4
10 13 1
10 14 4
10 15 1
10 16 4
11 13 4
11 14 -1
11 15 -4
11 16 -2
12 13 -1
12 14 -4
12 15 -1
12 16 2
17 21 -2
17 22 2
17 23 -1
17 24 4
18 21 1
18 22 -2
18 23 -2
18 24 4
19 21 -2
19 22 -2
19 23 4
19 24 4
20 21 1
20 22 -1
20 23 1
20 24 -2
25 29 -2
25 30 -2
25 31 4
25 32 -4
26 29 -2
26 30 -1
26 31 -1
26 32 -4
27 29 4
27 30 -1
27 31 -1
27 32 2
28 29 -2
28 30 -4
28 31 -4
28 32 -2
33 37 -1
33 38 1
33 39 -4
33 40 1
34 37 -1
34 38 -1
34 39 -4
34 40 -1
35 37 -1
35 38 -1
35 39 2
35 40 -1
36 37 1
36 38 2
36 39 -1
36 40 4
41 45 2
41 46 -4
41 47 4
41 48 -2
42 45 -2
42 46 4
42 47 -4
42 48 -2
43 45 -4
43 46 2
43 47 4
43 48 -4
44 45 1
44 46 -1
44 47 1
44 48 -4
49 53 -2
49 54 2
49 55 -4
49 56 2
50 53 -1
50 54 2
50 55 -1
50 56 1
51 53 4
51 54 -4
51 55 -4
51 56 -1
52 53 -1
52 54 1
52 55 -2
52 56 2
57 61 -2
57 62 -1
57 63 2
57 64 -2
58 61 1
58 62 4
58 63 2
58 64 -1
59 61 -4
59 62 4
59 63 2
59 64 -4
60 61 -1
60 62 1
60 63 2
60 64 -1
65 69 2
65 70 -4
65 71 1
65 72 -2
66 69 -2
66 70 1
66 71 4
66 72 -2
67 69 4
67 70 2
67 71 1
67 72 -2
68 69 2
68 70 1
68 71 -1
68 72 -2
73 77 -1
73 78 -2
73 79 1
73 80 4
74 77 2
74 78 4
74 79 4
74 80 1
75 77 -4
75 78 1
75 79 1
75 80 1
76 77 -4
76 78 1
76 79 1
76 80 -2
81 85 -1
81 86 -2
81 87 -1
81 88 -1
82 85 4
82 86 -2
82 87 2
82 88 -4
83 85 -1
83 86 2
83 87 -2
83 88 2
84 85 -4
84 86 2
84 87 2
84 88 2
89 93 2
89 94 1
89 95 -1
89 96 2
90 93 -4
90 94 -2
90 95 -4
90 96 4
91 93 4
91 94 4
91 95 1
91 96 -2
92 93 -4
92 94 -2
92 95 -4
92 96 -2
97 101 1
97 102 2
97 103 -2
97 104 -1
98 101 4
98 102 -1
98 103 1
98 104 -4
99 101 -1
99 102 -4
99 103 4
99 104 -1
100 101 -4
100 102 2
100 103 1
100 104 4
105 109 -2
105 110 4
105 111 -2
105 112 4
106 109 2
106 110 1
106 111 -1
106 112 -1
107 109 4
107 110 -1
107 111 4
107 112 -2
108 109 1
108 110 1
108 111 -1
108 112 4
113 117 4
113 118 -4
113 119 2
113 120 -1
114 117 1
114 118 1
114 119 1
114 120 -2
115 117 -1
115 118 4
115 119 -2
115 120 -1
116 117 4
116 118 -4
116 119 -2
116 120 4
121 125 2
121 126 2
121 127 -1
121 128 -1
122 125 -2
122 126 -4
122 127 -2
122 128 -2
123 125 -4
123 126 -4
123 127 4
123 128 2
124 125 -1
124 126 -2
124 127 -1
124 128 4
129 133 -4
129 134 2
129 135 -4
129 136 2
130 133 4
130 134 -2
130 135 4
130 136 1
131 133 4
131 134 -1
131 135 1
131 136 -1
132 133 -2
132 134 4
132 135 4
132 136 2
137 141 2
137 142 2
137 143 -4
137 144 1
138 141 2
138 142 -2
138 143 -4
138 144 4
139 141 -1
139 142 -4
139 143 1
139 144 -4
140 141 4
140 142 -1
140 143 2
140 144 1
145 149 -2
145 150 4
145 151 -1
145 152 2
146 149 -4
146 150 2
146 151 1
146 152 2
147 149 4
147 150 4
147 151 -2
147 152 -2
148 149 -2
148 150 1
148 151 -2
148 152 -2
153 157 2
153 158 4
153 159 -2
153 160 -4
154 157 1
154 158 -4
154 159 1
154 160 2
155 157 -1
155 158 -4
155 159 -4
155 160 2
156 157 2
156 158 4
156 159 -1
156 160 -4
161 165 2
161 166 -4
161 167 -2
161 168 -4
162 165 2
162 166 4
162 167 2
162 168 1
163 165 -1
163 166 -1
163 167 -1
163 168 -1
164 165 2
164 166 -1
164 167 4
164 168 2
169 173 -4
169 174 1
169 175 2
169 176 -1
170 173 2
170 174 -1
170 175 -1
170 176 2
171 173 -2
171 174 4
171 175 -2
171 176 -4
172 173 -1
172 174 -2
172 175 -1
172 176 1
177 181 -2
177 182 -1
177 183 1
177 184 4
178 181 4
178 182 4
178 183 -1
178 184 -1
179 181 -4
179 182 4
179 183 -4
179 184 -4
180 181 1
180 182 4
180 183 2
180 184 2
185 189 1
185 190 1
185 191 4
185 192 -2
186 189 -4
186 190 4
186 191 -4
186 192 -4
187 189 4
187 190 -1
187 191 -2
187 192 -2
188 189 -1
188 190 2
188 191 2
188 192 -2
193 197 1
193 198 1
193 199 1
193 200 2
194 197 -1
194 198 -1
194 199 2
194 200 -2
195 197 -2
195 198 1
195 199 -1
195 200 -1
196 197 -4
196 198 4
196 199 -2
196 200 -2
201 205 -4
201 206 4
201 207 4
201 208 -4
202 205 -2
202 206 4
202 207 -4
202 208 -4
203 205 4
203 206 1
203 207 2
203 208 4
204 205 -2
204 206 1
204 207 -1
204 208 4
209 213 4
209 214 1
209 215 -1
209 216 -1
210 213 1
210 214 4
210 215 4
210 216 -4
211 213 4
211 214 2
211 215 4
211 216 -2
212 213 4
212 214 -4
212 215 4
212 216 -1
217 221 1
217 222 2
217 223 -4
217 224 -1
218 221 -1
218 222 -4
218 223 2
218 224 -4
219 221 -4
219 222 -4
219 223 -2
219 224 2
220 221 2
220 222 4
220 223 -1
220 224 -1
225 229 -1
225 230 2
225 231 -1
225 232 4
226 229 -2
226 230 1
226 231 -2
226 232 -1
227 229 4
227 230 -1
227 231 -2
227 232 -2
228 229 -2
228 230 -4
228 231 -1
228 232 4
233 237 4
233 238 1
233 239 4
233 240 -4
234 237 1
234 238 1
234 239 4
234 240 1
235 237 -4
235 238 -4
235 239 4
235 240 4
236 237 -2
236 238 -1
236 239 2
236 240 1
241 245 1
241 246 -1
241 247 2
241 248 1
242 245 1
242 246 -2
242 247 4
242 248 -1
243 245 1
243 246 2
243 247 4
243 248 -4
244 245 2
244 246 2
244 247 2
244 248 4
249 253 2
249 254 1
249 255 -4
249 256 2
250 253 1
250 254 2
250 255 -4
250 256 1
251 253 1
251 254 4
251 255 -4
251 256 1
252 253 2
252 254 -2
252 255 1
252 256 -4
257 261 -2
257 262 -2
257 263 2
257 264 2
258 261 4
258 262 4
258 263 -2
258 264 1
259 261 4
259 262 2
259 263 4
259 264 -4
260 261 4
260 262 1
260 263 -4
260 264 -2
265 269 -4
265 270 -2
265 271 -2
265 272 -1
266 269 -1
266 270 -2
266 271 1
266 272 -1
267 269 -4
267 270 -2
267 271 -1
267 272 -4
268 269 -2
268 270 -1
268 271 1
268 272 4
273 277 1
273 278 4
273 279 -1
273 280 -2
274 277 -2
274 278 2
274 279 -1
274 280 4
275 277 2
275 278 2
275 279 1
275 280 -1
276 277 1
276 278 -4
276 279 4
276 280 -1
281 285 1
281 286 1
281 287 2
281 288 1
282 285 -4
282 286 4
282 287 2
282 288 2
283 285 -2
283 286 -4
283 287 -2
283 288 1
284 285 -1
284 286 -2
284 287 -2
284 288 -2
289 293 -4
289 294 -1
289 295 1
289 296 4
290 293 -1
290 294 2
290 295 -2
290 296 2
291 293 1
291 294 2
291 295 1
291 296 -4
292 293 1
292 294 1
292 295 -1
292 296 2
297 301 -2
297 302 1
297 303 -2
297 304 1
298 301 -2
298 302 2
298 303 -2
298 304 1
299 301 -2
299 302 4
299 303 -2
299 304 -2
300 301 -2
300 302 -2
300 303 1
300 304 -2
305 309 2
305 310 2
305 311 -2
305 312 4
306 309 -1
306 310 -1
306 311 2
306 312 -1
307 309 -4
307 310 -2
307 311 -2
307 312 4
308 309 -1
308 310 -1
308 311 4
308 312 -1
313 317 -1
313 318 -1
313 319 4
313 320 -2
314 317 2
314 318 -2
314 319 -4
314 320 1
315 317 4
315 318 -4
315 319 -4
315 320 -2
316 317 1
316 318 -4
316 319 -4
316 320 -4
321 325 -4
321 326 2
321 327 4
321 328 1
322 325 1
322 326 2
322 327 1
322 328 2
323 325 -4
323 326 -2
323 327 -2
323 328 -1
324 325 -2
324 326 4
324 327 4
324 328 1
329 333 -2
329 334 2
329 335 2
329 336 2
330 333 2
330 334 2
330 335 2
330 336 1
331 333 -4
331 334 4
331 335 1
331 336 -4
332 333 2
332 334 4
332 335 -2
332 336 -4
337 341 -1
337 342 -1
337 343 4
337 344 -4
338 341 2
338 342 4
338 343 -2
338 344 2
339 341 1
339 342 -2
339 343 -2
339 344 1
340 341 2
340 342 -4
340 343 1
340 344 -1
345 349 1
345 350 1
345 351 -2
345 352 2
346 349 -2
346 350 4
346 351 -1
346 352 -4
347 349 4
347 350 -1
347 351 -2
347 352 4
348 349 4
348 350 2
348 351 -2
348 352 1
353 357 4
353 358 1
353 359 4
353 360 -4
354 357 4
354 358 2
354 359 4
354 360 2
355 357 2
355 358 4
355 359 -1
355 360 -2
356 357 -4
356 358 -1
356 359 -2
356 360 1
361 365 4
361 366 4
361 367 -1
361 368 -4
362 365 -4
362 366 4
362 367 -2
362 368 -2
363 365 -1
363 366 -2
363 367 2
363 368 4
364 365 1
364 366 2
364 367 4
364 368 -2
369 373 4
369 374 -2
369 375 1
369 376 -1
370 373 1
370 374 2
370 375 2
370 376 1
371 373 -1
371 374 1
371 375 -2
371 376 4
372 373 -1
372 374 2
372 375 -2
372 376 4
377 381 1
377 382 2
377 383 -4
377 384 -4
378 381 1
378 382 2
378 383 4
378 384 -4
379 381 1
379 382 4
379 383 -4
379 384 -2
380 381 2
380 382 2
380 383 -4
380 384 -4
385 389 -1
385 390 2
385 391 -1
385 392 -1
386 389 1
386 390 -4
386 391 1
386 392 1
387 389 -4
387 390 -1
387 391 4
387 392 -1
388 389 4
388 390 4
388 391 2
388 392 -2
393 397 -1
393 398 -2
393 399 -4
393 400 2
394 397 2
394 398 -4
394 399 -4
394 400 4
395 397 -2
395 398 -2
395 399 2
395 400 -1
396 397 -1
396 398 4
396 399 -1
396 400 -2
401 405 1
401 406 2
401 407 -1
401 408 1
402 405 1
402 406 2
402 407 2
402 408 -2
403 405 -4
403 406 -1
403 407 4
403 408 4
404 405 2
404 406 2
404 407 -2
404 408 -2
409 413 1
409 414 2
409 415 1
409 416 1
410 413 2
410 414 4
410 415 2
410 416 -4
411 413 2
411 414 1
411 415 -1
411 416 -4
412 413 4
412 414 -2
412 415 2
412 416 -2
417 421 -4
417 422 2
417 423 -2
417 424 4
418 421 -1
418 422 4
418 423 -4
418 424 -1
419 421 -2
419 422 -2
419 423 4
419 424 -2
420 421 4
420 422 4
420 423 2
420 424 1
425 429 -4
425 430 -2
425 431 -4
425 432 -2
426 429 4
426 430 2
426 431 2
426 432 -2
427 429 -2
427 430 -1
427 431 -2
427 432 2
428 429 2
428 430 1
428 431 -2
428 432 -2
433 437 1
433 438 1
433 439 2
433 440 4
434 437 -4
434 438 -4
434 439 1
434 440 2
435 437 1
435 438 -2
435 439 4
435 440 1
436 437 -4
436 438 2
436 439 -4
436 440 -2
441 445 4
441 446 -4
441 447 -4
441 448 -2
442 445 4
442 446 -1
442 447 1
442 448 -4
443 445 1
443 446 1
443 447 2
443 448 2
444 445 2
444 446 -2
444 447 4
444 448 4
449 453 4
449 454 -2
449 455 4
449 456 -1
450 453 -2
450 454 -2
450 455 2
450 456 4
451 453 -4
451 454 -4
451 455 4
451 456 4
452 453 2
452 454 1
452 455 -1
452 456 1
457 461 1
457 462 4
457 463 -1
457 464 -2
458 461 -4
458 462 -4
458 463 -2
458 464 -1
459 461 2
459 462 -2
459 463 -2
459 464 4
460 461 2
460 462 -4
460 463 4
460 464 2
465 469 2
465 470 -4
465 471 -4
465 472 -4
466 469 2
466 470 2
466 471 1
466 472 1
467 469 -1
467 470 -2
467 471 1
467 472 -1
468 469 4
468 470 4
468 471 1
468 472 -2
473 477 2
473 478 1
473 479 -4
473 480 -2
474 477 1
474 478 4
474 479 -2
474 480 2
475 477 4
475 478 2
475 479 -4
475 480 4
476 477 4
476 478 4
476 479 2
476 480 -1
481 485 -2
481 486 -2
481 487 2
481 488 1
482 485 2
482 486 2
482 487 4
482 488 2
483 485 -2
483 486 4
483 487 1
483 488 -2
484 485 1
484 486 4
484 487 -1
484 488 -4
489 493 2
489 494 2
489 495 -1
489 496 1
490 493 -1
490 494 1
490 495 1
490 496 1
491 493 1
491 494 4
491 495 1
491 496 1
492 493 -1
492 494 4
492 495 1
492 496 -1
497 501 4
497 502 -1
497 503 4
497 504 4
498 501 4
498 502 -2
498 503 -1
498 504 -1
499 501 1
499 502 -4
499 503 -2
499 504 4
500 501 -4
500 502 1
500 503 4
500 504 2
505 509 1
505 510 2
505 511 -4
505 512 -4
506 509 2
506 510 -4
506 511 -2
506 512 -4
507 509 -4
507 510 -4
507 511 2
507 512 2
508 509 1
508 510 -2
508 511 -2
508 512 4
5 13 1
6 14 -4
7 15 1
8 16 1
13 21 1
14 22 4
15 23 -1
16 24 1
21 29 -2
22 30 -1
23 31 -4
24 32 -1
29 37 2
30 38 4
31 39 -4
32 40 -2
37 45 4
38 46 2
39 47 -2
40 48 -2
45 53 -2
46 54 -1
47 55 1
48 56 -4
53 61 1
54 62 1
55 63 1
56 64 -2
69 77 2
70 78 1
71 79 2
72 80 4
77 85 -4
78 86 -1
79 87 -1
80 88 4
85 93 2
86 94 2
87 95 -2
88 96 -2
93 101 1
94 102 4
95 103 4
96 104 4
101 109 -4
102 110 -2
103 111 4
104 112 -1
109 117 -4
110 118 -2
111 119 2
112 120 2
117 125 -1
118 126 2
119 127 2
120 128 1
133 141 2
134 142 -1
135 143 -1
136 144 -4
141 149 -1
142 150 -2
143 151 1
144 152 -2
149 157 -2
150 158 -4
151 159 -4
152 160 1
157 165 -1
158 166 -2
159 167 -1
160 168 -2
165 173 1
166 174 4
167 175 -4
168 176 4
173 181 1
174 182 -1
175 183 -4
176 184 4
181 189 -2
182 190 2
183 191 1
184 192 -1
197 205 -1
198 206 2
199 207 -1
200 208 1
205 213 -2
206 214 4
207 215 1
208 216 -1
213 221 1
214 222 -1
215 223 -4
216 224 1
221 229 -1
222 230 2
223 231 -2
224 232 -4
229 237 4
230 238 -1
231 239 -1
232 240 -4
237 245 -1
238 246 2
239 247 1
240 248 -4
245 253 2
246 254 -1
247 255 1
248 256 2
261 269 1
262 270 2
263 271 2
264 272 1
269 277 -2
270 278 2
271 279 4
272 280 -4
277 285 -4
278 286 -2
279 287 4
280 288 -1
285 293 4
286 294 1
287 295 1
288 296 -1
293 301 -1
294 302 2
295 303 -1
296 304 -2
301 309 -2
302 310 -1
303 311 -2
304 312 -4
309 317 -4
310 318 -4
311 319 -2
312 320 -1
325 333 1
326 334 1
327 335 4
328 336 1
333 341 4
334 342 -1
335 343 -4
336 344 -2
341 349 1
342 350 1
343 351 -4
344 352 1
349 357 2
350 358 1
351 359 -1
352 360 -4
357 365 -4
358 366 -4
359 367 -2
360 368 -4
365 373 1
366 374 4
367 375 -1
368 376 2
373 381 -2
374 382 1
375 383 1
376 384 4
389 397 1
390 398 -4
391 399 4
392 400 -4
397 405 4
398 406 -4
399 407 -1
400 408 1
405 413 -4
406 414 4
407 415 -1
408 416 2
413 421 -1
414 422 2
415 423 -4
416 424 -2
421 429 -2
422 430 2
423 431 -1
424 432 -4
429 437 -1
430 438 -2
431 439 -4
432 440 -2
437 445 -2
438 446 -2
439 447 2
440 448 2
453 461 -4
454 462 4
455 463 1
456 464 -1
461 469 2
462 470 -1
463 471 -1
464 472 1
469 477 2
470 478 -4
471 479 -4
472 480 4
477 485 4
478 486 -1
479 487 2
480 488 -4
485 493 -2
486 494 -1
487 495 -2
488 496 4
493 501 1
494 502 4
495 503 2
496 504 2
501 509 -4
502 510 -4
503 511 -1
504 512 4
1 65 1
2 66 2
3 67 2
4 68 -2
65 129 1
66 130 4
67 131 -4
68 132 -1
129 193 4
130 194 2
131 195 1
132 196 -4
193 257 4
194 258 -4
195 259 -2
196 260 -1
257 321 4
258 322 2
259 323 4
260 324 -2
321 385 2
322 386 -4
323 387 4
324 388 1
385 449 -4
386 450 4
387 451 2
388 452 -2
9 73 4
10 74 4
11 75 -2
12 76 -4
73 137 1
74 138 2
75 139 -4
76 140 -1
137 201 1
138 202 -4
139 203 1
140 204 -1
201 265 -4
202 266 -2
203 267 -1
204 268 4
265 329 2
266 330 -2
267 331 2
268 332 4
329 393 2
330 394 -2
331 395 -1
332 396 -4
393 457 1
394 458 -2
395 459 -1
396 460 2
17 81 2
18 82 1
19 83 2
20 84 -2
81 145 -1
82 146 2
83 147 -2
84 148 -2
145 209 1
146 210 1
147 211 -2
148 212 -4
209 273 -1
210 274 -4
211 275 4
212 276 4
273 337 -2
274 338 4
275 339 4
276 340 4
337 401 -1
338 402 -2
339 403 4
340 404 -1
401 465 -2
402 466 2
403 467 -4
404 468 4
25 89 2
26 90 -2
27 91 1
28 92 2
89 153 2
90 154 -2
91 155 1
92 156 -4
153 217 -1
154 218 -1
155 219 4
156 220 1
217 281 -2
218 282 -1
219 283 -1
220 284 1
281 345 1
282 346 1
283 347 -4
284 348 1
345 409 -2
346 410 -2
347 411 -1
348 412 4
409 473 1
410 474 -1
411 475 1
412 476 -2
33 97 -4
34 98 -4
35 99 4
36 100 1
97 161 2
98 162 2
99 163 -4
100 164 2
161 225 -4
162 226 -2
163 227 2
164 228 2
225 289 -2
226 290 1
227 291 2
228 292 2
289 353 -2
290 354 -1
291 355 -2
292 356 -1
353 417 2
354 418 -1
355 419 -2
356 420 1
417 481 2
418 482 4
419 483 1
420 484 -2
41 105 2
42 106 2
43 107 -4
44 108 -2
105 169 -1
106 170 -1
107 171 1
108 172 1
169 233 -1
170 234 4
171 235 4
172 236 -1
233 297 -1
234 298 1
235 299 -4
236 300 1
297 361 2
298 362 -2
299 363 -2
300 364 -4
361 425 2
362 426 4
363 427 -2
364 428 1
425 489 1
426 490 2
427 491 1
428 492 -2
49 113 -2
50 114 -4
51 115 -4
52 116 -4
113 177 -1
114 178 -1
115 179 -4
116 180 -4
177 241 -4
178 242 4
179 243 -4
180 244 -4
241 305 -2
242 306 1
243 307 4
244 308 -1
305 369 -1
306 370 -1
307 371 -4
308 372 -4
369 433 1
370 434 -2
371 435 -1
372 436 -2
433 497 4
434 498 2
435 499 4
436 500 1
57 121 1
58 122 -2
59 123 4
60 124 4
121 185 -2
122 186 -2
123 187 -4
124 188 -2
185 249 -2
186 250 2
187 251 -4
188 252 -4
249 313 -2
250 314 -4
251 315 1
252 316 2
313 377 -2
314 378 2
315 379 -1
316 380 4
377 441 -4
378 442 -4
379 443 2
380 444 -1
441 505 -4
442 506 2
443 507 -1
444 508 -4
