#
1 5 2
1 6 2
1 7 2
1 8 2
2 5 2
2 6 -4
2 7 4
2 8 1
3 5 4
3 6 2
3 7 2
3 8 -1
4 5 -1
4 6 4
4 7 2
4 8 -2
9 13 2
9 14 1
9 15 -4
9 16 -1
10 13 -2
10 14 -1
10 15 -1
10 16 -4
11 13 1
11 14 4
11 15 -4
11 16 -4
12 13 -1
12 14 1
12 15 -2
12 16 -2
17 21 2
17 22 -2
17 23 4
17 24 -1
18 21 4
18 22 1
18 23 4
18 24 1
19 21 -2
19 22 1
19 23 -1
19 24 1
20 21 1
20 22 -4
20 23 4
20 24 1
25 29 4
25 30 4
25 31 -1
25 32 -1
26 29 -2
26 30 2
26 31 2
26 32 4
27 29 4
27 30 -4
27 31 -4
27 32 2
28 29 -2
28 30 -1
28 31 -4
28 32 -4
33 37 1
33 38 1
33 39 2
33 40 -4
34 37 -4
34 38 1
34 39 -2
34 40 1
35 37 2
35 38 -4
35 39 -4
35 40 -1
36 37 4
36 38 -4
36 39 -1
36 40 -1
41 45 -2
41 46 -2
41 47 4
41 48 2
42 45 4
42 46 2
42 47 -1
42 48 4
43 45 -4
43 46 -1
43 47 -2
43 48 1
44 45 -4
44 46 1
44 47 4
44 48 4
49 53 1
49 54 2
49 55 4
49 56 4
50 53 -1
50 54 -4
50 55 2
50 56 2
51 53 1
51 54 4
51 55 4
51 56 2
52 53 -2
52 54 -4
52 55 -2
52 56 -2
57 61 -4
57 62 1
57 63 -2
57 64 -4
58 61 1
58 62 4
58 63 -4
58 64 -1
59 61 2
59 62 1
59 63 2
59 64 2
60 61 1
60 62 4
60 63 -4
60 64 -1
65 69 -1
65 70 2
65 71 -4
65 72 1
66 69 2
66 70 -4
66 71 1
66 72 -4
67 69 -1
67 70 2
67 71 -1
67 72 -2
68 69 1
68 70 2
68 71 4
68 72 -4
73 77 -2
73 78 2
73 79 -4
73 80 1
74 77 -1
74 78 -2
74 79 -4
74 80 -1
75 77 1
75 78 2
75 79 1
75 80 -4
76 77 2
76 78 1
76 79 -2
76 80 -2
81 85 -4
81 86 -4
81 87 -1
81 88 2
82 85 4
82 86 -2
82 87 -1
82 88 4
83 85 -1
83 86 -4
83 87 4
83 88 -4
84 85 -2
84 86 2
84 87 -2
84 88 -1
89 93 -1
89 94 4
89 95 -2
89 96 -4
90 93 4
90 94 -2
90 95 1
90 96 1
91 93 4
91 94 -1
91 95 -4
91 96 1
92 93 2
92 94 -1
92 95 -4
92 96 2
97 101 -2
97 102 2
97 103 -1
97 104 1
98 101 -1
98 102 -2
98 103 -2
98 104 -4
99 101 2
99 102 2
99 103 -2
99 104 -2
100 101 1
100 102 -4
100 103 1
100 104 -4
105 109 4
105 110 -1
105 111 4
105 112 4
106 109 4
106 110 2
106 111 -4
106 112 -4
107 109 -4
107 110 1
107 111 -1
107 112 1
108 109 -1
108 110 4
108 111 -4
108 112 2
113 117 -1
113 118 -1
113 119 4
113 120 2
114 117 -4
114 118 2
114 119 -2
114 120 2
115 117 2
115 118 -2
115 119 -4
115 120 -4
116 117 -2
116 118 1
116 119 1
116 120 1
121 125 -1
121 126 -2
121 127 -1
121 128 -4
122 125 -1
122 126 -2
122 127 2
122 128 1
123 125 -1
123 126 1
123 127 -4
123 128 -4
124 125 4
124 126 4
124 127 1
124 128 4
129 133 -2
129 134 1
129 135 1
129 136 4
130 133 2
130 134 4
130 135 -2
130 136 -2
131 133 -4
131 134 -4
131 135 -2
131 136 1
132 133 2
132 134 -4
132 135 -4
132 136 -2
137 141 -2
137 142 -4
137 143 -4
137 144 -2
138 141 -1
138 142 -1
138 143 -2
138 144 4
139 141 4
139 142 -1
139 143 4
139 144 2
140 141 2
140 142 1
140 143 4
140 144 1
145 149 2
145 150 -1
145 151 -2
145 152 4
146 149 4
146 150 -2
146 151 1
146 152 -2
147 149 -4
147 150 2
147 151 -1
147 152 2
148 149 4
148 150 -1
148 151 -2
148 152 2
153 157 4
153 158 1
153 159 -1
153 160 1
154 157 -1
154 158 4
154 159 4
154 160 4
155 157 4
155 158 2
155 159 -1
155 160 1
156 157 -2
156 158 2
156 159 1
156 160 -4
161 165 1
161 166 -2
161 167 -1
161 168 -1
162 165 -2
162 166 -2
162 167 -1
162 168 -1
163 165 -4
163 166 4
163 167 2
163 168 1
164 165 -2
164 166 -4
164 167 4
164 168 -2
169 173 -2
169 174 2
169 175 2
169 176 4
170 173 4
170 174 -2
170 175 4
170 176 2
171 173 4
171 174 4
171 175 1
171 176 4
172 173 -1
172 174 1
172 175 -4
172 176 -4
177 181 -4
177 182 -1
177 183 2
177 184 2
178 181 4
178 182 -4
178 183 -2
178 184 -4
179 181 -1
179 182 -1
179 183 -2
179 184 -4
180 181 -2
180 182 1
180 183 -4
180 184 1
185 189 -4
185 190 -2
185 191 4
185 192 1
186 189 2
186 190 2
186 191 -2
186 192 1
187 189 1
187 190 -1
187 191 -2
187 192 4
188 189 4
188 190 -4
188 191 -1
188 192 -4
193 197 -2
193 198 4
193 199 2
193 200 1
194 197 -4
194 198 4
194 199 -4
194 200 4
195 197 -4
195 198 2
195 199 2
195 200 2
196 197 4
196 198 -1
196 199 -2
196 200 1
201 205 -1
201 206 -2
201 207 -2
201 208 -4
202 205 -2
202 206 2
202 207 4
202 208 -4
203 205 2
203 206 1
203 207 2
203 208 -1
204 205 2
204 206 2
204 207 -2
204 208 -1
209 213 4
209 214 -2
209 215 -1
209 216 -2
210 213 -2
210 214 -2
210 215 1
210 216 -4
211 213 4
211 214 4
211 215 4
211 216 -1
212 213 -2
212 214 4
212 215 4
212 216 -4
217 221 2
217 222 -2
217 223 4
217 224 -1
218 221 -4
218 222 -2
218 223 -2
218 224 1
219 221 1
219 222 -1
219 223 4
219 224 1
220 221 2
220 222 2
220 223 -2
220 224 2
225 229 -4
225 230 -4
225 231 2
225 232 -2
226 229 -4
226 230 4
226 231 -2
226 232 -1
227 229 -1
227 230 -4
227 231 -2
227 232 4
228 229 -4
228 230 1
228 231 -1
228 232 1
233 237 -2
233 238 -1
233 239 -2
233 240 -1
234 237 1
234 238 -2
234 239 -4
234 240 2
235 237 -1
235 238 -4
235 239 -4
235 240 -4
236 237 2
236 238 -1
236 239 -4
236 240 -2
241 245 -1
241 246 -4
241 247 1
241 248 4
242 245 1
242 246 -4
242 247 -1
242 248 4
243 245 -1
243 246 4
243 247 -2
243 248 1
244 245 1
244 246 1
244 247 -2
244 248 1
249 253 1
249 254 4
249 255 4
249 256 1
250 253 1
250 254 2
250 255 -4
250 256 4
251 253 4
251 254 -2
251 255 -2
251 256 -4
252 253 4
252 254 2
252 255 -1
252 256 -4
257 261 -4
257 262 -2
257 263 -2
257 264 -4
258 261 1
258 262 -4
258 263 4
258 264 -1
259 261 1
259 262 2
259 263 4
259 264 -4
260 261 1
260 262 4
260 263 1
260 264 1
265 269 1
265 270 -1
265 271 1
265 272 -4
266 269 -2
266 270 -2
266 271 2
266 272 1
267 269 -4
267 270 -4
267 271 -2
267 272 -1
268 269 -4
268 270 2
268 271 1
268 272 4
273 277 2
273 278 -1
273 279 -1
273 280 -1
274 277 1
274 278 -2
274 279 -4
274 280 1
275 277 4
275 278 2
275 279 -4
275 280 4
276 277 4
276 278 4
276 279 -4
276 280 4
281 285 -2
281 286 2
281 287 4
281 288 1
282 285 2
282 286 -1
282 287 -1
282 288 -4
283 285 -2
283 286 1
283 287 -1
283 288 -2
284 285 2
284 286 -2
284 287 -2
284 288 1
289 293 -1
289 294 1
289 295 -2
289 296 -1
290 293 -4
290 294 4
290 295 -4
290 296 1
291 293 -4
291 294 -2
291 295 -1
291 296 2
292 293 4
292 294 4
292 295 -4
292 296 -4
297 301 -2
297 302 -4
297 303 1
297 304 2
298 301 -1
298 302 1
298 303 -1
298 304 1
299 301 -1
299 302 2
299 303 4
299 304 2
300 301 2
300 302 -4
300 303 4
300 304 -1
305 309 4
305 310 -4
305 311 1
305 312 -2
306 309 -4
306 310 -2
306 311 -1
306 312 4
307 309 1
307 310 -2
307 311 2
307 312 -2
308 309 2
308 310 1
308 311 -4
308 312 1
313 317 -2
313 318 -4
313 319 -4
313 320 4
314 317 4
314 318 4
314 319 -2
314 320 -2
315 317 4
315 318 -1
315 319 2
315 320 -1
316 317 -4
316 318 -4
316 319 1
316 320 2
321 325 2
321 326 -1
321 327 -4
321 328 4
322 325 4
322 326 -1
322 327 -4
322 328 1
323 325 -1
323 326 -2
323 327 1
323 328 1
324 325 -4
324 326 1
324 327 -2
324 328 -2
329 333 -1
329 334 -2
329 335 -1
329 336 -4
330 333 4
330 334 1
330 335 -4
330 336 -2
331 333 4
331 334 -1
331 335 -2
331 336 -4
332 333 -2
332 334 -4
332 335 1
332 336 2
337 341 -2
337 342 2
337 343 -4
337 344 -2
338 341 4
338 342 -4
338 343 4
338 344 -1
339 341 -4
339 342 -1
339 343 -4
339 344 4
340 341 -2
340 342 -4
340 343 -4
340 344 2
345 349 4
345 350 4
345 351 -1
345 352 2
346 349 -4
346 350 -4
346 351 -1
346 352 -1
347 349 2
347 350 -4
347 351 4
347 352 4
348 349 -2
348 350 4
348 351 -2
348 352 2
353 357 4
353 358 -2
353 359 -2
353 360 -1
354 357 -1
354 358 1
354 359 4
354 360 -2
355 357 4
355 358 -2
355 359 1
355 360 4
356 357 1
356 358 -2
356 359 -4
356 360 -1
361 365 4
361 366 -2
361 367 2
361 368 2
362 365 -4
362 366 4
362 367 -2
362 368 4
363 365 -4
363 366 -1
363 367 2
363 368 -2
364 365 4
364 366 -2
364 367 1
364 368 -1
369 373 4
369 374 4
369 375 4
369 376 4
370 373 -1
370 374 -4
370 375 4
370 376 -1
371 373 -4
371 374 -2
371 375 2
371 376 -2
372 373 -4
372 374 2
372 375 -2
372 376 -1
377 381 1
377 382 4
377 383 1
377 384 -4
378 381 -1
378 382 -1
378 383 1
378 384 4
379 381 -2
379 382 1
379 383 -2
379 384 -4
380 381 -2
380 382 -2
380 383 1
380 384 -2
385 389 4
385 390 -2
385 391 -2
385 392 4
386 389 -4
386 390 2
386 391 2
386 392 2
387 389 2
387 390 4
387 391 1
387 392 -4
388 389 -2
388 390 4
388 391 2
388 392 2
393 397 -4
393 398 4
393 399 2
393 400 -2
394 397 2
394 398 -1
394 399 -1
394 400 4
395 397 2
395 398 -1
395 399 -2
395 400 2
396 397 2
396 398 4
396 399 -1
396 400 4
401 405 -2
401 406 -2
401 407 2
401 408 -1
402 405 -4
402 406 -4
402 407 -1
402 408 -4
403 405 -4
403 406 -1
403 407 -2
403 408 2
404 405 -4
404 406 -4
404 407 -1
404 408 -1
409 413 2
409 414 4
409 415 1
409 416 -1
410 413 -4
410 414 2
410 415 -1
410 416 -4
411 413 -4
411 414 4
411 415 2
411 416 -1
412 413 1
412 414 2
412 415 -2
412 416 -4
417 421 -4
417 422 -2
417 423 2
417 424 4
418 421 -2
418 422 1
418 423 1
418 424 -1
419 421 4
419 422 4
419 423 -4
419 424 -1
420 421 1
420 422 2
420 423 -2
420 424 4
425 429 -4
425 430 1
425 431 -2
425 432 4
426 429 4
426 430 4
426 431 -4
426 432 4
427 429 -1
427 430 -4
427 431 -1
427 432 1
428 429 1
428 430 -1
428 431 4
428 432 -1
433 437 -1
433 438 4
433 439 -1
433 440 -2
434 437 1
434 438 4
434 439 -4
434 440 -1
435 437 -1
435 438 2
435 439 2
435 440 -1
436 437 -4
436 438 4
436 439 2
436 440 -1
441 445 1
441 446 -2
441 447 -4
441 448 -4
442 445 -4
442 446 4
442 447 -1
442 448 4
443 445 1
443 446 1
443 447 2
443 448 1
444 445 1
444 446 -4
444 447 2
444 448 2
449 453 -4
449 454 -2
449 455 -1
449 456 -2
450 453 -1
450 454 -4
450 455 4
450 456 -2
451 453 -1
451 454 -4
451 455 2
451 456 2
452 453 -1
452 454 -4
452 455 -2
452 456 1
457 461 2
457 462 1
457 463 1
457 464 4
458 461 -4
458 462 -2
458 463 -1
458 464 -2
459 461 -4
459 462 -2
459 463 1
459 464 4
460 461 -2
460 462 2
460 463 1
460 464 -4
465 469 -1
465 470 2
465 471 -1
465 472 -2
466 469 4
466 470 -2
466 471 1
466 472 2
467 469 -1
467 470 2
467 471 2
467 472 4
468 469 2
468 470 4
468 471 2
468 472 -1
473 477 4
473 478 1
473 479 1
473 480 2
474 477 4
474 478 -2
474 479 -1
474 480 1
475 477 -4
475 478 2
475 479 1
475 480 -1
476 477 4
476 478 -2
476 479 1
476 480 -1
481 485 -2
481 486 1
481 487 -1
481 488 2
482 485 4
482 486 -2
482 487 2
482 488 4
483 485 2
483 486 -2
483 487 -1
483 488 2
484 485 4
484 486 -1
484 487 1
484 488 1
489 493 4
489 494 1
489 495 2
489 496 1
490 493 -1
490 494 2
490 495 -2
490 496 -4
491 493 -2
491 494 -2
491 495 1
491 496 4
492 493 -2
492 494 1
492 495 4
492 496 -1
497 501 -2
497 502 1
497 503 -4
497 504 4
498 501 4
498 502 4
498 503 -1
498 504 4
499 501 4
499 502 -1
499 503 -1
499 504 1
500 501 -2
500 502 1
500 503 4
500 504 4
505 509 -1
505 510 -4
505 511 1
505 512 1
506 509 -2
506 510 1
506 511 -4
506 512 2
507 509 4
507 510 1
507 511 2
507 512 -1
508 509 -1
508 510 4
508 511 2
508 512 -1
5 13 1
6 14 2
7 15 -2
8 16 2
13 21 1
14 22 -4
15 23 -1
16 24 4
21 29 -1
22 30 -2
23 31 -4
24 32 1
29 37 -4
30 38 -4
31 39 4
32 40 4
37 45 -1
38 46 1
39 47 4
40 48 -4
45 53 -2
46 54 1
47 55 -1
48 56 -1
53 61 -4
54 62 2
55 63 4
56 64 4
69 77 -2
70 78 -1
71 79 -1
72 80 2
77 85 1
78 86 -1
79 87 -4
80 88 -2
85 93 -2
86 94 2
87 95 4
88 96 1
93 101 -1
94 102 -4
95 103 2
96 104 1
101 109 1
102 110 2
103 111 4
104 112 4
109 117 -2
110 118 -2
111 119 4
112 120 1
117 125 -4
118 126 -4
119 127 -4
120 128 -4
133 141 4
134 142 -1
135 143 -4
136 144 4
141 149 1
142 150 -1
143 151 -4
144 152 4
149 157 -1
150 158 1
151 159 -1
152 160 4
157 165 -1
158 166 2
159 167 -2
160 168 -2
165 173 1
166 174 4
167 175 -2
168 176 -1
173 181 2
174 182 1
175 183 -4
176 184 -1
181 189 4
182 190 2
183 191 -2
184 192 -2
197 205 -2
198 206 -4
199 207 4
200 208 -2
205 213 4
206 214 -4
207 215 1
208 216 2
213 221 2
214 222 2
215 223 -1
216 224 -1
221 229 4
222 230 -4
223 231 4
224 232 -2
229 237 -4
230 238 -4
231 239 -2
232 240 -2
237 245 1
238 246 1
239 247 1
240 248 -1
245 253 -4
246 254 1
247 255 -4
248 256 2
261 269 4
262 270 4
263 271 1
264 272 4
269 277 -4
270 278 -2
271 279 4
272 280 -1
277 285 1
278 286 -2
279 287 -1
280 288 4
285 293 -1
286 294 -1
287 295 1
288 296 2
293 301 2
294 302 -4
295 303 1
296 304 1
301 309 -1
302 310 4
303 311 4
304 312 -1
309 317 -4
310 318 -4
311 319 -4
312 320 2
325 333 4
326 334 -2
327 335 -4
328 336 1
333 341 -1
334 342 -4
335 343 -2
336 344 4
341 349 -1
342 350 1
343 351 -2
344 352 -1
349 357 4
350 358 1
351 359 4
352 360 -2
357 365 1
358 366 2
359 367 -4
360 368 -1
365 373 -4
366 374 -1
367 375 2
368 376 4
373 381 4
374 382 -2
375 383 -1
376 384 2
389 397 1
390 398 4
391 399 -4
392 400 4
397 405 4
398 406 2
399 407 -2
400 408 -4
405 413 -2
406 414 -4
407 415 -4
408 416 1
413 421 -4
414 422 -1
415 423 -1
416 424 -4
421 429 4
422 430 1
423 431 2
424 432 4
429 437 2
430 438 1
431 439 4
432 440 4
437 445 1
438 446 -1
439 447 4
440 448 -1
453 461 1
454 462 2
455 463 -1
456 464 1
461 469 -2
462 470 -1
463 471 2
464 472 -2
469 477 4
470 478 2
471 479 -4
472 480 -4
477 485 -2
478 486 -4
479 487 -2
480 488 4
485 493 -4
486 494 4
487 495 -1
488 496 1
493 501 -1
494 502 1
495 503 2
496 504 4
501 509 4
502 510 -2
503 511 -1
504 512 2
1 65 -1
2 66 -4
3 67 -4
4 68 4
65 129 -4
66 130 1
67 131 -2
68 132 1
129 193 -2
130 194 -2
131 195 -2
132 196 1
193 257 -1
194 258 -1
195 259 4
196 260 -4
257 321 2
258 322 4
259 323 -2
260 324 -2
321 385 -2
322 386 -1
323 387 1
324 388 -2
385 449 4
386 450 -4
387 451 1
388 452 2
9 73 4
10 74 -2
11 75 -1
12 76 -2
73 137 2
74 138 4
75 139 -2
76 140 2
137 201 -1
138 202 -2
139 203 -1
140 204 -1
201 265 2
202 266 4
203 267 2
204 268 4
265 329 4
266 330 -1
267 331 1
268 332 -4
329 393 4
330 394 -4
331 395 -1
332 396 -1
393 457 -4
394 458 2
395 459 -1
396 460 -1
17 81 -1
18 82 -2
19 83 -1
20 84 -2
81 145 4
82 146 -2
83 147 -4
84 148 -4
145 209 4
146 210 -2
147 211 2
148 212 -4
209 273 4
210 274 -1
211 275 -2
212 276 -1
273 337 1
274 338 -1
275 339 2
276 340 -1
337 401 1
338 402 1
339 403 4
340 404 2
401 465 -2
402 466 -4
403 467 -1
404 468 -4
25 89 1
26 90 1
27 91 -2
28 92 -2
89 153 1
90 154 1
91 155 4
92 156 1
153 217 -4
154 218 1
155 219 2
156 220 2
217 281 1
218 282 4
219 283 1
220 284 4
281 345 4
282 346 -2
283 347 -1
284 348 -2
345 409 2
346 410 1
347 411 2
348 412 -4
409 473 -4
410 474 2
411 475 1
412 476 1
33 97 1
34 98 1
35 99 -2
36 100 2
97 161 -4
98 162 2
99 163 -1
100 164 1
161 225 -1
162 226 1
163 227 2
164 228 4
225 289 -4
226 290 1
227 291 -1
228 292 1
289 353 1
290 354 2
291 355 4
292 356 4
353 417 1
354 418 -2
355 419 1
356 420 4
417 481 4
418 482 -4
419 483 2
420 484 -4
41 105 -2
42 106 -1
43 107 -2
44 108 2
105 169 -4
106 170 2
107 171 -1
108 172 4
169 233 4
170 234 1
171 235 4
172 236 -1
233 297 -4
234 298 -1
235 299 2
236 300 1
297 361 2
298 362 -4
299 363 -1
300 364 2
361 425 2
362 426 4
363 427 2
364 428 -4
425 489 2
426 490 -2
427 491 -4
428 492 1
49 113 2
50 114 -1
51 115 2
52 116 -1
113 177 1
114 178 -2
115 179 -1
116 180 -1
177 241 -4
178 242 -2
179 243 4
180 244 4
241 305 -1
242 306 4
243 307 -4
244 308 -2
305 369 -2
306 370 2
307 371 -1
308 372 -2
369 433 -4
370 434 -2
371 435 -1
372 436 -4
433 497 -1
434 498 2
435 499 -4
436 500 4
57 121 2
58 122 2
59 123 -1
60 124 4
121 185 -2
122 186 -4
123 187 -2
124 188 2
185 249 -2
186 250 4
187 251 -2
188 252 4
249 313 -4
250 314 1
251 315 2
252 316 -1
313 377 -4
314 378 2
315 379 -1
316 380 2
377 441 -1
378 442 -1
379 443 2
380 444 2
441 505 -1
442 506 -4
443 507 -4
444 508 1
