#
1 5 -1
1 6 -1
1 7 4
1 8 -4
2 5 -1
2 6 4
2 7 2
2 8 -1
3 5 2
3 6 2
3 7 1
3 8 -4
4 5 4
4 6 2
4 7 -2
4 8 -1
9 13 2
9 14 -1
9 15 4
9 16 4
10 13 4
10 14 4
10 15 -1
10 16 -2
11 13 1
11 14 1
11 15 -2
11 16 4
12 13 -2
12 14 -1
12 15 -1
12 16 -4
17 21 -1
17 22 4
17 23 1
17 24 4
18 21 2
18 22 -4
18 23 2
18 24 2
19 21 2
19 22 2
19 23 -1
19 24 -1
20 21 1
20 22 -4
20 23 2
20 24 4
25 29 4
25 30 -4
25 31 1
25 32 -4
26 29 2
26 30 1
26 31 1
26 32 2
27 29 4
27 30 1
27 31 -4
27 32 4
28 29 -4
28 30 -2
28 31 -4
28 32 -2
33 37 -1
33 38 4
33 39 -1
33 40 -4
34 37 -1
34 38 4
34 39 4
34 40 1
35 37 -4
35 38 -1
35 39 -2
35 40 -1
36 37 -2
36 38 -4
36 39 -1
36 40 -2
41 45 2
41 46 2
41 47 2
41 48 2
42 45 -4
42 46 -1
42 47 4
42 48 4
43 45 1
43 46 2
43 47 -1
43 48 -2
44 45 2
44 46 2
44 47 2
44 48 1
49 53 -2
49 54 -2
49 55 -1
49 56 1
50 53 4
50 54 1
50 55 4
50 56 -4
51 53 -4
51 54 2
51 55 -2
51 56 1
52 53 -2
52 54 -4
52 55 2
52 56 -1
57 61 1
57 62 1
57 63 1
57 64 -2
58 61 -4
58 62 -1
58 63 -1
58 64 4
59 61 4
59 62 -1
59 63 -4
59 64 -1
60 61 1
60 62 -1
60 63 4
60 64 -4
65 69 4
65 70 -2
65 71 1
65 72 4
66 69 1
66 70 2
66 71 2
66 72 -4
67 69 2
67 70 2
67 71 -1
67 72 -2
68 69 2
68 70 -4
68 71 -1
68 72 -1
73 77 -2
73 78 2
73 79 -1
73 80 2
74 77 -1
74 78 4
74 79 2
74 80 2
75 77 2
75 78 -4
75 79 2
75 80 2
76 77 -4
76 78 -2
76 79 -4
76 80 2
81 85 4
81 86 -4
81 87 -1
81 88 -4
82 85 -2
82 86 -1
82 87 -1
82 88 1
83 85 -2
83 86 2
83 87 -4
83 88 -2
84 85 2
84 86 2
84 87 2
84 88 -4
89 93 2
89 94 2
89 95 -1
89 96 2
90 93 -1
90 94 -2
90 95 1
90 96 4
91 93 4
91 94 2
91 95 -2
91 96 1
92 93 -2
92 94 -1
92 95 1
92 96 -2
97 101 -1
97 102 2
97 103 4
97 104 -2
98 101 2
98 102 4
98 103 -1
98 104 -2
99 101 -2
99 102 1
99 103 2
99 104 -2
100 101 2
100 102 -4
100 103 2
100 104 2
105 109 -2
105 110 4
105 111 -4
105 112 4
106 109 -2
106 110 2
106 111 1
106 112 -4
107 109 1
107 110 -4
107 111 2
107 112 -1
108 109 2
108 110 -4
108 111 4
108 112 4
113 117 -4
113 118 -1
113 119 -1
113 120 -2
114 117 -4
114 118 1
114 119 -1
114 120 -4
115 117 -2
115 118 -2
115 119 -4
115 120 -2
116 117 -4
116 118 -2
116 119 -1
116 120 -1
121 125 -2
121 126 -4
121 127 -4
121 128 -4
122 125 4
122 126 4
122 127 -4
122 128 1
123 125 -1
123 126 1
123 127 -4
123 128 -4
124 125 -2
124 126 1
124 127 -2
124 128 1
129 133 4
129 134 1
129 135 2
129 136 1
130 133 -4
130 134 1
130 135 1
130 136 2
131 133 1
131 134 2
131 135 4
131 136 2
132 133 4
132 134 -2
132 135 -1
132 136 -2
137 141 1
137 142 -4
137 143 1
137 144 -4
138 141 1
138 142 -2
138 143 2
138 144 1
139 141 -4
139 142 -4
139 143 2
139 144 2
140 141 -1
140 142 4
140 143 2
140 144 -4
145 149 -2
145 150 1
145 151 2
145 152 -1
146 149 -4
146 150 -2
146 151 4
146 152 -2
147 149 2
147 150 2
147 151 2
147 152 -4
148 149 4
148 150 -2
148 151 1
148 152 2
153 157 2
153 158 1
153 159 -2
153 160 4
154 157 4
154 158 -4
154 159 1
154 160 -4
155 157 -2
155 158 1
155 159 -1
155 160 -2
156 157 -2
156 158 -4
156 159 2
156 160 -2
161 165 -4
161 166 1
161 167 2
161 168 2
162 165 2
162 166 2
162 167 2
162 168 -4
163 165 -2
163 166 1
163 167 -4
163 168 1
164 165 -4
164 166 -1
164 167 -1
164 168 2
169 173 -2
169 174 -4
169 175 2
169 176 -4
170 173 2
170 174 -1
170 175 -4
170 176 -2
171 173 -4
171 174 -2
171 175 -4
171 176 -1
172 173 -4
172 174 4
172 175 1
172 176 1
177 181 4
177 182 -4
177 183 1
177 184 4
178 181 2
178 182 -1
178 183 -1
178 184 2
179 181 -1
179 182 -2
179 183 -2
179 184 1
180 181 -2
180 182 -1
180 183 -2
180 184 -4
185 189 -4
185 190 4
185 191 1
185 192 2
186 189 1
186 190 -1
186 191 2
186 192 -4
187 189 -4
187 190 2
187 191 -2
187 192 -2
188 189 -4
188 190 2
188 191 -2
188 192 2
193 197 4
193 198 2
193 199 4
193 200 2
194 197 -1
194 198 2
194 199 1
194 200 1
195 197 1
195 198 2
195 199 4
195 200 -2
196 197 4
196 198 1
196 199 -2
196 200 4
201 205 2
201 206 4
201 207 4
201 208 -4
202 205 -2
202 206 -1
202 207 2
202 208 -1
203 205 1
203 206 1
203 207 -1
203 208 -2
204 205 4
204 206 -1
204 207 4
204 208 -2
209 213 2
209 214 2
209 215 1
209 216 -1
210 213 2
210 214 -4
210 215 -4
210 216 -2
211 213 1
211 214 -2
211 215 -4
211 216 2
212 213 2
212 214 -1
212 215 -1
212 216 -2
217 221 2
217 222 2
217 223 2
217 224 4
218 221 2
218 222 -2
218 223 -2
218 224 -1
219 221 4
219 222 -1
219 223 -2
219 224 -4
220 221 2
220 222 4
220 223 -1
220 224 4
225 229 2
225 230 -1
225 231 2
225 232 2
226 229 -2
226 230 -1
226 231 -2
226 232 1
227 229 -1
227 230 1
227 231 -1
227 232 -4
228 229 -1
228 230 -2
228 231 -4
228 232 4
233 237 4
233 238 1
233 239 -1
233 240 1
234 237 2
234 238 -1
234 239 4
234 240 1
235 237 4
235 238 -1
235 239 -4
235 240 4
236 237 -2
236 238 1
236 239 -2
236 240 1
241 245 -1
241 246 -4
241 247 2
241 248 -2
242 245 1
242 246 1
242 247 -2
242 248 -2
243 245 4
243 246 4
243 247 -1
243 248 2
244 245 1
244 246 -1
244 247 4
244 248 2
249 253 2
249 254 1
249 255 -4
249 256 -2
250 253 4
250 254 2
250 255 -2
250 256 2
251 253 1
251 254 1
251 255 -4
251 256 -2
252 253 -2
252 254 -1
252 255 1
252 256 -1
257 261 4
257 262 4
257 263 -4
257 264 -2
258 261 2
258 262 -1
258 263 -4
258 264 1
259 261 -1
259 262 -2
259 263 1
259 264 4
260 261 1
260 262 1
260 263 4
260 264 -1
265 269 1
265 270 4
265 271 2
265 272 2
266 269 -4
266 270 -1
266 271 4
266 272 -2
267 269 -1
267 270 -2
267 271 -1
267 272 -1
268 269 4
268 270 -2
268 271 1
268 272 -2
273 277 1
273 278 -4
273 279 -2
273 280 -1
274 277 -2
274 278 1
274 279 1
274 280 -1
275 277 1
275 278 2
275 279 -4
275 280 -4
276 277 1
276 278 -4
276 279 1
276 280 -2
281 285 1
281 286 4
281 287 1
281 288 -4
282 285 -1
282 286 -4
282 287 -4
282 288 2
283 285 -1
283 286 4
283 287 -1
283 288 -2
284 285 1
284 286 -1
284 287 -1
284 288 -4
289 293 -2
289 294 -4
289 295 2
289 296 -4
290 293 2
290 294 -4
290 295 1
290 296 2
291 293 -2
291 294 1
291 295 -1
291 296 -4
292 293 -4
292 294 -4
292 295 -1
292 296 -4
297 301 -2
297 302 1
297 303 -4
297 304 -2
298 301 -4
298 302 -1
298 303 -2
298 304 2
299 301 1
299 302 1
299 303 4
299 304 2
300 301 1
300 302 4
300 303 1
300 304 -2
305 309 -1
305 310 -1
305 311 -2
305 312 -2
306 309 -1
306 310 1
306 311 -2
306 312 -2
307 309 -2
307 310 4
307 311 2
307 312 2
308 309 -2
308 310 2
308 311 -1
308 312 -1
313 317 -2
313 318 2
313 319 2
313 320 1
314 317 -2
314 318 -2
314 319 -4
314 320 1
315 317 -4
315 318 -1
315 319 1
315 320 -2
316 317 2
316 318 4
316 319 -2
316 320 2
321 325 2
321 326 -4
321 327 4
321 328 -2
322 325 2
322 326 2
322 327 -1
322 328 1
323 325 4
323 326 -1
323 327 -4
323 328 -4
324 325 4
324 326 1
324 327 -2
324 328 -1
329 333 2
329 334 -1
329 335 1
329 336 -4
330 333 4
330 334 2
330 335 -2
330 336 -2
331 333 2
331 334 -2
331 335 4
331 336 1
332 333 4
332 334 -1
332 335 1
332 336 -2
337 341 -4
337 342 -2
337 343 -2
337 344 -2
338 341 -2
338 342 -1
338 343 1
338 344 2
339 341 4
339 342 -2
339 343 -2
339 344 1
340 341 1
340 342 2
340 343 4
340 344 1
345 349 -1
345 350 -1
345 351 1
345 352 4
346 349 -4
346 350 -2
346 351 4
346 352 2
347 349 2
347 350 -1
347 351 1
347 352 -4
348 349 1
348 350 -2
348 351 2
348 352 -1
353 357 -1
353 358 2
353 359 2
353 360 1
354 357 -4
354 358 -2
354 359 1
354 360 4
355 357 -4
355 358 -1
355 359 -2
355 360 -2
356 357 2
356 358 -1
356 359 -1
356 360 -1
361 365 2
361 366 -1
361 367 4
361 368 1
362 365 2
362 366 -2
362 367 1
362 368 -4
363 365 -4
363 366 1
363 367 1
363 368 -1
364 365 4
364 366 -1
364 367 -1
364 368 4
369 373 4
369 374 4
369 375 1
369 376 4
370 373 -1
370 374 -2
370 375 4
370 376 -4
371 373 -4
371 374 -2
371 375 -1
371 376 -2
372 373 -4
372 374 2
372 375 -2
372 376 -1
377 381 -4
377 382 1
377 383 2
377 384 4
378 381 2
378 382 -2
378 383 -2
378 384 -1
379 381 4
379 382 -1
379 383 -4
379 384 -1
380 381 -2
380 382 1
380 383 -4
380 384 -2
385 389 4
385 390 -4
385 391 -2
385 392 2
386 389 2
386 390 -1
386 391 1
386 392 4
387 389 -2
387 390 -1
387 391 4
387 392 4
388 389 4
388 390 -4
388 391 1
388 392 1
393 397 4
393 398 4
393 399 1
393 400 4
394 397 4
394 398 1
394 399 -2
394 400 1
395 397 1
395 398 -4
395 399 4
395 400 2
396 397 -4
396 398 4
396 399 -1
396 400 -4
401 405 2
401 406 -4
401 407 2
401 408 -4
402 405 1
402 406 -2
402 407 2
402 408 -2
403 405 1
403 406 -4
403 407 -4
403 408 -2
404 405 2
404 406 -1
404 407 -2
404 408 -2
409 413 -2
409 414 4
409 415 -1
409 416 1
410 413 4
410 414 1
410 415 4
410 416 1
411 413 -1
411 414 -4
411 415 -1
411 416 -4
412 413 1
412 414 1
412 415 2
412 416 2
417 421 1
417 422 1
417 423 -4
417 424 4
418 421 1
418 422 -1
418 423 2
418 424 2
419 421 2
419 422 2
419 423 1
419 424 2
420 421 -4
420 422 2
420 423 -1
420 424 -4
425 429 1
425 430 4
425 431 2
425 432 1
426 429 2
426 430 -4
426 431 -4
426 432 2
427 429 2
427 430 4
427 431 -1
427 432 -4
428 429 2
428 430 2
428 431 1
428 432 -2
433 437 4
433 438 -4
433 439 -1
433 440 -2
434 437 -2
434 438 -1
434 439 -4
434 440 -4
435 437 -4
435 438 2
435 439 -4
435 440 4
436 437 4
436 438 1
436 439 2
436 440 -2
441 445 2
441 446 2
441 447 -2
441 448 -2
442 445 1
442 446 -1
442 447 -1
442 448 -1
443 445 4
443 446 -2
443 447 -1
443 448 4
444 445 -2
444 446 2
444 447 -4
444 448 2
449 453 -4
449 454 1
449 455 2
449 456 -1
450 453 2
450 454 -4
450 455 -1
450 456 -4
451 453 1
451 454 -1
451 455 4
451 456 -1
452 453 -4
452 454 -2
452 455 -4
452 456 -2
457 461 2
457 462 -2
457 463 -2
457 464 1
458 461 -2
458 462 -1
458 463 -4
458 464 -4
459 461 -4
459 462 -2
459 463 1
459 464 1
460 461 4
460 462 2
460 463 2
460 464 4
465 469 -4
465 470 -1
465 471 -4
465 472 1
466 469 4
466 470 1
466 471 -1
466 472 4
467 469 -2
467 470 4
467 471 -4
467 472 2
468 469 -2
468 470 -1
468 471 -1
468 472 -2
473 477 1
473 478 4
473 479 1
473 480 -1
474 477 -2
474 478 1
474 479 -4
474 480 -4
475 477 1
475 478 -4
475 479 4
475 480 -1
476 477 -4
476 478 4
476 479 4
476 480 -2
481 485 4
481 486 4
481 487 -1
481 488 2
482 485 -4
482 486 1
482 487 -2
482 488 1
483 485 2
483 486 1
483 487 -4
483 488 1
484 485 -2
484 486 1
484 487 -4
484 488 2
489 493 -1
489 494 -1
489 495 -2
489 496 1
490 493 -4
490 494 2
490 495 4
490 496 -2
491 493 2
491 494 4
491 495 4
491 496 2
492 493 4
492 494 1
492 495 2
492 496 -4
497 501 1
497 502 1
497 503 -4
497 504 1
498 501 2
498 502 2
498 503 4
498 504 1
499 501 -1
499 502 1
499 503 2
499 504 -4
500 501 -2
500 502 -4
500 503 -2
500 504 -2
505 509 1
505 510 1
505 511 1
505 512 2
506 509 2
506 510 -4
506 511 2
506 512 4
507 509 -2
507 510 2
507 511 -4
507 512 -2
508 509 -1
508 510 2
508 511 4
508 512 -4
5 13 -2
6 14 1
7 15 -1
8 16 -1
13 21 4
14 22 -4
15 23 4
16 24 2
21 29 4
22 30 4
23 31 -2
24 32 1
29 37 1
30 38 -4
31 39 2
32 40 1
37 45 4
38 46 1
39 47 2
40 48 -2
45 53 -4
46 54 -1
47 55 1
48 56 4
53 61 2
54 62 -2
55 63 2
56 64 4
69 77 -4
70 78 -4
71 79 -1
72 80 4
77 85 1
78 86 -1
79 87 -1
80 88 -2
85 93 2
86 94 -1
87 95 -1
88 96 -2
93 101 4
94 102 4
95 103 -4
96 104 1
101 109 -2
102 110 -1
103 111 1
104 112 2
109 117 1
110 118 -2
111 119 4
112 120 4
117 125 -4
118 126 -1
119 127 -4
120 128 -1
133 141 4
134 142 -4
135 143 1
136 144 -4
141 149 -4
142 150 -4
143 151 1
144 152 2
149 157 -1
150 158 4
151 159 2
152 160 2
157 165 -1
158 166 -2
159 167 2
160 168 -2
165 173 4
166 174 -4
167 175 1
168 176 2
173 181 4
174 182 1
175 183 -2
176 184 -4
181 189 4
182 190 -2
183 191 4
184 192 1
197 205 1
198 206 -4
199 207 -4
200 208 1
205 213 2
206 214 -2
207 215 -2
208 216 4
213 221 4
214 222 1
215 223 2
216 224 -1
221 229 -1
222 230 -1
223 231 -1
224 232 4
229 237 -2
230 238 1
231 239 -1
232 240 -4
237 245 -1
238 246 2
239 247 2
240 248 -4
245 253 -4
246 254 -1
247 255 1
248 256 -4
261 269 4
262 270 -4
263 271 -1
264 272 -1
269 277 2
270 278 1
271 279 -2
272 280 1
277 285 -4
278 286 -1
279 287 4
280 288 -2
285 293 -4
286 294 -4
287 295 -2
288 296 -2
293 301 2
294 302 -2
295 303 -4
296 304 -4
301 309 -2
302 310 -2
303 311 -1
304 312 -2
309 317 4
310 318 -1
311 319 -1
312 320 -4
325 333 -4
326 334 -1
327 335 -4
328 336 -1
333 341 -2
334 342 2
335 343 4
336 344 2
341 349 -1
342 350 -2
343 351 -2
344 352 2
349 357 1
350 358 1
351 359 1
352 360 1
357 365 -4
358 366 -4
359 367 -1
360 368 4
365 373 -2
366 374 -4
367 375 -1
368 376 4
373 381 2
374 382 -1
375 383 -2
376 384 1
389 397 -1
390 398 4
391 399 4
392 400 2
397 405 -4
398 406 1
399 407 -1
400 408 4
405 413 -4
406 414 -2
407 415 4
408 416 -2
413 421 1
414 422 -4
415 423 -1
416 424 4
421 429 -4
422 430 -2
423 431 -1
424 432 2
429 437 -4
430 438 -1
431 439 -2
432 440 2
437 445 -1
438 446 -1
439 447 1
440 448 -1
453 461 -2
454 462 1
455 463 -1
456 464 1
461 469 1
462 470 2
463 471 4
464 472 -1
469 477 -2
470 478 -1
471 479 1
472 480 2
477 485 2
478 486 -4
479 487 4
480 488 2
485 493 -1
486 494 -1
487 495 -2
488 496 1
493 501 4
494 502 -1
495 503 2
496 504 -1
501 509 4
502 510 -1
503 511 1
504 512 4
1 65 -1
2 66 1
3 67 -4
4 68 -2
65 129 -1
66 130 -2
67 131 1
68 132 4
129 193 -1
130 194 1
131 195 4
132 196 4
193 257 1
194 258 -4
195 259 1
196 260 -1
257 321 4
258 322 -1
259 323 4
260 324 -4
321 385 -1
322 386 -2
323 387 1
324 388 2
385 449 4
386 450 -1
387 451 1
388 452 2
9 73 -2
10 74 1
11 75 4
12 76 2
73 137 4
74 138 4
75 139 1
76 140 -2
137 201 -2
138 202 4
139 203 -2
140 204 -1
201 265 2
202 266 2
203 267 1
204 268 4
265 329 4
266 330 -4
267 331 -1
268 332 -1
329 393 -2
330 394 4
331 395 -1
332 396 1
393 457 -1
394 458 -1
395 459 1
396 460 -1
17 81 4
18 82 1
19 83 2
20 84 2
81 145 2
82 146 -2
83 147 2
84 148 -1
145 209 4
146 210 1
147 211 -4
148 212 1
209 273 4
210 274 1
211 275 -2
212 276 4
273 337 -1
274 338 1
275 339 2
276 340 -1
337 401 -2
338 402 -1
339 403 1
340 404 2
401 465 4
402 466 1
403 467 -1
404 468 1
25 89 1
26 90 2
27 91 -2
28 92 -4
89 153 1
90 154 1
91 155 -4
92 156 2
153 217 -2
154 218 4
155 219 -4
156 220 1
217 281 2
218 282 -1
219 283 4
220 284 -1
281 345 2
282 346 -2
283 347 2
284 348 -4
345 409 1
346 410 -2
347 411 -4
348 412 -2
409 473 4
410 474 4
411 475 2
412 476 -4
33 97 1
34 98 4
35 99 -4
36 100 -2
97 161 4
98 162 4
99 163 2
100 164 -2
161 225 -4
162 226 2
163 227 -4
164 228 2
225 289 1
226 290 4
227 291 -1
228 292 -2
289 353 -1
290 354 1
291 355 1
292 356 2
353 417 -2
354 418 2
355 419 -1
356 420 2
417 481 -1
418 482 1
419 483 2
420 484 4
41 105 4
42 106 4
43 107 -1
44 108 -4
105 169 4
106 170 -1
107 171 -1
108 172 -1
169 233 2
170 234 1
171 235 1
172 236 -4
233 297 1
234 298 -2
235 299 -2
236 300 -2
297 361 4
298 362 1
299 363 2
300 364 1
361 425 -2
362 426 1
363 427 -1
364 428 -2
425 489 2
426 490 2
427 491 2
428 492 4
49 113 4
50 114 4
51 115 -2
52 116 1
113 177 -2
114 178 4
115 179 -1
116 180 2
177 241 -2
178 242 2
179 243 4
180 244 4
241 305 1
242 306 1
243 307 4
244 308 -1
305 369 -1
306 370 1
307 371 -1
308 372 -2
369 433 1
370 434 2
371 435 4
372 436 2
433 497 2
434 498 -1
435 499 2
436 500 4
57 121 4
58 122 -1
59 123 1
60 124 -2
121 185 -1
122 186 4
123 187 4
124 188 -4
185 249 -4
186 250 2
187 251 -4
188 252 -2
249 313 2
250 314 -2
251 315 1
252 316 -1
313 377 2
314 378 4
315 379 1
316 380 4
377 441 1
378 442 -4
379 443 -1
380 444 -1
441 505 -2
442 506 4
443 507 -1
444 508 -4
