#
1 5 1
1 6 -2
1 7 -2
1 8 4
2 5 2
2 6 4
2 7 -2
2 8 4
3 5 4
3 6 -2
3 7 1
3 8 4
4 5 2
4 6 -1
4 7 2
4 8 -1
9 13 1
9 14 -4
9 15 1
9 16 -1
10 13 -1
10 14 -2
10 15 -2
10 16 2
11 13 -2
11 14 1
11 15 4
11 16 2
12 13 -4
12 14 1
12 15 -4
12 16 -2
17 21 2
17 22 2
17 23 4
17 24 1
18 21 1
18 22 -4
18 23 -2
18 24 -1
19 21 -1
19 22 4
19 23 -4
19 24 -1
20 21 2
20 22 1
20 23 2
20 24 4
25 29 2
25 30 1
25 31 2
25 32 1
26 29 1
26 30 4
26 31 -2
26 32 -1
27 29 2
27 30 -2
27 31 -2
27 32 -2
28 29 4
28 30 -1
28 31 -4
28 32 -1
33 37 2
33 38 4
33 39 1
33 40 -2
34 37 2
34 38 -1
34 39 -2
34 40 -2
35 37 1
35 38 -1
35 39 1
35 40 2
36 37 1
36 38 -1
36 39 4
36 40 -1
41 45 -2
41 46 4
41 47 4
41 48 2
42 45 1
42 46 -4
42 47 -2
42 48 -1
43 45 2
43 46 2
43 47 1
43 48 -4
44 45 -4
44 46 -2
44 47 -1
44 48 -4
49 53 -1
49 54 2
49 55 4
49 56 -4
50 53 2
50 54 2
50 55 -1
50 56 -2
51 53 2
51 54 -4
51 55 -4
51 56 4
52 53 4
52 54 -1
52 55 -2
52 56 4
57 61 4
57 62 2
57 63 -4
57 64 4
58 61 -2
58 62 4
58 63 -2
58 64 -2
59 61 1
59 62 2
59 63 -2
59 64 -4
60 61 -2
60 62 1
60 63 -4
60 64 -2
65 69 4
65 70 -2
65 71 1
65 72 -4
66 69 2
66 70 -4
66 71 4
66 72 -4
67 69 4
67 70 -4
67 71 2
67 72 4
68 69 2
68 70 -4
68 71 -1
68 72 1
73 77 2
73 78 -1
73 79 4
73 80 -2
74 77 1
74 78 1
74 79 4
74 80 -4
75 77 4
75 78 2
75 79 -4
75 80 4
76 77 -4
76 78 4
76 79 -2
76 80 -2
81 85 -2
81 86 1
81 87 2
81 88 -4
82 85 -1
82 86 2
82 87 -4
82 88 -4
83 85 2
83 86 -1
83 87 1
83 88 -2
84 85 -4
84 86 4
84 87 1
84 88 -4
89 93 1
89 94 4
89 95 -4
89 96 2
90 93 1
90 94 -1
90 95 -2
90 96 -2
91 93 -1
91 94 1
91 95 1
91 96 -4
92 93 4
92 94 2
92 95 -2
92 96 4
97 101 -2
97 102 -2
97 103 1
97 104 -1
98 101 -4
98 102 -2
98 103 -1
98 104 1
99 101 -1
99 102 2
99 103 -1
99 104 -2
100 101 1
100 102 -1
100 103 -1
100 104 4
105 109 -2
105 110 4
105 111 -1
105 112 4
106 109 1
106 110 -1
106 111 2
106 112 -4
107 109 4
107 110 1
107 111 -2
107 112 4
108 109 1
108 110 -4
108 111 -4
108 112 -1
113 117 2
113 118 -1
113 119 2
113 120 -1
114 117 -2
114 118 -1
114 119 -4
114 120 4
115 117 -4
115 118 -2
115 119 2
115 120 1
116 117 -4
116 118 -1
116 119 -2
116 120 1
121 125 4
121 126 -2
121 127 -4
121 128 -1
122 125 1
122 126 -1
122 127 -2
122 128 -1
123 125 4
123 126 4
123 127 -2
123 128 4
124 125 2
124 126 -1
124 127 2
124 128 2
129 133 -2
129 134 -4
129 135 4
129 136 -1
130 133 4
130 134 -1
130 135 -2
130 136 -4
131 133 1
131 134 -1
131 135 -2
131 136 4
132 133 -2
132 134 -4
132 135 4
132 136 -4
137 141 -2
137 142 -1
137 143 1
137 144 1
138 141 2
138 142 -4
138 143 2
138 144 -2
139 141 4
139 142 -1
139 143 -1
139 144 4
140 141 -2
140 142 1
140 143 1
140 144 -1
145 149 2
145 150 -2
145 151 -2
145 152 4
146 149 4
146 150 1
146 151 -2
146 152 1
147 149 -4
147 150 -2
147 151 -2
147 152 -2
148 149 -2
148 150 2
148 151 4
148 152 -4
153 157 4
153 158 -4
153 159 4
153 160 -1
154 157 4
154 158 2
154 159 2
154 160 -4
155 157 4
155 158 4
155 159 2
155 160 1
156 157 -2
156 158 -1
156 159 -1
156 160 1
161 165 2
161 166 -1
161 167 -1
161 168 -1
162 165 4
162 166 4
162 167 1
162 168 1
163 165 -4
163 166 -4
163 167 1
163 168 4
164 165 -4
164 166 2
164 167 -2
164 168 2
169 173 1
169 174 2
169 175 1
169 176 1
170 173 -1
170 174 -1
170 175 -2
170 176 -2
171 173 4
171 174 4
171 175 2
171 176 -2
172 173 -4
172 174 -4
172 175 -1
172 176 4
177 181 1
177 182 -4
177 183 2
177 184 2
178 181 -1
178 182 1
178 183 -2
178 184 2
179 181 -2
179 182 -1
179 183 -4
179 184 4
180 181 -1
180 182 2
180 183 1
180 184 -2
185 189 1
185 190 4
185 191 -2
185 192 2
186 189 4
186 190 2
186 191 2
186 192 2
187 189 2
187 190 -2
187 191 1
187 192 4
188 189 1
188 190 -1
188 191 -1
188 192 1
193 197 -4
193 198 -4
193 199 4
193 200 2
194 197 -2
194 198 -2
194 199 1
194 200 4
195 197 -4
195 198 -2
195 199 -4
195 200 1
196 197 -2
196 198 -1
196 199 -2
196 200 -4
201 205 -1
201 206 1
201 207 -2
201 208 2
202 205 -1
202 206 2
202 207 -1
202 208 -2
203 205 2
203 206 -1
203 207 -4
203 208 2
204 205 1
204 206 -1
204 207 1
204 208 -1
209 213 1
209 214 1
209 215 -2
209 216 2
210 213 -2
210 214 2
210 215 1
210 216 -4
211 213 -2
211 214 4
211 215 4
211 216 -1
212 213 4
212 214 4
212 215 4
212 216 -2
217 221 2
217 222 2
217 223 -4
217 224 -2
218 221 2
218 222 2
218 223 -1
218 224 1
219 221 4
219 222 -4
219 223 1
219 224 -1
220 221 4
220 222 4
220 223 2
220 224 -4
225 229 -1
225 230 1
225 231 4
225 232 -2
226 229 -1
226 230 -1
226 231 -1
226 232 2
227 229 -1
227 230 4
227 231 -4
227 232 -2
228 229 -1
228 230 4
228 231 -2
228 232 2
233 237 -1
233 238 -1
233 239 -4
233 240 -2
234 237 -1
234 238 1
234 239 -2
234 240 -4
235 237 4
235 238 -4
235 239 -1
235 240 -1
236 237 2
236 238 -2
236 239 -4
236 240 -2
241 245 -2
241 246 1
241 247 4
241 248 1
242 245 -1
242 246 2
242 247 4
242 248 -1
243 245 2
243 246 -2
243 247 1
243 248 1
244 245 4
244 246 -2
244 247 2
244 248 2
249 253 -1
249 254 -2
249 255 -4
249 256 -2
250 253 -2
250 254 -1
250 255 -1
250 256 2
251 253 -2
251 254 -1
251 255 -4
251 256 -2
252 253 -1
252 254 -4
252 255 -4
252 256 2
257 261 2
257 262 -2
257 263 4
257 264 1
258 261 1
258 262 -4
258 263 1
258 264 4
259 261 -4
259 262 -2
259 263 -4
259 264 2
260 261 2
260 262 -2
260 263 2
260 264 -1
265 269 -1
265 270 4
265 271 1
265 272 -1
266 269 -2
266 270 4
266 271 -2
266 272 2
267 269 1
267 270 -4
267 271 2
267 272 2
268 269 1
268 270 -2
268 271 1
268 272 -4
273 277 1
273 278 -1
273 279 2
273 280 -2
274 277 4
274 278 -4
274 279 -1
274 280 -1
275 277 -2
275 278 4
275 279 4
275 280 -4
276 277 1
276 278 2
276 279 -1
276 280 -4
281 285 1
281 286 -1
281 287 -4
281 288 1
282 285 -4
282 286 -2
282 287 -2
282 288 2
283 285 1
283 286 -1
283 287 4
283 288 -1
284 285 2
284 286 -4
284 287 2
284 288 2
289 293 1
289 294 1
289 295 1
289 296 -1
290 293 2
290 294 2
290 295 -1
290 296 1
291 293 -1
291 294 -4
291 295 1
291 296 -2
292 293 1
292 294 -4
292 295 -2
292 296 -4
297 301 4
297 302 -2
297 303 -2
297 304 4
298 301 2
298 302 -4
298 303 -2
298 304 -4
299 301 -4
299 302 -2
299 303 -1
299 304 1
300 301 -4
300 302 2
300 303 1
300 304 1
305 309 1
305 310 1
305 311 -2
305 312 2
306 309 1
306 310 -4
306 311 -2
306 312 -4
307 309 -2
307 310 -4
307 311 -1
307 312 4
308 309 4
308 310 4
308 311 1
308 312 -1
313 317 1
313 318 -1
313 319 -4
313 320 1
314 317 1
314 318 4
314 319 1
314 320 -1
315 317 -1
315 318 2
315 319 1
315 320 1
316 317 2
316 318 -2
316 319 4
316 320 -4
321 325 4
321 326 -2
321 327 -1
321 328 1
322 325 -2
322 326 1
322 327 4
322 328 4
323 325 -1
323 326 -2
323 327 4
323 328 1
324 325 -1
324 326 -2
324 327 1
324 328 -1
329 333 1
329 334 -4
329 335 2
329 336 1
330 333 2
330 334 -1
330 335 -4
330 336 -1
331 333 2
331 334 -2
331 335 -4
331 336 2
332 333 -4
332 334 -4
332 335 -1
332 336 4
337 341 -4
337 342 2
337 343 2
337 344 1
338 341 2
338 342 2
338 343 4
338 344 2
339 341 2
339 342 -2
339 343 1
339 344 2
340 341 1
340 342 2
340 343 2
340 344 4
345 349 -2
345 350 1
345 351 2
345 352 4
346 349 1
346 350 4
346 351 1
346 352 -4
347 349 -2
347 350 1
347 351 -4
347 352 1
348 349 1
348 350 -4
348 351 2
348 352 1
353 357 -4
353 358 -1
353 359 -4
353 360 4
354 357 -1
354 358 -4
354 359 2
354 360 -4
355 357 -4
355 358 -1
355 359 2
355 360 -2
356 357 4
356 358 -4
356 359 -1
356 360 -1
361 365 -2
361 366 4
361 367 2
361 368 -4
362 365 -4
362 366 1
362 367 1
362 368 -2
363 365 -1
363 366 -2
363 367 2
363 368 2
364 365 1
364 366 2
364 367 -1
364 368 4
369 373 4
369 374 -4
369 375 4
369 376 -1
370 373 2
370 374 -4
370 375 4
370 376 -4
371 373 -2
371 374 -1
371 375 -4
371 376 -2
372 373 -1
372 374 -1
372 375 -4
372 376 2
377 381 4
377 382 -4
377 383 -1
377 384 4
378 381 2
378 382 4
378 383 1
378 384 -4
379 381 -1
379 382 2
379 383 2
379 384 -4
380 381 -4
380 382 -1
380 383 -1
380 384 2
385 389 1
385 390 -2
385 391 1
385 392 -1
386 389 -4
386 390 2
386 391 -4
386 392 2
387 389 -1
387 390 4
387 391 2
387 392 1
388 389 1
388 390 -4
388 391 -2
388 392 -4
393 397 4
393 398 4
393 399 -1
393 400 2
394 397 1
394 398 2
394 399 2
394 400 -1
395 397 4
395 398 -2
395 399 4
395 400 2
396 397 -1
396 398 -4
396 399 1
396 400 -1
401 405 -1
401 406 1
401 407 4
401 408 2
402 405 -1
402 406 -1
402 407 4
402 408 4
403 405 -1
403 406 -4
403 407 -2
403 408 4
404 405 -4
404 406 -1
404 407 -4
404 408 -1
409 413 2
409 414 2
409 415 -2
409 416 4
410 413 4
410 414 -4
410 415 -4
410 416 -2
411 413 4
411 414 -1
411 415 1
411 416 4
412 413 -4
412 414 -1
412 415 4
412 416 -2
417 421 2
417 422 -2
417 423 1
417 424 4
418 421 4
418 422 -2
418 423 1
418 424 2
419 421 1
419 422 -1
419 423 -1
419 424 2
420 421 1
420 422 -4
420 423 -1
420 424 -2
425 429 1
425 430 -4
425 431 4
425 432 -2
426 429 2
426 430 -4
426 431 -2
426 432 1
427 429 4
427 430 -2
427 431 1
427 432 4
428 429 -1
428 430 -4
428 431 1
428 432 -1
433 437 -1
433 438 1
433 439 -1
433 440 4
434 437 2
434 438 -4
434 439 4
434 440 2
435 437 -4
435 438 -4
435 439 -4
435 440 -1
436 437 1
436 438 4
436 439 -4
436 440 -1
441 445 -4
441 446 1
441 447 -2
441 448 4
442 445 -4
442 446 4
442 447 -1
442 448 -1
443 445 -2
443 446 -4
443 447 -2
443 448 -2
444 445 1
444 446 -1
444 447 -1
444 448 -2
449 453 -2
449 454 1
449 455 -4
449 456 -4
450 453 1
450 454 -1
450 455 -2
450 456 4
451 453 -1
451 454 -4
451 455 1
451 456 2
452 453 4
452 454 -1
452 455 -1
452 456 1
457 461 -1
457 462 4
457 463 -1
457 464 -4
458 461 1
458 462 -1
458 463 2
458 464 2
459 461 -1
459 462 4
459 463 -4
459 464 4
460 461 -1
460 462 -1
460 463 4
460 464 4
465 469 2
465 470 -1
465 471 4
465 472 -1
466 469 1
466 470 -1
466 471 1
466 472 2
467 469 1
467 470 -4
467 471 1
467 472 -2
468 469 2
468 470 -2
468 471 -1
468 472 -2
473 477 1
473 478 -4
473 479 4
473 480 -1
474 477 -1
474 478 -1
474 479 4
474 480 2
475 477 -2
475 478 4
475 479 -4
475 480 -1
476 477 -2
476 478 4
476 479 2
476 480 -2
481 485 -1
481 486 1
481 487 4
481 488 4
482 485 2
482 486 1
482 487 2
482 488 -2
483 485 -1
483 486 2
483 487 -4
483 488 1
484 485 -1
484 486 1
484 487 -1
484 488 4
489 493 -2
489 494 -4
489 495 4
489 496 4
490 493 4
490 494 -1
490 495 1
490 496 4
491 493 -2
491 494 -1
491 495 1
491 496 1
492 493 2
492 494 2
492 495 -2
492 496 2
497 501 1
497 502 -2
497 503 4
497 504 1
498 501 1
498 502 -2
498 503 2
498 504 -1
499 501 4
499 502 4
499 503 1
499 504 -4
500 501 -4
500 502 -4
500 503 -4
500 504 2
505 509 4
505 510 -4
505 511 4
505 512 -4
506 509 -2
506 510 4
506 511 -4
506 512 1
507 509 4
507 510 -2
507 511 -4
507 512 2
508 509 -2
508 510 1
508 511 -2
508 512 4
5 13 -4
6 14 -4
7 15 -4
8 16 -2
13 21 -2
14 22 -1
15 23 -2
16 24 -2
21 29 -1
22 30 -4
23 31 -2
24 32 -1
29 37 -2
30 38 4
31 39 2
32 40 -2
37 45 4
38 46 -1
39 47 -4
40 48 4
45 53 1
46 54 4
47 55 1
48 56 1
53 61 -2
54 62 -2
55 63 2
56 64 1
69 77 1
70 78 1
71 79 -1
72 80 -4
77 85 -2
78 86 4
79 87 1
80 88 -1
85 93 -4
86 94 -1
87 95 -4
88 96 2
93 101 -4
94 102 1
95 103 4
96 104 -1
101 109 1
102 110 4
103 111 2
104 112 -2
109 117 4
110 118 2
111 119 -1
112 120 4
117 125 2
118 126 -4
119 127 -1
120 128 -4
133 141 2
134 142 2
135 143 1
136 144 -2
141 149 -2
142 150 -2
143 151 -2
144 152 -1
149 157 1
150 158 -2
151 159 -1
152 160 -4
157 165 4
158 166 -4
159 167 4
160 168 -2
165 173 -1
166 174 2
167 175 4
168 176 1
173 181 4
174 182 -2
175 183 2
176 184 4
181 189 -4
182 190 -4
183 191 1
184 192 1
197 205 -4
198 206 -4
199 207 1
200 208 4
205 213 2
206 214 2
207 215 -2
208 216 -2
213 221 2
214 222 2
215 223 4
216 224 -1
221 229 -2
222 230 -2
223 231 1
224 232 4
229 237 2
230 238 4
231 239 -1
232 240 1
237 245 -2
238 246 1
239 247 -4
240 248 -4
245 253 2
246 254 2
247 255 4
248 256 -1
261 269 4
262 270 -1
263 271 1
264 272 4
269 277 1
270 278 1
271 279 -1
272 280 4
277 285 -4
278 286 2
279 287 4
280 288 2
285 293 -2
286 294 -2
287 295 -2
288 296 -2
293 301 1
294 302 4
295 303 -4
296 304 4
301 309 -1
302 310 1
303 311 1
304 312 1
309 317 -1
310 318 2
311 319 2
312 320 2
325 333 -1
326 334 4
327 335 -2
328 336 -1
333 341 -4
334 342 4
335 343 2
336 344 1
341 349 -4
342 350 -2
343 351 1
344 352 -4
349 357 -1
350 358 -2
351 359 1
352 360 -4
357 365 -4
358 366 -2
359 367 -2
360 368 -1
365 373 2
366 374 -1
367 375 -2
368 376 2
373 381 4
374 382 -2
375 383 -2
376 384 -2
389 397 4
390 398 2
391 399 -4
392 400 2
397 405 1
398 406 -1
399 407 2
400 408 1
405 413 -4
406 414 4
407 415 4
408 416 1
413 421 -1
414 422 4
415 423 1
416 424 -4
421 429 2
422 430 -4
423 431 1
424 432 -2
429 437 4
430 438 4
431 439 4
432 440 -2
437 445 1
438 446 -4
439 447 1
440 448 -4
453 461 1
454 462 -4
455 463 1
456 464 -1
461 469 -4
462 470 -2
463 471 -2
464 472 2
469 477 2
470 478 -2
471 479 4
472 480 -4
477 485 2
478 486 -2
479 487 -1
480 488 -2
485 493 -1
486 494 -2
487 495 1
488 496 4
493 501 -2
494 502 -1
495 503 1
496 504 -4
501 509 -4
502 510 2
503 511 1
504 512 -4
1 65 1
2 66 -2
3 67 -4
4 68 -1
65 129 -4
66 130 -4
67 131 1
68 132 1
129 193 4
130 194 2
131 195 -1
132 196 4
193 257 1
194 258 -1
195 259 -1
196 260 4
257 321 -2
258 322 -4
259 323 4
260 324 2
321 385 -4
322 386 -2
323 387 -1
324 388 2
385 449 1
386 450 2
387 451 -1
388 452 -1
9 73 4
10 74 -4
11 75 4
12 76 -4
73 137 -4
74 138 2
75 139 -4
76 140 4
137 201 -2
138 202 -4
139 203 -1
140 204 4
201 265 -4
202 266 1
203 267 -1
204 268 -1
265 329 1
266 330 -1
267 331 -2
268 332 -1
329 393 1
330 394 -2
331 395 -2
332 396 4
393 457 -4
394 458 -1
395 459 -1
396 460 2
17 81 -2
18 82 1
19 83 2
20 84 4
81 145 -2
82 146 1
83 147 -4
84 148 -2
145 209 -4
146 210 -4
147 211 2
148 212 4
209 273 1
210 274 4
211 275 1
212 276 -4
273 337 -4
274 338 4
275 339 -2
276 340 -2
337 401 1
338 402 -4
339 403 -1
340 404 4
401 465 -1
402 466 2
403 467 -2
404 468 2
25 89 2
26 90 -1
27 91 -1
28 92 -1
89 153 -2
90 154 2
91 155 -4
92 156 -4
153 217 -1
154 218 4
155 219 -1
156 220 1
217 281 2
218 282 2
219 283 1
220 284 -4
281 345 4
282 346 -4
283 347 4
284 348 1
345 409 4
346 410 4
347 411 2
348 412 1
409 473 -1
410 474 -1
411 475 1
412 476 -1
33 97 -4
34 98 -4
35 99 -2
36 100 1
97 161 1
98 162 4
99 163 1
100 164 2
161 225 -2
162 226 2
163 227 2
164 228 -1
225 289 4
226 290 -4
227 291 -2
228 292 1
289 353 4
290 354 -4
291 355 -1
292 356 4
353 417 -1
354 418 -2
355 419 1
356 420 2
417 481 1
418 482 4
419 483 1
420 484 -1
41 105 -1
42 106 -1
43 107 1
44 108 1
105 169 -2
106 170 -2
107 171 2
108 172 -4
169 233 1
170 234 -1
171 235 -2
172 236 -4
233 297 -1
234 298 2
235 299 4
236 300 2
297 361 -2
298 362 -4
299 363 -4
300 364 -1
361 425 -1
362 426 -2
363 427 -4
364 428 2
425 489 2
426 490 4
427 491 -4
428 492 -4
49 113 -1
50 114 -4
51 115 -1
52 116 -4
113 177 -4
114 178 -1
115 179 1
116 180 2
177 241 4
178 242 4
179 243 -2
180 244 -4
241 305 -4
242 306 -1
243 307 -4
244 308 1
305 369 4
306 370 2
307 371 -2
308 372 -1
369 433 -2
370 434 -2
371 435 4
372 436 -4
433 497 -1
434 498 2
435 499 -4
436 500 1
57 121 1
58 122 1
59 123 -4
60 124 -2
121 185 2
122 186 -1
123 187 -2
124 188 -2
185 249 4
186 250 -4
187 251 -1
188 252 2
249 313 -2
250 314 1
251 315 1
252 316 2
313 377 -2
314 378 1
315 379 1
316 380 1
377 441 -2
378 442 4
379 443 -2
380 444 4
441 505 1
442 506 2
443 507 2
444 508 -4
