#
1 5 1
1 6 1
1 7 -2
1 8 4
2 5 1
2 6 -4
2 7 1
2 8 -1
3 5 -4
3 6 -1
3 7 -2
3 8 -4
4 5 4
4 6 4
4 7 -2
4 8 -1
9 13 -4
9 14 1
9 15 1
9 16 -4
10 13 1
10 14 -2
10 15 1
10 16 -2
11 13 -4
11 14 4
11 15 -1
11 16 -1
12 13 -1
12 14 2
12 15 -2
12 16 2
17 21 4
17 22 -4
17 23 2
17 24 4
18 21 4
18 22 -2
18 23 1
18 24 1
19 21 2
19 22 -4
19 23 1
19 24 1
20 21 2
20 22 -2
20 23 -2
20 24 2
25 29 -1
25 30 4
25 31 1
25 32 4
26 29 -2
26 30 -4
26 31 1
26 32 -4
27 29 -1
27 30 -1
27 31 1
27 32 4
28 29 -1
28 30 2
28 31 -2
28 32 4
33 37 2
33 38 1
33 39 -4
33 40 -2
34 37 1
34 38 1
34 39 -2
34 40 -1
35 37 2
35 38 4
35 39 4
35 40 4
36 37 -2
36 38 -1
36 39 -4
36 40 -2
41 45 -4
41 46 -1
41 47 2
41 48 4
42 45 2
42 46 2
42 47 2
42 48 2
43 45 -4
43 46 -1
43 47 -1
43 48 1
44 45 2
44 46 1
44 47 -1
44 48 4
49 53 -2
49 54 -1
49 55 -2
49 56 4
50 53 2
50 54 2
50 55 1
50 56 4
51 53 -1
51 54 4
51 55 2
51 56 -4
52 53 4
52 54 4
52 55 -1
52 56 -1
57 61 -4
57 62 -2
57 63 -2
57 64 4
58 61 1
58 62 -1
58 63 2
58 64 4
59 61 1
59 62 1
59 63 -1
59 64 2
60 61 -2
60 62 2
60 63 -2
60 64 -4
65 69 4
65 70 -1
65 71 -2
65 72 -4
66 69 -1
66 70 -1
66 71 -4
66 72 4
67 69 -2
67 70 1
67 71 -1
67 72 4
68 69 -1
68 70 2
68 71 -4
68 72 -1
73 77 -1
73 78 -4
73 79 -1
73 80 -2
74 77 -4
74 78 2
74 79 2
74 80 -2
75 77 2
75 78 -2
75 79 -4
75 80 4
76 77 -2
76 78 1
76 79 1
76 80 -4
81 85 2
81 86 4
81 87 4
81 88 -1
82 85 1
82 86 -2
82 87 -2
82 88 -1
83 85 -1
83 86 -4
83 87 2
83 88 2
84 85 -2
84 86 -1
84 87 4
84 88 4
89 93 -4
89 94 1
89 95 2
89 96 2
90 93 2
90 94 -2
90 95 1
90 96 -1
91 93 1
91 94 -4
91 95 -1
91 96 -4
92 93 -1
92 94 -1
92 95 -2
92 96 1
97 101 4
97 102 1
97 103 -4
97 104 -2
98 101 -1
98 102 4
98 103 -2
98 104 -2
99 101 -4
99 102 -4
99 103 1
99 104 1
100 101 4
100 102 -1
100 103 1
100 104 1
105 109 1
105 110 2
105 111 -4
105 112 -4
106 109 -2
106 110 1
106 111 4
106 112 2
107 109 -2
107 110 4
107 111 4
107 112 -4
108 109 4
108 110 1
108 111 2
108 112 2
113 117 2
113 118 2
113 119 -2
113 120 -1
114 117 1
114 118 4
114 119 2
114 120 2
115 117 -4
115 118 1
115 119 4
115 120 2
116 117 2
116 118 2
116 119 -1
116 120 -1
121 125 -4
121 126 -1
121 127 -2
121 128 4
122 125 -1
122 126 -1
122 127 -1
122 128 2
123 125 2
123 126 2
123 127 -2
123 128 -2
124 125 1
124 126 1
124 127 -1
124 128 1
129 133 -2
129 134 -2
129 135 -1
129 136 -2
130 133 -2
130 134 2
130 135 -1
130 136 -2
131 133 -1
131 134 1
131 135 -4
131 136 1
132 133 -2
132 134 4
132 135 2
132 136 4
137 141 -1
137 142 2
137 143 -1
137 144 -2
138 141 1
138 142 -2
138 143 -4
138 144 1
139 141 -2
139 142 4
139 143 2
139 144 4
140 141 2
140 142 -4
140 143 -1
140 144 -4
145 149 -1
145 150 -2
145 151 2
145 152 2
146 149 4
146 150 2
146 151 -4
146 152 2
147 149 -4
147 150 2
147 151 1
147 152 4
148 149 4
148 150 -2
148 151 2
148 152 2
153 157 -1
153 158 1
153 159 -1
153 160 1
154 157 1
154 158 2
154 159 4
154 160 -1
155 157 1
155 158 -2
155 159 2
155 160 -2
156 157 -1
156 158 -4
156 159 1
156 160 -2
161 165 1
161 166 -1
161 167 -2
161 168 -2
162 165 -1
162 166 -1
162 167 -1
162 168 -4
163 165 -1
163 166 -2
163 167 -1
163 168 4
164 165 4
164 166 -4
164 167 4
164 168 2
169 173 1
169 174 1
169 175 -2
169 176 2
170 173 -4
170 174 -2
170 175 -1
170 176 -1
171 173 1
171 174 1
171 175 -2
171 176 2
172 173 4
172 174 -1
172 175 -1
172 176 -4
177 181 4
177 182 -1
177 183 1
177 184 4
178 181 4
178 182 -4
178 183 -4
178 184 4
179 181 -1
179 182 1
179 183 4
179 184 -4
180 181 2
180 182 -2
180 183 -1
180 184 -1
185 189 -1
185 190 1
185 191 2
185 192 -2
186 189 4
186 190 -1
186 191 -1
186 192 -1
187 189 1
187 190 -1
187 191 1
187 192 2
188 189 -4
188 190 -2
188 191 2
188 192 2
193 197 -1
193 198 2
193 199 4
193 200 2
194 197 -1
194 198 4
194 199 -2
194 200 -4
195 197 -1
195 198 -1
195 199 4
195 200 -1
196 197 4
196 198 2
196 199 -1
196 200 1
201 205 1
201 206 1
201 207 2
201 208 4
202 205 -2
202 206 -2
202 207 -2
202 208 2
203 205 -4
203 206 -1
203 207 -1
203 208 -2
204 205 -2
204 206 -4
204 207 -2
204 208 4
209 213 -4
209 214 -1
209 215 -4
209 216 1
210 213 2
210 214 4
210 215 4
210 216 1
211 213 -2
211 214 4
211 215 -1
211 216 -1
212 213 -4
212 214 -2
212 215 -2
212 216 -1
217 221 -4
217 222 1
217 223 2
217 224 -2
218 221 4
218 222 1
218 223 -4
218 224 2
219 221 -1
219 222 2
219 223 -2
219 224 -1
220 221 -1
220 222 4
220 223 4
220 224 4
225 229 2
225 230 1
225 231 -1
225 232 4
226 229 2
226 230 -4
226 231 4
226 232 4
227 229 2
227 230 -4
227 231 -2
227 232 4
228 229 -4
228 230 1
228 231 2
228 232 1
233 237 4
233 238 1
233 239 -1
233 240 -1
234 237 1
234 238 -2
234 239 -4
234 240 -4
235 237 -2
235 238 -1
235 239 -1
235 240 2
236 237 4
236 238 -2
236 239 2
236 240 4
241 245 1
241 246 -4
241 247 -1
241 248 1
242 245 -2
242 246 -1
242 247 4
242 248 -4
243 245 2
243 246 -1
243 247 2
243 248 2
244 245 -1
244 246 2
244 247 -2
244 248 2
249 253 1
249 254 -2
249 255 -4
249 256 -2
250 253 4
250 254 4
250 255 2
250 256 4
251 253 4
251 254 -2
251 255 1
251 256 4
252 253 1
252 254 1
252 255 2
252 256 1
257 261 4
257 262 -2
257 263 -1
257 264 -4
258 261 -2
258 262 1
258 263 -2
258 264 -4
259 261 -1
259 262 -2
259 263 1
259 264 1
260 261 1
260 262 4
260 263 -4
260 264 -1
265 269 1
265 270 -1
265 271 -1
265 272 -4
266 269 -2
266 270 1
266 271 -2
266 272 2
267 269 -1
267 270 -4
267 271 -1
267 272 -1
268 269 -4
268 270 -2
268 271 1
268 272 1
273 277 -2
273 278 -4
273 279 -2
273 280 1
274 277 1
274 278 -1
274 279 -2
274 280 -2
275 277 4
275 278 -4
275 279 -1
275 280 2
276 277 -2
276 278 -4
276 279 -1
276 280 4
281 285 -1
281 286 2
281 287 1
281 288 -2
282 285 4
282 286 1
282 287 4
282 288 1
283 285 1
283 286 -2
283 287 -4
283 288 1
284 285 1
284 286 2
284 287 2
284 288 -4
289 293 4
289 294 -2
289 295 4
289 296 1
290 293 -4
290 294 -2
290 295 -2
290 296 4
291 293 2
291 294 -1
291 295 2
291 296 1
292 293 -1
292 294 -4
292 295 2
292 296 4
297 301 -4
297 302 -1
297 303 -4
297 304 -4
298 301 1
298 302 -1
298 303 2
298 304 2
299 301 4
299 302 -1
299 303 -2
299 304 4
300 301 -4
300 302 -4
300 303 -2
300 304 -1
305 309 -1
305 310 -4
305 311 -2
305 312 -1
306 309 1
306 310 -2
306 311 1
306 312 4
307 309 -1
307 310 4
307 311 -2
307 312 -4
308 309 -2
308 310 2
308 311 4
308 312 -2
313 317 -2
313 318 -1
313 319 2
313 320 2
314 317 1
314 318 4
314 319 4
314 320 2
315 317 -1
315 318 1
315 319 4
315 320 4
316 317 -4
316 318 -2
316 319 -1
316 320 -2
321 325 -1
321 326 1
321 327 2
321 328 -1
322 325 1
322 326 -2
322 327 1
322 328 2
323 325 -1
323 326 -2
323 327 4
323 328 1
324 325 1
324 326 4
324 327 -1
324 328 -2
329 333 -1
329 334 -1
329 335 2
329 336 -4
330 333 -4
330 334 2
330 335 2
330 336 4
331 333 -4
331 334 1
331 335 1
331 336 -2
332 333 4
332 334 4
332 335 -4
332 336 -2
337 341 4
337 342 1
337 343 -4
337 344 -2
338 341 1
338 342 -2
338 343 -4
338 344 -2
339 341 2
339 342 2
339 343 -1
339 344 -1
340 341 -1
340 342 -2
340 343 -1
340 344 1
345 349 -4
345 350 1
345 351 -2
345 352 4
346 349 2
346 350 4
346 351 -4
346 352 -4
347 349 -1
347 350 -2
347 351 -1
347 352 -2
348 349 -4
348 350 -1
348 351 2
348 352 -4
353 357 2
353 358 -2
353 359 1
353 360 -4
354 357 -4
354 358 2
354 359 4
354 360 -2
355 357 1
355 358 -1
355 359 1
355 360 -1
356 357 4
356 358 -1
356 359 -4
356 360 -4
361 365 -1
361 366 2
361 367 -2
361 368 -2
362 365 -2
362 366 -1
362 367 4
362 368 -2
363 365 1
363 366 -1
363 367 4
363 368 4
364 365 4
364 366 2
364 367 2
364 368 1
369 373 2
369 374 2
369 375 1
369 376 1
370 373 4
370 374 4
370 375 -4
370 376 2
371 373 -2
371 374 -4
371 375 1
371 376 2
372 373 1
372 374 -2
372 375 -2
372 376 4
377 381 -2
377 382 1
377 383 -1
377 384 4
378 381 4
378 382 4
378 383 1
378 384 -1
379 381 2
379 382 -4
379 383 -1
379 384 -4
380 381 1
380 382 2
380 383 -2
380 384 4
385 389 -2
385 390 -4
385 391 2
385 392 -4
386 389 1
386 390 2
386 391 -2
386 392 -1
387 389 -1
387 390 -4
387 391 -2
387 392 -4
388 389 -1
388 390 4
388 391 2
388 392 2
393 397 2
393 398 -1
393 399 -4
393 400 2
394 397 -1
394 398 1
394 399 2
394 400 1
395 397 2
395 398 -1
395 399 2
395 400 -1
396 397 1
396 398 2
396 399 2
396 400 -2
401 405 4
401 406 1
401 407 2
401 408 2
402 405 -1
402 406 4
402 407 -1
402 408 1
403 405 1
403 406 -1
403 407 -1
403 408 4
404 405 4
404 406 4
404 407 -1
404 408 -2
409 413 -1
409 414 2
409 415 -4
409 416 1
410 413 -1
410 414 -4
410 415 2
410 416 -1
411 413 1
411 414 4
411 415 2
411 416 -2
412 413 2
412 414 2
412 415 1
412 416 -1
417 421 1
417 422 -2
417 423 -4
417 424 -4
418 421 -2
418 422 -1
418 423 4
418 424 -2
419 421 -2
419 422 -2
419 423 1
419 424 -1
420 421 -2
420 422 -2
420 423 -1
420 424 1
425 429 -1
425 430 -1
425 431 2
425 432 -2
426 429 2
426 430 2
426 431 1
426 432 -1
427 429 2
427 430 4
427 431 -2
427 432 -4
428 429 -4
428 430 4
428 431 4
428 432 -2
433 437 -2
433 438 -4
433 439 -4
433 440 -2
434 437 -1
434 438 -2
434 439 -1
434 440 2
435 437 -1
435 438 2
435 439 4
435 440 2
436 437 2
436 438 2
436 439 2
436 440 2
441 445 2
441 446 2
441 447 2
441 448 4
442 445 2
442 446 4
442 447 -2
442 448 4
443 445 2
443 446 -4
443 447 -2
443 448 -2
444 445 -4
444 446 4
444 447 -2
444 448 4
449 453 1
449 454 1
449 455 2
449 456 1
450 453 -2
450 454 -2
450 455 -2
450 456 1
451 453 -4
451 454 2
451 455 2
451 456 4
452 453 1
452 454 4
452 455 -4
452 456 -4
457 461 4
457 462 -1
457 463 4
457 464 1
458 461 4
458 462 2
458 463 -2
458 464 -4
459 461 1
459 462 -4
459 463 -2
459 464 1
460 461 -2
460 462 4
460 463 2
460 464 4
465 469 4
465 470 1
465 471 -2
465 472 -1
466 469 -4
466 470 -4
466 471 4
466 472 -2
467 469 2
467 470 -1
467 471 4
467 472 -2
468 469 4
468 470 4
468 471 -2
468 472 2
473 477 -2
473 478 1
473 479 2
473 480 1
474 477 2
474 478 -4
474 479 2
474 480 -1
475 477 1
475 478 2
475 479 -2
475 480 2
476 477 1
476 478 1
476 479 1
476 480 -4
481 485 -4
481 486 -2
481 487 -1
481 488 -2
482 485 4
482 486 -1
482 487 -2
482 488 4
483 485 1
483 486 2
483 487 1
483 488 4
484 485 -4
484 486 2
484 487 1
484 488 2
489 493 -1
489 494 -2
489 495 -1
489 496 -1
490 493 -4
490 494 2
490 495 -2
490 496 -4
491 493 -1
491 494 -2
491 495 2
491 496 -2
492 493 2
492 494 1
492 495 2
492 496 -2
497 501 4
497 502 2
497 503 -2
497 504 -2
498 501 4
498 502 4
498 503 2
498 504 4
499 501 -4
499 502 -2
499 503 -1
499 504 -4
500 501 1
500 502 -2
500 503 4
500 504 2
505 509 -4
505 510 -1
505 511 -2
505 512 -2
506 509 4
506 510 1
506 511 1
506 512 2
507 509 4
507 510 -2
507 511 -1
507 512 -1
508 509 -2
508 510 1
508 511 1
508 512 -1
5 13 4
6 14 1
7 15 -4
8 16 -1
13 21 2
14 22 4
15 23 -4
16 24 2
21 29 1
22 30 4
23 31 2
24 32 2
29 37 -1
30 38 4
31 39 -2
32 40 -1
37 45 -1
38 46 4
39 47 2
40 48 4
45 53 -4
46 54 1
47 55 1
48 56 4
53 61 -2
54 62 4
55 63 -1
56 64 4
69 77 -1
70 78 -4
71 79 4
72 80 -1
77 85 2
78 86 2
79 87 2
80 88 4
85 93 -4
86 94 -1
87 95 -1
88 96 -1
93 101 4
94 102 1
95 103 -2
96 104 1
101 109 4
102 110 -1
103 111 -1
104 112 1
109 117 1
110 118 2
111 119 4
112 120 4
117 125 2
118 126 -4
119 127 -4
120 128 2
133 141 -4
134 142 -4
135 143 1
136 144 -1
141 149 1
142 150 4
143 151 -1
144 152 2
149 157 -4
150 158 1
151 159 -4
152 160 -4
157 165 1
158 166 4
159 167 -4
160 168 -1
165 173 -2
166 174 1
167 175 4
168 176 1
173 181 2
174 182 2
175 183 2
176 184 2
181 189 -4
182 190 4
183 191 4
184 192 2
197 205 -2
198 206 2
199 207 2
200 208 1
205 213 2
206 214 -2
207 215 -2
208 216 -2
213 221 -4
214 222 2
215 223 2
216 224 2
221 229 -1
222 230 2
223 231 -2
224 232 1
229 237 4
230 238 -1
231 239 -2
232 240 2
237 245 -1
238 246 -2
239 247 1
240 248 -1
245 253 2
246 254 -1
247 255 -2
248 256 -2
261 269 1
262 270 2
263 271 -2
264 272 1
269 277 -4
270 278 -1
271 279 -1
272 280 -1
277 285 1
278 286 1
279 287 4
280 288 1
285 293 -1
286 294 -2
287 295 1
288 296 1
293 301 4
294 302 -4
295 303 1
296 304 -4
301 309 -1
302 310 -4
303 311 4
304 312 -1
309 317 4
310 318 -1
311 319 1
312 320 1
325 333 4
326 334 -2
327 335 1
328 336 -4
333 341 -2
334 342 4
335 343 2
336 344 4
341 349 2
342 350 -2
343 351 -4
344 352 -2
349 357 4
350 358 -1
351 359 -2
352 360 4
357 365 -2
358 366 2
359 367 -4
360 368 2
365 373 -1
366 374 1
367 375 -2
368 376 2
373 381 -2
374 382 1
375 383 -4
376 384 -1
389 397 -1
390 398 -1
391 399 -1
392 400 -1
397 405 2
398 406 -1
399 407 -4
400 408 1
405 413 -1
406 414 2
407 415 -1
408 416 -1
413 421 -1
414 422 4
415 423 -2
416 424 -2
421 429 1
422 430 -4
423 431 -2
424 432 -1
429 437 2
430 438 -1
431 439 -4
432 440 -2
437 445 1
438 446 2
439 447 -2
440 448 1
453 461 -2
454 462 -4
455 463 1
456 464 2
461 469 -4
462 470 1
463 471 1
464 472 2
469 477 -4
470 478 -4
471 479 -2
472 480 -1
477 485 4
478 486 1
479 487 -4
480 488 -2
485 493 -1
486 494 -4
487 495 -2
488 496 2
493 501 4
494 502 2
495 503 -4
496 504 -2
501 509 -4
502 510 -1
503 511 -4
504 512 2
1 65 -1
2 66 -2
3 67 2
4 68 4
65 129 2
66 130 1
67 131 4
68 132 1
129 193 1
130 194 2
131 195 -2
132 196 -2
193 257 1
194 258 -4
195 259 -4
196 260 -1
257 321 2
258 322 -2
259 323 2
260 324 -4
321 385 4
322 386 -2
323 387 1
324 388 -4
385 449 -4
386 450 -1
387 451 -2
388 452 2
9 73 1
10 74 -1
11 75 2
12 76 4
73 137 1
74 138 2
75 139 -1
76 140 4
137 201 -1
138 202 2
139 203 -2
140 204 -1
201 265 -2
202 266 1
203 267 2
204 268 -4
265 329 4
266 330 2
267 331 2
268 332 -1
329 393 1
330 394 -4
331 395 -1
332 396 -4
393 457 1
394 458 -4
395 459 -2
396 460 2
17 81 -4
18 82 -4
19 83 -4
20 84 4
81 145 -1
82 146 -4
83 147 4
84 148 4
145 209 4
146 210 -2
147 211 -1
148 212 -4
209 273 4
210 274 2
211 275 1
212 276 2
273 337 -2
274 338 1
275 339 -1
276 340 2
337 401 1
338 402 1
339 403 -4
340 404 1
401 465 -4
402 466 -2
403 467 4
404 468 1
25 89 -4
26 90 -2
27 91 1
28 92 -2
89 153 2
90 154 -1
91 155 -4
92 156 1
153 217 2
154 218 -4
155 219 1
156 220 1
217 281 4
218 282 -2
219 283 1
220 284 2
281 345 4
282 346 4
283 347 -2
284 348 2
345 409 4
346 410 -4
347 411 -4
348 412 -1
409 473 -1
410 474 -1
411 475 1
412 476 4
33 97 2
34 98 1
35 99 1
36 100 -2
97 161 4
98 162 1
99 163 -4
100 164 -4
161 225 1
162 226 -4
163 227 -4
164 228 -1
225 289 -4
226 290 -4
227 291 2
228 292 1
289 353 -2
290 354 -2
291 355 -4
292 356 -1
353 417 4
354 418 -4
355 419 4
356 420 1
417 481 1
418 482 2
419 483 -1
420 484 -2
41 105 -2
42 106 -2
43 107 -1
44 108 -2
105 169 -1
106 170 4
107 171 1
108 172 1
169 233 1
170 234 2
171 235 4
172 236 -4
233 297 1
234 298 -1
235 299 4
236 300 1
297 361 4
298 362 -4
299 363 -2
300 364 1
361 425 -1
362 426 -1
363 427 1
364 428 -1
425 489 4
426 490 4
427 491 2
428 492 -1
49 113 2
50 114 -2
51 115 -1
52 116 4
113 177 -2
114 178 4
115 179 4
116 180 -1
177 241 -2
178 242 2
179 243 -1
180 244 -1
241 305 2
242 306 2
243 307 -1
244 308 -1
305 369 -1
306 370 1
307 371 -1
308 372 -4
369 433 -1
370 434 -2
371 435 2
372 436 -4
433 497 -1
434 498 -4
435 499 -1
436 500 2
57 121 2
58 122 -2
59 123 2
60 124 4
121 185 1
122 186 2
123 187 2
124 188 -1
185 249 2
186 250 1
187 251 -2
188 252 -4
249 313 -4
250 314 1
251 315 -2
252 316 4
313 377 4
314 378 -2
315 379 4
316 380 -2
377 441 -2
378 442 -1
379 443 -4
380 444 4
441 505 2
442 506 2
443 507 1
444 508 -1
