#
1 5 -4
1 6 -4
1 7 4
1 8 4
2 5 1
2 6 4
2 7 1
2 8 2
3 5 2
3 6 -1
3 7 -4
3 8 4
4 5 1
4 6 -4
4 7 -1
4 8 -4
9 13 2
9 14 4
9 15 2
9 16 -1
10 13 1
10 14 4
10 15 4
10 16 -2
11 13 4
11 14 2
11 15 4
11 16 1
12 13 -1
12 14 4
12 15 2
12 16 -4
17 21 2
17 22 -1
17 23 4
17 24 4
18 21 2
18 22 2
18 23 -2
18 24 1
19 21 -1
19 22 2
19 23 -4
19 24 1
20 21 1
20 22 1
20 23 1
20 24 1
25 29 4
25 30 -2
25 31 4
25 32 -2
26 29 -4
26 30 -2
26 31 4
26 32 4
27 29 -1
27 30 1
27 31 -1
27 32 4
28 29 -2
28 30 1
28 31 4
28 32 4
33 37 -2
33 38 -1
33 39 2
33 40 4
34 37 -2
34 38 -4
34 39 -1
34 40 4
35 37 2
35 38 1
35 39 -2
35 40 1
36 37 1
36 38 -4
36 39 -4
36 40 1
41 45 4
41 46 -1
41 47 4
41 48 4
42 45 2
42 46 -2
42 47 1
42 48 -4
43 45 -2
43 46 -4
43 47 -2
43 48 2
44 45 2
44 46 -2
44 47 -1
44 48 -4
49 53 4
49 54 4
49 55 -2
49 56 2
50 53 -1
50 54 -2
50 55 4
50 56 -2
51 53 4
51 54 4
51 55 -1
51 56 2
52 53 -2
52 54 2
52 55 -4
52 56 1
57 61 -2
57 62 4
57 63 2
57 64 -1
58 61 -4
58 62 -4
58 63 -4
58 64 -1
59 61 1
59 62 1
59 63 2
59 64 1
60 61 4
60 62 -4
60 63 -4
60 64 4
65 69 -4
65 70 -4
65 71 -2
65 72 -4
66 69 1
66 70 -1
66 71 4
66 72 -1
67 69 2
67 70 4
67 71 2
67 72 1
68 69 2
68 70 1
68 71 -2
68 72 1
73 77 4
73 78 -1
73 79 -4
73 80 1
74 77 4
74 78 -4
74 79 -4
74 80 2
75 77 2
75 78 -4
75 79 -1
75 80 -1
76 77 -2
76 78 -4
76 79 -2
76 80 -1
81 85 -1
81 86 -2
81 87 -4
81 88 -4
82 85 4
82 86 -2
82 87 4
82 88 -2
83 85 -1
83 86 -1
83 87 -4
83 88 2
84 85 2
84 86 2
84 87 4
84 88 2
89 93 -4
89 94 4
89 95 -1
89 96 4
90 93 -2
90 94 -1
90 95 -1
90 96 2
91 93 -4
91 94 -1
91 95 -4
91 96 2
92 93 1
92 94 2
92 95 -4
92 96 -4
97 101 1
97 102 -4
97 103 -1
97 104 -1
98 101 4
98 102 1
98 103 2
98 104 2
99 101 1
99 102 -4
99 103 -1
99 104 1
100 101 2
100 102 1
100 103 -4
100 104 -1
105 109 1
105 110 -1
105 111 1
105 112 4
106 109 -4
106 110 2
106 111 -2
106 112 -4
107 109 4
107 110 2
107 111 4
107 112 1
108 109 -1
108 110 2
108 111 1
108 112 -4
113 117 4
113 118 4
113 119 1
113 120 -1
114 117 -4
114 118 -1
114 119 -2
114 120 1
115 117 2
115 118 -1
115 119 4
115 120 4
116 117 -4
116 118 1
116 119 1
116 120 -1
121 125 2
121 126 -2
121 127 1
121 128 4
122 125 1
122 126 4
122 127 4
122 128 -2
123 125 2
123 126 -2
123 127 -1
123 128 2
124 125 4
124 126 -2
124 127 -4
124 128 1
129 133 1
129 134 -1
129 135 1
129 136 -4
130 133 -4
130 134 4
130 135 2
130 136 -2
131 133 1
131 134 2
131 135 1
131 136 -2
132 133 1
132 134 -1
132 135 2
132 136 2
137 141 -4
137 142 -4
137 143 -4
137 144 4
138 141 2
138 142 -4
138 143 -4
138 144 2
139 141 2
139 142 -1
139 143 4
139 144 4
140 141 -4
140 142 -1
140 143 4
140 144 -2
145 149 2
145 150 -1
145 151 -4
145 152 2
146 149 2
146 150 -4
146 151 -4
146 152 -2
147 149 2
147 150 2
147 151 1
147 152 -4
148 149 -4
148 150 4
148 151 1
148 152 4
153 157 -4
153 158 -2
153 159 -1
153 160 2
154 157 2
154 158 -1
154 159 -4
154 160 4
155 157 -1
155 158 2
155 159 -1
155 160 -1
156 157 1
156 158 -4
156 159 4
156 160 -1
161 165 1
161 166 -4
161 167 -2
161 168 -1
162 165 2
162 166 2
162 167 2
162 168 -1
163 165 -1
163 166 -4
163 167 4
163 168 2
164 165 -2
164 166 -1
164 167 2
164 168 1
169 173 4
169 174 1
169 175 1
169 176 -2
170 173 4
170 174 4
170 175 1
170 176 4
171 173 4
171 174 -2
171 175 -4
171 176 -4
172 173 2
172 174 1
172 175 1
172 176 4
177 181 1
177 182 1
177 183 2
177 184 1
178 181 1
178 182 1
178 183 -1
178 184 2
179 181 -2
179 182 -2
179 183 4
179 184 4
180 181 -4
180 182 -1
180 183 -1
180 184 -2
185 189 1
185 190 -1
185 191 -1
185 192 -2
186 189 -1
186 190 4
186 191 2
186 192 -1
187 189 2
187 190 -1
187 191 1
187 192 -2
188 189 2
188 190 -1
188 191 2
188 192 -2
193 197 1
193 198 -1
193 199 -4
193 200 2
194 197 1
194 198 -1
194 199 -4
194 200 1
195 197 -1
195 198 -2
195 199 -4
195 200 2
196 197 -4
196 198 -1
196 199 -2
196 200 -1
201 205 2
201 206 4
201 207 1
201 208 -2
202 205 -4
202 206 -2
202 207 -2
202 208 2
203 205 -4
203 206 2
203 207 -1
203 208 -1
204 205 -4
204 206 -1
204 207 -4
204 208 -1
209 213 -4
209 214 1
209 215 -2
209 216 1
210 213 -2
210 214 -4
210 215 -2
210 216 -4
211 213 2
211 214 4
211 215 -4
211 216 -2
212 213 -4
212 214 2
212 215 1
212 216 -1
217 221 2
217 222 4
217 223 -2
217 224 2
218 221 4
218 222 -2
218 223 1
218 224 4
219 221 1
219 222 1
219 223 2
219 224 1
220 221 2
220 222 4
220 223 -1
220 224 -2
225 229 -1
225 230 -1
225 231 -2
225 232 -1
226 229 -1
226 230 4
226 231 -2
226 232 1
227 229 -2
227 230 -4
227 231 4
227 232 -4
228 229 -4
228 230 -4
228 231 2
228 232 -1
233 237 -4
233 238 -1
233 239 4
233 240 -2
234 237 1
234 238 -1
234 239 4
234 240 -2
235 237 -4
235 238 -1
235 239 -1
235 240 -1
236 237 1
236 238 1
236 239 4
236 240 -4
241 245 4
241 246 2
241 247 -4
241 248 -4
242 245 -2
242 246 2
242 247 -1
242 248 -2
243 245 4
243 246 4
243 247 2
243 248 -4
244 245 -4
244 246 4
244 247 -1
244 248 2
249 253 1
249 254 2
249 255 2
249 256 2
250 253 2
250 254 -4
250 255 -1
250 256 2
251 253 -2
251 254 1
251 255 2
251 256 1
252 253 2
252 254 -4
252 255 4
252 256 -1
257 261 1
257 262 -2
257 263 1
257 264 -1
258 261 -4
258 262 -2
258 263 2
258 264 1
259 261 -2
259 262 -1
259 263 -4
259 264 4
260 261 2
260 262 -1
260 263 2
260 264 -1
265 269 2
265 270 1
265 271 -4
265 272 -4
266 269 2
266 270 1
266 271 4
266 272 -1
267 269 4
267 270 -1
267 271 1
267 272 -4
268 269 1
268 270 -1
268 271 -1
268 272 2
273 277 2
273 278 1
273 279 4
273 280 -4
274 277 -2
274 278 -1
274 279 -4
274 280 2
275 277 -4
275 278 4
275 279 2
275 280 2
276 277 1
276 278 -1
276 279 2
276 280 -1
281 285 4
281 286 -4
281 287 -2
281 288 -1
282 285 -1
282 286 -2
282 287 1
282 288 1
283 285 -2
283 286 -1
283 287 4
283 288 -4
284 285 -1
284 286 4
284 287 -1
284 288 2
289 293 -4
289 294 -2
289 295 -2
289 296 2
290 293 -4
290 294 -2
290 295 -1
290 296 4
291 293 -2
291 294 -2
291 295 1
291 296 1
292 293 2
292 294 -2
292 295 -1
292 296 4
297 301 2
297 302 -4
297 303 4
297 304 4
298 301 -4
298 302 -4
298 303 4
298 304 -4
299 301 1
299 302 2
299 303 4
299 304 -4
300 301 -1
300 302 -2
300 303 2
300 304 -4
305 309 -2
305 310 -1
305 311 -4
305 312 -2
306 309 4
306 310 -4
306 311 4
306 312 2
307 309 -1
307 310 -2
307 311 -4
307 312 1
308 309 -4
308 310 -2
308 311 1
308 312 -4
313 317 -1
313 318 1
313 319 2
313 320 -1
314 317 2
314 318 -2
314 319 4
314 320 -1
315 317 1
315 318 -2
315 319 -2
315 320 4
316 317 4
316 318 2
316 319 4
316 320 1
321 325 -4
321 326 4
321 327 2
321 328 2
322 325 2
322 326 4
322 327 1
322 328 -4
323 325 1
323 326 -2
323 327 -2
323 328 -1
324 325 1
324 326 -2
324 327 1
324 328 -1
329 333 -4
329 334 -4
329 335 1
329 336 2
330 333 -1
330 334 -2
330 335 -4
330 336 -2
331 333 4
331 334 -2
331 335 -4
331 336 1
332 333 -2
332 334 1
332 335 -1
332 336 -2
337 341 4
337 342 -2
337 343 -2
337 344 2
338 341 4
338 342 -1
338 343 -2
338 344 -1
339 341 -4
339 342 -2
339 343 2
339 344 4
340 341 -4
340 342 -1
340 343 2
340 344 -1
345 349 -1
345 350 2
345 351 -1
345 352 -1
346 349 2
346 350 -1
346 351 1
346 352 -4
347 349 4
347 350 2
347 351 -4
347 352 2
348 349 -1
348 350 2
348 351 4
348 352 1
353 357 4
353 358 -2
353 359 2
353 360 -1
354 357 1
354 358 -2
354 359 1
354 360 -1
355 357 4
355 358 4
355 359 1
355 360 2
356 357 4
356 358 -2
356 359 -4
356 360 4
361 365 1
361 366 4
361 367 4
361 368 -2
362 365 2
362 366 -2
362 367 4
362 368 2
363 365 2
363 366 1
363 367 2
363 368 -1
364 365 -2
364 366 1
364 367 4
364 368 -1
369 373 -4
369 374 -4
369 375 -4
369 376 2
370 373 -2
370 374 -2
370 375 -1
370 376 2
371 373 1
371 374 -1
371 375 2
371 376 -4
372 373 -4
372 374 -2
372 375 -1
372 376 -1
377 381 1
377 382 -1
377 383 -1
377 384 -2
378 381 -1
378 382 -1
378 383 -1
378 384 -2
379 381 4
379 382 2
379 383 2
379 384 4
380 381 -1
380 382 4
380 383 2
380 384 1
385 389 -4
385 390 -2
385 391 4
385 392 1
386 389 4
386 390 -4
386 391 -4
386 392 -4
387 389 -1
387 390 1
387 391 4
387 392 2
388 389 2
388 390 -4
388 391 1
388 392 -2
393 397 -4
393 398 1
393 399 2
393 400 2
394 397 -2
394 398 1
394 399 -4
394 400 1
395 397 -4
395 398 -4
395 399 -2
395 400 -1
396 397 1
396 398 -4
396 399 -4
396 400 4
401 405 4
401 406 1
401 407 4
401 408 4
402 405 4
402 406 -4
402 407 -4
402 408 4
403 405 1
403 406 -2
403 407 2
403 408 -1
404 405 1
404 406 -1
404 407 4
404 408 4
409 413 -2
409 414 -4
409 415 2
409 416 4
410 413 -2
410 414 -2
410 415 1
410 416 1
411 413 -1
411 414 2
411 415 2
411 416 2
412 413 -1
412 414 2
412 415 -1
412 416 -4
417 421 4
417 422 -2
417 423 -2
417 424 4
418 421 -1
418 422 2
418 423 2
418 424 2
419 421 1
419 422 -4
419 423 -1
419 424 -4
420 421 1
420 422 2
420 423 -1
420 424 1
425 429 4
425 430 -4
425 431 -1
425 432 -2
426 429 -4
426 430 4
426 431 -2
426 432 -1
427 429 -1
427 430 1
427 431 -4
427 432 1
428 429 -1
428 430 4
428 431 2
428 432 -2
433 437 2
433 438 4
433 439 2
433 440 -1
434 437 -1
434 438 2
434 439 4
434 440 -4
435 437 -2
435 438 -4
435 439 2
435 440 1
436 437 -1
436 438 1
436 439 -2
436 440 -2
441 445 -4
441 446 -1
441 447 4
441 448 -1
442 445 -1
442 446 -4
442 447 4
442 448 4
443 445 2
443 446 2
443 447 4
443 448 1
444 445 -2
444 446 -1
444 447 1
444 448 4
449 453 -4
449 454 2
449 455 1
449 456 -1
450 453 2
450 454 -2
450 455 2
450 456 1
451 453 -4
451 454 -4
451 455 -2
451 456 -4
452 453 2
452 454 -4
452 455 -1
452 456 4
457 461 -4
457 462 4
457 463 -4
457 464 -1
458 461 -2
458 462 4
458 463 -1
458 464 4
459 461 2
459 462 -2
459 463 2
459 464 -2
460 461 -1
460 462 -4
460 463 4
460 464 1
465 469 -4
465 470 2
465 471 -1
465 472 -2
466 469 -2
466 470 2
466 471 -2
466 472 4
467 469 -4
467 470 4
467 471 -1
467 472 1
468 469 -4
468 470 1
468 471 4
468 472 -4
473 477 -2
473 478 -2
473 479 -4
473 480 -2
474 477 1
474 478 1
474 479 4
474 480 2
475 477 -2
475 478 4
475 479 1
475 480 -1
476 477 -2
476 478 -2
476 479 4
476 480 -4
481 485 -2
481 486 1
481 487 -2
481 488 -2
482 485 -2
482 486 -4
482 487 4
482 488 2
483 485 2
483 486 2
483 487 -1
483 488 -4
484 485 4
484 486 -1
484 487 -4
484 488 -1
489 493 -1
489 494 4
489 495 2
489 496 -2
490 493 4
490 494 1
490 495 -1
490 496 -4
491 493 -1
491 494 1
491 495 -1
491 496 2
492 493 1
492 494 -1
492 495 4
492 496 2
497 501 1
497 502 2
497 503 4
497 504 -1
498 501 -2
498 502 -4
498 503 -2
498 504 -1
499 501 -1
499 502 -1
499 503 2
499 504 -2
500 501 -1
500 502 -4
500 503 4
500 504 -2
505 509 -2
505 510 -4
505 511 2
505 512 4
506 509 -4
506 510 -4
506 511 -2
506 512 2
507 509 4
507 510 -2
507 511 4
507 512 -1
508 509 2
508 510 -4
508 511 -4
508 512 2
5 13 2
6 14 1
7 15 -4
8 16 -4
13 21 4
14 22 -2
15 23 1
16 24 -4
21 29 1
22 30 4
23 31 -4
24 32 -1
29 37 -2
30 38 -2
31 39 2
32 40 4
37 45 2
38 46 -4
39 47 2
40 48 2
45 53 1
46 54 2
47 55 -1
48 56 1
53 61 1
54 62 -4
55 63 2
56 64 -4
69 77 -1
70 78 -2
71 79 -2
72 80 2
77 85 -1
78 86 1
79 87 -4
80 88 2
85 93 1
86 94 2
87 95 2
88 96 -1
93 101 4
94 102 -2
95 103 -4
96 104 1
101 109 -4
102 110 -4
103 111 1
104 112 -2
109 117 2
110 118 -2
111 119 -4
112 120 -2
117 125 4
118 126 -1
119 127 2
120 128 1
133 141 4
134 142 4
135 143 4
136 144 -1
141 149 4
142 150 4
143 151 1
144 152 -2
149 157 -1
150 158 4
151 159 2
152 160 -2
157 165 1
158 166 4
159 167 2
160 168 -2
165 173 -1
166 174 -2
167 175 -4
168 176 -4
173 181 -1
174 182 1
175 183 1
176 184 4
181 189 2
182 190 1
183 191 1
184 192 1
197 205 -1
198 206 2
199 207 4
200 208 1
205 213 -4
206 214 1
207 215 -4
208 216 -2
213 221 4
214 222 1
215 223 1
216 224 -4
221 229 4
222 230 -2
223 231 2
224 232 2
229 237 -1
230 238 -4
231 239 -2
232 240 -2
237 245 2
238 246 1
239 247 -2
240 248 -1
245 253 -4
246 254 1
247 255 -4
248 256 1
261 269 -1
262 270 4
263 271 -1
264 272 4
269 277 -2
270 278 2
271 279 -2
272 280 4
277 285 -1
278 286 1
279 287 2
280 288 4
285 293 -1
286 294 -1
287 295 1
288 296 -2
293 301 -1
294 302 -2
295 303 -2
296 304 2
301 309 -2
302 310 -1
303 311 -2
304 312 -4
309 317 -2
310 318 1
311 319 -4
312 320 1
325 333 2
326 334 -1
327 335 -1
328 336 -4
333 341 4
334 342 4
335 343 1
336 344 -1
341 349 -4
342 350 2
343 351 -2
344 352 -1
349 357 2
350 358 2
351 359 4
352 360 4
357 365 -1
358 366 1
359 367 1
360 368 -1
365 373 -1
366 374 -2
367 375 -4
368 376 4
373 381 1
374 382 4
375 383 -2
376 384 1
389 397 2
390 398 -4
391 399 -2
392 400 2
397 405 -4
398 406 -4
399 407 -2
400 408 -2
405 413 2
406 414 -1
407 415 -2
408 416 4
413 421 -2
414 422 -4
415 423 1
416 424 1
421 429 4
422 430 -2
423 431 4
424 432 -4
429 437 -2
430 438 2
431 439 4
432 440 1
437 445 -2
438 446 2
439 447 -1
440 448 4
453 461 2
454 462 2
455 463 4
456 464 2
461 469 -1
462 470 4
463 471 4
464 472 -1
469 477 2
470 478 -4
471 479 2
472 480 4
477 485 2
478 486 -4
479 487 -4
480 488 4
485 493 -2
486 494 1
487 495 -1
488 496 -2
493 501 1
494 502 2
495 503 1
496 504 2
501 509 -2
502 510 4
503 511 -2
504 512 -2
1 65 1
2 66 4
3 67 -2
4 68 -2
65 129 2
66 130 1
67 131 -1
68 132 4
129 193 -1
130 194 -1
131 195 -2
132 196 4
193 257 2
194 258 4
195 259 4
196 260 -1
257 321 1
258 322 -1
259 323 -2
260 324 -4
321 385 2
322 386 2
323 387 4
324 388 -1
385 449 -1
386 450 1
387 451 -2
388 452 -4
9 73 2
10 74 -1
11 75 -2
12 76 -4
73 137 1
74 138 -4
75 139 -2
76 140 1
137 201 2
138 202 2
139 203 1
140 204 4
201 265 -2
202 266 4
203 267 -1
204 268 -1
265 329 -2
266 330 -4
267 331 1
268 332 -1
329 393 -1
330 394 2
331 395 4
332 396 1
393 457 -1
394 458 2
395 459 -4
396 460 4
17 81 2
18 82 -4
19 83 -4
20 84 2
81 145 2
82 146 4
83 147 1
84 148 -1
145 209 4
146 210 1
147 211 4
148 212 -1
209 273 -1
210 274 -2
211 275 -2
212 276 1
273 337 -1
274 338 1
275 339 2
276 340 -1
337 401 4
338 402 -4
339 403 2
340 404 -4
401 465 4
402 466 4
403 467 -1
404 468 -4
25 89 4
26 90 -2
27 91 1
28 92 1
89 153 2
90 154 2
91 155 -1
92 156 -1
153 217 -1
154 218 -4
155 219 1
156 220 4
217 281 1
218 282 -2
219 283 1
220 284 -2
281 345 4
282 346 -4
283 347 4
284 348 2
345 409 4
346 410 -1
347 411 -2
348 412 -4
409 473 1
410 474 4
411 475 1
412 476 -2
33 97 1
34 98 -2
35 99 -1
36 100 -1
97 161 -1
98 162 2
99 163 4
100 164 4
161 225 2
162 226 -2
163 227 -1
164 228 4
225 289 -1
226 290 -4
227 291 -2
228 292 4
289 353 -2
290 354 1
291 355 2
292 356 -1
353 417 -2
354 418 -4
355 419 -2
356 420 4
417 481 -4
418 482 -1
419 483 4
420 484 -4
41 105 4
42 106 -2
43 107 1
44 108 -2
105 169 -2
106 170 1
107 171 1
108 172 -4
169 233 -2
170 234 -1
171 235 -2
172 236 1
233 297 1
234 298 2
235 299 -4
236 300 4
297 361 1
298 362 -1
299 363 4
300 364 -4
361 425 -4
362 426 2
363 427 -2
364 428 -1
425 489 -1
426 490 4
427 491 -4
428 492 -1
49 113 -2
50 114 -1
51 115 -1
52 116 2
113 177 -2
114 178 -1
115 179 4
116 180 4
177 241 1
178 242 4
179 243 -2
180 244 -4
241 305 -1
242 306 1
243 307 2
244 308 -4
305 369 1
306 370 -4
307 371 -4
308 372 2
369 433 -1
370 434 -1
371 435 4
372 436 -4
433 497 -1
434 498 1
435 499 4
436 500 1
57 121 2
58 122 -2
59 123 -4
60 124 -2
121 185 1
122 186 -1
123 187 1
124 188 2
185 249 2
186 250 -2
187 251 2
188 252 4
249 313 4
250 314 -4
251 315 -4
252 316 2
313 377 -2
314 378 -2
315 379 1
316 380 1
377 441 4
378 442 2
379 443 -1
380 444 -1
441 505 4
442 506 -1
443 507 -4
444 508 2
