#
1 5 -4
1 6 -1
1 7 -2
1 8 -4
2 5 -2
2 6 -4
2 7 -4
2 8 -2
3 5 4
3 6 -1
3 7 4
3 8 2
4 5 1
4 6 -1
4 7 -4
4 8 2
9 13 1
9 14 1
9 15 -2
9 16 -1
10 13 4
10 14 2
10 15 -2
10 16 4
11 13 -4
11 14 -4
11 15 -1
11 16 1
12 13 2
12 14 4
12 15 -1
12 16 -1
17 21 -4
17 22 -2
17 23 -2
17 24 2
18 21 1
18 22 4
18 23 -4
18 24 1
19 21 -2
19 22 -2
19 23 1
19 24 1
20 21 -1
20 22 -1
20 23 1
20 24 -4
25 29 -1
25 30 4
25 31 -2
25 32 -2
26 29 2
26 30 4
26 31 4
26 32 -4
27 29 -1
27 30 -4
27 31 1
27 32 -4
28 29 2
28 30 1
28 31 2
28 32 1
33 37 -1
33 38 -2
33 39 -4
33 40 -2
34 37 2
34 38 -2
34 39 1
34 40 2
35 37 -4
35 38 -4
35 39 -4
35 40 -2
36 37 4
36 38 1
36 39 -1
36 40 1
41 45 -4
41 46 -4
41 47 -1
41 48 -4
42 45 2
42 46 2
42 47 2
42 48 2
43 45 2
43 46 -2
43 47 -2
43 48 -2
44 45 1
44 46 2
44 47 2
44 48 -1
49 53 -4
49 54 1
49 55 -1
49 56 4
50 53 1
50 54 4
50 55 -4
50 56 -1
51 53 -1
51 54 1
51 55 -1
51 56 -4
52 53 -4
52 54 4
52 55 4
52 56 1
57 61 -4
57 62 -1
57 63 4
57 64 4
58 61 2
58 62 -1
58 63 4
58 64 2
59 61 -1
59 62 -1
59 63 -4
59 64 -2
60 61 -4
60 62 4
60 63 4
60 64 2
65 69 -4
65 70 -4
65 71 1
65 72 2
66 69 2
66 70 4
66 71 4
66 72 -1
67 69 4
67 70 -1
67 71 1
67 72 -4
68 69 2
68 70 4
68 71 1
68 72 2
73 77 1
73 78 4
73 79 -2
73 80 2
74 77 2
74 78 4
74 79 -2
74 80 -2
75 77 4
75 78 2
75 79 1
75 80 2
76 77 -4
76 78 -2
76 79 1
76 80 -1
81 85 -1
81 86 2
81 87 4
81 88 -4
82 85 -2
82 86 -1
82 87 4
82 88 4
83 85 4
83 86 -4
83 87 2
83 88 -2
84 85 2
84 86 -1
84 87 1
84 88 2
89 93 -4
89 94 1
89 95 4
89 96 -2
90 93 -1
90 94 1
90 95 -4
90 96 2
91 93 -2
91 94 2
91 95 2
91 96 -2
92 93 1
92 94 -4
92 95 1
92 96 2
97 101 -4
97 102 1
97 103 -1
97 104 -2
98 101 2
98 102 4
98 103 -2
98 104 4
99 101 4
99 102 -2
99 103 1
99 104 -4
100 101 2
100 102 -1
100 103 4
100 104 1
105 109 2
105 110 1
105 111 4
105 112 1
106 109 -1
106 110 2
106 111 -4
106 112 -2
107 109 -1
107 110 -1
107 111 -1
107 112 4
108 109 4
108 110 1
108 111 4
108 112 1
113 117 -2
113 118 -4
113 119 2
113 120 -4
114 117 2
114 118 -4
114 119 -4
114 120 -4
115 117 4
115 118 -1
115 119 1
115 120 -1
116 117 -1
116 118 -2
116 119 4
116 120 1
121 125 -1
121 126 1
121 127 2
121 128 2
122 125 -1
122 126 2
122 127 -1
122 128 -2
123 125 -2
123 126 2
123 127 -2
123 128 1
124 125 1
124 126 4
124 127 -4
124 128 -4
129 133 -2
129 134 2
129 135 -2
129 136 -2
130 133 -2
130 134 4
130 135 -4
130 136 -2
131 133 4
131 134 -4
131 135 -2
131 136 -1
132 133 -1
132 134 2
132 135 -2
132 136 4
137 141 -1
137 142 -2
137 143 4
137 144 -4
138 141 1
138 142 2
138 143 1
138 144 -1
139 141 -1
139 142 -1
139 143 -2
139 144 4
140 141 -1
140 142 -2
140 143 -2
140 144 2
145 149 -4
145 150 -2
145 151 -4
145 152 1
146 149 -1
146 150 1
146 151 -1
146 152 -2
147 149 2
147 150 1
147 151 -2
147 152 -4
148 149 4
148 150 -1
148 151 -4
148 152 4
153 157 -1
153 158 4
153 159 1
153 160 1
154 157 4
154 158 -4
154 159 2
154 160 4
155 157 -2
155 158 -2
155 159 -2
155 160 2
156 157 4
156 158 1
156 159 1
156 160 -2
161 165 1
161 166 4
161 167 2
161 168 -2
162 165 4
162 166 -4
162 167 1
162 168 4
163 165 -4
163 166 1
163 167 -2
163 168 2
164 165 -2
164 166 -4
164 167 1
164 168 -4
169 173 -1
169 174 -4
169 175 4
169 176 -2
170 173 2
170 174 -1
170 175 1
170 176 1
171 173 2
171 174 -1
171 175 -2
171 176 -4
172 173 -2
172 174 -4
172 175 -1
172 176 -1
177 181 -2
177 182 -4
177 183 -2
177 184 1
178 181 -1
178 182 2
178 183 2
178 184 -2
179 181 -1
179 182 2
179 183 1
179 184 -4
180 181 -1
180 182 4
180 183 4
180 184 1
185 189 2
185 190 1
185 191 4
185 192 -1
186 189 1
186 190 -4
186 191 -4
186 192 2
187 189 -2
187 190 -2
187 191 -4
187 192 4
188 189 -4
188 190 2
188 191 2
188 192 4
193 197 -2
193 198 -4
193 199 -4
193 200 -2
194 197 4
194 198 -2
194 199 -1
194 200 -4
195 197 4
195 198 -1
195 199 4
195 200 1
196 197 2
196 198 2
196 199 1
196 200 -2
201 205 -2
201 206 1
201 207 -4
201 208 2
202 205 2
202 206 4
202 207 4
202 208 -1
203 205 2
203 206 -4
203 207 2
203 208 -2
204 205 -1
204 206 2
204 207 4
204 208 2
209 213 -2
209 214 -2
209 215 2
209 216 -1
210 213 2
210 214 -4
210 215 -2
210 216 2
211 213 -1
211 214 1
211 215 -4
211 216 1
212 213 -2
212 214 2
212 215 1
212 216 2
217 221 -2
217 222 -1
217 223 -1
217 224 -1
218 221 2
218 222 4
218 223 -4
218 224 2
219 221 -1
219 222 1
219 223 -1
219 224 -2
220 221 4
220 222 2
220 223 -1
220 224 -2
225 229 -1
225 230 -2
225 231 -4
225 232 4
226 229 -2
226 230 -2
226 231 -1
226 232 1
227 229 2
227 230 4
227 231 -2
227 232 1
228 229 -1
228 230 -1
228 231 2
228 232 2
233 237 4
233 238 -4
233 239 1
233 240 -2
234 237 -1
234 238 1
234 239 4
234 240 4
235 237 -2
235 238 1
235 239 -2
235 240 -2
236 237 4
236 238 4
236 239 -4
236 240 -1
241 245 1
241 246 -2
241 247 4
241 248 4
242 245 4
242 246 4
242 247 4
242 248 -2
243 245 2
243 246 4
243 247 -4
243 248 4
244 245 1
244 246 -1
244 247 -1
244 248 4
249 253 -4
249 254 -2
249 255 -1
249 256 2
250 253 4
250 254 1
250 255 2
250 256 4
251 253 2
251 254 2
251 255 -4
251 256 1
252 253 2
252 254 2
252 255 4
252 256 -4
257 261 1
257 262 4
257 263 2
257 264 4
258 261 2
258 262 2
258 263 -1
258 264 -4
259 261 -4
259 262 4
259 263 2
259 264 4
260 261 -4
260 262 -4
260 263 2
260 264 -4
265 269 -1
265 270 4
265 271 4
265 272 2
266 269 2
266 270 -2
266 271 1
266 272 -4
267 269 4
267 270 -4
267 271 1
267 272 -1
268 269 -1
268 270 -4
268 271 4
268 272 2
273 277 -4
273 278 -4
273 279 -4
273 280 1
274 277 2
274 278 1
274 279 -2
274 280 1
275 277 -1
275 278 2
275 279 -4
275 280 2
276 277 -2
276 278 -4
276 279 -4
276 280 -1
281 285 -1
281 286 -2
281 287 1
281 288 -1
282 285 -4
282 286 2
282 287 2
282 288 2
283 285 2
283 286 2
283 287 -2
283 288 2
284 285 -1
284 286 -1
284 287 1
284 288 -4
289 293 -2
289 294 2
289 295 4
289 296 -4
290 293 1
290 294 -1
290 295 -2
290 296 -4
291 293 2
291 294 -2
291 295 1
291 296 -4
292 293 1
292 294 4
292 295 4
292 296 -1
297 301 -2
297 302 2
297 303 -1
297 304 -4
298 301 -4
298 302 -2
298 303 1
298 304 2
299 301 4
299 302 -2
299 303 -4
299 304 -4
300 301 -4
300 302 2
300 303 4
300 304 4
305 309 -1
305 310 -4
305 311 -4
305 312 4
306 309 4
306 310 1
306 311 -2
306 312 -1
307 309 4
307 310 1
307 311 4
307 312 1
308 309 4
308 310 1
308 311 -2
308 312 1
313 317 1
313 318 1
313 319 -2
313 320 1
314 317 2
314 318 -4
314 319 1
314 320 1
315 317 4
315 318 -2
315 319 -2
315 320 4
316 317 -2
316 318 -2
316 319 2
316 320 2
321 325 -4
321 326 -2
321 327 1
321 328 1
322 325 2
322 326 2
322 327 -2
322 328 -4
323 325 4
323 326 1
323 327 -4
323 328 -2
324 325 -2
324 326 1
324 327 4
324 328 2
329 333 -4
329 334 -4
329 335 -2
329 336 -4
330 333 -1
330 334 -2
330 335 1
330 336 2
331 333 2
331 334 1
331 335 4
331 336 -1
332 333 2
332 334 -1
332 335 4
332 336 -4
337 341 -2
337 342 -1
337 343 4
337 344 -4
338 341 4
338 342 4
338 343 -1
338 344 -2
339 341 1
339 342 2
339 343 4
339 344 1
340 341 1
340 342 1
340 343 1
340 344 -2
345 349 4
345 350 -1
345 351 -4
345 352 2
346 349 4
346 350 -1
346 351 1
346 352 -1
347 349 1
347 350 -1
347 351 -2
347 352 -4
348 349 -4
348 350 4
348 351 1
348 352 2
353 357 -2
353 358 -2
353 359 1
353 360 -4
354 357 -2
354 358 -4
354 359 4
354 360 1
355 357 4
355 358 -1
355 359 1
355 360 -4
356 357 1
356 358 -1
356 359 2
356 360 2
361 365 -4
361 366 -2
361 367 -4
361 368 -1
362 365 1
362 366 2
362 367 -1
362 368 2
363 365 -4
363 366 -1
363 367 1
363 368 1
364 365 1
364 366 1
364 367 2
364 368 4
369 373 2
369 374 -2
369 375 -2
369 376 -2
370 373 4
370 374 -1
370 375 -2
370 376 1
371 373 -4
371 374 -1
371 375 -1
371 376 -1
372 373 -1
372 374 1
372 375 -1
372 376 1
377 381 -2
377 382 1
377 383 -2
377 384 2
378 381 -1
378 382 -2
378 383 -2
378 384 -4
379 381 1
379 382 -1
379 383 4
379 384 -4
380 381 -1
380 382 -2
380 383 -2
380 384 4
385 389 -2
385 390 -2
385 391 -2
385 392 -1
386 389 -4
386 390 -4
386 391 4
386 392 -1
387 389 2
387 390 4
387 391 4
387 392 -2
388 389 -2
388 390 -4
388 391 -1
388 392 2
393 397 -1
393 398 1
393 399 4
393 400 -4
394 397 -2
394 398 1
394 399 -4
394 400 -4
395 397 1
395 398 4
395 399 -1
395 400 -2
396 397 -1
396 398 2
396 399 1
396 400 4
401 405 1
401 406 1
401 407 2
401 408 -2
402 405 -4
402 406 1
402 407 4
402 408 4
403 405 1
403 406 4
403 407 -1
403 408 1
404 405 1
404 406 -4
404 407 -4
404 408 4
409 413 4
409 414 -4
409 415 -1
409 416 2
410 413 -4
410 414 2
410 415 -4
410 416 -4
411 413 4
411 414 -4
411 415 -1
411 416 4
412 413 -4
412 414 2
412 415 -1
412 416 2
417 421 -2
417 422 -1
417 423 4
417 424 -1
418 421 -1
418 422 -2
418 423 1
418 424 -2
419 421 1
419 422 -4
419 423 2
419 424 4
420 421 4
420 422 4
420 423 -4
420 424 4
425 429 1
425 430 2
425 431 4
425 432 -2
426 429 1
426 430 2
426 431 1
426 432 2
427 429 -4
427 430 2
427 431 4
427 432 2
428 429 -4
428 430 -4
428 431 1
428 432 -1
433 437 -4
433 438 -2
433 439 2
433 440 1
434 437 -2
434 438 -2
434 439 -2
434 440 1
435 437 -4
435 438 4
435 439 4
435 440 -4
436 437 1
436 438 2
436 439 -2
436 440 4
441 445 4
441 446 1
441 447 2
441 448 4
442 445 -1
442 446 -4
442 447 2
442 448 1
443 445 1
443 446 2
443 447 -1
443 448 -1
444 445 -4
444 446 -1
444 447 2
444 448 4
449 453 4
449 454 -4
449 455 4
449 456 -1
450 453 1
450 454 4
450 455 2
450 456 -2
451 453 4
451 454 4
451 455 4
451 456 -2
452 453 2
452 454 -4
452 455 -2
452 456 1
457 461 -2
457 462 2
457 463 1
457 464 2
458 461 -1
458 462 -1
458 463 2
458 464 4
459 461 -2
459 462 4
459 463 -1
459 464 4
460 461 1
460 462 2
460 463 -2
460 464 1
465 469 -2
465 470 4
465 471 4
465 472 2
466 469 -2
466 470 1
466 471 2
466 472 4
467 469 -1
467 470 -4
467 471 -4
467 472 2
468 469 -4
468 470 2
468 471 -1
468 472 -2
473 477 -4
473 478 -4
473 479 4
473 480 -1
474 477 4
474 478 4
474 479 -4
474 480 -1
475 477 1
475 478 4
475 479 4
475 480 -2
476 477 2
476 478 -4
476 479 2
476 480 -1
481 485 1
481 486 4
481 487 -4
481 488 2
482 485 -4
482 486 4
482 487 -1
482 488 4
483 485 2
483 486 -1
483 487 1
483 488 -1
484 485 -4
484 486 -4
484 487 2
484 488 1
489 493 -1
489 494 1
489 495 -1
489 496 -2
490 493 2
490 494 -1
490 495 4
490 496 -2
491 493 4
491 494 -1
491 495 -4
491 496 -1
492 493 -1
492 494 2
492 495 -2
492 496 -2
497 501 -1
497 502 2
497 503 4
497 504 -2
498 501 4
498 502 -1
498 503 -2
498 504 2
499 501 2
499 502 1
499 503 -1
499 504 4
500 501 4
500 502 -1
500 503 1
500 504 -1
505 509 -2
505 510 -2
505 511 1
505 512 4
506 509 -2
506 510 -2
506 511 2
506 512 -4
507 509 -2
507 510 -1
507 511 2
507 512 4
508 509 1
508 510 -4
508 511 -4
508 512 1
5 13 1
6 14 2
7 15 -4
8 16 -4
13 21 4
14 22 -2
15 23 -2
16 24 2
21 29 -1
22 30 4
23 31 1
24 32 -1
29 37 -1
30 38 4
31 39 -4
32 40 2
37 45 1
38 46 -2
39 47 4
40 48 -1
45 53 -1
46 54 1
47 55 -4
48 56 1
53 61 -2
54 62 4
55 63 1
56 64 2
69 77 -1
70 78 -2
71 79 1
72 80 2
77 85 2
78 86 -2
79 87 -4
80 88 -1
85 93 -1
86 94 4
87 95 4
88 96 2
93 101 4
94 102 4
95 103 -1
96 104 -1
101 109 1
102 110 2
103 111 -2
104 112 1
109 117 -4
110 118 -4
111 119 -2
112 120 -2
117 125 2
118 126 -2
119 127 1
120 128 -2
133 141 4
134 142 2
135 143 4
136 144 -2
141 149 -1
142 150 1
143 151 -4
144 152 4
149 157 2
150 158 4
151 159 -4
152 160 1
157 165 -2
158 166 -1
159 167 4
160 168 2
165 173 4
166 174 2
167 175 1
168 176 4
173 181 4
174 182 -2
175 183 -2
176 184 -4
181 189 -4
182 190 4
183 191 -4
184 192 -1
197 205 2
198 206 -2
199 207 -2
200 208 -1
205 213 -2
206 214 -4
207 215 -4
208 216 -2
213 221 2
214 222 -4
215 223 -4
216 224 -2
221 229 4
222 230 4
223 231 -4
224 232 4
229 237 4
230 238 4
231 239 2
232 240 2
237 245 -4
238 246 -1
239 247 1
240 248 -2
245 253 -4
246 254 -4
247 255 -1
248 256 -1
261 269 -4
262 270 4
263 271 -4
264 272 -2
269 277 2
270 278 1
271 279 -1
272 280 -4
277 285 -1
278 286 2
279 287 -2
280 288 1
285 293 -1
286 294 -1
287 295 -4
288 296 4
293 301 -1
294 302 2
295 303 1
296 304 2
301 309 4
302 310 -1
303 311 2
304 312 1
309 317 2
310 318 -4
311 319 -1
312 320 -4
325 333 -4
326 334 4
327 335 2
328 336 -4
333 341 1
334 342 1
335 343 1
336 344 1
341 349 2
342 350 -2
343 351 4
344 352 -1
349 357 -4
350 358 1
351 359 4
352 360 2
357 365 -1
358 366 4
359 367 2
360 368 -4
365 373 -2
366 374 4
367 375 2
368 376 -1
373 381 4
374 382 1
375 383 -1
376 384 1
389 397 -1
390 398 1
391 399 2
392 400 -2
397 405 -2
398 406 -1
399 407 1
400 408 -2
405 413 2
406 414 4
407 415 1
408 416 2
413 421 -1
414 422 2
415 423 1
416 424 2
421 429 -4
422 430 4
423 431 -1
424 432 -1
429 437 -4
430 438 -4
431 439 2
432 440 -1
437 445 -4
438 446 2
439 447 1
440 448 1
453 461 1
454 462 1
455 463 -4
456 464 1
461 469 2
462 470 -4
463 471 4
464 472 -2
469 477 -1
470 478 -4
471 479 1
472 480 1
477 485 2
478 486 1
479 487 -4
480 488 -1
485 493 1
486 494 2
487 495 1
488 496 4
493 501 2
494 502 -4
495 503 -1
496 504 1
501 509 4
502 510 -2
503 511 1
504 512 -1
1 65 -4
2 66 -2
3 67 -2
4 68 -4
65 129 -4
66 130 2
67 131 4
68 132 1
129 193 -4
130 194 4
131 195 -4
132 196 -4
193 257 -1
194 258 1
195 259 -1
196 260 2
257 321 2
258 322 2
259 323 -1
260 324 -1
321 385 -2
322 386 1
323 387 4
324 388 -2
385 449 -1
386 450 1
387 451 -4
388 452 -4
9 73 1
10 74 4
11 75 4
12 76 -4
73 137 4
74 138 -1
75 139 2
76 140 -1
137 201 4
138 202 -2
139 203 -1
140 204 -4
201 265 1
202 266 4
203 267 -2
204 268 -4
265 329 2
266 330 -2
267 331 -4
268 332 2
329 393 4
330 394 -1
331 395 1
332 396 -4
393 457 4
394 458 -1
395 459 -4
396 460 -1
17 81 2
18 82 -1
19 83 -2
20 84 2
81 145 -1
82 146 2
83 147 -4
84 148 -2
145 209 2
146 210 -4
147 211 -4
148 212 -2
209 273 4
210 274 -1
211 275 -1
212 276 2
273 337 1
274 338 -4
275 339 1
276 340 -2
337 401 -4
338 402 -4
339 403 -1
340 404 4
401 465 2
402 466 -4
403 467 2
404 468 -1
25 89 4
26 90 -1
27 91 -1
28 92 1
89 153 -4
90 154 2
91 155 4
92 156 4
153 217 1
154 218 1
155 219 -4
156 220 1
217 281 4
218 282 -1
219 283 -2
220 284 -2
281 345 2
282 346 4
283 347 2
284 348 2
345 409 2
346 410 1
347 411 -1
348 412 4
409 473 4
410 474 -4
411 475 -2
412 476 1
33 97 -4
34 98 2
35 99 2
36 100 -2
97 161 -1
98 162 1
99 163 -4
100 164 1
161 225 4
162 226 4
163 227 1
164 228 2
225 289 -1
226 290 -4
227 291 1
228 292 1
289 353 -2
290 354 -4
291 355 -1
292 356 -4
353 417 -1
354 418 -2
355 419 -2
356 420 4
417 481 4
418 482 4
419 483 2
420 484 2
41 105 2
42 106 -1
43 107 -2
44 108 -2
105 169 2
106 170 -1
107 171 2
108 172 -2
169 233 1
170 234 1
171 235 4
172 236 -4
233 297 -2
234 298 -4
235 299 -2
236 300 2
297 361 -4
298 362 -1
299 363 -4
300 364 -1
361 425 -1
362 426 -1
363 427 -2
364 428 1
425 489 2
426 490 -2
427 491 1
428 492 2
49 113 2
50 114 -2
51 115 2
52 116 1
113 177 2
114 178 -2
115 179 -2
116 180 2
177 241 -2
178 242 -4
179 243 -1
180 244 2
241 305 -4
242 306 -2
243 307 4
244 308 -1
305 369 2
306 370 -2
307 371 -4
308 372 -4
369 433 2
370 434 2
371 435 -1
372 436 1
433 497 -4
434 498 -1
435 499 1
436 500 -4
57 121 -4
58 122 4
59 123 1
60 124 -4
121 185 4
122 186 1
123 187 -4
124 188 -1
185 249 -1
186 250 2
187 251 2
188 252 1
249 313 -1
250 314 1
251 315 -1
252 316 4
313 377 1
314 378 4
315 379 -1
316 380 -4
377 441 2
378 442 -4
379 443 -4
380 444 2
441 505 1
442 506 1
443 507 1
444 508 -1
