#
1 5 -1
1 6 -2
1 7 4
1 8 -2
2 5 -1
2 6 -2
2 7 -4
2 8 4
3 5 1
3 6 -4
3 7 -1
3 8 2
4 5 2
4 6 2
4 7 -4
4 8 4
9 13 -4
9 14 -2
9 15 -4
9 16 -4
10 13 -4
10 14 -2
10 15 -1
10 16 -4
11 13 1
11 14 4
11 15 -1
11 16 4
12 13 -4
12 14 -4
12 15 -2
12 16 1
17 21 -2
17 22 1
17 23 2
17 24 1
18 21 4
18 22 -4
18 23 4
18 24 2
19 21 -1
19 22 1
19 23 -1
19 24 1
20 21 1
20 22 1
20 23 4
20 24 -4
25 29 -4
25 30 2
25 31 4
25 32 4
26 29 -2
26 30 -2
26 31 2
26 32 -4
27 29 2
27 30 4
27 31 1
27 32 -1
28 29 1
28 30 2
28 31 -2
28 32 4
33 37 -4
33 38 -4
33 39 -2
33 40 1
34 37 -4
34 38 -1
34 39 2
34 40 -1
35 37 1
35 38 4
35 39 -4
35 40 -4
36 37 2
36 38 -4
36 39 -4
36 40 4
41 45 4
41 46 -1
41 47 -1
41 48 2
42 45 -4
42 46 2
42 47 1
42 48 -2
43 45 4
43 46 -2
43 47 -1
43 48 -1
44 45 -4
44 46 1
44 47 2
44 48 -4
49 53 -1
49 54 -2
49 55 1
49 56 2
50 53 -1
50 54 -2
50 55 -2
50 56 -4
51 53 -1
51 54 -4
51 55 -1
51 56 -2
52 53 -1
52 54 -4
52 55 1
52 56 -2
57 61 1
57 62 -1
57 63 2
57 64 2
58 61 -4
58 62 2
58 63 2
58 64 -4
59 61 4
59 62 1
59 63 4
59 64 2
60 61 1
60 62 1
60 63 1
60 64 1
65 69 1
65 70 -4
65 71 4
65 72 2
66 69 4
66 70 -4
66 71 2
66 72 2
67 69 -1
67 70 2
67 71 2
67 72 -2
68 69 -1
68 70 2
68 71 4
68 72 4
73 77 -4
73 78 -4
73 79 -2
73 80 1
74 77 -1
74 78 1
74 79 2
74 80 2
75 77 -1
75 78 2
75 79 2
75 80 -2
76 77 -2
76 78 -2
76 79 2
76 80 1
81 85 -2
81 86 2
81 87 4
81 88 -4
82 85 2
82 86 1
82 87 4
82 88 1
83 85 -4
83 86 1
83 87 1
83 88 -4
84 85 2
84 86 -2
84 87 2
84 88 -2
89 93 4
89 94 -1
89 95 4
89 96 2
90 93 -2
90 94 -4
90 95 1
90 96 -1
91 93 4
91 94 -1
91 95 1
91 96 -2
92 93 1
92 94 -4
92 95 -1
92 96 -1
97 101 -1
97 102 4
97 103 1
97 104 -2
98 101 4
98 102 1
98 103 -4
98 104 4
99 101 -2
99 102 -4
99 103 -2
99 104 -1
100 101 -4
100 102 2
100 103 2
100 104 -2
105 109 4
105 110 -4
105 111 4
105 112 -1
106 109 -2
106 110 -1
106 111 -1
106 112 -4
107 109 -2
107 110 -2
107 111 -2
107 112 -2
108 109 -2
108 110 2
108 111 2
108 112 1
113 117 2
113 118 1
113 119 -4
113 120 4
114 117 -2
114 118 2
114 119 -1
114 120 -2
115 117 1
115 118 -4
115 119 -2
115 120 -2
116 117 4
116 118 -4
116 119 4
116 120 4
121 125 -1
121 126 -2
121 127 -4
121 128 -1
122 125 1
122 126 -2
122 127 -2
122 128 1
123 125 -4
123 126 -1
123 127 1
123 128 -1
124 125 -4
124 126 1
124 127 1
124 128 -2
129 133 -4
129 134 1
129 135 -2
129 136 -1
130 133 1
130 134 -4
130 135 -2
130 136 2
131 133 -2
131 134 4
131 135 -1
131 136 1
132 133 4
132 134 -2
132 135 -4
132 136 1
137 141 2
137 142 1
137 143 2
137 144 4
138 141 4
138 142 -2
138 143 -1
138 144 -2
139 141 2
139 142 -1
139 143 1
139 144 -2
140 141 -2
140 142 -2
140 143 -4
140 144 -2
145 149 -2
145 150 2
145 151 -1
145 152 2
146 149 1
146 150 -1
146 151 -2
146 152 2
147 149 -4
147 150 1
147 151 1
147 152 4
148 149 4
148 150 4
148 151 1
148 152 1
153 157 4
153 158 4
153 159 -2
153 160 -2
154 157 -4
154 158 2
154 159 -2
154 160 -2
155 157 4
155 158 -2
155 159 -2
155 160 1
156 157 4
156 158 -2
156 159 1
156 160 2
161 165 4
161 166 -2
161 167 2
161 168 1
162 165 -1
162 166 4
162 167 -4
162 168 2
163 165 1
163 166 -2
163 167 -4
163 168 1
164 165 1
164 166 -2
164 167 4
164 168 1
169 173 1
169 174 -1
169 175 -4
169 176 4
170 173 2
170 174 -2
170 175 4
170 176 1
171 173 2
171 174 1
171 175 1
171 176 1
172 173 -1
172 174 1
172 175 -1
172 176 2
177 181 -1
177 182 -4
177 183 -4
177 184 4
178 181 2
178 182 -2
178 183 2
178 184 2
179 181 -2
179 182 -2
179 183 2
179 184 4
180 181 -1
180 182 4
180 183 -1
180 184 -4
185 189 1
185 190 -4
185 191 1
185 192 4
186 189 -2
186 190 2
186 191 4
186 192 1
187 189 -4
187 190 4
187 191 -4
187 192 4
188 189 4
188 190 -4
188 191 1
188 192 -2
193 197 4
193 198 -4
193 199 4
193 200 1
194 197 -1
194 198 2
194 199 1
194 200 -2
195 197 4
195 198 -4
195 199 -2
195 200 4
196 197 -2
196 198 -4
196 199 -1
196 200 -2
201 205 -4
201 206 4
201 207 2
201 208 -2
202 205 4
202 206 1
202 207 -1
202 208 -1
203 205 -4
203 206 4
203 207 -2
203 208 -4
204 205 2
204 206 2
204 207 -1
204 208 -2
209 213 -2
209 214 2
209 215 1
209 216 1
210 213 1
210 214 -2
210 215 4
210 216 -1
211 213 2
211 214 -2
211 215 2
211 216 -4
212 213 4
212 214 -1
212 215 2
212 216 1
217 221 1
217 222 1
217 223 -4
217 224 -4
218 221 1
218 222 1
218 223 1
218 224 -4
219 221 2
219 222 -2
219 223 -4
219 224 -2
220 221 -1
220 222 1
220 223 4
220 224 4
225 229 -2
225 230 4
225 231 1
225 232 2
226 229 -4
226 230 2
226 231 2
226 232 -1
227 229 2
227 230 -4
227 231 4
227 232 2
228 229 1
228 230 4
228 231 -2
228 232 4
233 237 -2
233 238 -2
233 239 4
233 240 4
234 237 1
234 238 4
234 239 -1
234 240 4
235 237 -1
235 238 -1
235 239 1
235 240 -4
236 237 -1
236 238 2
236 239 1
236 240 1
241 245 -4
241 246 -1
241 247 4
241 248 4
242 245 1
242 246 -1
242 247 4
242 248 -4
243 245 1
243 246 2
243 247 -4
243 248 -4
244 245 -1
244 246 -2
244 247 -4
244 248 4
249 253 1
249 254 -1
249 255 2
249 256 -1
250 253 2
250 254 -1
250 255 1
250 256 1
251 253 4
251 254 -4
251 255 1
251 256 4
252 253 -2
252 254 -2
252 255 -4
252 256 -2
257 261 2
257 262 2
257 263 1
257 264 -4
258 261 -2
258 262 1
258 263 1
258 264 2
259 261 1
259 262 2
259 263 -1
259 264 -1
260 261 4
260 262 4
260 263 -4
260 264 -4
265 269 -4
265 270 -4
265 271 1
265 272 4
266 269 -1
266 270 -2
266 271 1
266 272 2
267 269 4
267 270 -4
267 271 -2
267 272 1
268 269 -1
268 270 1
268 271 2
268 272 2
273 277 -4
273 278 -4
273 279 -2
273 280 1
274 277 -2
274 278 -1
274 279 -4
274 280 -1
275 277 2
275 278 4
275 279 4
275 280 4
276 277 4
276 278 2
276 279 -4
276 280 -1
281 285 4
281 286 1
281 287 4
281 288 4
282 285 -4
282 286 4
282 287 1
282 288 2
283 285 -4
283 286 4
283 287 2
283 288 -4
284 285 -4
284 286 4
284 287 1
284 288 -1
289 293 -1
289 294 -4
289 295 -1
289 296 -4
290 293 2
290 294 4
290 295 1
290 296 2
291 293 2
291 294 2
291 295 -1
291 296 -2
292 293 -4
292 294 1
292 295 1
292 296 -4
297 301 1
297 302 1
297 303 4
297 304 -1
298 301 -1
298 302 4
298 303 -1
298 304 -4
299 301 2
299 302 2
299 303 -2
299 304 -1
300 301 -1
300 302 -1
300 303 1
300 304 -2
305 309 1
305 310 -4
305 311 -1
305 312 1
306 309 -4
306 310 -1
306 311 1
306 312 -4
307 309 4
307 310 2
307 311 4
307 312 1
308 309 -4
308 310 -2
308 311 1
308 312 4
313 317 2
313 318 -4
313 319 4
313 320 4
314 317 2
314 318 1
314 319 4
314 320 2
315 317 2
315 318 -2
315 319 2
315 320 1
316 317 -1
316 318 4
316 319 -2
316 320 -4
321 325 -4
321 326 2
321 327 -2
321 328 1
322 325 -1
322 326 2
322 327 -4
322 328 -1
323 325 -1
323 326 -1
323 327 1
323 328 1
324 325 -1
324 326 2
324 327 -2
324 328 -4
329 333 4
329 334 -2
329 335 -1
329 336 -2
330 333 4
330 334 4
330 335 1
330 336 -2
331 333 -4
331 334 -2
331 335 2
331 336 -2
332 333 4
332 334 2
332 335 1
332 336 -4
337 341 -1
337 342 -1
337 343 -1
337 344 -2
338 341 2
338 342 1
338 343 1
338 344 2
339 341 1
339 342 -1
339 343 -1
339 344 2
340 341 -4
340 342 -1
340 343 -2
340 344 1
345 349 1
345 350 1
345 351 -4
345 352 -2
346 349 1
346 350 -1
346 351 -1
346 352 1
347 349 4
347 350 2
347 351 -2
347 352 -2
348 349 -2
348 350 -1
348 351 2
348 352 -2
353 357 2
353 358 1
353 359 1
353 360 -1
354 357 -2
354 358 -2
354 359 2
354 360 1
355 357 -2
355 358 -1
355 359 -2
355 360 1
356 357 2
356 358 -4
356 359 -4
356 360 -2
361 365 -1
361 366 -2
361 367 1
361 368 4
362 365 4
362 366 2
362 367 -1
362 368 4
363 365 -1
363 366 -1
363 367 2
363 368 1
364 365 -2
364 366 -2
364 367 -1
364 368 2
369 373 4
369 374 4
369 375 4
369 376 -1
370 373 -1
370 374 2
370 375 -1
370 376 4
371 373 -4
371 374 2
371 375 -4
371 376 4
372 373 4
372 374 4
372 375 2
372 376 -2
377 381 -1
377 382 1
377 383 -1
377 384 2
378 381 -4
378 382 4
378 383 -4
378 384 2
379 381 1
379 382 4
379 383 -1
379 384 1
380 381 2
380 382 2
380 383 4
380 384 4
385 389 1
385 390 1
385 391 4
385 392 -2
386 389 -4
386 390 -1
386 391 2
386 392 -1
387 389 -4
387 390 -2
387 391 -4
387 392 4
388 389 1
388 390 4
388 391 -4
388 392 1
393 397 -1
393 398 -2
393 399 4
393 400 -1
394 397 -4
394 398 -2
394 399 2
394 400 4
395 397 1
395 398 -4
395 399 2
395 400 -1
396 397 1
396 398 1
396 399 4
396 400 2
401 405 2
401 406 4
401 407 2
401 408 -2
402 405 -1
402 406 1
402 407 -4
402 408 -4
403 405 -2
403 406 1
403 407 1
403 408 -1
404 405 2
404 406 -1
404 407 -4
404 408 1
409 413 4
409 414 4
409 415 1
409 416 2
410 413 -1
410 414 -1
410 415 -4
410 416 4
411 413 -2
411 414 2
411 415 4
411 416 -1
412 413 -2
412 414 1
412 415 4
412 416 4
417 421 2
417 422 1
417 423 4
417 424 2
418 421 1
418 422 -2
418 423 -2
418 424 4
419 421 -1
419 422 -4
419 423 4
419 424 -4
420 421 -1
420 422 -2
420 423 -4
420 424 1
425 429 -2
425 430 2
425 431 1
425 432 -1
426 429 4
426 430 2
426 431 -1
426 432 -1
427 429 2
427 430 -2
427 431 -4
427 432 1
428 429 2
428 430 -1
428 431 -1
428 432 4
433 437 -1
433 438 -2
433 439 4
433 440 -1
434 437 1
434 438 -2
434 439 -4
434 440 -2
435 437 -1
435 438 -1
435 439 4
435 440 -2
436 437 -4
436 438 1
436 439 1
436 440 -2
441 445 -4
441 446 1
441 447 2
441 448 1
442 445 -2
442 446 2
442 447 4
442 448 -2
443 445 2
443 446 2
443 447 -2
443 448 -1
444 445 2
444 446 -4
444 447 -4
444 448 4
449 453 -2
449 454 -2
449 455 -4
449 456 2
450 453 -4
450 454 4
450 455 -2
450 456 -1
451 453 2
451 454 -2
451 455 -2
451 456 -2
452 453 -4
452 454 -1
452 455 2
452 456 1
457 461 -4
457 462 4
457 463 2
457 464 4
458 461 -2
458 462 2
458 463 1
458 464 -2
459 461 2
459 462 1
459 463 -1
459 464 2
460 461 -4
460 462 -2
460 463 -4
460 464 -2
465 469 -4
465 470 -2
465 471 1
465 472 -4
466 469 -4
466 470 -1
466 471 -2
466 472 2
467 469 -4
467 470 -4
467 471 -4
467 472 -1
468 469 4
468 470 -4
468 471 1
468 472 2
473 477 -2
473 478 -4
473 479 4
473 480 -2
474 477 -1
474 478 -2
474 479 4
474 480 -2
475 477 2
475 478 2
475 479 -1
475 480 4
476 477 -2
476 478 -4
476 479 -4
476 480 4
481 485 2
481 486 -4
481 487 -1
481 488 -2
482 485 -4
482 486 -4
482 487 1
482 488 2
483 485 2
483 486 2
483 487 -1
483 488 2
484 485 -2
484 486 2
484 487 2
484 488 -2
489 493 -1
489 494 -1
489 495 -1
489 496 -1
490 493 2
490 494 -4
490 495 1
490 496 4
491 493 4
491 494 2
491 495 1
491 496 -1
492 493 -4
492 494 4
492 495 1
492 496 -1
497 501 -2
497 502 4
497 503 4
497 504 -2
498 501 -2
498 502 -1
498 503 -1
498 504 1
499 501 4
499 502 4
499 503 4
499 504 -4
500 501 2
500 502 2
500 503 -1
500 504 -1
505 509 4
505 510 -4
505 511 4
505 512 4
506 509 1
506 510 2
506 511 1
506 512 4
507 509 -4
507 510 1
507 511 -2
507 512 1
508 509 -1
508 510 -2
508 511 -4
508 512 -2
5 13 1
6 14 4
7 15 1
8 16 -1
13 21 4
14 22 4
15 23 2
16 24 1
21 29 -1
22 30 -1
23 31 4
24 32 -2
29 37 4
30 38 -1
31 39 4
32 40 -1
37 45 4
38 46 4
39 47 -4
40 48 1
45 53 -2
46 54 2
47 55 -4
48 56 1
53 61 4
54 62 -2
55 63 2
56 64 -1
69 77 -1
70 78 -1
71 79 -2
72 80 1
77 85 -4
78 86 2
79 87 -2
80 88 4
85 93 -4
86 94 1
87 95 1
88 96 -1
93 101 1
94 102 2
95 103 2
96 104 -2
101 109 -2
102 110 2
103 111 2
104 112 1
109 117 1
110 118 -4
111 119 -4
112 120 4
117 125 -2
118 126 1
119 127 2
120 128 -4
133 141 -2
134 142 -2
135 143 4
136 144 2
141 149 4
142 150 2
143 151 2
144 152 -2
149 157 -2
150 158 1
151 159 2
152 160 4
157 165 -2
158 166 1
159 167 -2
160 168 -4
165 173 -1
166 174 2
167 175 1
168 176 2
173 181 -2
174 182 2
175 183 -2
176 184 -1
181 189 2
182 190 -4
183 191 4
184 192 -1
197 205 4
198 206 1
199 207 4
200 208 4
205 213 -1
206 214 -2
207 215 4
208 216 -1
213 221 1
214 222 4
215 223 1
216 224 1
221 229 -1
222 230 -2
223 231 -1
224 232 -1
229 237 -4
230 238 1
231 239 2
232 240 -1
237 245 2
238 246 -1
239 247 -2
240 248 -1
245 253 4
246 254 -2
247 255 1
248 256 2
261 269 4
262 270 -2
263 271 2
264 272 -4
269 277 -2
270 278 4
271 279 -2
272 280 -2
277 285 -1
278 286 4
279 287 -2
280 288 -4
285 293 -1
286 294 -1
287 295 -1
288 296 4
293 301 -2
294 302 -1
295 303 -2
296 304 1
301 309 -1
302 310 -4
303 311 1
304 312 -2
309 317 4
310 318 4
311 319 1
312 320 2
325 333 -4
326 334 1
327 335 1
328 336 -4
333 341 1
334 342 -2
335 343 -4
336 344 -2
341 349 -2
342 350 2
343 351 1
344 352 -4
349 357 -2
350 358 -2
351 359 -2
352 360 -4
357 365 -4
358 366 2
359 367 1
360 368 -2
365 373 2
366 374 -4
367 375 1
368 376 -1
373 381 2
374 382 4
375 383 4
376 384 -2
389 397 4
390 398 4
391 399 -4
392 400 1
397 405 4
398 406 -4
399 407 4
400 408 -4
405 413 1
406 414 -1
407 415 2
408 416 -1
413 421 4
414 422 4
415 423 -2
416 424 4
421 429 4
422 430 -1
423 431 -2
424 432 -4
429 437 4
430 438 1
431 439 4
432 440 -2
437 445 4
438 446 -2
439 447 4
440 448 -4
453 461 4
454 462 -4
455 463 4
456 464 -1
461 469 1
462 470 -1
463 471 1
464 472 1
469 477 -1
470 478 -1
471 479 -1
472 480 4
477 485 2
478 486 -1
479 487 1
480 488 -2
485 493 4
486 494 -1
487 495 2
488 496 1
493 501 1
494 502 4
495 503 -1
496 504 1
501 509 2
502 510 1
503 511 -2
504 512 1
1 65 -1
2 66 -4
3 67 -2
4 68 2
65 129 2
66 130 -2
67 131 -2
68 132 1
129 193 -4
130 194 1
131 195 1
132 196 -2
193 257 -4
194 258 4
195 259 -2
196 260 -4
257 321 2
258 322 -2
259 323 1
260 324 2
321 385 1
322 386 -1
323 387 -1
324 388 -1
385 449 4
386 450 4
387 451 1
388 452 4
9 73 4
10 74 1
11 75 1
12 76 2
73 137 -1
74 138 1
75 139 4
76 140 1
137 201 -1
138 202 4
139 203 -2
140 204 -1
201 265 4
202 266 2
203 267 -1
204 268 1
265 329 -4
266 330 1
267 331 1
268 332 -4
329 393 4
330 394 4
331 395 4
332 396 -2
393 457 1
394 458 4
395 459 1
396 460 -4
17 81 1
18 82 -4
19 83 2
20 84 -1
81 145 -2
82 146 -2
83 147 -2
84 148 -2
145 209 -2
146 210 1
147 211 4
148 212 -4
209 273 -1
210 274 -4
211 275 1
212 276 4
273 337 -2
274 338 -4
275 339 -4
276 340 -4
337 401 2
338 402 -2
339 403 4
340 404 2
401 465 1
402 466 -2
403 467 -1
404 468 1
25 89 -4
26 90 -1
27 91 4
28 92 -1
89 153 -2
90 154 -2
91 155 -4
92 156 -1
153 217 2
154 218 1
155 219 2
156 220 -1
217 281 -2
218 282 1
219 283 -4
220 284 -1
281 345 4
282 346 -2
283 347 -4
284 348 -1
345 409 -1
346 410 -2
347 411 -2
348 412 -1
409 473 -1
410 474 2
411 475 4
412 476 4
33 97 4
34 98 -2
35 99 2
36 100 2
97 161 1
98 162 -4
99 163 -2
100 164 2
161 225 4
162 226 -4
163 227 4
164 228 -1
225 289 -2
226 290 -1
227 291 1
228 292 1
289 353 2
290 354 -1
291 355 4
292 356 1
353 417 4
354 418 1
355 419 -1
356 420 -2
417 481 -1
418 482 4
419 483 4
420 484 -2
41 105 -2
42 106 -4
43 107 -2
44 108 -4
105 169 2
106 170 -2
107 171 4
108 172 4
169 233 -2
170 234 4
171 235 -1
172 236 -4
233 297 -2
234 298 4
235 299 -4
236 300 2
297 361 -2
298 362 1
299 363 -1
300 364 -4
361 425 -1
362 426 -1
363 427 -1
364 428 1
425 489 2
426 490 2
427 491 -4
428 492 -2
49 113 4
50 114 2
51 115 2
52 116 -2
113 177 -2
114 178 -4
115 179 -4
116 180 -4
177 241 4
178 242 -4
179 243 -1
180 244 2
241 305 -1
242 306 -2
243 307 1
244 308 -2
305 369 -1
306 370 -2
307 371 2
308 372 -1
369 433 -1
370 434 -2
371 435 -2
372 436 4
433 497 2
434 498 2
435 499 -4
436 500 -1
57 121 1
58 122 -2
59 123 4
60 124 1
121 185 4
122 186 2
123 187 -4
124 188 4
185 249 2
186 250 -1
187 251 -4
188 252 2
249 313 1
250 314 2
251 315 -4
252 316 -1
313 377 2
314 378 -4
315 379 -4
316 380 4
377 441 -4
378 442 -4
379 443 -1
380 444 -2
441 505 -2
442 506 -4
443 507 4
444 508 2
