#
1 5 -4
1 6 -2
1 7 -2
1 8 1
2 5 -4
2 6 -2
2 7 1
2 8 -1
3 5 1
3 6 2
3 7 -2
3 8 2
4 5 -1
4 6 1
4 7 1
4 8 2
9 13 -1
9 14 2
9 15 4
9 16 2
10 13 -2
10 14 -2
10 15 4
10 16 4
11 13 -4
11 14 -4
11 15 -4
11 16 4
12 13 -2
12 14 -2
12 15 -4
12 16 2
17 21 4
17 22 4
17 23 1
17 24 -2
18 21 -4
18 22 1
18 23 -4
18 24 4
19 21 -1
19 22 1
19 23 1
19 24 4
20 21 -1
20 22 1
20 23 -2
20 24 4
25 29 2
25 30 -1
25 31 -1
25 32 2
26 29 -2
26 30 -4
26 31 2
26 32 -2
27 29 -4
27 30 -4
27 31 -1
27 32 4
28 29 -1
28 30 4
28 31 1
28 32 -1
33 37 -4
33 38 2
33 39 2
33 40 2
34 37 -1
34 38 -4
34 39 1
34 40 4
35 37 1
35 38 1
35 39 1
35 40 1
36 37 -2
36 38 2
36 39 4
36 40 1
41 45 -4
41 46 1
41 47 -2
41 48 4
42 45 -2
42 46 2
42 47 -4
42 48 4
43 45 -4
43 46 4
43 47 -1
43 48 -2
44 45 1
44 46 2
44 47 4
44 48 2
49 53 1
49 54 4
49 55 -1
49 56 1
50 53 4
50 54 2
50 55 -2
50 56 2
51 53 1
51 54 -2
51 55 -4
51 56 -2
52 53 -1
52 54 -2
52 55 -4
52 56 -4
57 61 2
57 62 -4
57 63 -4
57 64 2
58 61 -4
58 62 -1
58 63 2
58 64 -2
59 61 -2
59 62 -2
59 63 -4
59 64 1
60 61 1
60 62 -2
60 63 2
60 64 2
65 69 2
65 70 -4
65 71 -4
65 72 1
66 69 -1
66 70 1
66 71 4
66 72 -1
67 69 -1
67 70 -2
67 71 -2
67 72 2
68 69 2
68 70 4
68 71 4
68 72 -2
73 77 2
73 78 -4
73 79 -1
73 80 1
74 77 2
74 78 1
74 79 -2
74 80 1
75 77 1
75 78 1
75 79 -4
75 80 -4
76 77 -1
76 78 1
76 79 1
76 80 4
81 85 -1
81 86 1
81 87 1
81 88 -2
82 85 4
82 86 -2
82 87 -1
82 88 -1
83 85 -1
83 86 -2
83 87 2
83 88 -1
84 85 -2
84 86 2
84 87 -2
84 88 2
89 93 -1
89 94 -2
89 95 2
89 96 -4
90 93 -4
90 94 1
90 95 1
90 96 -2
91 93 1
91 94 -2
91 95 1
91 96 -2
92 93 2
92 94 -1
92 95 4
92 96 2
97 101 1
97 102 -2
97 103 -2
97 104 -2
98 101 1
98 102 -2
98 103 -1
98 104 4
99 101 1
99 102 -2
99 103 -4
99 104 1
100 101 1
100 102 1
100 103 2
100 104 -2
105 109 -1
105 110 4
105 111 4
105 112 2
106 109 -4
106 110 1
106 111 -2
106 112 4
107 109 4
107 110 -2
107 111 2
107 112 -4
108 109 4
108 110 -2
108 111 -4
108 112 -1
113 117 -2
113 118 -4
113 119 -2
113 120 2
114 117 -4
114 118 -4
114 119 -2
114 120 1
115 117 -2
115 118 -1
115 119 -2
115 120 -1
116 117 -2
116 118 -1
116 119 -4
116 120 2
121 125 2
121 126 1
121 127 -4
121 128 -2
122 125 -4
122 126 1
122 127 1
122 128 -2
123 125 4
123 126 -1
123 127 2
123 128 -1
124 125 1
124 126 2
124 127 2
124 128 1
129 133 1
129 134 1
129 135 4
129 136 -1
130 133 2
130 134 -2
130 135 1
130 136 4
131 133 2
131 134 1
131 135 -2
131 136 4
132 133 -4
132 134 2
132 135 4
132 136 4
137 141 1
137 142 2
137 143 2
137 144 -1
138 141 -2
138 142 2
138 143 -1
138 144 2
139 141 1
139 142 -1
139 143 4
139 144 1
140 141 -2
140 142 -4
140 143 4
140 144 -4
145 149 -2
145 150 2
145 151 -4
145 152 4
146 149 -2
146 150 -4
146 151 4
146 152 -2
147 149 -4
147 150 -2
147 151 -1
147 152 -2
148 149 -1
148 150 -2
148 151 1
148 152 -2
153 157 -4
153 158 1
153 159 2
153 160 4
154 157 1
154 158 -4
154 159 2
154 160 -1
155 157 2
155 158 1
155 159 2
155 160 -4
156 157 -4
156 158 -4
156 159 1
156 160 2
161 165 -1
161 166 -4
161 167 2
161 168 2
162 165 2
162 166 -4
162 167 -1
162 168 -1
163 165 -2
163 166 -1
163 167 -2
163 168 -1
164 165 1
164 166 -4
164 167 -2
164 168 -4
169 173 2
169 174 2
169 175 -1
169 176 1
170 173 1
170 174 4
170 175 4
170 176 4
171 173 1
171 174 -1
171 175 -2
171 176 -2
172 173 -2
172 174 -1
172 175 -1
172 176 4
177 181 -1
177 182 -1
177 183 -1
177 184 -2
178 181 1
178 182 -4
178 183 -4
178 184 -1
179 181 4
179 182 1
179 183 -2
179 184 -4
180 181 2
180 182 -1
180 183 -2
180 184 4
185 189 -2
185 190 1
185 191 -1
185 192 -1
186 189 -4
186 190 -4
186 191 -4
186 192 -1
187 189 -1
187 190 -1
187 191 -1
187 192 4
188 189 2
188 190 -2
188 191 -4
188 192 -4
193 197 4
193 198 2
193 199 -1
193 200 2
194 197 -4
194 198 2
194 199 -2
194 200 -4
195 197 -1
195 198 -1
195 199 -2
195 200 -1
196 197 1
196 198 4
196 199 1
196 200 4
201 205 -2
201 206 -2
201 207 -1
201 208 2
202 205 1
202 206 -1
202 207 4
202 208 2
203 205 1
203 206 4
203 207 -1
203 208 4
204 205 2
204 206 1
204 207 -4
204 208 -1
209 213 -4
209 214 -4
209 215 1
209 216 1
210 213 -1
210 214 1
210 215 -2
210 216 1
211 213 1
211 214 2
211 215 -2
211 216 -4
212 213 1
212 214 -4
212 215 2
212 216 -2
217 221 1
217 222 4
217 223 4
217 224 1
218 221 -4
218 222 -4
218 223 -1
218 224 -2
219 221 4
219 222 4
219 223 4
219 224 -2
220 221 -2
220 222 -2
220 223 2
220 224 2
225 229 -2
225 230 1
225 231 -2
225 232 4
226 229 -2
226 230 1
226 231 -1
226 232 -4
227 229 1
227 230 -1
227 231 -4
227 232 1
228 229 4
228 230 -1
228 231 -2
228 232 -4
233 237 -2
233 238 -2
233 239 -1
233 240 1
234 237 1
234 238 -1
234 239 -4
234 240 2
235 237 2
235 238 2
235 239 -1
235 240 4
236 237 -2
236 238 -1
236 239 1
236 240 -2
241 245 -2
241 246 -1
241 247 1
241 248 -2
242 245 1
242 246 4
242 247 2
242 248 4
243 245 4
243 246 -4
243 247 1
243 248 -1
244 245 -4
244 246 1
244 247 -2
244 248 -1
249 253 -4
249 254 1
249 255 -1
249 256 2
250 253 -4
250 254 4
250 255 -1
250 256 4
251 253 2
251 254 4
251 255 1
251 256 -2
252 253 1
252 254 1
252 255 -1
252 256 -1
257 261 1
257 262 2
257 263 -4
257 264 4
258 261 2
258 262 4
258 263 2
258 264 4
259 261 1
259 262 -4
259 263 2
259 264 -1
260 261 1
260 262 -2
260 263 4
260 264 -1
265 269 1
265 270 4
265 271 -1
265 272 2
266 269 -2
266 270 -4
266 271 -4
266 272 -4
267 269 4
267 270 -2
267 271 1
267 272 4
268 269 2
268 270 1
268 271 1
268 272 -2
273 277 -2
273 278 -4
273 279 2
273 280 -4
274 277 -4
274 278 4
274 279 4
274 280 -2
275 277 2
275 278 -4
275 279 -1
275 280 2
276 277 4
276 278 2
276 279 -1
276 280 2
281 285 4
281 286 2
281 287 -4
281 288 -4
282 285 4
282 286 -4
282 287 -4
282 288 2
283 285 -1
283 286 -1
283 287 -2
283 288 -1
284 285 4
284 286 -1
284 287 -4
284 288 4
289 293 1
289 294 -4
289 295 -2
289 296 2
290 293 4
290 294 -2
290 295 2
290 296 1
291 293 2
291 294 4
291 295 -2
291 296 -2
292 293 1
292 294 -1
292 295 -2
292 296 1
297 301 -2
297 302 -1
297 303 -2
297 304 1
298 301 -1
298 302 -2
298 303 -1
298 304 4
299 301 1
299 302 -1
299 303 -2
299 304 -2
300 301 4
300 302 2
300 303 -4
300 304 4
305 309 -1
305 310 -2
305 311 -4
305 312 2
306 309 4
306 310 4
306 311 -4
306 312 2
307 309 -2
307 310 -1
307 311 -2
307 312 -2
308 309 2
308 310 -4
308 311 4
308 312 1
313 317 4
313 318 2
313 319 4
313 320 -4
314 317 2
314 318 2
314 319 -2
314 320 1
315 317 1
315 318 -1
315 319 -2
315 320 -4
316 317 -4
316 318 -2
316 319 -2
316 320 -2
321 325 2
321 326 1
321 327 -2
321 328 -4
322 325 2
322 326 4
322 327 -1
322 328 1
323 325 4
323 326 -4
323 327 -1
323 328 1
324 325 2
324 326 1
324 327 1
324 328 -2
329 333 -4
329 334 1
329 335 4
329 336 -2
330 333 -1
330 334 2
330 335 1
330 336 -2
331 333 -4
331 334 -4
331 335 -1
331 336 4
332 333 -4
332 334 1
332 335 -1
332 336 -4
337 341 2
337 342 1
337 343 -1
337 344 4
338 341 4
338 342 -4
338 343 -2
338 344 -4
339 341 -1
339 342 -2
339 343 4
339 344 -4
340 341 -2
340 342 4
340 343 -2
340 344 4
345 349 -2
345 350 1
345 351 -4
345 352 -1
346 349 2
346 350 -4
346 351 -2
346 352 2
347 349 4
347 350 -4
347 351 -2
347 352 4
348 349 -2
348 350 2
348 351 -1
348 352 -4
353 357 1
353 358 4
353 359 4
353 360 1
354 357 1
354 358 1
354 359 4
354 360 -2
355 357 -4
355 358 4
355 359 4
355 360 -1
356 357 2
356 358 4
356 359 2
356 360 -1
361 365 -2
361 366 4
361 367 4
361 368 -4
362 365 -1
362 366 -4
362 367 1
362 368 -2
363 365 -2
363 366 2
363 367 -2
363 368 4
364 365 -2
364 366 -4
364 367 -1
364 368 -1
369 373 1
369 374 -4
369 375 4
369 376 -2
370 373 4
370 374 -4
370 375 1
370 376 1
371 373 2
371 374 1
371 375 -1
371 376 -4
372 373 -2
372 374 2
372 375 4
372 376 -4
377 381 2
377 382 2
377 383 2
377 384 2
378 381 -2
378 382 1
378 383 4
378 384 2
379 381 -1
379 382 4
379 383 -4
379 384 -2
380 381 -4
380 382 1
380 383 -2
380 384 -2
385 389 -1
385 390 -2
385 391 1
385 392 4
386 389 -2
386 390 -2
386 391 -1
386 392 -1
387 389 -1
387 390 1
387 391 2
387 392 1
388 389 4
388 390 -2
388 391 4
388 392 1
393 397 -4
393 398 2
393 399 4
393 400 2
394 397 4
394 398 2
394 399 -4
394 400 2
395 397 -2
395 398 -4
395 399 4
395 400 -4
396 397 2
396 398 4
396 399 -4
396 400 -1
401 405 -4
401 406 -4
401 407 -2
401 408 4
402 405 1
402 406 -1
402 407 4
402 408 -4
403 405 -1
403 406 4
403 407 2
403 408 1
404 405 1
404 406 -2
404 407 1
404 408 -4
409 413 -4
409 414 2
409 415 -2
409 416 -1
410 413 -1
410 414 1
410 415 -2
410 416 -1
411 413 2
411 414 -1
411 415 -4
411 416 2
412 413 -4
412 414 -4
412 415 1
412 416 -4
417 421 -4
417 422 -4
417 423 1
417 424 -4
418 421 -4
418 422 2
418 423 4
418 424 -4
419 421 2
419 422 -2
419 423 1
419 424 -2
420 421 4
420 422 4
420 423 2
420 424 1
425 429 -2
425 430 1
425 431 4
425 432 2
426 429 2
426 430 4
426 431 -4
426 432 1
427 429 -1
427 430 2
427 431 -1
427 432 -2
428 429 4
428 430 1
428 431 -2
428 432 1
433 437 1
433 438 -2
433 439 -2
433 440 -1
434 437 -1
434 438 1
434 439 4
434 440 4
435 437 -2
435 438 2
435 439 -1
435 440 -1
436 437 -2
436 438 -2
436 439 -2
436 440 -2
441 445 4
441 446 4
441 447 4
441 448 -2
442 445 -1
442 446 -2
442 447 -2
442 448 -4
443 445 -1
443 446 1
443 447 -1
443 448 -2
444 445 2
444 446 -1
444 447 1
444 448 4
449 453 -4
449 454 -2
449 455 1
449 456 4
450 453 1
450 454 -2
450 455 2
450 456 -4
451 453 -1
451 454 -1
451 455 4
451 456 -2
452 453 2
452 454 -1
452 455 -1
452 456 -4
457 461 -1
457 462 -2
457 463 4
457 464 4
458 461 -4
458 462 -4
458 463 -1
458 464 1
459 461 -4
459 462 -1
459 463 1
459 464 2
460 461 -1
460 462 2
460 463 -2
460 464 -2
465 469 -4
465 470 1
465 471 -2
465 472 -4
466 469 2
466 470 1
466 471 -1
466 472 -1
467 469 -4
467 470 -2
467 471 2
467 472 -2
468 469 -4
468 470 2
468 471 1
468 472 1
473 477 2
473 478 1
473 479 -1
473 480 1
474 477 1
474 478 -4
474 479 4
474 480 -4
475 477 -2
475 478 1
475 479 -4
475 480 -1
476 477 4
476 478 -1
476 479 -2
476 480 2
481 485 2
481 486 -2
481 487 2
481 488 -1
482 485 1
482 486 2
482 487 -1
482 488 -1
483 485 2
483 486 -4
483 487 2
483 488 4
484 485 -1
484 486 4
484 487 -4
484 488 2
489 493 4
489 494 -1
489 495 2
489 496 -2
490 493 -1
490 494 -1
490 495 -2
490 496 -1
491 493 -4
491 494 -1
491 495 -4
491 496 2
492 493 2
492 494 -1
492 495 1
492 496 2
497 501 -2
497 502 -2
497 503 4
497 504 1
498 501 -2
498 502 2
498 503 -4
498 504 2
499 501 1
499 502 -2
499 503 -1
499 504 -2
500 501 2
500 502 2
500 503 -4
500 504 -4
505 509 -1
505 510 1
505 511 2
505 512 -2
506 509 -1
506 510 -1
506 511 1
506 512 2
507 509 -1
507 510 -1
507 511 1
507 512 1
508 509 -4
508 510 -1
508 511 2
508 512 -2
5 13 -2
6 14 1
7 15 -2
8 16 2
13 21 -4
14 22 4
15 23 2
16 24 1
21 29 -4
22 30 -1
23 31 -2
24 32 4
29 37 -4
30 38 -1
31 39 -2
32 40 4
37 45 -4
38 46 1
39 47 1
40 48 -2
45 53 4
46 54 -1
47 55 1
48 56 1
53 61 -2
54 62 4
55 63 -1
56 64 4
69 77 -1
70 78 -1
71 79 -1
72 80 4
77 85 -2
78 86 2
79 87 -2
80 88 -2
85 93 -1
86 94 2
87 95 2
88 96 -1
93 101 2
94 102 4
95 103 -2
96 104 1
101 109 -4
102 110 -4
103 111 1
104 112 1
109 117 -1
110 118 1
111 119 1
112 120 -2
117 125 1
118 126 -4
119 127 1
120 128 -2
133 141 -4
134 142 1
135 143 2
136 144 4
141 149 1
142 150 -2
143 151 -1
144 152 -1
149 157 -2
150 158 -1
151 159 -4
152 160 1
157 165 -1
158 166 2
159 167 2
160 168 -1
165 173 2
166 174 1
167 175 2
168 176 -1
173 181 -2
174 182 1
175 183 1
176 184 2
181 189 -2
182 190 2
183 191 -2
184 192 4
197 205 4
198 206 -2
199 207 -4
200 208 4
205 213 1
206 214 2
207 215 -4
208 216 -1
213 221 4
214 222 -2
215 223 2
216 224 -1
221 229 -1
222 230 4
223 231 -2
224 232 1
229 237 -4
230 238 2
231 239 -2
232 240 1
237 245 2
238 246 1
239 247 1
240 248 4
245 253 -1
246 254 -2
247 255 4
248 256 -2
261 269 1
262 270 -2
263 271 -1
264 272 4
269 277 2
270 278 4
271 279 -4
272 280 2
277 285 -1
278 286 1
279 287 2
280 288 -4
285 293 -1
286 294 1
287 295 2
288 296 4
293 301 -2
294 302 1
295 303 4
296 304 4
301 309 -2
302 310 2
303 311 -2
304 312 2
309 317 4
310 318 1
311 319 -2
312 320 -2
325 333 1
326 334 -4
327 335 2
328 336 2
333 341 1
334 342 -2
335 343 1
336 344 4
341 349 1
342 350 2
343 351 -1
344 352 4
349 357 1
350 358 -4
351 359 1
352 360 -4
357 365 -2
358 366 -4
359 367 4
360 368 2
365 373 1
366 374 -1
367 375 1
368 376 -4
373 381 4
374 382 4
375 383 4
376 384 2
389 397 -2
390 398 1
391 399 -4
392 400 -4
397 405 -4
398 406 4
399 407 -4
400 408 -4
405 413 -4
406 414 -2
407 415 -4
408 416 -2
413 421 -1
414 422 -4
415 423 2
416 424 -4
421 429 1
422 430 -1
423 431 -1
424 432 -2
429 437 -4
430 438 -2
431 439 4
432 440 -1
437 445 -2
438 446 -1
439 447 -1
440 448 4
453 461 1
454 462 2
455 463 -2
456 464 2
461 469 -1
462 470 1
463 471 4
464 472 1
469 477 -2
470 478 1
471 479 1
472 480 -1
477 485 -4
478 486 2
479 487 2
480 488 1
485 493 4
486 494 2
487 495 -2
488 496 -2
493 501 -2
494 502 4
495 503 -4
496 504 -4
501 509 1
502 510 1
503 511 -1
504 512 1
1 65 1
2 66 1
3 67 -4
4 68 -1
65 129 -2
66 130 4
67 131 -2
68 132 4
129 193 -4
130 194 -2
131 195 -4
132 196 -4
193 257 4
194 258 -1
195 259 -1
196 260 -1
257 321 2
258 322 -4
259 323 1
260 324 -1
321 385 -1
322 386 2
323 387 2
324 388 -2
385 449 -1
386 450 -1
387 451 4
388 452 -1
9 73 -4
10 74 4
11 75 2
12 76 -1
73 137 1
74 138 -4
75 139 2
76 140 -4
137 201 2
138 202 4
139 203 -2
140 204 -1
201 265 1
202 266 -4
203 267 -1
204 268 -4
265 329 2
266 330 4
267 331 -4
268 332 -2
329 393 1
330 394 2
331 395 -1
332 396 -4
393 457 2
394 458 -1
395 459 -4
396 460 -4
17 81 4
18 82 2
19 83 -2
20 84 -4
81 145 4
82 146 4
83 147 -4
84 148 4
145 209 2
146 210 -4
147 211 -4
148 212 -4
209 273 -1
210 274 4
211 275 1
212 276 2
273 337 -2
274 338 4
275 339 2
276 340 -2
337 401 1
338 402 -4
339 403 -2
340 404 -1
401 465 2
402 466 -4
403 467 -4
404 468 1
25 89 2
26 90 2
27 91 1
28 92 2
89 153 -4
90 154 1
91 155 2
92 156 4
153 217 2
154 218 -4
155 219 -4
156 220 -1
217 281 2
218 282 2
219 283 4
220 284 4
281 345 4
282 346 1
283 347 2
284 348 -2
345 409 4
346 410 4
347 411 -2
348 412 1
409 473 -1
410 474 -1
411 475 -1
412 476 2
33 97 4
34 98 2
35 99 -2
36 100 -1
97 161 -4
98 162 -1
99 163 2
100 164 -2
161 225 -1
162 226 2
163 227 -4
164 228 -1
225 289 1
226 290 1
227 291 4
228 292 1
289 353 -2
290 354 -2
291 355 -1
292 356 -4
353 417 1
354 418 -2
355 419 -2
356 420 -2
417 481 -2
418 482 2
419 483 -2
420 484 1
41 105 -4
42 106 1
43 107 1
44 108 -2
105 169 4
106 170 -4
107 171 4
108 172 -2
169 233 -1
170 234 -2
171 235 2
172 236 -2
233 297 2
234 298 -1
235 299 2
236 300 2
297 361 -2
298 362 -2
299 363 -1
300 364 -4
361 425 -4
362 426 -4
363 427 2
364 428 1
425 489 -2
426 490 4
427 491 2
428 492 -1
49 113 -4
50 114 4
51 115 4
52 116 2
113 177 -4
114 178 4
115 179 4
116 180 -2
177 241 2
178 242 4
179 243 4
180 244 -1
241 305 -4
242 306 2
243 307 -1
244 308 2
305 369 1
306 370 2
307 371 4
308 372 -4
369 433 1
370 434 -2
371 435 -4
372 436 -1
433 497 -4
434 498 4
435 499 -4
436 500 2
57 121 -1
58 122 -4
59 123 1
60 124 -2
121 185 1
122 186 -4
123 187 2
124 188 -4
185 249 -2
186 250 -1
187 251 -4
188 252 -1
249 313 -1
250 314 2
251 315 -2
252 316 4
313 377 2
314 378 2
315 379 -1
316 380 1
377 441 2
378 442 2
379 443 -2
380 444 -4
441 505 1
442 506 -1
443 507 -2
444 508 -2
